1492573048134 ACCELEROMETER -0.69085693 3.2534943 8.636185

1492573048159 GYROSCOPE 0.3638153 -0.44033813 -0.86105347

1492573048160 MAGNETIC_FIELD -6.272888 -21.406555 -40.419006

1492573048233 GRAVITY -0.5794638 3.338033 9.202833

1492573048233 LINEAR_ACCELERATION -0.45631278 -0.00689888 0.0029315948

1492573048236 ROTATION_VECTOR 0.118691094 -0.12922269 -0.828276

1492573048329 ACCELEROMETER -0.9254303 3.6488342 8.454742

1492573048361 GYROSCOPE -0.14068604 -0.4190216 -0.46678162

1492573048362 MAGNETIC_FIELD -5.519104 -21.632385 -38.305664

1492573048433 GRAVITY -0.59935796 3.6397681 9.086432

1492573048433 LINEAR_ACCELERATION -0.93543136 0.08547497 -0.6658306

1492573048436 ROTATION_VECTOR 0.12139796 -0.14826813 -0.8503291

1492573048575 ACCELEROMETER -0.22038269 3.2025146 8.766113

1492573048576 GYROSCOPE -0.35968018 -0.09094238 0.23252869

1492573048577 MAGNETIC_FIELD -7.533264 -20.030212 -41.35132

1492573048632 GRAVITY -0.28434247 3.4507163 9.17508

1492573048633 LINEAR_ACCELERATION -0.0031109154 0.5343933 0.13963223

1492573048637 ROTATION_VECTOR 0.102901444 -0.14701158 -0.84955657

1492573048772 ACCELEROMETER 1.0810242 2.3128357 9.359482

1492573048772 GYROSCOPE 0.010055542 -0.2536621 0.5171509

1492573048773 MAGNETIC_FIELD -11.289978 -18.392944 -41.97693

1492573048832 GRAVITY 1.0191711 2.8531063 9.3269205

1492573048833 LINEAR_ACCELERATION 1.0844268 -0.26488805 1.5151587

1492573048836 ROTATION_VECTOR 0.037892736 -0.15173498 -0.8219161

1492573048966 ACCELEROMETER 0.92160034 2.4306488 9.565292

1492573048967 GYROSCOPE 0.24291992 0.04525757 -0.055648804

1492573048968 MAGNETIC_FIELD -13.630676 -19.706726 -40.914917

1492573049032 GRAVITY 0.66532403 3.202973 9.244927

1492573049033 LINEAR_ACCELERATION 0.031710505 -0.501621 -0.755455

1492573049036 ROTATION_VECTOR 0.056659788 -0.15946637 -0.8421769

1492573049162 ACCELEROMETER 0.052383423 2.260376 7.987808

1492573049163 GYROSCOPE 0.08592224 0.46121216 -0.3968811

1492573049164 MAGNETIC_FIELD -7.659912 -22.511292 -40.179443

1492573049232 GRAVITY -0.2909438 3.3069892 9.227653

1492573049233 LINEAR_ACCELERATION -0.46464816 -1.5034931 -0.5293617

1492573049236 ROTATION_VECTOR 0.09188386 -0.14518279 -0.8753931

1492573049357 ACCELEROMETER -0.59407043 3.0244598 7.9422455

1492573049358 GYROSCOPE 0.3971405 -0.16868591 -0.3484192

1492573049359 MAGNETIC_FIELD -6.5979004 -25.054932 -38.676453

1492573049432 GRAVITY -0.24899982 3.9096322 8.9901705

1492573049433 LINEAR_ACCELERATION -1.2726363 -0.08542061 -1.1014633

1492573049436 ROTATION_VECTOR 0.09431854 -0.18092236 -0.8950927

1492573049553 ACCELEROMETER -0.68174744 4.355072 9.553192

1492573049554 GYROSCOPE -0.15441895 -0.08560181 -0.11213684

1492573049554 MAGNETIC_FIELD -4.685974 -26.123047 -38.056946

1492573049632 GRAVITY -0.29141095 3.6540685 9.095782

1492573049633 LINEAR_ACCELERATION 1.1063825 1.2280111 1.96241

1492573049636 ROTATION_VECTOR 0.089974076 -0.1677762 -0.899302

1492573049748 ACCELEROMETER 1.1273804 4.180008 10.419998

1492573049749 GYROSCOPE -0.084503174 -0.052597046 0.080078125

1492573049750 MAGNETIC_FIELD -6.114197 -24.378967 -39.045715

1492573049832 GRAVITY -0.03430008 3.5422568 9.144486

1492573049833 LINEAR_ACCELERATION 1.2409514 1.1887515 -0.6193304

1492573049836 ROTATION_VECTOR 0.075324416 -0.16759236 -0.9004398

1492573049944 ACCELEROMETER 0.675354 3.79982 7.704941

1492573049945 GYROSCOPE 0.19699097 -0.17729187 0.017654419

1492573049945 MAGNETIC_FIELD -6.6604614 -25.794983 -38.156128

1492573050032 GRAVITY 0.35466665 3.90345 8.989309

1492573050033 LINEAR_ACCELERATION 0.4534302 -0.2322216 -1.3977509

1492573050036 ROTATION_VECTOR 0.06250916 -0.19433323 -0.9009704

1492573050139 ACCELEROMETER 1.0167847 3.7755737 6.8565063

1492573050140 GYROSCOPE 0.26579285 -0.16700745 0.1325531

1492573050140 MAGNETIC_FIELD -9.503174 -27.767944 -35.9787

1492573050233 GRAVITY 0.809066 4.440283 8.706302

1492573050233 LINEAR_ACCELERATION 0.8951025 0.24141645 -1.3831234

1492573050236 ROTATION_VECTOR 0.05389584 -0.23064561 -0.89110535

1492573050334 ACCELEROMETER 1.6987915 4.3022003 9.847626

1492573050335 GYROSCOPE -0.105407715 -0.2002716 -0.107925415

1492573050336 MAGNETIC_FIELD -10.496521 -28.598022 -33.815002

1492573050433 GRAVITY 1.1217855 4.343928 8.7202215

1492573050433 LINEAR_ACCELERATION 1.5982224 0.97731686 1.0784559

1492573050436 ROTATION_VECTOR 0.028309328 -0.23364717 -0.9049743

1492573050529 ACCELEROMETER 1.0177917 3.8393555 9.438751

1492573050530 GYROSCOPE -0.3357849 -0.119766235 -0.21490479

1492573050531 MAGNETIC_FIELD -7.598877 -26.823425 -37.020874

1492573050633 GRAVITY 1.1580794 3.6072571 9.045272

1492573050634 LINEAR_ACCELERATION -0.2614385 0.3400631 0.92595005

1492573050637 ROTATION_VECTOR 0.0046477057 -0.19697183 -0.92614317

1492573050730 ACCELEROMETER 1.2775116 2.9625854 6.8308716

1492573050732 GYROSCOPE 0.3631134 -0.5054474 -0.5714874

1492573050733 MAGNETIC_FIELD -6.7840576 -28.736877 -36.39984

1492573050835 GRAVITY 1.5156674 4.2424216 8.710626

1492573050838 LINEAR_ACCELERATION -0.3996209 -1.4962797 -2.224782

1492573050848 ROTATION_VECTOR -0.017829405 -0.23571977 -0.9370649

1492573051001 ACCELEROMETER 0.85113525 3.7632446 8.667328

1492573051005 GYROSCOPE -0.54776 -0.556839 -0.8328705

1492573051008 MAGNETIC_FIELD -5.2749634 -28.321838 -36.032104

1492573051040 GRAVITY 1.6856791 3.9249198 8.82745

1492573051044 LINEAR_ACCELERATION -1.0082409 0.5984175 -0.6902876

1492573051046 ROTATION_VECTOR -0.05528916 -0.21649115 -0.9629393

1492573051240 ACCELEROMETER 3.2723389 4.579895 11.228851

1492573051244 GYROSCOPE -0.40097046 -0.41438293 0.34698486

1492573051247 GRAVITY 2.5713356 2.8670201 9.018804

1492573051249 LINEAR_ACCELERATION 0.7889204 1.7876625 2.7067347

1492573051251 MAGNETIC_FIELD -7.3638916 -21.510315 -42.460632

1492573051269 ROTATION_VECTOR -0.108735256 -0.16836165 -0.96756274

1492573051427 ACCELEROMETER 1.8632202 3.796692 7.8461456

1492573051433 GYROSCOPE 0.26568604 0.37358093 0.27435303

1492573051435 MAGNETIC_FIELD -7.923889 -22.895813 -40.68451

1492573051438 GRAVITY 2.318603 3.0825865 9.016214

1492573051440 LINEAR_ACCELERATION -0.77304864 0.71578145 -1.1504622

1492573051443 ROTATION_VECTOR -0.08914218 -0.17987403 -0.96296614

1492573051617 ACCELEROMETER 1.9641724 3.5462036 6.8882294

1492573051618 GYROSCOPE 0.54299927 0.16395569 0.48202515

1492573051620 MAGNETIC_FIELD -7.3120117 -27.253723 -38.412476

1492573051634 GRAVITY 2.1085536 3.9342618 8.7318945

1492573051635 LINEAR_ACCELERATION -0.21799326 -0.16797018 -2.3672247

1492573051637 ROTATION_VECTOR -0.06531736 -0.2247909 -0.9510171

1492573051819 ACCELEROMETER 3.4592896 4.3798676 10.23584

1492573051825 GYROSCOPE -0.070617676 0.11991882 0.074661255

1492573051831 MAGNETIC_FIELD -7.4920654 -29.005432 -36.180115

1492573051836 GRAVITY 2.1730165 4.1094804 8.634846

1492573051841 LINEAR_ACCELERATION 1.86322 0.9867344 1.2863979

1492573051850 ROTATION_VECTOR -0.065934725 -0.23536783 -0.9476979

1492573052014 ACCELEROMETER 2.3030548 3.4630737 9.227066

1492573052020 GYROSCOPE 0.0071411133 0.07891846 -0.015350342

1492573052029 MAGNETIC_FIELD -6.3323975 -29.0802 -37.712097

1492573052036 GRAVITY 1.9373716 3.8157082 8.823681

1492573052042 LINEAR_ACCELERATION 0.030323386 -0.25507975 -0.397089

1492573052050 ROTATION_VECTOR -0.06479281 -0.21428804 -0.9595301

1492573052212 ACCELEROMETER 1.8688965 3.3854065 6.6748047

1492573052216 GYROSCOPE 0.38934326 -0.54855347 -0.53544617

1492573052219 MAGNETIC_FIELD -5.9570313 -31.471252 -34.64508

1492573052239 GRAVITY 2.265316 4.43201 8.449616

1492573052242 LINEAR_ACCELERATION -0.40712285 -1.120513 -1.8729382

1492573052246 ROTATION_VECTOR -0.09153725 -0.24659765 -0.958181

1492573052406 ACCELEROMETER 3.394287 4.714569 7.45665

1492573052414 GYROSCOPE -0.16618347 -1.7225952 -1.1650848

1492573052417 MAGNETIC_FIELD -4.7561646 -30.947876 -36.325073

1492573052436 GRAVITY 3.0275006 4.7383447 8.034471

1492573052445 LINEAR_ACCELERATION 0.55512977 0.25703907 0.13571262

1492573052447 ROTATION_VECTOR 0.16936204 0.24833952 0.9533243

1492573052594 ACCELEROMETER 5.652054 7.147827 6.4888306

1492573052594 GYROSCOPE 1.2270508 -3.5889282 -0.22775269

1492573052595 MAGNETIC_FIELD -18.424988 -36.645508 -29.016113

1492573052633 GRAVITY 5.8182893 5.808631 5.345812

1492573052634 LINEAR_ACCELERATION 0.4738145 1.0795355 0.074887276

1492573052637 ROTATION_VECTOR 0.40006164 0.2595961 0.85983217

1492573052790 ACCELEROMETER 0.48240662 3.8600311 -0.26254272

1492573052791 GYROSCOPE 4.6188354 -2.9463348 2.352417

1492573052791 MAGNETIC_FIELD -33.216858 -25.946045 23.135376

1492573052839 GRAVITY 7.1607313 4.8967805 -4.5733857

1492573052842 LINEAR_ACCELERATION -5.068675 0.89591503 6.8685164

1492573052851 ROTATION_VECTOR -0.6992453 -0.4942002 -0.5164867

1492573052991 ACCELEROMETER 3.6912994 2.6998138 0.90330505

1492573052996 GYROSCOPE 0.12832642 4.53804 -0.87519836

1492573052999 MAGNETIC_FIELD -46.098328 -15.765381 4.248047

1492573053036 GRAVITY 8.3798 -0.05641687 -5.0937366

1492573053045 LINEAR_ACCELERATION -7.847092 4.8788147 4.226098

1492573053051 ROTATION_VECTOR -0.67217094 -0.55488247 -0.37591997

1492573053184 ACCELEROMETER 7.570389 -0.9241028 6.1915436

1492573053187 GYROSCOPE -1.4956512 3.158554 -1.7926483

1492573053192 MAGNETIC_FIELD -19.567871 -19.92035 -32.765198

1492573053233 GRAVITY 4.1490364 4.0917745 7.887539

1492573053234 LINEAR_ACCELERATION 11.683955 -2.6813917 -6.433335

1492573053237 ROTATION_VECTOR -0.12126725 -0.28834304 -0.8769563

1492573053381 ACCELEROMETER 15.393326 -0.87301636 9.502304

1492573053386 GYROSCOPE -0.6752014 -0.99194336 -1.1466064

1492573053390 MAGNETIC_FIELD -37.138367 -16.664124 -26.504517

1492573053433 GRAVITY 7.5243483 1.3418127 6.144437

1492573053434 LINEAR_ACCELERATION 12.650664 -1.8903227 13.744419

1492573053437 ROTATION_VECTOR -0.38935426 -0.18741445 -0.86863106

1492573053571 ACCELEROMETER 5.457443 -2.2972412 12.701935

1492573053572 GYROSCOPE -2.045639 3.2124481 -1.670227

1492573053573 MAGNETIC_FIELD -9.907532 -18.127441 -41.95862

1492573053635 GRAVITY 4.055409 2.2698627 8.635495

1492573053641 LINEAR_ACCELERATION 1.6606271 -5.821739 -8.33902

1492573053644 ROTATION_VECTOR -0.21316147 -0.11947589 -0.9696842

1492573053770 ACCELEROMETER -0.2301178 -3.8261719 9.360489

1492573053773 GYROSCOPE -1.1503906 0.7202606 -0.66607666

1492573053776 MAGNETIC_FIELD 2.9510498 -9.635925 -46.62323

1492573053835 GRAVITY -0.21874206 -0.19059193 9.802358

1492573053840 LINEAR_ACCELERATION -0.53577197 1.996973 -0.939744

1492573053843 ROTATION_VECTOR -0.013957483 -0.0049040485 0.92898774

1492573053965 ACCELEROMETER 0.41960144 -2.3435059 10.4027405

1492573053970 GYROSCOPE -0.3717041 -0.007446289 -0.1091156

1492573053973 MAGNETIC_FIELD 2.6947021 -3.5690308 -48.15979

1492573054035 GRAVITY -0.8086129 -2.647854 9.407731

1492573054044 LINEAR_ACCELERATION -1.466948 -1.1297951 0.6503153

1492573054046 ROTATION_VECTOR -0.084810436 -0.1146578 0.9329606

1492573054162 ACCELEROMETER 0.8522644 -1.6166534 9.878235

1492573054165 GYROSCOPE -0.04133606 -0.0546875 0.070632935

1492573054169 MAGNETIC_FIELD 2.546692 -4.231262 -49.116516

1492573054236 GRAVITY -0.5622352 -2.597539 9.439654

1492573054242 LINEAR_ACCELERATION 0.70912683 0.4344411 1.2396078

1492573054245 ROTATION_VECTOR -0.07069048 -0.11710869 0.9371738

1492573054366 ACCELEROMETER 0.9440613 -2.0743103 9.430023

1492573054384 GYROSCOPE -0.02722168 0.22451782 -0.106918335

1492573054387 MAGNETIC_FIELD 3.1555176 -3.691101 -50.328064

1492573054433 GRAVITY -0.5555608 -2.57228 9.446963

1492573054437 LINEAR_ACCELERATION 1.8711716 0.4598117 -0.27765083

1492573054440 ROTATION_VECTOR -0.077275306 -0.11340549 0.9429446

