1492573006021 ACCELEROMETER -5.6160736 5.4559937 3.893692

1492573006046 GYROSCOPE 0.20544434 1.054779 -0.19819641

1492573006047 MAGNETIC_FIELD 46.295166 -10.07843 -17.433167

1492573006120 GRAVITY -5.9085793 7.0239716 3.4529552

1492573006121 LINEAR_ACCELERATION -0.072793484 0.431746 -3.4524543

1492573006122 ROTATION_VECTOR 0.32206416 0.4692792 0.21928374

1492573006216 ACCELEROMETER -10.094116 7.25856 2.233017

1492573006241 GYROSCOPE 1.8288269 2.9344635 0.68995667

1492573006242 MAGNETIC_FIELD 49.794006 -12.715149 3.2333374

1492573006320 GRAVITY -6.769775 5.968777 3.8359144

1492573006321 LINEAR_ACCELERATION -2.2695155 1.7604437 3.5381713

1492573006322 ROTATION_VECTOR 0.1493225 0.531155 0.361675

1492573006462 ACCELEROMETER -3.1204681 4.4637146 -2.8962402

1492573006463 GYROSCOPE -0.34635925 4.4555054 1.7050781

1492573006463 MAGNETIC_FIELD 25.460815 -23.58551 36.47766

1492573006520 GRAVITY -5.2943892 7.4083214 -3.6409616

1492573006520 LINEAR_ACCELERATION -1.5391126 -2.9879775 -0.27784824

1492573006522 ROTATION_VECTOR 0.08482555 0.82367593 0.4203688

1492573006658 ACCELEROMETER 0.37852478 8.351715 -0.6531372

1492573006659 GYROSCOPE -1.4600983 1.8392181 -0.4025116

1492573006659 MAGNETIC_FIELD -0.69122314 -35.94818 32.151794

1492573006720 GRAVITY -0.33577055 9.655185 -1.6837637

1492573006720 LINEAR_ACCELERATION 0.33649644 2.420498 0.80830276

1492573006722 ROTATION_VECTOR 0.17306839 -0.74558395 -0.6315579

1492573006853 ACCELEROMETER -0.03527832 9.181519 -0.5987549

1492573006853 GYROSCOPE -1.6499329 0.6524811 -0.68273926

1492573006854 MAGNETIC_FIELD -0.41351318 -42.83142 21.705627

1492573006920 GRAVITY -1.5093262 9.611032 1.2330447

1492573006920 LINEAR_ACCELERATION -0.43501115 -1.0445518 -1.2270845

1492573006922 ROTATION_VECTOR 0.2379123 -0.6168711 -0.73339677

1492573007048 ACCELEROMETER 1.8978882 7.028137 3.324463

1492573007049 GYROSCOPE -0.5725708 0.44732666 1.4243469

1492573007050 MAGNETIC_FIELD -10.26001 -46.07544 5.9646606

1492573007120 GRAVITY 1.2576953 9.232357 3.0581324

1492573007120 LINEAR_ACCELERATION 3.15206 -1.0966387 9.191826

1492573007122 ROTATION_VECTOR 0.111296065 -0.57592696 -0.76715904

1492573007243 ACCELEROMETER 0.8998108 9.48703 0.54151917

1492573007244 GYROSCOPE 1.8555603 0.9317627 -0.2185669

1492573007245 MAGNETIC_FIELD -11.181641 -43.89801 12.817383

1492573007320 GRAVITY 1.337187 9.637424 -1.2257098

1492573007321 LINEAR_ACCELERATION 1.493737 -0.63921165 4.1942677

1492573007322 ROTATION_VECTOR 0.24860232 -0.707595 -0.5879944

1492573007439 ACCELEROMETER -1.1050568 9.287842 -0.75468445

1492573007440 GYROSCOPE 0.60505676 0.47087097 0.0393219

1492573007440 MAGNETIC_FIELD -16.526794 -41.059875 19.819641

1492573007520 GRAVITY 1.4680504 9.4509 -2.1669588

1492573007520 LINEAR_ACCELERATION -2.1240554 -0.38620472 2.1200209

1492573007522 ROTATION_VECTOR 0.29821965 -0.72218364 -0.53346354

1492573007633 ACCELEROMETER 0.029708862 11.17334 -0.6387634

1492573007634 GYROSCOPE 0.6163635 -0.09925842 -0.15559387

1492573007635 MAGNETIC_FIELD -13.169861 -38.075256 24.337769

1492573007829 ACCELEROMETER -0.30596924 10.675842 -5.391037

1492573007830 GYROSCOPE -0.3523407 -0.97784424 0.4503479

1492573007831 MAGNETIC_FIELD -7.50885 -37.142944 29.118347

1492573007920 GRAVITY 0.8788072 9.320155 -2.921095

1492573007921 LINEAR_ACCELERATION -0.91411024 -2.0224094 -2.7461343

1492573007922 ROTATION_VECTOR 0.20119116 -0.7800362 -0.5573061

1492573008120 GRAVITY 0.98893887 9.303903 -2.937648

1492573008121 LINEAR_ACCELERATION -1.0163109 -0.93327713 0.3855517

1492573008122 ROTATION_VECTOR 0.14653432 -0.7926576 -0.5673044

1492573008135 ACCELEROMETER -0.16877747 7.949539 -3.0817566

1492573008136 GYROSCOPE 0.05555725 -0.6233978 0.29385376

1492573008136 MAGNETIC_FIELD -4.397583 -40.122986 25.915527

1492573008320 GRAVITY 0.98564154 9.224396 -3.1795304

1492573008321 LINEAR_ACCELERATION -1.0464541 -1.3620806 1.1741152

1492573008322 ROTATION_VECTOR 0.11855724 -0.8050187 -0.56282574

1492573008331 ACCELEROMETER 0.035736084 7.830063 -2.0327911

1492573008332 GYROSCOPE 0.047790527 -0.23272705 0.08380127

1492573008332 MAGNETIC_FIELD -3.5995483 -39.01062 26.010132

1492573008525 GRAVITY 1.1887288 9.239456 -3.0642712

1492573008528 LINEAR_ACCELERATION -0.8503567 1.1441765 0.4090612

1492573008529 ROTATION_VECTOR 0.11304718 -0.80215627 -0.5653912

1492573008530 ACCELEROMETER 0.058181763 10.268066 -2.5817719

1492573008533 GYROSCOPE -0.011581421 0.23181152 0.12149048

1492573008534 MAGNETIC_FIELD -6.2194824 -38.868713 24.349976

1492573008725 GRAVITY 2.1135466 9.077547 -3.0498292

1492573008726 LINEAR_ACCELERATION 0.5100088 1.2747803 -0.7408953

1492573008727 ACCELEROMETER 2.4171295 10.823074 -3.8201141

1492573008728 GYROSCOPE 0.23191833 1.1009216 0.30140686

1492573008735 MAGNETIC_FIELD -12.763977 -36.37085 22.613525

1492573008737 ROTATION_VECTOR 0.1601054 -0.7936399 -0.534043

1492573008923 ACCELEROMETER 2.4918976 7.7219696 -2.0335236

1492573008927 GYROSCOPE -0.36688232 0.30870056 -0.18551636

1492573008929 MAGNETIC_FIELD -16.539001 -37.287903 17.137146

1492573008932 GRAVITY 2.3640668 9.196312 -2.451413

1492573008934 LINEAR_ACCELERATION -0.73030734 -1.3200722 0.85982585

1492573008936 ROTATION_VECTOR 0.18624622 -0.7683096 -0.5404864

1492573009129 ACCELEROMETER 1.5250854 7.555786 -0.48294067

1492573009136 GYROSCOPE -0.082595825 0.37260437 0.057785034

1492573009139 GRAVITY 2.4998515 9.311228 -1.7950374

1492573009141 LINEAR_ACCELERATION -0.7114413 -2.292797 1.7022156

1492573009146 ROTATION_VECTOR 0.21138227 -0.7394856 -0.54794574

1492573009149 MAGNETIC_FIELD -18.745422 -38.346863 14.279175

1492573009319 ACCELEROMETER 2.258377 9.94754 -0.6291046

1492573009329 GYROSCOPE 0.23554993 -0.32585144 -0.13668823

1492573009334 MAGNETIC_FIELD -17.50946 -37.738037 15.4800415

1492573009340 GRAVITY 2.4276857 9.259093 -2.132117

1492573009343 LINEAR_ACCELERATION -0.016340256 0.31629562 1.6622446

1492573009346 ROTATION_VECTOR 0.2091754 -0.7516338 -0.54039377

1492573009510 ACCELEROMETER 1.3505554 10.992249 -3.1779022

1492573009511 GYROSCOPE 0.05189514 -0.8939667 -0.3961029

1492573009512 MAGNETIC_FIELD -10.650635 -38.55896 19.779968

1492573009521 GRAVITY 1.327206 9.312149 -2.77359

1492573009522 LINEAR_ACCELERATION 1.5393996 5.3751698 -1.2698734

1492573009523 ROTATION_VECTOR 0.19195919 -0.77753806 -0.55529785

1492573009705 ACCELEROMETER 0.105545044 8.002258 -2.9837494

1492573009712 GYROSCOPE -0.15722656 -0.6732025 -0.1789856

1492573009716 MAGNETIC_FIELD -5.6488037 -40.34729 18.481445

1492573009722 GRAVITY 0.5430262 9.518966 -2.2945178

1492573009729 LINEAR_ACCELERATION -0.55271953 -0.36815166 -0.77624416

1492573009731 ROTATION_VECTOR 0.15209495 -0.77061987 -0.59935635

1492573009900 ACCELEROMETER -1.293045 7.366852 -0.9676666

1492573009905 GYROSCOPE 0.03338623 0.1591034 -0.30812073

1492573009912 MAGNETIC_FIELD -2.8762817 -41.00952 18.544006

1492573009922 GRAVITY -0.03897603 9.521616 -2.3468497

1492573009929 LINEAR_ACCELERATION -1.1860731 -2.6704884 0.86477613

1492573009932 ROTATION_VECTOR 0.17826289 -0.7667323 -0.6012653

1492573010092 ACCELEROMETER -1.3473206 9.636642 -1.4018707

1492573010095 GYROSCOPE 0.20811462 0.02142334 0.08786011

1492573010100 MAGNETIC_FIELD -2.418518 -40.049744 20.011902

1492573010121 GRAVITY -0.37150493 9.49422 -2.4273767

1492573010124 LINEAR_ACCELERATION -0.3809345 0.34915638 0.5710399

1492573010126 ROTATION_VECTOR 0.17011876 -0.7712466 -0.60369205

1492573010292 ACCELEROMETER -1.8938904 10.5616 -1.5736389

1492573010302 GYROSCOPE 0.06491089 -0.6714783 0.8117676

1492573010307 MAGNETIC_FIELD -6.2469482 -38.96942 18.21289

1492573010348 GRAVITY 0.17723611 9.45159 -2.608915

1492573010350 LINEAR_ACCELERATION -2.3007784 1.0992908 2.2656906

1492573010353 ROTATION_VECTOR 0.15106906 -0.7811503 -0.5925092

1492573010478 ACCELEROMETER 1.6309204 5.9501495 -2.646576

1492573010479 GYROSCOPE 0.80122375 -0.07505798 1.7754974

1492573010479 MAGNETIC_FIELD -20.271301 -29.327393 23.817444

1492573010520 GRAVITY 2.2416227 8.925541 -3.3882515

1492573010521 LINEAR_ACCELERATION -2.8300054 2.025858 1.0899689

1492573010528 ROTATION_VECTOR 0.038666073 -0.81930315 -0.5476394

1492573010676 ACCELEROMETER 5.3260803 2.9601746 -4.229065

1492573010682 GYROSCOPE 1.888916 -1.0505829 1.0285034

1492573010686 MAGNETIC_FIELD -25.715637 -13.568115 30.586243

1492573010725 GRAVITY 4.558485 6.796604 -5.4034038

1492573010731 LINEAR_ACCELERATION 0.83744335 -4.6441326 1.8726091

1492573010736 ROTATION_VECTOR -0.04178464 -0.87963116 -0.40558565

1492573010873 ACCELEROMETER 7.3435516 7.467163 -7.780716

1492573010877 GYROSCOPE 0.18760681 0.08529663 0.27471924

1492573010882 MAGNETIC_FIELD -21.769714 -2.8808594 35.238647

1492573010925 GRAVITY 4.230348 3.877709 -7.9522266

1492573010931 LINEAR_ACCELERATION 2.7006855 2.8815536 -2.1780252

1492573010935 ROTATION_VECTOR -0.15644005 -0.9386039 -0.24221288

1492573011071 ACCELEROMETER 4.387985 0.11160278 -9.8927765

1492573011074 GYROSCOPE 0.01751709 0.48635864 -0.3255005

1492573011077 MAGNETIC_FIELD -28.025818 -3.3477783 31.559753

1492573011122 GRAVITY 4.2876625 4.3569965 -7.6683064

1492573011127 LINEAR_ACCELERATION -5.329678 -2.858604 -1.3509445

1492573011132 ROTATION_VECTOR -0.06484972 -0.9416843 -0.25069985

1492573011260 ACCELEROMETER 4.62677 4.050171 -9.855072

1492573011261 GYROSCOPE 0.014343262 -0.43659973 0.0940094

1492573011262 MAGNETIC_FIELD -27.120972 -0.35858154 31.13556

1492573011324 GRAVITY 4.9460735 4.763753 -7.000958

1492573011328 LINEAR_ACCELERATION 0.8698492 1.625998 0.8885937

1492573011331 ROTATION_VECTOR -0.008232806 -0.925679 -0.26478642

1492573011457 ACCELEROMETER 5.247772 4.110901 -7.0792084

1492573011467 GYROSCOPE 0.1611023 -0.91285706 -0.35186768

1492573011470 MAGNETIC_FIELD -22.64862 -1.4099121 34.817505

1492573011522 GRAVITY 3.773144 4.6115355 -7.788935

1492573011526 LINEAR_ACCELERATION 1.4331162 0.93523693 -0.41504097

1492573011532 ROTATION_VECTOR -0.017300565 -0.9470089 -0.2519065

1492573011722 GRAVITY 1.8917854 4.436414 -8.538722

1492573011727 LINEAR_ACCELERATION 1.1875105 -0.03101015 -1.7628832

1492573011734 ROTATION_VECTOR 0.028874986 -0.9667057 -0.23079832

1492573011740 ACCELEROMETER 2.4834595 6.709564 -8.450256

1492573011742 GYROSCOPE -0.0053253174 -0.6276398 -0.8353119

1492573011745 MAGNETIC_FIELD -17.687988 -3.3798218 40.1886

1492573011922 GRAVITY 0.059601735 4.973595 -8.451638

1492573011927 LINEAR_ACCELERATION -2.421864 1.2597322 -5.577198

1492573011936 ROTATION_VECTOR 0.07074155 -0.96224177 -0.2618857

1492573011939 ACCELEROMETER -1.2405396 3.8804932 -7.562393

1492573011943 GYROSCOPE -0.34420776 -0.09828186 0.10394287

1492573011946 MAGNETIC_FIELD -10.559082 -7.0770264 39.157104

1492573012122 GRAVITY 0.74530685 5.629787 -7.9950237

1492573012132 LINEAR_ACCELERATION -1.1303082 -0.55107737 -1.4075928

1492573012135 ROTATION_VECTOR 0.10065691 -0.9473653 -0.29539046

1492573012137 ACCELEROMETER 0.8250122 5.5626373 -8.128265

1492573012141 GYROSCOPE -0.40444946 0.29595947 0.053009033

1492573012144 MAGNETIC_FIELD -16.893005 -11.335754 36.862183

1492573012323 ACCELEROMETER 0.9471588 5.0689697 -8.647247

1492573012331 GYROSCOPE 0.48745728 -0.641037 0.16972351

1492573012334 MAGNETIC_FIELD -11.740112 -9.387207 39.949036

1492573012336 GRAVITY -0.040001847 5.0151687 -8.427151

1492573012339 LINEAR_ACCELERATION 0.9255329 0.02447319 -0.58258724

1492573012343 ROTATION_VECTOR 0.097388424 -0.95926046 -0.26405624

1492573012521 ACCELEROMETER -0.11975098 5.2240753 -8.915939

1492573012526 GYROSCOPE 0.07131958 -0.42773438 0.17211914

1492573012529 MAGNETIC_FIELD -8.035278 -7.650757 41.041565

1492573012532 GRAVITY -0.44584322 5.057337 -8.39017

1492573012536 LINEAR_ACCELERATION 0.97234046 0.35306883 0.26815796

1492573012539 ROTATION_VECTOR -0.0788618 0.9599794 0.2687337

1492573012713 ACCELEROMETER -0.6545868 5.079483 -7.7176514

1492573012716 GYROSCOPE 0.024459839 -0.19282532 -0.2512207

1492573012722 MAGNETIC_FIELD -4.8583984 -7.6141357 42.697144

1492573012726 GRAVITY -0.9564286 4.8821645 -8.451041

1492573012729 LINEAR_ACCELERATION -2.2884896 -0.50353193 2.478488

1492573012732 ROTATION_VECTOR -0.105936125 0.95898944 0.2619863

1492573012906 ACCELEROMETER -1.2285461 4.961441 -9.378586

1492573012915 GYROSCOPE -0.4129486 -0.053634644 0.17971802

1492573012918 MAGNETIC_FIELD -3.5583496 -7.939148 40.974426

1492573012927 GRAVITY -0.88304067 5.6836915 -7.9426875

1492573012931 LINEAR_ACCELERATION -2.8875628 -1.7746153 0.8042469

1492573012935 ROTATION_VECTOR -0.107336655 0.94522125 0.3080187

1492573013102 ACCELEROMETER -0.37509155 6.6992188 -7.061157

1492573013104 GYROSCOPE -0.14233398 -0.36994934 0.4508667

1492573013105 MAGNETIC_FIELD -3.2958984 -12.765503 40.516663

1492573013124 GRAVITY -1.1015977 5.9164205 -7.742922

1492573013126 LINEAR_ACCELERATION -0.949185 0.7943301 3.9682841

1492573013128 ROTATION_VECTOR -0.0786404 0.94265306 0.32272935

1492573013301 ACCELEROMETER -0.52915955 5.9945374 -7.9704895

1492573013305 GYROSCOPE 0.24214172 0.11703491 0.20835876

1492573013310 MAGNETIC_FIELD -2.6809692 -11.054993 40.06653

1492573013322 GRAVITY -0.6752118 5.608682 -8.016056

1492573013327 LINEAR_ACCELERATION 0.79827654 0.6842556 0.39409637

1492573013330 ROTATION_VECTOR -0.06655577 0.950934 0.30177382

1492573013496 ACCELEROMETER -0.3152771 5.623001 -7.965744

1492573013500 GYROSCOPE 0.16169739 0.21109009 0.064834595

1492573013503 MAGNETIC_FIELD -4.9865723 -8.4198 41.464233

1492573013522 GRAVITY -0.25806078 5.3736067 -8.199277

1492573013527 LINEAR_ACCELERATION 0.7994691 0.874599 0.57427406

1492573013530 ROTATION_VECTOR 0.07508046 -0.9552014 -0.286142

1492573013693 ACCELEROMETER -0.11277771 5.909027 -8.48735

1492573013694 GYROSCOPE -0.5635376 0.3436432 0.28128052

1492573013695 MAGNETIC_FIELD -9.663391 -12.272644 40.473938

1492573013725 GRAVITY 0.54885924 6.164188 -7.60736

1492573013726 LINEAR_ACCELERATION -0.28978884 -0.43054485 0.6622896

1492573013727 ROTATION_VECTOR 0.07233556 -0.93948656 -0.3302783

1492573013897 ACCELEROMETER 0.6694946 5.712311 -7.455246

1492573013903 GYROSCOPE 0.050567627 0.4359131 0.31604004

1492573013906 MAGNETIC_FIELD -9.87854 -11.755371 38.5849

1492573013931 GRAVITY 1.4532359 6.1224275 -7.521594

1492573013937 LINEAR_ACCELERATION -0.3201306 -0.47050333 0.17306137

1492573013943 ROTATION_VECTOR 0.06177705 -0.93791157 -0.32620263

1492573014108 ACCELEROMETER 1.6193237 6.4796753 -8.215622

1492573014111 GYROSCOPE -0.1532898 -0.035949707 0.6382599

1492573014112 MAGNETIC_FIELD -14.042664 -12.632751 37.472534

1492573014122 GRAVITY 2.1663444 6.095108 -7.370685

1492573014123 LINEAR_ACCELERATION -0.11735082 0.30107307 -0.11841869

1492573014124 ROTATION_VECTOR 0.028914172 -0.9353953 -0.3282638

1492573014273 ACCELEROMETER 2.0679169 4.349579 -8.508179

1492573014275 GYROSCOPE 0.967453 -0.7303467 1.290741

1492573014276 MAGNETIC_FIELD -12.379456 -5.4611206 39.51111

1492573014322 GRAVITY 2.2717526 4.3585196 -8.486037

1492573014324 LINEAR_ACCELERATION 1.5987294 1.197815 0.89791393

1492573014325 ROTATION_VECTOR -0.0937419 -0.96118677 -0.24065953

1492573014524 GRAVITY 2.4143174 2.801741 -9.082495

1492573014528 LINEAR_ACCELERATION 2.4402795 0.5166495 -0.11162853

1492573014530 ROTATION_VECTOR -0.30139267 -0.9339383 -0.17704934

1492573014586 ACCELEROMETER 4.1969604 3.6174774 -8.010315

1492573014591 GYROSCOPE 0.47801208 -0.9490967 2.0703888

1492573014594 MAGNETIC_FIELD -6.7214966 -0.96588135 41.333008

1492573014726 GRAVITY -3.1614804 -0.15112963 -9.281842

1492573014731 LINEAR_ACCELERATION 5.696389 3.0449026 2.7049026

1492573014734 ROTATION_VECTOR 0.47786063 0.8630709 -0.08597759

1492573014784 ACCELEROMETER 1.6120758 -0.13999939 -12.568115

1492573014787 GYROSCOPE 1.8308868 -2.854004 1.6212463

1492573014790 MAGNETIC_FIELD 16.882324 4.978943 39.83307

1492573014920 GRAVITY -2.2846107 -0.2087353 -9.534535

1492573014921 LINEAR_ACCELERATION 0.440315 0.09376526 3.292512

1492573014923 ROTATION_VECTOR 0.576491 0.8085692 -0.07682231

1492573014969 ACCELEROMETER -0.5480957 -0.15885925 -9.738998

1492573014969 GYROSCOPE -0.24310303 0.38328552 0.7153473

1492573014970 MAGNETIC_FIELD 21.618652 3.868103 38.771057

1492573015120 GRAVITY -3.0628023 0.89574337 -9.272932

1492573015121 LINEAR_ACCELERATION 2.691978 2.047935 -2.1283636

1492573015123 ROTATION_VECTOR 0.5816277 0.7965533 -0.055971004

1492573015165 ACCELEROMETER -0.9967804 2.0390015 -10.791946

1492573015166 GYROSCOPE -0.7533417 -0.9688873 -0.13916016

1492573015166 MAGNETIC_FIELD 23.008728 -0.15258789 37.6297

1492573015320 GRAVITY -7.458977 1.1553644 -6.2609243

1492573015321 LINEAR_ACCELERATION 2.8023763 1.4699647 -0.7253294

1492573015323 ROTATION_VECTOR 0.5478472 0.7204733 -0.20251787

1492573015360 ACCELEROMETER -3.9496918 1.5619965 -7.3146515

1492573015361 GYROSCOPE 0.24107361 -3.8048553 -0.14753723

1492573015361 MAGNETIC_FIELD 38.337708 -1.8188477 23.3078

1492573015520 GRAVITY -9.44798 0.5853905 2.561911

1492573015521 LINEAR_ACCELERATION 4.3055964 -1.0241938 -3.2637675

1492573015523 ROTATION_VECTOR 0.41956443 0.43970966 -0.5116312

1492573015555 ACCELEROMETER -7.4698486 -0.65519714 -0.119628906

1492573015556 GYROSCOPE 0.6910553 -4.692398 0.005844116

1492573015556 MAGNETIC_FIELD 38.554382 -3.4576416 -20.321655

1492573015720 GRAVITY -5.3539753 1.633104 8.052223

1492573015721 LINEAR_ACCELERATION 3.06008 0.07585466 -4.8627152

1492573015723 ROTATION_VECTOR 0.24291563 0.17447883 -0.5788913

1492573015751 ACCELEROMETER -4.8377686 2.5616302 5.718033

1492573015751 GYROSCOPE -0.32211304 -2.9875793 1.4533386

1492573015752 MAGNETIC_FIELD 10.935974 -5.7662964 -43.510437

1492573015920 GRAVITY -1.7043859 0.9040194 9.614999

1492573015921 LINEAR_ACCELERATION -0.35687113 1.9883043 -3.4944038

1492573015923 ROTATION_VECTOR 0.08553784 0.049545623 -0.52699536

1492573015946 ACCELEROMETER -0.8934479 2.5613098 9.017715

1492573015946 GYROSCOPE -1.2166748 -1.8375397 0.6669769

1492573015947 MAGNETIC_FIELD -10.598755 5.795288 -45.674133

1492573016120 GRAVITY -0.9083224 0.59396887 9.746411

1492573016121 LINEAR_ACCELERATION 1.4350224 -1.1528169 4.9721823

1492573016124 ROTATION_VECTOR 0.048886657 0.026103783 -0.4797592

1492573016141 ACCELEROMETER 1.1230621 0.98843384 11.052673

1492573016142 GYROSCOPE 0.37763977 0.075286865 0.05215454

1492573016142 MAGNETIC_FIELD -9.355164 6.489563 -45.672607

1492573016321 GRAVITY -0.65936196 1.115897 9.720617

1492573016321 LINEAR_ACCELERATION 1.1521201 0.39149523 0.15749931

1492573016323 ROTATION_VECTOR 0.06618905 0.0023363885 -0.4769739

1492573016336 ACCELEROMETER -0.22010803 1.9283142 9.67363

1492573016337 GYROSCOPE 0.07493591 -0.25170898 0.004211426

1492573016337 MAGNETIC_FIELD -13.0859375 6.814575 -46.420288

