1492572987918 MAGNETIC_FIELD 6.8130493 9.934998 -48.786926

1492572988023 ACCELEROMETER 0.06611633 2.420868 9.37207

1492572988048 GYROSCOPE 0.3009491 -0.37728882 -0.22045898

1492572988113 MAGNETIC_FIELD 2.0065308 5.9280396 -49.83673

1492572988122 GRAVITY 0.4810649 2.5384831 9.460183

1492572988122 LINEAR_ACCELERATION -0.18278506 -0.084396124 0.28434563

1492572988124 ROTATION_VECTOR 0.13289325 -0.0020689096 0.16936216

1492572988243 GYROSCOPE -0.039413452 -0.13890076 -0.118392944

1492572988283 ACCELEROMETER 0.5675812 2.4008331 9.216354

1492572988308 MAGNETIC_FIELD -0.4257202 6.6741943 -50.143433

1492572988321 GRAVITY 0.5649049 2.8312662 9.372044

1492572988322 LINEAR_ACCELERATION 0.025543153 0.118914604 -0.08546066

1492572988324 ROTATION_VECTOR 0.14815451 -0.014457058 0.098391145

1492572988464 ACCELEROMETER 1.648819 2.1062622 8.808655

1492572988465 GYROSCOPE -0.046401978 -0.17384338 -0.036972046

1492572988521 GRAVITY 0.8562533 2.6024845 9.416172

1492572988522 LINEAR_ACCELERATION 0.71626276 -0.436347 -0.3314457

1492572988524 ROTATION_VECTOR 0.13769378 -0.030810297 0.096592925

1492572988575 MAGNETIC_FIELD -3.6117554 6.8634033 -51.438904

1492572988660 ACCELEROMETER 1.9912109 2.3641205 9.21788

1492572988660 GYROSCOPE -0.1533966 -0.13368225 -0.057861328

1492572988721 GRAVITY 1.5979826 2.1594706 9.431518

1492572988722 LINEAR_ACCELERATION 0.60685873 0.36785603 -0.11369419

1492572988724 ROTATION_VECTOR 0.119290285 -0.0699733 0.105345525

1492572988770 MAGNETIC_FIELD -6.6314697 7.4310303 -50.001526

1492572988854 ACCELEROMETER 1.7840118 2.4245453 9.018875

1492572988855 GYROSCOPE -0.15444946 0.031097412 -0.0050354004

1492572988921 GRAVITY 1.6029843 1.9779205 9.470409

1492572988922 LINEAR_ACCELERATION 0.3280623 0.5922233 -0.15503883

1492572988924 ROTATION_VECTOR 0.109684184 -0.07150438 0.10228407

1492572988965 MAGNETIC_FIELD -4.585266 8.128357 -48.3078

1492572989050 ACCELEROMETER 1.5468445 2.7307892 8.826035

1492572989051 GYROSCOPE -0.17134094 0.22731018 0.11880493

1492572989121 GRAVITY 1.2656744 1.8686464 9.5434065

1492572989122 LINEAR_ACCELERATION -0.03599453 1.0706745 -0.9379606

1492572989124 ROTATION_VECTOR 0.102543235 -0.053912465 0.11032767

1492572989160 MAGNETIC_FIELD -3.225708 9.793091 -47.10388

1492572989245 ACCELEROMETER 1.1570892 1.8238525 10.716843

1492572989246 GYROSCOPE -0.1954956 0.2687683 0.25186157

1492572989321 GRAVITY 0.8461532 1.482897 9.656885

1492572989322 LINEAR_ACCELERATION 0.004600644 -0.40162838 1.7905416

1492572989324 ROTATION_VECTOR 0.08097577 -0.0328454 0.13228424

1492572989355 MAGNETIC_FIELD 0.5340576 9.713745 -46.75598

1492572989441 ACCELEROMETER -0.26856995 0.04055786 10.917389

1492572989442 GYROSCOPE 0.03300476 0.4216919 0.33221436

1492572989521 GRAVITY 0.09716615 1.2794156 9.722347

1492572989522 LINEAR_ACCELERATION -0.008325234 -1.2712878 1.1012535

1492572989524 ROTATION_VECTOR 0.06522734 0.00660545 0.1754276

1492572989551 MAGNETIC_FIELD 5.873108 6.4208984 -46.0907

1492572989636 ACCELEROMETER -0.5691376 0.6488037 8.908051

1492572989636 GYROSCOPE 0.19255066 0.31941223 0.17474365

1492572989721 GRAVITY -0.53607374 1.4874092 9.678358

1492572989722 LINEAR_ACCELERATION -0.005438149 -0.5793456 -1.4018669

1492572989724 ROTATION_VECTOR 0.06881164 0.04249713 0.2051773

1492572989746 MAGNETIC_FIELD 6.663513 4.1122437 -44.618225

1492572989831 ACCELEROMETER -0.7889099 1.7768555 7.7948303

1492572989832 GYROSCOPE -0.065093994 0.07606506 0.11917114

1492572989922 GRAVITY -0.70843434 1.5216935 9.661934

1492572989922 LINEAR_ACCELERATION -0.024768233 0.5244732 -2.1692505

1492572989924 ROTATION_VECTOR 0.06810017 0.052353293 0.21712184

1492572989941 MAGNETIC_FIELD 9.594727 6.2301636 -45.43457

1492572990122 GRAVITY -0.21661761 1.0180163 9.751262

1492572990122 LINEAR_ACCELERATION -0.41998452 0.48481524 2.8613577

1492572990124 ROTATION_VECTOR 0.04846514 0.021797936 0.21109587

1492572990137 ACCELEROMETER -0.53842163 1.7585297 10.202576

1492572990138 GYROSCOPE -0.23634338 -0.36164856 0.034439087

1492572990138 MAGNETIC_FIELD 5.1345825 6.340027 -44.667053

1492572990322 GRAVITY 0.69719595 0.8121496 9.748062

1492572990322 LINEAR_ACCELERATION 0.19221318 0.1560021 0.50802803

1492572990324 ROTATION_VECTOR 0.04745804 -0.027108759 0.18896721

1492572990332 ACCELEROMETER 0.4032135 0.82437134 10.949783

1492572990333 GYROSCOPE -0.17341614 -0.45684814 -0.17921448

1492572990334 MAGNETIC_FIELD 2.734375 6.6452026 -45.184326

1492572990530 GRAVITY 0.5736122 1.1591609 9.720993

1492572990531 LINEAR_ACCELERATION 1.0472537 -0.71147954 -1.5888939

1492572990532 ROTATION_VECTOR 0.06318384 -0.019367715 0.16102222

1492572990533 ACCELEROMETER 1.0697632 0.39067078 9.431625

1492572990534 GYROSCOPE 0.2818451 0.10870361 -0.3811798

1492572990537 MAGNETIC_FIELD 1.6998291 4.5272827 -47.12372

1492572990726 GRAVITY 0.55869395 1.459454 9.6813345

1492572990727 LINEAR_ACCELERATION 0.0882169 -0.10218358 -0.6348467

1492572990733 ACCELEROMETER 0.8203125 1.3075867 8.573914

1492572990736 GYROSCOPE 0.107681274 -0.07551575 -0.44529724

1492572990738 ROTATION_VECTOR 0.077669606 -0.018887578 0.12630518

1492572990741 MAGNETIC_FIELD 2.885437 4.96521 -46.842957

1492572990933 ACCELEROMETER 0.68229675 1.9265594 8.575409

1492572990939 GYROSCOPE 0.054626465 -0.001449585 -0.3522644

1492572990969 MAGNETIC_FIELD 4.412842 4.0359497 -45.477295

1492572990973 GRAVITY 0.52293736 1.6478752 9.653053

1492572990976 LINEAR_ACCELERATION 0.4158234 0.4338907 -1.2816687

1492572990983 ROTATION_VECTOR 0.08649643 -0.018698825 0.09387465

1492572991120 ACCELEROMETER 0.07891846 2.0581055 10.401611

1492572991121 GYROSCOPE -0.09095764 0.2264862 -0.034835815

1492572991121 MAGNETIC_FIELD 7.510376 3.5751343 -47.016907

1492572991122 GRAVITY 0.25837848 1.5499643 9.67994

1492572991122 LINEAR_ACCELERATION -0.012616068 0.41673136 2.0585423

1492572991127 ROTATION_VECTOR 0.08014937 -0.0060413936 0.08953448

1492572991315 ACCELEROMETER -0.8781738 1.2373352 10.842041

1492572991315 GYROSCOPE -0.06977844 0.18611145 0.28486633

1492572991316 MAGNETIC_FIELD 10.243225 4.772949 -45.77179

1492572991327 GRAVITY -0.25737974 1.528764 9.683337

1492572991328 LINEAR_ACCELERATION -1.0464573 -0.42794657 -0.21365833

1492572991336 ROTATION_VECTOR 0.07545826 0.024356747 0.14446433

1492572991517 ACCELEROMETER -0.9047699 1.2747803 8.988419

1492572991521 GYROSCOPE 0.20426941 -0.0012969971 0.28689575

1492572991522 GRAVITY -0.25199124 1.7121372 9.652744

1492572991523 LINEAR_ACCELERATION -0.63070047 -0.5054915 -0.41953754

1492572991528 ROTATION_VECTOR 0.08444428 0.026761452 0.15944858

1492572991590 MAGNETIC_FIELD 10.942078 1.0421753 -45.76111

1492572991705 ACCELEROMETER -0.63298035 2.026001 7.675232

1492572991715 GYROSCOPE 0.0975647 -0.0074157715 0.29084778

1492572991726 GRAVITY -0.2773292 1.9751563 9.601679

1492572991733 LINEAR_ACCELERATION -0.3322285 -0.07027638 -2.1820087

1492572991736 ROTATION_VECTOR 0.09654468 0.033611905 0.19326644

1492572991789 MAGNETIC_FIELD 9.912109 0.73547363 -45.27893

1492572991902 ACCELEROMETER -0.0978241 2.4226685 9.46608

1492572991907 GYROSCOPE -0.16896057 -0.17489624 0.15937805

1492572991926 GRAVITY -0.030925633 1.828229 9.634678

1492572991940 LINEAR_ACCELERATION -0.5093668 0.4327234 0.13376045

1492572991944 ROTATION_VECTOR 0.09080089 0.022877185 0.22687705

1492572991987 MAGNETIC_FIELD 8.422852 1.4144897 -44.71283

1492572992102 ACCELEROMETER 0.61883545 1.2933197 11.003677

1492572992107 GYROSCOPE -0.36360168 -0.2668152 -0.26651

1492572992128 GRAVITY 0.35555214 1.4945643 9.685569

1492572992129 LINEAR_ACCELERATION -0.049160838 1.0310278 0.60033417

1492572992130 ROTATION_VECTOR 0.0785704 -3.333903E-4 0.2266051

1492572992175 MAGNETIC_FIELD 7.218933 4.2007446 -45.230103

1492572992285 ACCELEROMETER 1.9941559 0.38887024 10.516235

1492572992286 GYROSCOPE 0.14683533 0.07661438 -0.5646057

1492572992344 GRAVITY 0.71885777 1.1759161 9.709318

1492572992360 LINEAR_ACCELERATION 0.99920183 -0.9352635 1.7311077

1492572992377 ROTATION_VECTOR 0.066192634 -0.024106089 0.19763575

1492572992382 MAGNETIC_FIELD 7.3257446 4.812622 -45.568848

1492572992480 ACCELEROMETER 1.484314 2.1711884 7.552109

1492572992480 GYROSCOPE 0.51016235 -0.2866516 -1.0693512

1492572992522 GRAVITY 0.18634504 1.6764156 9.6605015

1492572992523 LINEAR_ACCELERATION 1.2195863 -0.009251475 -2.5197191

1492572992525 ROTATION_VECTOR 0.086275876 0.0028230892 0.14238779

1492572992565 MAGNETIC_FIELD 3.9596558 1.1001587 -46.614075

1492572992676 ACCELEROMETER 1.3679047 3.6217651 8.234009

1492572992679 GYROSCOPE 0.6988983 -2.4411774 -1.7124786

1492572992726 GRAVITY 0.953538 2.7180371 9.374083

1492572992738 LINEAR_ACCELERATION 0.044573307 0.66818166 -0.9931555

1492572992742 ROTATION_VECTOR 0.14023401 -0.048879698 0.0019918855

1492572992764 MAGNETIC_FIELD -13.905334 -2.3269653 -45.42389

1492572992875 ACCELEROMETER 1.1120148 4.428589 2.8830872

1492572992880 GYROSCOPE 1.8287811 -4.17511 0.63409424

1492572992926 GRAVITY 6.430517 5.310483 5.1592255

1492572992936 LINEAR_ACCELERATION -4.425812 0.7200203 -1.1037874

1492572992944 ROTATION_VECTOR 0.21068111 -0.43882364 -0.20991774

1492572992959 MAGNETIC_FIELD -42.019653 -5.8883667 -19.104004

1492572993080 ACCELEROMETER 8.966476 3.0006104 2.0643616

1492572993081 GYROSCOPE 0.9401703 1.5096283 -1.5148926

1492572993122 GRAVITY 8.497727 4.8931303 -0.1276591

1492572993124 LINEAR_ACCELERATION -5.0634203 -3.4684653 3.6016712

1492572993126 ROTATION_VECTOR 0.21063757 -0.6798093 -0.15466143

1492572993151 MAGNETIC_FIELD -32.492065 -19.23523 -26.091003

1492572993263 ACCELEROMETER 5.5709534 1.026825 1.7557373

1492572993268 GYROSCOPE 2.1356506 -1.8197937 -4.3683167

1492572993327 GRAVITY 4.728212 7.917246 3.336407

1492572993328 LINEAR_ACCELERATION 4.6332583 -1.6023984 -2.8530116

1492572993331 ROTATION_VECTOR 0.39612553 -0.41590282 -0.21944143

1492572993348 MAGNETIC_FIELD -10.966492 -41.897583 -5.618286

1492572993523 GRAVITY -3.8165326 8.918279 1.4383187

1492572993524 LINEAR_ACCELERATION 6.075498 -11.362243 -1.4173299

1492572993525 ROTATION_VECTOR 0.4497605 -0.4736894 -0.7099408

1492572993541 ACCELEROMETER 1.1701508 -0.2526703 -0.1643982

1492572993542 GYROSCOPE -1.0496063 -0.7368927 -4.6812134

1492572993544 MAGNETIC_FIELD 29.397583 -33.06427 -10.661316

1492572993723 GRAVITY -9.432941 2.3216116 1.3416855

1492572993724 LINEAR_ACCELERATION 9.991617 -4.681729 -0.5384667

1492572993725 ROTATION_VECTOR -0.61772656 0.22362234 0.7496952

1492572993737 ACCELEROMETER 3.8118286 2.0084534 4.458008

1492572993746 GYROSCOPE 1.1866455 2.3328857 -1.1703796

1492572993750 MAGNETIC_FIELD 44.60907 -14.93988 8.631897

1492572993926 GRAVITY -6.883575 2.2615273 -6.6085005

1492572993931 LINEAR_ACCELERATION 6.2793956 0.8774333 9.128521

1492572993937 ROTATION_VECTOR -0.86705875 0.29180276 0.4037967

1492572993940 ACCELEROMETER 0.80444336 -0.1660614 -0.7971802

1492572993944 GYROSCOPE 0.005340576 8.658295 -0.34832764

1492572993951 MAGNETIC_FIELD 13.749695 -15.963745 43.01758

1492572994127 GRAVITY 3.3598268 2.4337943 -8.885865

1492572994135 LINEAR_ACCELERATION -0.18496513 -3.563632 -6.713632

1492572994139 ROTATION_VECTOR 0.9367082 -0.27501044 0.13255887

1492572994144 ACCELEROMETER -0.027145386 0.6472931 1.4237671

1492572994150 GYROSCOPE -0.3229828 -0.040145874 -0.42333984

1492572994241 MAGNETIC_FIELD 12.142944 -17.601013 43.637085

1492572994327 ACCELEROMETER 0.40785217 -0.0016479492 -10.116684

1492572994336 GRAVITY 3.342518 3.1181805 -8.676112

1492572994339 LINEAR_ACCELERATION -2.3629808 -2.4752555 -2.5486288

1492572994342 GYROSCOPE 0.0067596436 -0.04547119 0.018051147

1492572994345 ROTATION_VECTOR 0.97163343 -0.087256156 0.14537892

1492572994436 MAGNETIC_FIELD 14.28833 -16.648865 43.476868

1492572994521 ACCELEROMETER -0.65708923 -0.5344696 -13.278259

1492572994530 GYROSCOPE -0.20840454 -1.2523041 0.07624817

1492572994534 GRAVITY -0.51491 2.9273617 -9.345363

1492572994536 LINEAR_ACCELERATION -3.1598582 -5.28534 -10.334718

1492572994540 ROTATION_VECTOR 0.987415 -0.038633212 -0.03245211

1492572994631 MAGNETIC_FIELD 21.585083 -16.470337 39.256287

1492572994716 ACCELEROMETER -3.647293 0.8379364 -3.634735

1492572994741 GYROSCOPE -3.2460327 -8.044754 2.9160156

1492572994751 GRAVITY -4.9498296 8.275226 1.7861189

1492572994761 LINEAR_ACCELERATION 1.1410079 -7.211247 3.2510853

1492572994776 ROTATION_VECTOR 0.5711675 -0.2875777 -0.6492029

1492572994823 MAGNETIC_FIELD 20.729065 -23.590088 -32.444763

1492572994908 ACCELEROMETER -5.3996735 2.8721619 4.4728394

1492572994908 GYROSCOPE -2.0011902 -1.9052124 1.963501

1492572994922 GRAVITY -0.46104148 7.9187155 5.7664356

1492572994923 LINEAR_ACCELERATION -4.161659 -4.4222345 1.6116819

1492572994925 ROTATION_VECTOR 0.32512718 -0.31667957 -0.65778494

1492572995020 MAGNETIC_FIELD -3.4820557 -6.5689087 -47.724915

1492572995104 ACCELEROMETER -0.27931213 4.033371 13.033264

1492572995105 GYROSCOPE 0.10267639 -1.0748749 1.1237335

1492572995123 GRAVITY 2.2242641 7.6006403 5.7838826

1492572995123 LINEAR_ACCELERATION 1.6668551 -1.0289569 6.7781773

1492572995125 ROTATION_VECTOR 0.22738437 -0.39166364 -0.6142865

1492572995215 MAGNETIC_FIELD -11.659241 -7.0907593 -47.669983

1492572995301 ACCELEROMETER -0.4528656 4.2020874 8.736877

1492572995304 GYROSCOPE 0.48269653 -0.08706665 0.10140991

1492572995322 GRAVITY 2.350268 7.9409966 5.252352

1492572995322 LINEAR_ACCELERATION -2.534814 -2.2476864 4.0398655

1492572995328 ROTATION_VECTOR 0.26157108 -0.40470377 -0.5706673

1492572995408 MAGNETIC_FIELD -12.567139 -8.827209 -45.95337

1492572995493 ACCELEROMETER -0.42964172 4.644623 8.019501

1492572995494 GYROSCOPE -0.07115173 -0.10585022 -0.024795532

1492572995522 GRAVITY 2.2848225 7.7952046 5.4940658

1492572995522 LINEAR_ACCELERATION -2.2717905 -1.63342 3.370698

1492572995524 ROTATION_VECTOR 0.26903427 -0.38405883 -0.5516696

