1492572920828 MAGNETIC_FIELD -9.649658 -19.24591 -41.532898

1492572920863 GRAVITY 1.578263 2.573904 9.3303

1492572920864 LINEAR_ACCELERATION -0.35634124 0.037605762 -0.15472507

1492572920868 ROTATION_VECTOR -0.06549984 -0.14141034 -0.9811108

1492572920898 GYROSCOPE -0.13342285 -0.05505371 -0.25378418

1492572920938 ACCELEROMETER 0.95103455 2.418335 8.903748

1492572921024 MAGNETIC_FIELD -9.257507 -18.62793 -41.885376

1492572921063 GRAVITY 1.1698631 2.454453 9.422179

1492572921064 LINEAR_ACCELERATION -0.1787926 0.005496502 -0.36478043

1492572921068 ROTATION_VECTOR -0.032203883 -0.13625512 -0.9678397

1492572921093 GYROSCOPE -0.011154175 0.06825256 -0.18029785

1492572921133 ACCELEROMETER 0.8085022 2.122635 8.700241

1492572921263 GRAVITY 0.8161898 2.5425048 9.436095

1492572921264 LINEAR_ACCELERATION 0.36775285 -0.20327401 -0.7635164

1492572921268 ROTATION_VECTOR -0.016579844 -0.13644837 -0.9727379

1492572921270 MAGNETIC_FIELD -6.8237305 -18.791199 -42.5354

1492572921354 ACCELEROMETER 0.82928467 2.2839508 7.94783

1492572921355 GYROSCOPE 0.2525177 0.1972351 0.012496948

1492572921420 MAGNETIC_FIELD -3.753662 -21.359253 -42.112732

1492572921463 GRAVITY 0.57342774 2.8973055 9.35132

1492572921464 LINEAR_ACCELERATION 0.5694728 0.1398704 1.021903

1492572921468 ROTATION_VECTOR -0.0068473583 -0.15221196 -0.9771617

1492572921485 ACCELEROMETER 1.2398071 2.8707428 9.623322

1492572921485 GYROSCOPE 0.23150635 0.12145996 -0.109451294

1492572921663 GRAVITY 0.38538027 2.8417673 9.377965

1492572921664 LINEAR_ACCELERATION -1.245741 -1.3269634 2.679244

1492572921668 ROTATION_VECTOR -0.011142816 -0.14742014 -0.98726994

1492572921680 MAGNETIC_FIELD -0.5279541 -22.34497 -42.185974

1492572921745 ACCELEROMETER -0.5883789 1.2785645 11.7668915

1492572921746 GYROSCOPE -0.38175964 -0.08248901 -0.5412445

1492572921863 GRAVITY -0.0019234755 1.8771204 9.62532

1492572921864 LINEAR_ACCELERATION -0.7399157 -0.42688882 1.1419868

1492572921868 ROTATION_VECTOR 0.0044645043 -0.09604836 -0.99433994

1492572921875 MAGNETIC_FIELD -0.61035156 -19.561768 -44.047546

1492572921941 ACCELEROMETER -0.42604065 1.4951477 9.623779

1492572921941 GYROSCOPE -0.05595398 0.068496704 -0.26205444

1492572922063 GRAVITY -0.22472858 2.0693638 9.583195

1492572922064 LINEAR_ACCELERATION 0.3732201 -0.37905025 -1.3113775

1492572922068 ROTATION_VECTOR 0.0115880715 -0.10610741 -0.99428695

1492572922071 MAGNETIC_FIELD 1.8386841 -21.374512 -43.54248

1492572922136 ACCELEROMETER -0.38993835 1.5353394 8.144043

1492572922137 GYROSCOPE 0.21916199 -0.041412354 -0.46336365

1492572922263 GRAVITY -0.2584721 2.639428 9.441239

1492572922264 LINEAR_ACCELERATION -0.9703306 -0.3216877 -2.0571747

1492572922266 MAGNETIC_FIELD 3.4210205 -24.345398 -42.82074

1492572922268 ROTATION_VECTOR -0.007913424 0.13626498 0.9898639

1492572922331 ACCELEROMETER -1.2118683 2.5310822 8.44928

1492572922334 GYROSCOPE 0.34960938 -0.3148346 -0.44177246

1492572922462 MAGNETIC_FIELD 4.1656494 -25.160217 -42.5354

1492572922463 GRAVITY -0.039327215 2.9847023 9.341327

1492572922464 LINEAR_ACCELERATION -1.1515776 -0.009062767 1.2149792

1492572922468 ROTATION_VECTOR 0.0067054676 0.15388279 0.98647726

1492572922527 ACCELEROMETER -0.7188263 3.3047028 10.804443

1492572922528 GYROSCOPE -0.23999023 0.1499176 -0.32337952

1492572922657 MAGNETIC_FIELD 9.501648 -21.182251 -43.325806

1492572922663 GRAVITY -1.081638 2.18757 9.4981575

1492572922664 LINEAR_ACCELERATION -0.16787434 0.28712463 2.3814182

1492572922668 ROTATION_VECTOR -0.04494126 0.1170857 0.9878444

1492572922722 ACCELEROMETER -0.9546356 2.420166 9.103226

1492572922723 GYROSCOPE -0.1783905 0.5368347 0.24101257

1492572922852 MAGNETIC_FIELD 10.726929 -23.027039 -42.767334

1492572922863 GRAVITY -1.6001704 2.3733504 9.379608

1492572922864 LINEAR_ACCELERATION 1.1613438 0.074067116 -2.4991255

1492572922868 ROTATION_VECTOR -0.07291778 0.12828124 0.9861729

1492572922918 ACCELEROMETER -1.1596985 2.225525 7.1851196

1492572922918 GYROSCOPE 0.12295532 0.22325134 0.4820099

1492572923048 MAGNETIC_FIELD 9.706116 -24.458313 -43.42804

1492572923063 GRAVITY -1.6293029 2.7725086 9.264392

1492572923064 LINEAR_ACCELERATION 0.18908489 0.11302805 -0.45185852

1492572923068 ROTATION_VECTOR -0.079186015 0.14620894 0.9854778

1492572923113 ACCELEROMETER -1.5740509 2.369461 9.888046

1492572923114 GYROSCOPE 0.007080078 0.11354065 0.36097717

1492572923243 MAGNETIC_FIELD 8.181763 -23.287964 -43.86902

1492572923267 GRAVITY -1.5558052 2.730574 9.289447

1492572923269 LINEAR_ACCELERATION 0.6250702 0.36008 1.2228622

1492572923270 ROTATION_VECTOR -0.08009098 0.1412638 0.9867247

1492572923310 ACCELEROMETER -1.179779 2.2621918 10.109634

1492572923311 GYROSCOPE -0.22146606 -0.32699585 0.14730835

1492572923441 MAGNETIC_FIELD 4.841614 -22.703552 -45.08362

1492572923465 GRAVITY -0.7769715 2.3071957 9.4996605

1492572923470 LINEAR_ACCELERATION 0.14582062 0.02832675 0.021120071

1492572923473 ROTATION_VECTOR 0.040664047 -0.118315466 -0.99212396

1492572923508 ACCELEROMETER -0.2513733 1.6750946 8.203217

1492572923513 GYROSCOPE 0.09498596 -0.44140625 -0.19422913

1492572923643 MAGNETIC_FIELD 3.9779663 -25.579834 -45.436096

1492572923671 GRAVITY 0.021355657 2.675551 9.434583

1492572923676 LINEAR_ACCELERATION -0.2481951 -0.7280619 -1.2956343

1492572923678 ROTATION_VECTOR 0.0066496506 0.13757153 0.9896647

1492572923710 ACCELEROMETER -0.56993103 2.036026 8.9288025

1492572923714 GYROSCOPE 0.0743103 -0.25982666 -0.5410614

1492572923870 GRAVITY -0.14736873 2.2235281 9.55011

1492572923875 LINEAR_ACCELERATION -0.6187899 0.32455492 0.4137144

1492572923877 ROTATION_VECTOR 0.0044871895 0.114279464 0.98792285

1492572923897 MAGNETIC_FIELD 6.977844 -19.322205 -44.74182

1492572923964 ACCELEROMETER -0.53219604 2.209381 10.450577

1492572923967 GYROSCOPE -0.6091156 0.07234192 -0.5109863

1492572924067 GRAVITY -0.35298786 1.225027 9.72343

1492572924073 LINEAR_ACCELERATION 0.49189383 1.3024365 0.89062786

1492572924076 ROTATION_VECTOR -0.008799389 0.064541504 0.9873978

1492572924093 MAGNETIC_FIELD 8.213806 -16.645813 -46.533203

1492572924164 ACCELEROMETER 0.54408264 2.2604523 9.841461

1492572924169 GYROSCOPE 0.07493591 -0.16908264 0.14727783

1492572924264 GRAVITY 0.049019918 1.9966086 9.601122

1492572924265 LINEAR_ACCELERATION 0.45074144 0.12195003 -1.9395351

1492572924269 ROTATION_VECTOR 0.017526966 0.10085554 0.9839427

1492572924287 MAGNETIC_FIELD 6.375122 -21.116638 -44.526672

1492572924352 ACCELEROMETER 0.5806885 1.7709045 8.883499

1492572924355 GYROSCOPE 0.42973328 -0.07035828 0.11325073

1492572924470 GRAVITY 0.34409687 2.5931916 9.451314

1492572924474 LINEAR_ACCELERATION 0.7758149 -0.38197517 0.11735821

1492572924478 ROTATION_VECTOR 0.037640188 0.12922965 0.97954965

1492572924490 MAGNETIC_FIELD 6.776428 -23.226929 -43.736267

1492572924519 ACCELEROMETER 0.5609741 1.6300812 10.783173

1492572924523 GYROSCOPE -0.1131134 -0.19586182 -0.19451904

1492572924671 GRAVITY 0.5541133 1.9748385 9.589753

1492572924679 LINEAR_ACCELERATION 0.10036981 -0.17465937 0.8628082

1492572924683 ROTATION_VECTOR 0.046707176 0.09421851 0.97717834

1492572924691 MAGNETIC_FIELD 5.366516 -20.87555 -45.599365

1492572924746 ACCELEROMETER 0.9337616 1.6277618 9.218628

1492572924762 GYROSCOPE -0.090164185 -0.241745 -0.31782532

1492572924866 GRAVITY 1.0246084 2.2328527 9.493942

1492572924880 LINEAR_ACCELERATION -0.16655529 -1.1547058 -2.0020018

1492572924882 ROTATION_VECTOR 0.078580484 0.098837174 0.96320814

1492572924886 MAGNETIC_FIELD 5.6396484 -22.37091 -44.9646

1492572924941 ACCELEROMETER 0.1599884 1.3507538 7.2444153

1492572924945 GYROSCOPE 0.10803223 -0.4474182 -0.60398865

1492572925078 GRAVITY 1.333318 2.2221816 9.458042

1492572925083 LINEAR_ACCELERATION -0.7469324 0.37131786 -0.8973913

1492572925086 MAGNETIC_FIELD 7.8155518 -17.463684 -45.277405

1492572925091 ROTATION_VECTOR 0.099502645 0.088731565 0.9461808

1492572925132 ACCELEROMETER 1.1592255 3.2451172 8.483856

1492572925132 GYROSCOPE -0.19699097 0.29293823 -0.6996918

1492572925262 MAGNETIC_FIELD 15.377808 -11.784363 -44.418335

1492572925263 GRAVITY 0.3618113 2.1320355 9.565245

1492572925264 LINEAR_ACCELERATION 0.30472013 1.6008775 -3.209343

1492572925269 ROTATION_VECTOR 0.06310886 0.09124434 0.9004336

1492572925328 ACCELEROMETER 0.6190796 4.259598 10.847885

1492572925332 GYROSCOPE -0.17170715 -1.0233765 -0.8574524

1492572925470 MAGNETIC_FIELD -34.786987 -23.735046 -15.292358

1492572925480 GRAVITY 4.801513 2.9968371 8.008422

1492572925486 LINEAR_ACCELERATION -1.510714 2.5016477 4.928756

1492572925494 ROTATION_VECTOR 0.30266833 0.008717639 0.82269394

1492572925528 ACCELEROMETER -3.8679962 -0.3441162 4.1009216

1492572925538 GYROSCOPE 6.021469 -8.092712 2.7537384

1492572925657 MAGNETIC_FIELD -28.03955 14.317322 18.611145

1492572925671 GRAVITY 6.644009 -0.84929055 -7.162837

1492572925673 LINEAR_ACCELERATION -11.876796 -3.6726913 9.923279

1492572925682 ROTATION_VECTOR -0.89279455 -0.26099995 -0.33649045

1492572925726 ACCELEROMETER 10.602264 -2.5470123 -0.26898193

1492572925733 GYROSCOPE 5.6600494 1.3679504 0.97091675

1492572925852 MAGNETIC_FIELD -38.27057 -0.23345947 -6.918335

1492572925880 GRAVITY 9.099471 -3.4573276 1.1903361

1492572925881 LINEAR_ACCELERATION 8.411515 -3.2965162 0.30366814

1492572925882 ROTATION_VECTOR -0.5780899 -0.32422492 -0.48040968

1492572925980 ACCELEROMETER 18.258041 -8.486374 7.181137

1492572925981 GYROSCOPE -3.0589447 1.7778015 -6.759735

1492572926064 GRAVITY 7.4220715 4.505216 4.5591965

1492572926065 LINEAR_ACCELERATION 8.579332 -10.48348 7.0266423

1492572926069 ROTATION_VECTOR 0.4941233 0.15293077 0.830194

1492572926116 MAGNETIC_FIELD -24.560547 -21.514893 -15.162659

1492572926174 ACCELEROMETER 9.453842 -2.4934998 5.1664734

1492572926175 GYROSCOPE -3.8170319 2.4320831 -0.750412

1492572926264 GRAVITY 1.8101078 -0.10698328 9.637554

1492572926265 LINEAR_ACCELERATION 14.2135935 -7.021966 10.20211

1492572926269 ROTATION_VECTOR 0.077748604 -0.050760686 0.86438453

1492572926307 MAGNETIC_FIELD -0.9048462 -6.1569214 -38.793945

1492572926370 ACCELEROMETER 0.38587952 -3.0084534 11.5312195

1492572926372 GYROSCOPE -0.17253113 1.3096924 0.038513184

1492572926465 GRAVITY -0.17854384 -0.9108942 9.762622

1492572926467 LINEAR_ACCELERATION 1.2622702 -1.3712349 -0.5039902

1492572926475 ROTATION_VECTOR -0.030669427 -0.036113933 0.8715216

1492572926502 MAGNETIC_FIELD 0.20599365 -6.3674927 -37.67395

1492572926571 ACCELEROMETER 1.2950592 -1.9096832 9.384048

1492572926575 GYROSCOPE -0.022064209 0.14208984 0.113464355

1492572926667 GRAVITY -0.22322035 -0.9666547 9.756338

1492572926673 LINEAR_ACCELERATION 1.0795914 -0.9313141 -0.26787853

1492572926676 ROTATION_VECTOR -0.03271076 -0.038667724 0.8880634

1492572926697 MAGNETIC_FIELD 0.33111572 -6.3568115 -37.43286

1492572926763 ACCELEROMETER 0.7687378 -1.8197784 9.435898

1492572926766 GYROSCOPE 0.0049743652 0.025466919 0.032699585

1492572926867 GRAVITY -0.17721674 -0.99528444 9.754403

1492572926873 LINEAR_ACCELERATION 0.93256253 -0.8555462 -0.05969143

1492572926876 ROTATION_VECTOR -0.02939023 -0.042426944 0.90791345

1492572926893 MAGNETIC_FIELD 1.0940552 -6.0913086 -38.215637

1492572926960 ACCELEROMETER 0.73968506 -1.6674194 9.448853

1492572926963 GYROSCOPE 0.012359619 -0.028274536 0.017349243

1492572927066 GRAVITY 0.07494569 -1.0270668 9.752431

1492572927073 LINEAR_ACCELERATION 0.7182771 -0.44425637 -0.09603596

1492572927076 ROTATION_VECTOR -0.016017042 -0.05007872 0.92648965

1492572927090 MAGNETIC_FIELD 0.289917 -6.063843 -38.417053

1492572927153 ACCELEROMETER 0.82881165 -1.4924774 9.537949

1492572927156 GYROSCOPE 6.4086914E-4 0.007888794 -0.06607056

1492572927264 GRAVITY 0.15029447 -1.2374452 9.727102

1492572927264 LINEAR_ACCELERATION 0.5754383 -0.48509598 -0.10022545

1492572927268 ROTATION_VECTOR -0.015535407 -0.061761152 0.93140894

1492572927282 MAGNETIC_FIELD 0.93536377 -6.086731 -37.34131

1492572927346 ACCELEROMETER 0.25671387 -2.2866058 9.47496

1492572927347 GYROSCOPE -0.021972656 0.11470032 -0.013046265

1492572927464 GRAVITY 0.07008037 -1.1618152 9.737333

1492572927464 LINEAR_ACCELERATION -1.488632 -2.217767 0.4375353

