1492572937351 MAGNETIC_FIELD 31.07605 -37.826538 -0.46844482

1492572937386 GRAVITY -8.629494 2.96242 -3.5953152

1492572937387 LINEAR_ACCELERATION -0.26863098 -4.365817 -1.8286767

1492572937388 ROTATION_VECTOR 0.8251274 -0.049747672 -0.54229397

1492572937396 ACCELEROMETER -5.161316 0.3381195 -2.402008

1492572937421 GYROSCOPE 0.28450012 5.6703796 2.1609344

1492572937546 MAGNETIC_FIELD 9.494019 -45.7901 7.533264

1492572937586 GRAVITY -1.039421 8.003832 -5.5703382

1492572937586 LINEAR_ACCELERATION 3.7763062 1.3621125 6.1809816

1492572937588 ROTATION_VECTOR 0.86630005 -0.18311866 -0.15387288

1492572937616 GYROSCOPE -1.8505249 1.9279327 0.3942566

1492572937656 ACCELEROMETER 1.3009644 8.195129 0.5296631

1492572937786 GRAVITY 0.2923333 9.792597 -0.43585527

1492572937786 LINEAR_ACCELERATION -0.5417738 4.6344333 3.2236712

1492572937788 ROTATION_VECTOR 0.71793795 -0.082386754 -0.05827706

1492572937792 MAGNETIC_FIELD 7.814026 -45.869446 -8.718872

1492572937877 ACCELEROMETER -2.0345764 10.226334 2.3007202

1492572937878 GYROSCOPE -1.3220215 1.0120697 0.02961731

1492572937942 MAGNETIC_FIELD 17.015076 -40.789795 -16.210938

1492572937986 GRAVITY -1.9993235 9.180023 2.81074

1492572937986 LINEAR_ACCELERATION -2.4446416 -0.86722517 2.611

1492572937988 ROTATION_VECTOR 0.5954611 0.046024725 -0.109780036

1492572938007 ACCELEROMETER -2.1362915 7.3865204 2.61969

1492572938008 GYROSCOPE -1.061142 0.39491272 -0.68826294

1492572938138 MAGNETIC_FIELD 8.110046 -37.42981 -25.119019

1492572938186 GRAVITY 0.820109 8.532716 4.7634616

1492572938186 LINEAR_ACCELERATION 9.03856 -1.7443061 -0.7688925

1492572938188 ROTATION_VECTOR 0.5042691 0.053326465 0.1722274

1492572938203 ACCELEROMETER 4.338791 10.721924 1.6519775

1492572938204 GYROSCOPE 0.38572693 0.2523346 1.2051086

1492572938386 GRAVITY 0.27313405 9.799352 0.26171088

1492572938386 LINEAR_ACCELERATION -2.6680598 -4.7646875 -1.0124528

1492572938388 ROTATION_VECTOR 0.6878737 0.11612998 0.13890924

1492572938398 MAGNETIC_FIELD 11.187744 -46.12732 -6.1553955

1492572938463 ACCELEROMETER -1.1134186 8.043457 0.008636475

1492572938464 GYROSCOPE 0.7918854 0.6851959 -0.4705658

1492572938586 GRAVITY -0.9619534 9.7593355 0.020072704

1492572938586 LINEAR_ACCELERATION -0.55738693 0.98167515 -3.0679924

1492572938588 ROTATION_VECTOR 0.6187934 0.34069237 0.27892086

1492572938594 MAGNETIC_FIELD 19.432068 -43.193054 -0.8956909

1492572938659 ACCELEROMETER -0.6770325 9.274979 -0.8807831

1492572938659 GYROSCOPE -0.015472412 1.5909119 -0.30046082

1492572938786 GRAVITY -0.7589548 9.776744 0.09830238

1492572938786 LINEAR_ACCELERATION 0.8683666 0.4929409 0.024902463

1492572938788 ROTATION_VECTOR 0.59615064 0.37362063 0.32964844

1492572938789 MAGNETIC_FIELD 18.62793 -44.569397 0.6210327

1492572938854 ACCELEROMETER -0.3375244 9.792236 0.13900757

1492572938855 GYROSCOPE 0.059692383 0.28434753 0.067596436

1492572938984 MAGNETIC_FIELD 17.193604 -43.75305 1.1184692

1492572938986 GRAVITY -0.57394785 9.789263 -0.106362835

1492572938986 LINEAR_ACCELERATION 0.007503152 -0.25207424 0.18191728

1492572938988 ROTATION_VECTOR 0.5948469 0.38933298 0.350032

1492572939050 ACCELEROMETER -0.57302856 8.180389 0.16181946

1492572939050 GYROSCOPE 0.059783936 -0.48991394 0.024856567

1492572939180 MAGNETIC_FIELD 17.678833 -44.909668 -3.1784058

1492572939186 GRAVITY -0.8222776 9.77201 0.045529865

1492572939186 LINEAR_ACCELERATION -0.35217667 -1.8171148 0.42963135

1492572939188 ROTATION_VECTOR 0.60392743 0.3646235 0.31415537

1492572939245 ACCELEROMETER -0.032211304 8.558853 0.73895264

1492572939246 GYROSCOPE -0.100357056 -0.73846436 -0.16105652

1492572939375 MAGNETIC_FIELD 18.791199 -43.215942 -4.1168213

1492572939386 GRAVITY -0.9312259 9.755011 0.3781312

1492572939386 LINEAR_ACCELERATION 1.904392 0.7460203 1.046134

1492572939388 ROTATION_VECTOR 0.6003927 0.34676975 0.29947877

1492572939440 ACCELEROMETER -0.94348145 9.986435 -0.56207275

1492572939441 GYROSCOPE 0.3327484 -0.5729065 0.056411743

1492572939571 MAGNETIC_FIELD 14.602661 -45.83435 0.8544922

1492572939586 GRAVITY -0.51613593 9.742816 -0.9907215

1492572939586 LINEAR_ACCELERATION -1.770768 2.6051998 -3.217864

1492572939588 ROTATION_VECTOR 0.6832675 0.2892375 0.22832675

1492572939636 ACCELEROMETER -1.3621368 11.047394 -3.4345245

1492572939636 GYROSCOPE 0.81539917 -0.4242096 0.41479492

1492572939766 MAGNETIC_FIELD 11.8927 -46.4859 4.652405

1492572939786 GRAVITY 0.075755745 9.553264 -2.2135487

1492572939786 LINEAR_ACCELERATION 0.70365816 0.074248314 -1.5377555

1492572939788 ROTATION_VECTOR 0.7316329 0.27851915 0.225969

1492572939839 ACCELEROMETER 0.6178131 7.3541565 -2.8162231

1492572939841 GYROSCOPE 0.06768799 -0.14006042 0.21307373

1492572939972 MAGNETIC_FIELD 15.571594 -45.310974 -0.6729126

1492572939996 GRAVITY 0.1298951 9.6032715 -1.9825965

1492572940005 LINEAR_ACCELERATION 1.223557 -1.7751751 -1.0211126

1492572940008 ROTATION_VECTOR 0.72079474 0.28555083 0.24054547

1492572940041 ACCELEROMETER -2.0449066 8.5466 -1.8940887

1492572940047 GYROSCOPE -0.6805725 1.3251648 -0.6265869

1492572940161 MAGNETIC_FIELD 12.077332 -46.087646 1.8218994

1492572940196 GRAVITY -0.46392834 9.719945 -1.2156628

1492572940205 LINEAR_ACCELERATION -1.230363 0.13716984 0.1612364

1492572940207 ROTATION_VECTOR 0.64992625 0.37360066 0.3021016

1492572940234 ACCELEROMETER 1.3999329 12.225586 -2.9604187

1492572940240 GYROSCOPE 0.4118042 -0.93685913 0.71177673

1492572940363 MAGNETIC_FIELD 12.5564575 -46.97113 1.953125

1492572940396 GRAVITY 0.21616161 9.598739 -1.9969655

1492572940405 LINEAR_ACCELERATION -0.19630828 -0.9696531 0.22518885

1492572940407 ROTATION_VECTOR 0.7099193 0.31278035 0.26735488

1492572940432 ACCELEROMETER 0.3789978 7.25206 -1.687561

1492572940439 GYROSCOPE 0.060791016 -0.16984558 -0.0574646

1492572940596 GRAVITY 0.06768491 9.654877 -1.7173151

1492572940605 LINEAR_ACCELERATION 0.8922187 -0.70759106 0.7878059

1492572940607 ROTATION_VECTOR 0.71973634 0.26370114 0.22515836

1492572940624 MAGNETIC_FIELD 10.723877 -46.801758 -1.272583

1492572940692 ACCELEROMETER 1.4014587 9.249298 -1.0478516

1492572940699 GYROSCOPE -0.32113647 -0.87054443 0.06959534

1492572940787 GRAVITY 0.10119214 9.682829 -1.5501528

1492572940789 LINEAR_ACCELERATION 1.0864936 1.5830145 -1.0444438

1492572940790 ROTATION_VECTOR 0.73217124 0.2072706 0.1832431

1492572940811 MAGNETIC_FIELD 7.3654175 -46.00525 -2.7069092

1492572940876 ACCELEROMETER -0.50491333 11.63681 -2.9313812

1492572940877 GYROSCOPE 0.04284668 -0.89320374 -0.012283325

1492572940992 GRAVITY -0.36859363 9.715772 -1.2799639

1492572940996 LINEAR_ACCELERATION -0.7567165 1.3152695 -0.15773022

1492572940999 ROTATION_VECTOR 0.7059812 0.25855467 0.20311323

1492572941007 MAGNETIC_FIELD 11.961365 -46.028137 -3.024292

1492572941073 ACCELEROMETER -1.6043396 8.134232 -0.8204498

1492572941085 GYROSCOPE -0.23368835 1.029541 -0.28457642

1492572941194 GRAVITY -0.47420153 9.710101 -1.2882011

1492572941198 LINEAR_ACCELERATION -0.33491364 -2.098443 0.20769274

1492572941216 ROTATION_VECTOR 0.7003209 0.27428207 0.21011667

1492572941217 MAGNETIC_FIELD 13.574219 -46.04492 -4.1778564

1492572941265 ACCELEROMETER -1.0409088 8.103226 -0.62190247

1492572941265 GYROSCOPE -0.24127197 0.4368286 -0.023910522

1492572941386 GRAVITY -0.44407174 9.757809 -0.87083316

1492572941386 LINEAR_ACCELERATION -0.99116385 -0.96635914 0.29126698

1492572941388 ROTATION_VECTOR 0.6710526 0.30673856 0.25240976

1492572941395 MAGNETIC_FIELD 12.226868 -45.869446 -4.1290283

1492572941463 ACCELEROMETER 0.24247742 10.935883 -2.1217346

1492572941466 GYROSCOPE 0.5243225 -0.12539673 0.40579224

1492572941587 GRAVITY 0.42094225 9.610119 -1.9075646

1492572941596 LINEAR_ACCELERATION 3.3335686 4.57148 -0.3328439

1492572941598 ROTATION_VECTOR 0.71953255 0.2820136 0.2572145

1492572941601 MAGNETIC_FIELD 8.308411 -47.421265 -0.3540039

1492572941656 ACCELEROMETER -0.080825806 9.794281 -1.4741364

1492572941657 GYROSCOPE -0.13172913 0.07102966 0.13827515

1492572941792 MAGNETIC_FIELD 3.6819458 -47.7005 -5.053711

1492572941796 GRAVITY 0.58689034 9.685831 -1.4179655

1492572941799 LINEAR_ACCELERATION -1.7342764 -0.76970005 0.6648513

1492572941802 ROTATION_VECTOR 0.7163973 0.24304537 0.24718378

1492572941856 ACCELEROMETER -0.29260254 7.5869904 -0.6418915

1492572941860 GYROSCOPE -0.08818054 -1.646286 0.61338806

1492572941983 MAGNETIC_FIELD -11.181641 -45.495605 4.940796

1492572941988 GRAVITY 1.5173471 9.379575 -2.427267

1492572941994 LINEAR_ACCELERATION -0.46521986 -5.3482113 1.3191485

1492572941997 ROTATION_VECTOR 0.78881913 0.03899442 0.12773205

1492572942050 ACCELEROMETER 0.94999695 5.812134 -4.39563

1492572942053 GYROSCOPE 1.551178 -2.896576 1.1251678

1492572942179 MAGNETIC_FIELD -25.262451 -35.775757 17.063904

1492572942188 GRAVITY 1.191808 7.3454914 -6.386997

1492572942193 LINEAR_ACCELERATION -0.23190999 6.1404686 -0.999876

1492572942196 ROTATION_VECTOR 0.89101994 -0.17812845 -0.015223032

1492572942244 ACCELEROMETER 2.8099518 0.4560089 -0.013717651

1492572942247 GYROSCOPE 1.3947906 0.8760834 0.5982971

1492572942374 MAGNETIC_FIELD -17.707825 -19.438171 31.491089

1492572942393 GRAVITY 1.3662628 5.5958357 -7.9366455

1492572942398 LINEAR_ACCELERATION -1.3122169 -6.4924154 8.833367

1492572942403 ROTATION_VECTOR 0.9396918 -0.14709042 0.0259688

1492572942441 ACCELEROMETER 0.8113251 3.5328217 -13.426025

1492572942444 GYROSCOPE 3.4472504 -2.529831 0.07493591

1492572942570 MAGNETIC_FIELD -8.779907 -13.113403 33.97522

1492572942588 GRAVITY -1.8168595 0.4898323 -9.62442

1492572942592 LINEAR_ACCELERATION 11.064293 -7.2562695E-4 -10.693903

1492572942596 ROTATION_VECTOR 0.9754269 -0.19811918 -0.09619948

1492572942636 ACCELEROMETER 0.57858276 1.5185547 -15.462784

1492572942643 GYROSCOPE 0.8642731 -0.30445862 -0.06716919

1492572942791 GRAVITY -2.61991 -0.55581933 -9.43385

1492572942794 LINEAR_ACCELERATION 4.31592 5.8588915 -7.145564

1492572942798 ROTATION_VECTOR -0.97188675 0.19086277 0.12682469

1492572942831 MAGNETIC_FIELD -1.3839722 -20.129395 32.730103

1492572942895 ACCELEROMETER 1.2185669 -0.92897034 -12.3580475

1492572942901 GYROSCOPE -0.8223877 -0.7216797 -0.22158813

1492572942991 GRAVITY -2.1339905 0.48943868 -9.559127

1492572942995 LINEAR_ACCELERATION 0.9556384 -1.6759226 -2.8756142

1492572942998 ROTATION_VECTOR 0.99364 -0.0077049197 -0.109687805

1492572943026 MAGNETIC_FIELD -2.5848389 -19.039917 33.250427

1492572943091 ACCELEROMETER -1.2254639 -0.44265747 -12.924667

1492572943094 GYROSCOPE -0.25471497 1.4005432 -0.22679138

1492572943188 GRAVITY -2.5089028 0.2392755 -9.477264

1492572943194 LINEAR_ACCELERATION 1.9281721 -3.9776402 1.4779606

1492572943197 ROTATION_VECTOR 0.9872455 -0.09247884 -0.12959148

1492572943220 MAGNETIC_FIELD 6.2423706 -19.714355 35.949707

1492572943286 ACCELEROMETER -1.321518 -0.5104675 -9.956665

1492572943292 GYROSCOPE 0.37446594 -2.403183 0.302063

1492572943391 GRAVITY -4.371574 1.5744327 -8.636023

1492572943396 LINEAR_ACCELERATION 4.941314 1.2673211 0.12339878

1492572943398 ROTATION_VECTOR 0.9695206 -0.018558392 -0.23139542

1492572943416 MAGNETIC_FIELD 8.69751 -24.804688 30.194092

1492572943482 ACCELEROMETER -2.4993286 1.8524017 -7.732361

1492572943486 GYROSCOPE -1.0783997 0.5509033 -0.48182678

1492572943588 GRAVITY -3.9736445 0.0907745 -8.965059

1492572943594 LINEAR_ACCELERATION -2.248809 -0.79124725 -7.222638

1492572943597 ROTATION_VECTOR 0.9754076 0.07530504 -0.20611268

1492572943612 MAGNETIC_FIELD 12.519836 -18.580627 34.136963

1492572943677 ACCELEROMETER -2.958664 0.20149231 -10.279053

1492572943682 GYROSCOPE 0.28715515 0.3751831 -1.2619781

1492572943788 GRAVITY -3.3245208 -0.031196345 -9.225886

1492572943794 LINEAR_ACCELERATION 0.6296406 0.52294105 -0.30329227

1492572943797 ROTATION_VECTOR 0.9705085 0.16882676 -0.16980094

1492572943808 MAGNETIC_FIELD 12.870789 -17.449951 34.298706

1492572943872 ACCELEROMETER -1.6486664 1.1650696 -10.3125

1492572943877 GYROSCOPE -0.3217926 0.6343384 -0.4746399

1492572943988 GRAVITY -1.5239472 0.8256978 -9.652264

1492572943994 LINEAR_ACCELERATION -1.5549152 -0.033436418 0.13230228

1492572943997 ROTATION_VECTOR 0.9791211 0.18289429 -0.06892027

1492572944002 MAGNETIC_FIELD 4.60968 -21.055603 33.9386

1492572944067 ACCELEROMETER 0.15812683 2.1529236 -10.02272

1492572944072 GYROSCOPE -0.1462555 0.8096466 0.62124634

1492572944191 GRAVITY -0.600815 0.8146883 -9.754265

1492572944194 LINEAR_ACCELERATION 1.693922 1.0527456 -1.2562647

1492572944199 ROTATION_VECTOR 0.9931045 0.10522637 -0.02612073

1492572944202 MAGNETIC_FIELD 2.3773193 -21.64917 32.688904

1492572944265 ACCELEROMETER 0.38009644 1.3402557 -9.497803

1492572944271 GYROSCOPE -0.03479004 -0.047302246 0.23054504

1492572944391 GRAVITY -0.4456866 0.9403946 -9.751277

1492572944393 LINEAR_ACCELERATION 1.1383502 1.3447769 0.87243843

1492572944393 ROTATION_VECTOR 0.9946959 0.08807281 -0.018432396

1492572944394 MAGNETIC_FIELD 1.1764526 -21.131897 32.611084

1492572944467 ACCELEROMETER 0.79244995 2.0419617 -9.928909

1492572944485 GYROSCOPE -0.022262573 0.37472534 0.07861328

1492572944586 MAGNETIC_FIELD -3.6621094 -23.162842 32.347107

1492572944587 GRAVITY 0.42048964 1.126781 -9.732622

1492572944595 LINEAR_ACCELERATION 0.886357 0.9131979 -0.81399155

1492572944598 ROTATION_VECTOR 0.99551666 0.07191809 0.025571086

1492572944654 ACCELEROMETER 2.8539581 3.2911072 -9.60939

1492572944658 GYROSCOPE -0.5669861 0.8039398 -0.10681152

1492572944787 MAGNETIC_FIELD -10.818481 -31.651306 18.50586

1492572944793 GRAVITY 2.2752123 2.8152406 -9.114177

1492572944796 LINEAR_ACCELERATION 0.9936557 0.50629497 -1.0166225

1492572944798 ROTATION_VECTOR 0.9788411 0.08101673 0.12975928

1492572944918 ACCELEROMETER 5.477127 6.1828003 -7.094574

1492572944918 GYROSCOPE -2.151535 1.6172485 -0.2293396

1492572944992 GRAVITY 4.8125987 6.015178 -6.068518

1492572944992 LINEAR_ACCELERATION 2.5779195 0.5717063 0.21351051

1492572944993 ROTATION_VECTOR 0.8953079 0.08849902 0.30494764

1492572945046 MAGNETIC_FIELD -18.18695 -34.072876 7.3913574

1492572945107 ACCELEROMETER 6.05542 6.4636383 -3.0612946

1492572945108 GYROSCOPE 0.13258362 2.14299 0.49728394

1492572945187 GRAVITY 7.456082 5.174852 -3.7145846

1492572945188 LINEAR_ACCELERATION -2.1439953 0.5381398 2.9602525

1492572945190 ROTATION_VECTOR 0.8251529 0.092270456 0.49033195

1492572945237 MAGNETIC_FIELD -24.31488 -29.40216 1.6738892

1492572945303 ACCELEROMETER 6.1475525 2.9453735 -0.21472168

1492572945306 GYROSCOPE 0.8738556 3.4281921 0.26927185

1492572945387 GRAVITY 8.620526 4.471801 1.3637857

1492572945393 LINEAR_ACCELERATION -0.79305935 -1.3428955 0.04772222

1492572945395 ROTATION_VECTOR 0.63468826 0.166244 0.7360958

1492572945433 MAGNETIC_FIELD -16.184998 -30.389404 -14.312744

1492572945502 ACCELEROMETER 6.692032 4.305649 5.4494934

1492572945507 GYROSCOPE 0.4066925 4.4274597 -0.12301636

1492572945586 GRAVITY 4.768578 4.820564 7.0847173

1492572945587 LINEAR_ACCELERATION 0.3754964 0.9186382 -1.4965868

1492572945589 ROTATION_VECTOR 0.289513 0.23444016 0.9223956

1492572945633 MAGNETIC_FIELD -7.235718 -29.141235 -22.650146

1492572945698 ACCELEROMETER 2.5937805 5.517288 8.049988

1492572945699 GYROSCOPE -0.84768677 1.3647766 0.09327698

1492572945803 GRAVITY 2.671412 3.5141056 8.756997

1492572945810 LINEAR_ACCELERATION -0.94447494 2.2321353 -0.6988678

1492572945812 ROTATION_VECTOR 0.16069503 0.16641663 0.966118

1492572945889 MAGNETIC_FIELD 0.7965088 -24.195862 -27.819824

1492572945893 ACCELEROMETER 0.8076019 3.3200989 9.120651

1492572945894 GYROSCOPE -0.60162354 0.76976013 -0.79582214

1492572945986 GRAVITY 0.35914385 2.6365304 9.438756

1492572945987 LINEAR_ACCELERATION -0.08981678 -0.13868785 0.84185886

1492572945989 ROTATION_VECTOR 0.052216556 0.12661289 0.95835114

1492572946019 MAGNETIC_FIELD 7.373047 -22.839355 -27.903748

1492572946083 ACCELEROMETER -1.5112305 2.1065216 8.098358

1492572946084 GYROSCOPE -0.33979797 0.14126587 -0.64549255

1492572946186 GRAVITY 0.660678 1.8874439 9.600596

1492572946187 LINEAR_ACCELERATION -1.8373077 -0.6238123 -0.604475

1492572946190 ROTATION_VECTOR 0.059554707 0.08342101 0.9550846

1492572946213 MAGNETIC_FIELD 1.965332 -18.959045 -32.870483

1492572946278 ACCELEROMETER 0.34362793 1.7660065 11.131622

1492572946279 GYROSCOPE -0.4649048 -0.6879883 0.20106506

1492572946387 GRAVITY 1.8398741 1.3590671 9.536152

1492572946387 LINEAR_ACCELERATION -0.4995916 0.674428 1.4814014

1492572946389 ROTATION_VECTOR 0.10881639 0.044165384 0.96204644

1492572946411 MAGNETIC_FIELD -2.380371 -18.661499 -32.00836

1492572946474 ACCELEROMETER 1.8159943 1.5802155 8.554474

1492572946475 GYROSCOPE 0.30645752 -0.88772583 0.16618347

1492572946587 GRAVITY 4.066076 1.3914139 8.814839

1492572946587 LINEAR_ACCELERATION -1.8686681 0.00782764 -2.0317564

1492572946589 ROTATION_VECTOR 0.2232783 0.026741374 0.9528776

1492572946604 MAGNETIC_FIELD -17.849731 -14.094543 -30.89447

1492572946669 ACCELEROMETER 5.447983 -0.19856262 6.357437

1492572946670 GYROSCOPE -0.9113312 -2.7534332 0.24060059

1492572946793 GRAVITY 7.8654213 -0.41924697 5.8420687

1492572946800 LINEAR_ACCELERATION 0.32195902 0.5792012 -0.28107262

1492572946806 ROTATION_VECTOR 0.43754828 -0.10338715 0.87899476

1492572946810 MAGNETIC_FIELD -26.202393 -9.00116 -24.578857

1492572946873 ACCELEROMETER 8.67981 -0.14515686 7.2862244

1492572946877 GYROSCOPE -0.644928 -1.3625641 -0.38038635

1492572946993 GRAVITY 8.979476 0.0037274146 3.9420028

1492572946997 LINEAR_ACCELERATION 0.11811161 -0.06103074 2.334247

1492572947001 ROTATION_VECTOR 0.5343843 -0.11596208 0.8181325

1492572947066 MAGNETIC_FIELD -28.027344 -12.193298 -23.207092

1492572947132 ACCELEROMETER 8.46991 0.3171692 4.8955536

1492572947136 GYROSCOPE -0.003967285 -0.10920715 -0.5770416

1492572947191 GRAVITY 8.763291 1.0237526 4.281009

1492572947195 LINEAR_ACCELERATION -0.34528637 -0.31503916 -0.11427593

1492572947201 ROTATION_VECTOR 0.52477163 -0.07964929 0.81749535

1492572947258 MAGNETIC_FIELD -20.658875 -16.159058 -26.200867

1492572947324 ACCELEROMETER 6.9535065 1.3531189 6.3257294

1492572947328 GYROSCOPE 0.21362305 1.9125366 -0.45959473

1492572947392 GRAVITY 6.435407 1.9212614 7.145956

1492572947401 LINEAR_ACCELERATION 0.0046539307 -0.21248186 0.12930107

1492572947416 ROTATION_VECTOR 0.368313 -0.0017876537 0.88954574

1492572947453 MAGNETIC_FIELD -7.220459 -20.622253 -30.029297

1492572947521 ACCELEROMETER 4.0003815 2.1921387 8.187439

1492572947524 GYROSCOPE 0.43695068 1.4732361 0.15705872

1492572947592 GRAVITY 4.357236 2.367539 8.460475

1492572947595 LINEAR_ACCELERATION -0.42410183 0.011492014 1.1146088

1492572947597 ROTATION_VECTOR 0.2546748 0.06145378 0.93239915

1492572947651 MAGNETIC_FIELD -2.7908325 -22.192383 -30.143738

1492572947716 ACCELEROMETER 2.3318481 2.520111 8.650894

1492572947721 GYROSCOPE 0.06552124 0.74931335 0.1007843

1492572947800 GRAVITY 3.1616962 2.3445807 8.982038

1492572947801 LINEAR_ACCELERATION -1.124022 0.14566898 0.21369171

1492572947802 ROTATION_VECTOR 0.18992785 0.07727184 0.94791734

1492572947844 MAGNETIC_FIELD 0.13580322 -20.83435 -30.963135

1492572947906 ACCELEROMETER 1.0453339 2.2489166 9.513916

1492572947907 GYROSCOPE -0.20477295 0.5073395 0.002609253

1492572947986 GRAVITY 2.1904054 1.9869542 9.350108

1492572947987 LINEAR_ACCELERATION -1.8101587 0.37075734 0.3271351

1492572947989 ROTATION_VECTOR 0.13514094 0.0708102 0.9565608

1492572948036 MAGNETIC_FIELD 2.0095825 -19.294739 -32.492065

1492572948102 ACCELEROMETER 0.895401 2.1618652 9.359985

1492572948103 GYROSCOPE 0.1000061 0.21533203 0.0064697266

1492572948186 GRAVITY 1.7567661 2.1846476 9.397419

1492572948187 LINEAR_ACCELERATION -0.8520591 -0.27751517 -0.61293507

1492572948189 ROTATION_VECTOR 0.11580506 0.08633766 0.95803887

1492572948232 MAGNETIC_FIELD 3.1692505 -19.62738 -32.435608

1492572948297 ACCELEROMETER 0.6590729 1.8967896 9.381882

1492572948298 GYROSCOPE -0.23625183 0.2722931 0.11303711

1492572948386 GRAVITY 1.2461059 1.7209605 9.5737095

1492572948387 LINEAR_ACCELERATION -0.74226356 0.31785715 0.16810036

1492572948389 ROTATION_VECTOR 0.08340761 0.07014176 0.96438885

1492572948427 MAGNETIC_FIELD 4.0908813 -20.698547 -31.878662

1492572948493 ACCELEROMETER 0.16267395 1.8226166 9.869125

1492572948493 GYROSCOPE 0.05418396 0.35144043 0.020019531

1492572948586 GRAVITY 0.26753014 1.9793727 9.601089

1492572948587 LINEAR_ACCELERATION -0.34495234 -0.14517462 0.14563274

1492572948589 ROTATION_VECTOR 0.037262034 0.09535341 0.96666163

1492572948623 MAGNETIC_FIELD 7.409668 -21.743774 -30.433655

1492572948688 ACCELEROMETER -0.69999695 2.2418976 9.244888

1492572948689 GYROSCOPE 0.19946289 0.27650452 -0.04727173

1492572948786 GRAVITY 0.11948134 2.5673077 9.4638815

1492572948787 LINEAR_ACCELERATION -0.7399776 -0.13524151 0.4157076

1492572948789 ROTATION_VECTOR 0.03763745 0.12672721 0.962294

1492572948819 MAGNETIC_FIELD 5.770874 -21.659851 -28.361511

1492572948885 ACCELEROMETER -0.05644226 2.2292328 8.804993

1492572948886 GYROSCOPE -0.21046448 -0.38241577 -0.117752075

1492572948986 GRAVITY 0.5280461 1.7742276 9.630352

1492572948987 LINEAR_ACCELERATION 0.03419894 0.4018246 1.9882202

1492572948989 ROTATION_VECTOR 0.048697248 0.08134682 0.9645122

1492572949013 MAGNETIC_FIELD 7.4935913 -20.388794 -31.05011

1492572949079 ACCELEROMETER -0.87109375 2.0924377 9.53598

1492572949080 GYROSCOPE -0.033676147 0.15205383 -7.6293945E-5

1492572949186 GRAVITY 0.236432 1.7573756 9.645005

1492572949187 LINEAR_ACCELERATION -0.80655086 -0.063148975 0.15424538

1492572949189 ROTATION_VECTOR 0.033975724 0.08418591 0.9649473

1492572949274 MAGNETIC_FIELD 5.3482056 -19.319153 -31.472778

1492572949339 ACCELEROMETER -0.19926453 1.8437347 9.513763

1492572949342 GYROSCOPE 0.003189087 -0.052627563 0.026977539

1492572949386 GRAVITY 0.30758315 1.7709017 9.640523

1492572949387 LINEAR_ACCELERATION -0.4597345 0.12522674 0.038072586

1492572949389 ROTATION_VECTOR 0.036889594 0.08431653 0.96710896

1492572949470 MAGNETIC_FIELD 5.1116943 -19.566345 -31.718445

1492572949534 ACCELEROMETER -0.3156891 1.8101349 9.5230255

1492572949535 GYROSCOPE 0.0015716553 0.026885986 -0.0099487305

1492572949586 GRAVITY 0.1535839 1.7838787 9.641814

1492572949587 LINEAR_ACCELERATION -0.5328579 0.068237305 0.031410217

1492572949589 ROTATION_VECTOR 0.0284713 0.0871418 0.9695875

1492572949665 MAGNETIC_FIELD 5.833435 -19.587708 -31.100464

1492572949730 ACCELEROMETER -0.5694885 1.9543304 9.401413

1492572949731 GYROSCOPE 0.17286682 0.22348022 0.02029419

1492572949786 GRAVITY -0.42544 2.1518998 9.558175

1492572949787 LINEAR_ACCELERATION -0.5295563 0.04965949 -0.2281456

1492572949789 ROTATION_VECTOR 0.0018504455 0.11254007 0.9714774

1492572949861 MAGNETIC_FIELD 8.74939 -21.890259 -30.664063

1492572949925 ACCELEROMETER -1.1093445 2.4636536 9.130035

1492572949926 GYROSCOPE 0.1453247 0.028808594 -0.01234436

