1506976001601 GYROSCOPE -0.28744507 0.46006775 0.5218353

1506976001603 MAGNETIC_FIELD 24.949646 -16.690063 -30.270386

1506976001604 GRAVITY 2.5603323 4.7629404 8.181044

1506976001605 LINEAR_ACCELERATION 0.0 0.0 -0.0

1506976001605 ROTATION_VECTOR 0.0 0.0 0.0

1506976001802 ACCELEROMETER 1.8856049 3.2499847 5.3490753

1506976001803 GYROSCOPE 0.86398315 0.8296356 0.22917175

1506976001804 MAGNETIC_FIELD 26.130676 -19.212341 -28.79486

1506976001804 GRAVITY 1.132845 5.1852956 8.246197

1506976001805 LINEAR_ACCELERATION -0.50856334 0.22023582 0.18638802

1506976001806 ROTATION_VECTOR 0.22595708 0.1688324 0.7250587

1506976002003 ACCELEROMETER 0.3205719 4.521637 7.5468445

1506976002005 GYROSCOPE -0.9763794 -0.21925354 -0.14039612

1506976002006 MAGNETIC_FIELD 25.119019 -20.89386 -27.48108

1506976002006 GRAVITY 0.3439181 4.4460497 8.734115

1506976002007 LINEAR_ACCELERATION -0.30433226 1.3464379 5.0574713

1506976002008 ROTATION_VECTOR 0.15207022 0.17764786 0.7851773

1506976002205 ACCELEROMETER -0.0061187744 5.390625 12.326324

1506976002206 GRAVITY 1.2248551 5.0691395 8.305056

1506976002207 LINEAR_ACCELERATION -1.6829144 -1.0567122 -3.450149

1506976002207 GYROSCOPE 1.3595886 -1.3215485 0.074295044

1506976002208 MAGNETIC_FIELD 22.250366 -21.061707 -29.614258

1506976002209 ROTATION_VECTOR 0.21870983 0.1694876 0.7505647

1506976002405 ACCELEROMETER 0.052764893 3.3943176 4.564163

1506976002406 GYROSCOPE 0.7966919 -0.7928314 -1.0173187

1506976002407 MAGNETIC_FIELD 17.356873 -25.938416 -29.122925

1506976002407 LINEAR_ACCELERATION 1.3446727 -1.2414331 0.84633636

1506976002408 GRAVITY 2.5781267 6.4589686 6.9141436

1506976002408 ROTATION_VECTOR 0.34312093 0.17246689 0.69094646

1506976002641 ACCELEROMETER 3.1321106 4.8771515 7.11438

1506976002642 ACCELEROMETER 2.0183868 6.569046 9.692795

1506976002643 GYROSCOPE -0.1635437 0.3436432 0.8839264

1506976002643 MAGNETIC_FIELD 20.436096 -24.513245 -30.924988

1506976002644 GRAVITY 2.5518038 6.694212 6.6967316

1506976002644 LINEAR_ACCELERATION -0.48013854 0.4103551 3.623407

1506976002645 ROTATION_VECTOR 0.34163734 0.20456207 0.72065336

1506976002842 ACCELEROMETER 2.060913 3.9183502 4.518173

1506976002843 GYROSCOPE 0.7005615 -0.20323181 0.3648224

1506976002843 MAGNETIC_FIELD 17.544556 -22.714233 -30.633545

1506976002844 LINEAR_ACCELERATION -0.8535478 -1.9696317 -1.2086601

1506976002845 GRAVITY 3.2695518 6.61273 6.461596

1506976002845 ROTATION_VECTOR 0.35850453 0.20499954 0.75566953

1506976003043 ACCELEROMETER 4.8332214 6.24292 9.256882

1506976003044 GYROSCOPE -1.8565063 -0.7789459 -0.96284485

1506976003044 MAGNETIC_FIELD 18.165588 -28.330994 -26.513672

1506976003045 GRAVITY 3.626138 5.843878 6.990751

1506976003045 LINEAR_ACCELERATION 1.5309505 0.8473873 2.8273745

1506976003046 ROTATION_VECTOR 0.3504543 0.14405791 0.7502586

1506976003245 ACCELEROMETER 0.62538147 4.328903 7.069809

1506976003245 GYROSCOPE 0.42819214 -0.94236755 0.3722992

1506976003246 MAGNETIC_FIELD 20.025635 -23.699951 -29.698181

1506976003246 GRAVITY 4.20838 5.039206 7.2846637

1506976003247 LINEAR_ACCELERATION -3.2834263 -0.3251934 0.28391933

1506976003247 ROTATION_VECTOR 0.3550452 0.050283406 0.6929275

1506976003445 ACCELEROMETER 2.4575043 4.3022766 3.706894

1506976003447 GYROSCOPE 0.9173889 -0.75224304 0.0048675537

1506976003448 MAGNETIC_FIELD 13.644409 -23.344421 -32.907104

1506976003448 GRAVITY 5.341729 5.8913393 5.7383304

1506976003449 LINEAR_ACCELERATION -2.2372193 -0.8992758 -1.3879256

1506976003449 ROTATION_VECTOR 0.45428455 0.032436278 0.6434495

1506976003646 ACCELEROMETER 5.314514 7.8283386 9.502701

1506976003647 GYROSCOPE 0.5713196 0.21226501 2.0150604

1506976003648 MAGNETIC_FIELD 9.944153 -26.934814 -31.430054

1506976003648 GRAVITY 6.3550124 5.5702825 4.975556

1506976003649 LINEAR_ACCELERATION -0.54805994 2.6977277 4.980998

1506976003649 ROTATION_VECTOR 0.4935981 0.0517509 0.7089676

1506976003848 ACCELEROMETER 2.133072 3.5608215 3.1148071

1506976003848 GYROSCOPE 0.90457153 0.23149109 0.15760803

1506976003849 MAGNETIC_FIELD 15.461731 -23.05603 -32.756042

1506976003849 GRAVITY 7.0860953 4.867001 4.719104

1506976003850 LINEAR_ACCELERATION -4.174839 -0.8051095 -1.1936212

1506976003850 ROTATION_VECTOR 0.5028067 0.08110513 0.77791435

1506976004048 ACCELEROMETER 5.2773285 6.1524506 11.061569

1506976004049 GYROSCOPE -1.260498 -0.7992401 -0.6317291

1506976004049 MAGNETIC_FIELD 15.473938 -28.114319 -27.656555

1506976004050 GRAVITY 6.808864 5.015523 4.9653077

1506976004051 LINEAR_ACCELERATION -0.91287565 1.6016388 6.601771

1506976004051 ROTATION_VECTOR 0.48636255 0.10144571 0.78911585

1506976004252 ACCELEROMETER 1.585495 5.666321 3.8430634

1506976004253 GRAVITY 7.133031 5.249582 4.2109556

1506976004260 LINEAR_ACCELERATION -4.8450103 0.9634714 -0.07721424

1506976004260 ROTATION_VECTOR 0.53098077 0.057969213 0.7312437

1506976004260 GYROSCOPE 0.8800049 -0.69776917 0.32637024

1506976004261 MAGNETIC_FIELD 17.030334 -24.685669 -27.087402

1506976004460 ACCELEROMETER 2.783493 5.034851 6.3479156

1506976004462 GRAVITY 6.7921166 5.9582596 3.8126998

1506976004463 LINEAR_ACCELERATION -3.1836376 -0.20719862 3.0176113

1506976004464 ROTATION_VECTOR 0.54619724 0.085293405 0.7037155

1506976004465 GYROSCOPE -0.37182617 0.14604187 -0.9799347

1506976004466 MAGNETIC_FIELD 9.613037 -28.619385 -27.487183

1506976004656 GYROSCOPE -1.9355469 0.57862854 0.6254425

1506976004659 GRAVITY 5.878612 5.1363554 5.9354997

1506976004660 LINEAR_ACCELERATION -1.5513539 1.9296665 6.998028

1506976004661 ROTATION_VECTOR 0.44210836 0.043748476 0.7294192

1506976004662 MAGNETIC_FIELD 9.884644 -26.01471 -29.411316

1506976004857 GRAVITY 5.8068776 3.766858 6.947038

1506976004858 LINEAR_ACCELERATION -2.6498976 0.5569968 -1.5747476

1506976004859 ROTATION_VECTOR 0.38152844 -0.015351914 0.7545291

1506976004860 ACCELEROMETER 3.7822418 6.57428 12.389465

1506976004860 GYROSCOPE 0.9302063 0.37782288 0.74079895

1506976004861 MAGNETIC_FIELD 12.631226 -21.902466 -31.419373

1506976005059 GRAVITY 5.6291804 4.0980725 6.9056873

1506976005059 LINEAR_ACCELERATION -2.203146 1.1720538 -0.12776566

1506976005060 ROTATION_VECTOR 0.38317108 0.03298283 0.79011875

1506976005061 ACCELEROMETER 2.5354156 3.919815 4.6336517

1506976005062 GYROSCOPE 0.26156616 0.21974182 0.22062683

1506976005062 MAGNETIC_FIELD 10.38208 -26.870728 -27.235413

1506976005255 ACCELEROMETER 2.8157349 4.8491974 6.0808563

1506976005256 GYROSCOPE 0.7774658 -0.54930115 0.43745422

1506976005256 MAGNETIC_FIELD 8.5876465 -31.295776 -25.85144

1506976005257 LINEAR_ACCELERATION 0.6174431 2.5222435 5.7550693

1506976005257 GRAVITY 5.9373956 4.4253297 6.4291663

1506976005257 ROTATION_VECTOR 0.4079121 0.07623293 0.8169666

1506976005460 ACCELEROMETER 6.0066833 6.5430145 11.600586

1506976005462 GYROSCOPE 0.7112427 -0.57173157 0.15653992

1506976005464 MAGNETIC_FIELD 6.150818 -28.378296 -26.438904

1506976005466 GRAVITY 6.681423 5.0501337 5.1014824

1506976005468 LINEAR_ACCELERATION -6.405801 -2.013926 -1.9157329

1506976005470 ROTATION_VECTOR 0.47400963 0.12333555 0.8054803

1506976005667 ACCELEROMETER -0.418396 2.550064 2.6543121

1506976005684 GRAVITY 4.669182 4.010656 7.6343813

1506976005705 LINEAR_ACCELERATION 0.6603737 4.945082 6.781422

1506976005705 ROTATION_VECTOR 0.3068263 0.12888959 0.89747596

1506976005705 GYROSCOPE -1.7187195 3.957077 0.7215729

1506976005706 MAGNETIC_FIELD 3.5446167 -31.944275 -24.264526

1506976005857 ACCELEROMETER 4.9558563 8.600357 13.724823

1506976005858 GYROSCOPE 0.19961548 0.5113373 0.4011383

1506976005859 MAGNETIC_FIELD 6.2957764 -28.900146 -27.896118

1506976005859 GRAVITY 1.1805784 2.3499393 9.447455

1506976005860 LINEAR_ACCELERATION 0.847348 0.16027927 -6.029375

1506976005860 ROTATION_VECTOR 0.09279843 0.098500274 0.94941574

1506976006058 ACCELEROMETER 1.936142 2.244934 2.3751373

1506976006059 GYROSCOPE 1.7569275 0.9962616 -0.12437439

1506976006060 MAGNETIC_FIELD 4.698181 -33.755493 -23.794556

1506976006060 GRAVITY 0.59052813 4.3390207 8.774654

1506976006061 LINEAR_ACCELERATION 11.514566 2.4478133 -4.7977123

1506976006061 ROTATION_VECTOR 0.100625776 0.20613487 0.92427313

1506976006260 ACCELEROMETER 11.766586 6.425232 2.7027588

1506976006261 GYROSCOPE -2.6458435 0.2539215 -0.19807434

1506976006261 MAGNETIC_FIELD 16.778564 -29.290771 -23.554993

1506976006262 GRAVITY -0.80547214 3.8352225 8.989587

1506976006262 LINEAR_ACCELERATION -1.0960689 1.5444095 -9.41107

1506976006262 ROTATION_VECTOR 0.023852237 0.20270596 0.9279698

1506976006460 ACCELEROMETER -1.5310516 4.5093384 -1.5965729

1506976006461 GYROSCOPE 0.44421387 -2.9098358 2.0738068

1506976006462 GRAVITY 2.4987023 1.8583841 9.299101

1506976006462 MAGNETIC_FIELD 13.290405 -5.319214 -36.627197

1506976006463 LINEAR_ACCELERATION 0.7078295 0.16787231 0.36371708

1506976006463 ROTATION_VECTOR 0.15142697 0.054292437 0.9442776

1506976006661 ACCELEROMETER 3.115158 1.8279266 8.2434845

1506976006662 GYROSCOPE -0.34832764 -0.6806793 -0.7994232

1506976006663 MAGNETIC_FIELD 1.5426636 3.6773682 -40.968323

1506976006663 GRAVITY 5.7936296 1.4660486 7.775278

1506976006664 LINEAR_ACCELERATION 2.6217465 -1.5850215 4.793523

1506976006673 ROTATION_VECTOR 0.3218228 -0.001120511 0.9170546

1506976006876 GRAVITY -1.2342808 0.48350197 9.716643

1506976006879 LINEAR_ACCELERATION -1.9609656 -2.9711955 0.92140293

1506976006883 ROTATION_VECTOR -0.050366435 0.045302063 0.93404317

1506976006887 ACCELEROMETER 7.425308 -0.1920929 11.425049

1506976006889 GYROSCOPE -2.3766785 7.4273834 -1.7372284

1506976006892 MAGNETIC_FIELD -6.30188 2.0492554 -41.230774

1506976007076 GRAVITY -1.3873482 -4.0216994 8.835813

1506976007081 ACCELEROMETER -2.6168213 -2.9104462 9.4591675

1506976007083 LINEAR_ACCELERATION 20.864473 -7.0068073 3.6684852

1506976007088 ROTATION_VECTOR -0.18554361 -0.12277013 0.7737218

1506976007091 GYROSCOPE -1.4538269 -5.921921 -1.9860992

1506976007095 MAGNETIC_FIELD 3.1677246 -0.80566406 -40.496826

1506976007274 GRAVITY 2.4213977 -7.2903876 6.0956926

1506976007281 LINEAR_ACCELERATION -6.433587 7.195129 4.826098

1506976007283 ROTATION_VECTOR -0.21279837 -0.37937188 0.6064469

1506976007287 ACCELEROMETER 18.725922 -10.263977 11.632217

1506976007289 GYROSCOPE -2.8530579 2.326065 -2.6590118

1506976007292 MAGNETIC_FIELD -24.784851 -0.36315918 -33.322144

1506976007481 ACCELEROMETER -3.5353394 0.92518616 9.574249

1506976007486 LINEAR_ACCELERATION 10.911619 6.1506968 -3.21381

1506976007489 ROTATION_VECTOR -0.19765475 -0.40808198 0.565483

1506976007493 GYROSCOPE 2.0987244 -1.2692108 1.5888824

1506976007496 GRAVITY 3.3219311 -7.1967983 5.774189

1506976007498 MAGNETIC_FIELD -33.70819 2.5527954 -22.047424

1506976007679 ACCELEROMETER 13.8025055 0.28579712 1.5497284

1506976007683 GYROSCOPE -1.1184387 1.0058746 -2.5009308

1506976007687 GRAVITY 4.877595 -5.8350673 6.19124

1506976007689 LINEAR_ACCELERATION 9.744343 9.353179 -4.620963

1506976007693 ROTATION_VECTOR -0.076826155 -0.42241257 0.57810277

1506976007696 MAGNETIC_FIELD -28.36914 -0.6942749 -24.084473

1506976007880 GRAVITY 5.8877554 -3.4322658 7.051544

1506976007884 ACCELEROMETER 13.325348 4.592148 0.4654541

1506976007888 ROTATION_VECTOR -0.024771582 -0.37397552 0.41295484

1506976007891 LINEAR_ACCELERATION 0.090108395 7.6395483 -1.05547

1506976007893 GYROSCOPE -0.212677 0.90760803 -2.1003876

1506976007896 MAGNETIC_FIELD -22.080994 -5.8410645 -25.11139

1506976008081 GRAVITY 5.565219 -0.78993464 8.035841

1506976008086 LINEAR_ACCELERATION -4.1279697 7.886913 -0.90795755

1506976008089 ROTATION_VECTOR 0.056675993 -0.29508305 0.3097513

1506976008092 ACCELEROMETER 4.5623474 4.942993 4.7858887

1506976008094 GYROSCOPE 0.49227905 0.3650055 -0.9542999

1506976008097 MAGNETIC_FIELD -16.65039 -10.8078 -27.835083

1506976008269 ACCELEROMETER 0.146698 7.3280945 5.2005463

1506976008270 GYROSCOPE -0.1699524 -0.19895935 -0.05708313

1506976008271 MAGNETIC_FIELD -11.636353 -16.726685 -26.727295

1506976008272 GRAVITY 5.349763 0.54600656 8.20075

1506976008272 LINEAR_ACCELERATION -3.4701924 7.3479743 -1.3059468

1506976008273 ROTATION_VECTOR 0.120079696 -0.25972867 0.31171575

