1506971069599 GYROSCOPE 0.13018799 0.5561981 0.48658752

1506971069608 MAGNETIC_FIELD -12.538147 -37.472534 -9.332275

1506971069609 GRAVITY -0.4880797 6.6612754 7.1804996

1506971069609 LINEAR_ACCELERATION 0.0 0.0 -0.0

1506971069610 ROTATION_VECTOR 0.0 0.0 0.0

1506971069800 ACCELEROMETER -0.4429474 6.751709 7.3112946

1506971069801 GYROSCOPE -0.5085449 1.6424713 1.0441437

1506971069801 MAGNETIC_FIELD -16.58783 -34.78241 -11.300659

1506971069802 GRAVITY -1.085201 6.275455 7.457304

1506971069803 LINEAR_ACCELERATION 0.016168475 -0.08901405 0.109613895

1506971069803 ROTATION_VECTOR 0.18571913 -0.29204744 -0.8658892

1506971070001 ACCELEROMETER -1.1124878 6.037842 7.625168

1506971070002 GYROSCOPE 0.058624268 1.0592804 1.204361

1506971070002 MAGNETIC_FIELD -20.132446 -30.914307 -15.402222

1506971070003 GRAVITY -1.5019594 5.7808027 7.7779703

1506971070003 LINEAR_ACCELERATION 0.50969076 -0.6048827 0.290668

1506971070004 ROTATION_VECTOR 0.23803988 -0.2162658 -0.7924938

1506971070203 ACCELEROMETER -0.92137146 5.1962433 8.202728

1506971070204 GYROSCOPE -0.28424072 0.8862457 0.8369293

1506971070205 MAGNETIC_FIELD -24.856567 -26.878357 -19.33899

1506971070205 LINEAR_ACCELERATION 0.48485053 -0.5873141 0.48246574

1506971070206 GRAVITY -1.6646576 5.5995836 7.876799

1506971070206 ROTATION_VECTOR 0.27058786 -0.15867335 -0.6938053

1506971070403 ACCELEROMETER -1.1452637 4.937912 8.205521

1506971070405 GYROSCOPE 0.63327026 0.3724823 1.0056915

1506971070406 MAGNETIC_FIELD -26.20697 -22.842407 -19.667053

1506971070406 GRAVITY -1.6130117 6.1535974 7.463365

1506971070407 LINEAR_ACCELERATION 0.1315651 -0.9142337 -1.7117352

1506971070407 ROTATION_VECTOR 0.31769302 -0.13618156 -0.576306

1506971070639 ACCELEROMETER -1.2970581 4.5981293 5.92807

1506971070640 ACCELEROMETER 1.3491516 0.1587677 11.271942

1506971070640 GYROSCOPE 3.1369324 0.23362732 3.3779755

1506971070641 MAGNETIC_FIELD -28.617859 -16.04004 -22.644043

1506971070642 GRAVITY 1.4546257 7.8136992 5.7446113

1506971070642 LINEAR_ACCELERATION 0.08808863 -6.8753657 5.5361614

1506971070643 ROTATION_VECTOR 0.37648362 -0.2556686 -0.35698202

1506971070840 ACCELEROMETER 7.1974945 7.3763885 7.0028687

1506971070841 GYROSCOPE 2.6178284 1.973587 3.809494

1506971070841 MAGNETIC_FIELD -32.37152 -7.7575684 -23.84491

1506971070842 GRAVITY 5.724651 6.988509 3.8156922

1506971070843 LINEAR_ACCELERATION 3.0303192 1.7607288 3.612884

1506971070843 ROTATION_VECTOR 0.48506078 -0.26489598 0.15449543

1506971071041 ACCELEROMETER 6.417038 5.7199707 1.399765

1506971071042 GYROSCOPE 0.22525024 0.7110748 0.017684937

1506971071042 MAGNETIC_FIELD -29.75769 -1.8371582 -26.010132

1506971071043 GRAVITY 7.0310183 5.428424 4.155404

1506971071044 LINEAR_ACCELERATION -1.472425 -0.010489941 -3.1109738

1506971071044 ROTATION_VECTOR 0.49945012 -0.1966798 0.43246773

1506971071242 ACCELEROMETER 10.472504 6.3092346 4.4286804

1506971071243 GYROSCOPE -0.42523193 -0.6379547 -0.08164978

1506971071244 MAGNETIC_FIELD -26.867676 -3.2699585 -30.60913

1506971071245 GRAVITY 7.132172 5.2767115 4.1783757

1506971071245 LINEAR_ACCELERATION 4.5127068 1.5920768 0.9008961

1506971071246 ROTATION_VECTOR 0.49980778 -0.19275457 0.45264402

1506971071443 ACCELEROMETER 3.6789398 6.117737 -0.5111542

1506971071445 GYROSCOPE 0.6909485 1.0539398 -0.7844696

1506971071445 MAGNETIC_FIELD -23.054504 -0.8666992 -28.57666

1506971071446 GRAVITY 6.4156756 6.2824097 3.9421847

1506971071447 LINEAR_ACCELERATION -3.513948 -0.33362103 -4.9601545

1506971071447 ROTATION_VECTOR 0.5195622 -0.17046885 0.385779

1506971071644 ACCELEROMETER 9.05928 11.524765 10.751953

1506971071645 GYROSCOPE 0.83621216 -0.37306213 0.53144836

1506971071646 MAGNETIC_FIELD -20.768738 -6.7382813 -29.698181

1506971071647 GRAVITY 5.884804 6.852023 3.8195875

1506971071647 LINEAR_ACCELERATION 4.3005767 5.589035 8.263317

1506971071648 ROTATION_VECTOR 0.543568 -0.09893947 0.42105052

1506971071845 ACCELEROMETER 4.2919464 0.23439026 4.39653

1506971071846 GYROSCOPE 0.48373413 -0.050491333 1.204361

1506971071847 MAGNETIC_FIELD -14.373779 -11.25946 -30.802917

1506971071848 GRAVITY 7.2317557 5.9442515 2.92198

1506971071848 LINEAR_ACCELERATION -3.4982939 -6.709115 0.20428276

1506971071849 ROTATION_VECTOR 0.5814345 -0.113817394 0.51247674

1506971072046 ACCELEROMETER 7.5666046 3.875595 6.337555

1506971072047 GYROSCOPE -5.607727 -0.6144562 -2.4923859

1506971072048 MAGNETIC_FIELD -14.039612 -14.074707 -30.984497

1506971072048 GRAVITY 6.759508 4.4322133 5.5529203

1506971072049 LINEAR_ACCELERATION 1.3038311 0.21103096 2.3286662

1506971072049 ROTATION_VECTOR 0.40677243 -0.22675109 0.41012767

1506971072252 ACCELEROMETER 0.34204102 5.150131 1.6092682

1506971072259 GYROSCOPE 0.0020141602 -0.30470276 -0.7364044

1506971072260 MAGNETIC_FIELD -20.79773 -0.7537842 -33.966064

1506971072263 GRAVITY 5.6171103 2.7424219 7.5562944

1506971072265 LINEAR_ACCELERATION -5.70604 2.1651492 -6.463242

1506971072266 ROTATION_VECTOR 0.18870421 -0.2812951 0.12822084

1506971072460 GRAVITY 5.4506335 4.0940194 7.0498223

1506971072463 LINEAR_ACCELERATION 4.328143 9.217788 5.3742795

1506971072465 ROTATION_VECTOR 0.24309689 -0.28541726 0.056778386

1506971072467 ACCELEROMETER 8.312698 12.145828 11.206406

1506971072470 GYROSCOPE 0.8661194 0.1759491 0.17042542

1506971072472 MAGNETIC_FIELD -22.271729 -2.9769897 -32.113647

1506971072652 ACCELEROMETER 3.8109436 0.425354 1.5288849

1506971072653 GRAVITY 5.836427 4.308154 6.598963

1506971072654 LINEAR_ACCELERATION -2.4836063 -4.835618 -6.1070523

1506971072654 ROTATION_VECTOR 0.30523396 -0.26528996 0.1990736

1506971072655 GYROSCOPE 0.92807007 0.32655334 1.3912811

1506971072656 MAGNETIC_FIELD -11.782837 -10.662842 -34.222412

1506971072854 GRAVITY 8.211387 1.5114523 5.1438336

1506971072855 LINEAR_ACCELERATION 4.530074 7.008357 4.836868

1506971072855 ROTATION_VECTOR 0.18358743 -0.45170027 0.17688538

1506971072856 ACCELEROMETER 11.755859 7.368408 8.478958

1506971072856 GYROSCOPE -3.9820557 -3.2676544 0.2879181

1506971072856 MAGNETIC_FIELD -14.41803 -15.744019 -31.44226

1506971073058 ROTATION_VECTOR -0.035241805 -0.5991846 -0.020106463

1506971073064 LINEAR_ACCELERATION -8.635523 5.933115 -1.082629

1506971073066 GRAVITY 9.410577 -0.3163868 2.740682

1506971073068 ACCELEROMETER 1.3986511 6.398773 2.4393768

1506971073070 GYROSCOPE -0.8097534 0.11079407 -0.8271942

1506971073074 MAGNETIC_FIELD -22.53418 -5.871582 -32.2464

1506971073260 GRAVITY 9.333442 -0.004712804 3.0095224

1506971073264 LINEAR_ACCELERATION 1.8921051 11.763005 8.559487

1506971073266 ROTATION_VECTOR -0.03793797 -0.58746725 -0.051687013

1506971073268 ACCELEROMETER 9.613434 10.899948 10.617523

1506971073270 GYROSCOPE 1.1609192 -0.31752014 1.3389435

1506971073272 MAGNETIC_FIELD -23.127747 -9.558105 -29.223633

1506971073458 GRAVITY 9.223659 -1.4315643 3.0075128

1506971073459 LINEAR_ACCELERATION -5.216504 2.8403344 -0.3579824

1506971073459 ROTATION_VECTOR 0.023576582 -0.5883058 0.15585211

1506971073459 ACCELEROMETER 4.17955 2.5190582 3.4450989

1506971073460 GYROSCOPE 1.5977783 -0.37306213 1.3101044

1506971073460 MAGNETIC_FIELD -13.789368 -17.126465 -29.890442

1506971073664 ROTATION_VECTOR 0.033458978 -0.7008769 0.2056535

1506971073667 LINEAR_ACCELERATION 0.25701904 7.3326674 -3.9796076

1506971073669 GRAVITY 9.512443 -2.3793485 0.1500824

1506971073671 ACCELEROMETER 8.46167 4.558777 -3.7366638

1506971073674 GYROSCOPE -1.8725281 -2.3864594 0.06468201

1506971073676 MAGNETIC_FIELD -6.829834 -19.865417 -30.265808

1506971073861 GRAVITY 9.584949 -0.82461256 -1.9024099

1506971073864 LINEAR_ACCELERATION -4.4462795 8.018881 6.180913

1506971073866 ROTATION_VECTOR -0.0094911875 -0.77259684 0.046640847

1506971073868 ACCELEROMETER 4.7204895 7.609497 4.2464294

1506971073870 GYROSCOPE -0.9763794 0.34791565 -1.2213287

1506971073873 MAGNETIC_FIELD -16.238403 -5.265808 -39.831543

1506971074064 GRAVITY 9.481165 1.4751103 2.0253234

1506971074065 LINEAR_ACCELERATION -10.087015 4.856679 0.9747076

1506971074065 ROTATION_VECTOR 0.08726989 -0.6237958 -0.011919228

1506971074065 ACCELEROMETER -1.9729004 5.8377075 2.5555115

1506971074066 GYROSCOPE 0.53286743 3.437973 -0.6776581

1506971074066 MAGNETIC_FIELD -22.851563 -5.19104 -36.419678

1506971074263 ROTATION_VECTOR 0.09338929 -0.44652694 0.010318052

1506971074264 LINEAR_ACCELERATION -2.9006114 3.4700565 7.275173

1506971074265 GRAVITY 7.8118544 1.5395006 5.7249684

1506971074265 ACCELEROMETER 3.624771 5.1929626 11.756165

1506971074265 GYROSCOPE -0.8439331 0.2325592 0.74827576

1506971074266 MAGNETIC_FIELD -13.30719 -6.828308 -39.89868

1506971074464 LINEAR_ACCELERATION -3.7214751 -0.048020124 -2.6788478

1506971074465 ROTATION_VECTOR 0.11657885 -0.44196218 0.08350184

1506971074466 GRAVITY 7.8667197 1.3008649 5.709016

1506971074466 ACCELEROMETER 2.6802216 1.0664368 2.4165955

1506971074466 GYROSCOPE 0.6428833 -0.28440857 -0.54841614

1506971074467 MAGNETIC_FIELD 1.0559082 -1.953125 -42.19818

1506971074665 LINEAR_ACCELERATION -2.1711154 6.435615 4.906866

1506971074666 ROTATION_VECTOR 0.20153847 -0.49357507 0.10604808

1506971074667 GRAVITY 8.544698 2.2912254 4.2318816

1506971074667 ACCELEROMETER 4.9082184 8.00502 8.24147

1506971074667 GYROSCOPE 0.40148926 -1.6003265 0.5335846

1506971074668 MAGNETIC_FIELD -1.0803223 -8.16803 -40.397644

1506971074866 GRAVITY 8.972344 2.684252 2.9089885

1506971074867 LINEAR_ACCELERATION -7.897955 0.9342058 3.6410582

1506971074867 ROTATION_VECTOR 0.2652555 -0.5303983 0.13863264

1506971074867 ACCELEROMETER -0.54045105 3.39505 6.0391693

1506971074868 GYROSCOPE 1.316864 0.15885925 0.01020813

1506971074868 MAGNETIC_FIELD -12.698364 1.4160156 -40.7959

1506971075067 GRAVITY 8.081595 3.2806528 4.482803

1506971075068 LINEAR_ACCELERATION -2.337129 5.70502 8.104466

1506971075068 ROTATION_VECTOR 0.29313815 -0.4307095 0.17957231

1506971075068 ACCELEROMETER 4.217819 8.294861 11.820709

1506971075069 GYROSCOPE -0.19772339 1.5089569 0.0048675537

1506971075069 MAGNETIC_FIELD -11.924744 -6.6848755 -40.039063

1506971075268 GRAVITY 7.793801 2.581499 5.363107

1506971075269 LINEAR_ACCELERATION -2.2024035 -1.3071337 -3.6988068

1506971075269 ROTATION_VECTOR 0.29173604 -0.37609538 0.29319906

1506971075269 ACCELEROMETER 3.9226074 0.8800049 0.8154144

1506971075270 GYROSCOPE -0.36968994 -0.4905548 0.5132904

1506971075270 MAGNETIC_FIELD -9.495544 -9.738159 -40.878296

1506971075469 GRAVITY 7.4531083 2.023994 6.0435934

1506971075470 LINEAR_ACCELERATION 2.9893937 5.3533573 4.091282

1506971075470 ROTATION_VECTOR 0.25736505 -0.35443723 0.31909978

1506971075471 ACCELEROMETER 9.024811 6.813446 8.350418

1506971075471 GYROSCOPE -0.34939575 1.1425934 0.042251587

1506971075471 MAGNETIC_FIELD -12.924194 -10.438538 -40.92865

1506971075670 GRAVITY 5.7244673 2.292008 7.625455

1506971075671 LINEAR_ACCELERATION -4.7797375 2.2763743 -2.66007

1506971075672 ROTATION_VECTOR 0.21670833 -0.25347093 0.30239493

1506971075672 ACCELEROMETER 0.09223938 4.196594 3.8627777

1506971075676 GYROSCOPE -0.23617554 0.96421814 -0.60502625

1506971075679 MAGNETIC_FIELD -21.29364 -5.758667 -41.77704

1506971075879 ACCELEROMETER 2.6852875 7.977997 12.9782715

1506971075888 GRAVITY 4.1483893 2.5968926 8.498082

1506971075890 LINEAR_ACCELERATION -0.48563886 6.017002 6.2860966

1506971075893 ROTATION_VECTOR 0.20582916 -0.15605368 0.34282124

1506971075895 GYROSCOPE 0.28826904 0.71855164 0.6254425

1506971075898 MAGNETIC_FIELD -20.84198 -9.306335 -42.4469

1506971076082 ACCELEROMETER 5.4369965 1.3527527 2.0446167

1506971076088 GRAVITY 4.5275326 2.6596825 8.282387

1506971076090 LINEAR_ACCELERATION 1.6354072 -1.076004 -5.305851

1506971076093 ROTATION_VECTOR 0.24467905 -0.13359632 0.4936604

1506971076095 GYROSCOPE 0.8308716 -0.38908386 1.3773956

1506971076097 MAGNETIC_FIELD -8.024597 -13.848877 -42.755127

1506971076281 ACCELEROMETER 7.4836273 1.2120667 10.609146

1506971076290 GRAVITY 5.7738633 -0.98568213 7.865197

1506971076293 LINEAR_ACCELERATION 2.7097545 2.1194148 4.5979314

1506971076295 ROTATION_VECTOR 0.08980282 -0.30153278 0.42016187

1506971076297 GYROSCOPE -5.4902344 -1.3151398 -1.9615326

1506971076299 MAGNETIC_FIELD -13.517761 -18.45398 -41.645813

1506971076482 ACCELEROMETER 2.7924194 5.73967 1.7911224

1506971076491 GRAVITY 7.100972 -3.0425696 6.040642

1506971076494 LINEAR_ACCELERATION -3.2549772 8.166869 -3.5235624

1506971076496 ROTATION_VECTOR -0.12853526 -0.41891727 0.09608573

1506971076499 GYROSCOPE -0.3451233 -0.54289246 -1.6517792

1506971076501 MAGNETIC_FIELD -17.494202 -4.4555664 -43.008423

1506971076684 GRAVITY 7.982578 -2.4616244 5.137046

1506971076690 LINEAR_ACCELERATION 0.9452596 10.417162 9.360112

1506971076693 ROTATION_VECTOR -0.15042661 -0.4641717 -0.012458368

1506971076697 ACCELEROMETER 7.094879 8.124573 13.125229

1506971076700 GYROSCOPE -0.7606201 -0.9017792 0.93840027

1506971076702 MAGNETIC_FIELD -21.281433 -9.037781 -36.787415

1506971076879 GRAVITY 8.22064 -2.9122646 4.4844375

1506971076888 LINEAR_ACCELERATION -0.6127229 6.194036 -4.092538

1506971076891 ROTATION_VECTOR -0.14385855 -0.5006616 0.051754724

1506971076893 ACCELEROMETER 6.0905914 4.1312714 0.0259552

1506971076896 GYROSCOPE 0.8757324 0.19837952 0.10847473

1506971076898 MAGNETIC_FIELD -15.776062 -14.273071 -33.392334

1506971077084 ACCELEROMETER 6.4419556 4.417694 4.5540314

1506971077091 GRAVITY 9.201236 -3.233563 1.025533

1506971077096 LINEAR_ACCELERATION -0.77183914 7.1525393 3.8817866

1506971077098 ROTATION_VECTOR -0.22902805 -0.6286959 -0.008474244

1506971077100 GYROSCOPE -3.160675 -3.5987701 -0.37431335

1506971077103 MAGNETIC_FIELD -25.323486 -20.93811 -25.784302

1506971077285 ACCELEROMETER 1.80513 6.8371124 2.6654358

1506971077291 GRAVITY 8.944796 -2.3865857 -3.235001

1506971077297 LINEAR_ACCELERATION -4.9028773 8.478852 4.9976463

1506971077299 ROTATION_VECTOR -0.38535506 -0.71863806 -0.1327923

1506971077301 GYROSCOPE -0.3590088 -0.124191284 -0.27391052

1506971077303 MAGNETIC_FIELD -38.076782 -15.994263 -21.681213

1506971077486 ACCELEROMETER -0.035980225 8.003082 9.92337

1506971077492 GRAVITY 9.363004 -2.6176057 -1.2855681

1506971077497 LINEAR_ACCELERATION -6.3986263 9.904792 10.977381

1506971077499 ROTATION_VECTOR -0.40263963 -0.6351591 -0.18998186

1506971077502 GYROSCOPE 0.8404846 1.3701019 0.9255829

1506971077504 MAGNETIC_FIELD -46.56067 -6.324768 -16.195679

1506971077687 ACCELEROMETER 6.1595 4.669113 4.8186493

1506971077696 GRAVITY 8.464001 -4.3132954 2.4344537

1506971077698 LINEAR_ACCELERATION 0.5860014 7.3714867 2.9650097

1506971077700 ROTATION_VECTOR -0.3281861 -0.5178526 -0.07380653

1506971077703 GYROSCOPE 1.4984436 1.3722382 1.3079681

1506971077705 MAGNETIC_FIELD -35.780334 -7.119751 -27.28424

1506971077875 ACCELEROMETER 3.2577057 5.251648 -1.7020569

1506971077877 GYROSCOPE 1.0188599 -0.35917664 1.3047638

1506971077886 GRAVITY 6.966128 -5.188381 4.5523787

1506971077886 LINEAR_ACCELERATION -1.1070652 8.5593815 -4.5602937

1506971077887 MAGNETIC_FIELD -22.679138 -11.207581 -31.637573

1506971077887 ROTATION_VECTOR -0.24647525 -0.45512992 0.12264486

1506971078078 GRAVITY 5.1109567 -5.146745 6.599964

1506971078079 LINEAR_ACCELERATION 2.250747 10.379481 3.6911445

1506971078080 ROTATION_VECTOR -0.18795903 -0.35800403 0.27502072

1506971078081 ACCELEROMETER 5.3854218 7.2184906 7.7302246

1506971078081 GYROSCOPE 1.1000366 0.8061371 1.723465

1506971078082 MAGNETIC_FIELD -27.029419 -9.869385 -25.431824

1506971078288 ROTATION_VECTOR -0.12929358 -0.07855439 0.46144223

1506971078294 LINEAR_ACCELERATION -0.1829597 5.690736 0.9539919

1506971078297 GRAVITY 0.17669292 -2.9277487 9.357748

1506971078299 ACCELEROMETER -0.06085205 3.912796 6.620697

1506971078301 GYROSCOPE 3.069641 2.103897 2.0257416

1506971078304 MAGNETIC_FIELD -21.339417 -7.8704834 -28.031921

1506971078490 ACCELEROMETER 11.611069 9.85025 9.985352

1506971078497 GRAVITY -2.6666403 2.0850003 9.203922

1506971078499 LINEAR_ACCELERATION 13.424711 8.660172 4.3585057

1506971078501 ROTATION_VECTOR 0.0058723586 0.17520294 0.5800941

1506971078506 GYROSCOPE 1.3157959 1.6125641 -0.2942047

1506971078509 MAGNETIC_FIELD -20.137024 -16.703796 -26.92871

1506971078691 ACCELEROMETER 4.119171 0.22149658 2.4011688

1506971078697 GRAVITY -4.374462 4.0307784 7.79662

1506971078699 LINEAR_ACCELERATION 6.6798654 -2.131773 -2.1581883

1506971078702 ROTATION_VECTOR -0.020442305 0.3194763 0.68514526

1506971078707 GYROSCOPE 0.6557007 1.0753021 0.9127655

1506971078709 MAGNETIC_FIELD -12.892151 -24.343872 -25.411987

1506971078887 GRAVITY -2.9872787 7.162598 5.9953094

1506971078890 LINEAR_ACCELERATION 10.177062 3.0908856 5.152111

1506971078893 ROTATION_VECTOR 0.059845246 0.43674114 0.77385557

1506971078895 GYROSCOPE 2.2760315 0.048843384 1.4810028

1506971078897 MAGNETIC_FIELD -13.713074 -28.515625 -23.641968

1506971079091 ACCELEROMETER 8.309113 7.2891083 8.527222

1506971079098 GRAVITY -1.439685 9.660496 0.8789298

1506971079100 LINEAR_ACCELERATION 0.66781044 -0.1578641 4.1285305

1506971079105 ROTATION_VECTOR 0.018469155 0.6744227 0.7268

1506971079107 GYROSCOPE 3.486206 2.0077667 0.6863251

1506971079110 MAGNETIC_FIELD -17.945862 -28.401184 -19.166565

1506971079291 GRAVITY 2.012622 9.2778 -2.458082

1506971079295 LINEAR_ACCELERATION 10.32885 1.5566587 11.935112

1506971079297 ROTATION_VECTOR 0.06353057 -0.7882202 -0.58583313

1506971079299 ACCELEROMETER -0.13597107 5.600754 4.686157

1506971079302 GYROSCOPE 1.2089844 1.8753204 0.45240784

1506971079307 MAGNETIC_FIELD -22.506714 -32.295227 -10.124207

1506971079496 ACCELEROMETER 11.368088 6.871765 10.288025

1506971079502 GRAVITY 3.4544148 8.918368 -2.167975

1506971079504 LINEAR_ACCELERATION 2.4855132 -5.4833336 1.3223147

1506971079506 ROTATION_VECTOR 0.17585678 -0.7613214 -0.5162803

1506971079509 GYROSCOPE -0.9753113 -0.24916077 0.28471375

1506971079511 MAGNETIC_FIELD -22.013855 -33.7677 -9.637451

1506971079697 ACCELEROMETER 4.5381775 -0.31274414 0.2361145

1506971079703 GRAVITY 4.8751054 8.371658 -1.5228499

1506971079706 LINEAR_ACCELERATION 8.241293 5.3481336 9.433175

1506971079708 ROTATION_VECTOR 0.15142852 -0.7447907 -0.48518497

1506971079710 GYROSCOPE 1.4439697 0.4141388 0.76109314

1506971079713 MAGNETIC_FIELD -26.473999 -33.042908 -8.375549

1506971079896 ACCELEROMETER 10.96402 10.233261 8.219421

1506971079902 GRAVITY 5.8340297 7.255651 -3.0805867

1506971079904 LINEAR_ACCELERATION -0.5159142 0.7988963 4.9555936

1506971079907 ROTATION_VECTOR 0.26390365 -0.766434 -0.31204173

1506971079909 GYROSCOPE 1.8658752 0.62135315 -0.105148315

1506971079911 MAGNETIC_FIELD -32.14264 -30.413818 -5.0567627

1506971080096 ACCELEROMETER 3.09729 5.238327 3.3044739

1506971080100 GRAVITY 6.5039115 7.3013754 -0.7479608

1506971080102 LINEAR_ACCELERATION 5.4798517 4.933756 11.995035

1506971080105 ROTATION_VECTOR 0.24584919 -0.69115376 -0.32662424

1506971080107 GYROSCOPE -1.0361938 2.4595795 -0.3625641

1506971080109 MAGNETIC_FIELD -32.69806 -31.463623 -4.597473

1506971080289 GRAVITY 5.7762427 7.6952295 1.8944293

1506971080290 LINEAR_ACCELERATION 1.7920787 -3.764421 0.9740615

1506971080291 ROTATION_VECTOR 0.34118873 -0.53572494 -0.27195114

1506971080292 ACCELEROMETER 9.369568 9.262756 11.27533

1506971080298 GYROSCOPE -0.42736816 -0.047286987 -0.5601654

1506971080300 MAGNETIC_FIELD -28.730774 -31.758118 -15.924072

1506971080499 GRAVITY 5.9588823 7.696385 1.1948919

1506971080503 LINEAR_ACCELERATION 2.5574167 3.3680148 9.430209

1506971080506 ROTATION_VECTOR 0.45269892 -0.48388135 -0.11920416

1506971080508 ACCELEROMETER 5.4022675 1.1223145 2.4197083

1506971080510 GYROSCOPE 1.7088623 -0.71913147 0.78352356

1506971080513 MAGNETIC_FIELD -26.661682 -33.384705 -19.062805

1506971080699 ACCELEROMETER 6.253433 8.226807 9.899185

1506971080702 GRAVITY 6.1028643 7.6745954 0.16130862

1506971080705 LINEAR_ACCELERATION -3.3527281 -1.6064229 2.833513

1506971080707 ROTATION_VECTOR 0.40686092 -0.571174 -0.19703941

1506971080709 GYROSCOPE 0.6621094 1.5847931 -0.49821472

1506971080712 MAGNETIC_FIELD -27.61383 -33.668518 -19.189453

1506971080900 ACCELEROMETER 0.73150635 3.5028381 3.2779388

1506971080905 GRAVITY 5.7399025 7.642789 2.193556

1506971080908 LINEAR_ACCELERATION 3.2476058 5.615978 11.630022

1506971080910 ROTATION_VECTOR 0.16806297 -0.59992886 -0.47555754

1506971080912 GYROSCOPE 0.06716919 1.3647614 0.4011383

1506971080915 MAGNETIC_FIELD -25.927734 -37.860107 -14.031982

1506971081101 ACCELEROMETER 6.888809 10.34285 12.640533

1506971081106 GRAVITY 5.0796065 7.276043 4.1745877

1506971081109 LINEAR_ACCELERATION 1.1397574 -4.433191 -2.9917684

1506971081111 ROTATION_VECTOR 0.0 0.0 0.0

1506971081114 GYROSCOPE -1.3491516 0.7356415 -0.56336975

1506971081116 MAGNETIC_FIELD -28.282166 -37.928772 -17.385864

1506971081297 GRAVITY 5.9297547 7.3905315 2.5275362

1506971081298 LINEAR_ACCELERATION 4.4208746 4.403431 8.716739

1506971081299 ROTATION_VECTOR 0.5925399 -0.14152026 0.3390119

1506971081299 ACCELEROMETER 4.587021 0.4565277 0.23796082

1506971081300 GYROSCOPE 2.661621 -2.8724518 1.0163727

1506971081301 MAGNETIC_FIELD -28.388977 -32.61261 -21.891785

1506971081498 GRAVITY 6.094252 7.6325645 -0.8800174

1506971081499 LINEAR_ACCELERATION -6.3001432 -3.0798836 4.6697893

1506971081500 ROTATION_VECTOR -0.08603012 -0.7331216 -0.57266563

1506971081500 ACCELEROMETER 8.175262 9.335236 10.062454

1506971081501 GYROSCOPE 0.68026733 0.88838196 -0.4191742

1506971081502 MAGNETIC_FIELD -28.062439 -35.34088 -20.207214

1506971081704 ACCELEROMETER -2.3880615 2.2061462 4.0559235

1506971081707 GRAVITY 5.158891 8.307004 0.7415621

1506971081709 LINEAR_ACCELERATION -4.4155436 4.8071775 5.983081

1506971081712 ROTATION_VECTOR -0.024909578 -0.6793897 -0.63675046

1506971081714 GYROSCOPE -0.6527405 1.2056122 -0.2995453

1506971081716 MAGNETIC_FIELD -17.185974 -37.905884 -22.860718

1506971081905 ACCELEROMETER -0.769516 9.990753 6.532242

1506971081908 GRAVITY 5.7520256 7.890227 0.9104484

1506971081910 LINEAR_ACCELERATION 0.3424878 -4.5211444 -0.862609

1506971081913 ROTATION_VECTOR -0.212963 -0.6389263 -0.7043727

1506971081915 GYROSCOPE 0.41003418 -1.178421 0.79100037

1506971081917 MAGNETIC_FIELD -17.337036 -35.498047 -21.704102

1506971082106 ACCELEROMETER 4.143051 0.7407379 -0.27067566

1506971082109 GRAVITY 5.793681 7.4635816 2.6265202

1506971082111 LINEAR_ACCELERATION 2.7010376 3.3679752 10.760002

1506971082114 ROTATION_VECTOR -0.18811843 -0.5750619 -0.7495574

1506971082116 GYROSCOPE -2.261322 0.38850403 -0.82292175

1506971082118 MAGNETIC_FIELD -25.44403 -32.981873 -11.009216

1506971082308 GRAVITY 4.4725456 7.5000257 4.462773

1506971082310 LINEAR_ACCELERATION -3.0107691 -1.395514 -0.48620963

1506971082313 ACCELEROMETER 6.5387573 8.429611 12.272308

1506971082315 ROTATION_VECTOR -0.12286353 -0.507313 -0.814834

1506971082317 GYROSCOPE -0.088775635 -0.5792084 -0.7759247

1506971082320 MAGNETIC_FIELD -22.503662 -36.35559 -9.306335

1506971082510 ACCELEROMETER -0.15292358 3.661728 2.6085358

1506971082513 GRAVITY 3.849531 7.8712015 4.404053

1506971082515 LINEAR_ACCELERATION 3.692178 7.3559103 5.7807293

1506971082518 ROTATION_VECTOR -0.21479222 -0.47887376 -0.85073185

1506971082520 GYROSCOPE 0.33099365 0.6533966 0.029434204

1506971082522 MAGNETIC_FIELD -16.377258 -40.87372 -3.9169312

1506971082706 GRAVITY 4.8494525 7.55879 3.9392757

1506971082718 LINEAR_ACCELERATION -0.707814 -3.7579956 -1.0865555

1506971082720 ACCELEROMETER 6.384033 12.712662 8.977005

1506971082722 ROTATION_VECTOR -0.25238678 -0.48523578 -0.8337175

1506971082724 GYROSCOPE 0.86932373 0.1481781 1.5856781

1506971082726 MAGNETIC_FIELD -16.767883 -39.39972 -6.5704346

1506971082905 GRAVITY 5.0699697 6.0004163 5.870332

1506971082909 LINEAR_ACCELERATION 2.7365725 -0.1529274 7.8780627

1506971082920 ROTATION_VECTOR -0.23381034 -0.38213754 -0.8836673

1506971082923 ACCELEROMETER 2.8927917 1.4557953 1.647232

1506971082925 GYROSCOPE -4.1476135 -1.8022003 -2.5361786

1506971082927 MAGNETIC_FIELD -26.123047 -34.199524 -7.676697

1506971083106 GRAVITY 5.2228417 5.165341 6.4970427

1506971083108 LINEAR_ACCELERATION -1.9670675 2.7581315 -2.5148335

1506971083110 ROTATION_VECTOR -0.286166 -0.2947067 -0.9115463

1506971083114 ACCELEROMETER 6.4058228 4.6948547 12.090485

1506971083119 GYROSCOPE 0.91952515 -1.0449066 -0.22691345

1506971083121 MAGNETIC_FIELD -18.600464 -35.62317 -17.72461

1506971083310 GRAVITY 6.1426344 5.3166337 5.49289

1506971083314 LINEAR_ACCELERATION 2.778195 6.931751 7.260037

1506971083316 ROTATION_VECTOR -0.3334201 -0.3298054 -0.8812572

1506971083318 ACCELEROMETER 1.6892548 6.213745 2.274887

1506971083320 GYROSCOPE -0.08557129 -0.16157532 1.148819

1506971083323 MAGNETIC_FIELD -22.494507 -36.37085 -4.46167

1506971083506 GRAVITY 7.1319804 3.816867 5.544075

1506971083507 LINEAR_ACCELERATION -1.3535213 0.3727057 -1.7023215

1506971083507 ROTATION_VECTOR -0.28225785 -0.3710274 -0.8044949

1506971083507 ACCELEROMETER 7.681381 11.241013 11.7152405

1506971083508 GYROSCOPE 0.6557007 0.5775604 1.6070404

1506971083508 MAGNETIC_FIELD -25.700378 -35.510254 5.848694

1506971083712 GRAVITY 8.355589 2.7362032 4.3436985

1506971083715 ACCELEROMETER 4.0773315 2.9486847 2.1087646

1506971083717 LINEAR_ACCELERATION 1.068286 3.1502712 -4.919884

1506971083719 ROTATION_VECTOR -0.27750972 -0.4489113 -0.64929545

1506971083722 GYROSCOPE -1.584137 -2.0083466 -0.5580292

1506971083724 MAGNETIC_FIELD -35.282898 -26.734924 4.9682617

1506971083910 GRAVITY 8.621485 3.0966957 3.5001233

1506971083913 LINEAR_ACCELERATION -3.8368592 4.2049294 8.186796

1506971083915 ROTATION_VECTOR -0.32241863 -0.46646503 -0.66981834

1506971083917 ACCELEROMETER 7.5498657 5.7580414 -0.44169617

1506971083919 GYROSCOPE -0.39212036 -0.40403748 -0.67658997

1506971083922 MAGNETIC_FIELD -41.394043 -22.918701 4.585266

1506971084120 ACCELEROMETER 2.4538727 6.225891 9.947754

1506971084124 GRAVITY 7.3062882 4.623221 4.6275663

1506971084126 LINEAR_ACCELERATION -6.5264645 2.2807379 0.86900854

1506971084128 ROTATION_VECTOR -0.21894649 -0.46488947 -0.72386795

1506971084130 GYROSCOPE 0.677063 1.7631683 -0.6915436

1506971084133 MAGNETIC_FIELD -33.996582 -17.488098 -2.758789

1506971084319 ACCELEROMETER -0.3695221 6.460327 4.8674164

1506971084326 GRAVITY 6.4795465 4.8662834 5.523146

1506971084328 LINEAR_ACCELERATION 1.963386 4.606498 4.0463347

1506971084331 ROTATION_VECTOR -0.13779527 -0.4465539 -0.7157479

1506971084333 GYROSCOPE 1.0594482 0.46861267 1.5151825

1506971084335 MAGNETIC_FIELD -22.738647 -23.994446 -5.6625366

1506971084520 ACCELEROMETER 6.54068 7.5958557 7.449112

1506971084527 GRAVITY 7.283892 4.1156135 5.1163487

1506971084529 LINEAR_ACCELERATION -0.750865 -2.1929643 -4.4668527

1506971084531 ROTATION_VECTOR -0.20092174 -0.44583547 -0.7032339

1506971084534 GYROSCOPE -1.269043 -0.93595886 -0.630661

1506971084536 MAGNETIC_FIELD -20.072937 -25.682068 -3.1570435

1506971084721 ACCELEROMETER 5.6385803 1.7833252 0.85957336

1506971084728 GRAVITY 7.935829 4.4957066 3.603002

1506971084730 LINEAR_ACCELERATION 3.9140215 7.1888037 5.058361

1506971084733 ROTATION_VECTOR -0.26362157 -0.4967914 -0.69724846

1506971084735 GYROSCOPE 0.9505005 -1.3973846 0.20246887

1506971084737 MAGNETIC_FIELD -18.894958 -29.170227 -5.8654785

1506971084922 ACCELEROMETER 8.962494 10.045486 6.655014

1506971084929 GRAVITY 7.8146086 5.445223 2.3349144

1506971084931 LINEAR_ACCELERATION -6.157717 -1.4001999 1.8205177

1506971084933 ROTATION_VECTOR -0.27151364 -0.5542859 -0.68792355

1506971084936 GYROSCOPE 0.7261963 0.62028503 -0.59861755

1506971084938 MAGNETIC_FIELD -16.975403 -34.309387 -4.5425415

1506971085123 ACCELEROMETER 0.6751251 3.8568878 4.759308

1506971085129 GRAVITY 6.6889052 5.690704 4.3640375

1506971085132 LINEAR_ACCELERATION -0.2992258 7.2185345 10.533394

1506971085134 ROTATION_VECTOR -0.18335027 -0.49384075 -0.7416868

1506971085136 GYROSCOPE -0.45513916 1.6627655 0.5688324

1506971085139 MAGNETIC_FIELD -10.498047 -36.499023 -3.2608032

1506971085327 ACCELEROMETER 4.810562 10.775467 12.830063

1506971085333 GRAVITY 7.0177417 5.0326405 4.646958

1506971085336 LINEAR_ACCELERATION -1.9748621 -2.9021053 -4.4667115

1506971085338 ROTATION_VECTOR -0.20905478 -0.4683665 -0.7411707

1506971085340 GYROSCOPE 0.7133789 -0.8964386 0.4994049

1506971085343 MAGNETIC_FIELD -16.410828 -34.321594 -5.9143066

1506971085528 ACCELEROMETER 3.7439117 1.4240723 -0.777298

1506971085534 GRAVITY 6.4697304 4.625676 5.7372546

1506971085536 LINEAR_ACCELERATION -0.47471666 2.9945738 5.4146523

1506971085539 ROTATION_VECTOR -0.19458014 -0.41184947 -0.7775021

1506971085541 GYROSCOPE -1.8607788 1.3850555 -0.63386536

1506971085544 MAGNETIC_FIELD -21.313477 -31.755066 -1.2634277

1506971085729 ACCELEROMETER 4.7159576 6.8801727 10.1354065

1506971085735 GRAVITY 5.383771 4.707256 6.710227

1506971085738 LINEAR_ACCELERATION -2.5668364 1.3894997 -2.8138862

1506971085740 ROTATION_VECTOR -0.16760573 -0.36025265 -0.8390817

1506971085742 GYROSCOPE 0.55529785 -0.7063141 -0.49821472

1506971085744 MAGNETIC_FIELD -21.33789 -32.836914 -4.432678

1506971085923 ACCELEROMETER 1.3812714 5.1831055 2.9477997

1506971085933 GRAVITY 4.4319043 5.4694023 6.8274627

1506971085935 LINEAR_ACCELERATION 1.8660665 6.595591 5.954277

1506971085938 ROTATION_VECTOR -0.129157 -0.3677156 -0.867215

1506971085940 GYROSCOPE -0.20306396 1.3455353 -0.2942047

1506971085942 MAGNETIC_FIELD -19.345093 -34.617615 1.7120361

1506971086128 ACCELEROMETER 5.930298 10.828064 11.515076

1506971086135 GRAVITY 3.9231677 5.5391145 7.0779486

1506971086137 LINEAR_ACCELERATION 0.09355259 -2.6150756 -4.459912

1506971086139 ROTATION_VECTOR -0.07977836 -0.3643631 -0.85433775

1506971086141 GYROSCOPE 1.0081787 0.34043884 1.2844696

1506971086144 MAGNETIC_FIELD -22.703552 -33.215332 -0.30822754

1506971086329 ACCELEROMETER 3.4658203 1.8213043 1.1727905

1506971086336 GRAVITY 5.120076 4.4500403 7.0818324

1506971086338 LINEAR_ACCELERATION 6.602304 4.051552 1.5227442

1506971086340 ROTATION_VECTOR -0.15739442 -0.3378669 -0.8475402

1506971086343 GYROSCOPE -2.3841553 -1.3952484 -0.94255066

1506971086345 MAGNETIC_FIELD -29.498291 -25.72937 1.5808105

1506971086533 ACCELEROMETER 10.6914215 8.380295 7.4160614

1506971086539 GRAVITY 5.235299 3.264404 7.6227093

1506971086541 LINEAR_ACCELERATION -3.4164948 3.596679 -5.822309

1506971086543 ROTATION_VECTOR -0.21041705 -0.25898775 -0.89152455

1506971086546 GYROSCOPE -0.49572754 0.29771423 -0.56443787

1506971086548 MAGNETIC_FIELD -29.148865 -27.89917 -2.0263672

1506971086730 ACCELEROMETER 0.859848 5.8867645 0.805603

1506971086737 GRAVITY 4.2889867 2.4407594 8.47453

1506971086739 LINEAR_ACCELERATION 2.3313563 7.9043493 -0.14311218

1506971086742 ROTATION_VECTOR -0.17937613 -0.18905923 -0.9239337

1506971086744 GYROSCOPE -1.2498169 0.8499298 0.3872528

1506971086746 MAGNETIC_FIELD -30.85785 -28.005981 1.9729614

1506971086935 ACCELEROMETER 5.66098 10.149399 7.3974457

1506971086942 GRAVITY 4.293033 1.752556 8.641111

1506971086944 LINEAR_ACCELERATION -1.7377496 3.402961 -1.940772

1506971086947 ROTATION_VECTOR -0.1671379 -0.17745668 -0.8824512

1506971086949 GYROSCOPE 1.3286133 -0.42539978 1.779007

1506971086951 MAGNETIC_FIELD -28.771973 -28.518677 -5.5358887

1506971087132 ACCELEROMETER 2.2263794 4.3602295 4.387192

1506971087139 GRAVITY 5.697979 2.5423098 7.5657177

1506971087141 LINEAR_ACCELERATION 0.14060926 4.5392385 -5.586057

1506971087143 ROTATION_VECTOR -0.17611481 -0.28851226 -0.7751175

1506971087146 GYROSCOPE -0.14859009 -0.92100525 -0.50782776

1506971087148 MAGNETIC_FIELD -33.4198 -22.691345 -5.227661

1506971087333 ACCELEROMETER 4.8158875 7.1098785 1.7815094

1506971087339 GRAVITY 6.6790032 2.8471816 6.59203

1506971087342 LINEAR_ACCELERATION -2.5722404 4.3640575 1.147407

1506971087344 ROTATION_VECTOR -0.21453117 -0.3433313 -0.74981827

1506971087347 GYROSCOPE -0.095184326 -0.8398285 0.13304138

1506971087349 MAGNETIC_FIELD -31.70929 -24.691772 -4.345703

1506971087534 ACCELEROMETER 2.2832031 6.266968 5.6621094

1506971087541 GRAVITY 6.084887 3.5651684 6.814258

1506971087543 LINEAR_ACCELERATION -6.2071915 3.3459 -1.6265869

1506971087546 ROTATION_VECTOR -0.14300275 -0.3634828 -0.7238466

1506971087548 GYROSCOPE 1.4364929 1.6456757 0.5335846

1506971087550 MAGNETIC_FIELD -29.847717 -24.116516 -0.09460449

1506971087723 ACCELEROMETER -0.38719177 7.3327484 4.6688538

1506971087724 GRAVITY 4.953771 4.219858 7.3364387

1506971087724 LINEAR_ACCELERATION 0.6096401 4.691247 1.894927

1506971087725 GYROSCOPE 1.335022 0.81147766 1.5429535

1506971087725 MAGNETIC_FIELD -32.61566 -20.339966 0.21057129

1506971087725 ROTATION_VECTOR 0.0031081159 -0.35487473 -0.5999989

1506971087929 GRAVITY 4.6622148 4.915285 7.0904245

1506971087930 LINEAR_ACCELERATION -0.16823244 1.6020007 -3.9558444

1506971087938 ROTATION_VECTOR 0.12217047 -0.3515158 -0.42640612

1506971087938 ACCELEROMETER 4.248703 6.8003235 6.4729004

1506971087939 GYROSCOPE 0.9579773 0.76982117 0.45454407

1506971087939 MAGNETIC_FIELD -33.628845 -11.450195 -0.6713867

1506971088129 GRAVITY 3.548663 5.2742834 7.4672165

1506971088134 LINEAR_ACCELERATION 3.7283359 3.7993436 0.39214897

1506971088140 ROTATION_VECTOR 0.22066201 -0.26568067 -0.26426047

1506971088142 ACCELEROMETER 4.49498 6.6820374 2.921173

1506971088144 GYROSCOPE 0.5595703 2.038742 1.1092987

1506971088146 MAGNETIC_FIELD -37.060547 -4.823303 1.348877

1506971088336 GRAVITY 1.0782912 6.224914 7.500541

1506971088339 LINEAR_ACCELERATION -0.2871105 0.42269516 0.7244978

1506971088342 ROTATION_VECTOR 0.33903217 -0.051342227 0.019935938

1506971088344 ACCELEROMETER 5.5105133 7.1544037 6.060501

1506971088346 GYROSCOPE 2.4714966 3.3044586 1.4874115

1506971088348 MAGNETIC_FIELD -33.02765 -0.04272461 -12.989807

1506971088537 GRAVITY 0.6126311 8.173211 5.384579

1506971091740 ACCELEROMETER 6.556427 -3.0096436 -6.317505

1506971091741 GYROSCOPE -2.6180725 0.041366577 -1.2458954

1506971091742 MAGNETIC_FIELD -46.775818 4.310608 9.056091

1506971091742 GRAVITY 6.550772 2.0294454 7.00993

1506971091753 LINEAR_ACCELERATION 2.8845873 -0.47487676 -7.9982924

1506971091754 ROTATION_VECTOR 0.3735123 0.055512168 0.9151624

1506971091941 ACCELEROMETER 7.7001343 1.6417389 -0.58148193

1506971091942 GYROSCOPE 0.26690674 0.30625916 -0.058151245

1506971091942 MAGNETIC_FIELD -47.19696 -11.029053 8.735657

1506971091943 GRAVITY 6.150654 1.3738333 7.5134835

1506971091943 LINEAR_ACCELERATION 2.4222193 3.3296146 -3.289784

1506971091944 ROTATION_VECTOR 0.32096937 -0.11788821 0.7902664

1506971092142 ACCELEROMETER 6.9464874 4.6629333 1.3688965

1506971092145 GYROSCOPE 0.16970825 -0.01524353 -0.24613953

1506971092146 MAGNETIC_FIELD -44.587708 -10.948181 10.702515

1506971092147 LINEAR_ACCELERATION 1.811717 4.1392393 -7.5103364

1506971092151 GRAVITY 6.1621747 2.2209811 7.2983036

1506971092152 ROTATION_VECTOR 0.3548455 -0.044438332 0.8323902

1506971092348 ACCELEROMETER 7.0134735 6.0552063 -1.7376404

1506971092349 GRAVITY 6.4853516 2.7450485 6.82461

1506971092349 LINEAR_ACCELERATION 1.8543539 3.6497746 -6.368067

1506971092350 ROTATION_VECTOR 0.3867895 0.04935164 0.8866209

1506971092351 GYROSCOPE 0.037261963 -0.14875793 0.119155884

1506971092351 MAGNETIC_FIELD -44.999695 -10.168457 10.534668

1506971092556 GRAVITY 6.89938 3.0969114 6.2432423

1506971092560 LINEAR_ACCELERATION 2.2671986 3.5051901 -7.432748

1506971092564 ROTATION_VECTOR -0.3453198 -0.2498749 -0.8857626

1506971092567 ACCELEROMETER 6.5870514 5.607895 -1.332901

1506971092570 GYROSCOPE 0.16436768 -0.018447876 0.001663208

1506971092572 MAGNETIC_FIELD -45.388794 -11.125183 10.357666

