1506971098252 ACCELEROMETER 0.27134705 4.591751 6.853058

1506971098254 GYROSCOPE -0.8631592 1.7802582 1.1253204

1506971098255 MAGNETIC_FIELD -27.557373 -16.116333 -24.589539

1506971098256 GRAVITY 0.49380064 5.2298684 8.281004

1506971098256 LINEAR_ACCELERATION 0.0 0.0 -0.0

1506971098257 ROTATION_VECTOR 0.0 0.0 0.0

1506971098453 ACCELEROMETER -2.7362213 2.0360565 11.0401

1506971098454 GYROSCOPE -0.55981445 3.0908356 2.623886

1506971098455 MAGNETIC_FIELD -20.132446 -11.407471 -32.4646

1506971098455 LINEAR_ACCELERATION 0.045681 0.005056381 0.020223618

1506971098456 GRAVITY -2.01264 3.4544601 8.954684

1506971098456 ROTATION_VECTOR 0.20829527 -0.0071585523 -0.52109176

1506971098653 ACCELEROMETER -1.9207764 4.7043304 12.151886

1506971098654 GYROSCOPE 0.49441528 1.862503 1.0793915

1506971098655 MAGNETIC_FIELD -10.513306 -4.849243 -37.550354

1506971098656 GRAVITY -3.581186 3.4553165 8.450223

1506971098656 LINEAR_ACCELERATION 1.3357003 0.13207293 3.861249

1506971098657 ROTATION_VECTOR 0.19926846 0.17161174 -0.08894295

1506971098854 ACCELEROMETER 3.3568878 8.981598 2.4244995

1506971098855 GYROSCOPE 1.6672058 2.7319489 3.5638275

1506971098856 MAGNETIC_FIELD 12.774658 -9.220886 -31.643677

1506971098857 GRAVITY -3.2370217 6.9090266 6.1609597

1506971098857 LINEAR_ACCELERATION 5.417804 -0.102574825 -0.19980192

1506971098858 ROTATION_VECTOR 0.26458436 0.3404021 0.41017795

1506971099090 ACCELEROMETER 6.3462677 12.93103 -10.537735

1506971099091 GYROSCOPE 2.578308 3.9795074 0.7429352

1506971099092 GRAVITY 0.452582 9.7863 -0.44034454

1506971099093 LINEAR_ACCELERATION 5.3194885 4.455701 -8.158891

1506971099093 ROTATION_VECTOR 0.53605086 0.48487192 0.48674846

1506971099291 ACCELEROMETER -2.8374329 1.5037842 3.400772

1506971099292 GYROSCOPE -2.9075317 -4.0121307 -11.27977

1506971099293 MAGNETIC_FIELD 10.012817 -32.8125 -12.536621

1506971099293 GRAVITY -8.099656 5.5236287 0.23554687

1506971099294 LINEAR_ACCELERATION 7.9112353 -2.87401 2.3625212

1506971099294 ROTATION_VECTOR 0.28505564 0.6377568 0.1268275

1506971099493 ACCELEROMETER -6.5850067 5.371399 2.1267853

1506971099493 GYROSCOPE -1.2391357 5.6489716 0.41929626

1506971099494 MAGNETIC_FIELD 10.270691 -30.895996 -13.896179

1506971099494 GRAVITY -8.930114 -3.429261 -2.159545

1506971099495 LINEAR_ACCELERATION -2.1990762 5.6300964 5.3124084

1506971099495 ROTATION_VECTOR -0.1795043 0.76018703 -0.083893485

1506971099693 ACCELEROMETER 0.7054596 8.498947 -1.5843658

1506971099694 GYROSCOPE 3.0440063 -0.5653229 -0.25361633

1506971099694 MAGNETIC_FIELD 22.340393 -18.125916 -18.421936

1506971099695 GRAVITY -7.086563 -2.3868976 -6.3445826

1506971099696 LINEAR_ACCELERATION 6.6478634 9.766092 2.106062

1506971099696 ROTATION_VECTOR -0.076319985 0.90424496 -0.10014676

1506971099894 ACCELEROMETER 0.9798889 10.793533 1.612381

1506971099896 GYROSCOPE -1.8308716 0.59358215 -0.5580292

1506971099896 MAGNETIC_FIELD 24.241638 -25.257874 -6.25

1506971099897 GRAVITY -7.4329057 -1.6420392 -6.1827183

1506971099897 LINEAR_ACCELERATION 5.539123 14.269423 6.144086

1506971099898 ROTATION_VECTOR -0.11295274 0.89580834 -0.039487824

1506971100096 ACCELEROMETER -0.09843445 8.281555 -4.468216

1506971100097 GYROSCOPE -0.95288086 1.9127045 -3.652359

1506971100097 MAGNETIC_FIELD 20.033264 -29.45404 -8.18634

1506971100098 GRAVITY -3.860785 -1.2716476 -8.924553

1506971100098 LINEAR_ACCELERATION 2.4349012 7.802418 0.2869339

1506971100099 ROTATION_VECTOR -0.25609687 0.9431012 -0.011240997

1506971100296 ACCELEROMETER -2.4278412 11.735245 -3.112503

1506971100297 GYROSCOPE 0.39614868 0.57221985 -0.3839264

1506971100298 MAGNETIC_FIELD 25.24414 -26.019287 -3.1326294

1506971100298 LINEAR_ACCELERATION -2.9343772 12.120232 2.8027935

1506971100299 GRAVITY -1.3357106 -0.026690185 -9.715222

1506971100299 ROTATION_VECTOR -0.3459801 0.93575436 0.02239303

1506971100497 ACCELEROMETER -1.456604 4.1104736 -0.33013916

1506971100498 GYROSCOPE 2.827179 0.9129486 -2.511612

1506971100498 MAGNETIC_FIELD 28.131104 -20.054626 -13.040161

1506971100499 GRAVITY 0.3482087 -2.9918456 -9.33263

1506971100499 LINEAR_ACCELERATION 1.2954073 4.2724824 3.66952

1506971100500 ROTATION_VECTOR -0.36540866 0.91777354 -0.15011407

1506971100700 ACCELEROMETER -2.000473 8.496918 2.9910583

1506971100702 GYROSCOPE -3.2044678 1.3177643 0.121292114

1506971100703 MAGNETIC_FIELD 24.552917 -24.128723 -8.554077

1506971100704 GRAVITY 2.603081 -0.5139856 -9.440878

1506971100705 LINEAR_ACCELERATION -5.460293 11.641538 6.221349

1506971100706 ROTATION_VECTOR 0.3720346 -0.91811824 0.074832246

1506971100905 GRAVITY 5.5811296 4.4002647 -6.757148

1506971100905 LINEAR_ACCELERATION -1.6437578 -0.8997303 -1.0882361

1506971100905 ROTATION_VECTOR 0.38460377 -0.8346248 -0.09213146

1506971100906 ACCELEROMETER 0.6302948 2.0214386 -3.3188782

1506971100906 GYROSCOPE -1.8116455 2.9071198 -1.9027863

1506971100906 MAGNETIC_FIELD 22.122192 -25.386047 -10.519409

1506971101105 LINEAR_ACCELERATION -2.3572595 6.7519045 6.09896

1506971101106 ROTATION_VECTOR 0.3745706 -0.66908395 -0.29889703

1506971101106 GRAVITY 5.25866 8.095647 -1.7255094

1506971101106 ACCELEROMETER 0.17010498 10.748169 3.903244

1506971101107 GYROSCOPE -0.82470703 1.1650238 -0.64881897

1506971101107 MAGNETIC_FIELD 26.455688 -22.348022 -6.1553955

1506971101307 ROTATION_VECTOR 0.37692288 -0.6613599 -0.3148632

1506971101307 LINEAR_ACCELERATION -0.3804345 -0.6912725 -1.6032313

1506971101307 GRAVITY 5.026029 8.27527 -1.5586259

1506971101308 ACCELEROMETER -0.58226013 5.429428 -2.663391

1506971101308 GYROSCOPE 1.6298218 1.1340485 -0.12437439

1506971101308 MAGNETIC_FIELD 28.848267 -15.505981 -14.425659

1506971101507 LINEAR_ACCELERATION -7.4932775 14.384815 -0.2510863

1506971101508 GRAVITY 3.247406 9.178482 -1.1748244

1506971101508 ROTATION_VECTOR 0.34293157 -0.6650544 -0.45445186

1506971101509 ACCELEROMETER -4.341736 13.386261 0.41333008

1506971101509 GYROSCOPE -1.6140442 -0.6144562 -0.11369324

1506971101509 MAGNETIC_FIELD 31.687927 -21.801758 -1.5106201

1506971101709 ACCELEROMETER -3.2883148 5.8697815 -9.377472

1506971101712 GYROSCOPE -0.63778687 3.854538 -0.94895935

1506971101718 MAGNETIC_FIELD 34.802246 -24.27063 4.652405

1506971101720 GRAVITY 1.3423618 9.702609 0.4773074

1506971101722 LINEAR_ACCELERATION -4.076057 -0.2868986 -9.4479885

1506971101724 ROTATION_VECTOR 0.37167802 -0.5809643 -0.55072945

1506971101912 GRAVITY 0.15610601 9.77358 0.78940237

1506971101917 LINEAR_ACCELERATION -1.1013271 3.6805196 -7.3392024

1506971101919 ROTATION_VECTOR 0.19329047 -0.64991575 -0.70108193

1506971101921 ACCELEROMETER -1.6681824 8.780762 -7.4601593

1506971101923 GYROSCOPE -0.5469971 -2.2657623 0.15440369

1506971101926 MAGNETIC_FIELD 47.27173 -19.581604 9.655762

1506971102123 ACCELEROMETER -3.4579773 6.038574 0.4544525

1506971102129 GRAVITY 0.7725235 9.597584 -1.8601042

1506971102131 LINEAR_ACCELERATION -1.5061458 -1.7527404 0.74528134

1506971102134 ROTATION_VECTOR 0.18456355 0.7488493 0.6282572

1506971102136 GYROSCOPE 3.2939453 2.1231232 0.65641785

1506971102138 MAGNETIC_FIELD 41.71753 -9.34906 -20.066833

1506971102324 ACCELEROMETER -5.375412 13.195511 0.75927734

1506971102331 GRAVITY 0.6169292 8.974817 -3.9041567

1506971102333 LINEAR_ACCELERATION -8.483485 13.633356 2.694303

1506971102335 ROTATION_VECTOR 0.24582878 0.79914004 0.5341622

1506971102338 GYROSCOPE -0.22549438 -2.1771088 0.28684998

1506971102340 MAGNETIC_FIELD 36.491394 -21.806335 -11.999512

1506971102525 ACCELEROMETER -5.3198547 8.858459 -0.22817993

1506971102531 GRAVITY -0.83333033 8.911204 -4.008291

1506971102533 LINEAR_ACCELERATION -3.5171058 -0.8242307 0.8513098

1506971102536 ROTATION_VECTOR 0.38496387 0.74576724 0.4578291

1506971102538 GYROSCOPE 0.32992554 -1.0214081 -0.037857056

1506971102540 MAGNETIC_FIELD 30.155945 -28.842163 -5.932617

1506971102723 ACCELEROMETER -11.18306 17.307373 4.5295105

1506971102729 GYROSCOPE -2.9246216 -1.0288849 1.0249176

1506971102732 MAGNETIC_FIELD 30.37262 -29.095459 -5.126953

1506971102735 GRAVITY -1.1837796 9.711431 -0.6761479

1506971102737 LINEAR_ACCELERATION -10.480534 13.412912 7.553361

1506971102739 ROTATION_VECTOR 0.50397074 0.5296107 0.43372837

1506971102920 LINEAR_ACCELERATION -3.8536656 1.337565 -4.0297008

1506971102923 ACCELEROMETER -2.3286133 5.96196 -3.1345215

1506971102925 GRAVITY 0.5261079 9.627603 -1.7896568

1506971102927 ROTATION_VECTOR 0.7273777 0.24933656 0.24000679

1506971102929 GYROSCOPE 3.531067 -0.8334198 1.3485565

1506971102932 MAGNETIC_FIELD 30.030823 -16.674805 -18.136597

1506971103129 ACCELEROMETER -11.678879 10.537552 -4.748932

1506971103135 GRAVITY -1.0990491 7.0188494 -6.760047

1506971103138 LINEAR_ACCELERATION -10.208061 7.3574424 0.047207832

1506971103140 ROTATION_VECTOR 0.9120079 0.11361338 -0.012368564

1506971103142 GYROSCOPE 2.326233 -2.9472198 0.62757874

1506971103145 MAGNETIC_FIELD 30.26123 -19.80133 -15.087891

1506971103329 ACCELEROMETER -3.332611 -2.4851074 3.5532227

1506971103335 GRAVITY -2.5804057 4.8075967 -8.148553

1506971103337 LINEAR_ACCELERATION -1.5491489 -4.9815617 4.9586353

1506971103340 ROTATION_VECTOR 0.9320488 0.21620725 -0.07605744

1506971103342 GYROSCOPE 0.42178345 0.9054718 0.06468201

1506971103344 MAGNETIC_FIELD 30.393982 -30.123901 -2.0309448

1506971103528 ACCELEROMETER -5.5244446 5.313736 3.4965973

1506971103535 GRAVITY -3.191589 6.223116 -6.8743706

1506971103537 LINEAR_ACCELERATION -3.8869047 -2.0350735 11.316617

1506971103539 ROTATION_VECTOR 0.89572376 0.21948636 -0.089496516

1506971103542 GYROSCOPE -1.6268616 -1.4198151 0.67030334

1506971103544 MAGNETIC_FIELD 30.072021 -32.04651 -1.4312744

1506971103727 ACCELEROMETER -1.9065857 5.4437714 -2.1673126

1506971103734 GYROSCOPE 3.4605713 -1.9795074 1.0943451

1506971103736 MAGNETIC_FIELD 36.01532 -25.309753 -8.128357

1506971103738 GRAVITY -4.5536957 5.584657 -6.6517553

1506971103741 LINEAR_ACCELERATION -1.0680149 4.738112 -0.3818438

1506971103743 ROTATION_VECTOR 0.9061017 0.13462844 -0.20501728

1506971103940 ACCELEROMETER -7.9088593 4.419052 4.2583923

1506971103944 GRAVITY -8.074064 1.4835968 -5.364589

1506971103947 LINEAR_ACCELERATION -4.2977567 1.5635003 6.841214

1506971103949 ROTATION_VECTOR 0.87310314 -0.10587185 -0.47501472

1506971103951 GYROSCOPE 2.8346558 -3.8465729 1.3271942

1506971103953 MAGNETIC_FIELD 37.869263 -26.36261 -7.447815

1506971104127 GRAVITY -9.188059 0.22591777 -3.4203694

1506971104131 ACCELEROMETER 0.8889618 4.2049255 -2.0169983

1506971104136 LINEAR_ACCELERATION 6.913107 4.364857 4.455392

1506971104141 ROTATION_VECTOR -0.7735504 0.27569932 0.5420504

1506971104144 GYROSCOPE 2.4907227 0.8552704 0.51756287

1506971104146 MAGNETIC_FIELD 34.68933 -31.30188 1.1047363

1506971104333 ACCELEROMETER -0.8138428 8.748215 -0.5121002

1506971104339 GRAVITY -9.632846 1.081204 -1.4864936

1506971104342 LINEAR_ACCELERATION 5.570719 7.602203 -2.5995474

1506971104344 ROTATION_VECTOR -0.66748035 0.3609156 0.6039026

1506971104346 GYROSCOPE -0.90374756 -3.318924 0.11701965

1506971104349 MAGNETIC_FIELD 31.651306 -32.73468 -1.6967773

1506971104531 ACCELEROMETER -3.3456879 4.405792 -2.94635

1506971104540 GRAVITY -9.424909 2.3481655 1.3518884

1506971104542 LINEAR_ACCELERATION -0.5137291 5.805442 -4.558582

1506971104545 ROTATION_VECTOR -0.55222005 0.35514203 0.71421957

1506971104547 GYROSCOPE 2.790863 -0.5311432 0.91490173

1506971104549 MAGNETIC_FIELD 30.657959 -27.87323 -12.864685

1506971104730 ACCELEROMETER -2.9028168 8.033951 -0.31474304

1506971104739 GYROSCOPE 1.9737549 -1.83638 1.0964813

1506971104741 MAGNETIC_FIELD 23.762512 -31.63147 -14.143372

1506971104743 GRAVITY -8.54623 4.658072 1.1977943

1506971104746 LINEAR_ACCELERATION 1.6601009 2.8011782 -1.5241067

1506971104748 ROTATION_VECTOR -0.40770903 0.5222096 0.6872998

1506971104936 ACCELEROMETER -1.8521118 2.8797607 -2.7378082

1506971104943 GRAVITY -7.7022543 5.90524 -1.4049213

1506971104945 LINEAR_ACCELERATION 3.257044 0.30209804 2.1892993

1506971104947 ROTATION_VECTOR -0.286783 0.6995617 0.5654832

1506971104950 GYROSCOPE 2.513153 2.0419464 0.22810364

1506971104952 MAGNETIC_FIELD 19.02008 -37.64038 -1.3397217

1506971105137 ACCELEROMETER -11.844254 17.571518 -3.0800934

1506971105143 GRAVITY -7.5776405 6.2139187 0.37009096

1506971105145 LINEAR_ACCELERATION -8.800413 13.392931 -6.8291445

1506971105148 ROTATION_VECTOR -0.108899616 0.6850339 0.53853816

1506971105150 GYROSCOPE -1.1365967 -6.350235 -0.08912659

1506971105153 MAGNETIC_FIELD 16.71753 -34.44519 -8.590698

1506971105338 ACCELEROMETER -5.556488 6.8363037 -4.3919983

1506971105344 GRAVITY -5.9398103 6.6005497 4.1619444

1506971105346 LINEAR_ACCELERATION -2.7350535 6.4448643 -5.8943777

1506971105349 ROTATION_VECTOR 0.06676979 0.5322985 0.55217457

1506971105351 GYROSCOPE 0.8821411 0.17381287 0.078567505

1506971105353 MAGNETIC_FIELD 16.270447 -30.007935 -11.567688

1506971105522 ACCELEROMETER -7.6297455 9.758072 2.0378723

1506971105524 GYROSCOPE 1.9021912 2.5781403 -0.547348

1506971105524 MAGNETIC_FIELD 9.455872 -25.57373 -22.03064

1506971105524 GRAVITY -6.483858 7.3344445 0.57956654

1506971105525 LINEAR_ACCELERATION 0.3659315 2.6239905 1.1254878

1506971105525 ROTATION_VECTOR 0.037146777 0.6848872 0.5183016

1506971105724 ACCELEROMETER -5.772293 5.2053833 0.6572876

1506971105726 GYROSCOPE -3.8570862 3.2681427 -0.21836853

1506971105726 GRAVITY -6.9225225 6.622786 -2.0947013

1506971105727 LINEAR_ACCELERATION -5.301035 5.4510036 0.968824

1506971105727 ROTATION_VECTOR -0.28108978 0.7264906 0.567771

1506971105728 MAGNETIC_FIELD 9.677124 -29.437256 -7.3806763

1506971105928 GRAVITY -7.0240393 6.3556466 -2.5375211

1506971105929 LINEAR_ACCELERATION 3.539631 -4.433147 6.235699

1506971105930 ROTATION_VECTOR 0.5947387 -0.5250366 -0.608742

1506971105931 ACCELEROMETER -1.4369965 -0.8026428 4.608719

1506971105932 GYROSCOPE -2.779358 3.8513336 -0.05708313

1506971105933 MAGNETIC_FIELD 10.095215 -25.2182 -7.9574585

1506971106134 GRAVITY -6.1813364 7.0270367 -2.929545

1506971106137 ACCELEROMETER -1.1348724 7.8790283 1.4244537

1506971106139 LINEAR_ACCELERATION 0.58928657 0.5615754 3.9734185

1506971106141 ROTATION_VECTOR 0.758213 -0.27290702 -0.51856124

1506971106144 GYROSCOPE -3.6925964 3.965622 0.61476135

1506971106146 MAGNETIC_FIELD 15.193176 -21.56372 -5.732727

1506971106330 GRAVITY -4.057626 7.739078 -4.451149

1506971106331 LINEAR_ACCELERATION 2.8049033 3.2293015 -0.90526414

1506971106331 ROTATION_VECTOR 0.84650916 -0.101821676 -0.29617637

1506971106332 ACCELEROMETER -3.599533 7.62529 -3.302414

1506971106332 GYROSCOPE 1.362793 2.00029 -0.52064514

1506971106332 MAGNETIC_FIELD 20.883179 -16.166687 -8.265686

1506971106539 ACCELEROMETER -1.6981506 10.607468 -0.9347687

1506971106548 GRAVITY -2.9540179 8.183718 -4.524482

1506971106551 LINEAR_ACCELERATION -2.8123426 8.809309 2.056868

1506971106553 ROTATION_VECTOR 0.85409653 -0.034691636 -0.1958619

1506971106555 GYROSCOPE -2.437561 1.667038 -0.062423706

1506971106558 MAGNETIC_FIELD 19.706726 -19.93103 4.0649414

1506971106740 ACCELEROMETER -1.3482056 6.521225 0.4963379

1506971106743 GYROSCOPE -0.55874634 5.6938324 -0.6648407

1506971106745 MAGNETIC_FIELD 23.495483 -21.162415 11.000061

1506971106747 GRAVITY -1.3437328 8.958305 -3.7567985

1506971106749 LINEAR_ACCELERATION -0.18229753 -2.3359547 2.124003

1506971106751 ROTATION_VECTOR 0.8014255 0.22194716 0.067192994

1506971106932 GRAVITY -0.5737713 9.767279 -0.664411

1506971106949 LINEAR_ACCELERATION -1.4322404 7.722114 1.4734942

1506971106963 ROTATION_VECTOR 0.6234962 0.3809567 0.32118675

1506971106969 ACCELEROMETER -2.8848877 13.392044 -1.1529388

1506971106972 GYROSCOPE -2.974823 0.47181702 1.17659

1506971106974 MAGNETIC_FIELD 18.80951 -26.124573 13.35907

1506971107140 ACCELEROMETER -2.5643158 6.5756073 -0.76316833

1506971107144 LINEAR_ACCELERATION -3.7943373 -1.2368274 -3.0703661

1506971107146 ROTATION_VECTOR 0.67090684 0.28214833 0.39640105

1506971107148 GRAVITY 2.1194208 9.557122 -0.582979

1506971107151 GYROSCOPE 2.771637 0.13002014 1.8377533

1506971107158 MAGNETIC_FIELD 21.296692 -28.138733 6.011963

1506971107342 GRAVITY 2.7156122 8.528806 -4.0069084

1506971107359 LINEAR_ACCELERATION -10.015045 10.510007 5.551775

1506971107362 ACCELEROMETER -8.684097 11.991211 1.4684906

1506971107364 ROTATION_VECTOR 0.0 0.0 0.0

1506971107366 GYROSCOPE 1.4685364 -1.0064545 0.17042542

1506971107369 MAGNETIC_FIELD 18.69812 -29.751587 13.087463

1506971107540 ACCELEROMETER -4.8609924 0.9380951 2.951004

1506971107552 GRAVITY 3.1806676 7.6545377 -5.240401

1506971107559 LINEAR_ACCELERATION -7.7631135 -5.544817 3.0051599

1506971107561 ROTATION_VECTOR -0.19463705 -0.8539921 -0.47557425

1506971107563 GYROSCOPE -0.025756836 1.1084137 0.7931366

1506971107566 MAGNETIC_FIELD 13.78479 -30.082703 22.001648

1506971107740 ACCELEROMETER -7.821396 8.504562 5.46402

1506971107754 GYROSCOPE -2.612732 -1.7188873 0.4566803

1506971107760 MAGNETIC_FIELD 9.152222 -37.049866 15.85083

1506971107763 GRAVITY 3.203388 8.8732195 -2.6785557

1506971107765 LINEAR_ACCELERATION -10.2494955 0.98963547 10.279009

1506971107767 ROTATION_VECTOR -0.08299444 -0.79352397 -0.58525074

1506971107947 GRAVITY 2.9172425 8.265141 -4.398584

1506971107962 LINEAR_ACCELERATION -3.4232912 4.1539783 0.48580742

1506971107964 ACCELEROMETER -1.3766174 6.285843 -2.3505096

1506971107967 ROTATION_VECTOR 0.008761428 -0.85099274 -0.49334034

1506971107969 GYROSCOPE 3.5193176 -1.1047211 0.95014954

1506971107971 MAGNETIC_FIELD 11.412048 -38.68103 4.1259766

1506971108149 GRAVITY 2.1160583 5.324664 -7.958683

1506971108163 ACCELEROMETER -9.090485 9.4809265 0.5693817

1506971108166 LINEAR_ACCELERATION -10.607298 3.3266814 3.0906582

1506971108168 ROTATION_VECTOR 0.09889562 -0.94657254 -0.27192914

1506971108171 GYROSCOPE 0.91952515 -0.9605255 1.130661

1506971108173 MAGNETIC_FIELD 13.102722 -39.993286 5.7907104

1506971108342 ACCELEROMETER -1.4466095 3.5574646 -2.1912384

1506971108348 GYROSCOPE -0.3045349 3.8705597 0.81129456

1506971108351 MAGNETIC_FIELD 11.31134 -38.893127 20.550537

1506971108353 GRAVITY 5.2658052 4.6434565 -6.8468966

1506971108355 LINEAR_ACCELERATION -3.8659441 1.0541589 5.3771124

1506971108358 ROTATION_VECTOR -0.13326776 -0.91177535 -0.29636636

1506971108543 ACCELEROMETER -2.895111 12.427338 -1.805191

1506971108547 GYROSCOPE -0.02041626 -4.8634186 -1.4221344

1506971108551 MAGNETIC_FIELD 9.674072 -41.534424 13.153076

1506971108553 GRAVITY 3.6450381 5.8252754 -6.9964457

1506971108555 LINEAR_ACCELERATION -5.872611 7.7977295 0.18728542

1506971108558 ROTATION_VECTOR 0.10927714 -0.91911805 -0.29493353

1506971108744 GRAVITY -0.9054865 5.5436306 -8.038572

1506971108745 LINEAR_ACCELERATION -4.888345 7.098057 -1.4012389

1506971108745 ROTATION_VECTOR 0.17258577 -0.938119 -0.30018452

1506971108746 ACCELEROMETER -4.965225 6.351944 -4.9733887

1506971108747 GYROSCOPE 1.6875 1.3102875 -0.5024872

1506971108747 MAGNETIC_FIELD 13.720703 -43.43109 4.9591064

1506971108941 GRAVITY 1.5475692 3.0849352 -9.179248

1506971108942 LINEAR_ACCELERATION -2.5579078 5.9863834 6.7853723

1506971108948 ROTATION_VECTOR -0.19892623 -0.96355575 -0.17277873

1506971108951 ACCELEROMETER -4.9172516 11.800507 0.2633667

1506971108966 GYROSCOPE 1.7814941 1.8924103 -0.2653656

1506971108968 MAGNETIC_FIELD 14.750671 -45.437622 0.45013428

1506971109150 GRAVITY 3.1325266 5.83044 -7.236272

1506971109153 ACCELEROMETER -8.095734 2.666092 -1.5556488

1506971109156 LINEAR_ACCELERATION -10.941981 4.373028 1.2457073

1506971109158 ROTATION_VECTOR 0.24842936 -0.8984598 -0.2617042

1506971109160 GYROSCOPE -4.209564 1.5110931 -0.1040802

1506971109167 MAGNETIC_FIELD 9.713745 -44.291687 21.308899

1506971109346 GRAVITY 2.4804485 9.338242 -1.6777993

1506971109347 LINEAR_ACCELERATION -5.3286223 -6.6336546 5.5974627

1506971109348 ROTATION_VECTOR 0.29571375 -0.7057601 -0.5099988

1506971109348 ACCELEROMETER -2.5388641 -1.9997559 5.742798

1506971109349 GYROSCOPE -1.6044312 0.6192169 -1.306778

1506971109350 MAGNETIC_FIELD 10.195923 -44.177246 16.505432

1506971109547 GRAVITY 0.51290965 9.674963 1.5173643

1506971109548 LINEAR_ACCELERATION -2.3026 3.6789079 -0.61951137

1506971109549 ROTATION_VECTOR 0.0 0.0 0.0

1506971109549 ACCELEROMETER -2.7671967 9.798721 -1.4110718

1506971109550 GYROSCOPE -1.6289978 1.1522064 -0.18952942

1506971109551 MAGNETIC_FIELD 9.480286 -45.34149 11.2854

1506971109748 GRAVITY 0.77299666 9.766741 0.42852408

1506971109749 LINEAR_ACCELERATION -1.0540489 -0.8045182 -1.1279894

1506971109750 ROTATION_VECTOR 0.62194663 0.30221468 0.36600226

1506971109751 ACCELEROMETER -5.0989227 6.4373627 -1.4139099

1506971109751 GYROSCOPE 2.6488037 -0.93382263 0.57203674

1506971109752 MAGNETIC_FIELD 11.99646 -44.14978 -4.6066284

1506971109953 ACCELEROMETER -7.709091 7.8954773 -0.26333618

1506971109956 GRAVITY 0.20957369 9.730999 -1.1975535

1506971109958 LINEAR_ACCELERATION -12.372763 8.291766 -0.69613296

1506971109960 ROTATION_VECTOR 0.2723839 -0.6977573 -0.6118381

1506971109963 GYROSCOPE -1.3171082 -1.2296906 0.41075134

1506971109965 MAGNETIC_FIELD 6.616211 -39.42871 15.675354

1506971110154 ACCELEROMETER -7.1737366 12.050232 -0.5495148

1506971110158 GRAVITY 0.10484385 9.588428 2.0546203

1506971110160 LINEAR_ACCELERATION -3.0961905 -0.4850664 -7.007421

1506971110162 ROTATION_VECTOR 0.09364587 -0.6216703 -0.7676728

1506971110165 GYROSCOPE -2.6939087 -1.0641327 -0.852829

1506971110167 MAGNETIC_FIELD 6.8847656 -37.20398 18.869019

1506971110356 ACCELEROMETER -10.261398 14.690445 -4.2831573

1506971110359 GRAVITY 0.37636432 8.018691 5.6328793

1506971110361 LINEAR_ACCELERATION -13.662586 13.109089 -0.27594233

1506971110364 ROTATION_VECTOR 0.3961372 -0.23638614 -0.4184263

1506971110366 GYROSCOPE -2.269867 -1.8032684 0.67030334

1506971110368 MAGNETIC_FIELD 1.1566162 -40.00244 15.879822

1506971110547 ACCELEROMETER -0.18894958 4.7315826 -1.3605652

1506971110549 GRAVITY 2.7564542 8.447614 4.148513

1506971110551 LINEAR_ACCELERATION -2.9513285 1.3404078 -5.990073

1506971110551 GYROSCOPE 2.7855225 -0.891098 0.90956116

1506971110551 MAGNETIC_FIELD 9.135437 -41.51764 0.6134033

1506971110552 ROTATION_VECTOR 0.42004725 -0.33473125 -0.29512173

1506971110761 GRAVITY 1.6519806 8.981275 -3.5746396

1506971110764 LINEAR_ACCELERATION -10.756805 5.9645877 -0.05258441

1506971110767 ROTATION_VECTOR 0.5002579 -0.6572655 -0.37938535

1506971110769 ACCELEROMETER -10.638016 10.873688 -1.9410248

1506971110771 GYROSCOPE 3.7585754 -5.1058807 0.9757843

1506971110774 MAGNETIC_FIELD 7.4386597 -41.064453 11.088562

1506971110958 ACCELEROMETER -1.6295471 -0.038711548 -1.2463226

1506971110961 GRAVITY -0.10788939 5.781584 -7.920356

1506971110964 LINEAR_ACCELERATION -2.9473948 -4.3506207 4.9727373

1506971110966 ROTATION_VECTOR 0.49526656 -0.8115028 -0.26768228

1506971110968 GYROSCOPE 1.1822815 1.147934 0.7813873

1506971110970 MAGNETIC_FIELD 4.208374 -36.349487 25.6958

1506971111164 ACCELEROMETER 0.6791382 5.8520355 1.7155914

1506971111167 GRAVITY -3.0570118 5.887905 -7.2220244

1506971111169 LINEAR_ACCELERATION 1.9118683 -1.2406104 4.0005636

1506971111172 ROTATION_VECTOR -0.16371721 0.91728806 0.34655607

1506971111174 GYROSCOPE -1.1632996 -4.772629 -1.1155853

1506971111177 MAGNETIC_FIELD -3.7963867 -41.833496 21.20514

1506971111355 GRAVITY -5.626602 6.0008383 -5.338697

1506971111356 LINEAR_ACCELERATION 1.5659864 8.555813 0.6976812

1506971111357 ROTATION_VECTOR -0.18562111 0.85891944 0.40927768

1506971111358 ACCELEROMETER -1.9239807 7.526993 -1.7735443

1506971111358 GYROSCOPE 1.4503784 1.129776 0.19392395

1506971111359 MAGNETIC_FIELD -3.3432007 -47.634888 2.708435

1506971111558 GRAVITY -2.7631068 5.8769946 -7.348235

1506971111559 LINEAR_ACCELERATION -3.196731 8.383001 8.95255

1506971111559 ROTATION_VECTOR -0.26761797 0.89612293 0.35010242

1506971111560 ACCELEROMETER -7.671707 15.9640045 2.684616

1506971111561 GYROSCOPE 0.47732544 3.0246124 0.025161743

1506971111561 MAGNETIC_FIELD 0.064086914 -46.621704 -6.6955566

1506971111761 GRAVITY -1.0563575 7.9770756 -5.605423

1506971111764 LINEAR_ACCELERATION -7.395026 3.328391 -0.31250834

1506971111766 ROTATION_VECTOR 0.58721846 -0.66405684 -0.3839551

1506971111769 ACCELEROMETER -6.7493286 2.5569916 -1.8032532

1506971111771 GYROSCOPE -3.7983398 1.4523468 -0.14787292

1506971111773 MAGNETIC_FIELD 0.43029785 -40.307617 11.552429

1506971111967 ACCELEROMETER -13.328888 11.233887 7.2492065

1506971111974 GRAVITY -3.4808195 9.128337 -0.85308236

1506971111986 LINEAR_ACCELERATION -7.000168 0.64751625 2.1275728

1506971111989 ROTATION_VECTOR 0.69167995 -0.25509593 -0.44430894

1506971111991 GYROSCOPE -2.447174 1.5078888 -2.4731598

1506971111993 MAGNETIC_FIELD 2.7877808 -37.535095 15.0177

1506971112165 GRAVITY -6.447004 7.3624916 0.6326547

1506971112168 LINEAR_ACCELERATION -11.468045 12.943465 8.210898

1506971112170 ACCELEROMETER -10.1996765 12.891724 2.5219727

1506971112173 ROTATION_VECTOR 0.6688431 0.14280242 -0.35542336

1506971112175 GYROSCOPE -0.9133606 1.1778412 -0.7289276

1506971112177 MAGNETIC_FIELD 4.8812866 -38.067627 11.019897

1506971112372 ACCELEROMETER -5.5402985 1.6827393 0.44128418

1506971112376 GRAVITY -6.893565 6.8395805 -1.3672177

1506971112379 LINEAR_ACCELERATION 4.623556 -3.0592017 -0.30892277

1506971112381 ROTATION_VECTOR 0.61324483 0.44004485 -0.10897936

1506971112383 GYROSCOPE 1.9716187 0.5476532 -0.17243958

1506971112386 MAGNETIC_FIELD 7.2265625 -37.547302 3.1188965

1506971112572 ACCELEROMETER -6.492386 5.896515 1.6924591

1506971112577 GRAVITY -6.951071 6.785349 -1.3461235

1506971112579 LINEAR_ACCELERATION -7.355595 5.0361757 3.3332388

1506971112581 ROTATION_VECTOR -0.4461812 0.6079108 0.6479396

1506971112584 GYROSCOPE -2.150238 0.13215637 0.13197327

1506971112586 MAGNETIC_FIELD 2.6245117 -32.347107 19.284058

1506971112765 GRAVITY -6.5394683 6.8386083 -2.5766594

1506971112768 LINEAR_ACCELERATION 2.5806222 -2.5102682 -3.5130682

1506971112770 ROTATION_VECTOR 0.6927521 -0.3891883 -0.5807605

1506971112773 ACCELEROMETER -2.9287262 5.301941 -5.6523438

1506971112775 GYROSCOPE 0.39508057 2.9423676 -0.16816711

1506971112777 MAGNETIC_FIELD 6.1080933 -29.504395 21.466064

1506971112967 GRAVITY -5.4271426 8.04728 -1.399215

1506971112970 LINEAR_ACCELERATION -1.4627802 5.0100713 4.198971

1506971112972 ROTATION_VECTOR 0.71307445 -0.25072888 -0.52540714

1506971112974 ACCELEROMETER -5.5798645 11.58667 1.6960144

1506971112976 GYROSCOPE -3.048523 -0.70417786 1.2588348

1506971112978 MAGNETIC_FIELD -0.9780884 -35.472107 16.703796

1506971113166 GRAVITY -3.3624272 9.129435 -1.232025

1506971113169 LINEAR_ACCELERATION 0.18113232 -1.8966041 -1.4709942

1506971113171 ROTATION_VECTOR 0.71938944 -0.21282545 -0.3951444

1506971113175 ACCELEROMETER -3.1001587 8.004089 0.89772034

1506971113177 GYROSCOPE 2.8432007 0.38316345 1.1990204

1506971113179 MAGNETIC_FIELD 3.968811 -39.031982 1.3656616

1506971113373 GRAVITY -3.5337143 8.28212 -3.884552

1506971113385 LINEAR_ACCELERATION -5.0572085 11.521393 3.0682156

1506971113396 ROTATION_VECTOR 0.6381465 -0.5392829 -0.49093083

1506971113397 ACCELEROMETER -7.2562714 11.013519 -1.5803528

1506971113398 GYROSCOPE 1.5315552 -2.9376068 0.0572052

1506971113398 MAGNETIC_FIELD -0.84991455 -35.82306 8.924866

1506971113565 GRAVITY -3.9257905 7.8690004 -4.3402047

1506971113566 LINEAR_ACCELERATION -1.5915911 -5.777832 2.9480214

1506971113566 ROTATION_VECTOR 0.49955416 -0.6868293 -0.5206674

1506971113567 ACCELEROMETER -6.1524353 1.3757935 2.8527985

1506971113567 GYROSCOPE -0.2970581 1.3466034 0.67671204

1506971113567 MAGNETIC_FIELD -2.5405884 -32.97577 16.793823

1506971113769 ROTATION_VECTOR 0.4228225 -0.6168497 -0.6463185

1506971113771 LINEAR_ACCELERATION -11.566635 2.9872046 14.716382

1506971113774 GRAVITY -3.5254626 9.07687 -1.1627246

1506971113779 ACCELEROMETER -13.124405 13.775574 10.05069

1506971113781 GYROSCOPE -1.8821411 -1.7573395 0.85295105

1506971113783 MAGNETIC_FIELD -3.2211304 -36.332703 3.829956

1506971113965 ACCELEROMETER -2.2732086 3.8648224 -2.8527374

1506971113966 GRAVITY -3.4298294 9.038795 -1.6452453

1506971113967 LINEAR_ACCELERATION -3.1812267 1.0578556 -2.7888553

1506971113967 ROTATION_VECTOR 0.40567663 -0.647542 -0.6325941

1506971113968 GYROSCOPE 3.3516235 -1.8395844 0.21742249

1506971113969 MAGNETIC_FIELD -0.6530762 -36.961365 -8.097839

1506971114178 ACCELEROMETER -8.81633 9.149933 3.6118164

1506971114186 GRAVITY -3.597419 8.392568 -3.5768375

1506971114189 LINEAR_ACCELERATION -4.262716 -2.445479 3.910372

1506971114191 ROTATION_VECTOR 0.33187383 -0.7564573 -0.56356823

1506971114193 GYROSCOPE -0.3461914 -0.18934631 0.8903351

1506971114196 MAGNETIC_FIELD 0.8483887 -39.26544 -0.85754395

1506971114382 ACCELEROMETER -3.3636932 3.1421967 -1.842041

1506971114388 GRAVITY -0.89297414 9.203957 -3.2649906

1506971114390 LINEAR_ACCELERATION -3.4512088 -1.4566622 6.0535707

1506971114392 ROTATION_VECTOR 0.27573618 -0.7683995 -0.5598793

1506971114395 GYROSCOPE 0.12484741 2.5695953 1.5653839

1506971114397 MAGNETIC_FIELD -5.194092 -36.97052 15.750122

1506971114579 ACCELEROMETER -3.4512634 8.637848 -4.2433014

1506971114586 GRAVITY -0.7338939 9.571765 -2.0032759

1506971114588 LINEAR_ACCELERATION -3.30376 -0.41039944 -10.070353

1506971114590 ROTATION_VECTOR 0.4861954 -0.6047749 -0.520374

1506971114593 GYROSCOPE -2.4343567 0.63630676 -1.5492401

1506971114595 MAGNETIC_FIELD -12.330627 -38.48877 6.9091797

1506971114779 ACCELEROMETER -1.4821472 6.942322 0.61395264

1506971114786 GRAVITY -1.6221117 9.670936 0.11017761

1506971114789 LINEAR_ACCELERATION -0.9220598 4.5295324 5.5326266

1506971114791 ROTATION_VECTOR 0.60237443 -0.36266726 -0.4624827

1506971114793 GYROSCOPE -0.07382202 3.715683 0.6617584

1506971114795 MAGNETIC_FIELD -12.765503 -38.48114 -9.228516

1506971114984 ACCELEROMETER -10.786072 13.836655 -2.4394836

1506971114990 GRAVITY -1.3708764 9.689312 0.6389928

1506971114993 LINEAR_ACCELERATION -8.343702 4.720398 -4.7071013

1506971114995 ROTATION_VECTOR 0.6772256 -0.09373335 -0.20033517

1506971114998 GYROSCOPE -1.1344604 2.8526459 0.94480896

1506971115000 MAGNETIC_FIELD -12.535095 -38.44757 -15.270996

1506971115186 ACCELEROMETER 0.34254456 3.5688324 1.1322021

1506971115192 GRAVITY -1.7805281 8.768248 4.014716

1506971115195 LINEAR_ACCELERATION -1.7619742 -4.439111 -0.636075

1506971115197 ROTATION_VECTOR 0.5156429 0.17151922 0.10114175

1506971115199 GYROSCOPE -2.5518494 3.549057 1.5536346

1506971115202 MAGNETIC_FIELD -9.451294 -38.179016 -14.450073

1506971115387 ACCELEROMETER -10.109131 16.645966 5.7555237

1506971115393 GRAVITY -4.1578875 7.1035466 5.3312273

1506971115395 LINEAR_ACCELERATION -3.0904145 9.33465 1.8104625

1506971115397 ROTATION_VECTOR 0.28739223 0.38156095 0.3386253

1506971115400 GYROSCOPE -0.99346924 1.0988007 -0.9724579

1506971115402 MAGNETIC_FIELD 1.5609741 -25.984192 -28.735352

1506971115588 ACCELEROMETER 0.10900879 7.399292 -0.01663208

1506971115594 GRAVITY -6.0579786 6.8204374 3.5990152

1506971115597 LINEAR_ACCELERATION 2.4202247 7.6967773 -3.4118855

1506971115599 ROTATION_VECTOR 0.17455426 0.53481966 0.41726977

1506971115601 GYROSCOPE 0.37265015 2.2470245 0.2110138

1506971115604 MAGNETIC_FIELD 18.70575 -14.550781 -29.04663

1506971115783 ACCELEROMETER -7.9055786 12.552231 -1.7641144

1506971115793 GRAVITY -5.8749623 7.851008 -0.12990484

1506971115795 LINEAR_ACCELERATION 1.137732 0.6646466 -1.7961329

1506971115797 ROTATION_VECTOR 0.064009376 0.70889074 0.52225894

1506971115799 GYROSCOPE 0.34594727 3.0652008 1.0900726

1506971115802 MAGNETIC_FIELD 30.519104 -9.751892 -19.065857

1506971115985 ACCELEROMETER -5.5936584 2.5922089 -0.5050659

1506971115992 GRAVITY -6.113807 7.6193585 -0.8585585

1506971115994 LINEAR_ACCELERATION -3.7448077 1.1418457 -0.23952019

1506971115997 ROTATION_VECTOR -0.30747774 0.6702475 0.65509415

1506971115999 GYROSCOPE -4.180725 3.4796295 -0.36576843

1506971116001 MAGNETIC_FIELD 35.60791 -20.892334 0.4348755

1506971116187 ACCELEROMETER -5.197418 4.0942535 0.8103943

1506971116194 GRAVITY -8.285414 5.187628 -0.781552

1506971116196 LINEAR_ACCELERATION 3.3639417 -2.592093 -0.45531237

1506971116198 ROTATION_VECTOR 0.63863593 -0.36330736 -0.6777417

1506971116201 GYROSCOPE -2.2869568 0.925766 -2.0886383

1506971116203 MAGNETIC_FIELD 35.43396 -21.466064 6.6101074

1506971116392 ACCELEROMETER -4.2911835 10.42128 0.95254517

1506971116398 GRAVITY -8.434026 3.4378657 -3.6357498

1506971116401 LINEAR_ACCELERATION -0.27883816 9.907044 5.6275034

1506971116403 ROTATION_VECTOR 0.7995515 -0.21468358 -0.5565592

1506971116405 GYROSCOPE -1.6418152 3.818222 -0.64881897

1506971116408 MAGNETIC_FIELD 37.428284 -19.845581 13.989258

1506971116592 ACCELEROMETER -2.2942963 4.849045 0.8386383

1506971116598 GRAVITY -7.8062043 1.7448305 -5.6735463

1506971116601 LINEAR_ACCELERATION 8.643955 1.7142682 5.287032

1506971116603 ROTATION_VECTOR -0.857978 0.23053001 0.4586368

1506971116605 GYROSCOPE 2.3198242 -1.5661469 -1.2565765

1506971116608 MAGNETIC_FIELD 35.94818 -21.426392 8.656311

1506971116792 ACCELEROMETER -4.17453 5.74382 -0.53752136

1506971116799 GRAVITY -9.586867 -0.17092212 -2.0574608

1506971116801 LINEAR_ACCELERATION -0.73900414 11.8157625 1.9077327

1506971116803 ROTATION_VECTOR -0.7082361 0.3214078 0.5676641

1506971116806 GYROSCOPE 0.10882568 -2.271103 -0.4405365

1506971116808 MAGNETIC_FIELD 32.243347 -19.903564 20.622253

1506971116989 ACCELEROMETER -9.88327 9.147171 -0.30343628

1506971116996 GRAVITY -9.549989 -2.228729 0.029422956

1506971117006 LINEAR_ACCELERATION 3.451078 4.64452 -1.721915

1506971117009 ROTATION_VECTOR -0.6923194 0.1385412 0.6446482

1506971117011 GYROSCOPE -0.4028015 -0.13487244 -2.04805

1506971117014 MAGNETIC_FIELD 34.622192 -15.397644 17.216492

1506971117191 GRAVITY -9.414259 -2.6130724 0.84496677

1506971117194 LINEAR_ACCELERATION -3.431109 16.44543 3.6756783

1506971117197 ACCELEROMETER -5.609543 13.13092 -0.075546265

1506971117199 ROTATION_VECTOR -0.6240471 0.25977668 0.5798158

1506971117201 GYROSCOPE -0.97424316 -1.0352936 0.3787079

1506971117208 MAGNETIC_FIELD 33.26416 -12.464905 22.499084

1506971117393 ACCELEROMETER -1.9980011 5.445938 -1.22229

1506971117399 GRAVITY -9.450935 -1.1060588 2.3720973

1506971117402 LINEAR_ACCELERATION 3.934081 5.438413 -6.176747

1506971117404 ROTATION_VECTOR -0.3869208 0.47890395 0.42061272

1506971117407 GYROSCOPE 3.9059753 -0.43180847 0.50367737

1506971117409 MAGNETIC_FIELD 38.154602 -8.033752 1.3290405

1506971117593 ACCELEROMETER -8.459702 9.711639 -2.1595154

1506971117600 GRAVITY -7.7650976 2.3524725 5.5081325

1506971117602 LINEAR_ACCELERATION -2.1162286 12.650191 -5.530678

1506971117605 ROTATION_VECTOR 0.01991285 0.46772522 0.2200027

1506971117607 GYROSCOPE 2.5654907 -4.173416 0.6094208

1506971117609 MAGNETIC_FIELD 37.298584 -9.6710205 -1.2359619

1506971117781 ACCELEROMETER -6.2925873 2.6395874 3.5777893

1506971117783 GYROSCOPE 0.6514282 0.7911835 1.1744537

1506971117783 MAGNETIC_FIELD 35.21881 -17.584229 -5.1208496

1506971117784 LINEAR_ACCELERATION -2.1754823 -5.5068326 -5.7307615

1506971117784 GRAVITY -5.870821 5.0285854 6.0346646

1506971117786 ROTATION_VECTOR 0.1045742 0.42588964 0.40500844

1506971117992 ACCELEROMETER -11.932114 11.654709 1.8213196

1506971118000 GRAVITY -3.4363172 5.902179 7.0374994

1506971118005 LINEAR_ACCELERATION -8.837765 5.692682 2.3225346

1506971118024 ROTATION_VECTOR 0.0 0.0 0.0

1506971118027 GYROSCOPE -0.4797058 -4.109329 0.0849762

1506971118030 MAGNETIC_FIELD 34.57794 -18.763733 -1.1184692

1506971118183 ACCELEROMETER 0.81243896 4.2998505 -1.4505615

1506971118184 GYROSCOPE 3.235199 -1.1837616 1.2812653

1506971118184 MAGNETIC_FIELD 33.5083 -11.404419 -15.005493

1506971118185 GRAVITY 0.041726638 8.261324 5.2838593

1506971118185 LINEAR_ACCELERATION -3.8360968 3.0284967 -5.326498

1506971118186 ROTATION_VECTOR 0.4067458 -0.25525677 -0.4624991

1506971118387 ACCELEROMETER -7.3200073 10.917694 3.59581

1506971118388 GYROSCOPE 1.0487671 -1.1816254 2.4455109

1506971118388 MAGNETIC_FIELD 31.362915 -15.678406 -9.793091

1506971118389 GRAVITY 2.828115 9.344526 0.9230296

1506971118389 LINEAR_ACCELERATION -7.9242253 -0.83147573 0.8028695

1506971118389 ROTATION_VECTOR 0.38474756 -0.55218464 -0.45834845

1506971118587 GRAVITY 5.127209 8.359379 -0.05375287

1506971118587 LINEAR_ACCELERATION -4.547074 0.1000886 2.2280393

1506971118588 ACCELEROMETER -2.3726807 1.102066 -0.86424255

1506971118588 GYROSCOPE 0.9590454 2.1327362 0.379776

1506971118588 MAGNETIC_FIELD 28.033447 -23.854065 -6.1065674

1506971118589 ROTATION_VECTOR 0.12256751 -0.69836795 -0.5283246

1506971118786 ACCELEROMETER -2.4905243 4.904434 -8.205658

1506971118787 GYROSCOPE -0.17208862 0.16740417 0.99180603

1506971118788 MAGNETIC_FIELD 28.025818 -25.11444 2.4536133

1506971118788 GRAVITY 5.8361983 7.8768315 0.25434458

1506971118791 LINEAR_ACCELERATION -7.865253 0.21008492 -7.0931854

1506971118792 ROTATION_VECTOR 0.16035339 -0.6792045 -0.46210057

1506971118997 ACCELEROMETER -1.8429108 6.33461 -7.103592

1506971118998 GRAVITY 7.1386046 6.7201195 -0.22518599

1506971118998 LINEAR_ACCELERATION -5.433547 0.9642167 -8.061086

1506971118999 ROTATION_VECTOR -0.030442653 -0.714531 -0.5003123

1506971118999 GYROSCOPE -1.6193848 -1.5255585 0.9426727

1506971118999 MAGNETIC_FIELD 32.429504 -24.938965 7.2128296

1506971119188 ACCELEROMETER -0.5053406 11.141525 -2.1891174

1506971119188 GYROSCOPE -2.9908447 -2.3213043 1.3453522

1506971119189 MAGNETIC_FIELD 32.82318 -31.78711 -0.48828125

1506971119190 GRAVITY 8.31853 4.953069 -1.5619068

1506971119190 LINEAR_ACCELERATION -6.0460515 3.924647 -2.0780523

1506971119192 ROTATION_VECTOR 0.19964965 -0.7346939 -0.17400607

1506971119401 GRAVITY 9.247564 3.1034744 -1.0106359

1506971119406 LINEAR_ACCELERATION -1.7570596 9.850275 5.8567276

1506971119410 ACCELEROMETER 11.780716 9.657059 13.592712

1506971119412 GYROSCOPE -2.512329 1.1895905 2.2308197

1506971119415 ROTATION_VECTOR -0.08571587 -0.73768616 -0.28491926

1506971119418 MAGNETIC_FIELD 14.880371 -26.893616 -27.07367

1506971119600 GRAVITY 9.342472 2.5334704 -1.5716653

1506971119605 LINEAR_ACCELERATION -0.16562319 6.8357697 10.751148

1506971119609 ACCELEROMETER 3.9076996 4.9334717 6.2497864

1506971119611 GYROSCOPE -0.95822144 -3.3990326 -0.73854065

1506971119615 MAGNETIC_FIELD -13.815308 -1.612854 -41.82892

1506971119617 ROTATION_VECTOR -0.26284298 -0.7148749 -0.37498677

1506971119803 GRAVITY 6.5946655 2.282857 -6.889799

1506971119807 LINEAR_ACCELERATION 9.0463505 -1.383126 9.635754

1506971119810 ROTATION_VECTOR -0.4478978 -0.8066409 -0.2871977

1506971119814 ACCELEROMETER 12.007065 0.29212952 -0.02809143

1506971119816 GYROSCOPE 0.24661255 -4.3432465 1.0291901

1506971119819 MAGNETIC_FIELD -41.079712 -9.6206665 -21.725464

1506971120006 GRAVITY 0.25535893 0.89688534 -9.762212

1506971120011 LINEAR_ACCELERATION 10.14573 0.73428756 1.8698711

1506971120015 ROTATION_VECTOR 0.6010463 0.7977954 0.04440798

1506971120017 ACCELEROMETER 7.661316 2.1486816 -4.563751

1506971120020 GYROSCOPE 0.4805298 -4.0174713 0.38404846

1506971120023 MAGNETIC_FIELD -51.065063 -1.6876221 5.155945

1506971120205 GRAVITY -2.2823148 0.8550091 -9.498967

1506971120210 LINEAR_ACCELERATION 5.023419 2.459961 -5.994637

1506971120212 ROTATION_VECTOR 0.6174341 0.77658725 -0.038599633

1506971120215 ACCELEROMETER 1.2827301 0.6722107 -11.402695

1506971120219 GYROSCOPE -0.26715088 0.79011536 0.15119934

1506971120221 MAGNETIC_FIELD -49.560547 6.539917 21.583557

1506971120407 ACCELEROMETER 5.024643 0.036239624 -9.807465

1506971120411 GYROSCOPE -0.29599 0.43763733 0.34239197

1506971120414 MAGNETIC_FIELD -45.951843 11.952209 32.82776

1506971120417 GRAVITY -0.8329745 1.3189491 -9.681783

1506971120420 LINEAR_ACCELERATION 2.5223231 -1.9431157 -2.171225

1506971120423 ROTATION_VECTOR 0.60676366 0.79086745 0.027590482

1506971120608 GRAVITY -1.2605486 2.5658045 -9.380728

1506971120612 ACCELEROMETER 6.2627716 2.8609924 -4.7636566

1506971120615 ROTATION_VECTOR 0.59291077 0.79166967 0.06691257

1506971120618 LINEAR_ACCELERATION 7.023498 0.9480057 0.04940319

1506971120621 GYROSCOPE -0.8492737 -1.5778961 0.18431091

1506971120624 MAGNETIC_FIELD -44.99054 12.297058 29.03595

1506971120809 GRAVITY -1.1885573 3.885953 -8.925082

1506971120812 LINEAR_ACCELERATION 4.25354 -1.232528 2.8711572

1506971120816 ROTATION_VECTOR 0.6150032 0.75948906 0.11853533

1506971120819 ACCELEROMETER 1.982193 -1.0259552 -3.1351929

1506971120821 GYROSCOPE -0.3953247 0.87449646 1.2460175

1506971120826 MAGNETIC_FIELD -41.940308 0.77667236 37.597656

1506971121007 GRAVITY 0.32678258 3.75113 -9.054977

1506971121012 LINEAR_ACCELERATION 4.778473 -3.959957 -1.3288703

1506971121015 ROTATION_VECTOR 0.55690074 0.8071784 0.17017707

1506971121018 ACCELEROMETER 5.8498077 -0.16990662 -7.4188385

1506971121021 GYROSCOPE 0.20281982 0.24110413 -0.99061584

1506971121024 MAGNETIC_FIELD -41.37268 18.435669 32.939148

1506971121210 LINEAR_ACCELERATION 5.700193 -2.286885 -3.3997736

1506971121215 ROTATION_VECTOR 0.44325045 0.8787324 0.17648028

1506971121219 GRAVITY 1.2826385 3.1685278 -9.191608

1506971121221 ACCELEROMETER 6.924118 -0.7116852 -7.9444275

1506971121224 GYROSCOPE 0.13552856 0.59999084 0.23664856

1506971121227 MAGNETIC_FIELD -45.507813 18.380737 28.529358

1506971121411 GRAVITY 2.1989727 2.268835 -9.283711

1506971121415 LINEAR_ACCELERATION 4.4862514 0.23300779 -0.59408

1506971121418 ACCELEROMETER 6.205719 1.5209961 -5.883789

1506971121421 GYROSCOPE 0.7059021 -0.24702454 0.500473

1506971121424 ROTATION_VECTOR -0.32888758 -0.93014544 -0.1484289

1506971121427 MAGNETIC_FIELD -45.99762 18.919373 24.658203

1506971121612 GRAVITY 3.2616808 3.388996 -8.605029

1506971121616 LINEAR_ACCELERATION 5.071454 -3.7888544 -1.1922865

1506971121620 ROTATION_VECTOR -0.17466906 -0.9530085 -0.20636122

1506971121622 ACCELEROMETER 7.781723 -1.7979126 -8.532196

1506971121625 GYROSCOPE -2.3617249 0.97810364 -0.36042786

1506971121628 MAGNETIC_FIELD -46.64917 25.102234 21.847534

1506971121812 GRAVITY 4.1311636 7.4425135 -4.8695865

1506971121820 LINEAR_ACCELERATION 5.5215683 -5.1486177 -6.9145117

1506971121822 ROTATION_VECTOR 0.03859148 -0.86417043 -0.42736924

1506971121826 ACCELEROMETER 7.9540405 1.9541016 -7.394562

1506971121829 GYROSCOPE -3.484314 1.1062775 -1.0931549

1506971121831 MAGNETIC_FIELD -45.64972 19.599915 28.01361

1506971122012 GRAVITY 3.9175599 8.979918 0.42917234

1506971122023 LINEAR_ACCELERATION 6.7362466 0.22859144 -3.2528107

1506971122037 ROTATION_VECTOR 0.19554758 -0.66323406 -0.55342364

1506971122040 ACCELEROMETER 8.649551 7.307907 -0.6864319

1506971122043 GYROSCOPE -2.5379639 -0.22993469 0.2601471

1506971122045 MAGNETIC_FIELD -44.914246 -12.181091 24.960327

1506971122211 GRAVITY 3.6241233 8.706463 2.6895392

1506971122216 LINEAR_ACCELERATION 3.6810884 1.64573 0.079768896

1506971122219 ROTATION_VECTOR 0.39349705 -0.45610496 -0.35758597

1506971122221 ACCELEROMETER 5.1395874 7.065338 1.8065491

1506971122224 GYROSCOPE 0.035125732 0.36927795 -0.77378845

1506971122226 MAGNETIC_FIELD -43.592834 -27.17743 14.97345

1506971122414 GRAVITY 2.8480566 8.915601 2.9276314

1506971122418 LINEAR_ACCELERATION 2.0813146 1.3324876 -0.38664937

1506971122421 ROTATION_VECTOR 0.41933414 -0.41819996 -0.36839798

1506971122424 ACCELEROMETER 3.649826 9.630646 3.0225372

1506971122427 GYROSCOPE -0.36114502 -0.3207245 -0.21836853

1506971122430 MAGNETIC_FIELD -41.71295 -36.598206 12.808228

1506971122643 GRAVITY 1.9885988 9.221932 2.6780248

1506971122646 LINEAR_ACCELERATION 2.5074332 4.646838 3.8204465

1506971122648 ROTATION_VECTOR 0.33345577 -0.50226086 -0.5567281

1506971122650 ACCELEROMETER 2.2030792 9.702164 5.3560486

1506971122652 GYROSCOPE 0.881073 0.6298981 -0.7566986

1506971122655 MAGNETIC_FIELD -35.012817 -46.621704 14.070129

1506971122806 ACCELEROMETER 0.2087555 8.3285675 -1.8344421

1506971122808 GRAVITY 1.2043706 9.700437 0.7882895

1506971122808 LINEAR_ACCELERATION -0.9397843 1.3970189 1.0143874

1506971122809 GYROSCOPE 1.2463684 0.022140503 0.051864624

1506971122809 MAGNETIC_FIELD -27.282715 -45.83435 27.20337

1506971122809 ROTATION_VECTOR 0.25499934 -0.6283182 -0.64178485

1506971123016 LINEAR_ACCELERATION 0.6182839 2.0022588 -3.4544876

1506971123022 ROTATION_VECTOR 0.22353597 -0.70718247 -0.60787135

1506971123024 GRAVITY 1.2682154 9.674576 -0.98214316

1506971123026 ACCELEROMETER 2.2697296 9.305679 -4.415756

1506971123028 GYROSCOPE 0.30108643 -0.17652893 0.001663208

1506971123031 MAGNETIC_FIELD -20.94574 -35.37903 38.490295

1506971123140 MAGNETIC_FIELD -16.731262 -30.148315 41.76178

1506971123218 GRAVITY 1.3809533 9.512393 -1.9436367

1506971123220 LINEAR_ACCELERATION 0.93241215 2.2805614 -2.926136

1506971123223 ROTATION_VECTOR 0.17437002 -0.75411737 -0.58999956

1506971123225 ACCELEROMETER 1.7944489 9.311584 -4.9740753

1506971123227 GYROSCOPE 0.4954834 0.0018463135 0.107406616

