1506970920145 ACCELEROMETER 1.7908173 3.7879639 -9.109802

1506970920148 GYROSCOPE 0.052642822 -0.008972168 -6.1035156E-4

1506970920149 MAGNETIC_FIELD -25.36316 -1.4846802 31.027222

1506970920149 GRAVITY 1.7152996 3.7060351 -8.91591

1506970920150 LINEAR_ACCELERATION 0.0 0.0 -0.0

1506970920151 ROTATION_VECTOR 0.0 0.0 0.0

1506970920346 ACCELEROMETER 1.9815979 3.9203491 -8.813065

1506970920347 GYROSCOPE 0.028076172 0.020935059 -0.015563965

1506970920348 MAGNETIC_FIELD -25.700378 -0.81329346 31.355286

1506970920349 GRAVITY 1.8664435 3.7735786 -8.857024

1506970920349 LINEAR_ACCELERATION 0.13803911 0.11753011 0.13965988

1506970920350 ROTATION_VECTOR 0.47480693 -0.85213906 -0.12481001

1506970920548 ACCELEROMETER 1.7257538 3.7570953 -8.945602

1506970920549 GYROSCOPE 0.018463135 0.009185791 0.0036621094

1506970920549 MAGNETIC_FIELD -26.376343 -1.8218994 31.68335

1506970920550 GRAVITY 1.8308679 3.733161 -8.881544

1506970920551 LINEAR_ACCELERATION -0.12300098 -0.014187813 0.0027389526

1506970920552 ROTATION_VECTOR 0.47639915 -0.8519839 -0.12352017

1506970920749 ACCELEROMETER 1.7279205 3.760147 -8.858887

1506970920750 GYROSCOPE 0.036621094 -0.004699707 0.03463745

1506970920750 MAGNETIC_FIELD -25.869751 -1.9897461 29.87976

1506970920751 GRAVITY 1.8222256 3.700157 -8.897119

1506970920752 LINEAR_ACCELERATION -0.094601154 0.0455184 0.07411766

1506970920752 ROTATION_VECTOR 0.477016 -0.8521048 -0.12209789

1506970920986 ACCELEROMETER 1.6290283 3.7414246 -8.926819

1506970920987 GYROSCOPE 0.028076172 -0.049560547 -0.015563965

1506970920987 MAGNETIC_FIELD -26.213074 -0.0061035156 30.535889

1506970920988 GRAVITY 1.721905 3.6680083 -8.930349

1506970920989 LINEAR_ACCELERATION -0.117526054 0.051036358 0.08467007

1506970920989 ROTATION_VECTOR 0.47837636 -0.8523363 -0.12289364

1506970921187 ACCELEROMETER 1.733139 3.6921844 -9.098572

1506970921188 GYROSCOPE -0.040283203 0.026275635 -0.0059509277

1506970921189 MAGNETIC_FIELD -25.543213 -1.8478394 29.562378

1506970921189 GRAVITY 1.6950048 3.6634157 -8.937378

1506970921190 LINEAR_ACCELERATION 0.01871121 -0.0067424774 -0.093073845

1506970921191 ROTATION_VECTOR 0.48069772 -0.8512398 -0.12290102

1506970921388 ACCELEROMETER 1.6907196 3.6892853 -8.951218

1506970921389 GYROSCOPE 0.022735596 -4.272461E-4 0.0047302246

1506970921390 MAGNETIC_FIELD -24.856567 -1.3626099 29.551697

1506970921391 GRAVITY 1.7082845 3.6818855 -8.927255

1506970921391 LINEAR_ACCELERATION -0.027421951 -0.0128519535 0.041698456

1506970921392 ROTATION_VECTOR 0.48498794 -0.84849864 -0.12253598

1506970921590 ACCELEROMETER 1.7822113 3.7082977 -9.133392

1506970921591 GYROSCOPE 0.0579834 0.013458252 -0.030517578

1506970921591 MAGNETIC_FIELD -26.013184 -1.8478394 29.54712

1506970921592 GRAVITY 1.72818 3.619616 -8.948864

1506970921593 LINEAR_ACCELERATION 0.054840565 0.05221367 -0.08792782

1506970921593 ROTATION_VECTOR 0.48824775 -0.8472775 -0.11852723

1506970921791 ACCELEROMETER 1.7448425 3.6520844 -9.150101

1506970921792 GYROSCOPE -0.022125244 0.02734375 -0.024108887

1506970921793 MAGNETIC_FIELD -25.89264 -0.831604 30.67627

1506970921794 GRAVITY 1.731232 3.5901976 -8.960117

1506970921795 LINEAR_ACCELERATION -0.016059756 0.01134038 -0.07206726

1506970921795 ROTATION_VECTOR 0.49243867 -0.84518814 -0.11626226

1506970921992 ACCELEROMETER 1.7335205 3.682373 -8.975891

1506970921994 GYROSCOPE 0.025939941 0.009185791 0.043182373

1506970921994 MAGNETIC_FIELD -25.820923 -1.7501831 30.44281

1506970921995 GRAVITY 1.7531409 3.608226 -8.948608

1506970921996 LINEAR_ACCELERATION -0.0471462 0.028005362 0.06833744

1506970921996 ROTATION_VECTOR 0.4938276 -0.84402984 -0.11621813

1506970922193 ACCELEROMETER 1.7744904 3.6470947 -8.941528

1506970922194 GYROSCOPE -0.034942627 -0.010040283 0.00793457

1506970922195 MAGNETIC_FIELD -26.356506 -0.83465576 29.447937

1506970922196 GRAVITY 1.771389 3.620967 -8.939864

1506970922197 LINEAR_ACCELERATION -0.011667609 0.0018613338 0.07519913

1506970922197 ROTATION_VECTOR 0.49091688 -0.8454625 -0.11691704

1506970922394 ACCELEROMETER 1.7823944 3.679596 -8.945206

1506970922395 GYROSCOPE 3.0517578E-4 -0.07305908 0.025024414

1506970922396 MAGNETIC_FIELD -27.05841 -2.268982 30.186462

1506970922397 GRAVITY 1.7308679 3.6517127 -8.935293

1506970922397 LINEAR_ACCELERATION 0.039893508 9.5009804E-4 0.03795147

1506970922398 ROTATION_VECTOR 0.49099573 -0.84527886 -0.11935085

1506970922595 ACCELEROMETER 1.8417816 3.6052704 -8.965012

1506970922596 GYROSCOPE 0.008850098 -0.0068359375 -0.01663208

1506970922597 MAGNETIC_FIELD -26.654053 -2.4749756 30.969238

1506970922597 GRAVITY 1.7241476 3.625415 -8.947293

1506970922598 LINEAR_ACCELERATION 0.12275016 -0.03809023 0.021633148

1506970922598 ROTATION_VECTOR 0.49002126 -0.8462058 -0.11853391

1506970922801 GRAVITY 1.7269279 3.6190367 -8.94934

1506970922802 LINEAR_ACCELERATION 0.018726826 0.03846574 -0.12973309

1506970922802 ROTATION_VECTOR 0.49051782 -0.8459797 -0.11807121

1506970922803 ACCELEROMETER 1.7789001 3.703186 -9.196899

1506970922804 GYROSCOPE -0.0018310547 0.026275635 -0.01663208

1506970922804 MAGNETIC_FIELD -25.85907 -0.8804321 31.202698

1506970923009 ROTATION_VECTOR 0.49268603 -0.84437305 -0.11903039

1506970923013 LINEAR_ACCELERATION -0.018951774 0.0028836727 -0.0013580322

1506970923015 GRAVITY 1.7242639 3.6484942 -8.937885

1506970923022 ACCELEROMETER 1.7179565 3.6905518 -9.045502

1506970923024 GYROSCOPE -0.026397705 -0.013244629 0.0025939941

1506970923026 MAGNETIC_FIELD -25.177002 -0.5767822 29.812622

1506970923206 GRAVITY 1.7029946 3.6637118 -8.935738

1506970923209 LINEAR_ACCELERATION -0.023399115 -0.019512653 0.065335274

1506970923212 ACCELEROMETER 1.6923218 3.675476 -8.968033

1506970923214 GYROSCOPE 0.013122559 -0.004699707 -0.0016784668

1506970923216 MAGNETIC_FIELD -26.393127 -1.133728 28.842163

1506970923218 ROTATION_VECTOR 0.49637336 -0.8421457 -0.11951828

1506970923404 ACCELEROMETER 1.7325897 3.6916962 -8.986649

1506970923404 GYROSCOPE 0.009918213 0.030548096 0.03250122

1506970923405 MAGNETIC_FIELD -26.882935 -0.30975342 29.223633

1506970923405 GRAVITY 1.7282076 3.64607 -8.938113

1506970923405 LINEAR_ACCELERATION -0.02221179 0.010047197 0.020040512

1506970923406 ROTATION_VECTOR 0.4964344 -0.84218156 -0.118044235

1506970923609 LINEAR_ACCELERATION 0.0074995756 0.058835745 -0.034453392

1506970923612 ROTATION_VECTOR 0.49384466 -0.8435007 -0.1178537

1506970923615 GRAVITY 1.7588243 3.6478186 -8.931424

1506970923617 ACCELEROMETER 1.774826 3.7359924 -9.042175

1506970923619 GYROSCOPE 3.0517578E-4 -0.014312744 0.014343262

1506970923621 MAGNETIC_FIELD -27.391052 -1.1077881 30.207825

1506970923803 GRAVITY 1.7795982 3.654942 -8.924395

1506970923804 LINEAR_ACCELERATION -0.010217428 0.013203859 0.057439804

1506970923805 ACCELEROMETER 1.8045349 3.7115326 -8.945114

1506970923805 GYROSCOPE -7.6293945E-4 0.017730713 0.035705566

1506970923805 MAGNETIC_FIELD -25.09613 -1.1260986 30.303955

1506970923806 ROTATION_VECTOR 0.4923483 -0.84416264 -0.11794235

1506970924011 GRAVITY 1.8275101 3.6459925 -8.91837

1506970924017 LINEAR_ACCELERATION -0.01924169 0.036504507 0.0109090805

1506970924020 ROTATION_VECTOR 0.4903433 -0.8451472 -0.11670444

1506970924022 ACCELEROMETER 1.8079224 3.7044373 -8.991806

1506970924025 GYROSCOPE 0.018463135 0.020935059 0.02609253

1506970924027 MAGNETIC_FIELD -27.180481 -0.630188 29.919434

1506970924221 ACCELEROMETER 1.7690887 3.6657715 -8.867447

1506970924228 GRAVITY 1.8397378 3.6368384 -8.919594

1506970924230 LINEAR_ACCELERATION -0.08327985 0.012349367 0.079073906

1506970924232 ROTATION_VECTOR 0.49087146 -0.8448775 -0.115859225

1506970924235 GYROSCOPE 0.009918213 0.018798828 0.0015258789

1506970924237 MAGNETIC_FIELD -25.769043 -0.34332275 29.36554

1506970924423 ACCELEROMETER 1.8079529 3.6563416 -8.870605

1506970924429 GRAVITY 1.8440794 3.6379197 -8.918257

1506970924431 LINEAR_ACCELERATION -0.037947416 0.012896299 0.06348038

1506970924434 ROTATION_VECTOR 0.4919881 -0.8441873 -0.115558416

1506970924436 GYROSCOPE 0.0077819824 -4.272461E-4 0.0015258789

1506970924439 MAGNETIC_FIELD -25.94757 -1.7700195 29.917908

1506970924614 ACCELEROMETER 1.8249359 3.6737213 -8.813889

1506970924614 GYROSCOPE -7.6293945E-4 -0.02178955 0.0047302246

1506970924614 MAGNETIC_FIELD -26.670837 -0.31433105 29.187012

1506970924615 GRAVITY 1.8351468 3.657037 -8.912278

1506970924615 LINEAR_ACCELERATION 0.0063055754 0.031025887 0.07929897

1506970924615 ROTATION_VECTOR 0.48990127 -0.8452198 -0.11709855

1506970924815 ROTATION_VECTOR 0.48789197 -0.84610564 -0.11640864

1506970924815 LINEAR_ACCELERATION 0.05538845 0.030743837 0.059265137

1506970924816 GRAVITY 1.8784803 3.657316 -8.9031315

1506970924816 ACCELEROMETER 1.9204254 3.6757813 -8.813049

1506970924816 GYROSCOPE 0.02166748 0.030548096 0.00793457

1506970924817 MAGNETIC_FIELD -26.922607 -0.0076293945 29.293823

1506970925016 LINEAR_ACCELERATION -0.045870304 -0.008847475 -0.10165119

1506970925017 ROTATION_VECTOR 0.49163482 -0.8441955 -0.11515445

1506970925017 GRAVITY 1.8685141 3.6414897 -8.911711

1506970925017 ACCELEROMETER 1.8192596 3.6320343 -8.992676

1506970925018 GYROSCOPE -0.024261475 -0.004699707 -0.01449585

1506970925018 MAGNETIC_FIELD -26.670837 -0.47607422 29.386902

1506970925219 ROTATION_VECTOR 0.4956879 -0.84106284 -0.116358615

1506970925221 LINEAR_ACCELERATION 0.027662277 -0.017197847 0.014410019

1506970925225 GRAVITY 1.8820399 3.6953616 -8.886654

1506970925227 ACCELEROMETER 1.9101868 3.676651 -8.876831

1506970925229 GYROSCOPE -0.036010742 0.015594482 -0.01663208

1506970925231 MAGNETIC_FIELD -26.14441 -2.619934 30.233765

1506970925428 GRAVITY 1.8589218 3.7112908 -8.884882

1506970925434 LINEAR_ACCELERATION -0.052297354 -0.06194377 0.065737724

1506970925437 ROTATION_VECTOR 0.4995632 -0.838713 -0.11684751

1506970925440 ACCELEROMETER 1.8032379 3.6338959 -8.779892

1506970925442 GYROSCOPE 0.005645752 -0.01751709 0.00579834

1506970925444 MAGNETIC_FIELD -26.248169 -1.9897461 29.59137

1506970925629 ACCELEROMETER 1.8397217 3.68219 -9.002914

1506970925636 GYROSCOPE -0.015716553 0.018798828 -0.025177002

1506970925638 MAGNETIC_FIELD -27.11792 -0.6439209 29.519653

1506970925640 GRAVITY 1.8421731 3.6997526 -8.893178

1506970925643 LINEAR_ACCELERATION -0.0022631884 -0.0099823475 -0.11593437

1506970925645 ROTATION_VECTOR 0.501721 -0.83767647 -0.11630796

1506970925832 ACCELEROMETER 1.8352661 3.6643066 -8.851578

1506970925838 GRAVITY 1.8509393 3.707475 -8.888141

1506970925841 LINEAR_ACCELERATION -0.010658264 -0.039568663 0.0134038925

1506970925843 ROTATION_VECTOR 0.5033468 -0.8365471 -0.116065115

1506970925846 GYROSCOPE -0.00289917 0.0059814453 -0.0038146973

1506970925848 MAGNETIC_FIELD -27.381897 -0.9628296 31.059265

1506970926034 ACCELEROMETER 1.8464203 3.6547089 -8.8602295

1506970926040 GRAVITY 1.8512075 3.6857362 -8.897121

1506970926043 LINEAR_ACCELERATION -0.0074629784 -0.02405119 0.015017509

1506970926045 ROTATION_VECTOR 0.5032569 -0.8368748 -0.11510335

1506970926047 GYROSCOPE 0.015258789 -0.011108398 0.020751953

1506970926050 MAGNETIC_FIELD -25.967407 -1.2527466 29.551697

1506970926235 ACCELEROMETER 1.8342896 3.6394806 -8.918137

1506970926241 GRAVITY 1.8278269 3.6699102 -8.90849

1506970926244 LINEAR_ACCELERATION 0.010809779 -0.029076338 -0.027175903

1506970926246 ROTATION_VECTOR 0.5045536 -0.8364402 -0.1147426

1506970926248 GYROSCOPE -0.018920898 -0.022857666 -0.012359619

1506970926251 MAGNETIC_FIELD -25.944519 -1.8035889 30.026245

1506970926437 ACCELEROMETER 1.8173676 3.706131 -8.809036

1506970926443 GRAVITY 1.8080106 3.6833558 -8.906984

1506970926446 LINEAR_ACCELERATION 0.013646126 0.05233264 0.07777405

1506970926448 ROTATION_VECTOR 0.5019402 -0.8379653 -0.11643976

1506970926450 GYROSCOPE 0.049438477 6.4086914E-4 -0.017700195

1506970926453 MAGNETIC_FIELD -26.863098 -1.8859863 29.408264

1506970926636 ACCELEROMETER 1.829071 3.5962677 -9.143326

1506970926643 GYROSCOPE 0.030212402 -0.011108398 0.014343262

1506970926645 MAGNETIC_FIELD -26.351929 -1.210022 30.935669

1506970926647 GRAVITY 1.7960324 3.57866 -8.951975

1506970926649 LINEAR_ACCELERATION 0.028865218 -0.004552126 -0.1845665

1506970926652 ROTATION_VECTOR 0.5033174 -0.8385078 -0.11177577

1506970926839 ACCELEROMETER 1.9853973 3.697937 -9.099167

1506970926846 GRAVITY 1.8452199 3.5710597 -8.9450035

1506970926849 LINEAR_ACCELERATION 0.12936866 0.090535164 -0.06316376

1506970926851 ROTATION_VECTOR 0.49848694 -0.84117717 -0.11114091

1506970926853 GYROSCOPE 0.0035095215 0.0027770996 -0.0059509277

1506970926856 MAGNETIC_FIELD -27.352905 -1.0223389 30.168152

1506970927041 ACCELEROMETER 1.7198486 3.5331879 -8.922531

1506970927047 GRAVITY 1.7960461 3.563726 -8.957928

1506970927049 LINEAR_ACCELERATION -0.08996022 -0.04508257 0.091742516

1506970927052 ROTATION_VECTOR 0.5006258 -0.8402982 -0.11167026

1506970927054 GYROSCOPE 0.015258789 0.0038452148 -0.052947998

1506970927056 MAGNETIC_FIELD -25.570679 -1.0467529 30.825806

1506970927241 ACCELEROMETER 1.7481384 3.5784912 -8.827652

1506970927248 GRAVITY 1.7726063 3.5850484 -8.954087

1506970927250 LINEAR_ACCELERATION -0.02241826 -0.006834984 0.1077919

1506970927253 ROTATION_VECTOR 0.50359476 -0.8384055 -0.11263145

1506970927255 GYROSCOPE -0.011444092 -0.007904053 0.0025939941

1506970927257 MAGNETIC_FIELD -25.164795 -1.7242432 30.140686

1506970927442 ACCELEROMETER 1.9716034 3.7180328 -9.198624

1506970927448 GRAVITY 1.8099346 3.580789 -8.948322

1506970927450 LINEAR_ACCELERATION 0.15358579 0.10786176 -0.17768574

1506970927453 ROTATION_VECTOR 0.5006819 -0.8399733 -0.11205379

1506970927456 GYROSCOPE 0.029144287 -0.013244629 -6.1035156E-4

1506970927458 MAGNETIC_FIELD -26.261902 -0.92926025 29.371643

1506970927639 ACCELEROMETER 1.8782349 3.6599274 -8.965164

1506970927648 GYROSCOPE 0.024871826 0.0113220215 0.023956299

1506970927650 MAGNETIC_FIELD -25.083923 -2.0263672 30.607605

1506970927652 GRAVITY 1.8330656 3.5671122 -8.949077

1506970927655 LINEAR_ACCELERATION 0.023312807 0.059958458 0.086797714

1506970927657 ROTATION_VECTOR 0.49804807 -0.8415605 -0.111378565

1506970927846 ACCELEROMETER 1.829361 3.6292572 -9.102707

1506970927853 GRAVITY 1.8401805 3.5520797 -8.953594

1506970927855 LINEAR_ACCELERATION -0.033248663 0.037481308 -0.06842613

1506970927858 ROTATION_VECTOR 0.4982647 -0.8415691 -0.1104689

1506970927860 GYROSCOPE -0.010375977 0.00491333 0.018615723

1506970927862 MAGNETIC_FIELD -26.565552 -0.8758545 29.745483

1506970928048 ACCELEROMETER 1.8887787 3.6700592 -8.983414

1506970928055 GRAVITY 1.8771318 3.588474 -8.931383

1506970928057 LINEAR_ACCELERATION -0.00543952 0.047534466 0.041944504

1506970928059 ROTATION_VECTOR 0.49510604 -0.84275967 -0.11179625

1506970928061 GYROSCOPE -0.0061035156 0.024139404 0.0132751465

1506970928064 MAGNETIC_FIELD -26.469421 -0.642395 29.882813

1506970928249 ACCELEROMETER 1.94664 3.5746918 -9.029388

1506970928256 GRAVITY 1.9456899 3.5768242 -8.921379

1506970928258 LINEAR_ACCELERATION 0.008122444 -0.044150352 -0.008256912

1506970928260 ROTATION_VECTOR 0.49741122 -0.841098 -0.10896243

1506970928263 GYROSCOPE -0.00289917 0.048706055 -0.017700195

1506970928265 MAGNETIC_FIELD -26.271057 -1.3381958 30.229187

1506970928446 GRAVITY 1.9727093 3.5766408 -8.915517

1506970928452 LINEAR_ACCELERATION -0.1699425 -0.08047199 0.08978081

1506970928454 ROTATION_VECTOR 0.50320196 -0.837468 -0.106966846

1506970928457 ACCELEROMETER 1.8209229 3.5062103 -8.864334

1506970928459 GYROSCOPE -0.016784668 0.0519104 0.038909912

1506970928461 MAGNETIC_FIELD -26.341248 -0.84991455 28.869629

1506970928648 ACCELEROMETER 2.254837 3.698166 -8.895416

1506970928654 GRAVITY 2.0624151 3.6359375 -8.871121

1506970928656 LINEAR_ACCELERATION 0.19509506 0.046524048 0.004078865

1506970928658 ROTATION_VECTOR 0.5058487 -0.8345169 -0.10659628

1506970928660 GYROSCOPE -0.016784668 -0.02178955 -0.11917114

1506970928663 MAGNETIC_FIELD -27.684021 -0.85601807 29.728699

1506970928842 GRAVITY 1.9477805 3.6099412 -8.907573

1506970928853 LINEAR_ACCELERATION -0.17219198 -0.073310375 0.005534172

1506970928867 ROTATION_VECTOR 0.5160994 -0.82933784 -0.106262095

1506970928870 ACCELEROMETER 1.7938995 3.5456696 -8.942383

1506970928872 GYROSCOPE 0.04196167 0.023071289 0.018615723

1506970928874 MAGNETIC_FIELD -26.678467 -0.5081177 28.271484

1506970929042 GRAVITY 2.0465016 3.5824172 -8.896544

1506970929046 LINEAR_ACCELERATION 0.12567568 0.10437107 -0.15109634

1506970929048 ROTATION_VECTOR 0.5119925 -0.8315415 -0.103251606

1506970929051 ACCELEROMETER 2.2000122 3.7244568 -9.131836

1506970929053 GYROSCOPE -0.00289917 0.024139404 0.021820068

1506970932253 ACCELEROMETER 0.10777283 1.8916168 6.7810516

1506970932254 GYROSCOPE 0.54397583 -0.13821411 -2.1955872

1506970932254 MAGNETIC_FIELD 5.4992676 -2.9037476 -40.457153

1506970932255 GRAVITY 9.017654 -3.526629 -1.5540891

1506970932255 LINEAR_ACCELERATION -7.6320267 4.896247 7.9962792

1506970932256 ROTATION_VECTOR -0.4236052 -0.6322935 -0.13996102

1506970932455 ACCELEROMETER 4.5258636 -0.8154297 9.838089

1506970932455 GYROSCOPE 1.481781 0.10745239 0.7043457

1506970932456 MAGNETIC_FIELD -1.9210815 6.5734863 -47.15271

1506970932456 GRAVITY 9.493628 -2.4069285 -0.4981046

1506970932456 LINEAR_ACCELERATION -3.4340053 1.1303382 10.305164

1506970932457 ROTATION_VECTOR -0.28664917 -0.6657541 -0.10858269

1506970932656 ACCELEROMETER 2.8790588 0.08215332 9.407135

1506970932657 GYROSCOPE 0.23101807 1.6818542 0.29525757

1506970932657 MAGNETIC_FIELD -6.1447144 -0.6591797 -47.782898

1506970932658 GRAVITY 8.960949 -3.2796557 2.261776

1506970932658 LINEAR_ACCELERATION -4.3740926 2.785141 7.619213

1506970932659 ROTATION_VECTOR -0.22655952 -0.5773667 -0.018108238

