1506970739443 ACCELEROMETER -3.7869873 6.4945526 3.838745

1506970739445 GYROSCOPE 0.5567932 -0.37426758 -0.98220825

1506970739446 MAGNETIC_FIELD -7.475281 -8.21228 -39.518738

1506970739447 GRAVITY -5.247622 6.8489556 4.6609716

1506970739447 LINEAR_ACCELERATION 0.0 0.0 -0.0

1506970739448 ROTATION_VECTOR 0.0 0.0 0.0

1506970739645 ACCELEROMETER -2.4881134 7.2456512 4.46698

1506970739646 GRAVITY -4.4996767 7.4615064 4.499913

1506970739647 LINEAR_ACCELERATION 1.1105053 0.80994415 0.3176372

1506970739647 GYROSCOPE 0.3816223 0.13842773 -0.14801025

1506970739648 MAGNETIC_FIELD -8.825684 -12.583923 -35.910034

1506970739649 ROTATION_VECTOR 0.5187683 0.038048774 -0.38637465

1506970739846 ACCELEROMETER -1.2346039 7.637665 4.6485596

1506970739846 GYROSCOPE 0.04837036 -0.063446045 -0.04333496

1506970739847 MAGNETIC_FIELD -8.151245 -14.9383545 -34.925842

1506970739848 GRAVITY -3.587874 7.922644 4.530923

1506970739848 LINEAR_ACCELERATION 1.7633843 0.8281808 0.7868805

1506970739849 ROTATION_VECTOR 0.5186148 -0.0050898576 -0.36033887

1506970740046 ACCELEROMETER -0.60121155 7.5985413 4.800888

1506970740047 GYROSCOPE -0.09475708 -0.4607849 -0.07324219

1506970740048 LINEAR_ACCELERATION 1.696945 0.56533957 0.37289858

1506970740048 GRAVITY -2.7725856 8.042966 4.8778963

1506970740049 MAGNETIC_FIELD -8.995056 -15.779114 -34.10492

1506970740050 ROTATION_VECTOR 0.4995743 -0.041497644 -0.3487446

1506970740283 ACCELEROMETER -0.5093231 7.5538635 6.2546234

1506970740285 GYROSCOPE -0.016784668 -0.45758057 -0.30715942

1506970740286 MAGNETIC_FIELD -13.793945 -13.949585 -34.15222

1506970740286 GRAVITY -2.1007686 7.8443527 5.497571

1506970740287 LINEAR_ACCELERATION 1.48125 0.6216283 1.157032

1506970740288 ROTATION_VECTOR 0.4588608 -0.09564848 -0.39782533

1506970740484 ACCELEROMETER -1.7571259 6.7071533 6.107147

1506970740485 GYROSCOPE -0.15457153 -0.04849243 -0.16082764

1506970740486 MAGNETIC_FIELD -15.626526 -12.710571 -34.973145

1506970740486 GRAVITY -2.1255252 7.558978 5.8748937

1506970740487 LINEAR_ACCELERATION 0.15111113 -0.07264328 0.7926626

1506970740487 ROTATION_VECTOR 0.43405363 -0.109823585 -0.44579214

1506970740685 ACCELEROMETER -1.4273682 6.8719177 6.8206787

1506970740686 GYROSCOPE 0.11566162 0.23883057 -0.0743103

1506970740690 MAGNETIC_FIELD -17.23175 -12.487793 -33.770752

1506970740690 GRAVITY -2.2671359 7.41098 6.008981

1506970740691 LINEAR_ACCELERATION 0.6383562 0.1519804 1.2506924

1506970740691 ROTATION_VECTOR 0.4280022 -0.10218287 -0.45491442

1506970740886 ACCELEROMETER -1.2780609 6.7233734 7.157837

1506970740887 GYROSCOPE -0.011444092 0.055114746 -0.09140015

1506970740887 MAGNETIC_FIELD -14.608765 -12.232971 -35.269165

1506970740888 GRAVITY -2.4073234 7.3314996 6.0518017

1506970740888 LINEAR_ACCELERATION 0.8386543 -0.15570879 1.6521306

1506970740889 ROTATION_VECTOR 0.42793056 -0.0912109 -0.45244962

1506970741087 ACCELEROMETER -0.8124695 7.1366425 7.175308

1506970741088 GYROSCOPE 0.053710938 -0.10189819 -0.009155273

1506970744104 ACCELEROMETER -0.42681885 7.968857 5.4127502

1506970744106 GYROSCOPE -0.02746582 0.04763794 -0.0038146973

1506970744106 GRAVITY -0.5459327 8.000774 5.6444616

1506970744106 LINEAR_ACCELERATION 0.06051451 0.2213893 0.02559805

1506970744107 MAGNETIC_FIELD -19.1391 -17.628479 -30.366516

1506970744107 ROTATION_VECTOR 0.42848173 -0.1691625 -0.3813747

1506970744305 ACCELEROMETER -0.19500732 7.9860687 5.0699005

1506970744307 GRAVITY -0.3992653 8.1006 5.512827

1506970744307 LINEAR_ACCELERATION 0.2064828 0.17841148 -0.34639835

1506970744307 GYROSCOPE -0.010375977 -0.031402588 0.06668091

1506970744308 MAGNETIC_FIELD -18.478394 -17.50946 -31.774902

1506970744308 ROTATION_VECTOR 0.43520266 -0.17182174 -0.36462155

1506970744507 ACCELEROMETER -0.25245667 7.890518 5.6758575

1506970744508 GYROSCOPE -0.06271362 0.014526367 0.012207031

1506970744508 MAGNETIC_FIELD -19.429016 -18.59436 -31.388855

1506970744508 GRAVITY -0.29319662 8.026232 5.6270795

1506970744509 LINEAR_ACCELERATION 0.05689919 0.08138323 0.21132326

1506970744509 ROTATION_VECTOR 0.42694145 -0.17555562 -0.36707786

1506970744708 ACCELEROMETER -0.3659668 7.8385925 5.5164948

1506970744708 GYROSCOPE 0.040893555 -0.030334473 0.047454834

1506970744709 MAGNETIC_FIELD -18.441772 -17.875671 -30.978394

1506970744709 LINEAR_ACCELERATION -0.12059116 0.0033197403 0.028427124

1506970744710 GRAVITY -0.29757652 8.007812 5.653034

1506970744710 ROTATION_VECTOR 0.42464963 -0.17733635 -0.37231216

1506970744909 ACCELEROMETER -0.17738342 7.970978 5.38237

1506970744910 GYROSCOPE 0.009918213 0.016662598 0.02609253

1506970744910 MAGNETIC_FIELD -19.599915 -18.353271 -31.517029

1506970744911 LINEAR_ACCELERATION 0.03871675 0.086939335 -0.07122707

1506970744911 GRAVITY -0.21046211 8.0704975 5.56715

1506970744911 ROTATION_VECTOR 0.42737868 -0.18303494 -0.36964974

1506970745109 ACCELEROMETER -0.26889038 7.9474792 5.421509

1506970745111 GYROSCOPE 0.01953125 0.039093018 -0.01449585

1506970745111 GRAVITY -0.2474089 8.091522 5.5350194

1506970745112 LINEAR_ACCELERATION -0.030694425 0.03518486 0.0045962334

1506970745112 MAGNETIC_FIELD -17.515564 -18.049622 -33.03833

1506970745113 ROTATION_VECTOR 0.42989877 -0.18160287 -0.36889997

1506970745312 ACCELEROMETER -0.338089 7.8563843 5.4282837

1506970745313 GRAVITY -0.30713335 8.074311 5.557117

1506970745313 LINEAR_ACCELERATION -0.029961139 -0.04041195 -0.010879517

1506970745313 GYROSCOPE -0.04135132 0.00491333 -0.009155273

1506970745314 MAGNETIC_FIELD -18.42804 -18.88733 -32.55768

1506970745314 ROTATION_VECTOR 0.42951703 -0.17939065 -0.37189382

1506970745513 ACCELEROMETER -0.26008606 7.8774567 5.380066

1506970745513 GYROSCOPE 3.0517578E-4 0.010253906 -0.0016784668

1506970745517 MAGNETIC_FIELD -18.405151 -18.339539 -31.929016

1506970745518 GRAVITY -0.30517662 8.060881 5.576689

1506970745519 LINEAR_ACCELERATION 0.038119853 0.0073037148 -0.03415966

1506970745522 ROTATION_VECTOR 0.4287578 -0.17842299 -0.37094742

1506970745721 ACCELEROMETER -0.29580688 7.919693 5.443878

1506970745727 GYROSCOPE 0.036621094 0.020935059 0.010070801

1506970745733 MAGNETIC_FIELD -18.47992 -19.015503 -31.593323

1506970745735 GRAVITY -0.30323404 8.0837 5.543666

1506970745737 LINEAR_ACCELERATION 0.023582429 0.02775383 0.0124464035

1506970745740 ROTATION_VECTOR 0.43027362 -0.17948903 -0.3709629

1506970745920 GRAVITY -0.34285945 8.099791 5.5178094

1506970745921 LINEAR_ACCELERATION -0.062100142 -0.0393939 -0.011404991

1506970745921 ROTATION_VECTOR 0.4319299 -0.17918308 -0.37292984

1506970745921 ACCELEROMETER -0.37393188 7.860794 5.4296265

1506970745922 GYROSCOPE -7.6293945E-4 0.026275635 0.0132751465

1506970745922 MAGNETIC_FIELD -18.55011 -17.803955 -31.896973

1506970746121 ROTATION_VECTOR 0.42906436 -0.18116586 -0.3747045

1506970746122 LINEAR_ACCELERATION 0.025623351 -0.021224976 0.1648655

1506970746122 GRAVITY -0.30472437 8.077794 5.552186

1506970746125 ACCELEROMETER -0.28909302 7.8928223 5.557907

1506970746127 GYROSCOPE 0.034484863 0.0059814453 0.037841797

1506970746129 MAGNETIC_FIELD -18.31665 -17.930603 -31.030273

1506970746329 ACCELEROMETER -0.2531128 7.912857 5.425537

1506970746338 GRAVITY -0.27653873 8.071043 5.5634675

1506970746341 LINEAR_ACCELERATION -0.011619329 -0.017345905 0.010828495

1506970746343 ROTATION_VECTOR 0.42804205 -0.18199474 -0.37407243

1506970746345 GYROSCOPE -0.039215088 0.0070495605 0.0132751465

1506970746348 MAGNETIC_FIELD -19.075012 -18.585205 -32.76825

1506970746530 ACCELEROMETER -0.17835999 7.8948364 5.5205536

1506970746539 GRAVITY -0.23649643 8.049407 5.596563

1506970746542 LINEAR_ACCELERATION 0.044705138 0.00843668 0.03631878

1506970746544 ROTATION_VECTOR 0.42575917 -0.18271253 -0.37325063

1506970746546 GYROSCOPE 0.010986328 0.016662598 0.023956299

1506970746549 MAGNETIC_FIELD -18.977356 -18.223572 -32.469177

1506970746734 ACCELEROMETER -0.057769775 7.9814453 5.3647614

1506970746740 GRAVITY -0.17135862 8.099421 5.526338

1506970746743 LINEAR_ACCELERATION 0.13308568 0.05535841 -0.09420538

1506970746745 ROTATION_VECTOR 0.4293203 -0.18417181 -0.3656866

1506970746747 GYROSCOPE 0.018463135 0.04336548 0.014343262

1506970746750 MAGNETIC_FIELD -19.631958 -18.3609 -31.913757

1506970746922 ACCELEROMETER -0.24069214 7.8853455 5.4071655

1506970746923 GRAVITY -0.19435008 8.110404 5.509443

1506970746924 ROTATION_VECTOR 0.430683 -0.18332694 -0.3654836

1506970746925 LINEAR_ACCELERATION -0.07676986 -0.03921938 0.0011262894

1506970746925 GYROSCOPE 0.013122559 -0.008972168 0.029296875

1506970746926 MAGNETIC_FIELD -18.928528 -17.936707 -32.606506

1506970747137 GRAVITY -0.12267043 8.102681 5.522852

1506970747148 LINEAR_ACCELERATION 0.08501859 -0.01985693 -0.014279366

1506970747151 ROTATION_VECTOR 0.42898378 -0.18543419 -0.3630278

1506970747153 ACCELEROMETER -0.024520874 7.911804 5.359009

1506970747158 GYROSCOPE -0.02960205 0.015594482 0.010070801

1506970747160 MAGNETIC_FIELD -19.213867 -18.078613 -32.847595

1506970747338 ACCELEROMETER -0.13331604 7.8831177 5.306381

1506970747344 GRAVITY -0.12637798 8.10421 5.5205245

1506970747346 LINEAR_ACCELERATION 0.024210133 -0.024096012 -0.008527279

1506970747349 ROTATION_VECTOR 0.4289166 -0.1859089 -0.36416352

1506970747351 GYROSCOPE 0.03555298 0.008117676 -0.013427734

1506970747353 MAGNETIC_FIELD -19.119263 -17.518616 -31.207275

1506970747538 ACCELEROMETER -0.21774292 7.8532867 5.325012

1506970747545 GRAVITY -0.17059563 8.127534 5.4849324

1506970747547 LINEAR_ACCELERATION -0.08205965 -0.051680088 -0.0588789

1506970747549 ROTATION_VECTOR 0.43103805 -0.18588296 -0.36659107

1506970747552 GYROSCOPE -0.00289917 0.0038452148 0.019683838

1506970747554 MAGNETIC_FIELD -19.80133 -18.139648 -32.273865

1506970747724 ACCELEROMETER -0.16474915 7.8950195 5.453369

1506970747725 GYROSCOPE 0.025939941 0.008117676 0.00793457

1506970747726 GRAVITY -0.15507776 8.119633 5.497082

1506970747726 LINEAR_ACCELERATION -0.0015858859 -0.004867077 0.08494282

1506970747726 MAGNETIC_FIELD -18.441772 -18.20221 -31.245422

1506970747727 ROTATION_VECTOR 0.42960605 -0.18752457 -0.36877313

1506970747930 GRAVITY -0.1282432 8.159211 5.438861

1506970747931 LINEAR_ACCELERATION 0.014785178 0.009731293 -0.10496712

1506970747931 ROTATION_VECTOR 0.43245056 -0.18889621 -0.3655632

1506970747932 ACCELEROMETER -0.12239075 7.9269257 5.2237854

1506970747932 GYROSCOPE -0.00289917 -0.015380859 0.011138916

1506970747934 MAGNETIC_FIELD -18.8797 -17.845154 -32.369995

1506970748143 ACCELEROMETER -0.17544556 7.900467 5.494278

1506970748150 GRAVITY -0.12531891 8.116133 5.503006

1506970748152 LINEAR_ACCELERATION -0.031660452 -0.02166748 0.15289736

1506970748155 ROTATION_VECTOR 0.4283458 -0.18959077 -0.3700175

1506970748157 GYROSCOPE -0.00289917 -0.007904053 -0.0038146973

1506970748159 MAGNETIC_FIELD -18.978882 -18.469238 -33.27942

1506970748339 GRAVITY -0.16287327 8.090156 5.5401473

1506970748342 ACCELEROMETER -0.21691895 7.9156494 5.453476

1506970748349 LINEAR_ACCELERATION -0.058907107 -0.0031576157 0.08875799

1506970748351 ROTATION_VECTOR 0.42646116 -0.18884374 -0.37436622

1506970748353 GYROSCOPE -0.003967285 0.0059814453 -0.007019043

1506970748355 MAGNETIC_FIELD -18.881226 -17.797852 -32.736206

1506970748544 ACCELEROMETER -0.3314972 7.851425 5.613968

1506970748550 GRAVITY -0.2205717 8.072525 5.5638185

1506970748553 LINEAR_ACCELERATION -0.1556036 -0.069452286 0.16429806

1506970748555 ROTATION_VECTOR 0.42526254 -0.18835072 -0.3804692

1506970748557 GYROSCOPE 0.06439209 -0.0025634766 0.035705566

1506970748560 MAGNETIC_FIELD -18.536377 -16.905212 -31.77185

1506970748744 ACCELEROMETER -0.25953674 7.9041595 5.3510284

1506970748750 GRAVITY -0.20015867 8.126941 5.484811

1506970748753 LINEAR_ACCELERATION -0.026054233 -0.02725029 -0.033698082

1506970748755 ROTATION_VECTOR 0.42926466 -0.18995874 -0.3770859

1506970748758 GYROSCOPE 0.025939941 0.0017089844 0.00579834

1506970748760 MAGNETIC_FIELD -17.584229 -17.8833 -32.380676

1506970748931 ACCELEROMETER -0.27035522 7.920639 5.346222

1506970748932 GYROSCOPE -0.011444092 0.0113220215 0.02609253

1506970748934 MAGNETIC_FIELD -18.473816 -18.392944 -31.954956

1506970748935 GRAVITY -0.21276593 8.14978 5.450339

1506970748945 LINEAR_ACCELERATION -0.06058398 -0.0054945946 -0.06619072

1506970748946 ROTATION_VECTOR 0.43102586 -0.19059576 -0.37761796

1506970749129 ACCELEROMETER -0.21234131 7.8824463 5.5565796

1506970749131 GYROSCOPE -0.0018310547 0.014526367 0.012207031

1506970749131 MAGNETIC_FIELD -18.336487 -17.910767 -31.915283

1506970749132 GRAVITY -0.21035214 8.083984 5.547552

1506970749133 LINEAR_ACCELERATION -0.030106664 -0.062119007 0.20622444

1506970749133 ROTATION_VECTOR 0.42553014 -0.18994123 -0.38153458

1506970749331 ACCELEROMETER -0.2476654 7.929611 5.3642273

1506970749331 GYROSCOPE 0.013122559 0.009185791 0.023956299

1506970749332 MAGNETIC_FIELD -18.901062 -17.907715 -32.569885

1506970749342 GRAVITY -0.21930055 8.101888 5.5210247

1506970749368 LINEAR_ACCELERATION -0.048881903 0.009560108 -0.041111946

1506970749378 ROTATION_VECTOR 0.42778268 -0.18843582 -0.3781242

1506970749532 ACCELEROMETER -0.4846344 7.912781 5.4748993

1506970749533 GYROSCOPE 0.031280518 -0.030334473 0.25787354

1506970749533 MAGNETIC_FIELD -19.021606 -17.919922 -32.4646

1506970749534 GRAVITY -0.08691305 8.080841 5.5554338

1506970749534 LINEAR_ACCELERATION -0.21367034 -0.021092415 0.18904448

1506970749535 ROTATION_VECTOR 0.4232845 -0.19386066 -0.37714997

1506970749744 ACCELEROMETER -0.35603333 8.210678 2.9993591

1506970749777 GYROSCOPE -0.93322754 -0.08480835 0.58792114

1506970749781 GRAVITY 0.6219751 7.613701 6.149399

1506970749788 LINEAR_ACCELERATION -1.0042063 0.8524146 -2.6510777

1506970749789 ROTATION_VECTOR 0.3826684 -0.20008208 -0.35145372

1506970749789 MAGNETIC_FIELD -19.911194 -17.033386 -31.976318

1506970749934 ACCELEROMETER 0.023788452 6.642578 4.1769257

1506970749935 GYROSCOPE -0.2784729 -0.35717773 0.5430603

1506970749935 MAGNETIC_FIELD -20.606995 -11.036682 -36.180115

1506970749936 LINEAR_ACCELERATION -2.3242974 0.2794032 -2.6679173

1506970749936 GRAVITY 1.685832 6.7847714 6.8771534

1506970749937 ROTATION_VECTOR 0.3202595 -0.21632524 -0.3167143

1506970750150 ACCELEROMETER 2.1873932 5.1111145 5.325943

1506970750156 GYROSCOPE -0.39276123 -0.74383545 1.0910034

1506970750181 MAGNETIC_FIELD -24.690247 -6.173706 -35.906982

1506970750200 GRAVITY 3.5445814 5.9827785 6.914672

1506970750200 LINEAR_ACCELERATION -0.8848531 -0.16891193 -1.6420522

1506970750200 ROTATION_VECTOR 0.2610818 -0.28157791 -0.2625167

1506970750338 ACCELEROMETER 1.117157 3.4886627 7.20401

1506970750339 GRAVITY 5.2251487 4.675656 6.856125

1506970750339 LINEAR_ACCELERATION -3.2168603 -0.85781 0.27580738

1506970750339 ROTATION_VECTOR 0.21849626 -0.3204595 -0.120887935

1506970750340 GYROSCOPE 0.60272217 0.6468506 2.1655273

1506970750340 MAGNETIC_FIELD -27.568054 3.401184 -34.365845

1506970750538 ACCELEROMETER 4.1671143 2.883377 8.638687

1506970750538 GYROSCOPE 0.20111084 1.4586182 1.9294739

1506970750539 MAGNETIC_FIELD -16.41388 3.0838013 -41.537476

1506970750539 GRAVITY 5.017906 2.767708 7.958065

1506970750540 LINEAR_ACCELERATION -1.5425987 0.5697818 1.1748471

1506970750540 ROTATION_VECTOR 0.18060327 -0.2482621 0.11854102

1506970750738 ACCELEROMETER -3.1860504 1.9670715 8.61438

1506970750738 GYROSCOPE 2.946167 0.7654114 1.2138367

1506970750739 MAGNETIC_FIELD -3.9413452 -12.342834 -45.28351

1506970750739 GRAVITY 3.622645 3.4638367 8.429037

1506970750740 LINEAR_ACCELERATION -4.6422205 -0.43989253 2.6212606

1506970750740 ROTATION_VECTOR 0.24114387 -0.109947056 0.3576766

1506970750951 GRAVITY 2.122825 4.733463 8.322159

1506970750956 LINEAR_ACCELERATION -6.437454 -12.632127 -18.441967

1506970750959 ROTATION_VECTOR 0.27330664 0.031487636 0.49123076

1506970750962 ACCELEROMETER -4.2720947 -7.638397 -7.5640717

1506970750964 GYROSCOPE -0.67581177 1.5237732 0.03250122

1506970750967 MAGNETIC_FIELD 8.659363 -19.250488 -38.838196

1506970751154 GRAVITY -1.6602312 3.4430094 9.031041

1506970751159 ACCELEROMETER 1.9289246 5.099365 17.050201

1506970751163 LINEAR_ACCELERATION 2.8427517 2.4991956 10.260654

1506970751166 ROTATION_VECTOR 0.0872641 0.17868975 0.6064292

1506970751168 GYROSCOPE -0.65231323 3.1291504 0.33691406

1506970751171 MAGNETIC_FIELD 16.47644 -17.82837 -38.60321

1506970751351 ACCELEROMETER -2.085083 4.6063232 7.5357056

1506970751356 GYROSCOPE 0.10284424 0.37020874 0.7972717

1506970751359 MAGNETIC_FIELD 31.285095 -20.108032 -25.071716

1506970751363 GRAVITY -4.200774 3.1567397 8.280029

1506970751366 LINEAR_ACCELERATION 2.4991918 0.90532637 1.1495891

1506970751368 ROTATION_VECTOR -0.044161834 0.27547368 0.6911424

1506970751551 GRAVITY -4.4549694 3.705015 7.9117947

1506970751558 LINEAR_ACCELERATION -4.7301035 -0.27090955 1.1109982

1506970751561 ROTATION_VECTOR -0.09491188 0.29597715 0.8018709

1506970751563 ACCELEROMETER -8.048508 2.8018188 7.646744

1506970751566 GYROSCOPE -0.5027771 0.8305664 1.7649841

1506970751569 MAGNETIC_FIELD 34.809875 -25.341797 -13.658142

1506970751756 GRAVITY -4.751153 3.7421079 7.719687

1506970751759 LINEAR_ACCELERATION 0.19441175 1.2772565 -1.1405649

1506970751763 ROTATION_VECTOR -0.18644091 0.2676664 0.90439814

1506970751766 ACCELEROMETER -3.9243011 5.4761963 7.1680603

1506970751769 GYROSCOPE -1.1500549 1.4372559 1.8034363

1506970751772 MAGNETIC_FIELD 27.05841 -34.61914 -7.777405

1506970751957 GRAVITY -6.378814 2.7592316 6.918653

1506970751961 LINEAR_ACCELERATION 2.4498043 4.6036844 2.2047858

1506970751964 ROTATION_VECTOR -0.3324781 0.191586 0.9173991

1506970751967 ACCELEROMETER -3.9080505 6.3345795 9.161774

1506970751971 GYROSCOPE -1.2857056 1.8132324 -0.062561035

1506970751973 MAGNETIC_FIELD 16.012573 -40.715027 -8.227539

1506970752158 ACCELEROMETER -4.907501 4.188339 8.296509

1506970752162 GYROSCOPE 0.2192688 0.41934204 1.0707092

1506970752166 GRAVITY -7.3493547 2.6707942 5.918127

1506970752168 LINEAR_ACCELERATION 0.92369413 1.4438655 5.230679

1506970752171 ROTATION_VECTOR -0.41682133 0.15658697 0.89534754

1506970752174 MAGNETIC_FIELD 9.440613 -42.385864 -5.491638

