1506970692806 GYROSCOPE -0.00289917 -0.08267212 0.0047302246

1506970692809 MAGNETIC_FIELD -17.263794 -12.583923 -31.643677

1506970692810 GRAVITY -0.4061398 6.5303607 7.304781

1506970692810 LINEAR_ACCELERATION 0.0 0.0 -0.0

1506970692812 ROTATION_VECTOR 0.0 0.0 0.0

1506970693007 ACCELEROMETER -0.314682 6.426941 7.260071

1506970693008 GYROSCOPE 0.012054443 -0.0057678223 -0.025177002

1506970693009 MAGNETIC_FIELD -16.757202 -12.75177 -31.152344

1506970693010 GRAVITY -0.2538254 6.5704017 7.275698

1506970693010 LINEAR_ACCELERATION 0.09514299 0.11199379 0.06135559

1506970693011 ROTATION_VECTOR 0.32066175 -0.16192184 -0.45251098

1506970693208 ACCELEROMETER -0.32183838 6.457489 7.20372

1506970693209 GYROSCOPE -0.04348755 0.04336548 0.043182373

1506970693209 MAGNETIC_FIELD -18.61267 -13.592529 -30.659485

1506970693210 GRAVITY -0.34927684 6.491738 7.3420525

1506970693210 LINEAR_ACCELERATION -0.15636668 -0.1271143 0.07314396

1506970693211 ROTATION_VECTOR 0.3172452 -0.15816133 -0.46155533

1506970693409 ACCELEROMETER -0.37319946 6.374283 7.2449036

1506970693410 GYROSCOPE 0.055847168 0.11279297 0.04638672

1506970693410 MAGNETIC_FIELD -17.43164 -12.080383 -31.152344

1506970693411 GRAVITY -0.38460597 6.5415177 7.295959

1506970693411 LINEAR_ACCELERATION 0.06378958 0.096648216 -0.112775326

1506970693412 ROTATION_VECTOR 0.3222582 -0.15543258 -0.45433992

1506970693610 ACCELEROMETER -0.4052887 6.496338 7.0746

1506970693611 GYROSCOPE 0.016326904 0.013458252 0.045318604

1506970693611 MAGNETIC_FIELD -17.938232 -11.911011 -31.315613

1506970693612 LINEAR_ACCELERATION 0.06724787 0.042758465 -0.062254906

1506970693613 GRAVITY -0.38246483 6.626095 7.219348

1506970693613 ROTATION_VECTOR 0.32924595 -0.1533389 -0.441372

1506970693846 ACCELEROMETER -0.26208496 6.5765076 7.0173035

1506970693847 GYROSCOPE 0.040893555 0.017730713 -0.0038146973

1506970693848 GRAVITY -0.39592022 6.708577 7.1420326

1506970693848 LINEAR_ACCELERATION -0.035311133 0.011323452 -0.11590004

1506970693849 ROTATION_VECTOR 0.33544242 -0.15276144 -0.43444145

1506970694048 ACCELEROMETER -0.45324707 6.5811462 6.840378

1506970694049 GYROSCOPE 0.006713867 0.016662598 0.042114258

1506970694049 MAGNETIC_FIELD -16.72821 -11.529541 -31.835938

1506970694050 LINEAR_ACCELERATION -0.061652094 -0.051418304 -0.006157398

1506970694050 GRAVITY -0.4269856 6.7310057 7.1191034

1506970694051 ROTATION_VECTOR 0.33727622 -0.15254998 -0.43564892

1506970694249 ACCELEROMETER -0.46559143 6.53508 6.968918

1506970694249 GYROSCOPE 0.008850098 -0.0068359375 0.037841797

1506970694250 MAGNETIC_FIELD -16.848755 -12.080383 -30.10559

1506970694250 GRAVITY -0.4072304 6.718583 7.131984

1506970694251 LINEAR_ACCELERATION -0.055851847 -0.009487629 0.091860294

1506970694252 ROTATION_VECTOR 0.33623254 -0.15270135 -0.43476856

1506970694450 ACCELEROMETER -0.45628357 6.5605774 7.0830994

1506970694450 GYROSCOPE 0.005645752 0.014526367 -0.002746582

1506970694451 MAGNETIC_FIELD -15.969849 -12.123108 -30.915833

1506970694451 GRAVITY -0.4096308 6.6926293 7.1562066

1506970694452 LINEAR_ACCELERATION -0.041195333 -0.0608387 0.08132982

1506970694453 ROTATION_VECTOR 0.3337818 -0.15402825 -0.44052306

1506970694651 ACCELEROMETER -0.39216614 6.493393 7.0283203

1506970694653 GYROSCOPE 0.053710938 -0.024993896 -0.012359619

1506970694654 MAGNETIC_FIELD -17.480469 -12.127686 -30.35736

1506970694654 GRAVITY -0.38162208 6.7590876 7.095032

1506970694655 LINEAR_ACCELERATION 0.06712368 -0.07439947 -0.17054749

1506970694655 ROTATION_VECTOR 0.33684835 -0.15743959 -0.43984693

1506970694852 ACCELEROMETER -0.32478333 6.541336 6.7903748

1506970694853 GYROSCOPE -0.012512207 0.0070495605 -0.012359619

1506970694853 MAGNETIC_FIELD -17.504883 -12.489319 -31.033325

1506970694854 GRAVITY -0.36497444 6.799914 7.056795

1506970694854 LINEAR_ACCELERATION 0.037845135 0.068529606 0.024596691

1506970694855 ROTATION_VECTOR 0.33803892 -0.16103812 -0.44308546

1506970695053 ACCELEROMETER -0.33569336 6.691345 6.900284

1506970695054 GYROSCOPE 0.01953125 -0.0057678223 -0.019836426

1506970695054 MAGNETIC_FIELD -18.469238 -13.497925 -30.284119

1506970695055 GRAVITY -0.4081582 6.787604 7.066274

1506970695055 LINEAR_ACCELERATION -0.04000768 -0.023409367 0.036213398

1506970695056 ROTATION_VECTOR 0.33716515 -0.161369 -0.4499111

1506970695275 ACCELEROMETER -0.45228577 6.584091 6.979294

1506970695276 GRAVITY -0.42740643 6.735531 7.114797

1506970695278 LINEAR_ACCELERATION -0.022223026 -0.034821033 0.11940622

1506970695279 ROTATION_VECTOR 0.33381748 -0.16066174 -0.45500916

1506970695284 GYROSCOPE -0.036010742 0.014526367 0.015411377

1506970695285 MAGNETIC_FIELD -18.226624 -12.872314 -30.57251

1506970695460 GRAVITY -0.45100817 6.7032394 7.1437783

1506970695461 LINEAR_ACCELERATION -0.03395915 0.0290699 -0.04895115

1506970695461 ROTATION_VECTOR 0.33306658 -0.15759233 -0.4531178

1506970695462 ACCELEROMETER -0.43707275 6.572418 7.000992

1506970695462 GYROSCOPE -0.038146973 0.016662598 0.009002686

1506970695463 MAGNETIC_FIELD -16.636658 -13.591003 -30.143738

1506970695661 ROTATION_VECTOR 0.3361275 -0.15783097 -0.4434601

1506970695662 LINEAR_ACCELERATION 0.10318598 0.114350796 -0.13788223

1506970695663 GRAVITY -0.39831156 6.7506685 7.102127

1506970695665 ACCELEROMETER -0.42668152 6.6127777 6.9445343

1506970695666 GYROSCOPE 0.009918213 -0.01751709 -0.009155273

1506970695667 MAGNETIC_FIELD -17.314148 -13.1073 -30.575562

1506970695866 LINEAR_ACCELERATION 0.003387928 0.036185265 -0.020332813

1506970695867 ROTATION_VECTOR 0.33579856 -0.15868874 -0.44309542

1506970695868 GRAVITY -0.37880474 6.752833 7.1011367

1506970695869 ACCELEROMETER -0.32983398 6.6782684 6.8336334

1506970695870 GYROSCOPE -0.02746582 -0.013244629 0.0025939941

1506970695871 MAGNETIC_FIELD -17.007446 -13.040161 -30.908203

1506970696068 ROTATION_VECTOR 0.33378333 -0.15806769 -0.44664297

1506970696071 ACCELEROMETER -0.38659668 6.641159 6.900833

1506970696074 LINEAR_ACCELERATION -0.080513686 0.02781248 0.06141281

1506970696076 GRAVITY -0.39751524 6.71972 7.1314607

1506970696078 GYROSCOPE -0.007171631 0.0038452148 0.018615723

1506970696080 MAGNETIC_FIELD -17.248535 -12.132263 -31.132507

1506970696269 GRAVITY -0.32981917 6.742666 7.113232

1506970696272 LINEAR_ACCELERATION 0.060369343 0.08457613 -0.06064987

1506970696274 ROTATION_VECTOR 0.3342678 -0.15997234 -0.44140488

1506970696277 ACCELEROMETER -0.43093872 6.636688 7.0115967

1506970696279 GYROSCOPE -0.017852783 -0.007904053 0.031433105

1506970696281 MAGNETIC_FIELD -17.570496 -12.350464 -30.10254

1506970696470 GRAVITY -0.3131718 6.7350197 7.1212234

1506970696472 LINEAR_ACCELERATION -0.01941517 0.02969551 -0.060208797

1506970696474 ROTATION_VECTOR 0.33348438 -0.1603335 -0.4410052

1506970696477 ACCELEROMETER -0.267807 6.694275 6.9232483

1506970696479 GYROSCOPE -0.026397705 -4.272461E-4 -6.1035156E-4

1506970696481 MAGNETIC_FIELD -17.76886 -12.942505 -31.048584

1506970696670 GRAVITY -0.3260206 6.7121177 7.1422386

1506970696675 LINEAR_ACCELERATION -0.017610371 0.057864666 0.036507607

1506970696677 ROTATION_VECTOR 0.33202854 -0.16001321 -0.44372863

1506970696679 ACCELEROMETER -0.31698608 6.633499 7.0054626

1506970696681 GYROSCOPE -0.013580322 -0.0068359375 -0.01449585

1506970696684 MAGNETIC_FIELD -17.790222 -12.88147 -31.40564

1506970696870 GRAVITY -0.37000972 6.724711 7.1282353

1506970696875 LINEAR_ACCELERATION -0.08025202 -0.015171528 -0.0757246

1506970696877 ROTATION_VECTOR 0.33368108 -0.15880199 -0.44480145

1506970696880 ACCELEROMETER -0.36715698 6.660568 7.014572

1506970696882 GYROSCOPE 0.012054443 -0.0025634766 0.0015258789

1506970696884 MAGNETIC_FIELD -17.993164 -13.217163 -30.160522

1506970697081 ACCELEROMETER -0.43475342 6.567917 6.9133606

1506970697088 GRAVITY -0.34048215 6.7334948 7.121412

1506970697090 LINEAR_ACCELERATION 0.006664127 0.023788929 0.0113835335

1506970697092 ROTATION_VECTOR 0.33327925 -0.16072956 -0.44530398

1506970697095 GYROSCOPE -0.0061035156 -0.010040283 0.022888184

1506970697097 MAGNETIC_FIELD -17.30194 -12.481689 -31.246948

1506970697279 ACCELEROMETER -0.31188965 6.639633 6.9521027

1506970697288 GYROSCOPE -0.021057129 6.4086914E-4 -0.002746582

1506970697288 MAGNETIC_FIELD -18.107605 -12.416077 -31.599426

1506970697289 GRAVITY -0.35309812 6.7004414 7.151908

1506970697290 LINEAR_ACCELERATION -0.06518239 -0.017906666 0.03429699

1506970697290 ROTATION_VECTOR 0.33122116 -0.16014588 -0.44825512

1506970697473 GRAVITY -0.33355767 6.7185755 7.1358156

1506970697473 LINEAR_ACCELERATION 0.038826197 0.038836956 -0.08051729

1506970697474 ROTATION_VECTOR 0.33239645 -0.16027246 -0.44468352

1506970697474 ACCELEROMETER -0.4035492 6.584442 7.108841

1506970697474 GYROSCOPE 0.0024414063 0.0017089844 0.00579834

1506970697475 MAGNETIC_FIELD -17.425537 -12.530518 -30.60608

1506970697674 GRAVITY -0.33642894 6.7009034 7.152279

1506970697674 LINEAR_ACCELERATION -0.05469501 -0.0010118484 0.09916353

1506970697675 ROTATION_VECTOR 0.33104232 -0.16045636 -0.4470267

1506970697675 ACCELEROMETER -0.31681824 6.6086884 6.9644623

1506970697675 GYROSCOPE 0.0077819824 -0.004699707 0.02609253

1506970697676 MAGNETIC_FIELD -16.244507 -12.475586 -30.438232

1506970697877 GRAVITY -0.34998 6.7631097 7.092831

1506970697879 LINEAR_ACCELERATION -0.079545945 -0.0534544 -0.14535904

1506970697881 ROTATION_VECTOR 0.33529904 -0.16106157 -0.44462246

1506970697884 ACCELEROMETER -0.38615417 6.598114 7.05748

1506970697886 GYROSCOPE 0.047302246 -0.0014953613 0.011138916

1506970697888 MAGNETIC_FIELD -17.712402 -12.808228 -31.533813

1506970698085 GRAVITY -0.34500626 6.7936506 7.063828

1506970698092 LINEAR_ACCELERATION 0.0060967207 -0.020034313 0.023589611

1506970698094 ROTATION_VECTOR 0.33718535 -0.16171284 -0.44295678

1506970698097 ACCELEROMETER -0.38882446 6.5688934 6.850479

1506970698099 GYROSCOPE 0.010986328 0.0059814453 -0.0038146973

1506970698101 MAGNETIC_FIELD -17.60254 -12.016296 -30.992126

1506970698288 ACCELEROMETER -0.35560608 6.611313 6.95076

1506970698294 GRAVITY -0.36690274 6.7665205 7.0887213

1506970698297 LINEAR_ACCELERATION -0.025116593 -0.035791397 0.10254049

1506970698299 ROTATION_VECTOR 0.33577135 -0.16072771 -0.44547257

1506970698301 GYROSCOPE 3.0517578E-4 0.03161621 0.02822876

1506970698304 MAGNETIC_FIELD -16.752625 -12.306213 -31.033325

1506970698487 GRAVITY -0.38376817 6.7695847 7.084902

1506970698493 LINEAR_ACCELERATION -0.021893948 -0.02186966 0.0043697357

1506970698495 ROTATION_VECTOR 0.33696592 -0.15882225 -0.44253814

1506970698498 ACCELEROMETER -0.39457703 6.6096954 7.0488586

1506970698500 GYROSCOPE 0.013122559 -0.0036315918 -0.007019043

1506970698502 MAGNETIC_FIELD -16.757202 -12.411499 -30.615234

1506970698689 ACCELEROMETER -0.43315125 6.592392 6.947159

1506970698695 GRAVITY -0.39657643 6.795531 7.059311

1506970698697 LINEAR_ACCELERATION -0.072149724 0.0062971115 0.009049892

1506970698699 ROTATION_VECTOR 0.33881786 -0.15898979 -0.44216868

1506970698702 GYROSCOPE 0.023803711 0.0038452148 0.042114258

1506970698704 MAGNETIC_FIELD -17.861938 -12.52594 -31.68335

1506970698890 ACCELEROMETER -0.44743347 6.674576 6.892151

1506970698896 GRAVITY -0.3852985 6.8317094 7.024933

1506970698899 LINEAR_ACCELERATION -0.081544876 -0.06283808 0.0058760643

1506970698901 ROTATION_VECTOR 0.3411997 -0.15940791 -0.43875495

1506970698904 GYROSCOPE 0.049438477 0.008117676 0.04852295

1506970698906 MAGNETIC_FIELD -16.693115 -12.921143 -31.669617

1506970699092 ACCELEROMETER -0.42155457 6.641205 6.897232

1506970699099 GRAVITY -0.35780725 6.8748736 6.9841585

1506970699101 LINEAR_ACCELERATION -0.029566288 -0.031602383 0.054875374

1506970699103 ROTATION_VECTOR 0.342767 -0.1625355 -0.43934786

1506970699106 GYROSCOPE 0.040893555 -0.007904053 0.0132751465

1506970699108 MAGNETIC_FIELD -16.757202 -12.458801 -31.596375

1506970699293 ACCELEROMETER -0.3786621 6.692749 6.877487

1506970699299 GRAVITY -0.3674547 6.9131994 6.945721

1506970699301 LINEAR_ACCELERATION -0.028678179 -0.06266451 -0.046081543

1506970699304 ROTATION_VECTOR 0.34490025 -0.16404453 -0.44069868

1506970699306 GYROSCOPE 0.020599365 -4.272461E-4 -0.012359619

1506970699309 MAGNETIC_FIELD -16.619873 -12.75177 -30.610657

1506970699494 GRAVITY -0.3639288 6.920939 6.9381948

1506970699500 LINEAR_ACCELERATION 0.011558741 -0.044341564 0.108493805

1506970699503 ACCELEROMETER -0.41160583 6.67482 6.7838287

1506970699505 ROTATION_VECTOR 0.34411713 -0.16683502 -0.44619453

1506970699508 GYROSCOPE 0.047302246 -0.013244629 -0.0059509277

1506970699510 MAGNETIC_FIELD -17.816162 -13.072205 -30.86853

1506970699694 ACCELEROMETER -0.35372925 6.718857 6.861206

1506970699700 GRAVITY -0.3990918 6.9111466 6.946018

1506970699702 LINEAR_ACCELERATION -0.081864 -0.12208271 0.086168766

1506970699704 ROTATION_VECTOR 0.34320745 -0.16751206 -0.45258236

1506970699707 GYROSCOPE 0.016326904 0.014526367 0.017547607

1506970699709 MAGNETIC_FIELD -17.312622 -12.75177 -30.26123

1506970699894 ACCELEROMETER -0.43675232 6.648697 6.836838

1506970699900 GRAVITY -0.3887796 6.892917 6.964692

1506970699903 LINEAR_ACCELERATION -0.017692924 -0.049200058 0.0800786

1506970699905 ROTATION_VECTOR 0.34217215 -0.16678658 -0.45133513

1506970699908 GYROSCOPE 0.0035095215 -0.0057678223 0.018615723

1506970699910 MAGNETIC_FIELD -16.970825 -12.841797 -30.374146

1506970700093 ACCELEROMETER -0.39500427 6.671753 6.9290466

1506970700099 GYROSCOPE -0.07980347 -0.0014953613 0.017547607

1506970700102 MAGNETIC_FIELD -16.777039 -12.898254 -31.748962

1506970700104 GRAVITY -0.3851002 6.7700644 7.084371

1506970700107 LINEAR_ACCELERATION -0.056224853 -0.06829262 0.20189619

1506970700109 ROTATION_VECTOR 0.3343681 -0.16430326 -0.45590803

1506970700298 ACCELEROMETER -0.41123962 6.6145782 7.1804047

1506970700304 GRAVITY -0.3650631 6.778482 7.077379

1506970700307 LINEAR_ACCELERATION 0.0049336255 0.08200455 -0.08367586

1506970700309 ROTATION_VECTOR 0.33552298 -0.16302885 -0.4497814

1506970700311 GYROSCOPE 0.030212402 -0.013244629 -0.007019043

1506970700313 MAGNETIC_FIELD -17.51709 -12.626648 -31.439209

1506970700497 GRAVITY -0.37428224 6.835993 7.021361

1506970700503 LINEAR_ACCELERATION -0.041775346 0.020318031 -0.09636974

1506970700506 ROTATION_VECTOR 0.3401189 -0.16226329 -0.44395065

1506970700508 ACCELEROMETER -0.40641785 6.7174377 6.82045

1506970700510 GYROSCOPE 0.008850098 0.0059814453 0.018615723

1506970700513 MAGNETIC_FIELD -17.43927 -12.554932 -30.958557

1506970700700 ACCELEROMETER -0.40556335 6.7213135 6.7937775

1506970700706 GRAVITY -0.3643147 6.8494473 7.0087614

1506970700708 LINEAR_ACCELERATION -0.018884033 -0.01962614 -0.0319376

1506970700711 ROTATION_VECTOR 0.34059983 -0.16323106 -0.4439519

1506970700713 GYROSCOPE 0.0045776367 -0.0025634766 0.014343262

1506970700715 MAGNETIC_FIELD -16.200256 -11.938477 -30.911255

1506970700901 ACCELEROMETER -0.39224243 6.6859283 6.8181

1506970700907 GRAVITY -0.36934313 6.8381424 7.0195284

1506970700910 LINEAR_ACCELERATION -0.06727472 -0.021510124 0.0361104

1506970700912 ROTATION_VECTOR 0.3400783 -0.1626358 -0.4440898

1506970700914 GYROSCOPE -7.6293945E-4 0.009185791 0.03463745

1506970700917 MAGNETIC_FIELD -17.182922 -13.049316 -29.922485

1506970701103 ACCELEROMETER -0.40286255 6.6667633 6.8551025

1506970701109 GRAVITY -0.39489287 6.8074684 7.0478945

1506970701112 LINEAR_ACCELERATION -0.10002163 -0.055656433 0.0052547455

1506970701114 ROTATION_VECTOR 0.3383318 -0.16183011 -0.4477592

1506970701117 GYROSCOPE -0.019989014 -0.008972168 0.0036621094

1506970701119 MAGNETIC_FIELD -16.95404 -12.2543335 -30.685425

1506970701305 ACCELEROMETER -0.4649353 6.6089935 6.9773254

1506970701311 GRAVITY -0.37974423 6.807178 7.049008

1506970701313 LINEAR_ACCELERATION 0.011333615 0.039937973 0.04754162

1506970701315 ROTATION_VECTOR 0.33797705 -0.16239499 -0.44740987

1506970701318 GYROSCOPE 0.02166748 -0.004699707 -0.0059509277

1506970701320 MAGNETIC_FIELD -18.435669 -13.179016 -30.532837

1506970701502 GRAVITY -0.37311754 6.8197865 7.037164

1506970701511 LINEAR_ACCELERATION -0.006224543 -0.01601839 -0.01042223

1506970701525 ROTATION_VECTOR 0.33820197 -0.16378008 -0.44886827

1506970701528 ACCELEROMETER -0.3877716 6.6920013 6.9738464

1506970701530 GYROSCOPE -0.0018310547 -0.0036315918 0.012207031

1506970701533 MAGNETIC_FIELD -17.22107 -12.278748 -30.630493

1506970701695 GRAVITY -0.35169488 6.824868 7.0333405

1506970701698 LINEAR_ACCELERATION -0.0011662841 0.030103207 0.05213213

1506970701700 ROTATION_VECTOR 0.33819577 -0.16438697 -0.44742966

1506970701703 ACCELEROMETER -0.3617859 6.6898804 6.8893127

1506970701705 GYROSCOPE 0.015258789 6.4086914E-4 0.015411377

1506970701707 MAGNETIC_FIELD -17.292786 -13.0859375 -30.62439

1506970701906 ACCELEROMETER -0.34100342 6.7099915 6.95343

1506970701912 GRAVITY -0.33075157 6.8112626 7.0475307

1506970701915 LINEAR_ACCELERATION 0.019275486 -0.03214073 0.077635765

1506970701917 ROTATION_VECTOR 0.33697972 -0.16468333 -0.44693896

1506970701919 GYROSCOPE 0.0035095215 0.0113220215 0.012207031

1506970701922 MAGNETIC_FIELD -16.52069 -12.789917 -30.529785

1506970702107 ACCELEROMETER -0.29170227 6.706604 6.973221

1506970702113 GRAVITY -0.33830464 6.8488703 7.010628

1506970702116 LINEAR_ACCELERATION -0.026126683 0.02361536 -0.062042236

1506970702118 ROTATION_VECTOR 0.33981094 -0.16457814 -0.44425046

1506970702120 GYROSCOPE 0.018463135 -0.0057678223 0.0025939941

1506970702123 MAGNETIC_FIELD -18.092346 -11.943054 -31.077576

1506970702307 ACCELEROMETER -0.35287476 6.7388 6.83078

1506970702314 GRAVITY -0.29189563 6.865975 6.9959683

1506970702316 LINEAR_ACCELERATION -0.050198138 -0.02019453 -0.083678246

1506970702318 ROTATION_VECTOR 0.33916286 -0.16814712 -0.4459751

1506970702321 GYROSCOPE -0.016784668 -0.08694458 0.009002686

1506970702323 MAGNETIC_FIELD -17.89093 -12.42218 -30.355835

1506970702492 ACCELEROMETER -0.34013367 6.7158203 6.742935

1506970702493 GYROSCOPE 0.02166748 -0.010040283 0.012207031

1506970702494 MAGNETIC_FIELD -17.860413 -12.557983 -30.255127

1506970702494 GRAVITY -0.26663664 6.8900003 6.9733205

1506970702495 LINEAR_ACCELERATION -0.11117956 0.010884762 -0.07100439

1506970702495 ROTATION_VECTOR 0.3390436 -0.17178203 -0.4496404

1506970702704 ACCELEROMETER -0.35003662 6.7362366 6.7738037

1506970702709 GRAVITY -0.27100787 6.869486 6.9933615

1506970702712 GYROSCOPE -0.030670166 -0.004699707 0.0025939941

1506970702715 ROTATION_VECTOR 0.33748695 -0.1718731 -0.45219016

1506970702718 LINEAR_ACCELERATION -0.050219804 0.009522438 0.06500673

1506970702720 MAGNETIC_FIELD -17.03186 -12.437439 -29.304504

1506970702899 ACCELEROMETER -0.35961914 6.7335205 6.9093018

1506970702905 GYROSCOPE -0.026397705 -0.0068359375 0.015411377

1506970702908 MAGNETIC_FIELD -16.95404 -12.8479 -30.073547

1506970702910 GRAVITY -0.2553305 6.841182 7.0216393

1506970702913 LINEAR_ACCELERATION -0.011214256 0.06562281 0.02225542

1506970702915 ROTATION_VECTOR 0.33563972 -0.17129508 -0.45154577

1506970703109 ACCELEROMETER -0.25030518 6.801697 6.8688354

1506970703118 GYROSCOPE -0.040283203 0.010253906 0.02609253

1506970703132 MAGNETIC_FIELD -18.22052 -13.650513 -30.386353

1506970703144 GRAVITY -0.23400332 6.835058 7.028343

1506970703146 LINEAR_ACCELERATION -0.010348618 0.102669716 -0.052425385

1506970703149 ROTATION_VECTOR 0.33587083 -0.16983819 -0.4461166

1506970703308 ACCELEROMETER -0.18530273 6.8726807 6.8296967

1506970703313 GRAVITY -0.2516925 6.8393455 7.0235596

1506970703315 LINEAR_ACCELERATION -0.09170766 0.08551884 -0.3409834

1506970703318 ROTATION_VECTOR 0.33799878 -0.16629776 -0.4392382

1506970703321 GYROSCOPE -0.10757446 -0.036743164 -0.008087158

1506970703326 MAGNETIC_FIELD -17.506409 -12.678528 -31.037903

1506970703508 ACCELEROMETER -0.32141113 6.7773438 6.5224457

1506970703513 GYROSCOPE -0.1449585 -0.1659851 -0.13198853

1506970703530 MAGNETIC_FIELD -17.56897 -13.018799 -30.627441

1506970703546 GRAVITY -0.099412836 6.8118567 7.054014

1506970703552 LINEAR_ACCELERATION 0.20046675 0.18580437 -0.41050577

1506970703554 ROTATION_VECTOR 0.33381677 -0.17003454 -0.43283474

1506970703711 ACCELEROMETER 0.4462433 6.5192413 6.1565857

1506970703730 GRAVITY 0.115258336 6.8893185 6.978137

1506970703739 LINEAR_ACCELERATION 0.33217514 -0.7242608 -1.8772955

1506970703748 ROTATION_VECTOR 0.3212634 -0.20249413 -0.48011735

1506970703749 GYROSCOPE 0.2545166 -0.9019165 -0.6820679

1506970703749 MAGNETIC_FIELD -18.632507 -12.188721 -30.349731

1506970703899 ACCELEROMETER 0.51272583 5.429535 4.761429

1506970703900 GYROSCOPE 0.7116699 -0.563324 -0.1651001

1506970703900 MAGNETIC_FIELD -19.306946 -11.7752075 -30.107117

1506970703900 GRAVITY 0.53183645 7.5415287 6.2460294

1506970703901 LINEAR_ACCELERATION 1.205545 -2.305438 -2.9222217

1506970703902 ROTATION_VECTOR 0.32413703 -0.27654353 -0.5373145

1506970704114 ACCELEROMETER 1.6404877 5.032242 2.6119537

1506970704119 GRAVITY 1.9702601 7.673742 5.7794595

1506970704122 LINEAR_ACCELERATION -0.3113191 -0.41072607 -1.1148338

1506970704125 ROTATION_VECTOR 0.2728334 -0.36178935 -0.5559024

1506970704128 GYROSCOPE -0.44830322 -1.0012512 0.8389282

1506970704130 MAGNETIC_FIELD -24.240112 -18.432617 -22.595215

1506970704311 ACCELEROMETER 1.9894257 7.70047 4.6729736

1506970704317 GRAVITY 3.6816056 5.6655354 7.107593

1506970704320 LINEAR_ACCELERATION -1.9878719 5.3631473 -0.5501547

1506970704324 ROTATION_VECTOR 0.12321765 -0.34990147 -0.56639785

1506970704326 GYROSCOPE -2.3313904 -0.024993896 0.61569214

1506970704329 MAGNETIC_FIELD -28.086853 -21.678162 -17.744446

1506970704513 GRAVITY 3.6415873 3.533891 8.391713

1506970704517 LINEAR_ACCELERATION -0.60084486 3.683225 -3.121468

1506970704520 ACCELEROMETER 1.3464813 10.422348 5.6459045

1506970704525 GYROSCOPE -0.3414917 0.56781006 0.1361084

1506970704528 ROTATION_VECTOR 0.039381385 -0.26568934 -0.5622203

1506970704531 MAGNETIC_FIELD -34.500122 -21.951294 -16.300964

1506970704703 ACCELEROMETER 3.3414154 6.7678223 5.457367

1506970704706 GYROSCOPE 1.3696289 0.69277954 0.8880615

1506970704707 MAGNETIC_FIELD -35.838318 -18.589783 -18.972778

1506970704707 GRAVITY 2.9723961 4.094246 8.400738

1506970704708 LINEAR_ACCELERATION 1.6509125 3.3370626 1.9538727

1506970704709 ROTATION_VECTOR 0.10886238 -0.24460286 -0.48216534

1506970704905 ACCELEROMETER -1.252243 6.6367035 11.879517

1506970704907 GYROSCOPE -2.6325989 5.555908 -1.2321472

1506970704908 MAGNETIC_FIELD -34.892273 -10.958862 -20.239258

1506970704909 GRAVITY -3.9460857 2.6417592 8.580205

1506970704909 LINEAR_ACCELERATION -15.733944 -9.937342 -10.192465

1506970704910 ROTATION_VECTOR 0.22877783 0.100955635 -0.5186339

1506970705117 GRAVITY -8.649423 -0.4957514 4.594792

1506970705121 LINEAR_ACCELERATION 7.905463 2.5193849 -4.9693556

1506970705125 ACCELEROMETER -15.910477 -9.258163 -10.296722

1506970705128 ROTATION_VECTOR 0.25860822 0.44592893 -0.4715941

1506970705130 GYROSCOPE -0.38528442 0.6703491 -0.22277832

1506970705133 MAGNETIC_FIELD -36.424255 -17.918396 -23.365784

1506970705319 GRAVITY -8.664903 -3.4468982 3.034591

1506970705323 LINEAR_ACCELERATION 11.023352 6.504475 5.2386065

1506970705330 ROTATION_VECTOR 0.11398435 0.57644296 -0.43924654

1506970705333 ACCELEROMETER 3.2846985 4.217926 4.08165

1506970705336 GYROSCOPE -2.6112366 0.6917114 -1.9488525

1506970705339 MAGNETIC_FIELD -37.88147 -17.263794 -21.49353

1506970705520 ACCELEROMETER 2.5013733 3.0325775 10.32576

1506970705528 GYROSCOPE 0.9338379 -1.6592102 -1.0292053

1506970705531 MAGNETIC_FIELD -34.892273 -17.29889 -26.9516

1506970705534 GRAVITY -6.9442906 -6.0494833 3.3691196

1506970705536 LINEAR_ACCELERATION 7.0588007 8.543209 7.443572

1506970705539 ROTATION_VECTOR -0.037829142 0.57165694 -0.49639106

1506970705708 ACCELEROMETER 2.0117798 4.282013 8.508942

1506970705709 GYROSCOPE -0.046691895 0.09036255 0.13076782

1506970705710 GRAVITY -5.495137 -6.031557 5.4400525

1506970705710 MAGNETIC_FIELD -35.906982 -23.910522 -19.960022

1506970705711 LINEAR_ACCELERATION 7.0586233 9.135635 3.5156794

1506970705711 ROTATION_VECTOR -0.05688124 0.4684005 -0.5754169

1506970705911 ACCELEROMETER 3.5091858 4.92955 7.507126

1506970705913 GRAVITY -5.3408117 -5.5967526 6.026813

1506970705913 LINEAR_ACCELERATION 7.496048 8.883326 2.6626396

1506970705914 GYROSCOPE 0.128479 -0.07946777 -0.007019043

1506970705915 ROTATION_VECTOR -0.04688815 0.43648547 -0.5800463

1506970705915 MAGNETIC_FIELD -37.01172 -23.847961 -16.200256

1506970706118 LINEAR_ACCELERATION 7.127588 8.488005 2.7456942

1506970706121 ROTATION_VECTOR -0.034169577 0.3949718 -0.5994625

1506970706125 GRAVITY -4.984714 -5.1098466 6.7240224

1506970706128 ACCELEROMETER 3.8511047 5.0900574 6.8751984

1506970706130 GYROSCOPE 0.006713867 -0.03994751 0.02822876

1506970706133 MAGNETIC_FIELD -36.586 -24.10431 -16.139221

1506970706318 ACCELEROMETER 3.9393005 5.1570435 7.162079

1506970706321 GYROSCOPE 0.12741089 -0.1307373 -0.008087158

1506970706329 MAGNETIC_FIELD -36.587524 -23.764038 -16.799927

1506970706331 GRAVITY -4.522227 -4.558032 7.412435

1506970706338 LINEAR_ACCELERATION 6.6627054 7.8477945 2.820012

1506970706339 ROTATION_VECTOR -0.022527367 0.34865957 -0.62121725

1506970706513 ACCELEROMETER 3.9240417 5.1116943 7.2910156

1506970706514 GYROSCOPE -0.0050354004 0.0017089844 -0.008087158

1506970706519 MAGNETIC_FIELD -37.094116 -24.258423 -13.999939

1506970706520 GRAVITY -4.012558 -3.9731486 8.017721

1506970706520 LINEAR_ACCELERATION 6.6071672 7.7156563 2.114685

1506970706520 ROTATION_VECTOR -0.011814109 0.30177873 -0.64374113

1506970706727 ACCELEROMETER 4.2028046 5.3298035 6.917267

1506970706731 GRAVITY -0.37186888 0.30737895 9.794775

1506970706734 LINEAR_ACCELERATION 4.360062 5.130442 1.4882627

1506970706737 ROTATION_VECTOR 0.023686802 0.006662992 -0.5692869

1506970706739 GYROSCOPE -0.04135132 0.0059814453 -0.009155273

1506970706742 MAGNETIC_FIELD -35.99701 -25.19989 -14.581299

1506970706921 GRAVITY 1.9324495 2.8674047 9.17682

1506970706926 LINEAR_ACCELERATION 2.932373 3.4522638 1.0018668

1506970706928 ROTATION_VECTOR 0.07543722 -0.16254738 -0.5085661

1506970706931 ACCELEROMETER 4.171173 5.3188934 6.9422913

1506970706933 GYROSCOPE 0.0024414063 -0.020721436 -0.0038146973

1506970706936 MAGNETIC_FIELD -36.749268 -24.46289 -14.34021

1506970707122 GRAVITY 3.029576 4.0455065 8.403923

1506970707125 LINEAR_ACCELERATION 1.9998071 2.311336 0.64620876

1506970707127 ROTATION_VECTOR 0.098351434 -0.24868886 -0.5048092

1506970707129 ACCELEROMETER 4.206192 5.3316193 7.079422

1506970707131 GYROSCOPE 0.02166748 0.0038452148 0.02822876

1506970707135 MAGNETIC_FIELD -37.509155 -23.683167 -14.733887

1506970707327 GRAVITY 3.4529283 4.5709767 7.959513

1506970707330 LINEAR_ACCELERATION 1.1733594 1.4828203 0.50863886

1506970707333 ROTATION_VECTOR 0.0995608 -0.29028508 -0.5322345

1506970707335 ACCELEROMETER 4.2132416 5.330261 6.959503

1506970707337 GYROSCOPE -0.015716553 0.02947998 0.00793457

1506970707339 MAGNETIC_FIELD -37.62207 -24.061584 -13.674927

1506970707523 GRAVITY 3.7579455 4.8738093 7.635065

1506970707524 ACCELEROMETER 4.08255 5.2809296 7.0611877

1506970707524 LINEAR_ACCELERATION 0.91491055 1.0303259 0.20526695

1506970707524 ROTATION_VECTOR 0.092479974 -0.3196365 -0.55734056

1506970707525 GYROSCOPE -0.0061035156 -0.0014953613 0.0025939941

1506970707525 MAGNETIC_FIELD -36.924744 -24.435425 -14.993286

1506970707724 GRAVITY 3.9468353 5.059278 7.415968

1506970707724 ACCELEROMETER 4.199814 5.3118744 6.893814

1506970707725 ROTATION_VECTOR 0.081276126 -0.33953652 -0.58436304

1506970707725 LINEAR_ACCELERATION 0.58075714 0.69838953 0.16149044

1506970707725 GYROSCOPE 0.0045776367 -0.018585205 0.006866455

1506970707726 MAGNETIC_FIELD -36.91864 -24.403381 -14.31427

1506970707933 ACCELEROMETER 4.1979675 5.3042297 6.968445

1506970707936 GRAVITY 4.083177 5.169065 7.264903

1506970707938 LINEAR_ACCELERATION 0.41485453 0.45457458 0.14055872

1506970707940 ROTATION_VECTOR 0.06740071 -0.35362434 -0.61087835

1506970707942 GYROSCOPE 0.014190674 -0.007904053 0.00579834

1506970707944 MAGNETIC_FIELD -36.401367 -24.281311 -14.349365

1506970708136 GRAVITY 4.177071 5.2691355 7.1385345

1506970708140 ACCELEROMETER 4.2559967 5.339279 6.925888

1506970708142 LINEAR_ACCELERATION 0.28047538 0.3164525 -0.004529476

1506970708144 ROTATION_VECTOR 0.057569675 -0.36431 -0.62933034

1506970708146 GYROSCOPE 0.009918213 0.0038452148 0.00579834

1506970708148 MAGNETIC_FIELD -37.364197 -24.01123 -14.784241

1506970708336 ACCELEROMETER 4.261261 5.315277 6.86528

1506970708342 GRAVITY 4.185863 5.257931 7.141645

1506970708345 LINEAR_ACCELERATION 0.16096258 0.18575335 0.20058775

1506970708347 ROTATION_VECTOR 0.044367276 -0.36593577 -0.6522876

1506970708349 GYROSCOPE -0.039215088 0.0017089844 -0.008087158

1506970708352 MAGNETIC_FIELD -37.338257 -24.195862 -13.925171

1506970708537 ACCELEROMETER 4.2845764 5.3308716 7.0388947

1506970708543 GRAVITY 3.6560094 4.9582214 7.6302047

1506970708546 LINEAR_ACCELERATION 0.20140457 0.18020058 -0.23307419

1506970708548 ROTATION_VECTOR 0.04526293 -0.33002895 -0.67581517

1506970708550 GYROSCOPE -0.5999756 0.70773315 -0.16723633

1506970708553 MAGNETIC_FIELD -37.13379 -24.534607 -14.8880005

1506970708737 ACCELEROMETER 3.7352295 4.925308 7.315628

1506970708743 GRAVITY 2.8920023 5.053843 7.890842

1506970708746 LINEAR_ACCELERATION 0.8886814 0.47600174 -1.0278196

1506970708748 ROTATION_VECTOR 0.09148714 -0.29884636 -0.6502433

1506970708750 GYROSCOPE 0.092163086 0.6126709 -0.24414063

1506970708753 MAGNETIC_FIELD -36.662292 -23.654175 -17.778015

