1506975948810 GYROSCOPE -0.13150024 0.80293274 0.78245544

1506975948812 MAGNETIC_FIELD -18.159485 -34.95636 -21.528625

1506975948813 GRAVITY -1.6813533 3.5601635 8.981574

1506975948813 LINEAR_ACCELERATION 0.0 0.0 -0.0

1506975948814 ROTATION_VECTOR 0.0 0.0 0.0

1506975949011 ACCELEROMETER -0.8203583 3.3199158 8.654083

1506975949012 GYROSCOPE -0.10372925 0.5284271 1.2022247

1506975949013 MAGNETIC_FIELD -21.534729 -30.247498 -25.138855

1506975949013 GRAVITY -0.56179357 3.7347326 9.050223

1506975949014 LINEAR_ACCELERATION 1.4297137 0.39132714 0.84023094

1506975949014 ROTATION_VECTOR 0.110822245 -0.16212788 -0.882787

1506975949212 ACCELEROMETER 0.93989563 4.558014 10.348206

1506975949213 GYROSCOPE 0.056488037 0.27742004 0.5132904

1506975949214 MAGNETIC_FIELD -23.222351 -25.201416 -28.09143

1506975949215 GRAVITY -0.20672365 3.9118183 8.990292

1506975949215 LINEAR_ACCELERATION 0.87658644 0.47407985 0.15317154

1506975949216 ROTATION_VECTOR 0.123829715 -0.16213863 -0.8082905

1506975949413 ACCELEROMETER 1.0717468 4.4767456 8.928482

1506975949413 GYROSCOPE 0.73046875 0.15992737 0.4000702

1506975949414 MAGNETIC_FIELD -23.89679 -20.829773 -31.044006

1506975949415 GRAVITY 0.2538464 4.676637 8.615974

1506975949416 LINEAR_ACCELERATION 1.4419633 -0.3247056 -1.0679512

1506975949416 ROTATION_VECTOR 0.14644381 -0.19814585 -0.7470396

1506975949613 ACCELEROMETER 1.1568146 3.6631622 6.5937653

1506975949615 GYROSCOPE 1.2431641 -0.13380432 -0.3914032

1506975949616 MAGNETIC_FIELD -24.234009 -22.84851 -31.700134

1506975949616 GRAVITY 0.12450189 6.1692505 7.622023

1506975949617 LINEAR_ACCELERATION -0.46801057 -1.540595 -0.97915316

1506975949618 ROTATION_VECTOR 0.20543002 -0.26302755 -0.7310659

1506975949850 ACCELEROMETER -0.7837372 5.0512543 6.886795

1506975949851 GYROSCOPE -0.13897705 -0.040878296 1.1573639

1506975949852 MAGNETIC_FIELD -22.546387 -21.165466 -32.643127

1506975949853 GRAVITY 0.65157473 6.723753 7.108937

1506975949853 LINEAR_ACCELERATION -0.6998684 -0.696486 2.6903124

1506975949854 ROTATION_VECTOR 0.19106591 -0.3178662 -0.7460986

1506975950051 ACCELEROMETER 0.2893219 5.638672 8.994186

1506975950052 GYROSCOPE -0.20840454 0.1556549 0.42356873

1506975950053 MAGNETIC_FIELD -22.315979 -18.180847 -31.956482

1506975950054 LINEAR_ACCELERATION -0.3732822 -1.7455654 -0.45579386

1506975950055 GRAVITY 1.602486 6.1448674 7.4728193

1506975950055 ROTATION_VECTOR 0.15539971 -0.3079662 -0.704158

1506975950252 ACCELEROMETER 1.055481 4.2073517 6.6780853

1506975950253 GYROSCOPE -0.033233643 -0.06864929 -0.17991638

1506975950254 MAGNETIC_FIELD -24.1745 -18.753052 -31.178284

1506975950255 GRAVITY 1.485068 5.773242 7.7868247

1506975950255 LINEAR_ACCELERATION -0.99472106 0.28311968 2.6976047

1506975950256 ROTATION_VECTOR 0.1556848 -0.28061482 -0.6876113

1506975950453 ACCELEROMETER 0.77622986 5.8882294 10.270676

1506975950454 GYROSCOPE 0.06930542 -0.4617157 0.07322693

1506975950455 MAGNETIC_FIELD -27.096558 -16.18042 -29.902649

1506975950455 GRAVITY 1.9235295 5.8352027 7.6433525

1506975950456 LINEAR_ACCELERATION 0.29137623 -1.0629964 -1.8530936

1506975950457 ROTATION_VECTOR 0.14312597 -0.29968727 -0.68110305

1506975950654 ACCELEROMETER 2.0156097 4.371231 5.475174

1506975950655 GYROSCOPE 1.0861511 0.8210907 -0.14894104

1506975950656 MAGNETIC_FIELD -28.070068 -17.037964 -29.522705

1506975950657 GRAVITY 1.5411909 6.612109 7.076379

1506975950658 LINEAR_ACCELERATION -0.60910463 -0.1870985 1.4268074

1506975950658 ROTATION_VECTOR 0.19122192 -0.32037365 -0.6679321

1506975950855 ACCELEROMETER 0.5878906 6.2572937 8.781815

1506975950856 GYROSCOPE 0.039398193 0.026412964 0.8230438

1506975950857 MAGNETIC_FIELD -25.021362 -21.165466 -30.662537

1506975950858 GRAVITY 1.2581096 7.0615973 6.6874046

1506975950858 LINEAR_ACCELERATION -1.5685096 -0.7377372 3.295483

1506975950859 ROTATION_VECTOR 0.2318094 -0.32450214 -0.6411365

1506975951056 ACCELEROMETER -0.26210022 5.7536163 8.925949

1506975951057 GYROSCOPE 0.31817627 0.23149109 0.43852234

1506975951057 MAGNETIC_FIELD -24.900818 -19.578552 -31.011963

1506975951058 GRAVITY 1.9320573 7.0158405 6.573851

1506975951059 LINEAR_ACCELERATION -1.0574168 -2.944809 -1.2154236

1506975951059 ROTATION_VECTOR 0.22844003 -0.33562183 -0.59184325

1506975951257 ACCELEROMETER 0.91018677 4.221298 5.566498

1506975951258 GYROSCOPE -0.63565063 0.29130554 -0.5088959

1506975951259 MAGNETIC_FIELD -21.884155 -18.815613 -31.039429

1506975951259 LINEAR_ACCELERATION -0.22454476 1.7100554 3.685617

1506975951260 GRAVITY 1.4529525 6.738592 6.9750047

1506975951260 ROTATION_VECTOR 0.234746 -0.2987776 -0.59056324

1506975951462 ACCELEROMETER 1.3636017 7.8783264 10.042389

1506975951465 GRAVITY 1.4313111 6.492001 7.209415

1506975951465 LINEAR_ACCELERATION 1.9761575 -1.5136847 -1.3660941

1506975951465 ROTATION_VECTOR 0.21313226 -0.29495218 -0.6198018

1506975951466 GYROSCOPE 0.1942749 -0.798172 -0.32304382

1506975951466 MAGNETIC_FIELD -25.027466 -17.932129 -29.754639

1506975951664 LINEAR_ACCELERATION 0.44738686 -0.7396035 -2.0207534

1506975951670 ROTATION_VECTOR 0.19637482 -0.35944986 -0.6659851

1506975951672 GRAVITY 1.8302784 7.0964684 6.51618

1506975951674 ACCELEROMETER 3.0915527 4.4914093 5.243469

1506975951676 GYROSCOPE 0.4388733 -0.7682648 -0.75883484

1506975951678 MAGNETIC_FIELD -28.170776 -23.760986 -24.058533

1506975951868 GRAVITY 1.5892664 7.4330325 6.196341

1506975951871 LINEAR_ACCELERATION -0.38535428 2.9750795 3.8169584

1506975951873 ROTATION_VECTOR 0.19157466 -0.3838928 -0.70604056

1506975951876 ACCELEROMETER 2.2616272 6.805069 4.8400116

1506975951878 GYROSCOPE -0.009735107 0.32868958 0.1554718

1506975951880 MAGNETIC_FIELD -27.645874 -29.60205 -19.070435

1506975952070 GRAVITY 1.2891136 6.9169908 6.831092

1506975952074 LINEAR_ACCELERATION -1.2094747 -2.3491387 -0.8711457

1506975952076 ROTATION_VECTOR 0.19681214 -0.33611938 -0.69607824

1506975952078 ACCELEROMETER 0.8598175 9.596725 9.343613

1506975952080 GYROSCOPE -0.5160217 0.8499298 0.5848541

1506975952083 MAGNETIC_FIELD -27.542114 -30.270386 -18.92395

1506975952266 GRAVITY 0.7429132 6.4985046 7.3067026

1506975952267 LINEAR_ACCELERATION 0.28334886 -1.335146 -3.166377

1506975952268 ROTATION_VECTOR 0.22868732 -0.27416044 -0.6447088

1506975952269 ACCELEROMETER 0.21910095 3.9835663 5.4240875

1506975952269 GYROSCOPE 0.019104004 0.6587372 0.17469788

1506975952270 MAGNETIC_FIELD -27.816772 -27.949524 -22.981262

1506975952465 GRAVITY 1.1967818 6.739751 7.0223823

1506975952468 LINEAR_ACCELERATION 2.2478561 2.1838794 6.392261

1506975952469 ACCELEROMETER 1.4000092 5.8135376 4.9061127

1506975952474 GYROSCOPE 0.58947754 -0.5514374 0.50367737

1506975952477 MAGNETIC_FIELD -27.928162 -25.408936 -24.864197

1506975952478 ROTATION_VECTOR 0.23763335 -0.2923842 -0.60561764

1506975952671 GRAVITY 1.4888484 6.807187 6.900429

1506975952677 LINEAR_ACCELERATION 1.2807858 -2.2790723 -3.910934

1506975952683 ROTATION_VECTOR 0.21997419 -0.31589144 -0.62721443

1506975952689 ACCELEROMETER 3.2900543 7.9742584 11.6488495

1506975952691 GYROSCOPE -0.5971985 -0.081466675 -0.87953186

1506975952696 MAGNETIC_FIELD -32.255554 -24.893188 -20.466614

1506975952865 ACCELEROMETER 2.4981995 4.048584 3.0545044

1506975952866 GYROSCOPE 0.059692383 -0.5258026 -0.5612335

1506975952866 MAGNETIC_FIELD -31.752014 -27.149963 -18.110657

1506975952866 GRAVITY 1.0370986 6.6035404 7.175518

1506975952867 LINEAR_ACCELERATION 1.8995903 0.7763214 -0.6972375

1506975952867 ROTATION_VECTOR 0.19670214 -0.30896384 -0.69789577

1506975953083 GRAVITY 1.8806683 6.2479024 7.3210106

1506975953096 LINEAR_ACCELERATION -0.482049 -0.034014225 3.7473855

1506975953099 ROTATION_VECTOR 0.14169711 -0.3265797 -0.7136805

1506975953101 ACCELEROMETER 2.676773 7.5747375 7.450287

1506975953108 GYROSCOPE -0.33551025 -0.26091003 1.0452118

1506975953112 MAGNETIC_FIELD -30.937195 -31.399536 -16.299438

1506975953281 GRAVITY 3.3848932 6.0362854 6.9481034

1506975953281 LINEAR_ACCELERATION -1.4047687 -2.4683542 -2.1696239

1506975953282 ROTATION_VECTOR 0.103057936 -0.3675927 -0.6541976

1506975953282 ACCELEROMETER 1.3475647 5.426285 9.759842

1506975953282 GYROSCOPE 0.6621094 -0.35810852 0.73332214

1506975953283 MAGNETIC_FIELD -32.987976 -25.224304 -18.730164

1506975953468 ACCELEROMETER 2.2875824 3.4087524 4.0974426

1506975953469 GYROSCOPE -1.8864136 -1.4881744 0.22810364

1506975953469 MAGNETIC_FIELD -38.07068 -20.495605 -15.126038

1506975953469 GRAVITY 5.2726827 4.9142623 6.6497545

1506975953470 LINEAR_ACCELERATION -0.4983182 2.0382047 -1.8846354

1506975953470 ROTATION_VECTOR -0.0022728366 -0.4011879 -0.62831545

1506975953671 LINEAR_ACCELERATION -6.5918903 2.8445008 -0.78099823

1506975953671 GRAVITY 8.18019 4.1368394 3.4844556

1506975953672 ACCELEROMETER 3.8230286 6.634308 5.3118744

1506975953672 GYROSCOPE 4.059784 -1.7925873 3.7272491

1506975953672 MAGNETIC_FIELD -38.409424 -16.459656 -14.309692

1506975953673 ROTATION_VECTOR -0.048992053 -0.56563413 -0.43350485

1506975953879 ACCELEROMETER 1.3356628 6.8611145 0.3471527

1506975953886 GYROSCOPE -4.116638 4.485794 -0.93400574

1506975953889 GRAVITY 7.983878 1.9682277 5.34361

1506975953893 LINEAR_ACCELERATION 2.730404 4.4645696 -8.449694

1506975953896 ROTATION_VECTOR -0.05539527 -0.4737965 -0.308043

1506975953899 MAGNETIC_FIELD -38.513184 -7.296753 -2.8305054

1506975954081 ACCELEROMETER 9.884598 4.346054 -2.018036

1506975954086 LINEAR_ACCELERATION -4.1253524 -11.287493 -13.76712

1506975954089 GRAVITY 2.1698565 0.22974338 9.5608225

1506975954092 ROTATION_VECTOR -0.021915622 -0.10978809 -0.29604828

1506975954095 GYROSCOPE 3.5065002 3.0352936 1.8943634

1506975954097 MAGNETIC_FIELD -20.33844 -16.662598 -18.52417

1506975954271 ACCELEROMETER -3.471115 -11.685226 -8.884048

1506975954271 GYROSCOPE -3.4586792 2.1412811 2.54805

1506975954272 MAGNETIC_FIELD -13.5269165 -22.721863 -17.640686

1506975954273 GRAVITY -2.8778186 -0.7424597 9.345443

1506975954273 LINEAR_ACCELERATION 3.9336247 -0.29592842 -7.407432

1506975954274 ROTATION_VECTOR -0.029056162 0.15056816 -0.06108408

1506975954472 ACCELEROMETER 3.2266998 1.732666 3.5651093

1506975954473 GYROSCOPE -0.53845215 0.06486511 -0.18632507

1506975954474 MAGNETIC_FIELD -16.767883 -16.415405 -20.257568

1506975954475 GRAVITY -4.4263077 -3.265388 8.118832

1506975954475 LINEAR_ACCELERATION 7.313055 7.801301 2.2986264

1506975954476 ROTATION_VECTOR -0.19944112 0.2151233 0.106840126

1506975954673 ACCELEROMETER 3.7636719 5.484787 8.227966

1506975954674 GYROSCOPE 0.14300537 2.7351532 -1.121994

1506975954675 MAGNETIC_FIELD -16.142273 -17.03186 -21.316528

1506975954675 GRAVITY -5.8580127 -3.692798 6.943869

1506975954676 LINEAR_ACCELERATION 7.8309917 9.9540415 -0.83744764

1506975954676 ROTATION_VECTOR -0.20951639 0.3194747 0.01662514

1506975954874 ACCELEROMETER 3.7287903 7.4245453 3.935028

1506975954875 GYROSCOPE -0.04711914 0.31053162 0.40647888

1506975954875 MAGNETIC_FIELD -6.1782837 -19.21997 -26.568604

1506975954876 LINEAR_ACCELERATION 4.3863544 8.744066 2.8347554

1506975954876 GRAVITY -7.3898387 -3.531439 5.393479

1506975954877 ROTATION_VECTOR -0.20055772 0.4298671 -0.008148386

1506975955074 ACCELEROMETER -0.89875793 5.7293396 7.0129547

1506975955075 GYROSCOPE 0.5147095 -0.78749084 1.0153046

1506975955076 MAGNETIC_FIELD -8.009338 -17.860413 -27.015686

1506975955076 LINEAR_ACCELERATION 9.116391 6.636714 3.9754524

1506975955077 GRAVITY -7.16428 -1.7596562 6.461199

1506975955077 ROTATION_VECTOR -0.13833301 0.38914588 0.09155517

1506975955275 ACCELEROMETER 4.7564087 5.4535522 8.224121

1506975955276 GYROSCOPE -0.11013794 -2.9311981 2.428421

1506975955277 MAGNETIC_FIELD -11.36322 -19.018555 -27.326965

1506975955277 GRAVITY -3.8511696 1.0830294 8.953544

1506975955278 LINEAR_ACCELERATION 7.8708777 0.59161556 3.757399

1506975955278 ROTATION_VECTOR 0.0060524056 0.20846999 0.23733272

1506975955477 ACCELEROMETER 4.233368 1.2689667 8.862549

1506975955477 GYROSCOPE -0.5192261 -2.2860565 1.8644562

1506975955478 MAGNETIC_FIELD -9.082031 -20.814514 -29.075623

1506975955478 GRAVITY 1.712301 2.2189744 9.397583

1506975955479 LINEAR_ACCELERATION -2.4076638 2.8014288 1.5419312

1506975955479 ROTATION_VECTOR 0.13741677 -0.04442133 0.334246

1506975955677 ACCELEROMETER -1.1242676 4.8360443 9.516541

1506975955679 GYROSCOPE 1.122467 1.490799 0.99394226

1506975955679 MAGNETIC_FIELD -17.990112 -15.348816 -26.876831

1506975955680 GRAVITY 2.696019 2.4172218 9.113666

1506975955681 LINEAR_ACCELERATION -2.7771788 3.6069717 4.2359405

1506975955681 ROTATION_VECTOR 0.16846311 -0.0833819 0.36454976

1506975955878 ACCELEROMETER 0.5657654 4.959854 9.645126

1506975955879 GYROSCOPE 1.6287537 1.3957367 0.58592224

1506975955879 MAGNETIC_FIELD -8.946228 -19.091797 -34.536743

1506975955880 GRAVITY 1.0056037 4.4103255 8.701044

1506975955880 LINEAR_ACCELERATION 6.026246 1.574506 1.3924651

1506975955881 ROTATION_VECTOR 0.22837839 0.0649116 0.46665776

1506975956080 ACCELEROMETER 6.6237946 4.9029236 6.2241974

1506975956080 GYROSCOPE -0.71255493 2.0825348 1.1904755

1506975956081 MAGNETIC_FIELD 4.60968 -28.10669 -33.86078

1506975956081 GRAVITY -0.76654774 5.1903424 8.285115

1506975956082 LINEAR_ACCELERATION 5.4922047 2.8091989 -2.08074

1506975956082 ROTATION_VECTOR 0.17510763 0.21659641 0.6506464

1506975956280 ACCELEROMETER 5.135208 7.0358276 5.699234

1506975956281 GYROSCOPE 0.052215576 0.31373596 0.32743835

1506975956281 MAGNETIC_FIELD 13.739014 -27.470398 -32.907104

1506975956282 GRAVITY -1.6119418 4.898264 8.341405

1506975956282 LINEAR_ACCELERATION 4.5317287 5.479864 4.147385

1506975956283 ROTATION_VECTOR 0.0862203 0.25936994 0.7722124

1506975956481 ACCELEROMETER 2.2564545 8.291565 9.5733795

1506975956482 GYROSCOPE -0.7093506 0.12788391 1.1167755

1506975956482 MAGNETIC_FIELD 21.812439 -20.578003 -33.670044

1506975956483 GRAVITY -1.1171796 4.539882 8.620427

1506975956483 LINEAR_ACCELERATION 1.834461 1.3798032 2.1956415

1506975956484 ROTATION_VECTOR 0.07638523 0.23376448 0.8227182

1506975956682 ACCELEROMETER 0.991272 3.9470978 9.413269

1506975956684 GYROSCOPE 1.1523743 -0.6091156 0.8444061

1506975956685 MAGNETIC_FIELD 23.925781 -17.91687 -34.757996

1506975956686 GRAVITY 0.33025774 4.7357206 8.581041

1506975956686 LINEAR_ACCELERATION 1.9136293 -2.6478374 5.671455

1506975956687 ROTATION_VECTOR 0.12688495 0.21538076 0.8664165

1506975956883 ACCELEROMETER 2.5884857 1.0827637 10.604523

1506975956884 GYROSCOPE 0.33847046 0.97276306 -0.016494751

1506975956884 MAGNETIC_FIELD 25.42572 -21.273804 -31.936646

1506975956885 GRAVITY 0.6095707 5.983885 7.745446

1506975956885 LINEAR_ACCELERATION 2.2044816 -1.6868906 -4.3059516

1506975956886 ROTATION_VECTOR 0.15576911 0.28430292 0.87142664

