1506971011651 ACCELEROMETER -1.4452667 5.4686127 8.094299

1506971011653 GYROSCOPE -0.08557129 -0.020584106 0.14479065

1506971011654 MAGNETIC_FIELD 12.942505 2.381897 -32.136536

1506971011655 GRAVITY -1.5356096 5.3028584 8.10506

1506971011655 LINEAR_ACCELERATION 0.0 0.0 -0.0

1506971011656 ROTATION_VECTOR 0.0 0.0 0.0

1506971011852 ACCELEROMETER -1.0244598 5.5399323 8.497879

1506971011853 GYROSCOPE 0.046875 -0.21498108 5.950928E-4

1506971011854 MAGNETIC_FIELD 11.593628 1.7105103 -32.136536

1506971011854 GRAVITY -1.2293707 5.3254046 8.1424265

1506971011855 LINEAR_ACCELERATION 0.059171557 -0.063390255 -0.1644001

1506971011856 ROTATION_VECTOR 0.26600084 0.11872393 0.18341239

1506971012053 ACCELEROMETER 0.49412537 5.0009766 8.749542

1506971012054 GYROSCOPE -0.04071045 -0.40830994 -0.030380249

1506971012054 MAGNETIC_FIELD 7.711792 2.5512695 -31.97174

1506971012055 LINEAR_ACCELERATION 0.26029527 -0.027300835 0.36307716

1506971012055 GRAVITY -0.59894675 5.2420807 8.266332

1506971012056 ROTATION_VECTOR 0.2678273 0.08247982 0.17655544

1506971012254 ACCELEROMETER 1.3030548 4.1685944 7.4684906

1506971012255 GYROSCOPE -0.0065307617 -0.12205505 -0.2440033

1506971012256 MAGNETIC_FIELD 5.0109863 1.5411377 -34.269714

1506971012256 GRAVITY 0.25692645 5.091138 8.37763

1506971012257 LINEAR_ACCELERATION 1.7068517 -0.77540207 -0.61737156

1506971012258 ROTATION_VECTOR 0.2675438 0.035777904 0.17556742

1506971012490 ACCELEROMETER 0.24919128 4.7502747 8.494858

1506971012491 GYROSCOPE 0.25515747 -0.25556946 -0.17991638

1506971012493 GRAVITY 0.36106563 5.281839 8.254828

1506971012494 LINEAR_ACCELERATION -0.049421996 -0.5287938 -0.29859638

1506971012494 ROTATION_VECTOR 0.2810786 0.010755792 0.10200799

1506971012691 ACCELEROMETER -0.9360657 4.275635 10.669357

1506971012692 GYROSCOPE 0.4965515 0.34791565 0.056137085

1506971012693 MAGNETIC_FIELD 1.1703491 2.3254395 -34.300232

1506971012693 LINEAR_ACCELERATION -0.8563893 -1.2497497 2.675253

1506971012694 GRAVITY 0.04818657 5.4782376 8.133694

1506971012695 ROTATION_VECTOR 0.29135513 0.020229144 0.07463403

1506971012892 ACCELEROMETER -0.64208984 4.0018616 8.248398

1506971012893 GYROSCOPE 0.29574585 -0.13700867 0.03477478

1506971012894 MAGNETIC_FIELD 1.4282227 2.1713257 -34.552002

1506971012894 GRAVITY -0.16634798 5.8592806 7.862032

1506971012895 LINEAR_ACCELERATION -0.6102328 -1.986661 0.5237942

1506971012895 ROTATION_VECTOR 0.3130641 0.033746276 0.0748997

1506971013094 ACCELEROMETER 0.22592163 5.5621185 6.740036

1506971013094 GYROSCOPE 0.26583862 -0.012039185 1.3517609

1506971013095 MAGNETIC_FIELD -0.59661865 -0.52337646 -35.131836

1506971013095 LINEAR_ACCELERATION -0.5025941 -0.99927616 -0.5788541

1506971013096 GRAVITY 0.70130867 6.21842 7.5504837

1506971013096 ROTATION_VECTOR 0.3390737 0.007841898 0.1270117

1506971013294 ACCELEROMETER 0.19085693 7.1792603 7.15683

1506971013295 GYROSCOPE -0.648468 0.32868958 -0.04319763

1506971013296 MAGNETIC_FIELD -2.8762817 -3.2073975 -35.710144

1506971013296 GRAVITY 1.1170801 5.988807 7.6848364

1506971013297 LINEAR_ACCELERATION -1.1697137 1.5598783 -1.2276716

1506971013297 ROTATION_VECTOR 0.32884824 -0.0064209593 0.15500697

1506971013495 ACCELEROMETER 0.92697144 4.9315033 7.732666

1506971013496 GYROSCOPE 0.2006836 0.05204773 -0.09767151

1506971013496 MAGNETIC_FIELD -1.0574341 -2.5741577 -36.320496

1506971013497 GRAVITY 0.76915765 5.5880675 8.021988

1506971013497 LINEAR_ACCELERATION 0.37841642 -0.5070038 0.4585538

1506971013498 ROTATION_VECTOR 0.30151984 0.008846112 0.15764827

1506971013696 ACCELEROMETER 0.5711975 5.8780975 6.772934

1506971013696 GYROSCOPE 0.3267212 0.11399841 -0.15534973

1506971013697 MAGNETIC_FIELD -0.8407593 -2.3620605 -36.434937

1506971013697 LINEAR_ACCELERATION 0.120144606 -0.33327055 -0.87165546

1506971013698 GRAVITY 0.5149722 6.0442295 7.705354

1506971013698 ROTATION_VECTOR 0.32649603 0.023165151 0.14664848

1506971013897 ACCELEROMETER -0.3388672 6.9632874 8.141602

1506971013897 GYROSCOPE -0.63031006 0.077682495 -0.10194397

1506971013898 MAGNETIC_FIELD -0.5844116 -3.5583496 -36.582947

1506971013898 LINEAR_ACCELERATION -0.4105453 1.2910938 -0.14824772

1506971013899 GRAVITY 0.16747925 5.9015164 7.8303533

1506971013899 ROTATION_VECTOR 0.31542236 0.035662536 0.1332238

1506971014098 ACCELEROMETER -1.198761 5.566086 7.928116

1506971014101 GYROSCOPE 0.097076416 -0.03767395 0.14051819

1506971014101 MAGNETIC_FIELD 2.770996 -3.289795 -35.342407

1506971014104 GRAVITY 0.046238452 5.46947 8.139604

1506971014104 LINEAR_ACCELERATION -1.3148457 0.2554884 0.48728275

1506971014105 ROTATION_VECTOR 0.28925973 0.03639413 0.12742987

1506971014304 GRAVITY 0.19123548 5.7253003 7.95957

1506971014304 ACCELEROMETER -0.79870605 5.4780426 6.419632

1506971014305 LINEAR_ACCELERATION -1.0089794 -0.34937763 -1.2719607

1506971014305 ROTATION_VECTOR 0.3053802 0.030295614 0.12552299

1506971014305 GYROSCOPE 0.18466187 -0.077194214 0.09458923

1506971014306 MAGNETIC_FIELD 3.0639648 -4.5898438 -35.388184

1506971014505 ACCELEROMETER -0.08946228 6.7993164 7.871567

1506971014505 ROTATION_VECTOR 0.28806335 -0.0019487645 0.11046528

1506971014506 LINEAR_ACCELERATION -0.8352041 1.575655 -0.47418308

1506971014506 GRAVITY 0.660472 5.3700314 8.179054

1506971014506 GYROSCOPE -0.7403259 -0.5236664 -0.035720825

1506971014507 MAGNETIC_FIELD 2.871704 -6.9259644 -34.66797

1506971014706 GRAVITY 0.9698357 4.558778 8.628288

1506971014706 LINEAR_ACCELERATION -0.22377604 1.2837143 -0.89333344

1506971014706 ROTATION_VECTOR 0.24302511 -0.031914722 0.076548874

1506971014707 ACCELEROMETER 0.90997314 5.6012726 7.402252

1506971014707 GYROSCOPE -0.3397827 0.03175354 -0.16175842

1506971014707 MAGNETIC_FIELD 2.2720337 -7.0755005 -33.30536

1506971014909 ACCELEROMETER 0.8345642 5.5913696 6.7422028

1506971014911 GRAVITY 0.55656886 4.399106 8.746913

1506971014917 LINEAR_ACCELERATION 0.486799 1.174593 -1.8286066

1506971014919 ROTATION_VECTOR 0.23191403 -0.015730437 0.05650105

1506971014921 GYROSCOPE -1.2207031E-4 0.29130554 -0.19273376

1506971014924 MAGNETIC_FIELD -1.0375977 -6.744385 -33.213806

1506971015110 ACCELEROMETER 0.058380127 6.3335876 8.734421

1506971015115 GYROSCOPE -0.44232178 -0.11885071 -0.07096863

1506971015117 MAGNETIC_FIELD 1.5640259 -6.2942505 -32.333374

1506971015120 GRAVITY 0.27568328 4.134105 8.888394

1506971015122 LINEAR_ACCELERATION -0.13791966 2.1658444 -0.29333305

1506971015124 ROTATION_VECTOR 0.21636635 -0.0018976564 0.0564151

1506971015310 GRAVITY 0.36995757 3.900196 8.990106

1506971015315 LINEAR_ACCELERATION -1.0268304 1.9168763 -1.1556177

1506971015317 ROTATION_VECTOR 0.20400132 -0.0039581843 0.07352214

1506971015319 ACCELEROMETER -0.6156769 5.459076 7.2281647

1506971015321 GYROSCOPE 0.061828613 0.057388306 0.3018036

1506971015323 MAGNETIC_FIELD 4.26178 -7.104492 -31.022644

1506971015523 GRAVITY 0.3518054 4.027195 8.9346695

1506971015529 LINEAR_ACCELERATION -0.31591532 1.2993329 -1.5487852

1506971015532 ACCELEROMETER 0.089279175 5.315567 7.1318207

1506971015534 ROTATION_VECTOR 0.21080942 0.00424518 0.104658365

1506971015536 GYROSCOPE -0.0022583008 0.10758972 0.0710907

1506971015538 MAGNETIC_FIELD 6.0302734 -8.6883545 -28.625488

1506971015719 ACCELEROMETER 0.5111389 6.7160034 6.802658

1506971015725 GRAVITY 0.5678833 3.9729176 8.947839

1506971015728 LINEAR_ACCELERATION 0.01637274 2.7039912 -1.8370514

1506971015730 ROTATION_VECTOR 0.20917498 -0.0057460107 0.11173416

1506971015732 GYROSCOPE -0.24258423 -0.45317078 -0.31983948

1506971015735 MAGNETIC_FIELD 10.707092 -10.272217 -30.143738

1506971015919 ACCELEROMETER 0.58670044 5.8098907 6.8803406

1506971015925 GRAVITY 0.7803759 3.4734297 9.137652

1506971015928 LINEAR_ACCELERATION -0.33666342 2.6893816 -1.9495506

1506971015930 ROTATION_VECTOR 0.18341741 -0.021620775 0.101698786

1506971015933 GYROSCOPE -0.50427246 0.04777527 -0.05067444

1506971015935 MAGNETIC_FIELD 14.123535 -6.2835693 -31.477356

1506971016108 ACCELEROMETER 0.69677734 5.8894806 6.7055206

1506971016109 GYROSCOPE -0.14324951 0.15672302 -0.03465271

1506971016110 GRAVITY 0.5705256 3.053033 9.301822

1506971016110 LINEAR_ACCELERATION 0.14070475 2.780578 -2.2196121

1506971016111 MAGNETIC_FIELD 12.121582 -5.128479 -35.308838

1506971016111 ROTATION_VECTOR 0.15994392 -0.012532147 0.1049683

1506971016310 LINEAR_ACCELERATION 0.46637926 4.046053 -1.6942444

1506971016311 ROTATION_VECTOR 0.15336236 -0.0021309492 0.13147871

1506971016311 GRAVITY 0.4364136 2.9404287 9.345256

1506971016311 ACCELEROMETER 0.73506165 7.0375366 7.1971283

1506971016312 GYROSCOPE -0.20733643 0.08943176 0.2676239

1506971016312 MAGNETIC_FIELD 10.090637 -1.4923096 -38.285828

1506971016525 GRAVITY 0.2838984 2.8394594 9.382284

1506971016531 LINEAR_ACCELERATION -0.45375115 3.7690756 -2.4056206

1506971016533 ROTATION_VECTOR 0.1468264 0.008868244 0.15756404

1506971016536 ACCELEROMETER -0.2175293 6.0159454 6.4443054

1506971016538 GYROSCOPE -0.12188721 0.16526794 0.11274719

1506971016540 MAGNETIC_FIELD 8.323669 -3.1066895 -39.790344

1506971016725 GRAVITY 0.17987587 2.9333382 9.355937

1506971016731 LINEAR_ACCELERATION -0.27889708 2.5128696 -2.200697

1506971016734 ROTATION_VECTOR 0.15054673 0.017766647 0.17571115

1506971016736 ACCELEROMETER -0.038635254 5.4432526 6.631302

1506971016738 GYROSCOPE 0.057556152 0.005050659 0.13624573

1506971016741 MAGNETIC_FIELD 6.474304 -4.73938 -38.316345

1506971016915 ACCELEROMETER 0.47657776 6.9301605 7.0227356

1506971016917 GRAVITY 0.33848107 3.300594 9.22832

1506971016918 LINEAR_ACCELERATION 0.17165941 3.6196053 -1.8163958

1506971016919 ROTATION_VECTOR 0.1711648 0.01375599 0.1786852

1506971016919 GYROSCOPE 0.10775757 -0.15409851 -0.107284546

1506971016920 MAGNETIC_FIELD 5.1864624 -6.3842773 -38.049316

1506971017117 LINEAR_ACCELERATION 0.78847665 3.1248279 1.2057667

1506971017118 GRAVITY 0.92513794 3.7699215 9.005676

1506971017118 ROTATION_VECTOR 0.20161644 -0.013752422 0.16814208

1506971017119 ACCELEROMETER 1.9577484 6.4964905 9.100494

1506971017120 GYROSCOPE 0.26583862 -0.4627838 0.082839966

1506971017121 MAGNETIC_FIELD 3.413391 -7.6309204 -39.308167

1506971017317 GRAVITY 1.3071113 4.2329674 8.748934

1506971017318 LINEAR_ACCELERATION 0.68271613 2.276213 -2.490529

1506971017319 ROTATION_VECTOR 0.2298097 -0.03340721 0.15030037

1506971017319 ACCELEROMETER 1.6685333 6.331299 6.0452576

1506971017320 GYROSCOPE 0.068237305 0.044570923 -0.17884827

1506971017321 MAGNETIC_FIELD 0.2960205 -8.677673 -39.624023

1506971017517 GRAVITY 1.0507381 4.3700943 8.715998

1506971017518 LINEAR_ACCELERATION -0.21198058 2.801283 -2.3016033

1506971017519 ROTATION_VECTOR 0.23473297 -0.022544194 0.135811

1506971017520 ACCELEROMETER 0.7681427 7.0963593 6.3302155

1506971017520 GYROSCOPE -0.14324951 0.1407013 -0.022903442

1506971017521 MAGNETIC_FIELD -0.970459 -7.3883057 -39.874268

1506971017718 GRAVITY 0.899444 5.2225676 8.251434

1506971017719 LINEAR_ACCELERATION -0.45180476 2.3895125 0.84465265

1506971017720 ROTATION_VECTOR 0.28158447 -0.0020260927 0.15604787

1506971017720 ACCELEROMETER 0.042037964 6.890808 8.056061

1506971017721 GYROSCOPE 1.0925598 0.15779114 0.32530212

1506971017722 MAGNETIC_FIELD 0.3173828 -8.917236 -38.830566

1506971017921 GRAVITY 0.9051453 5.957725 7.7367053

1506971017925 LINEAR_ACCELERATION -0.8686409 -0.23519659 -1.3655548

1506971017928 ROTATION_VECTOR 0.32446477 0.016137697 0.18832953

1506971017930 ACCELEROMETER 0.1302948 5.400284 6.142563

1506971017932 GYROSCOPE -0.15072632 0.11720276 0.17469788

1506971017934 MAGNETIC_FIELD 0.1373291 -8.773804 -39.457703

1506971018130 ACCELEROMETER 0.55992126 6.138321 7.0085297

1506971018136 GYROSCOPE -0.20947266 -0.11351013 0.017684937

1506971018138 MAGNETIC_FIELD -1.2710571 -9.178162 -39.804077

1506971018141 GRAVITY 0.98479307 5.694535 7.922931

1506971018143 LINEAR_ACCELERATION -0.6258973 0.44197178 -0.795784

1506971018145 ROTATION_VECTOR 0.30971283 0.010994739 0.1951528

1506971018335 ACCELEROMETER 1.1474762 6.8645935 8.303909

1506971018341 GRAVITY 0.91646963 6.1779394 7.5606565

1506971018343 LINEAR_ACCELERATION 0.18248838 1.5498834 0.828177

1506971018346 ROTATION_VECTOR 0.33822194 0.010941442 0.16810633

1506971018348 GYROSCOPE 0.76678467 0.045639038 -0.2301178

1506971018350 MAGNETIC_FIELD -0.8392334 -9.780884 -40.612793

1506971018528 ACCELEROMETER 1.5997925 5.102997 6.2605896

1506971018537 GRAVITY 0.564971 6.6925635 7.145683

1506971018539 LINEAR_ACCELERATION 1.3653746 -1.4191113 0.29935503

1506971018539 ROTATION_VECTOR 0.36762023 0.022955153 0.13578658

1506971018540 GYROSCOPE -0.06100464 -0.040878296 -0.454422

1506971018541 MAGNETIC_FIELD -5.26886 -8.747864 -40.39612

1506971018733 ACCELEROMETER 0.33119202 6.3112793 6.8627777

1506971018739 GYROSCOPE 0.10028076 0.030685425 0.17469788

1506971018741 MAGNETIC_FIELD -4.79126 -10.961914 -40.444946

1506971018744 GRAVITY 0.38118783 6.7316008 7.12114

1506971018746 LINEAR_ACCELERATION -0.0561558 -0.3316164 -0.26011562

1506971018749 ROTATION_VECTOR 0.36896655 0.028046379 0.122674115

1506971018936 ACCELEROMETER 0.27897644 7.466095 7.595398

1506971018943 GRAVITY 0.43992227 6.917137 6.9375834

1506971018945 LINEAR_ACCELERATION -0.28772146 1.1238618 0.3565507

1506971018948 ROTATION_VECTOR 0.38061082 0.037643988 0.14911743

1506971018950 GYROSCOPE 0.17184448 0.35966492 0.34346008

1506971018952 MAGNETIC_FIELD -0.74005127 -12.364197 -40.034485

1506971019136 ACCELEROMETER 0.03643799 5.385849 8.821396

1506971019143 GYROSCOPE -0.38464355 0.4429779 0.27189636

1506971019145 MAGNETIC_FIELD 2.468872 -15.913391 -40.011597

1506971019147 GRAVITY 0.28723267 6.623207 7.2264113

1506971019150 LINEAR_ACCELERATION -0.05123946 -0.8396144 2.8356323

1506971019152 ROTATION_VECTOR 0.35690385 0.0646159 0.20559292

1506971019341 ACCELEROMETER 0.6418457 5.979889 6.1679535

1506971019347 GRAVITY 0.38361412 6.332624 7.478041

1506971019350 LINEAR_ACCELERATION 0.17061955 -0.3065629 -1.14465

1506971019352 ROTATION_VECTOR 0.33763552 0.06876235 0.24262033

1506971019354 GYROSCOPE -0.011871338 -0.1743927 0.15974426

1506971019357 MAGNETIC_FIELD 5.026245 -19.197083 -39.102173

1506971019541 ACCELEROMETER 1.125534 6.818573 8.392166

1506971019547 GRAVITY 0.7727724 6.2154403 7.5459595

1506971019549 LINEAR_ACCELERATION 0.11731267 1.2007694 0.119897366

1506971019551 ROTATION_VECTOR 0.3366123 0.0442186 0.2366369

1506971019554 GYROSCOPE -0.184906 -0.2448883 -0.0549469

1506971019556 MAGNETIC_FIELD 5.3115845 -19.815063 -39.55078

1506971019740 GRAVITY 0.83150107 5.919297 7.7743754

1506971019746 ACCELEROMETER 1.9416809 5.325531 7.2380066

1506971019749 LINEAR_ACCELERATION 1.2575085 -0.44738483 1.1813593

1506971019751 ROTATION_VECTOR 0.32101417 0.02381324 0.20070185

1506971019753 GYROSCOPE -0.18063354 -0.22245789 -0.537735

1506971019756 MAGNETIC_FIELD 4.336548 -17.921448 -42.279053

1506971019939 GRAVITY 0.37227744 6.059951 7.70122

1506971019946 LINEAR_ACCELERATION 0.9603672 0.37932348 -1.2676468

1506971019948 ROTATION_VECTOR 0.32591408 0.033571634 0.15425491

1506971019950 ACCELEROMETER 1.0091095 6.4191437 6.0555573

1506971019953 GYROSCOPE 0.23806763 0.20478821 -0.34547424

1506971019955 MAGNETIC_FIELD 2.2369385 -16.88385 -42.87262

1506971020139 ACCELEROMETER 0.28941345 7.14003 8.149796

1506971020145 GYROSCOPE -0.52563477 -0.14128113 -0.05281067

1506971020148 MAGNETIC_FIELD 3.5095215 -17.108154 -42.567444

1506971020150 GRAVITY 0.07976717 5.911141 7.824477

1506971020152 LINEAR_ACCELERATION 0.0113144 1.5108256 -0.4870448

1506971020155 ROTATION_VECTOR 0.31483203 0.0440851 0.14413801

1506971020339 GRAVITY 0.17646837 5.308399 8.243794

1506971020347 LINEAR_ACCELERATION 0.12544732 0.92921305 -0.20707941

1506971020363 ROTATION_VECTOR 0.2795952 0.03885867 0.16355766

1506971020365 ACCELEROMETER 0.40063477 5.8606415 6.847183

1506971020368 GYROSCOPE -0.26501465 0.22828674 0.32637024

1506971020370 MAGNETIC_FIELD 4.560852 -17.097473 -42.52777

1506971020537 GRAVITY 0.10740827 5.17317 8.330497

1506971020540 LINEAR_ACCELERATION 0.6123724 0.7499547 -1.4915133

1506971020542 ROTATION_VECTOR 0.2702933 0.04695141 0.18420798

1506971020544 ACCELEROMETER 0.5879669 5.785248 6.4851837

1506971020546 GYROSCOPE 0.035125732 0.13108826 0.046524048

1506971020548 MAGNETIC_FIELD 4.022217 -16.790771 -41.931152

1506971020745 ACCELEROMETER 1.1544952 7.1742706 7.504196

1506971020751 GRAVITY 0.27508548 5.365745 8.203871

1506971020754 LINEAR_ACCELERATION 0.8392705 1.7544894 -0.40127707

1506971020756 ROTATION_VECTOR 0.28348073 0.03684663 0.17200811

1506971020758 GYROSCOPE 0.10134888 -0.43074036 -0.28993225

1506971020761 MAGNETIC_FIELD 3.8787842 -18.183899 -42.54303

1506971020944 ACCELEROMETER 1.5181122 5.968338 7.8506775

1506971020950 GRAVITY 0.5170033 5.231812 8.278359

1506971020953 LINEAR_ACCELERATION 0.7685667 1.2808867 -0.05848837

1506971020955 ROTATION_VECTOR 0.2790494 0.0072508208 0.11922104

1506971020957 GYROSCOPE -0.33016968 -0.30256653 -0.47257996

1506971020959 MAGNETIC_FIELD 0.22583008 -15.742493 -42.38739

1506971021135 ACCELEROMETER 1.1171417 6.0336 6.3156586

1506971021136 GYROSCOPE 0.07571411 -0.05796814 -0.43092346

1506971021137 MAGNETIC_FIELD -2.1759033 -16.75415 -41.57257

1506971021137 GRAVITY 0.3986502 5.122037 8.353215

1506971021138 LINEAR_ACCELERATION 0.94033337 0.9533434 -1.6868849

1506971021140 ROTATION_VECTOR 0.2721872 -0.0043232297 0.059420433

1506971021336 GRAVITY 0.10079367 5.5060573 8.114405

1506971021337 LINEAR_ACCELERATION 0.6244098 1.6714125 -1.0883312

1506971021338 ROTATION_VECTOR 0.29369688 0.0047589857 0.032977503

1506971021338 ACCELEROMETER 0.51786804 7.226349 6.716507

1506971021339 GYROSCOPE 0.26049805 0.13002014 -0.098739624

1506971021340 MAGNETIC_FIELD -3.3706665 -14.994812 -41.104126

1506971021537 GRAVITY 0.3039419 5.801772 7.900471

1506971021538 LINEAR_ACCELERATION 0.31208518 1.4250855 1.6495566

1506971021539 ROTATION_VECTOR 0.31171826 -0.004449754 0.036160186

1506971021539 ACCELEROMETER 0.28668213 6.536316 8.948471

1506971021540 GYROSCOPE 0.09921265 -0.30256653 0.19392395

1506971021541 MAGNETIC_FIELD -3.074646 -16.635132 -40.039063

1506971021742 GRAVITY 0.723768 5.8758698 7.817973

1506971021753 LINEAR_ACCELERATION -0.6311981 0.14829063 -0.17309761

1506971021755 ROTATION_VECTOR 0.31690738 -0.031048883 0.023597706

1506971021758 ACCELEROMETER 0.28642273 5.973007 7.337799

1506971021760 GYROSCOPE -0.007598877 -0.083602905 0.06147766

1506971021762 MAGNETIC_FIELD -4.6066284 -15.596008 -38.009644

1506971021941 GRAVITY 1.0529424 5.9665117 7.7111893

1506971021951 LINEAR_ACCELERATION -1.123998 0.7240143 -1.6936245

1506971021954 ROTATION_VECTOR 0.32081372 -0.062588684 -0.017007116

1506971021956 ACCELEROMETER 0.03717041 6.727661 6.4003296

1506971021958 GYROSCOPE 0.025512695 -0.44569397 -0.11048889

1506971021960 MAGNETIC_FIELD -5.996704 -14.680481 -39.39209

1506971022145 ACCELEROMETER 0.30889893 6.8559265 7.658661

1506971022152 GYROSCOPE 0.8041687 0.0851593 0.21528625

1506971022154 MAGNETIC_FIELD -8.27179 -13.783264 -38.02185

1506971022157 GRAVITY 1.312573 6.577958 7.1538806

1506971022159 LINEAR_ACCELERATION -0.96362054 0.95060396 1.193337

1506971022161 ROTATION_VECTOR 0.35696417 -0.08848833 -0.04279717

1506971022346 GRAVITY 1.1713445 7.171406 6.585535

1506971022351 LINEAR_ACCELERATION -0.13180244 -1.2260642 -0.25549173

1506971022354 ROTATION_VECTOR 0.3992382 -0.0695702 -0.009708021

1506971022356 ACCELEROMETER 1.04599 5.930435 6.247101

1506971022359 GYROSCOPE 0.2156372 0.6726227 0.324234

1506971022361 MAGNETIC_FIELD -8.776855 -12.535095 -39.19983

1506971022547 GRAVITY 1.3604995 7.2269106 6.487772

1506971022554 LINEAR_ACCELERATION -0.7226602 -0.3647337 0.34370708

1506971022556 ROTATION_VECTOR 0.41058594 -0.025196474 0.11344476

1506971022558 ACCELEROMETER 0.2823944 6.700821 6.8399506

1506971022561 GYROSCOPE 0.37265015 0.8777008 1.3923492

1506971022563 MAGNETIC_FIELD -5.7876587 -13.233948 -37.243652

1506971022748 GRAVITY 1.7501308 7.01522 6.625263

1506971022755 LINEAR_ACCELERATION -2.3805444 0.09217024 0.44123936

1506971022757 ROTATION_VECTOR 0.40102524 0.037206676 0.30265406

1506971022759 ACCELEROMETER -0.36746216 6.655899 7.223587

1506971022762 GYROSCOPE 0.3683777 1.4502106 1.4745941

1506971022764 MAGNETIC_FIELD -0.78582764 -13.856506 -37.236023

1506971022956 ACCELEROMETER 0.029006958 6.203308 7.7639465

1506971022964 GRAVITY 1.4000986 6.481327 7.2251306

1506971022966 LINEAR_ACCELERATION -1.185498 0.12428236 0.83324575

1506971022968 ROTATION_VECTOR 0.3406159 0.124906674 0.49833316

1506971022970 GYROSCOPE -0.02468872 1.6520844 1.2887421

1506971022973 MAGNETIC_FIELD 4.135132 -19.288635 -34.780884

1506971023147 ACCELEROMETER 0.5655823 5.9022827 7.4108887

1506971023150 GYROSCOPE 0.34487915 1.0336456 0.9330597

1506971023152 MAGNETIC_FIELD 6.352234 -24.986267 -30.523682

1506971023156 GRAVITY 0.8015728 6.208081 7.5490136

1506971023158 LINEAR_ACCELERATION -0.4320531 -0.4329672 0.7326093

1506971023160 ROTATION_VECTOR 0.27126664 0.20376909 0.6566401

1506971023348 GRAVITY 0.6565072 6.5498013 7.269078

1506971023351 LINEAR_ACCELERATION 0.54633355 0.6764717 -0.24499083

1506971023359 ROTATION_VECTOR 0.23846175 0.2692883 0.75676125

1506971023361 ACCELEROMETER 1.4418335 6.961609 7.2108

1506971023363 GYROSCOPE 0.44955444 0.8264313 0.98005676

1506971023366 MAGNETIC_FIELD 7.5408936 -29.237366 -25.404358

1506971023543 GRAVITY 0.20100792 6.4985685 7.3415656

1506971023544 LINEAR_ACCELERATION 1.6537094 0.18747902 -0.85644484

1506971023545 ACCELEROMETER 1.4812927 6.298889 6.100525

1506971023546 ROTATION_VECTOR 0.17277579 0.30956882 0.83018804

1506971023546 GYROSCOPE -0.36541748 1.0678253 0.3156891

1506971023547 MAGNETIC_FIELD 5.441284 -33.511353 -22.380066

1506971023742 ACCELEROMETER 1.0705109 6.3725433 6.863846

1506971023743 GYROSCOPE 0.2914734 1.0485992 0.9768524

1506971023744 MAGNETIC_FIELD 5.433655 -35.546875 -19.573975

1506971023744 GRAVITY -0.464649 6.3613586 7.4490004

1506971023744 LINEAR_ACCELERATION 1.4138904 -0.08316469 0.067457676

1506971023745 ROTATION_VECTOR 0.09355312 0.33384803 0.88234377

1506971023943 ACCELEROMETER 1.1849518 6.8088226 7.499649

1506971023944 GYROSCOPE 0.16329956 1.1137543 1.3336029

1506971023945 MAGNETIC_FIELD 2.456665 -37.84027 -19.458008

1506971023945 LINEAR_ACCELERATION 1.6574295 0.22834396 0.25564098

1506971023945 GRAVITY -0.46352476 6.634309 7.2070436

1506971023946 ROTATION_VECTOR 0.03418761 0.36245584 0.9189073

1506971024152 LINEAR_ACCELERATION 0.69882953 0.25176716 0.16818047

1506971024155 GRAVITY -0.31371257 6.624774 7.223873

1506971024157 ROTATION_VECTOR 0.042453952 -0.36039233 -0.9295561

1506971024161 ACCELEROMETER 0.24882507 6.4309998 7.3389435

1506971024164 GYROSCOPE -0.04498291 1.056076 1.1936798

1506971024166 MAGNETIC_FIELD -2.8778076 -39.431763 -18.28003

1506971024349 ACCELEROMETER 0.1769104 5.964752 7.1073303

1506971024350 GYROSCOPE 0.22525024 0.90974426 0.97898865

1506971024350 MAGNETIC_FIELD -7.562256 -40.078735 -17.781067

1506971024351 GRAVITY -0.27376303 6.63753 7.213781

1506971024352 LINEAR_ACCELERATION 0.25543576 -0.53742313 0.4925642

1506971024354 ROTATION_VECTOR 0.11567831 -0.34469995 -0.89461696

1506971024558 ACCELEROMETER 1.0387268 6.9055786 7.999634

1506971024561 GRAVITY -0.3837779 6.5922008 7.250241

1506971024564 LINEAR_ACCELERATION 1.3592881 0.5285878 0.29208088

1506971024567 ROTATION_VECTOR 0.16962102 -0.31869942 -0.8472928

1506971024569 GYROSCOPE -0.27676392 0.48036194 0.26548767

1506971024571 MAGNETIC_FIELD -12.937927 -40.194702 -19.018555

1506971024755 GRAVITY -0.66674864 6.162087 7.599639

1506971024758 LINEAR_ACCELERATION 1.8961827 0.13075113 0.094676495

1506971024761 ROTATION_VECTOR 0.19037563 -0.27619442 -0.82866234

1506971024763 ACCELEROMETER 1.5176239 6.0241547 6.9364624

1506971024768 GYROSCOPE -0.32162476 0.44725037 0.22383118

1506971024770 MAGNETIC_FIELD -14.846802 -38.897705 -20.059204

1506971024958 GRAVITY -0.8807596 6.0527697 7.665418

1506971024961 LINEAR_ACCELERATION 2.364025 0.3051567 -1.1320643

1506971024963 ROTATION_VECTOR 0.21232517 -0.25316098 -0.80296403

1506971024965 ACCELEROMETER 1.372757 6.3498383 6.1408386

1506971024970 GYROSCOPE 0.08532715 0.37568665 0.2601471

1506971024972 MAGNETIC_FIELD -16.25061 -38.48114 -19.458008

1506971025159 ACCELEROMETER 1.108429 7.3211823 6.70726

1506971025162 GYROSCOPE 0.2914734 0.39170837 0.1768341

1506971025164 MAGNETIC_FIELD -15.223694 -37.364197 -22.320557

1506971025166 GRAVITY -1.051575 6.422335 7.3360877

1506971025171 LINEAR_ACCELERATION 2.4726791 0.85228777 -0.50136185

1506971025174 ROTATION_VECTOR 0.24247941 -0.25916666 -0.77692455

1506971025360 GRAVITY -0.80520266 7.016319 6.803919

1506971025363 LINEAR_ACCELERATION 1.4980137 0.2516322 2.3697658

1506971025365 ROTATION_VECTOR 0.25317207 -0.29832968 -0.7649805

1506971025367 ACCELEROMETER 0.2006836 6.379257 8.679428

1506971025372 GYROSCOPE 0.5371399 0.07020569 0.5496063

1506971025375 MAGNETIC_FIELD -14.091492 -38.75122 -22.062683

1506971025559 GRAVITY -0.41076365 7.2799673 6.557723

1506971025562 LINEAR_ACCELERATION 0.059428006 -1.3034925 0.29611063

1506971025566 ROTATION_VECTOR 0.24975236 -0.32136106 -0.75165963

1506971025568 ACCELEROMETER 0.2531891 6.017029 7.122879

1506971025573 GYROSCOPE -0.14645386 0.16847229 0.22703552

1506971025575 MAGNETIC_FIELD -14.596558 -39.239502 -21.406555

1506971025760 GRAVITY -0.34274203 7.0770206 6.7800217

1506971025764 LINEAR_ACCELERATION 0.9412427 -0.4743142 -7.677078E-5

1506971025767 ROTATION_VECTOR 0.23715833 -0.31316295 -0.7591103

1506971025769 ACCELEROMETER 0.40679932 6.5951233 6.8568726

1506971025771 GYROSCOPE -0.14111328 -0.18293762 -0.2162323

1506971025773 MAGNETIC_FIELD -16.29486 -38.102722 -22.169495

1506971025964 ACCELEROMETER 0.9822693 6.5138245 8.063919

1506971025967 GRAVITY -0.17288715 7.3008437 6.545088

1506971025970 LINEAR_ACCELERATION 0.6864478 -0.40390587 2.887548

1506971025972 ROTATION_VECTOR 0.21477076 -0.346651 -0.78734535

1506971025974 GYROSCOPE 0.658905 -0.67533875 -0.38072205

1506971025977 MAGNETIC_FIELD -16.195679 -39.396667 -23.38562

1506971026162 GRAVITY 0.09517312 7.7245874 6.0408673

1506971026167 LINEAR_ACCELERATION 1.466478 -1.3705153 -0.589766

1506971026169 ROTATION_VECTOR 0.1805255 -0.39926437 -0.81443125

1506971026171 ACCELEROMETER 1.097702 6.0907288 5.8544617

1506971026173 GYROSCOPE 0.07144165 -0.36131287 -0.21730042

1506971026175 MAGNETIC_FIELD -15.046692 -38.04779 -23.066711

1506971026364 ACCELEROMETER 0.43762207 6.8656616 6.6352386

1506971026367 GRAVITY 0.12339368 7.798294 5.9448943

1506971026370 LINEAR_ACCELERATION 0.122074574 -1.0337367 0.08726168

1506971026372 ROTATION_VECTOR 0.1619988 -0.41309944 -0.82902217

1506971026374 GYROSCOPE 0.08959961 -0.004562378 -0.035720825

1506971026376 MAGNETIC_FIELD -14.585876 -40.142822 -22.0047

1506971026565 ACCELEROMETER 0.25360107 6.8136597 7.8618317

1506971026568 GRAVITY 0.036648653 7.9699697 5.713897

1506971026571 LINEAR_ACCELERATION 0.710195 -0.44053078 3.3893623

1506971026573 ROTATION_VECTOR 0.1666557 -0.42532128 -0.82675165

1506971026575 GYROSCOPE 0.3694458 0.16526794 -0.009017944

1506971026577 MAGNETIC_FIELD -15.525818 -40.745544 -21.560669

1506971026767 GRAVITY 0.06338742 8.199047 5.3797765

1506971026770 LINEAR_ACCELERATION -0.3604419 -2.14923 1.1380043

1506971026772 ROTATION_VECTOR 0.18246642 -0.43864992 -0.8098142

1506971026774 ACCELEROMETER 0.018112183 5.845413 6.495163

1506971026777 GYROSCOPE 0.16757202 0.21440125 0.31782532

1506971026779 MAGNETIC_FIELD -16.661072 -40.52124 -22.05658

1506971026969 ACCELEROMETER 1.1203308 6.958008 6.562134

1506971026972 GRAVITY 0.12479343 8.20918 5.363225

1506971026975 LINEAR_ACCELERATION 0.6909809 -1.3963442 0.9595084

1506971026977 ROTATION_VECTOR 0.18092638 -0.44024685 -0.8082699

1506971026979 GYROSCOPE -0.062072754 -0.32606506 -0.36149597

1506971026981 MAGNETIC_FIELD -16.74347 -38.580322 -23.699951

1506971027168 GRAVITY -0.07395724 7.9883003 5.6878796

1506971027171 LINEAR_ACCELERATION 0.83054906 -0.2811513 1.2796683

1506971027174 ROTATION_VECTOR 0.16481856 -0.42759058 -0.8322657

1506971027176 ACCELEROMETER 1.2546539 7.016968 8.675583

1506971027178 GYROSCOPE -0.24258423 -0.3773346 -0.41703796

1506971027180 MAGNETIC_FIELD -18.348694 -38.798523 -22.148132

1506971027373 ACCELEROMETER 1.6880035 6.0163116 6.573166

1506971027376 GRAVITY -0.22040573 7.636002 6.149251

1506971027379 LINEAR_ACCELERATION 2.603359 -1.4398694 2.735704

1506971027381 ROTATION_VECTOR 0.13853931 -0.40900162 -0.8622717

1506971027386 GYROSCOPE -0.1421814 -0.13487244 -0.3294525

1506971027388 MAGNETIC_FIELD -18.544006 -39.146423 -21.82312

1506971027576 ACCELEROMETER 0.58102417 6.712372 6.2982483

1506971027580 GRAVITY -0.34770486 7.750927 5.9977183

1506971027582 LINEAR_ACCELERATION 0.8666613 -1.2432799 0.6929078

1506971027587 ROTATION_VECTOR 0.14599504 -0.41579676 -0.8594465

1506971027590 GYROSCOPE 0.41003418 0.17274475 0.13304138

1506971027592 MAGNETIC_FIELD -15.727234 -39.916992 -23.025513

1506971027776 ACCELEROMETER 0.6153259 7.413498 8.875717

1506971027780 GRAVITY -0.58223903 7.65741 6.0988073

1506971027783 LINEAR_ACCELERATION 1.1668085 0.5623436 0.4304242

1506971027785 ROTATION_VECTOR 0.160372 -0.4041388 -0.85980767

1506971027790 GYROSCOPE -0.56622314 0.24324036 -0.19059753

1506971027792 MAGNETIC_FIELD -13.484192 -37.808228 -20.489502

1506971027983 ACCELEROMETER -0.026107788 5.730133 7.188797

1506971027986 GRAVITY -0.83759105 6.9815607 6.835688

1506971027990 LINEAR_ACCELERATION 0.69131553 -1.2476544 2.655064

1506971027992 ROTATION_VECTOR 0.15399018 -0.3574408 -0.8833757

1506971027995 GYROSCOPE -0.29812622 -0.09107971 -0.062423706

1506971027997 MAGNETIC_FIELD -11.112976 -37.835693 -19.93103

1506971028168 ACCELEROMETER 0.21528625 6.4853973 6.032135

1506971028171 GYROSCOPE 0.22845459 -0.11885071 -0.09553528

1506971028180 MAGNETIC_FIELD -8.676147 -37.27417 -17.927551

1506971028182 GRAVITY -0.7320985 6.9219804 6.9080105

1506971028184 LINEAR_ACCELERATION 1.3550673 -0.35890245 -0.30534697

1506971028187 ROTATION_VECTOR 0.14345998 -0.35666335 -0.8879487

1506971028379 ACCELEROMETER 0.39942932 7.008667 7.890976

1506971028384 GRAVITY -0.55194527 6.6694236 7.168301

1506971028386 LINEAR_ACCELERATION 0.6755753 0.5050001 -0.30666018

1506971028389 ROTATION_VECTOR 0.11826309 -0.3471775 -0.9023629

1506971028394 GYROSCOPE -0.5843811 -0.3645172 -0.20021057

1506971028396 MAGNETIC_FIELD -5.8547974 -38.124084 -16.409302

1506971028573 ACCELEROMETER 0.5498047 5.9914093 6.179901

1506971028579 GYROSCOPE -0.30026245 -0.18400574 -0.17564392

1506971028586 MAGNETIC_FIELD -4.156494 -39.154053 -15.765381

1506971028590 GRAVITY -0.34979966 6.009077 7.7420297

1506971028590 LINEAR_ACCELERATION 0.51049095 0.26834583 -0.63658047

1506971028591 ROTATION_VECTOR 0.087534815 -0.3124164 -0.9241184

1506971028765 ACCELEROMETER 0.4958496 6.1592865 6.6050415

1506971028767 GYROSCOPE 0.055419922 0.17060852 -0.20448303

1506971028776 MAGNETIC_FIELD -5.4016113 -38.606262 -15.406799

1506971028777 GRAVITY -0.4928109 5.8366275 7.8651958

1506971028777 LINEAR_ACCELERATION 1.4121547 0.4155178 -0.7819953

1506971028777 ROTATION_VECTOR 0.08546283 -0.30279157 -0.93198097

1506971028969 ACCELEROMETER 0.21507263 6.9985504 7.6258087

1506971028971 GRAVITY -0.8016649 5.817724 7.8537765

1506971028971 LINEAR_ACCELERATION 1.2486758 0.9650612 -0.07274246

1506971028972 ROTATION_VECTOR 0.09450143 -0.301062 -0.93567455

1506971028977 GYROSCOPE -0.11227417 0.13536072 -0.021835327

1506971028983 MAGNETIC_FIELD -5.9570313 -39.1037 -14.372253

1506971029184 ACCELEROMETER -0.4013672 5.6554413 8.445541

1506971029189 GRAVITY -0.65777516 5.769285 7.902725

1506971029192 LINEAR_ACCELERATION 0.27403462 0.65748405 0.540751

1506971029194 ROTATION_VECTOR 0.095618956 -0.29653022 -0.9315825

1506971029199 GYROSCOPE -0.011871338 0.17701721 0.6617584

1506971029201 MAGNETIC_FIELD -6.114197 -37.908936 -15.953064

1506971029384 ACCELEROMETER 0.108078 5.5274353 6.8964996

1506971029390 GRAVITY -0.43378866 5.8113914 7.8873286

1506971029392 LINEAR_ACCELERATION 0.08468604 -0.17438412 -0.3191061

1506971029394 ROTATION_VECTOR 0.10666935 -0.29407454 -0.9145178

1506971029397 GYROSCOPE 0.016967773 0.20585632 0.23878479

1506971029400 MAGNETIC_FIELD -10.272217 -37.564087 -15.032959

1506971029586 ACCELEROMETER 0.23616028 6.5697784 7.081238

1506971029592 GRAVITY -0.3720832 6.0420413 7.7152886

1506971029594 LINEAR_ACCELERATION 0.6635064 0.3158698 -1.1610656

1506971029596 ROTATION_VECTOR 0.11392015 -0.30602607 -0.9043917

1506971029600 GYROSCOPE 0.22418213 -0.25450134 -0.25682068

1506971029602 MAGNETIC_FIELD -13.642883 -37.521362 -15.376282

1506971029786 ACCELEROMETER 1.5092163 6.504074 8.77449

1506971029792 GRAVITY 0.07601228 6.31367 7.5034776

1506971029794 LINEAR_ACCELERATION 1.2593099 0.71875477 2.3970442

1506971029796 ROTATION_VECTOR 0.08000209 -0.3332098 -0.9107853

1506971029799 GYROSCOPE 0.20922852 -0.5407562 -0.098739624

1506971029802 MAGNETIC_FIELD -12.712097 -37.416077 -13.221741

1506971029987 ACCELEROMETER 1.1584778 6.1272583 6.2320404

1506971029993 GRAVITY 0.2863591 6.522135 7.317796

1506971029996 LINEAR_ACCELERATION 1.017535 -0.32202673 -0.99300194

1506971029998 ROTATION_VECTOR 0.057506032 -0.35155267 -0.91464055

1506971030000 GYROSCOPE 0.050079346 0.036026 -0.24507141

1506971030004 MAGNETIC_FIELD -12.438965 -38.027954 -11.743164

1506971030186 ACCELEROMETER 0.3796692 7.031601 6.33284

1506971030193 GYROSCOPE -0.17849731 0.16526794 0.06468201

1506971030195 MAGNETIC_FIELD -11.357117 -37.765503 -10.377502

1506971030197 GRAVITY 0.039206207 6.483056 7.357909

1506971030199 LINEAR_ACCELERATION 0.37102675 0.3389101 -1.5380154

1506971030201 ROTATION_VECTOR 0.06668185 -0.3469936 -0.9176001

1506971030389 ACCELEROMETER -0.51013184 6.3477783 7.3539276

1506971030395 GRAVITY -0.024492852 6.534738 7.3121133

1506971030397 LINEAR_ACCELERATION 0.26522988 0.70244026 1.2126737

1506971030400 ROTATION_VECTOR 0.07989822 -0.34756622 -0.91127557

1506971030402 GYROSCOPE 0.27331543 0.29237366 0.3306427

1506971030405 MAGNETIC_FIELD -11.36322 -39.98871 -9.072876

1506971030591 ACCELEROMETER -0.033813477 5.749115 6.484497

1506971030597 GRAVITY -0.009189048 6.816658 7.0500693

1506971030599 LINEAR_ACCELERATION -0.4793762 -1.0135694 -0.5078759

1506971030601 ROTATION_VECTOR 0.10170279 -0.3608366 -0.89263994

1506971030603 GYROSCOPE 0.14834595 0.124679565 0.18110657

1506971030607 MAGNETIC_FIELD -14.009094 -38.594055 -9.109497

1506971030787 ACCELEROMETER 0.2700653 6.262253 6.9789124

1506971030797 GRAVITY 0.13178203 6.9348183 6.9326262

1506971030800 LINEAR_ACCELERATION -0.1693668 -0.8378954 -0.7029643

1506971030802 ROTATION_VECTOR 0.1047665 -0.36818257 -0.88359505

1506971030804 GYROSCOPE 0.025512695 -0.22032166 -0.060287476

1506971030806 MAGNETIC_FIELD -18.80188 -39.093018 -8.267212

1506971030991 ACCELEROMETER 0.8387604 6.7141876 7.6730347

1506971030998 GRAVITY 0.2918731 7.466862 6.3506823

1506971031000 LINEAR_ACCELERATION 0.28505173 -0.19802523 1.6176915

1506971031002 ROTATION_VECTOR 0.10201544 -0.4071832 -0.8711324

1506971031005 GYROSCOPE 0.8447571 -0.26197815 -0.16816711

1506971031007 MAGNETIC_FIELD -23.526001 -36.286926 -8.067322

1506971031179 ACCELEROMETER 1.190628 5.8479614 6.861389

1506971031185 GYROSCOPE -0.10586548 0.015731812 -0.29527283

1506971031187 MAGNETIC_FIELD -24.389648 -33.08716 -8.006287

1506971031188 GRAVITY 0.17002587 7.8381276 5.8911147

1506971031193 LINEAR_ACCELERATION 1.5056959 -1.6671429 1.9010534

1506971031200 ROTATION_VECTOR 0.10301641 -0.43476933 -0.8658489

1506971031390 ACCELEROMETER 0.64308167 6.6946106 6.4084625

1506971031396 GYROSCOPE 0.10775757 0.036026 0.08924866

1506971031400 MAGNETIC_FIELD -23.895264 -30.099487 -9.729004

1506971031403 GRAVITY 0.008983817 7.802026 5.9412704

1506971031406 LINEAR_ACCELERATION 0.58727497 -1.4689236 0.38275957

1506971031408 ROTATION_VECTOR 0.11076151 -0.42989695 -0.8674626

1506971031578 ACCELEROMETER 0.16134644 6.7717743 8.429993

1506971031578 GYROSCOPE -0.8567505 -0.09214783 0.04118347

1506971031579 MAGNETIC_FIELD -20.854187 -28.041077 -13.548279

1506971031579 GRAVITY 0.14474405 7.321542 6.5226116

1506971031580 LINEAR_ACCELERATION -0.05111341 0.09884453 0.5035639

1506971031580 ROTATION_VECTOR 0.1034926 -0.3958897 -0.8780478

1506971031789 ACCELEROMETER -0.3257141 5.653839 7.5220337

1506971031795 GYROSCOPE -0.27355957 0.17701721 0.18965149

1506971031798 MAGNETIC_FIELD -15.280151 -25.648499 -15.287781

1506971031802 GRAVITY 0.20343517 6.481072 7.35695

1506971031807 LINEAR_ACCELERATION -0.8822849 -0.4239931 1.3420138

1506971031809 ROTATION_VECTOR 0.09711582 -0.33980653 -0.8909472

1506971031991 ACCELEROMETER 0.6981964 6.1662445 6.4502716

1506971032013 GYROSCOPE 0.43566895 -0.30897522 -0.098739624

1506971032028 MAGNETIC_FIELD -13.011169 -24.336243 -13.726807

1506971032032 GRAVITY 0.389811 6.577257 7.2634788

1506971032040 ROTATION_VECTOR 0.095278405 -0.34725738 -0.8834876

1506971032041 LINEAR_ACCELERATION 0.5641862 -0.544508 0.13548946

1506971032180 ACCELEROMETER 1.7210388 5.3030396 6.07547

1506971032181 GYROSCOPE -0.48397827 -0.9380951 -0.05067444

1506971032182 MAGNETIC_FIELD -10.699463 -26.585388 -13.18512

1506971032182 GRAVITY 1.2033489 6.5397873 7.2078795

1506971032183 LINEAR_ACCELERATION 0.13313341 0.2545352 0.5394149

1506971032183 ROTATION_VECTOR 0.04103763 -0.36168543 -0.89117634

1506971032394 ACCELEROMETER 2.7341156 1.450882 2.7349243

1506971032401 GYROSCOPE -1.157959 -0.6304779 0.62223816

1506971032404 MAGNETIC_FIELD -10.249329 -28.17688 -15.8706665

1506971032407 GRAVITY 2.9132116 5.2006707 7.786951

1506971032409 LINEAR_ACCELERATION -0.18931985 -2.5134091 -4.7670665

1506971032412 ROTATION_VECTOR -0.0671854 -0.31378672 -0.90490055

1506971032593 ACCELEROMETER 6.5054474 3.4246979 11.904999

1506971032599 GRAVITY 3.3499756 3.4680183 8.539373

1506971032605 ROTATION_VECTOR -0.12054189 -0.22379182 -0.9310726

1506971032666 LINEAR_ACCELERATION 1.8451972 -0.8119223 -0.70689774

1506971032667 GYROSCOPE -1.0831909 -0.15089417 -1.2864838

1506971032667 MAGNETIC_FIELD -15.811157 -24.212646 -20.755005

1506971032784 ACCELEROMETER 2.3752441 1.876831 11.281387

1506971032785 GYROSCOPE -1.2957458 -0.40190125 0.34346008

1506971032785 MAGNETIC_FIELD -16.636658 -22.828674 -23.814392

1506971032785 GRAVITY 3.4372394 1.6268967 9.039302

1506971032786 LINEAR_ACCELERATION 0.19975138 0.472988 4.6274214

1506971032786 ROTATION_VECTOR -0.15441106 -0.12361672 -0.9537514

1506971032991 GRAVITY 3.8896012 -0.41599557 8.992682

1506971033006 LINEAR_ACCELERATION -2.8995256 3.4038875 1.499753

1506971033009 ROTATION_VECTOR -0.20277016 0.019623058 -0.97898006

1506971033012 ACCELEROMETER 4.2932587 2.1174164 6.9842377

1506971033014 GYROSCOPE -2.5251465 -1.446518 -5.005661

1506971033016 MAGNETIC_FIELD -25.320435 -21.461487 -18.717957

1506971033192 GRAVITY 6.4289846 -1.6366583 7.222181

1506971033196 LINEAR_ACCELERATION 5.5411177 1.7846282 0.551486

1506971033201 ROTATION_VECTOR 0.29501882 -0.21150687 0.86781293

1506971033212 ACCELEROMETER 5.213196 2.2596436 8.272263

1506971033215 GYROSCOPE -1.584137 -2.0446625 -1.4242706

1506971033217 MAGNETIC_FIELD -22.286987 -26.96991 -20.097351

1506971033393 ACCELEROMETER 10.059006 1.6051483 -1.3539124

1506971033405 GYROSCOPE -2.447174 0.6800995 -1.845108

1506971033416 MAGNETIC_FIELD -23.817444 -21.755981 -23.13385

1506971033417 GRAVITY 7.5225196 -2.2334678 5.881642

1506971033418 LINEAR_ACCELERATION -3.3736353 3.6412652 -3.0668025

1506971033420 ROTATION_VECTOR 0.2745626 -0.3531786 0.7271871

1506971033587 ACCELEROMETER 9.926758 3.8418884 -3.5705109

1506971033588 GYROSCOPE -0.012939453 -1.3899078 -1.1988983

1506971033589 MAGNETIC_FIELD -29.971313 -18.821716 -15.415955

1506971033589 GRAVITY 8.533709 -1.0769289 4.7102466

1506971033590 LINEAR_ACCELERATION 2.005371 4.6432924 -10.13665

1506971033590 ROTATION_VECTOR 0.2951934 -0.41557804 0.58210516

1506971033792 GRAVITY 9.570652 0.6598358 2.0341153

1506971033804 LINEAR_ACCELERATION -0.9954233 4.7450085 -4.2195425

1506971033813 ROTATION_VECTOR 0.4259972 -0.4634818 0.48520193

1506971033816 ACCELEROMETER 5.479782 4.7182617 -3.884674

1506971033818 GYROSCOPE 0.015899658 -1.2927094 -0.4971466

1506971033821 MAGNETIC_FIELD -27.983093 -25.11139 -11.709595

1506971033997 GRAVITY 9.581835 1.74265 1.1497774

1506971034000 LINEAR_ACCELERATION -4.4192495 4.1169596 -8.076978

1506971034002 ROTATION_VECTOR 0.4881768 -0.450623 0.44962558

1506971034005 ACCELEROMETER 4.524643 6.6528625 -6.0013733

1506971034008 GYROSCOPE -0.41455078 0.7505951 -0.426651

1506971034010 MAGNETIC_FIELD -22.444153 -29.385376 -7.8048706

1506971034190 ACCELEROMETER 6.961853 8.270126 -1.8468018

1506971034190 GYROSCOPE -0.89733887 0.6598053 0.017684937

1506971034191 MAGNETIC_FIELD -19.743347 -30.033875 -12.089539

1506971034191 GRAVITY 9.207775 2.3277771 2.4430957

1506971034192 LINEAR_ACCELERATION -1.9471169 5.7259917 -5.7567368

1506971034192 ROTATION_VECTOR 0.45802915 -0.40699643 0.44408342

