1495825328741 ACCELEROMETER 3.2422943 8.9925995 -0.5892029

1495825328744 GYROSCOPE 0.05708313 -0.05152893 -0.029281616

1495825328745 MAGNETIC_FIELD -1.1932373 -51.22223 21.121216

1495825328745 GRAVITY 3.3610659 9.195231 -0.5668685

1495825328746 LINEAR_ACCELERATION 0.0 0.0 -0.0

1495825328747 ROTATION_VECTOR 0.0 0.0 0.0

1495825328847 ACCELEROMETER 2.3084106 9.279617 -0.5923767

1495825328849 GYROSCOPE 0.12437439 -0.13697815 -0.32835388

1495825328849 MAGNETIC_FIELD -1.6983032 -50.38147 21.942139

1495825328850 GRAVITY 2.7722864 9.384618 -0.64324754

1495825328850 LINEAR_ACCELERATION -0.40242958 0.11722183 0.04401195

1495825328851 ROTATION_VECTOR 0.33514464 0.6484401 0.6712486

1495825329143 ACCELEROMETER 1.1594391 9.797943 -0.45004272

1495825329144 GYROSCOPE -0.3370514 0.024307251 -0.19163513

1495825329144 MAGNETIC_FIELD 4.3762207 -50.71869 22.92633

1495825329145 GRAVITY 1.7302125 9.644427 -0.40220115

1495825329145 LINEAR_ACCELERATION -0.5599117 0.30014515 -0.06125489

1495825329146 ROTATION_VECTOR 0.28696582 0.66193444 0.673973

1495825329249 ACCELEROMETER 1.3876495 9.42984 -0.4549713

1495825329250 GYROSCOPE 0.13612366 -0.23097229 -0.19270325

1495825329250 MAGNETIC_FIELD 5.557251 -51.55945 21.44928

1495825329251 GRAVITY 1.5082896 9.6836405 -0.3500901

1495825329252 LINEAR_ACCELERATION -0.080370665 -0.08692074 -0.097095996

1495825329253 ROTATION_VECTOR 0.3056445 0.6514837 0.6665263

1495825329493 GYROSCOPE 0.029312134 -0.10920715 -0.06239319

1495825329495 GRAVITY 1.1520451 9.716755 -0.6541078

1495825329495 LINEAR_ACCELERATION -0.34303463 0.13205147 -0.4034599

1495825329496 ROTATION_VECTOR 0.31112868 0.6607187 0.6479909

1495825329575 ACCELEROMETER 0.79244995 9.705032 -1.0405731

1495825329777 ACCELEROMETER 0.7913513 9.569672 -0.7379608

1495825329778 GYROSCOPE 0.045333862 -0.017349243 -0.01966858

1495825329779 MAGNETIC_FIELD 9.101868 -50.38147 21.861267

1495825329780 GRAVITY 0.972611 9.726739 -0.7841961

1495825329781 LINEAR_ACCELERATION -0.16183013 -0.019768715 0.053782344

1495825329781 ROTATION_VECTOR 0.3141388 0.6643039 0.6389523

1495825329979 ACCELEROMETER 0.809906 9.598007 -0.8698425

1495825329981 GYROSCOPE 0.1532135 -0.010940552 0.008102417

1495825329982 MAGNETIC_FIELD 8.973694 -50.086975 21.902466

1495825329982 GRAVITY 0.9153383 9.716151 -0.9638233

1495825329983 LINEAR_ACCELERATION -0.08354467 0.027004242 0.03266287

1495825329983 ROTATION_VECTOR 0.31072032 0.6727512 0.6333024

1495825330180 ACCELEROMETER 0.84643555 9.542007 -1.1030121

1495825330182 GYROSCOPE 0.011154175 -0.0055999756 0.017715454

1495825330182 MAGNETIC_FIELD 9.819031 -49.588013 23.539734

1495825330183 GRAVITY 0.9124168 9.69953 -1.1211659

1495825330184 LINEAR_ACCELERATION -0.053599656 -0.012701035 0.0116814375

1495825330184 ROTATION_VECTOR 0.30526716 0.68115747 0.6300836

1495825330382 ACCELEROMETER 0.917099 9.490524 -1.0990906

1495825330383 GYROSCOPE 0.035720825 -2.593994E-4 0.033737183

1495825330384 MAGNETIC_FIELD 8.761597 -49.961853 22.927856

1495825330384 GRAVITY 0.9570744 9.691025 -1.1569122

1495825330385 LINEAR_ACCELERATION -0.013502538 -0.03585434 0.025485635

1495825330385 ROTATION_VECTOR 0.30269334 0.6836394 0.63071346

1495825330583 ACCELEROMETER 0.87991333 9.532532 -1.119339

1495825330584 GYROSCOPE -0.0048675537 -0.014144897 0.010238647

1495825330584 MAGNETIC_FIELD 8.636475 -49.665833 22.721863

1495825330585 GRAVITY 0.9661146 9.6887045 -1.1687638

1495825330585 LINEAR_ACCELERATION -0.06294793 0.013057709 0.038437486

1495825330586 ROTATION_VECTOR 0.29632136 0.6868653 0.63242406

1495825330784 ACCELEROMETER 0.97172546 9.51503 -1.1193848

1495825330785 GYROSCOPE 0.028244019 -2.593994E-4 -0.004714966

1495825330786 MAGNETIC_FIELD 8.16803 -49.713135 23.58551

1495825330786 GRAVITY 0.9759448 9.686452 -1.1792259

1495825330787 LINEAR_ACCELERATION 0.011973083 5.636215E-4 0.027201176

1495825330787 ROTATION_VECTOR 0.2937422 0.68835986 0.6330347

1495825330986 ACCELEROMETER 0.98020935 9.497635 -1.0818939

1495825330987 GYROSCOPE 0.018630981 0.01576233 6.2561035E-4

1495825330987 MAGNETIC_FIELD 8.215332 -50.090027 21.980286

1495825330988 LINEAR_ACCELERATION 0.021244586 -0.012833595 0.08436692

1495825330988 GRAVITY 0.98574764 9.68515 -1.1817563

1495825330989 ROTATION_VECTOR 0.28902212 0.6904484 0.63448685

1495825331192 ACCELEROMETER 0.88952637 9.546768 -1.0909729

1495825331193 GRAVITY 0.9367513 9.690183 -1.1803586

1495825331194 LINEAR_ACCELERATION -0.052082956 0.03877926 0.065472364

1495825331195 ROTATION_VECTOR 0.2824321 0.6931188 0.63538826

1495825331195 GYROSCOPE 0.018630981 0.013626099 -0.02607727

1495825331202 MAGNETIC_FIELD 8.84552 -49.378967 22.190857

1495825331394 GRAVITY 0.90408695 9.694957 -1.1665449

1495825331394 LINEAR_ACCELERATION 0.0018720031 -0.0029468536 0.054911494

1495825331395 ROTATION_VECTOR 0.27832097 0.69427276 0.63632977

1495825331395 ACCELEROMETER 0.8822937 9.527054 -1.0894623

1495825331395 GYROSCOPE -0.0037994385 -0.0034637451 -0.010055542

1495825331396 MAGNETIC_FIELD 9.09729 -49.795532 23.327637

1495825331594 GRAVITY 0.8840893 9.69835 -1.1535995

1495825331595 LINEAR_ACCELERATION -0.0060763955 0.010382652 0.041288733

1495825331596 ROTATION_VECTOR 0.27806938 0.69389814 0.63643664

1495825331596 ACCELEROMETER 0.8675232 9.546997 -1.0965271

1495825331597 GYROSCOPE 0.01222229 0.001876831 -0.0068511963

1495825331597 MAGNETIC_FIELD 8.326721 -49.54834 23.257446

1495825331796 ROTATION_VECTOR 0.27748975 0.6950063 0.6357825

1495825331796 LINEAR_ACCELERATION 8.9770555E-4 -5.1784515E-4 -0.012554169

1495825331797 GRAVITY 0.8829988 9.69558 -1.1774719

1495825331798 ACCELEROMETER 0.87020874 9.52507 -1.164505

1495825331798 GYROSCOPE 0.006881714 0.010421753 0.003829956

1495825331804 MAGNETIC_FIELD 9.049988 -50.09613 23.46344

1495825332003 GRAVITY 0.89164245 9.700189 -1.1321206

1495825332006 LINEAR_ACCELERATION 0.012747705 0.0068588257 0.08794856

1495825332008 ACCELEROMETER 0.8766022 9.531204 -1.0390472

1495825332010 ROTATION_VECTOR 0.27396283 0.694742 0.6384086

1495825332013 GYROSCOPE -0.007003784 -0.0034637451 -0.0025787354

1495825332015 MAGNETIC_FIELD 8.972168 -49.430847 22.88208

1495825332202 ACCELEROMETER 0.84565735 9.5525055 -1.1307678

1495825332205 GRAVITY 0.8716945 9.699388 -1.1543067

1495825332207 LINEAR_ACCELERATION -0.018352807 0.016405106 -0.011903405

1495825332210 ROTATION_VECTOR 0.27349865 0.69573826 0.6374117

1495825332212 GYROSCOPE 0.023971558 -0.0023956299 -0.0068511963

1495825332214 MAGNETIC_FIELD 9.532166 -49.279785 22.180176

1495825332397 ACCELEROMETER 0.86776733 9.55307 -1.0749054

1495825332398 GYROSCOPE 0.03251648 -0.0013275146 0.0070343018

1495825332400 MAGNETIC_FIELD 8.755493 -50.454712 23.075867

1495825332400 GRAVITY 0.873905 9.697558 -1.1679159

1495825332401 LINEAR_ACCELERATION 0.0054007173 0.015350342 0.08156395

1495825332401 ROTATION_VECTOR 0.27293885 0.69645643 0.63715047

1495825332600 GRAVITY 0.8888715 9.694444 -1.1823928

1495825332600 LINEAR_ACCELERATION -0.01224798 0.01600647 0.02155006

1495825332601 ROTATION_VECTOR 0.2731123 0.6969182 0.63690674

1495825332601 ACCELEROMETER 0.8636627 9.560593 -1.1322021

1495825332601 GYROSCOPE -0.005935669 -0.0013275146 0.015579224

1495825332602 MAGNETIC_FIELD 9.815979 -50.341797 22.059631

1495825332805 LINEAR_ACCELERATION 0.007009387 0.007651329 0.064585686

1495825332808 GRAVITY 0.91886187 9.695413 -1.1511106

1495825332812 ROTATION_VECTOR 0.27368802 0.6955467 0.6383689

1495825332814 ACCELEROMETER 0.90904236 9.544998 -1.0771027

1495825332816 GYROSCOPE 0.006881714 -0.0055999756 0.012374878

1495825332818 MAGNETIC_FIELD 8.377075 -50.334167 22.050476

1495825333028 GRAVITY 0.9477992 9.696931 -1.1142656

1495825333040 LINEAR_ACCELERATION 0.0038444996 0.0023012161 0.08031368

1495825333042 ROTATION_VECTOR 0.27361625 0.6942232 0.6401632

1495825333045 ACCELEROMETER 0.9301605 9.543762 -1.0274963

1495825333047 GYROSCOPE -0.0037994385 -2.593994E-4 0.015579224

1495825333052 MAGNETIC_FIELD 9.281921 -50.3891 21.37146

1495825333206 ACCELEROMETER 0.9319916 9.56665 -1.0463104

1495825333207 GYROSCOPE 0.009017944 -0.0013275146 0.0016937256

1495825333207 MAGNETIC_FIELD 8.8394165 -50.889587 20.785522

1495825333208 GRAVITY 0.95930856 9.697066 -1.1031804

1495825333208 LINEAR_ACCELERATION -0.008415699 0.023644447 0.03001833

1495825333208 ROTATION_VECTOR 0.2760372 0.69285643 0.64010894

1495825333413 ACCELEROMETER 0.8996124 9.543961 -1.101471

1495825333422 GRAVITY 0.9389259 9.696733 -1.1234602

1495825333424 LINEAR_ACCELERATION -0.031757236 -0.008881569 0.009970307

1495825333426 ROTATION_VECTOR 0.27641675 0.693451 0.63894546

1495825333428 GYROSCOPE 0.015426636 -0.006668091 -0.005783081

1495825333430 MAGNETIC_FIELD 9.320068 -48.390198 22.563171

1495825333620 ACCELEROMETER 0.88868713 9.552002 -1.012085

1495825333626 GRAVITY 0.91620076 9.701813 -1.0980936

1495825333628 LINEAR_ACCELERATION -0.014041603 0.008719444 0.08484781

1495825333630 ROTATION_VECTOR 0.27410334 0.69343674 0.6399716

1495825333633 GYROSCOPE 0.0015411377 -0.0045318604 -0.008987427

1495825333636 MAGNETIC_FIELD 8.924866 -50.71869 22.180176

1495825333816 ACCELEROMETER 0.86447144 9.564697 -1.0245819

1495825333820 GYROSCOPE 0.022903442 -0.0023956299 -0.0079193115

1495825333822 MAGNETIC_FIELD 8.958435 -49.0036 21.83075

1495825333824 GRAVITY 0.89274323 9.703714 -1.1006057

1495825333826 LINEAR_ACCELERATION -0.011507094 0.012938499 0.0424819

1495825333828 ROTATION_VECTOR 0.27501178 0.69316936 0.63919216

1495825334023 ACCELEROMETER 0.9012604 9.531067 -1.0749207

1495825334030 GRAVITY 0.8980784 9.701327 -1.1171786

1495825334032 LINEAR_ACCELERATION 0.012613535 -0.016448975 0.022085428

1495825334034 ROTATION_VECTOR 0.27556223 0.6935602 0.6385976

1495825334037 GYROSCOPE 0.0036773682 -0.006668091 0.0070343018

1495825334040 MAGNETIC_FIELD 8.859253 -49.78943 21.942139

1495825334218 ACCELEROMETER 0.8957977 9.531555 -0.9882355

1495825334225 GYROSCOPE 0.027175903 -2.593994E-4 -0.010055542

1495825334227 MAGNETIC_FIELD 9.2300415 -50.076294 22.647095

1495825334230 GRAVITY 0.903784 9.703131 -1.0967273

1495825334232 LINEAR_ACCELERATION 0.01721251 -0.004875183 0.10230136

1495825334234 ROTATION_VECTOR 0.27466422 0.6931645 0.6396278

1495825334425 ACCELEROMETER 0.8795471 9.521576 -1.0462646

1495825334432 GRAVITY 0.89083153 9.701089 -1.1250249

1495825334434 LINEAR_ACCELERATION -0.0039233565 -0.008874893 0.04478562

1495825334436 ROTATION_VECTOR 0.27482563 0.6941406 0.6383965

1495825334438 GYROSCOPE 0.023971558 -0.0023956299 -0.0015106201

1495825334442 MAGNETIC_FIELD 10.153198 -49.67041 22.732544

1495825334618 ACCELEROMETER 0.85728455 9.55867 -1.0515289

1495825334630 GRAVITY 0.8772175 9.701141 -1.1352296

1495825334632 LINEAR_ACCELERATION -0.008348703 0.03330517 0.058651805

1495825334635 ROTATION_VECTOR 0.2733232 0.69510794 0.6381996

1495825334637 GYROSCOPE 0.018630981 0.001876831 -0.0068511963

1495825334639 MAGNETIC_FIELD 9.527588 -49.87793 21.929932

1495825334827 ACCELEROMETER 0.833725 9.572403 -1.0729065

1495825334834 GRAVITY 0.8565997 9.70384 -1.1278812

1495825334836 LINEAR_ACCELERATION -0.0125614405 0.022920609 0.051134586

1495825334838 ROTATION_VECTOR 0.27231044 0.6952359 0.638319

1495825334841 GYROSCOPE 4.7302246E-4 -0.012008667 -0.005783081

1495825334844 MAGNETIC_FIELD 9.590149 -49.73755 22.242737

1495825335026 ACCELEROMETER 0.78567505 9.570694 -1.0247955

1495825335032 GYROSCOPE 0.037857056 0.010421753 -0.012191772

1495825335034 MAGNETIC_FIELD 10.0997925 -49.282837 22.509766

1495825335036 GRAVITY 0.82360774 9.706881 -1.1262902

1495825335039 LINEAR_ACCELERATION -0.0300802 0.011618614 0.076940656

1495825335041 ROTATION_VECTOR 0.27076834 0.6957796 0.6381501

1495825335228 ACCELEROMETER 0.8127289 9.559265 -1.0402985

1495825335234 GYROSCOPE 0.0143585205 -0.0034637451 0.012374878

1495825335237 MAGNETIC_FIELD 10.333252 -49.568176 21.678162

1495825335239 GRAVITY 0.82563937 9.705515 -1.1365265

1495825335241 LINEAR_ACCELERATION 0.0022975206 0.012526512 0.07887328

1495825335243 ROTATION_VECTOR 0.27130228 0.6959467 0.637705

1495825335425 GRAVITY 0.851929 9.705849 -1.1140474

1495825335429 LINEAR_ACCELERATION -0.005042255 -0.0050115585 0.089179635

1495825335431 ROTATION_VECTOR 0.27036798 0.6954867 0.6392104

1495825335433 ACCELEROMETER 0.82810974 9.544388 -1.0119171

1495825335435 GYROSCOPE 0.007949829 0.001876831 0.016647339

1495825335437 MAGNETIC_FIELD 9.674072 -50.175476 22.143555

1495825335658 ACCELEROMETER 0.88960266 9.565445 -0.9804535

1495825335763 ACCELEROMETER 0.99053955 9.57843 -0.9650879

1495825335769 MAGNETIC_FIELD 9.439087 -50.71869 22.92633

1495825335771 GRAVITY 0.9291162 9.703349 -1.0733805

1495825335773 LINEAR_ACCELERATION 0.04104048 0.020976067 0.10700297

1495825335776 ROTATION_VECTOR 0.27175233 0.69345355 0.64166284

1495825335858 GYROSCOPE 0.0041503906 -0.01272583 0.02230835

1495825335964 ACCELEROMETER 0.9480133 9.534164 -1.0258484

1495825335970 MAGNETIC_FIELD 8.932495 -50.213623 21.44928

1495825335972 GRAVITY 0.95784014 9.699805 -1.0801467

1495825335975 LINEAR_ACCELERATION -0.013506293 0.0044546127 0.010223031

1495825335977 ROTATION_VECTOR 0.2731615 0.69314855 0.6416075

1495825336057 GYROSCOPE 0.012557983 -0.0079956055 0.012298584

1495825336169 GRAVITY 0.9721534 9.698256 -1.0812697

1495825336175 LINEAR_ACCELERATION 0.0049767494 -0.0027713776 0.05845177

1495825336177 ROTATION_VECTOR 0.27465072 0.6926012 0.6414472

1495825336179 ACCELEROMETER 0.96536255 9.538452 -1.0047302

1495825336182 MAGNETIC_FIELD 9.776306 -49.372864 21.614075

1495825336264 GYROSCOPE 0.018875122 -0.0013427734 -0.0045318604

1495825336368 ACCELEROMETER 0.96014404 9.502716 -0.991272

1495825336374 MAGNETIC_FIELD 9.269714 -50.549316 21.777344

1495825336377 GRAVITY 0.9666326 9.698299 -1.0858092

1495825336379 LINEAR_ACCELERATION 0.027480006 -0.027231216 0.073022485

1495825336381 ROTATION_VECTOR 0.27655438 0.6920105 0.6406865

1495825336461 GYROSCOPE 0.024429321 -0.002029419 -0.021743774

1495825336565 ACCELEROMETER 0.9169159 9.55098 -1.0316162

1495825336568 MAGNETIC_FIELD 8.258057 -49.205017 23.417664

1495825336571 GRAVITY 0.9337571 9.70074 -1.0927624

1495825336573 LINEAR_ACCELERATION 0.0012022853 0.013049126 0.069426775

1495825336575 ROTATION_VECTOR 0.27612495 0.692438 0.6399422

1495825336848 GRAVITY 0.90830624 9.699504 -1.1247152

1495825336856 LINEAR_ACCELERATION 0.009606063 0.023664474 -1.4603138E-4

1495825336859 ROTATION_VECTOR 0.27732515 0.69313437 0.63806814

1495825336861 ACCELEROMETER 0.9008026 9.557709 -1.1017609

1495825336863 GYROSCOPE -5.950928E-4 0.0040130615 -0.0036468506

1495825336865 MAGNETIC_FIELD 10.494995 -50.67444 22.795105

1495825337054 ACCELEROMETER 0.88601685 9.551041 -1.0894318

1495825337060 GRAVITY 0.903101 9.699632 -1.1278046

1495825337063 LINEAR_ACCELERATION -0.0091784 0.0034160614 0.00301826

1495825337065 ROTATION_VECTOR 0.2766387 0.6935222 0.6380513

1495825337067 GYROSCOPE 0.0058135986 -2.593994E-4 0.0027618408

1495825337070 MAGNETIC_FIELD 8.656311 -49.479675 22.90802

1495825337253 ACCELEROMETER 0.8280182 9.516006 -1.0946503

1495825337258 GYROSCOPE 0.027175903 -0.0034637451 -0.015396118

1495825337260 MAGNETIC_FIELD 9.481812 -50.090027 22.476196

1495825337263 GRAVITY 0.87028253 9.70171 -1.1357042

1495825337265 LINEAR_ACCELERATION -0.04136944 -0.012639046 0.05115986

1495825337267 ROTATION_VECTOR 0.27489305 0.69450605 0.63762605

1495825337449 ACCELEROMETER 0.81266785 9.557266 -1.0453186

1495825337450 GRAVITY 0.83890975 9.702715 -1.1506251

1495825337450 LINEAR_ACCELERATION -0.006419778 0.024230003 0.07145572

1495825337450 ROTATION_VECTOR 0.2718122 0.6962641 0.6373553

1495825337451 GYROSCOPE 0.026107788 -0.0023956299 -0.012191772

1495825337451 MAGNETIC_FIELD 9.207153 -49.635315 23.03009

1495825337651 ROTATION_VECTOR 0.27461955 0.69591385 0.6354767

1495825337651 LINEAR_ACCELERATION 0.0038490891 -0.0039711 0.026958346

1495825337651 GRAVITY 0.81665325 9.702159 -1.1711485

1495825337652 ACCELEROMETER 0.8096466 9.540512 -1.1255493

1495825337652 GYROSCOPE 0.007949829 -0.0023956299 -0.012191772

1495825337652 MAGNETIC_FIELD 11.090088 -49.58496 22.149658

1495825337852 LINEAR_ACCELERATION -0.04019749 -0.0013093948 0.065793514

1495825337853 GRAVITY 0.8050782 9.704543 -1.1593451

1495825337853 ROTATION_VECTOR 0.27320626 0.6960377 0.636028

1495825337853 ACCELEROMETER 0.7630005 9.534576 -1.0748291

1495825337854 GYROSCOPE 0.013290405 8.087158E-4 0.0209198

1495825337854 MAGNETIC_FIELD 10.009766 -49.983215 22.042847

1495825338053 ACCELEROMETER 0.754303 9.551636 -1.0607758

1495825338054 GRAVITY 0.8204195 9.70385 -1.1543874

1495825338054 ROTATION_VECTOR 0.27020425 0.69702727 0.63730544

1495825338054 LINEAR_ACCELERATION -0.056811273 0.023759842 0.085223794

1495825338055 GYROSCOPE 0.027175903 0.0050811768 0.024124146

1495825338055 MAGNETIC_FIELD 9.776306 -50.22278 22.85614

1495825338254 ACCELEROMETER 0.7754059 9.53447 -1.053772

1495825338257 GYROSCOPE 0.023971558 0.0029449463 0.019851685

1495825338260 MAGNETIC_FIELD 8.964539 -49.508667 22.492981

1495825338262 GRAVITY 0.84629166 9.700637 -1.16268

1495825338268 LINEAR_ACCELERATION -0.036381245 -0.0015707016 0.081797004

1495825338275 ROTATION_VECTOR 0.2661466 0.69888926 0.63859034

1495825338449 ACCELEROMETER 0.8817749 9.543961 -1.0728607

1495825338451 GYROSCOPE 0.017562866 -0.0055999756 0.017715454

1495825338451 MAGNETIC_FIELD 9.170532 -50.117493 21.704102

1495825338451 GRAVITY 0.89351875 9.696226 -1.1641308

1495825338452 LINEAR_ACCELERATION 0.022615492 0.01939392 0.07560825

1495825338452 ROTATION_VECTOR 0.26718694 0.6985451 0.6391513

1495825338654 GRAVITY 0.9417499 9.691558 -1.1649882

1495825338656 LINEAR_ACCELERATION 0.0048925877 -0.016993523 0.05603826

1495825338657 ACCELEROMETER 0.9237366 9.500153 -1.0784454

1495825338658 GYROSCOPE 0.01008606 -0.0055999756 0.029464722

1495825338659 MAGNETIC_FIELD 8.712769 -49.861145 21.44928

1495825338661 ROTATION_VECTOR 0.26935858 0.6977419 0.63945556

1495825338947 GRAVITY 1.0045843 9.687529 -1.1458566

1495825338953 LINEAR_ACCELERATION -0.014232755 0.020950317 0.11139643

1495825338955 ROTATION_VECTOR 0.27014545 0.696738 0.64104533

1495825338958 ACCELEROMETER 0.96217346 9.531891 -1.0242615

1495825338963 ACCELEROMETER 0.95851135 9.440186 -1.068039

1495825338988 GYROSCOPE 0.016494751 -0.0013275146 0.021987915

1495825338996 MAGNETIC_FIELD 8.905029 -49.621582 21.47522

1495825339141 GRAVITY 1.2128323 9.635789 -1.3605118

1495825339141 LINEAR_ACCELERATION -0.09775245 -0.112389565 0.5376817

1495825339141 ACCELEROMETER 0.6392975 9.1636505 -0.4577942

1495825339142 GYROSCOPE 0.50035095 0.2101593 0.19502258

1495825339142 MAGNETIC_FIELD 7.006836 -50.720215 22.007751

1495825339142 ROTATION_VECTOR 0.25480506 0.71024024 0.64051735

1495825339353 GRAVITY 1.2495157 9.427397 -2.39443

1495825339370 LINEAR_ACCELERATION -0.9190161 0.41748905 1.378655

1495825339381 ROTATION_VECTOR 0.22737762 0.75523597 0.6068332

1495825339395 ACCELEROMETER -0.062408447 9.709 -0.61605835

1495825339397 GYROSCOPE 1.1433563 -1.1698456 0.625473

1495825339397 MAGNETIC_FIELD 5.239868 -49.298096 24.313354

1495825339546 GRAVITY 4.5102 7.089979 -5.0557566

1495825339547 LINEAR_ACCELERATION -5.4219375 1.7661757 3.0632625

1495825339547 ROTATION_VECTOR -0.26021263 -0.83069927 -0.47524276

1495825339547 ACCELEROMETER 1.2407074 6.3615875 -4.452881

1495825339548 GYROSCOPE 3.0424652 2.460678 2.404953

1495825339548 MAGNETIC_FIELD 7.548523 -45.80078 28.45459

1495825339686 MAGNETIC_FIELD -15.701294 -23.957825 44.197083

1495825339776 ACCELEROMETER 7.838318 2.294632 -2.825943

1495825339785 GYROSCOPE 1.2159882 3.6847382 1.8217621

1495825339787 GRAVITY 9.450412 2.1932592 -1.4316815

1495825339790 LINEAR_ACCELERATION -2.2763357 1.6153476 -3.3761947

1495825339793 ROTATION_VECTOR -0.21765806 -0.72499686 -0.32452008

1495825339957 ACCELEROMETER 9.081696 -0.9570923 2.156601

1495825339962 GRAVITY 8.345999 -1.2348516 4.9989834

1495825339966 LINEAR_ACCELERATION 1.3476143 0.83319247 -4.02581

1495825339968 ROTATION_VECTOR -0.1858586 -0.45888928 -0.20478033

1495825339971 GYROSCOPE 0.99916077 3.1218414 1.4511261

1495825339973 MAGNETIC_FIELD -47.990417 2.6794434 22.190857

1495825340146 ACCELEROMETER 6.577545 -2.8259583 6.173996

1495825340148 GYROSCOPE 0.6317291 2.3784332 1.8591461

1495825340153 MAGNETIC_FIELD -55.215454 20.088196 -9.326172

1495825340155 GRAVITY 3.6912584 -3.0124676 8.571466

1495825340156 LINEAR_ACCELERATION 3.9768531 0.8747158 -3.4509258

1495825340158 ROTATION_VECTOR -0.15824649 -0.19476882 0.0021098696

1495825340356 ACCELEROMETER 10.385757 -1.4224396 4.5255127

1495825340361 LINEAR_ACCELERATION 11.829567 -2.4696527 -7.120524

1495825340364 ROTATION_VECTOR -0.03571037 0.30339843 -0.14394797

1495825340367 GRAVITY -5.500228 -1.5158335 7.9762225

1495825340370 GYROSCOPE -0.9042206 8.92598 -6.494583

1495825340372 MAGNETIC_FIELD -37.275696 32.972717 -37.654114

1495825340547 ACCELEROMETER -8.097778 -8.718658 -4.407898

1495825340548 GYROSCOPE -4.318985 5.609482 4.056259

1495825340548 MAGNETIC_FIELD -44.161987 -16.297913 -35.41565

1495825340550 GRAVITY -5.864208 -6.667915 -4.1617746

1495825340551 LINEAR_ACCELERATION 2.7904873 -3.11618 3.5134747

1495825340552 ROTATION_VECTOR -0.19656739 0.82070255 -0.30924478

1495825340749 ACCELEROMETER 0.5688782 2.0169373 9.591293

1495825340750 GYROSCOPE 0.7577667 0.55622864 -1.7329254

1495825340751 MAGNETIC_FIELD -37.09259 -14.956665 -44.744873

1495825340751 GRAVITY -2.676773 -3.4328766 -8.787527

1495825340751 LINEAR_ACCELERATION 2.9194374 4.2512326 16.09205

1495825340752 ROTATION_VECTOR -0.23742719 0.94428146 -0.1401548

1495825340950 ACCELEROMETER -4.0343018 2.5032043 12.420868

1495825340951 GYROSCOPE -1.8110504 1.5677338 3.8842926

1495825340952 MAGNETIC_FIELD -22.122192 -20.277405 -53.433228

1495825340952 LINEAR_ACCELERATION -1.2156017 4.9456444 14.8288965

1495825340953 GRAVITY -1.6169957 -1.6720607 -9.5268

