1495825299182 ACCELEROMETER -5.3562317 -6.315735 3.9589844

1495825299185 GYROSCOPE -0.8070221 1.3039093 0.033737183

1495825299186 MAGNETIC_FIELD 14.332581 25.123596 -48.44055

1495825299186 LINEAR_ACCELERATION 0.0 0.0 -0.0

1495825299187 GRAVITY -5.422035 -6.9857454 4.2392554

1495825299187 ROTATION_VECTOR 0.0 0.0 0.0

1495825299384 ACCELEROMETER -6.085388 -6.906555 2.519867

1495825299385 GYROSCOPE -0.8230438 0.9610443 -0.08909607

1495825299385 MAGNETIC_FIELD 23.10791 27.81372 -39.909363

1495825299386 GRAVITY -5.949396 -7.3151274 2.6951778

1495825299387 LINEAR_ACCELERATION -0.42404842 -0.25390625 0.9759102

1495825299387 ROTATION_VECTOR 0.17709358 0.5755189 -0.74015534

1495825299585 ACCELEROMETER -6.992569 -8.395859 -0.81539917

1495825299586 GYROSCOPE -0.33491516 1.0368805 -0.52381897

1495825299587 MAGNETIC_FIELD 28.845215 30.841064 -33.348083

1495825299587 GRAVITY -5.9530697 -7.7791924 0.4642333

1495825299588 LINEAR_ACCELERATION -1.1801877 -0.7564869 -0.27621204

1495825299588 ROTATION_VECTOR 0.20545606 0.6588767 -0.6795482

1495825299786 ACCELEROMETER -3.808136 -6.6196747 1.272644

1495825299788 GYROSCOPE 0.11155701 0.531662 -0.23970032

1495825299789 MAGNETIC_FIELD 29.351807 35.04486 -26.620483

1495825299789 GRAVITY -5.3309608 -8.221094 -0.40602398

1495825299790 LINEAR_ACCELERATION 0.37639666 0.65199995 0.48771212

1495825299790 ROTATION_VECTOR 0.22411929 0.6859096 -0.669139

1495825300023 ACCELEROMETER -2.9077759 -8.216263 1.5505066

1495825300024 GYROSCOPE -0.047592163 -0.92204285 -1.0044708

1495825300025 MAGNETIC_FIELD 18.052673 39.98108 -33.877563

1495825300025 GRAVITY -4.1050196 -8.902045 0.2697984

1495825300026 LINEAR_ACCELERATION 0.27621555 0.86953545 1.5488245

1495825300026 ROTATION_VECTOR 0.12820958 0.68542427 -0.6949862

1495825300225 ACCELEROMETER -2.1505127 -9.852249 2.7240295

1495825300226 GYROSCOPE 1.1145172 0.3287201 0.643631

1495825300226 MAGNETIC_FIELD 9.024048 42.189026 -36.128235

1495825300227 GRAVITY -3.3572805 -9.069673 1.624836

1495825300227 LINEAR_ACCELERATION 1.0962188 -1.7165432 0.95719707

1495825300228 ROTATION_VECTOR 0.073314264 0.641702 -0.7414203

1495825300426 ACCELEROMETER -4.049698 -7.1245117 3.2996063

1495825300427 GYROSCOPE 1.3954315 -0.14125061 1.2770233

1495825300428 MAGNETIC_FIELD 18.82019 27.316284 -44.204712

1495825300429 GRAVITY -4.990908 -7.6688967 3.5283494

1495825300429 LINEAR_ACCELERATION 0.88502216 -0.055844784 -0.24044204

1495825300430 ROTATION_VECTOR 0.18904991 0.53325826 -0.8016553

1495825300627 ACCELEROMETER -6.533539 -5.551178 6.2214355

1495825300629 GYROSCOPE 1.1198578 -0.7778473 0.86579895

1495825300630 MAGNETIC_FIELD 21.37909 9.069824 -51.234436

1495825300631 GRAVITY -6.0243225 -5.361289 5.57983

1495825300631 LINEAR_ACCELERATION -0.72750664 -0.8344703 0.50578165

1495825300632 ROTATION_VECTOR 0.2621423 0.38313088 -0.85958356

1495825300829 ACCELEROMETER -6.859207 -2.8551636 9.7348175

1495825300831 GYROSCOPE -0.046524048 -0.30680847 0.30397034

1495825300831 MAGNETIC_FIELD 15.2771 -3.8650513 -54.47693

1495825300832 LINEAR_ACCELERATION -1.2784519 0.64470387 3.0496693

1495825300833 GRAVITY -5.8745127 -3.7663853 6.8901978

1495825300833 ROTATION_VECTOR 0.25157994 0.2922417 -0.88415796

1495825301031 ACCELEROMETER -4.6038666 -0.7990875 7.903137

1495825301031 GYROSCOPE 0.2653656 -0.10386658 -0.012191772

1495825301032 MAGNETIC_FIELD 14.668274 -5.1452637 -54.544067

1495825301033 GRAVITY -5.6338897 -3.1928406 7.3644714

1495825301034 LINEAR_ACCELERATION 0.8957734 2.4145634 0.85524607

1495825301034 ROTATION_VECTOR 0.23662423 0.26177362 -0.8881072

1495825301232 ACCELEROMETER -5.314316 -1.9846802 7.9262543

1495825301233 GYROSCOPE -0.30607605 -0.030166626 0.17686462

1495825301234 MAGNETIC_FIELD 15.411377 -6.9641113 -55.264282

1495825301235 GRAVITY -5.57028 -3.0308156 7.4804087

1495825301235 LINEAR_ACCELERATION 0.10133743 0.92893624 0.5872135

1495825301236 ROTATION_VECTOR 0.23106955 0.25536668 -0.88601804

1495825301434 ACCELEROMETER -5.5279236 -2.0074005 8.69603

1495825301435 GYROSCOPE 0.080581665 0.11830139 -0.07093811

1495825301436 MAGNETIC_FIELD 14.025879 -7.067871 -54.904175

1495825301437 GRAVITY -5.6301107 -3.030812 7.435484

1495825301437 LINEAR_ACCELERATION -0.014922142 0.9507847 1.3599477

1495825301438 ROTATION_VECTOR 0.23075898 0.26008868 -0.8803594

1495825301634 ACCELEROMETER -5.1677856 -1.2427216 7.9129486

1495825301635 GYROSCOPE 0.19166565 0.16636658 0.08821106

1495825301636 MAGNETIC_FIELD 16.4917 -6.826782 -53.556824

1495825301637 LINEAR_ACCELERATION 0.6805563 1.4642937 0.69362736

1495825301637 GRAVITY -5.8050866 -2.699172 7.428716

1495825301637 ROTATION_VECTOR 0.24703097 0.24539068 -0.88160056

1495825301841 GRAVITY -5.8864036 -2.3499348 7.483211

1495825301842 LINEAR_ACCELERATION -0.3698659 0.8088372 0.049740314

1495825301842 ROTATION_VECTOR 0.25798497 0.22782929 -0.884029

1495825301842 ACCELEROMETER -6.121933 -1.4351654 7.3960114

1495825301843 GYROSCOPE 0.08805847 -0.13804626 0.038009644

1495825301843 MAGNETIC_FIELD 16.322327 -8.073425 -54.379272

1495825302043 ROTATION_VECTOR 0.25503767 0.22030248 -0.88444585

1495825302044 LINEAR_ACCELERATION -0.022278786 1.0076253 0.16541004

1495825302044 GRAVITY -5.8187413 -2.2070458 7.579023

1495825302044 ACCELEROMETER -5.660263 -1.1747437 7.6252747

1495825302045 GYROSCOPE -0.06575012 0.013626099 0.052963257

1495825302045 MAGNETIC_FIELD 14.7994995 -7.6309204 -52.375793

1495825302246 GRAVITY -5.853848 -2.177586 7.560487

1495825302251 LINEAR_ACCELERATION 0.33448982 0.79882073 0.37053156

1495825302253 ROTATION_VECTOR 0.25594857 0.22138828 -0.8816707

1495825302256 ACCELEROMETER -5.4385834 -1.3329773 7.769348

1495825302258 GYROSCOPE 0.017562866 0.05101013 -0.030349731

1495825302260 MAGNETIC_FIELD 14.871216 -7.701111 -54.15039

1495825302448 GRAVITY -5.8966737 -2.144447 7.536642

1495825302453 LINEAR_ACCELERATION 0.056068897 0.7746093 0.25967455

1495825302455 ROTATION_VECTOR 0.2588264 0.22078745 -0.880914

1495825302457 ACCELEROMETER -5.73703 -1.3411102 7.632889

1495825302459 GYROSCOPE -0.005935669 0.02217102 -0.012191772

1495825302461 MAGNETIC_FIELD 16.4917 -7.836914 -53.2959

1495825302651 ACCELEROMETER -5.774933 -1.44133 7.5604095

1495825302654 GYROSCOPE 0.018630981 -0.010940552 0.031600952

1495825302656 MAGNETIC_FIELD 16.287231 -8.441162 -55.332947

1495825302658 GRAVITY -5.9091396 -1.9062978 7.5906844

1495825302660 LINEAR_ACCELERATION -0.002711296 0.42400706 0.11778307

1495825302662 ROTATION_VECTOR 0.2602464 0.21273138 -0.8769817

1495825302875 GRAVITY -5.8869505 -1.677064 7.6617002

1495825302880 LINEAR_ACCELERATION 0.079405785 0.2673149 0.12395954

1495825302890 ROTATION_VECTOR 0.2608579 0.20326129 -0.8748643

1495825302892 ACCELEROMETER -5.6884003 -1.3521271 7.619568

1495825302894 GYROSCOPE 0.037857056 0.014694214 0.05189514

1495825302896 MAGNETIC_FIELD 16.929626 -7.8704834 -53.46222

1495825303051 GRAVITY -5.912587 -1.4715039 7.6841636

1495825303054 LINEAR_ACCELERATION 0.03317213 0.2673521 0.0036783218

1495825303056 ROTATION_VECTOR 0.2634908 0.19694993 -0.8705474

1495825303057 ACCELEROMETER -5.756256 -1.1647034 7.5143127

1495825303059 GYROSCOPE 0.007949829 0.0029449463 0.012374878

1495825303060 MAGNETIC_FIELD 16.42456 -8.712769 -54.281616

1495825303261 GRAVITY -5.911434 -1.3633801 7.7049675

1495825303264 ACCELEROMETER -5.773041 -1.1946564 7.587906

1495825303266 LINEAR_ACCELERATION 0.0053753853 0.1510818 0.05478382

1495825303268 ROTATION_VECTOR 0.26469547 0.19259362 -0.8694501

1495825303270 GYROSCOPE 0.020767212 0.0040130615 -4.4250488E-4

1495825303272 MAGNETIC_FIELD 16.734314 -8.822632 -52.416992

1495825303458 GRAVITY -5.9278927 -1.3158617 7.7005835

1495825303463 ACCELEROMETER -5.8056946 -1.2507324 7.5087433

1495825303465 LINEAR_ACCELERATION -0.0082502365 0.030039668 -0.016078472

1495825303467 ROTATION_VECTOR 0.2662328 0.19104876 -0.8687251

1495825303470 GYROSCOPE 0.017562866 0.006149292 0.0059661865

1495825303472 MAGNETIC_FIELD 16.378784 -8.950806 -52.993774

1495825303656 GRAVITY -5.93531 -1.2687539 7.702775

1495825303656 LINEAR_ACCELERATION -0.010748863 0.030117989 -0.009241581

1495825303657 ROTATION_VECTOR 0.26691028 0.18980691 -0.86745346

1495825303657 ACCELEROMETER -5.807129 -1.2099304 7.5167236

1495825303657 GYROSCOPE 0.018630981 -0.006668091 6.2561035E-4

1495825303658 MAGNETIC_FIELD 16.267395 -9.156799 -53.93219

1495825303858 ROTATION_VECTOR 0.2677631 0.1879768 -0.8676208

1495825303858 LINEAR_ACCELERATION 0.01701212 0.012800455 -0.025117874

1495825303862 GRAVITY -5.936985 -1.2323554 7.707392

1495825303865 ACCELEROMETER -5.778183 -1.1853943 7.493042

1495825303867 GYROSCOPE 0.016494751 0.006149292 0.0070343018

1495825303870 MAGNETIC_FIELD 16.059875 -10.84137 -54.18396

1495825304074 ACCELEROMETER -5.8338623 -1.1494751 7.5790863

1495825304077 GRAVITY -5.9422917 -1.1919361 7.709659

1495825304080 LINEAR_ACCELERATION -0.024784088 0.013024688 0.040554523

1495825304082 ROTATION_VECTOR 0.26835352 0.18682389 -0.86663085

1495825304084 GYROSCOPE 0.015426636 8.087158E-4 0.0027618408

1495825304086 MAGNETIC_FIELD 16.337585 -8.274841 -54.460144

1495825304267 GRAVITY -5.947066 -1.1582428 7.7111135

1495825304272 ACCELEROMETER -5.8454742 -1.145935 7.540268

1495825304277 LINEAR_ACCELERATION -0.03274393 -0.008188248 -0.004538536

1495825304280 ROTATION_VECTOR 0.2684075 0.18654773 -0.86484027

1495825304282 GYROSCOPE 0.035720825 -0.008804321 -0.0068511963

1495825304285 MAGNETIC_FIELD 16.65039 -8.740234 -53.941345

1495825304468 GRAVITY -5.9183006 -1.1741729 7.73081

1495825304471 ACCELEROMETER -5.772537 -1.1477051 7.5665283

1495825304473 LINEAR_ACCELERATION 0.030125618 0.0037060976 0.02104044

1495825304475 ROTATION_VECTOR 0.26679823 0.18616414 -0.8659535

1495825304477 GYROSCOPE -0.045455933 -0.006668091 -0.010055542

1495825304480 MAGNETIC_FIELD 16.044617 -9.208679 -53.134155

1495825304667 ACCELEROMETER -5.833542 -1.4766998 7.4329376

1495825304680 GRAVITY -6.0731916 -1.2920899 7.5906014

1495825304682 LINEAR_ACCELERATION 0.09924221 -0.15588915 -0.016923904

1495825304684 ROTATION_VECTOR 0.27221036 0.19720179 -0.86098665

1495825304687 GYROSCOPE -0.096725464 0.23258972 0.13734436

1495825304689 MAGNETIC_FIELD 16.285706 -7.701111 -54.023743

1495825304872 ACCELEROMETER -5.876297 -1.3388367 7.6095123

1495825304876 GRAVITY -6.3192024 -1.5707195 7.3328648

1495825304879 LINEAR_ACCELERATION 0.3470807 0.123830676 0.44856548

1495825304881 ROTATION_VECTOR 0.2838512 0.21343955 -0.860611

1495825304883 GYROSCOPE -0.28471375 0.39601135 -0.23329163

1495825304886 MAGNETIC_FIELD 18.237305 -6.8893433 -52.781677

1495825305074 ACCELEROMETER -6.5546722 -1.89357 7.001953

1495825305078 GRAVITY -6.5034995 -2.2096026 6.999467

1495825305080 LINEAR_ACCELERATION -0.15655899 0.4203 0.2794857

1495825305083 ROTATION_VECTOR 0.2880704 0.24523856 -0.86041605

1495825305085 GYROSCOPE -0.14051819 -0.0045318604 -0.3219452

1495825305087 MAGNETIC_FIELD 21.3974 -5.418396 -51.66931

1495825305274 ACCELEROMETER -6.273239 -1.460495 6.039627

1495825305279 GYROSCOPE 0.48753357 -0.20533752 0.0839386

1495825305281 MAGNETIC_FIELD 22.439575 -3.8574219 -51.916504

1495825305283 GRAVITY -6.328515 -2.1064768 7.1890917

1495825305285 LINEAR_ACCELERATION -0.07278919 0.397146 -1.0152965

1495825305288 ROTATION_VECTOR 0.2811853 0.23322344 -0.86751264

1495825305474 ACCELEROMETER -6.6750183 -1.2566223 7.086609

1495825305477 GRAVITY -6.143768 -1.4091167 7.5125823

1495825305479 LINEAR_ACCELERATION -0.700418 0.24884629 -0.36846972

1495825305481 ROTATION_VECTOR 0.2822254 0.19316761 -0.8744829

1495825305484 GYROSCOPE 0.22798157 -0.15727234 0.17045593

1495825305486 MAGNETIC_FIELD 20.040894 -6.716919 -51.020813

1495825305680 ACCELEROMETER -6.2417603 -1.4748077 7.486191

1495825305684 GRAVITY -6.1128454 -1.0877585 7.5908027

1495825305686 LINEAR_ACCELERATION -0.287498 -0.4943577 0.089049816

1495825305688 ROTATION_VECTOR 0.28556797 0.1772786 -0.87482077

1495825305691 GYROSCOPE -0.024093628 0.056350708 0.13734436

1495825305693 MAGNETIC_FIELD 18.312073 -8.439636 -51.98822

1495825305881 ACCELEROMETER -6.0904846 -0.90379333 7.2153015

1495825305885 GRAVITY -6.2108426 -0.9374093 7.5310745

1495825305887 LINEAR_ACCELERATION 0.011304855 0.0052557588 -0.15558815

1495825305889 ROTATION_VECTOR 0.2925846 0.17440271 -0.87040997

1495825305892 GYROSCOPE 0.06562805 0.041397095 0.056167603

1495825305894 MAGNETIC_FIELD 18.785095 -9.921265 -53.03955

1495825306080 ACCELEROMETER -6.2738037 -0.84765625 7.211319

1495825306089 GRAVITY -6.2759933 -0.8459861 7.4877634

1495825306091 LINEAR_ACCELERATION -0.12488508 -0.02944398 -0.10727978

1495825306093 ROTATION_VECTOR 0.29766703 0.17211816 -0.86841923

1495825306096 GYROSCOPE 4.7302246E-4 0.027511597 0.012374878

1495825306098 MAGNETIC_FIELD 18.719482 -10.057068 -52.63977

1495825306282 ACCELEROMETER -6.2857056 -0.80648804 7.1536865

1495825306286 GRAVITY -6.368195 -0.81539893 7.4129353

1495825306289 LINEAR_ACCELERATION -0.071448326 -0.003293693 -0.09472895

1495825306291 ROTATION_VECTOR 0.3027573 0.17430869 -0.8648267

1495825306293 GYROSCOPE 0.017562866 0.031784058 0.01878357

1495825306296 MAGNETIC_FIELD 18.481445 -11.569214 -51.490784

1495825306479 ACCELEROMETER -6.359619 -0.7965088 7.1498566

1495825306482 GRAVITY -6.4228926 -0.7842717 7.368973

1495825306484 LINEAR_ACCELERATION -0.06012869 -0.038672805 -0.06295776

1495825306486 ROTATION_VECTOR 0.30557737 0.17581078 -0.8617112

1495825306488 GYROSCOPE 0.013290405 -0.006668091 0.02519226

1495825306491 MAGNETIC_FIELD 18.719482 -10.057068 -52.182007

1495825306684 ACCELEROMETER -6.4371185 -0.7492218 7.222458

1495825306689 GRAVITY -6.451434 -0.73904717 7.3486867

1495825306691 LINEAR_ACCELERATION -0.117185116 -0.030286193 0.027700901

1495825306693 ROTATION_VECTOR 0.30696198 0.17633945 -0.85870606

1495825306696 GYROSCOPE 0.025039673 0.0050811768 0.01878357

1495825306698 MAGNETIC_FIELD 19.432068 -10.159302 -51.623535

1495825306888 ACCELEROMETER -6.3490295 -0.69654846 7.1286316

1495825306892 GRAVITY -6.4724026 -0.68872 7.335125

1495825306894 LINEAR_ACCELERATION -0.0032601357 -0.019029856 -0.050796032

1495825306897 ROTATION_VECTOR 0.30860144 0.17543623 -0.85704935

1495825306899 GYROSCOPE 0.03678894 0.0029449463 0.0048980713

1495825306901 MAGNETIC_FIELD 19.429016 -11.230469 -50.708008

1495825307090 ACCELEROMETER -6.3622284 -0.6957092 7.0900726

1495825307093 GRAVITY -6.5009065 -0.66839606 7.3117614

1495825307095 LINEAR_ACCELERATION -8.468628E-4 -0.04642576 -0.064790726

1495825307098 ROTATION_VECTOR 0.3106239 0.17526187 -0.8563432

1495825307100 GYROSCOPE 0.015426636 0.013626099 0.0059661865

1495825307102 MAGNETIC_FIELD 19.999695 -10.862732 -50.80414

1495825307291 ACCELEROMETER -6.4148865 -0.6744385 7.075592

1495825307294 GRAVITY -6.5373597 -0.65289414 7.280594

1495825307297 LINEAR_ACCELERATION -0.02189064 -0.0335719 -0.04483223

1495825307299 ROTATION_VECTOR 0.3130354 0.17550464 -0.85548794

1495825307302 GYROSCOPE 0.0143585205 0.011489868 0.011306763

1495825307304 MAGNETIC_FIELD 20.916748 -11.769104 -51.5625

1495825307490 ACCELEROMETER -6.4338837 -0.6626129 7.1203003

1495825307493 GRAVITY -6.550408 -0.6395544 7.2700415

1495825307495 LINEAR_ACCELERATION -0.028178215 -0.039724946 0.009653091

1495825307507 ROTATION_VECTOR 0.3136827 0.17588116 -0.8543832

1495825307508 GYROSCOPE 0.017562866 -0.0013275146 0.0027618408

1495825307509 MAGNETIC_FIELD 20.26062 -11.743164 -52.70691

1495825307684 GRAVITY -6.5561924 -0.6368573 7.2650633

1495825307696 LINEAR_ACCELERATION -0.011351585 -0.045774937 -0.007531166

1495825307699 ROTATION_VECTOR 0.31384203 0.17631805 -0.85375714

1495825307701 ACCELEROMETER -6.42749 -0.66729736 7.110733

1495825307705 GYROSCOPE 0.011154175 0.0029449463 0.0048980713

1495825307707 MAGNETIC_FIELD 19.377136 -11.253357 -52.204895

1495825307884 GRAVITY -6.5543256 -0.62741894 7.267568

1495825307887 LINEAR_ACCELERATION 0.018944263 -0.031552374 -5.9604645E-5

1495825307894 ROTATION_VECTOR 0.31402415 0.17563027 -0.8540135

1495825307896 ACCELEROMETER -6.3930817 -0.64456177 7.1022644

1495825307898 GYROSCOPE 0.015426636 0.001876831 0.0048980713

1495825307901 MAGNETIC_FIELD 20.384216 -12.086487 -50.71411

1495825308246 ACCELEROMETER -6.4071503 -0.6296387 7.093277

1495825308249 ACCELEROMETER -6.390396 -0.6275482 7.083252

1495825308252 GYROSCOPE 0.017028809 0.0013275146 -0.0020599365

1495825308254 MAGNETIC_FIELD 20.069885 -8.84552 -51.722717

1495825308262 GRAVITY -6.5586624 -0.6042199 7.265621

1495825308267 LINEAR_ACCELERATION 0.0074658394 -0.03793603 -0.011776924

1495825308270 ROTATION_VECTOR 0.31432042 0.17538272 -0.8529974

1495825308445 GRAVITY -6.553548 -0.59729785 7.270807

1495825308446 LINEAR_ACCELERATION 0.027553558 -0.02954793 0.008432865

1495825308446 ROTATION_VECTOR 0.3126842 0.17754047 -0.84990877

1495825308446 ACCELEROMETER -6.4057007 -0.6080475 7.1063232

1495825308447 GYROSCOPE 0.014755249 0.005126953 3.5095215E-4

1495825308447 MAGNETIC_FIELD 19.732666 -10.527039 -50.738525

1495825308655 ACCELEROMETER -6.4561157 -0.6183319 7.0791016

1495825308682 GYROSCOPE 0.01109314 0.003967285 0.0024871826

1495825308687 MAGNETIC_FIELD 20.069885 -11.535645 -50.41046

1495825308691 GRAVITY -6.577188 -0.59331095 7.249756

1495825308694 LINEAR_ACCELERATION -0.035827637 -0.033299983 -0.028691769

1495825308699 ROTATION_VECTOR 0.31297734 0.18002914 -0.84685725

1495825308843 ACCELEROMETER -6.434433 -0.6595459 7.0597076

1495825308844 GYROSCOPE 0.012680054 -9.1552734E-4 0.0035095215

1495825308844 MAGNETIC_FIELD 20.239258 -12.713623 -50.57373

1495825308845 GRAVITY -6.577119 -0.60183084 7.2491164

1495825308845 LINEAR_ACCELERATION -0.0054092407 -0.059094608 0.0076580048

1495825308846 ROTATION_VECTOR 0.31280681 0.18041569 -0.84688914

1495825309055 ACCELEROMETER -6.4471283 -0.6325989 7.075821

1495825309056 GYROSCOPE 0.013946533 5.340576E-4 0.0052490234

1495825309057 MAGNETIC_FIELD 19.732666 -11.199951 -52.378845

1495825309057 GRAVITY -6.5867453 -0.60629004 7.239999

1495825309057 LINEAR_ACCELERATION -0.0088095665 -0.058716595 -0.030864239

1495825309057 ROTATION_VECTOR 0.31349152 0.18051553 -0.84714806

1495825309246 ACCELEROMETER -6.458725 -0.59754944 7.054001

1495825309247 GYROSCOPE 0.016616821 -8.8500977E-4 0.0018920898

1495825309247 MAGNETIC_FIELD 20.576477 -11.703491 -51.557922

1495825309248 LINEAR_ACCELERATION -0.020120144 -0.027100325 -0.0035681725

1495825309248 GRAVITY -6.590359 -0.59319484 7.237795

1495825309250 ROTATION_VECTOR 0.312958 0.18174836 -0.84485793

1495825309457 ACCELEROMETER -6.413986 -0.5880585 7.178604

1495825309469 GYROSCOPE 0.028305054 -0.01499939 -0.012466431

1495825309472 MAGNETIC_FIELD 19.563293 -12.376404 -51.557922

1495825309475 GRAVITY -6.560125 -0.5785273 7.2663918

1495825309477 LINEAR_ACCELERATION 0.031547546 -0.020309806 0.013739109

1495825309480 ROTATION_VECTOR 0.31167302 0.17993623 -0.84586364

1495825309654 ACCELEROMETER -6.2615356 -0.5690918 7.155945

1495825309655 GYROSCOPE 0.103759766 -0.061538696 -0.05329895

1495825309657 GRAVITY -6.5091634 -0.5370673 7.31524

1495825309658 LINEAR_ACCELERATION -0.055079937 -0.04943067 -0.018471241

1495825309659 ROTATION_VECTOR 0.3108891 0.17428294 -0.84981173

1495825309660 MAGNETIC_FIELD 18.382263 -12.88147 -50.41046

1495825309862 ACCELEROMETER -6.0668488 -0.26115417 7.33403

1495825309872 GYROSCOPE 0.30142212 -0.08981323 -0.2671814

1495825309879 GRAVITY -6.3001814 -0.4453676 7.5019827

1495825309882 LINEAR_ACCELERATION 0.18965197 0.02946636 0.0043096542

1495825309885 ROTATION_VECTOR 0.30638048 0.1537411 -0.86725056

1495825309887 MAGNETIC_FIELD 19.732666 -14.562988 -51.394653

1495825310062 ACCELEROMETER -6.453308 0.015701294 7.324341

1495825310082 GRAVITY -6.31442 -0.60692745 7.478645

1495825310095 LINEAR_ACCELERATION -0.18349695 0.69401866 -0.013926506

1495825310106 ROTATION_VECTOR 0.30811736 0.15413933 -0.8759146

1495825310107 GYROSCOPE 0.013122559 0.06355286 -0.6943207

1495825310107 MAGNETIC_FIELD 19.900513 -14.057922 -50.57373

1495825310337 GRAVITY -6.2886243 -3.0897737 6.861261

1495825310337 LINEAR_ACCELERATION -0.15379524 1.2689099 0.39178514

1495825310337 ROTATION_VECTOR 0.30374488 0.24064937 -0.9009638

1495825310338 ACCELEROMETER -6.1024475 -2.488556 6.8036194

1495825310338 GYROSCOPE -0.25801086 0.38853455 -1.5267792

1495825310345 MAGNETIC_FIELD 24.708557 -3.6651611 -50.601196

1495825310535 ACCELEROMETER -5.5939636 -5.0442963 5.789673

1495825310537 GYROSCOPE 0.15214539 0.35542297 -1.8707123

1495825310537 MAGNETIC_FIELD 28.509521 6.013489 -49.369812

1495825310538 GRAVITY -5.4015217 -5.1038647 6.3987904

1495825310546 LINEAR_ACCELERATION -0.23279095 -0.25623226 -0.49992466

1495825310550 ROTATION_VECTOR 0.27847818 0.3101651 -0.9059195

1495825310747 GRAVITY -3.380916 -6.420205 6.5970273

1495825310752 LINEAR_ACCELERATION -1.1763344 0.29558516 -0.78995705

1495825310755 ROTATION_VECTOR -0.2103652 -0.34553108 0.9127574

1495825310757 ACCELEROMETER -4.472397 -5.9480286 5.6314087

1495825310761 GYROSCOPE 0.34013367 -0.05366516 -1.924118

1495825310764 MAGNETIC_FIELD 24.45221 15.336609 -48.046875

1495825310937 ACCELEROMETER -3.2036285 -3.907608 5.47229

1495825310949 GYROSCOPE -0.26869202 3.748825 -1.1561432

1495825310952 MAGNETIC_FIELD 19.662476 22.555542 -48.99597

1495825310955 GRAVITY -3.6158369 -7.0293064 5.8038745

1495825310957 LINEAR_ACCELERATION 0.45602655 3.060565 -0.19312096

1495825310961 ROTATION_VECTOR -0.29919526 -0.3384774 0.86467564

1495825311151 ACCELEROMETER 1.4102936 -9.74173 12.557922

1495825311155 GRAVITY -0.5209824 -8.082491 5.529222

1495825311157 LINEAR_ACCELERATION 2.3626137 -3.030818 8.261368

1495825311161 GYROSCOPE -0.32637024 -1.8384857 -4.0122833

1495825311164 ROTATION_VECTOR -0.30127138 -0.35682446 0.71093833

1495825311166 MAGNETIC_FIELD 23.135376 26.972961 -44.97986

1495825311351 GRAVITY 3.009897 -8.323709 4.2221766

1495825311355 LINEAR_ACCELERATION -0.4728577 7.5580263 1.7117424

1495825311359 ROTATION_VECTOR -0.28140125 -0.45336765 0.52408016

1495825311361 ACCELEROMETER 2.3135223 -2.1394958 7.0667114

1495825311364 GYROSCOPE -1.9936981 2.8708344 -0.8474579

1495825311367 MAGNETIC_FIELD -4.8431396 26.05896 -51.689148

1495825311553 GRAVITY 3.5532222 -7.606012 5.0688834

1495825311556 LINEAR_ACCELERATION 7.0231066 2.5980463 6.03797

1495825311560 ROTATION_VECTOR -0.3104019 -0.3810637 0.3789651

1495825311562 ACCELEROMETER 10.772934 -4.589264 11.109177

1495825311565 GYROSCOPE 0.6018219 1.1864166 -1.5225067

1495825311567 MAGNETIC_FIELD -16.937256 16.604614 -53.224182

1495825311752 GRAVITY 4.737976 -5.1671143 6.857324

1495825311757 LINEAR_ACCELERATION 5.6713367 9.312136 -0.8917217

1495825311762 ROTATION_VECTOR -0.18090135 -0.34299922 0.31031156

1495825311765 ACCELEROMETER 9.441757 3.2396393 5.7043304

1495825311767 GYROSCOPE 0.5804596 0.83714294 -1.4530792

1495825311771 MAGNETIC_FIELD -21.369934 -1.4373779 -51.176453

1495825311953 GRAVITY 4.5670567 -3.8383243 7.783293

1495825311957 LINEAR_ACCELERATION 0.44896317 10.703552 -2.347176

1495825311962 ROTATION_VECTOR -0.12699646 -0.29501596 0.2729952

1495825311965 ACCELEROMETER 5.1812744 7.272217 4.750366

1495825311967 GYROSCOPE -0.7002106 0.8328705 -0.38175964

1495825311971 MAGNETIC_FIELD -19.070435 -16.326904 -49.276733

1495825312199 ACCELEROMETER 5.0025635 7.0574036 6.1056976

1495825312205 GYROSCOPE -0.4363861 0.0627594 0.04335022

1495825312208 GRAVITY 4.194784 -4.0642333 7.8775744

1495825312214 LINEAR_ACCELERATION 1.031524 10.623906 -0.9369273

1495825312214 ROTATION_VECTOR -0.14248261 -0.2793818 0.2787807

1495825312214 MAGNETIC_FIELD -12.561035 -15.075684 -50.32196

1495825312346 ACCELEROMETER 3.626419 4.591934 7.6212463

1495825312347 GYROSCOPE -0.3370514 -0.068618774 0.28901672

1495825312347 MAGNETIC_FIELD -8.207703 -11.148071 -51.548767

1495825312348 GRAVITY 4.13958 -4.4044213 7.722392

1495825312348 LINEAR_ACCELERATION -0.037851095 8.307924 0.80657244

1495825312349 ROTATION_VECTOR -0.15318438 -0.28775358 0.3038343

1495825312557 GRAVITY 4.17494 -4.8233256 7.448207

1495825312562 LINEAR_ACCELERATION 0.34459877 8.493263 1.1696148

1495825312565 ROTATION_VECTOR -0.16794239 -0.30338505 0.32316887

1495825312572 ACCELEROMETER 3.952942 4.3403015 7.6415253

1495825312581 GYROSCOPE -0.46949768 -0.16261292 0.23561096

1495825312584 MAGNETIC_FIELD -8.267212 -7.2036743 -54.057312

1495825312755 ACCELEROMETER 4.8415527 3.7515411 7.4915924

1495825312758 GYROSCOPE -0.54533386 -0.054733276 0.31144714

1495825312761 MAGNETIC_FIELD -9.7091675 -2.6901245 -54.066467

1495825312763 GRAVITY 4.212613 -5.382593 7.03221

1495825312766 LINEAR_ACCELERATION 1.2980165 8.31421 1.4819584

1495825312770 ROTATION_VECTOR -0.1923668 -0.3231905 0.3349274

1495825312951 ACCELEROMETER 4.9628296 2.2524567 8.266403

1495825312953 GYROSCOPE -0.45881653 -0.15513611 0.5122528

1495825312961 MAGNETIC_FIELD -11.940002 2.8457642 -53.741455

1495825312962 GRAVITY 4.0368867 -6.0290456 6.597313

1495825312963 LINEAR_ACCELERATION 1.5524037 7.1895876 2.7499442

1495825312964 ROTATION_VECTOR -0.22341718 -0.33721715 0.35246775

1495825313157 ROTATION_VECTOR -0.24558528 -0.36624765 0.38326615

1495825313164 GRAVITY 3.9837306 -6.66228 5.9928546

1495825313166 LINEAR_ACCELERATION 2.1441436 6.8757334 3.1046147

1495825313169 ACCELEROMETER 5.406967 1.3784027 8.144272

1495825313177 GYROSCOPE -0.463089 -0.5482025 0.53041077

1495825313180 MAGNETIC_FIELD -13.4765625 9.661865 -53.0838

1495825313361 GRAVITY 4.5389643 -7.218395 4.843858

1495825313364 ACCELEROMETER 5.821228 -1.4893036 7.3838806

1495825313367 LINEAR_ACCELERATION 2.0329916 4.2524195 3.459025

1495825313369 ROTATION_VECTOR -0.28199998 -0.41654292 0.347946

1495825313372 GYROSCOPE -1.0580292 -0.16474915 -0.6306305

1495825313375 MAGNETIC_FIELD -17.747498 13.990784 -51.882935

1495825313564 GRAVITY 6.1941733 -6.0413456 4.615706

1495825313567 LINEAR_ACCELERATION 1.1027613 2.8948479 6.2670336

1495825313569 ROTATION_VECTOR -0.23182738 -0.45926088 0.2578673

1495825313571 ACCELEROMETER 6.3348083 -2.2554169 9.759399

1495825313573 GYROSCOPE 1.1903534 -0.93699646 -1.0407867

1495825313575 MAGNETIC_FIELD -23.925781 21.232605 -46.406555

1495825313760 ACCELEROMETER 7.6711426 3.87706 8.165085

1495825313761 GYROSCOPE 3.0851898 -1.878006 -0.8132782

1495825313761 MAGNETIC_FIELD -36.073303 13.011169 -41.575623

1495825313761 GRAVITY 8.647274 -2.0385652 4.152022

1495825313762 LINEAR_ACCELERATION 0.695251 5.9751444 3.9040596

1495825313762 ROTATION_VECTOR 0.03288894 -0.53593296 0.24350566

1495825313965 LINEAR_ACCELERATION -0.30066872 1.7131499 -3.015329

1495825313968 ROTATION_VECTOR 0.25435746 -0.62304157 0.2247481

1495825313972 GRAVITY 9.732653 0.76922715 0.9242083

1495825313974 ACCELEROMETER 7.915512 2.4419098 -1.766037

1495825313976 GYROSCOPE 1.36232 -1.4956207 -0.06452942

1495825313978 MAGNETIC_FIELD -44.841003 -12.301636 -29.496765

1495825314166 GRAVITY 9.441557 2.3407505 -1.244295

1495825314171 LINEAR_ACCELERATION 1.8492575 1.2703874 -2.2499359

1495825314173 ROTATION_VECTOR 0.2562577 -0.7055306 0.06949639

1495825314175 ACCELEROMETER 9.868393 3.1861267 -3.1764526

1495825314177 GYROSCOPE -1.297287 -0.6293793 -1.5075531

1495825314179 MAGNETIC_FIELD -48.913574 -20.54596 -13.0859375

1495825314367 GRAVITY 8.807869 4.0343385 -1.5218232

1495825314372 LINEAR_ACCELERATION -0.10042477 1.6478121 -1.0679655

1495825314374 ROTATION_VECTOR 0.31035092 -0.69373894 -0.0057595745

1495825314376 ACCELEROMETER 7.6202393 4.9651184 -2.5249481

1495825314378 GYROSCOPE 0.35829163 -0.02696228 -0.12220764

1495825314380 MAGNETIC_FIELD -46.073914 -25.120544 -12.084961

1495825314562 ACCELEROMETER 7.3119507 5.359543 -3.3099365

1495825314562 GYROSCOPE -0.1832428 -0.25660706 -0.029281616

1495825314563 MAGNETIC_FIELD -46.562195 -26.864624 -8.695984

1495825314563 GRAVITY 8.637155 4.220157 -1.9391283

1495825314563 LINEAR_ACCELERATION -0.08688736 1.7183602 -1.7388853

1495825314564 ROTATION_VECTOR 0.4084989 -0.65726453 0.06423657

