1492573666896 MAGNETIC_FIELD -18.22052 -0.37384033 -42.300415

1492573667001 ACCELEROMETER 0.30319214 3.7296143 9.076492

1492573667026 GYROSCOPE -0.21008301 0.053009033 -0.23257446

1492573667091 MAGNETIC_FIELD -16.775513 0.38452148 -43.792725

1492573667099 GRAVITY 0.4245169 3.6874568 9.07705

1492573667100 LINEAR_ACCELERATION -0.14444709 -0.09742546 -0.18048668

1492573667102 ROTATION_VECTOR 0.1658357 -0.098477304 -0.40122074

1492573667196 ACCELEROMETER 0.026229858 3.276474 8.812927

1492573667221 GYROSCOPE -0.28153992 0.031555176 -0.18861389

1492573667299 GRAVITY 0.03316515 3.4430847 9.182291

1492573667300 LINEAR_ACCELERATION 0.37478918 0.3496952 -0.3243332

1492573667302 ROTATION_VECTOR 0.16326845 -0.07195068 -0.3881055

1492573667328 MAGNETIC_FIELD -17.610168 0.9475708 -44.25354

1492573667488 ACCELEROMETER 0.9856415 1.9385681 8.469315

1492573667496 GYROSCOPE -0.50883484 -0.31755066 -0.28985596

1492573667497 MAGNETIC_FIELD -21.850586 4.1900635 -42.63611

1492573667500 GRAVITY 0.9542766 2.1321084 9.524383

1492573667500 LINEAR_ACCELERATION 0.5152444 -0.6448622 -0.2523756

1492573667502 ROTATION_VECTOR 0.07617675 -0.09267557 -0.44248983

1492573667683 ACCELEROMETER 2.0177307 1.2940369 11.296921

1492573667684 GYROSCOPE -0.27720642 -0.68792725 -0.5317383

1492573667685 MAGNETIC_FIELD -25.98877 3.9596558 -40.45868

1492573667699 GRAVITY 1.702445 1.3468293 9.563374

1492573667700 LINEAR_ACCELERATION 0.8973452 -0.09804678 5.8651733

1492573667702 ROTATION_VECTOR 0.01250507 -0.110667355 -0.5251676

1492573667878 ACCELEROMETER 1.1433258 2.6511078 8.4626465

1492573667879 GYROSCOPE -0.1887207 0.3136444 -0.6368408

1492573667880 MAGNETIC_FIELD -24.008179 0.8773804 -42.486572

1492573667899 GRAVITY 0.52477056 1.5501751 9.669124

1492573667900 LINEAR_ACCELERATION -0.64447725 0.5994786 -3.363758

1492573667902 ROTATION_VECTOR 0.051418662 -0.06609085 -0.54876417

1492573668074 ACCELEROMETER -0.7321167 2.344101 9.596329

1492573668075 GYROSCOPE 0.7484436 0.48794556 0.6027832

1492573668075 MAGNETIC_FIELD -19.541931 -1.7944336 -44.802856

1492573668099 GRAVITY -0.109313816 2.9444907 9.353524

1492573668100 LINEAR_ACCELERATION -1.2241864 -0.330055 2.7564068

1492573668102 ROTATION_VECTOR 0.13327934 -0.0730727 -0.5069917

1492573668269 ACCELEROMETER 0.60757446 1.8044891 9.284348

1492573668270 GYROSCOPE -0.53530884 0.34544373 0.11767578

1492573668271 MAGNETIC_FIELD -17.274475 2.4353027 -47.16797

1492573668299 GRAVITY -0.5068542 1.5052809 9.67717

1492573668300 LINEAR_ACCELERATION 1.1663373 -0.7340541 -2.0551605

1492573668302 ROTATION_VECTOR 0.07958078 -0.0163878 -0.5020383

1492573668465 ACCELEROMETER 1.6383209 0.0231781 8.881882

1492573668465 GYROSCOPE -0.23928833 -0.3848114 -0.22827148

1492573668499 GRAVITY 0.25845242 0.56290424 9.787069

1492573668500 LINEAR_ACCELERATION 1.0553801 -1.4445019 2.0082827

1492573668502 ROTATION_VECTOR 0.016832508 -0.026739573 -0.54652864

1492573668550 MAGNETIC_FIELD -19.902039 3.1723022 -47.021484

1492573668660 ACCELEROMETER 1.4871674 2.446701 10.749939

1492573668661 GYROSCOPE -0.09062195 -0.39317322 -0.96673584

1492573668699 GRAVITY 0.68597233 1.1134442 9.719057

1492573668700 LINEAR_ACCELERATION 0.88944846 2.2689471 -1.7397499

1492573668702 ROTATION_VECTOR 0.023365756 -0.06261025 -0.6128884

1492573668745 MAGNETIC_FIELD -23.051453 -2.420044 -44.99359

1492573668856 ACCELEROMETER -1.57547 2.417511 7.1417694

1492573668856 GYROSCOPE 0.6455841 0.17100525 -0.14663696

1492573668899 GRAVITY 0.060828354 2.7313836 9.418398

1492573668900 LINEAR_ACCELERATION -2.5308914 -0.557739 -3.8824186

1492573668902 ROTATION_VECTOR 0.10954819 -0.08828658 -0.6039404

1492573668941 MAGNETIC_FIELD -21.794128 -8.352661 -45.388794

1492573669051 ACCELEROMETER -1.3419037 3.3874664 12.888412

1492573669052 GYROSCOPE 0.6507263 0.9068146 1.0611725

1492573669099 GRAVITY -0.9173931 3.5635998 9.090079

1492573669100 LINEAR_ACCELERATION -1.2861544 0.04384947 6.3448725

1492573669102 ROTATION_VECTOR 0.18198645 -0.05844567 -0.5236466

1492573669136 MAGNETIC_FIELD -15.79895 -10.560608 -46.27533

1492573669247 ACCELEROMETER 1.1561127 0.419281 6.837387

1492573669247 GYROSCOPE -0.71635437 -0.009414673 0.31246948

1492573669299 GRAVITY -0.581137 2.2511277 9.527072

1492573669300 LINEAR_ACCELERATION 1.6707263 -2.2206511 -3.7659159

1492573669302 ROTATION_VECTOR 0.11476056 -0.03293261 -0.50371194

1492573669336 MAGNETIC_FIELD -15.672302 -4.194641 -47.59369

1492573669451 ACCELEROMETER 0.5389252 2.0600433 12.054367

1492573669454 GYROSCOPE -0.087753296 -0.18431091 -0.80818176

1492573669505 GRAVITY -0.42242652 2.0129733 9.588529

1492573669506 LINEAR_ACCELERATION 2.1234198 1.9158132 0.9929743

1492573669506 ROTATION_VECTOR 0.09717721 -0.040959634 -0.5662022

1492573669534 MAGNETIC_FIELD -16.981506 -4.6401978 -46.775818

1492573669644 ACCELEROMETER -1.1862335 3.8663483 7.611603

1492573669644 GYROSCOPE 0.2761383 -0.3134308 -0.4703827

1492573669704 GRAVITY -0.11689981 2.6594715 9.438429

1492573669705 LINEAR_ACCELERATION -0.7381508 1.5563264 -1.6979237

1492573669706 ROTATION_VECTOR 0.11280514 -0.07777581 -0.5975463

1492573669729 MAGNETIC_FIELD -18.353271 -9.214783 -44.895935

1492573669839 ACCELEROMETER -1.5088959 5.0331573 9.738892

1492573669840 GYROSCOPE 1.0063171 0.1914978 0.3663025

1492573669904 GRAVITY -0.2389407 4.540469 8.688926

1492573669905 LINEAR_ACCELERATION -1.8049238 -0.018396854 3.9833622

1492573669905 ROTATION_VECTOR 0.20000707 -0.13032746 -0.57217836

1492573669924 MAGNETIC_FIELD -16.740417 -17.63916 -43.16101

1492573670034 ACCELEROMETER 0.33287048 2.0259705 8.036423

1492573670035 GYROSCOPE -0.29592896 0.34620667 0.59246826

1492573670098 MAGNETIC_FIELD -16.548157 -12.150574 -44.866943

1492573670100 GRAVITY -0.27173552 4.1338835 8.888619

1492573670101 LINEAR_ACCELERATION 2.088673 -1.3569894 -4.566085

1492573670102 ROTATION_VECTOR 0.1899018 -0.10365254 -0.52295697

1492573670229 ACCELEROMETER 0.7615509 1.5627441 8.854477

1492573670230 GYROSCOPE -0.4317627 -0.16897583 -0.4003601

1492573670304 GRAVITY -0.2059471 3.0521245 9.317324

1492573670305 LINEAR_ACCELERATION 0.7604152 -2.1780446 -0.14351082

1492573670306 ROTATION_VECTOR 0.1365615 -0.07937059 -0.5525412

1492573670314 MAGNETIC_FIELD -16.397095 -8.267212 -46.10901

1492573670425 ACCELEROMETER -0.4035492 3.266922 10.986084

1492573670426 GYROSCOPE -0.4623108 -0.09425354 -0.852829

1492573670507 GRAVITY -0.42805853 2.0855417 9.572757

1492573670512 LINEAR_ACCELERATION -3.0165129 -1.8218658 9.201658

1492573670515 ROTATION_VECTOR 0.09608006 -0.051902547 -0.6386359

1492573670517 MAGNETIC_FIELD -16.26587 -7.58667 -46.39435

1492573670705 GRAVITY -1.0205265 2.6974652 9.372972

1492573670710 LINEAR_ACCELERATION -0.9303591 0.658515 -3.88871

1492573670712 ACCELEROMETER -2.1151123 2.9641266 7.9695587

1492573670714 GYROSCOPE 0.5805359 0.37402344 0.11759949

1492573670716 ROTATION_VECTOR 0.14028345 -0.04931544 -0.6368532

1492573670719 MAGNETIC_FIELD -13.150024 -12.991333 -46.217346

1492573670907 ACCELEROMETER -2.2307281 3.3174286 12.640518

1492573670913 GYROSCOPE 0.23956299 0.34069824 0.45835876

1492573670915 MAGNETIC_FIELD -9.829712 -13.511658 -46.85974

1492573670918 GRAVITY -1.5019683 3.6935165 8.959487

1492573670920 LINEAR_ACCELERATION -0.12933993 2.3276532 -1.0968685

1492573670923 ROTATION_VECTOR 0.20045714 -0.054865446 -0.5946044

1492573671105 GRAVITY -0.97204787 2.9736671 9.294235

1492573671111 LINEAR_ACCELERATION 1.8307123 -1.4644933 -4.684842

1492573671114 ACCELEROMETER 1.0337372 1.3509369 4.8749847

1492573671116 GYROSCOPE -0.73480225 -0.33769226 0.18440247

1492573671118 MAGNETIC_FIELD -14.613342 -7.559204 -46.8338

1492573671121 ROTATION_VECTOR 0.15479946 -0.046508096 -0.5635516

1492573671296 ACCELEROMETER 1.3668976 2.0888214 13.149918

1492573671305 GYROSCOPE -0.6057739 -0.99671936 -0.73316956

1492573671307 GRAVITY 0.8379932 1.5394868 9.648737

1492573671310 LINEAR_ACCELERATION -0.15606666 -0.4878571 2.4985428

1492573671329 ROTATION_VECTOR 0.03530532 -0.08249146 -0.6168529

1492573671404 MAGNETIC_FIELD -23.6557 -5.189514 -44.950867

1492573671491 ACCELEROMETER 0.942688 3.212967 9.248306

1492573671493 GYROSCOPE 0.37062073 0.07522583 -0.6153717

1492573671504 GRAVITY 0.76326907 1.7614874 9.616911

1492573671506 LINEAR_ACCELERATION 1.1015667 1.8688643 0.9464407

1492573671508 ROTATION_VECTOR 0.039642032 -0.09001407 -0.676196

1492573671605 MAGNETIC_FIELD -21.24176 -9.979248 -44.737244

1492573671693 ACCELEROMETER -1.1196136 3.0749664 7.2584534

1492573671699 GYROSCOPE 1.1160736 0.44317627 0.40324402

1492573671705 GRAVITY 0.0031268029 3.630079 9.1100445

1492573671707 LINEAR_ACCELERATION -0.7591924 -1.3701932 -4.6514053

1492573671710 ROTATION_VECTOR 0.13832216 -0.12799999 -0.66639906

1492573671802 MAGNETIC_FIELD -18.400574 -18.341064 -43.502808

1492573671876 ACCELEROMETER 0.5057678 3.6685333 9.135788

1492573671879 GYROSCOPE -0.33895874 0.47879028 0.6660309

1492573671901 GRAVITY -0.39827564 4.0640006 8.916034

1492573671907 LINEAR_ACCELERATION 0.61192703 1.3866949 3.8970642

1492573671919 ROTATION_VECTOR 0.17872556 -0.11604294 -0.60944396

1492573671986 MAGNETIC_FIELD -16.020203 -13.595581 -46.398926

1492573672073 ACCELEROMETER 1.9286804 1.4331665 7.411026

1492573672076 GYROSCOPE -0.7785492 -0.42126465 0.15830994

1492573672104 GRAVITY 0.20671695 2.6222222 9.447307

1492573672110 LINEAR_ACCELERATION 1.6690046 -1.5732977 -3.2024498

1492573672115 ROTATION_VECTOR 0.10460629 -0.085900724 -0.56666386

1492573672193 MAGNETIC_FIELD -20.184326 -5.6869507 -45.98236

1492573672276 ACCELEROMETER 2.2377472 2.3177032 13.5522

1492573672285 GYROSCOPE -0.0914917 -0.34779358 -1.1163025

1492573672310 GRAVITY 1.2107613 2.1070068 9.500788

1492573672317 LINEAR_ACCELERATION 0.5104536 0.16240263 3.362605

1492573672319 ROTATION_VECTOR 0.04500817 -0.11648566 -0.62427384

1492573672386 MAGNETIC_FIELD -22.261047 -9.414673 -42.97638

1492573672474 ACCELEROMETER 0.062316895 2.8644104 6.70874

1492573672480 GYROSCOPE 0.45082092 0.085510254 -1.2641144

1492573672500 GRAVITY 0.50289667 2.788197 9.3884735

1492573672502 LINEAR_ACCELERATION 1.0465491 0.42907953 -1.8309164

1492573672503 ROTATION_VECTOR 0.07911637 -0.12272597 -0.7231322

1492573672572 MAGNETIC_FIELD -18.081665 -18.022156 -43.59131

1492573672662 ACCELEROMETER 0.1849823 3.146881 9.458908

1492573672664 GYROSCOPE 0.4348755 -0.1464386 -0.91604614

1492573672706 GRAVITY -0.15142444 3.9516618 8.973953

1492573672712 LINEAR_ACCELERATION -0.6201153 -1.2626863 -2.919035

1492573672715 ROTATION_VECTOR 0.13102916 -0.15901922 -0.77847147

1492573672776 MAGNETIC_FIELD -16.696167 -24.02649 -40.415955

1492573672865 ACCELEROMETER -0.11114502 2.6070557 9.513321

1492573672871 GYROSCOPE 0.32676697 -0.7436371 -0.98005676

1492573672913 GRAVITY -0.44021222 4.2079797 8.847006

1492573672919 LINEAR_ACCELERATION -0.39759585 -1.5599637 7.258853

1492573672921 ROTATION_VECTOR 0.12856741 -0.17999631 -0.84824926

1492573672974 MAGNETIC_FIELD -16.673279 -30.725098 -38.008118

1492573673061 ACCELEROMETER 1.029419 0.8775635 5.7882996

1492573673067 GYROSCOPE -0.2831421 -0.8583069 -2.2280426

1492573673113 GRAVITY 0.31882423 4.140467 8.883989

1492573673119 LINEAR_ACCELERATION 0.9971924 -2.5779848 -4.3650036

1492573673122 ROTATION_VECTOR 0.057679705 -0.20908289 -0.91833454

1492573673167 MAGNETIC_FIELD -7.86438 -32.437134 -36.083984

1492573673255 ACCELEROMETER 0.7333374 3.9369354 14.410965

1492573673261 GYROSCOPE -0.16732788 -1.0049896 -2.5346985

1492573673313 GRAVITY -0.6261174 3.0683331 9.293207

1492573673319 LINEAR_ACCELERATION 1.0501027 -1.3913972 0.31952763

1492573673322 ROTATION_VECTOR 0.037646767 -0.1573564 -0.9862691

1492573673365 MAGNETIC_FIELD 0.54016113 -33.598328 -36.364746

1492573673451 ACCELEROMETER -0.049224854 2.6827393 5.6079865

1492573673457 GYROSCOPE 0.7957001 -0.6622925 -1.7610626

1492573673535 GRAVITY -0.033408813 3.4908364 9.164242

1492573673535 LINEAR_ACCELERATION 2.26011 1.8867488 3.3772068

1492573673536 ROTATION_VECTOR 0.032674365 0.17800586 0.965582

1492573673550 MAGNETIC_FIELD 6.2530518 -37.30316 -32.362366

1492573673702 GRAVITY 0.24758062 4.6754403 8.616806

1492573673704 LINEAR_ACCELERATION -0.646536 -2.8871045 -6.623349

1492573673705 ROTATION_VECTOR 0.09549276 0.22703809 0.91200626

1492573673744 ACCELEROMETER -1.6595459 4.37973 8.722931

1492573673745 GYROSCOPE 0.40568542 -0.4645691 -1.1640778

1492573673747 MAGNETIC_FIELD 11.369324 -38.104248 -29.978943

1492573673910 GRAVITY -0.36360943 4.8793 8.498859

1492573673914 LINEAR_ACCELERATION -2.3024955 1.2231083 3.2847729

1492573673917 ROTATION_VECTOR 0.09449547 0.24031103 0.870315

1492573673947 ACCELEROMETER -1.449295 3.7666779 7.4870605

1492573673951 GYROSCOPE -0.65922546 -0.43067932 -0.7679138

1492573673953 MAGNETIC_FIELD 13.191223 -32.26776 -35.838318

1492573674107 GRAVITY -0.16378191 3.2471967 9.251987

1492573674114 LINEAR_ACCELERATION -0.39230555 -1.0286679 -4.0362816

1492573674116 ROTATION_VECTOR 0.07517641 0.15042748 0.8584591

1492573674143 ACCELEROMETER 0.7085571 2.7467651 9.3389435

1492573674148 GYROSCOPE -0.34539795 -0.4136505 -0.8816986

1492573674151 MAGNETIC_FIELD 14.866638 -26.573181 -38.987732

1492573674305 GRAVITY 0.12914836 3.1872778 9.273347

1492573674311 LINEAR_ACCELERATION 0.88364166 0.51052594 1.7284327

1492573674314 ROTATION_VECTOR 0.10302582 0.12875001 0.7944221

1492573674335 ACCELEROMETER 0.20973206 3.689087 11.102798

1492573674339 GYROSCOPE 0.19586182 -0.48783875 -1.0688171

1492573674341 MAGNETIC_FIELD 15.077209 -24.249268 -40.457153

1492573674526 GRAVITY 0.15625831 3.575457 9.130283

1492573674531 LINEAR_ACCELERATION 1.0520328 1.0220773 -1.6926517

1492573674533 ROTATION_VECTOR 0.12885575 0.13372098 0.7366543

1492573674549 ACCELEROMETER -0.7070465 3.196106 6.2520905

1492573674552 GYROSCOPE 0.21318054 -0.10702515 -0.5369415

1492573674554 MAGNETIC_FIELD 16.26587 -25.569153 -38.378906

1492573674706 GRAVITY -0.09879261 4.337178 8.794857

1492573674706 LINEAR_ACCELERATION -1.1463166 -1.0813322 -2.0959616

1492573674707 ROTATION_VECTOR 0.14967367 0.17083582 0.717695

1492573674727 ACCELEROMETER -1.0527496 4.708557 11.602478

1492573674727 GYROSCOPE 0.48492432 0.31137085 0.23516846

1492573674728 MAGNETIC_FIELD 18.266296 -28.167725 -36.643982

1492573674905 GRAVITY -0.5205852 4.505055 8.695047

1492573674906 LINEAR_ACCELERATION -0.07768583 0.37438726 3.9170961

1492573674906 ROTATION_VECTOR 0.12860423 0.20034194 0.7517095

1492573674923 ACCELEROMETER 0.57514954 1.5959015 6.1756134

1492573674923 GYROSCOPE -0.80885315 0.28477478 0.3075409

1492573674924 MAGNETIC_FIELD 16.56189 -22.468567 -38.659668

1492573675107 GRAVITY -0.35732135 3.0378394 9.317416

1492573675108 LINEAR_ACCELERATION 1.0506066 -2.219405 -3.8378859

1492573675108 ROTATION_VECTOR 0.08091971 0.13563186 0.7830881

1492573675109 ACCELEROMETER 1.2328491 3.1672058 10.63855

1492573675109 GYROSCOPE -0.36479187 -0.8058319 -0.7052765

1492573675203 MAGNETIC_FIELD 12.437439 -18.901062 -42.730713

1492573675306 GRAVITY 0.5040077 2.994201 9.324759

1492573675306 LINEAR_ACCELERATION 1.9723016 3.897485 -0.45149517

1492573675307 ROTATION_VECTOR 0.12345253 0.09658728 0.729257

1492573675307 ACCELEROMETER -0.16506958 2.7034454 9.503998

1492573675308 GYROSCOPE 0.5206299 -0.019744873 -0.51060486

1492573675405 MAGNETIC_FIELD 15.977478 -21.183777 -41.152954

1492573675513 GRAVITY 0.3591724 3.9126966 8.985109

1492573675519 LINEAR_ACCELERATION 0.16047746 0.037969112 -2.9259462

1492573675522 ACCELEROMETER -2.2006683 3.7378387 8.348312

1492573675525 GYROSCOPE 0.8615265 0.20022583 0.42773438

1492573675527 ROTATION_VECTOR 0.1878724 0.1867514 0.7340054

1492573675597 MAGNETIC_FIELD 15.70282 -29.603577 -36.621094

1492573675712 ACCELEROMETER -0.57276917 3.8728485 8.285324

1492573675719 GYROSCOPE -0.22462463 0.8118744 0.90289307

1492573675721 GRAVITY -0.18544254 4.3982043 8.763093

1492573675724 LINEAR_ACCELERATION -0.70855594 -2.180478 0.11306286

1492573675726 ROTATION_VECTOR 0.11685752 0.19887416 0.81741446

1492573675795 MAGNETIC_FIELD 17.536926 -29.858398 -35.38971

1492573675906 ACCELEROMETER 1.0473785 1.8399048 7.75856

1492573675912 GYROSCOPE -0.6773529 -0.1109314 0.13482666

1492573675915 GRAVITY 0.30330688 3.2833095 9.235706

1492573675918 LINEAR_ACCELERATION 0.631747 -1.3071916 -0.20580292

1492573675922 ROTATION_VECTOR 0.103886746 0.13534245 0.8334983

1492573675987 MAGNETIC_FIELD 14.979553 -25.984192 -38.235474

1492573676104 ACCELEROMETER -0.19447327 3.6869202 12.457306

1492573676110 GYROSCOPE -0.18182373 -0.35629272 -0.73709106

1492573676113 GRAVITY 0.4270614 2.9844077 9.331737

1492573676116 LINEAR_ACCELERATION -3.2481222 -0.9862695 6.7300644

1492573676118 ROTATION_VECTOR 0.10793095 0.112092555 0.80145824

1492573676177 MAGNETIC_FIELD 13.491821 -22.831726 -40.093994

1492573676296 ACCELEROMETER -1.7118835 3.7893372 6.5689545

1492573676305 GYROSCOPE 0.21676636 0.13461304 -0.25842285

1492573676308 GRAVITY -0.05095309 3.4407017 9.183102

1492573676311 LINEAR_ACCELERATION -2.0750983 0.1082418 -3.262722

1492573676313 ROTATION_VECTOR 0.105967365 0.14339814 0.7826033

1492573676368 MAGNETIC_FIELD 16.682434 -24.343872 -38.90381

1492573676483 ACCELEROMETER -2.0829468 5.097519 11.169769

1492573676484 GYROSCOPE 0.7256012 0.6802521 0.8925476

1492573676505 GRAVITY -0.5445077 4.843758 8.509519

1492573676506 LINEAR_ACCELERATION -2.805491 1.5997481 0.921319

1492573676506 ROTATION_VECTOR 0.10263503 0.23579939 0.83743984

1492573676564 MAGNETIC_FIELD 17.314148 -33.15735 -32.540894

1492573676676 ACCELEROMETER 0.62034607 1.3945007 5.1918488

1492573676680 GYROSCOPE -0.7941437 0.38565063 0.6379547

1492573676704 GRAVITY -0.59900177 3.7054143 9.059883

1492573676707 LINEAR_ACCELERATION 1.8453226 -2.20013 -5.96883

1492573676710 ROTATION_VECTOR 0.0521083 0.18804051 0.89124894

1492573676761 MAGNETIC_FIELD 16.38794 -29.812622 -35.536194

1492573676877 ACCELEROMETER 1.2904968 3.4306335 10.697128

1492573676883 GYROSCOPE -0.59191895 -0.40893555 -0.5948639

1492573676909 GRAVITY -0.03856999 2.6513884 9.441347

1492573676916 LINEAR_ACCELERATION 0.30720818 -0.643543 2.3317595

1492573676927 ROTATION_VECTOR 0.059981693 0.12258653 0.8834068

1492573676960 MAGNETIC_FIELD 14.718628 -24.076843 -39.894104

1492573677071 ACCELEROMETER -0.70770264 3.9532318 9.922897

1492573677075 GYROSCOPE 0.2195282 -0.1232605 -0.21324158

1492573677106 GRAVITY 0.023596225 2.6437576 9.443536

1492573677110 LINEAR_ACCELERATION 0.8868981 2.728286 0.46244907

1492573677113 ROTATION_VECTOR 0.06738929 0.11820467 0.86500293

1492573677158 MAGNETIC_FIELD 16.223145 -24.819946 -39.256287

1492573677307 GRAVITY 0.21485941 4.2013884 8.858474

1492573677313 LINEAR_ACCELERATION -1.7045572 -0.9832554 -2.655798

1492573677316 ROTATION_VECTOR 0.106847204 0.19216454 0.87569684

1492573677354 ACCELEROMETER -0.8491516 3.4160004 8.304321

1492573677360 GYROSCOPE 1.0134125 0.09729004 0.63623047

1492573677363 MAGNETIC_FIELD 15.156555 -34.709167 -33.650208

1492573677509 GRAVITY -0.008216882 4.735887 8.587298

1492573677511 LINEAR_ACCELERATION -0.5623201 1.5690107 3.2209425

1492573677511 ROTATION_VECTOR 0.084579565 0.23455475 0.91042626

1492573677545 ACCELEROMETER 0.20227051 4.763275 9.676819

1492573677546 GYROSCOPE 0.01638794 0.5735016 0.7441864

1492573677546 MAGNETIC_FIELD 12.432861 -36.58142 -30.825806

1492573677705 GRAVITY 0.07856132 3.2472389 9.253089

1492573677706 LINEAR_ACCELERATION 1.3152913 -2.2865584 -3.0515642

1492573677707 ROTATION_VECTOR 0.057290744 0.1579289 0.93455553

1492573677741 ACCELEROMETER 1.1989136 1.3227539 6.984253

1492573677743 GYROSCOPE -0.8935852 -0.0357666 0.07543945

1492573677744 MAGNETIC_FIELD 12.141418 -30.13916 -37.065125

1492573677905 GRAVITY 0.71596277 2.6680498 9.409533

1492573677906 LINEAR_ACCELERATION 1.5334411 3.2859685 1.313695

1492573677907 ROTATION_VECTOR 0.08808775 0.11174941 0.909605

1492573677937 ACCELEROMETER 2.1215363 4.3390503 13.278915

1492573677938 GYROSCOPE -0.23898315 -0.4363861 -0.8149719

1492573678084 MAGNETIC_FIELD 14.761353 -26.64795 -39.39209

1492573678100 GRAVITY 0.4392646 3.1677015 9.27055

1492573678102 LINEAR_ACCELERATION -0.26701528 0.73367643 -1.4979534

1492573678104 ROTATION_VECTOR 0.098829255 0.13253781 0.8641157

1492573678126 ACCELEROMETER -0.34214783 3.4427948 6.252136

1492573678127 GYROSCOPE 0.34643555 -0.1015625 -0.6622467

1492573678242 MAGNETIC_FIELD 15.765381 -26.983643 -37.27722

1492573678306 GRAVITY 0.054565758 4.5221076 8.701606

1492573678306 LINEAR_ACCELERATION -1.992135 -1.1780229 2.4253206

1492573678307 ROTATION_VECTOR 0.11002781 0.21032223 0.8661226

1492573678326 ACCELEROMETER -1.2429047 5.3171997 11.119293

1492573678327 GYROSCOPE 0.6344147 0.3371277 0.3529358

1492573678437 MAGNETIC_FIELD 17.572021 -34.49402 -31.358337

1492573678513 GRAVITY -0.16205452 4.185437 8.867144

1492573678521 LINEAR_ACCELERATION -0.5719749 -0.73034954 -1.3733377

1492573678524 ROTATION_VECTOR 0.07477338 0.205695 0.9034598

1492573678527 ACCELEROMETER 0.86994934 2.5867462 5.4842377

1492573678529 GYROSCOPE -0.6702881 0.38813782 0.545105

1492573678637 MAGNETIC_FIELD 15.12146 -31.289673 -34.12018

1492573678707 GRAVITY 0.2251118 2.4039826 9.504766

1492573678731 LINEAR_ACCELERATION 0.53172433 -1.5393527 -0.7538967

1492573678733 ROTATION_VECTOR 0.057338532 0.1100186 0.91886413

1492573678736 ACCELEROMETER 1.1457062 2.0223846 9.762161

1492573678738 GYROSCOPE -0.6326294 -0.57276917 -0.33729553

1492573678830 MAGNETIC_FIELD 11.953735 -25.622559 -37.835693

1492573678906 GRAVITY 0.86511034 1.9606576 9.569629

1492573678907 LINEAR_ACCELERATION 2.39241 1.0260731 7.5864077

1492573678907 ROTATION_VECTOR 0.086786166 0.067475125 0.8749217

1492573678908 ACCELEROMETER 1.8834381 2.6835632 11.950424

1492573678909 GYROSCOPE -0.3252411 -0.1151886 -1.2623138

1492573679025 MAGNETIC_FIELD 17.266846 -18.269348 -38.294983

1492573679106 GRAVITY 0.48773023 1.4862074 9.6811

1492573679106 LINEAR_ACCELERATION -1.0656468 0.67660415 -2.1224747

1492573679107 ROTATION_VECTOR 0.06463052 0.047161207 0.8093456

1492573679107 ACCELEROMETER 0.37135315 2.1626282 7.2017517

1492573679108 GYROSCOPE -0.0342865 -0.42333984 -0.6623993

1492573679224 MAGNETIC_FIELD 14.390564 -17.475891 -39.35089

1492573679313 ACCELEROMETER 2.1739655 0.5383148 12.229736

1492573679335 GYROSCOPE 0.49525452 -0.5851288 -0.8552246

1492573679338 GRAVITY 1.9289001 2.686869 9.232035

1492573679340 LINEAR_ACCELERATION 0.8485267 -1.5569992 1.9059887

1492573679343 ROTATION_VECTOR 0.1645041 0.047282446 0.77330637

1492573679414 MAGNETIC_FIELD 12.416077 -19.308472 -37.634277

1492573679502 ACCELEROMETER 1.3904419 0.87171936 7.4273987

1492573679507 GYROSCOPE -0.15536499 0.20373535 -1.1149597

1492573679510 GRAVITY 1.3363736 2.7674785 9.312655

1492573679512 LINEAR_ACCELERATION -0.8033587 -2.217467 2.0312605

1492573679514 ROTATION_VECTOR 0.14727658 0.059129678 0.72967744

1492573679605 MAGNETIC_FIELD 17.642212 -12.503052 -35.96039

1492573679692 ACCELEROMETER 2.200821 0.8777771 7.2489166

1492573679695 GYROSCOPE -0.1945343 -0.78240967 -2.3648987

1492573679704 GRAVITY 0.91270494 2.9541302 9.306475

1492573679707 LINEAR_ACCELERATION 0.24499625 -2.8773735 -4.7275934

1492573679711 ROTATION_VECTOR 0.1477779 0.060527198 0.62714565

1492573679801 MAGNETIC_FIELD 13.580322 -2.7740479 -39.224243

1492573679896 ACCELEROMETER 2.0312653 2.2216492 13.442093

1492573679908 GYROSCOPE -0.44306946 -0.5165863 -2.092392

1492573679910 GRAVITY 0.9042992 1.8682048 9.58449

1492573679913 LINEAR_ACCELERATION 0.6436552 -0.36594224 3.0268526

1492573679915 ROTATION_VECTOR 0.10626781 -0.0058470243 0.38339147

1492573680024 MAGNETIC_FIELD 7.4020386 7.3165894 -40.579224

1492573680100 GRAVITY 0.5456696 2.1540554 9.551579

1492573680100 LINEAR_ACCELERATION 2.665667 1.9324081 -1.1179104

1492573680102 ROTATION_VECTOR 0.1140178 -0.0022154313 0.22520804

1492573680197 ACCELEROMETER 0.95069885 2.030838 6.2385406

1492573680198 GYROSCOPE 0.122421265 0.05189514 -1.5173187

1492573680198 MAGNETIC_FIELD 4.017639 8.496094 -42.401123

1492573680306 GRAVITY 0.6122566 2.7044709 9.406453

1492573680307 LINEAR_ACCELERATION -0.5718127 -1.2271938 -4.055519

1492573680307 ROTATION_VECTOR 0.14196312 -0.015837498 0.11016033

1492573680393 ACCELEROMETER 0.35144043 3.0755615 10.584061

1492573680393 GYROSCOPE 0.5480194 -0.84173584 -0.72914124

1492573680394 MAGNETIC_FIELD -5.076599 3.729248 -46.05713

1492573680506 GRAVITY 1.0284758 3.5296218 9.091446

1492573680506 LINEAR_ACCELERATION 0.24407673 1.1176357 3.3576183

1492573680507 ROTATION_VECTOR 0.18316215 -0.05400815 -0.0031466573

1492573680589 ACCELEROMETER 0.730423 2.2710571 7.6263275

1492573680589 GYROSCOPE -0.5888977 -0.23023987 -1.2046051

1492573680590 MAGNETIC_FIELD -9.690857 6.8084717 -44.078064

1492573680706 GRAVITY 1.1071271 2.2514732 9.48027

1492573680706 LINEAR_ACCELERATION -0.56615794 -1.4321363 -2.5074244

1492573680707 ROTATION_VECTOR 0.10793641 -0.07064327 -0.12118426

1492573680779 ACCELEROMETER 1.793457 1.2554779 10.216858

1492573680780 GYROSCOPE -0.3397827 -0.7856598 -1.1835632

1492573680780 MAGNETIC_FIELD -20.500183 7.322693 -43.24951

1492573680906 GRAVITY 1.9234366 2.2024217 9.360562

1492573680907 LINEAR_ACCELERATION 1.434015 0.5875521 0.16199493

1492573680907 ROTATION_VECTOR 0.07990447 -0.12790406 -0.2869555

1492573680988 ACCELEROMETER 0.4957428 2.4784546 11.820969

1492573680994 GYROSCOPE 0.025665283 -0.1694336 -1.5826569

1492573680997 MAGNETIC_FIELD -23.07434 0.97351074 -43.83087

1492573681113 GRAVITY 1.0472902 3.011348 9.273907

1492573681119 LINEAR_ACCELERATION -0.81458795 0.8280132 0.45212078

1492573681122 ROTATION_VECTOR 0.11811245 -0.11494253 -0.41752577

1492573681182 ACCELEROMETER -0.98635864 3.1868134 5.9040375

1492573681188 GYROSCOPE 0.1993866 0.35009766 -0.5436859

1492573681191 MAGNETIC_FIELD -20.071411 -3.6697388 -45.547485

1492573681312 GRAVITY 0.26823142 3.6003966 9.117871

1492573681318 LINEAR_ACCELERATION -1.2180245 -0.40105438 -3.5975618

1492573681321 ROTATION_VECTOR 0.1619182 -0.094342105 -0.430091

1492573681377 ACCELEROMETER -0.12347412 3.545929 11.426132

1492573681392 GYROSCOPE 0.46263123 0.22802734 0.45562744

1492573681395 MAGNETIC_FIELD -19.129944 -6.6955566 -45.108032

1492573681504 GRAVITY 0.20754385 4.026459 8.939515

1492573681507 LINEAR_ACCELERATION 0.35080594 0.34075928 3.194848

1492573681511 ROTATION_VECTOR 0.1884617 -0.09324026 -0.38784525

1492573681561 ACCELEROMETER 0.41656494 1.6645813 7.11792

1492573681564 GYROSCOPE -0.3748932 0.12477112 0.74858093

1492573681644 MAGNETIC_FIELD -20.16449 -0.53863525 -46.084595

1492573681705 GRAVITY 0.7993038 3.115721 9.264112

1492573681707 LINEAR_ACCELERATION 0.36581254 -1.8665154 -4.037261

1492573681713 ROTATION_VECTOR 0.13817886 -0.09256521 -0.32801506

1492573681764 ACCELEROMETER 2.7335205 2.404892 10.053223

1492573681773 GYROSCOPE -0.5257263 -0.82707214 -0.32624817

1492573681852 MAGNETIC_FIELD -25.628662 1.8661499 -43.63098

1492573681913 GRAVITY 1.9063 2.8212998 9.196558

1492573681919 LINEAR_ACCELERATION 1.221759 1.1870594 1.5132046

1492573681922 ROTATION_VECTOR 0.09612665 -0.14787062 -0.38345197

1492573681962 ACCELEROMETER 2.14711 3.1006622 10.640442

1492573681968 GYROSCOPE 0.638855 0.34042358 -0.72262573

1492573682045 MAGNETIC_FIELD -23.175049 -9.083557 -43.510437

1492573682113 GRAVITY 0.9510622 4.100722 8.857198

1492573682119 LINEAR_ACCELERATION 0.80340743 -0.06058407 -0.68877316

1492573682122 ROTATION_VECTOR 0.16974999 -0.13997696 -0.43452808

1492573682155 ACCELEROMETER -0.33024597 2.9952393 6.5499725

1492573682164 GYROSCOPE 0.34172058 0.36650085 -0.16459656

1492573682242 MAGNETIC_FIELD -21.296692 -12.750244 -44.873047

1492573682314 GRAVITY 0.2807792 4.7113094 8.596227

1492573682320 LINEAR_ACCELERATION -0.7913522 -2.0689611 -0.66978836

1492573682322 ROTATION_VECTOR 0.21419981 -0.1258287 -0.44007334

1492573682343 ACCELEROMETER -0.6108246 3.699646 12.847733

1492573682346 GYROSCOPE -0.20678711 0.1708374 0.22470093

1492573682436 MAGNETIC_FIELD -18.42041 -11.31897 -45.617676

1492573682500 GRAVITY 0.1146929 4.2538257 8.835281

1492573682500 LINEAR_ACCELERATION -1.1301296 -0.5762243 8.919541

1492573682503 ROTATION_VECTOR 0.19628741 -0.10486788 -0.43606198

1492573682542 ACCELEROMETER 0.9346466 1.4350891 6.469467

1492573682542 GYROSCOPE -0.85998535 0.14772034 -0.0013427734

1492573682618 MAGNETIC_FIELD -17.100525 -4.296875 -46.22345

1492573682701 GRAVITY -0.046928182 2.7183113 9.422259

1492573682702 LINEAR_ACCELERATION 0.85988295 -1.9607811 -2.382884

1492573682704 ROTATION_VECTOR 0.12668727 -0.05957196 -0.43674374

1492573682730 ACCELEROMETER 0.8501282 2.6951447 12.857712

1492573682731 GYROSCOPE 0.09597778 -0.52064514 -0.78378296

1492573682816 MAGNETIC_FIELD -20.516968 -7.7163696 -45.558167

1492573682905 GRAVITY 0.50954187 2.8734355 9.362378

1492573682910 LINEAR_ACCELERATION 1.2405617 0.9835439 4.805744

1492573682912 ROTATION_VECTOR 0.11259713 -0.0998672 -0.51677567

1492573682927 ACCELEROMETER -0.3648529 3.3327637 8.230835

1492573682933 GYROSCOPE 0.36694336 0.18513489 -0.5877991

1492573683018 MAGNETIC_FIELD -18.379211 -12.635803 -45.933533

1492573683102 GRAVITY -0.14012942 3.5896523 9.124973

1492573683106 LINEAR_ACCELERATION -0.6596297 -0.24708962 -0.5557833

1492573683109 ROTATION_VECTOR 0.15596119 -0.10213683 -0.5699045

1492573683122 ACCELEROMETER -1.5997009 3.312149 7.1531982

1492573683123 GYROSCOPE 0.73547363 -0.0025177002 0.6031647

1492573683213 MAGNETIC_FIELD -19.73877 -17.895508 -45.091248

1492573683305 GRAVITY 0.054210287 4.772153 8.56703

1492573683306 LINEAR_ACCELERATION -1.4224377 -1.7031441 -1.249155

1492573683306 ROTATION_VECTOR 0.20844069 -0.1405543 -0.53197503

1492573683321 ACCELEROMETER -0.32337952 4.568054 9.843735

1492573683322 GYROSCOPE -0.03414917 0.4940033 0.85414124

1492573683406 MAGNETIC_FIELD -16.27655 -15.87677 -45.355225

1492573683516 GRAVITY 0.12016657 4.82133 8.538777

1492573683522 LINEAR_ACCELERATION -1.6618057 -0.73947525 4.482703

1492573683525 ROTATION_VECTOR 0.21943414 -0.12842183 -0.46755126

1492573683527 ACCELEROMETER 1.5386505 2.3383942 6.860428

1492573683530 GYROSCOPE -0.6181183 -0.054138184 0.27474976

1492573683605 MAGNETIC_FIELD -17.196655 -7.0724487 -46.713257

1492573683713 GRAVITY 0.46204263 3.6093607 9.106559

1492573683720 LINEAR_ACCELERATION 0.9026761 -1.5877361 -2.101303

1492573683722 ROTATION_VECTOR 0.15855405 -0.10273912 -0.42503586

1492573683807 ACCELEROMETER 1.0122375 3.050644 14.070068

1492573683814 GYROSCOPE -0.22038269 -0.3393402 -0.83218384

1492573683816 MAGNETIC_FIELD -19.055176 -7.9574585 -45.472717

1492573683913 GRAVITY 0.76686716 3.1112716 9.268349

1492573683919 LINEAR_ACCELERATION 0.5670191 2.007603 1.5732603

1492573683921 ROTATION_VECTOR 0.1517606 -0.117902376 -0.53719515

1492573684002 ACCELEROMETER 0.15911865 3.6383362 7.2463684

1492573684008 GYROSCOPE 0.21020508 0.1492157 -0.5223541

1492573684011 MAGNETIC_FIELD -16.964722 -12.0147705 -45.596313

1492573684115 ROTATION_VECTOR 0.198362 -0.11266867 -0.51682234

1492573684121 GRAVITY -0.18732059 4.3523035 8.78594

1492573684124 LINEAR_ACCELERATION -0.6447332 -0.58019495 -2.9446554

1492573684196 ACCELEROMETER -1.2914734 4.2501526 8.975906

1492573684204 GYROSCOPE 0.34127808 0.21827698 0.33862305

1492573684207 MAGNETIC_FIELD -15.890503 -14.530945 -44.94171

1492573684312 GRAVITY -0.06256024 4.553934 8.684938

1492573684336 LINEAR_ACCELERATION 0.10197005 -0.8397546 3.9170866

1492573684339 ROTATION_VECTOR 0.20784062 -0.11829477 -0.4918458

1492573684385 ACCELEROMETER 0.3910675 3.4058685 8.933655

1492573684390 GYROSCOPE 7.6293945E-4 0.13484192 0.33891296

1492573684494 MAGNETIC_FIELD -14.891052 -13.8168335 -46.90399

1492573684504 GRAVITY 0.2426944 3.951775 8.971898

1492573684508 LINEAR_ACCELERATION 0.87106127 -1.6792302 -1.7516279

1492573684511 ROTATION_VECTOR 0.1720168 -0.11388906 -0.48914713

1492573684584 ACCELEROMETER 0.9629822 2.2819214 7.5946045

1492573684596 GYROSCOPE -0.2499237 -0.17492676 -0.14689636

1492573684694 MAGNETIC_FIELD -17.166138 -10.058594 -45.596313

1492573684706 GRAVITY -0.18100043 3.321343 9.225307

1492573684709 LINEAR_ACCELERATION 2.8431962 3.0015924 0.08134365

1492573684711 ROTATION_VECTOR 0.14663795 -0.090208195 -0.56103593

1492573684784 ACCELEROMETER 0.9637451 4.0410614 11.898346

1492573684792 GYROSCOPE -0.29711914 0.09767151 -1.0131989

1492573684892 MAGNETIC_FIELD -13.592529 -11.058044 -46.514893

1492573684910 GRAVITY -1.2108243 3.4504063 9.099395

1492573684916 LINEAR_ACCELERATION -0.07043278 0.706558 -1.4591894

1492573684919 ROTATION_VECTOR 0.1798417 -0.060966745 -0.6053214

1492573684975 ACCELEROMETER -1.8550262 3.2805176 6.4103394

1492573684983 GYROSCOPE 0.19694519 0.27496338 -0.46614075

1492573685085 MAGNETIC_FIELD -10.884094 -14.733887 -46.79718

1492573685109 GRAVITY -1.348519 4.5135098 8.60117

1492573685113 LINEAR_ACCELERATION -1.2371144 -1.0835471 -0.34502983

1492573685116 ROTATION_VECTOR 0.23361252 -0.0829916 -0.5720658

1492573685175 ACCELEROMETER -2.2656708 4.736252 10.916809

1492573685181 GYROSCOPE 0.3922119 0.17071533 0.5380554

1492573685283 MAGNETIC_FIELD -9.724426 -17.536926 -45.552063

1492573685311 GRAVITY -1.392538 4.3564234 8.674837

1492573685318 LINEAR_ACCELERATION -0.87893677 -1.2526774 0.5443611

1492573685320 ROTATION_VECTOR 0.22943534 -0.07117462 -0.556244

1492573685366 ACCELEROMETER -0.7772064 2.3974152 6.7990417

1492573685375 GYROSCOPE -0.37098694 0.059692383 0.20021057

1492573685476 MAGNETIC_FIELD -10.218811 -13.789368 -46.66443

1492573685511 GRAVITY -0.96648526 3.5424466 9.09326

1492573685517 LINEAR_ACCELERATION 0.025323212 -2.3151517 -2.9626274

1492573685520 ROTATION_VECTOR 0.17937072 -0.06479932 -0.56477785

1492573685565 ACCELEROMETER -0.11994934 2.5220032 8.276657

1492573685571 GYROSCOPE -0.31636047 -0.40859985 -0.42836

1492573685664 MAGNETIC_FIELD -13.40332 -10.334778 -46.617126

1492573685702 GRAVITY -0.65000993 2.9640102 9.32537

1492573685706 LINEAR_ACCELERATION -0.083994865 0.43221545 6.0814238

1492573685708 ROTATION_VECTOR 0.13726261 -0.07548148 -0.6502443

1492573685746 ACCELEROMETER -0.92988586 2.9033356 12.619629

1492573685750 GYROSCOPE 0.06227112 -0.2704773 -0.9289398

1492573685860 MAGNETIC_FIELD -14.282227 -14.18457 -45.944214

1492573685904 GRAVITY -1.1079315 3.4036877 9.130049

1492573685909 LINEAR_ACCELERATION 0.014096618 -0.20469642 0.09458065

1492573685911 ROTATION_VECTOR 0.16433583 -0.08654951 -0.70449185

1492573685943 ACCELEROMETER -1.4304504 3.1312866 7.194153

1492573685946 GYROSCOPE 0.5283203 0.07447815 -0.46704102

1492573686065 MAGNETIC_FIELD -13.162231 -19.784546 -44.00177

1492573686114 GRAVITY -1.0284926 4.403063 8.702047

1492573686120 LINEAR_ACCELERATION -0.497967 -0.61844206 0.073830605

1492573686122 ROTATION_VECTOR 0.19492534 -0.13536315 -0.7210662

1492573686149 ACCELEROMETER -1.6121979 2.9681244 10.005203

1492573686179 GYROSCOPE 0.24124146 -0.2591095 -0.4477539

1492573686254 MAGNETIC_FIELD -14.152527 -23.683167 -43.32733

1492573686307 GRAVITY -1.3106598 4.0203104 8.848145

1492573686307 LINEAR_ACCELERATION -0.82889366 -2.4523695 2.0789423

1492573686308 ROTATION_VECTOR 0.18034479 -0.12785123 -0.7828565

1492573686339 ACCELEROMETER -0.9984894 2.1564636 8.026154

1492573686340 GYROSCOPE 0.0056610107 -0.32896423 -0.8126221

1492573686449 MAGNETIC_FIELD -10.929871 -26.298523 -42.944336

1492573686507 GRAVITY -1.0051011 3.9634113 8.913559

1492573686507 LINEAR_ACCELERATION 0.30301476 -1.987493 -1.450984

1492573686508 ROTATION_VECTOR 0.14354251 -0.15789406 -0.86225647

1492573686638 ACCELEROMETER -0.14260864 1.7315063 8.936676

1492573686639 GYROSCOPE 0.39292908 -1.1199799 -2.247467

1492573686640 MAGNETIC_FIELD -7.847595 -32.32727 -36.654663

1492573686701 GRAVITY -0.9501006 3.5062022 9.10902

1492573686702 LINEAR_ACCELERATION 0.22482216 -1.4580398 3.4569254

1492573686703 ROTATION_VECTOR 0.08122436 -0.17021118 -0.96607924

1492573686832 ACCELEROMETER 0.38204956 3.5378723 11.54747

1492573686833 GYROSCOPE -0.14796448 -1.019989 -2.248825

1492573686834 MAGNETIC_FIELD -0.75531006 -33.97827 -36.680603

1492573686906 GRAVITY -0.33042046 2.9844315 9.33565

1492573686912 LINEAR_ACCELERATION 0.8494309 1.3118927 0.020478249

1492573686914 ROTATION_VECTOR -0.0160374 0.15413332 0.98789847

1492573687034 ACCELEROMETER 0.0051727295 2.7990417 6.75029

1492573687044 GYROSCOPE 0.14331055 -0.5048065 -1.1971588

1492573687047 MAGNETIC_FIELD 2.3269653 -34.773254 -36.27472

1492573687105 GRAVITY -0.5719259 2.960063 9.3317375

1492573687109 LINEAR_ACCELERATION 0.105958104 -1.0389514 -2.215887

1492573687113 ROTATION_VECTOR -0.009697896 0.15530545 0.97967464

1492573687232 ACCELEROMETER -1.0505219 2.8353424 8.260895

1492573687239 GYROSCOPE 0.17828369 -0.22314453 -0.76908875

1492573687246 MAGNETIC_FIELD 4.3930054 -33.670044 -36.395264

1492573687308 GRAVITY -0.14037244 3.0769448 9.310375

1492573687312 LINEAR_ACCELERATION -0.8756571 2.012346 -1.8281155

1492573687314 ROTATION_VECTOR 0.024989571 0.15709387 0.96692705

1492573687423 ACCELEROMETER 0.124069214 3.215271 11.05336

1492573687427 GYROSCOPE -0.6817627 -1.3375244 -1.0272522

1492573687430 MAGNETIC_FIELD 0.59814453 -27.48108 -41.15753

1492573687508 GRAVITY 1.5751419 1.6054063 9.545259

1492573687513 LINEAR_ACCELERATION 0.28963923 0.72808015 1.7378798

1492573687516 ROTATION_VECTOR 0.10224489 0.05360204 0.9453421

1492573687623 ACCELEROMETER 1.2306824 1.5239105 6.0711975

1492573687630 GYROSCOPE -0.56629944 -0.13380432 -1.1986847

1492573687633 MAGNETIC_FIELD 5.038452 -24.229431 -43.525696

1492573687705 GRAVITY 1.146502 1.4653769 9.6285305

1492573687713 LINEAR_ACCELERATION 0.59802556 0.11985731 -4.9219885

1492573687716 ROTATION_VECTOR 0.085475326 0.04213746 0.8968381

1492573687814 ACCELEROMETER 2.9441376 1.708725 4.125244

1492573687820 GYROSCOPE -0.04975891 -0.27790833 -2.1363373

1492573687823 MAGNETIC_FIELD 7.066345 -16.719055 -45.585632

1492573687904 GRAVITY 2.2751312 1.8384713 9.360245

1492573687909 LINEAR_ACCELERATION 1.109225 0.41288388 -5.0365343

1492573687912 ROTATION_VECTOR 0.15083635 -0.0029532914 0.756584

1492573688011 ACCELEROMETER 5.147217 1.023529 6.0158997

1492573688014 GYROSCOPE 0.6625824 -4.654663 -2.1164246

1492573688096 MAGNETIC_FIELD -23.562622 -23.744202 -36.94153

1492573688106 GRAVITY 7.562685 3.743262 4.9964166

1492573688109 LINEAR_ACCELERATION 1.2081027 -3.2375543 5.7102904

1492573688119 ROTATION_VECTOR 0.44784215 -0.21140264 0.5395899

1492573688199 ACCELEROMETER 12.922653 2.8504639 8.575287

1492573688201 GYROSCOPE 0.436203 -0.55506897 -0.61227417

1492573688284 MAGNETIC_FIELD -27.012634 -33.213806 -27.360535

1492573688301 GRAVITY 7.7229733 5.0857153 3.2652059

1492573688302 LINEAR_ACCELERATION 9.99404 -2.0932937 8.940924

1492573688309 ROTATION_VECTOR 0.55407184 -0.16286571 0.52752775

1492573688395 ACCELEROMETER 12.645798 9.10379 3.9037628

1492573688396 GYROSCOPE 1.2133789 -1.7943726 -0.8529053

1492573688480 MAGNETIC_FIELD -26.745605 -41.059875 -11.096191

1492573688501 GRAVITY 7.1079154 6.7057996 -0.82473433

1492573688502 LINEAR_ACCELERATION 8.604226 4.903583 8.529536

1492573688504 ROTATION_VECTOR 0.7280101 -0.10977705 0.4174895

1492573688600 ACCELEROMETER 5.5784454 3.0563202 -1.8597412

1492573688604 GYROSCOPE 0.09173584 -0.302536 0.8666992

1492573688678 MAGNETIC_FIELD -33.1131 -35.081482 -15.391541

1492573688702 GRAVITY 8.2681 5.2563686 -0.42367053

1492573688707 LINEAR_ACCELERATION -2.1804533 -4.0123477 -6.223622

1492573688711 ROTATION_VECTOR 0.70073307 -0.17485522 0.47648826

1492573688788 ACCELEROMETER 4.67778 4.848419 4.8208923

1492573688792 GYROSCOPE 0.4162445 3.1811981 2.372818

1492573688872 MAGNETIC_FIELD -32.66449 -24.919128 -29.112244

1492573688902 GRAVITY 8.281233 1.7734418 4.9443374

1492573688906 LINEAR_ACCELERATION -3.783206 2.0670207 1.1049767

1492573688911 ROTATION_VECTOR 0.4748549 -0.14973904 0.754133

1492573688984 ACCELEROMETER 9.881241 -1.1389923 1.7255859

1492573688990 GYROSCOPE 0.18984985 2.2488098 1.0706177

1492573689071 MAGNETIC_FIELD -22.0932 -18.510437 -40.975952

1492573689105 GRAVITY 5.8397713 -0.048682977 7.87814

1492573689108 LINEAR_ACCELERATION 2.6021028 -1.4277899 -7.8286285

1492573689112 ROTATION_VECTOR 0.2862503 -0.12801334 0.87003344

1492573689183 ACCELEROMETER 9.865692 -1.5271759 6.678879

1492573689187 GYROSCOPE -1.5417328 2.6986542 1.1508789

1492573689264 MAGNETIC_FIELD -4.937744 -6.326294 -47.81494

1492573689305 GRAVITY 1.7195853 -3.434245 9.023269

1492573689310 LINEAR_ACCELERATION 17.985994 7.5986056 -8.12059

1492573689313 ROTATION_VECTOR -0.0042529656 -0.19980806 0.8665974

1492573689374 ACCELEROMETER 4.166504 -1.8053894 9.514038

1492573689377 GYROSCOPE 0.24607849 -0.51582336 0.49473572

1492573689461 MAGNETIC_FIELD -10.031128 -7.0526123 -47.268677

1492573689503 GRAVITY 2.3958015 -3.0597394 9.003805

1492573689507 LINEAR_ACCELERATION 3.084611 1.3181093 0.48222637

1492573689511 ROTATION_VECTOR 0.049656205 -0.19613245 0.8956661

1492573689572 ACCELEROMETER 4.4895477 -1.8284454 7.9963684

1492573689576 GYROSCOPE 0.45669556 -0.64328 0.388443

1492573689655 MAGNETIC_FIELD -17.10968 -11.077881 -45.414734

1492573689705 GRAVITY 3.5280445 -2.4825673 8.806824

1492573689711 LINEAR_ACCELERATION -0.9870529 0.6971159 -0.64382935

1492573689713 ROTATION_VECTOR 0.13475454 -0.18115784 0.92531735

1492573689767 ACCELEROMETER 4.4521637 -1.7961121 8.110184

1492573689772 GYROSCOPE 0.6103058 -0.58924866 -0.08544922

1492573689852 MAGNETIC_FIELD -21.073914 -16.532898 -41.656494

1492573689907 GRAVITY 4.0624194 -1.6306931 8.775418

1492573689918 LINEAR_ACCELERATION 0.6874778 -0.48978877 -0.13389874

1492573689918 ROTATION_VECTOR 0.17807846 -0.14445148 0.9299421

1492573689959 ACCELEROMETER 5.5657196 0.04220581 10.481323

1492573689960 GYROSCOPE 0.6244049 0.8357849 0.53234863

1492573690043 MAGNETIC_FIELD -12.628174 -19.824219 -43.47229

1492573690101 GRAVITY 2.9280312 -0.60436463 9.339794

1492573690101 LINEAR_ACCELERATION 5.522662 1.6244496 -0.16123867

1492573690104 ROTATION_VECTOR 0.14101684 -0.062588006 0.96545434

1492573690242 ACCELEROMETER 3.386551 0.0627594 9.043243

1492573690246 GYROSCOPE -0.02482605 0.11798096 -0.023529053

1492573690248 MAGNETIC_FIELD -11.064148 -19.073486 -44.40155

1492573690303 GRAVITY 2.747674 -0.6023026 9.3945675

1492573690307 LINEAR_ACCELERATION 0.76997066 0.6134172 -0.09722519

1492573690312 ROTATION_VECTOR 0.13162239 -0.060711566 0.9663657

1492573690438 ACCELEROMETER 3.1533508 -0.04296875 9.156403

1492573690442 GYROSCOPE -0.021209717 0.07998657 -0.0048217773

1492573690445 MAGNETIC_FIELD -10.554504 -19.665527 -44.078064

1492573690503 GRAVITY 2.5726209 -0.6120813 9.443377

1492573690507 LINEAR_ACCELERATION 0.6465993 0.57328385 -0.035456657

1492573690512 ROTATION_VECTOR 0.123078406 -0.058081776 0.9694761

1492573690658 ACCELEROMETER 3.0520782 -0.07171631 9.142456

1492573690666 GYROSCOPE -0.015136719 0.04637146 0.008987427

1492573690671 MAGNETIC_FIELD -9.011841 -19.181824 -45.932007

1492573690703 GRAVITY 2.6165113 -0.51790035 9.436951

1492573690711 LINEAR_ACCELERATION 0.47408962 0.43637037 -0.09041405

1492573690713 ROTATION_VECTOR 0.12648468 -0.053395346 0.96998215

1492573690830 ACCELEROMETER 2.9706268 -0.07695007 9.242142

1492573690833 GYROSCOPE -0.006866455 0.0050354004 0.011184692

1492573690906 GRAVITY 2.7283332 -0.40117776 9.410932

1492573690906 LINEAR_ACCELERATION 0.32212996 0.30475762 0.0070991516

1492573690907 ROTATION_VECTOR 0.13340954 -0.048763763 0.969247

1492573690935 MAGNETIC_FIELD -6.6192627 -13.327026 -38.42621

1492573691020 ACCELEROMETER 2.625885 -0.036193848 9.915283

1492573691020 GYROSCOPE 0.016296387 -0.0062713623 0.024719238

