1492573636462 MAGNETIC_FIELD 19.810486 -37.64038 30.74646

1492573636502 ACCELEROMETER -4.230606 6.0217285 -1.9894409

1492573636527 GYROSCOPE -0.8929901 4.179016 0.074401855

1492573636600 GRAVITY -5.8679852 6.9678035 -3.6313703

1492573636601 LINEAR_ACCELERATION 0.6380267 -0.7365866 0.84712124

1492573636603 ROTATION_VECTOR -0.51681656 0.6465671 0.56093264

1492573636657 MAGNETIC_FIELD -5.722046 -44.047546 27.05841

1492573636697 ACCELEROMETER 0.060028076 8.995422 -1.3927765

1492573636722 GYROSCOPE -0.86795044 2.522705 0.12605286

1492573636800 GRAVITY -1.2308961 9.153889 -3.2956939

1492573636801 LINEAR_ACCELERATION 1.9236567 1.5084357 0.50536394

1492573636803 ROTATION_VECTOR 0.36219853 -0.73269767 -0.5459223

1492573636898 MAGNETIC_FIELD -12.097168 -47.06421 16.326904

1492573636943 ACCELEROMETER 0.3795929 9.248505 -0.9063263

1492573636944 GYROSCOPE -1.3809967 1.1673584 -0.3705902

1492573637000 GRAVITY 0.17812265 9.748001 -1.0559962

1492573637001 LINEAR_ACCELERATION 1.2032675 1.3673878 0.66212654

1492573637003 ROTATION_VECTOR 0.35754785 -0.652687 -0.57985014

1492573637054 ACCELEROMETER -0.91000366 7.799423 1.348877

1492573637054 MAGNETIC_FIELD -13.546753 -49.6521 -4.8187256

1492573637139 GYROSCOPE -1.6345062 0.15859985 -0.20559692

1492573637201 GRAVITY -1.1769029 9.236817 3.076766

1492573637201 LINEAR_ACCELERATION -0.06651449 2.2865887 1.3323469

1492573637204 ROTATION_VECTOR 0.49293542 -0.31645423 -0.520539

1492573637249 ACCELEROMETER 1.5731812 7.5868073 5.182556

1492573637253 MAGNETIC_FIELD -19.284058 -45.010376 -10.418701

1492573637334 GYROSCOPE 1.3231049 1.442749 0.47123718

1492573637400 GRAVITY -1.0518991 9.568716 1.8717854

1492573637401 LINEAR_ACCELERATION -2.090923 -4.4194 6.37749

1492573637403 ROTATION_VECTOR 0.5092648 -0.38107067 -0.52704763

1492573637530 ACCELEROMETER 0.2334137 10.819275 0.58361816

1492573637531 GYROSCOPE 0.5233612 1.2079315 -0.25831604

1492573637531 MAGNETIC_FIELD -14.007568 -49.04785 0.6561279

1492573637600 GRAVITY -0.88535583 9.762503 -0.28298485

1492573637601 LINEAR_ACCELERATION 1.036089 0.086164474 2.4866447

1492573637603 ROTATION_VECTOR 0.6050394 -0.38516948 -0.4257729

1492573637725 ACCELEROMETER -0.710907 9.041824 1.6857758

1492573637726 GYROSCOPE 0.63139343 1.3801117 -0.59840393

1492573637726 MAGNETIC_FIELD -9.188843 -50.769043 -2.0309448

1492573637800 GRAVITY -1.6558087 9.601268 -1.1154989

1492573637801 LINEAR_ACCELERATION -1.9869593 -0.4770832 3.1603696

1492573637803 ROTATION_VECTOR 0.6666497 -0.33533978 -0.3958499

1492573637921 ACCELEROMETER -1.7845917 10.049667 0.7685547

1492573637921 GYROSCOPE 0.08634949 0.031234741 -0.30715942

1492573637922 MAGNETIC_FIELD -5.3359985 -50.479126 0.8987427

1492573638000 GRAVITY -2.0315566 9.507192 -1.2870389

1492573638001 LINEAR_ACCELERATION 0.109912395 1.8341312 0.84812737

1492573638003 ROTATION_VECTOR 0.6654494 -0.35042527 -0.4221732

1492573638116 ACCELEROMETER -2.6821136 9.365875 -2.675232

1492573638116 MAGNETIC_FIELD -3.842163 -50.59204 1.0940552

1492573638200 GRAVITY -2.0609934 9.556128 -0.77661026

1492573638201 LINEAR_ACCELERATION -1.9673524 -0.24943542 -1.4938099

1492573638203 ROTATION_VECTOR 0.64617467 -0.34936288 -0.4412929

1492573638226 GYROSCOPE -0.24742126 -0.38949585 0.12721252

1492573638311 ACCELEROMETER -1.8749084 8.76062 -1.233841

1492573638312 MAGNETIC_FIELD -5.5252075 -50.65918 0.79193115

1492573638400 GRAVITY -1.5497423 9.572919 -1.4587381

1492573638401 LINEAR_ACCELERATION -0.8286437 -1.4518738 0.43844986

1492573638403 ROTATION_VECTOR 0.6797718 -0.3350899 -0.3782612

1492573638421 GYROSCOPE 0.1842041 0.88716125 0.18884277

1492573638506 ACCELEROMETER -2.1880798 9.272278 -0.5008087

1492573638507 MAGNETIC_FIELD -6.5490723 -51.28174 -0.12817383

1492573638600 GRAVITY -1.3960589 9.63849 -1.1493121

1492573638601 LINEAR_ACCELERATION -0.47539115 0.5713682 0.22404242

1492573638603 ROTATION_VECTOR 0.679251 -0.31179592 -0.36085522

1492573638617 GYROSCOPE -0.33885193 0.6711426 0.025177002

1492573638702 ACCELEROMETER -1.4096985 10.47168 -1.0882721

1492573638703 MAGNETIC_FIELD -5.3894043 -50.813293 -5.580139

1492573638800 GRAVITY -1.5228418 9.653642 -0.811512

1492573638801 LINEAR_ACCELERATION 1.9743189 -1.2105074 -0.7960504

1492573638803 ROTATION_VECTOR 0.7056597 -0.20837468 -0.29065126

1492573638812 GYROSCOPE -0.23878479 1.2597656 -0.25546265

1492573638897 ACCELEROMETER -1.1517487 8.304672 -1.0291138

1492573638900 MAGNETIC_FIELD -0.4547119 -50.03662 -7.6019287

1492573639004 GRAVITY -1.9168167 9.548544 -1.1495686

1492573639005 LINEAR_ACCELERATION -2.5522962 -0.8558397 4.968136

1492573639005 ROTATION_VECTOR 0.74031425 -0.102696 -0.21902119

1492573639008 GYROSCOPE 0.10267639 0.9276123 -0.36123657

1492573639095 ACCELEROMETER -2.6532288 8.902267 -0.33576965

1492573639096 MAGNETIC_FIELD 4.701233 -51.264954 -5.130005

1492573639209 GRAVITY -2.3495424 9.397311 -1.529893

1492573639215 LINEAR_ACCELERATION -1.1541064 -0.5187845 2.129512

1492573639217 ROTATION_VECTOR 0.7575607 -0.06406792 -0.21011582

1492573639222 GYROSCOPE 0.06700134 0.004760742 -0.22387695

1492573639302 ACCELEROMETER -3.531784 11.228485 -2.246292

1492573639309 MAGNETIC_FIELD 6.7962646 -50.46234 -5.0216675

1492573639413 GYROSCOPE -0.42736816 -1.206543 0.19204712

1492573639419 GRAVITY -2.591834 9.438219 -0.6105792

1492573639421 LINEAR_ACCELERATION -0.6323254 -0.26175213 -3.1234791

1492573639424 ROTATION_VECTOR 0.7218514 -0.10030668 -0.2704784

1492573639495 ACCELEROMETER -2.4177399 8.405701 -1.2809906

1492573639503 MAGNETIC_FIELD 1.3717651 -51.075745 -7.0388794

1492573639607 GYROSCOPE 0.25852966 0.8685303 0.573822

1492573639616 GRAVITY -1.5461068 9.618389 -1.1253995

1492573639618 LINEAR_ACCELERATION -0.10887551 -1.2821693 -1.2721802

1492573639621 ROTATION_VECTOR 0.73372865 -0.13791898 -0.2251162

1492573639693 ACCELEROMETER -2.673355 8.590378 -0.5726013

1492573639699 MAGNETIC_FIELD -4.3151855 -49.905396 -7.4386597

1492573639800 GYROSCOPE -0.098602295 0.36611938 0.29638672

1492573639810 GRAVITY -0.7161292 9.737624 -0.91445696

1492573639813 LINEAR_ACCELERATION -1.805032 -0.88040924 0.03306222

1492573639815 ROTATION_VECTOR 0.7217889 -0.16014093 -0.19366342

1492573639886 ACCELEROMETER -1.4867096 10.258728 -0.7289429

1492573639895 MAGNETIC_FIELD -2.6931763 -48.158264 -11.508179

1492573639995 GYROSCOPE -0.14920044 0.24572754 -0.18501282

1492573640007 GRAVITY -1.0561125 9.744219 -0.32436007

1492573640010 LINEAR_ACCELERATION -2.1441295 5.0733385 -0.018973917

1492573640012 ROTATION_VECTOR 0.7064291 -0.1322712 -0.20086332

1492573640083 ACCELEROMETER -0.66174316 7.953949 -0.51545715

1492573640090 MAGNETIC_FIELD 1.1871338 -49.371338 -11.697388

1492573640209 GYROSCOPE 0.07144165 0.3888092 -0.6133423

1492573640225 GRAVITY -1.8390511 9.619821 -0.49732572

1492573640226 LINEAR_ACCELERATION 0.97130895 0.010772705 -1.9160194

1492573640227 ROTATION_VECTOR 0.72234726 -0.059758127 -0.1847147

1492573640381 ACCELEROMETER -2.8025055 8.3853 0.37948608

1492573640384 GYROSCOPE 0.18431091 -0.26409912 -0.07992554

1492573640386 MAGNETIC_FIELD 4.1748047 -49.47357 -8.410645

1492573640404 GRAVITY -2.2622511 9.511621 -0.7626709

1492573640408 LINEAR_ACCELERATION -0.47846746 -0.29300308 1.2633033

1492573640410 ROTATION_VECTOR 0.731347 -0.06337898 -0.21357356

1492573640580 ACCELEROMETER -3.368103 10.19606 -1.5120087

1492573640583 GYROSCOPE -0.13575745 -1.288208 -0.07298279

1492573640586 MAGNETIC_FIELD 6.211853 -50.315857 -6.613159

1492573640606 GRAVITY -2.7679415 9.38985 -0.5827483

1492573640610 LINEAR_ACCELERATION -1.9870179 3.7102633 -0.7232699

1492573640612 ROTATION_VECTOR 0.71990895 -0.106971845 -0.28847826

1492573640773 ACCELEROMETER -2.7353516 8.462601 -1.7346802

1492573640776 GYROSCOPE 0.14805603 0.23220825 0.49072266

1492573640780 MAGNETIC_FIELD 2.9937744 -50.891113 -9.872437

1492573640808 GRAVITY -2.491554 9.479997 -0.30367148

1492573640811 LINEAR_ACCELERATION -0.19282246 1.1576538 0.46409112

1492573640813 ROTATION_VECTOR 0.70056677 -0.15712784 -0.31997707

1492573640972 ACCELEROMETER -2.531189 8.241959 -0.21876526

1492573640975 GYROSCOPE 0.001083374 0.3483734 0.32826233

1492573640978 MAGNETIC_FIELD -2.4124146 -49.876404 -9.474182

1492573641008 GRAVITY -1.4021052 9.694262 -0.47516513

1492573641011 LINEAR_ACCELERATION -1.3111942 -1.1967964 0.3922752

1492573641013 ROTATION_VECTOR 0.69464636 -0.20418887 -0.2872477

1492573641165 ACCELEROMETER -2.7829895 10.967941 -0.6217041

1492573641166 GYROSCOPE -0.19218445 0.3553772 -0.16137695

1492573641166 MAGNETIC_FIELD -0.9765625 -49.95117 -10.528564

1492573641205 GRAVITY -1.4997473 9.688138 -0.24722666

1492573641206 LINEAR_ACCELERATION -1.3261058 1.6922026 -0.48479304

1492573641207 ROTATION_VECTOR 0.69684273 -0.16436331 -0.2623329

1492573641360 ACCELEROMETER -0.34892273 8.149506 -1.5247192

1492573641362 GYROSCOPE 0.10508728 0.670105 -0.48719788

1492573641364 MAGNETIC_FIELD 1.1703491 -49.168396 -10.688782

1492573641407 GRAVITY -1.770545 9.642951 -0.22149307

1492573641415 LINEAR_ACCELERATION 3.5007124 -1.7783709 -1.7902133

1492573641418 ROTATION_VECTOR 0.7035088 -0.12793903 -0.24723457

1492573641564 ACCELEROMETER -2.9938507 8.658157 0.2432251

1492573641574 GYROSCOPE 0.2263031 -0.20585632 -0.17579651

1492573641585 MAGNETIC_FIELD 5.3588867 -49.876404 -9.646606

1492573641605 GRAVITY -2.4146984 9.464129 -0.8774216

1492573641609 LINEAR_ACCELERATION 1.0798173 -1.2144871 1.6097314

1492573641612 ROTATION_VECTOR 0.7358779 -0.05674322 -0.21657926

1492573641751 ACCELEROMETER -4.4473724 9.979904 -1.0169067

1492573641755 MAGNETIC_FIELD 7.3745728 -50.75531 -8.560181

1492573641816 ROTATION_VECTOR 0.7357235 -0.06177444 -0.25950423

1492573641822 GRAVITY -2.990371 9.297605 -0.8846601

1492573641824 LINEAR_ACCELERATION 0.8224311 2.0445747 -0.051878035

1492573641840 GYROSCOPE -0.20547485 -1.1398621 0.008804321

1492573641955 ACCELEROMETER -2.8845367 8.58522 -1.4603271

1492573641961 MAGNETIC_FIELD 3.0258179 -50.34485 -10.1623535

1492573642015 ROTATION_VECTOR 0.693185 -0.13988173 -0.33045614

1492573642021 GRAVITY -2.7778273 9.405002 -0.0014174369

1492573642024 LINEAR_ACCELERATION 0.04483199 -0.67789173 -1.1895096

1492573642028 GYROSCOPE 0.09370422 -0.0693512 0.6069946

1492573642146 ACCELEROMETER -2.5270996 8.067123 -0.4992218

1492573642155 MAGNETIC_FIELD -3.8986206 -49.848938 -8.972168

1492573642218 ROTATION_VECTOR 0.68635064 -0.20095316 -0.3018612

1492573642226 GRAVITY -1.5788537 9.676109 -0.22475544

1492573642229 LINEAR_ACCELERATION -1.3689963 -2.0965614 0.20302883

1492573642231 GYROSCOPE 0.03794861 0.237854 0.36262512

1492573642341 ACCELEROMETER -2.7002563 11.802582 -0.16062927

1492573642347 MAGNETIC_FIELD -4.173279 -48.658752 -12.101746

1492573642415 ROTATION_VECTOR 0.68365175 -0.19916014 -0.27841696

1492573642423 GRAVITY -1.2154832 9.730052 -0.13816582

1492573642425 LINEAR_ACCELERATION -1.3397633 0.35920715 -0.4401924

1492573642428 GYROSCOPE -0.18107605 0.42422485 -0.10899353

1492573642537 ACCELEROMETER -0.7381897 8.3181 -0.6065216

1492573642546 MAGNETIC_FIELD 0.55236816 -47.969055 -13.575745

1492573642616 ROTATION_VECTOR 0.6979249 -0.14946777 -0.24827662

1492573642623 GYROSCOPE 0.026443481 1.0625763 -0.723526

1492573642625 GRAVITY -1.4786302 9.692768 -0.18514608

1492573642628 LINEAR_ACCELERATION 4.2594504 -2.8045816 -2.0365112

1492573642734 ACCELEROMETER -2.837204 8.793167 0.24085999

1492573642742 MAGNETIC_FIELD 4.8828125 -47.529602 -11.3723755

1492573642816 ROTATION_VECTOR 0.73928064 -0.029152589 -0.19950011

1492573642822 GYROSCOPE 0.11230469 -0.064941406 -0.2084198

1492573642824 GRAVITY -2.5253274 9.430236 -0.92939144

1492573642827 LINEAR_ACCELERATION -0.3486519 -0.8699131 -0.67946994

1492573642931 ACCELEROMETER -4.4442444 9.974976 -1.3582306

1492573642937 MAGNETIC_FIELD 8.540344 -47.68982 -11.24115

1492573643014 GRAVITY -3.0351186 9.26298 -1.0750012

1492573643019 LINEAR_ACCELERATION -0.44340253 -0.57974815 0.9078499

1492573643022 GYROSCOPE 0.07211304 -1.3451385 -0.085357666

1492573643025 ROTATION_VECTOR 0.7102939 -0.099705055 -0.32379538

1492573643126 ACCELEROMETER -3.4313507 8.777847 -1.9955597

1492573643132 MAGNETIC_FIELD 2.5665283 -47.69287 -11.01532

1492573643212 GYROSCOPE 0.124557495 -0.35520935 0.515213

1492573643218 GRAVITY -2.401604 9.499053 -0.41312888

1492573643224 LINEAR_ACCELERATION -0.7993741 -2.155674 0.390447

1492573643227 ROTATION_VECTOR 0.70252407 -0.1659026 -0.3192928

1492573643312 ACCELEROMETER -2.966156 7.743286 -0.32815552

1492573643315 MAGNETIC_FIELD -4.107666 -48.002625 -9.616089

1492573643394 GYROSCOPE 0.19932556 0.081604004 0.47207642

1492573643405 GRAVITY -1.6008673 9.644284 -0.771619

1492573643408 LINEAR_ACCELERATION -2.014328 -0.20184994 1.143672

1492573643410 ROTATION_VECTOR 0.70319724 -0.21179062 -0.2995097

1492573643506 ACCELEROMETER -3.4500122 11.498871 -0.17791748

1492573643510 MAGNETIC_FIELD -6.1584473 -46.176147 -10.534668

1492573643606 GYROSCOPE -0.28344727 -0.5328827 -0.050216675

1492573643612 GRAVITY -1.7545291 9.647948 -0.09545518

1492573643615 LINEAR_ACCELERATION -0.45503008 0.914217 -2.0984538

1492573643617 ROTATION_VECTOR 0.6710008 -0.2337195 -0.34661356

1492573643711 ACCELEROMETER 0.029769897 8.517029 -2.517395

1492573643717 MAGNETIC_FIELD -7.008362 -42.43164 -11.027527

1492573643793 GYROSCOPE 0.46318054 -0.8607788 -0.39926147

1492573643813 GRAVITY -2.4716141 9.473442 -0.56160307

1492573643819 LINEAR_ACCELERATION -3.1154532 -0.61773396 2.834398

1492573643822 ROTATION_VECTOR 0.67496747 -0.27028266 -0.40785718

1492573643984 ACCELEROMETER -2.4397125 8.913315 -0.8967743

1492573643987 GYROSCOPE 0.61639404 -1.5269775 0.02571106

1492573643991 MAGNETIC_FIELD -6.0440063 -42.504883 -6.9488525

1492573644007 GRAVITY -2.7983105 9.358374 -0.8721737

1492573644011 LINEAR_ACCELERATION -0.84743214 4.4631958E-4 0.7855422

1492573644013 ROTATION_VECTOR 0.64006966 -0.36712304 -0.48945355

1492573644178 ACCELEROMETER -3.1633453 8.39006 -1.1083679

1492573644179 GYROSCOPE 0.880249 -2.879242 0.4045105

1492573644179 MAGNETIC_FIELD -10.0997925 -40.681458 2.2964478

1492573644207 GRAVITY -2.8750057 9.321177 -1.010146

1492573644208 LINEAR_ACCELERATION 0.08661103 -1.4513254 -0.60094106

1492573644208 ROTATION_VECTOR 0.5157369 -0.53433937 -0.5975354

1492573644376 ACCELEROMETER -4.5783234 9.512085 -3.466034

1492573644376 GYROSCOPE 1.1543579 -2.632309 0.26538086

1492573644376 MAGNETIC_FIELD -11.801147 -37.187195 14.086914

1492573644407 GRAVITY -3.0702066 9.17691 -1.5901322

1492573644411 LINEAR_ACCELERATION -3.5957065 2.1505747 -1.08487

1492573644415 ROTATION_VECTOR 0.35654086 -0.6737602 -0.63857424

1492573644575 ACCELEROMETER -4.5197906 7.4393616 -2.8592834

1492573644584 MAGNETIC_FIELD -2.6168823 -32.878113 26.158142

1492573644613 GRAVITY -3.1493182 9.170607 -1.4670234

1492573644619 LINEAR_ACCELERATION -0.69655585 -0.99516773 -0.7692981

1492573644622 ROTATION_VECTOR -0.2180927 0.7261081 0.6515795

1492573644685 GYROSCOPE 0.44532776 -1.8930664 0.42913818

1492573644773 ACCELEROMETER -4.4359894 8.070526 -1.7750244

1492573644801 MAGNETIC_FIELD 3.9382935 -33.22754 27.212524

1492573644809 GRAVITY -3.1990416 9.170291 -1.3573033

1492573644812 LINEAR_ACCELERATION -1.9202397 -0.96425724 0.08214843

1492573644814 ROTATION_VECTOR -0.13477582 0.7423198 0.6483763

1492573644877 GYROSCOPE 0.28599548 -1.0758667 0.12542725

1492573644962 ACCELEROMETER -2.9019928 9.751602 -2.8702087

1492573644963 MAGNETIC_FIELD 10.02655 -34.332275 29.486084

1492573645007 GRAVITY -3.2795167 9.056246 -1.8437937

1492573645007 LINEAR_ACCELERATION 3.7908537 0.37309933 -1.5237873

1492573645008 ROTATION_VECTOR -0.08977994 0.7654717 0.6202969

1492573645072 GYROSCOPE 0.3815918 -0.28486633 0.07446289

1492573645157 ACCELEROMETER -0.07009888 9.267944 -1.7853088

1492573645157 MAGNETIC_FIELD 12.310791 -34.646606 30.133057

1492573645215 GRAVITY -3.0746279 9.110312 -1.9285378

1492573645222 LINEAR_ACCELERATION 2.2028935 -1.1520729 1.4804324

1492573645224 ROTATION_VECTOR -0.03599652 0.7726787 0.6092804

1492573645261 GYROSCOPE 0.18135071 -0.29029846 0.050811768

1492573645346 ACCELEROMETER -2.8935242 9.1753235 -1.0158539

1492573645347 MAGNETIC_FIELD 14.622498 -36.0672 31.011963

1492573645402 GRAVITY -3.173648 9.101906 -1.8037889

1492573645403 LINEAR_ACCELERATION -0.8904004 -0.41128635 0.6309289

1492573645404 ROTATION_VECTOR -0.020673066 0.7691165 0.6085933

1492573645456 GYROSCOPE -0.025802612 -0.6474304 -0.06022644

1492573645541 ACCELEROMETER -3.9093628 10.007782 -1.6843109

1492573645542 MAGNETIC_FIELD 21.803284 -35.801697 27.40326

1492573645606 GRAVITY -3.7884452 9.038221 -0.35864753

1492573645607 LINEAR_ACCELERATION -1.119427 2.6641264 -4.011075

1492573645614 ROTATION_VECTOR 0.08410624 0.714991 0.60437137

1492573645664 GYROSCOPE -0.1847992 -2.3734589 0.026306152

1492573645747 ACCELEROMETER -2.2047577 8.598953 -1.7832184

1492573645756 MAGNETIC_FIELD 28.40271 -37.374878 18.11676

1492573645814 GRAVITY -2.9900584 9.333417 -0.342435

1492573645821 LINEAR_ACCELERATION 1.6402009 0.08333397 -1.7590144

1492573645823 ROTATION_VECTOR 0.19066754 0.69361746 0.58169913

1492573645858 GYROSCOPE 0.29463196 0.10699463 0.57299805

1492573645945 ACCELEROMETER -1.8840027 8.151901 -0.32144165

1492573645951 MAGNETIC_FIELD 22.891235 -43.48755 16.37268

1492573646013 GRAVITY -0.8423866 9.7703905 0.01512797

1492573646019 LINEAR_ACCELERATION -1.818626 -1.3518257 -1.126927

1492573646022 ROTATION_VECTOR 0.2833449 0.6472591 0.6214855

1492573646053 GYROSCOPE -0.265625 -0.41078186 1.0958862

1492573646141 ACCELEROMETER -0.12963867 10.666672 0.79608154

1492573646147 MAGNETIC_FIELD 17.14325 -47.021484 13.1362915

1492573646214 GRAVITY -0.5769435 9.751488 0.86371434

1492573646220 LINEAR_ACCELERATION 1.0768074 3.0915155 0.67095363

1492573646223 ROTATION_VECTOR 0.23769686 0.6320309 0.67383957

1492573646249 GYROSCOPE -0.30665588 0.88375854 -0.31114197

1492573646323 ACCELEROMETER -0.26609802 8.204254 -0.3265686

1492573646325 MAGNETIC_FIELD 18.10608 -47.90497 13.25531

1492573646401 GRAVITY -1.0676605 9.719484 0.74973404

1492573646402 LINEAR_ACCELERATION 3.0903835 0.47462082 -0.64775044

1492573646404 ROTATION_VECTOR 0.21226688 0.6455362 0.6677384

1492573646435 GYROSCOPE 0.10412598 0.124420166 -0.33894348

1492573646522 ACCELEROMETER -1.3580627 8.762894 1.6725464

1492573646525 MAGNETIC_FIELD 22.349548 -46.159363 14.064026

1492573646605 GRAVITY -1.6679391 9.653003 0.45596597

1492573646611 LINEAR_ACCELERATION 2.1890082 -0.8425665 0.7967864

1492573646619 ROTATION_VECTOR 0.18905991 0.66408473 0.6518316

1492573646630 GYROSCOPE 0.25764465 0.3261261 -0.26264954

1492573646806 GRAVITY -2.4210541 9.496412 0.3564167

1492573646811 LINEAR_ACCELERATION 0.4783814 1.607647 1.056199

1492573646813 ROTATION_VECTOR 0.15166071 0.67736757 0.64182365

1492573646826 ACCELEROMETER -3.1804047 10.28949 1.0729675

1492573646829 GYROSCOPE -0.09236145 -0.55296326 -0.17922974

1492573646831 MAGNETIC_FIELD 24.92981 -43.650818 17.759705

1492573647006 GRAVITY -2.162541 9.561163 0.2792236

1492573647009 LINEAR_ACCELERATION -0.85600257 0.14554977 -1.0229492

1492573647012 ROTATION_VECTOR 0.21991283 0.66136366 0.6137896

1492573647025 ACCELEROMETER -3.0464478 8.723343 -1.1782074

1492573647028 GYROSCOPE 0.26223755 -0.4784088 0.19993591

1492573647031 MAGNETIC_FIELD 25.509644 -43.440247 12.701416

1492573647207 GRAVITY -1.8631411 9.627827 0.06358757

1492573647211 LINEAR_ACCELERATION -1.4283584 -1.1844997 -0.61057645

1492573647216 ROTATION_VECTOR 0.24700686 0.66011024 0.6050683

1492573647218 ACCELEROMETER -2.4236755 8.192749 -0.44161987

1492573647221 GYROSCOPE 0.099853516 0.39222717 0.07095337

1492573647223 MAGNETIC_FIELD 25.073242 -43.82782 14.440918

1492573647406 GRAVITY -1.8380846 9.631821 0.14092095

1492573647413 LINEAR_ACCELERATION -1.810846 0.9250965 -0.343576

1492573647416 ROTATION_VECTOR 0.2094661 0.6700291 0.6278454

1492573647418 ACCELEROMETER -3.1980896 10.884064 0.33776855

1492573647420 GYROSCOPE -0.25221252 0.05583191 -0.0131073

1492573647422 MAGNETIC_FIELD 23.329163 -44.526672 15.963745

1492573647611 GRAVITY -2.0020459 9.599956 -0.05511013

1492573647614 LINEAR_ACCELERATION 3.80058 -1.9459753 -0.6125711

1492573647616 ROTATION_VECTOR 0.19093695 0.68290037 0.62600887

1492573647618 ACCELEROMETER -0.7461395 8.607193 -0.9662781

1492573647620 GYROSCOPE 0.17918396 0.77108765 -0.48364258

1492573647623 MAGNETIC_FIELD 23.410034 -44.354248 16.275024

1492573647807 ACCELEROMETER -3.8575897 8.168579 0.8165741

1492573647812 GYROSCOPE 0.32910156 -0.0435791 0.008346558

1492573647814 MAGNETIC_FIELD 25.23346 -40.80963 21.11969

1492573647816 GRAVITY -2.6739028 9.401974 -0.7896357

1492573647819 LINEAR_ACCELERATION -0.37311482 -1.1990223 -0.18219942

1492573647821 ROTATION_VECTOR 0.13638966 0.722259 0.60643584

1492573648003 ACCELEROMETER -3.9709625 9.705231 0.020370483

1492573648007 GYROSCOPE 0.0925293 -1.2608948 -0.20703125

1492573648011 MAGNETIC_FIELD 26.65863 -39.89258 21.575928

1492573648013 GRAVITY -2.9141026 9.299304 -1.0960605

1492573648015 LINEAR_ACCELERATION -0.924623 0.09503269 0.9259578

1492573648018 ROTATION_VECTOR 0.14962845 0.7304073 0.5829969

1492573648197 ACCELEROMETER -4.1823273 9.679398 -1.8061676

1492573648203 MAGNETIC_FIELD 30.848694 -41.030884 13.137817

1492573648206 GRAVITY -3.0634906 9.313763 -0.19807805

1492573648209 LINEAR_ACCELERATION -0.027982473 -2.2490358 -2.0310862

1492573648211 ROTATION_VECTOR 0.25884712 0.66565555 0.5404227

1492573648282 GYROSCOPE 0.17530823 -0.6559601 0.5059662

1492573648393 ACCELEROMETER -2.4449615 8.330399 -0.6670685

1492573648396 MAGNETIC_FIELD 24.824524 -44.778442 13.189697

1492573648402 GRAVITY -2.0498493 9.582705 -0.37455413

1492573648406 LINEAR_ACCELERATION 0.1516881 -1.4720116 0.42733684

1492573648408 ROTATION_VECTOR 0.3120307 0.6494103 0.54841167

1492573648479 GYROSCOPE 0.016403198 -0.012069702 0.49996948

1492573648588 ACCELEROMETER -2.7467957 9.717209 -0.1905365

1492573648589 MAGNETIC_FIELD 22.692871 -45.161438 14.346313

1492573648607 GRAVITY -1.4587736 9.688104 -0.42780742

1492573648608 LINEAR_ACCELERATION -1.4059505 -0.14959717 1.4440538

1492573648608 ROTATION_VECTOR 0.31252205 0.6512619 0.5719496

1492573648674 GYROSCOPE -0.30943298 0.44737244 -0.17842102

1492573648783 ACCELEROMETER -0.10021973 9.129471 -1.4098053

1492573648784 MAGNETIC_FIELD 23.48175 -44.326782 14.881897

1492573648808 GRAVITY -1.916132 9.617537 -0.042586986

1492573648811 LINEAR_ACCELERATION -0.94534767 2.9233732 -0.32051596

1492573648816 ROTATION_VECTOR 0.25856444 0.6597846 0.59396064

1492573648873 GYROSCOPE 0.06700134 0.6257019 -0.2833252

1492573648984 ACCELEROMETER -2.0821838 8.512787 -0.4161682

1492573649006 MAGNETIC_FIELD 25.596619 -41.97693 19.203186

1492573649009 GRAVITY -2.74782 9.398268 -0.54077876

1492573649011 LINEAR_ACCELERATION -2.2786064 -1.3712893 1.7390192

1492573649013 ROTATION_VECTOR 0.18178855 0.7032247 0.59044343

1492573649063 GYROSCOPE 0.3072052 0.6379242 -0.31253052

1492573649174 ACCELEROMETER -3.3182983 9.356003 0.030441284

1492573649177 MAGNETIC_FIELD 26.690674 -40.138245 20.21637

1492573649211 GRAVITY -3.0186772 9.2550125 -1.1843618

1492573649218 LINEAR_ACCELERATION -0.12259507 -0.09775257 1.5878907

1492573649221 ROTATION_VECTOR 0.15328816 0.7327267 0.574894

1492573649270 GYROSCOPE 0.001953125 -0.61894226 -0.27282715

1492573649364 ACCELEROMETER -3.746704 9.0004425 -1.8631439

1492573649368 MAGNETIC_FIELD 29.960632 -39.78119 14.736938

1492573649402 GRAVITY -3.662517 9.082233 -0.5190157

1492573649412 LINEAR_ACCELERATION -1.8604081 2.554698 -0.02693206

1492573649414 ROTATION_VECTOR 0.17050828 0.70525837 0.55985075

1492573649449 GYROSCOPE 0.15815735 -0.8592377 0.37496948

1492573649561 ACCELEROMETER -2.4492188 8.108383 -0.22225952

1492573649564 MAGNETIC_FIELD 26.182556 -42.175293 14.187622

1492573649613 GRAVITY -2.9335124 9.345117 -0.48342276

1492573649620 LINEAR_ACCELERATION 0.19012618 0.19221592 0.99306196

1492573649623 ROTATION_VECTOR 0.25328073 0.678599 0.5440762

1492573649655 GYROSCOPE 0.13580322 0.026885986 0.53985596

1492573649765 ACCELEROMETER -2.9604187 9.226028 -0.59158325

1492573649774 MAGNETIC_FIELD 23.928833 -43.59436 15.260315

1492573649813 GRAVITY -1.9684687 9.58087 -0.70883787

1492573649821 LINEAR_ACCELERATION -0.91624296 -0.9238243 -0.5195149

1492573649824 ROTATION_VECTOR 0.28839305 0.67303056 0.55922514

1492573649850 GYROSCOPE -0.39746094 0.46775818 -0.20826721

1492573649964 ACCELEROMETER -1.5332489 9.796036 -1.0684662

1492573649970 MAGNETIC_FIELD 24.583435 -44.119263 14.84375

1492573650015 ROTATION_VECTOR 0.22208153 0.6759224 0.59451985

1492573650022 GRAVITY -2.3770432 9.513428 -0.121431515

1492573650024 LINEAR_ACCELERATION -0.29422832 3.4577322 -0.2844494

1492573650044 GYROSCOPE -0.014633179 0.6125183 -0.3141632

1492573650156 ACCELEROMETER -3.3469849 8.833206 0.21113586

1492573650164 MAGNETIC_FIELD 25.802612 -42.76581 19.630432

1492573650214 GRAVITY -2.8575416 9.369426 -0.46765044

1492573650220 LINEAR_ACCELERATION 3.6770513 -0.0093746185 -1.4253794

1492573650223 ROTATION_VECTOR 0.17252508 0.70290726 0.5930175

1492573650239 GYROSCOPE 0.09629822 0.7810364 -0.176651

1492573650414 GRAVITY -3.209489 9.201845 -1.0934354

1492573650420 LINEAR_ACCELERATION 1.8043745 -1.259244 0.37607396

1492573650422 ROTATION_VECTOR 0.094620876 0.73945695 0.59638834

1492573650429 ACCELEROMETER -3.2182922 8.188461 0.23274231

1492573650431 GYROSCOPE 0.17382813 -0.3779297 -0.26634216

1492573650434 MAGNETIC_FIELD 25.93689 -40.289307 21.730042

1492573650614 GRAVITY -3.6954424 9.018527 -1.0864027

1492573650620 LINEAR_ACCELERATION 0.15341997 1.8569498 0.58708036

1492573650627 ROTATION_VECTOR 0.096308604 0.73899645 0.57915413

1492573650629 ACCELEROMETER -5.0985565 9.932602 -2.6012726

1492573650632 GYROSCOPE 0.13093567 -1.2236023 0.37319946

1492573650634 MAGNETIC_FIELD 28.79181 -37.960815 18.652344

1492573650814 GRAVITY -3.373027 9.199302 -0.40733224

1492573650823 LINEAR_ACCELERATION 1.986368 -2.1456528 -0.42555767

1492573650826 ROTATION_VECTOR 0.1985982 0.69377726 0.5592715

1492573650829 ACCELEROMETER -2.8806152 8.9127655 -1.1984253

1492573650831 GYROSCOPE 0.023986816 -0.07525635 0.5410919

1492573650833 MAGNETIC_FIELD 28.285217 -42.126465 15.600586

1492573651017 GRAVITY -2.4122047 9.482818 -0.65408313

1492573651023 LINEAR_ACCELERATION -0.4834137 -1.3751898 0.28322124

1492573651026 ROTATION_VECTOR 0.24057674 0.6895446 0.5696069

1492573651028 ACCELEROMETER -3.061676 8.489212 -0.18655396

1492573651031 MAGNETIC_FIELD 23.710632 -43.39447 14.909363

1492573651135 GYROSCOPE -0.37176514 -0.3927002 0.22805786

1492573651216 ROTATION_VECTOR 0.2650179 0.65733427 0.59010506

1492573651222 ACCELEROMETER -1.9688416 10.62471 -0.82398987

1492573651225 MAGNETIC_FIELD 24.386597 -45.285034 8.952332

1492573651228 GRAVITY -1.9168406 9.617382 -0.04555778

1492573651230 LINEAR_ACCELERATION -0.72562647 -0.059464455 0.14930901

1492573651328 GYROSCOPE 0.4175415 -0.44447327 0.013153076

1492573651414 GRAVITY -1.6373954 9.655111 -0.51784086

1492573651420 LINEAR_ACCELERATION 3.8153872 -2.1409492 -3.6113713

1492573651423 ACCELEROMETER -2.477005 8.764877 -0.7209778

1492573651425 MAGNETIC_FIELD 25.785828 -43.855286 10.446167

1492573651427 ROTATION_VECTOR 0.4041333 0.6275936 0.46961665

1492573651525 GYROSCOPE 0.6335449 -1.5707397 0.02949524

1492573651613 ACCELEROMETER -1.930542 8.407791 -2.1297302

1492573651622 MAGNETIC_FIELD 26.794434 -44.363403 7.3760986

1492573651635 GRAVITY -2.788233 9.213284 -1.8739146

1492573651638 LINEAR_ACCELERATION 0.2289834 0.11002159 -1.3921291

1492573651640 ROTATION_VECTOR 0.57201594 0.5180162 0.2720516

1492573651713 GYROSCOPE 1.1448212 -3.1636047 0.16247559

1492573651797 ACCELEROMETER -4.475418 9.669876 -3.7365723

1492573651806 MAGNETIC_FIELD 25.735474 -43.81714 -0.61035156

1492573651808 GRAVITY -3.6366467 8.844338 -2.1732163

1492573651811 LINEAR_ACCELERATION -2.0886064 2.251583 -1.2493024

1492573651813 ROTATION_VECTOR 0.6952384 0.35699686 0.05251015

1492573651914 GYROSCOPE 0.91319275 -2.0043335 0.20314026

1492573652001 ACCELEROMETER -3.6441193 8.246429 -2.4838562

1492573652010 MAGNETIC_FIELD 20.695496 -45.59021 -3.7780762

1492573652013 GRAVITY -3.1596565 9.168509 -1.4578793

1492573652015 LINEAR_ACCELERATION -0.12378335 1.0879602 -1.550071

1492573652018 ROTATION_VECTOR 0.73411953 0.18814795 -0.052778907

1492573652112 GYROSCOPE -0.08488464 -1.6059265 0.72694397

1492573652196 ACCELEROMETER -4.5446167 8.310135 -1.3516846

1492573652229 MAGNETIC_FIELD 14.4470215 -47.792053 -9.32312

1492573652233 GRAVITY -2.8021348 9.344632 -0.9981388

1492573652235 LINEAR_ACCELERATION -1.7533867 -0.8163948 -1.3679266

1492573652241 ROTATION_VECTOR 0.7369368 0.08840273 -0.1146626

1492573652300 GYROSCOPE 0.21606445 -1.2379913 0.16383362

1492573652379 ACCELEROMETER -1.7360687 9.735931 -1.9583282

1492573652379 MAGNETIC_FIELD 12.486267 -49.16992 -8.621216

1492573652401 GRAVITY -2.962542 9.204754 -1.632862

1492573652402 LINEAR_ACCELERATION 3.1981938 1.2174892 -0.008813143

1492573652404 ROTATION_VECTOR 0.7626984 0.03929283 -0.16590264

1492573652487 GYROSCOPE 0.6008606 -0.4844513 0.04133606

1492573652576 ACCELEROMETER -0.3968811 9.134735 -1.8063202

1492573652579 MAGNETIC_FIELD 10.470581 -49.172974 -7.006836

1492573652605 GRAVITY -2.825415 9.23045 -1.7280697

1492573652610 LINEAR_ACCELERATION 1.7660749 -0.22095871 1.3160057

1492573652612 ROTATION_VECTOR 0.76687855 0.00208103 -0.1861806

1492573652687 GYROSCOPE 0.20246887 -0.5904999 0.043807983

1492573652774 ACCELEROMETER -2.5322723 9.101852 -0.53549194

1492573652779 MAGNETIC_FIELD 8.984375 -49.77112 -6.0546875

1492573652810 GRAVITY -3.1273983 9.153618 -1.612776

1492573652816 LINEAR_ACCELERATION 0.46303296 -0.031295776 0.9213246

1492573652818 ROTATION_VECTOR 0.76203305 -0.039170038 -0.24009337

1492573652888 GYROSCOPE 0.12841797 -0.8170471 -0.17991638

1492573652973 ACCELEROMETER -3.6948853 9.847565 -1.5211792

1492573652978 MAGNETIC_FIELD 10.238647 -49.508667 -7.559204

1492573653010 GRAVITY -3.7616155 9.028174 -0.71603626

1492573653015 LINEAR_ACCELERATION -0.5735469 3.566062 -1.1741724

1492573653017 ROTATION_VECTOR 0.725014 -0.10422302 -0.3485961

1492573653083 GYROSCOPE 0.10446167 -2.0657654 0.14593506

1492573653211 GRAVITY -3.3466582 9.197066 -0.6198753

1492573653215 LINEAR_ACCELERATION -0.3667605 -0.21972561 -1.2891119

1492573653217 ROTATION_VECTOR 0.6976997 -0.21170714 -0.41068783

1492573653281 ACCELEROMETER -3.2333221 7.6790466 -2.2597656

1492573653285 GYROSCOPE 0.36923218 -0.27537537 0.2994995

1492573653307 MAGNETIC_FIELD 3.982544 -49.37439 -9.739685

1492573653403 GRAVITY -2.5731206 9.435557 -0.7208982

1492573653405 LINEAR_ACCELERATION -0.92191553 -1.2727346 0.6458501

1492573653407 ROTATION_VECTOR 0.68885076 -0.2494798 -0.39196944

1492573653477 ACCELEROMETER -3.0484467 8.115387 -1.1973724

1492573653485 GYROSCOPE -0.108932495 0.29769897 0.36842346

1492573653488 MAGNETIC_FIELD 0.4989624 -49.952698 -6.0653687

1492573653614 GRAVITY -2.2401676 9.546339 -0.13946006

1492573653620 LINEAR_ACCELERATION -0.9710052 0.86883736 -0.6324115

1492573653623 ROTATION_VECTOR 0.6777068 -0.21868707 -0.36253747

1492573653676 ACCELEROMETER -3.3590698 10.805618 0.14839172

1492573653682 GYROSCOPE -0.43400574 0.5656128 0.015579224

1492573653685 MAGNETIC_FIELD -1.5258789 -49.742126 -9.741211

1492573653815 ROTATION_VECTOR 0.7034434 -0.16541597 -0.31402466

1492573653821 GRAVITY -2.3347204 9.514724 -0.43531898

1492573653824 LINEAR_ACCELERATION 5.06357 -2.846839 -1.6104181

1492573653871 ACCELEROMETER -0.44174194 8.731903 -1.4755554

1492573653877 GYROSCOPE 0.1895752 0.6083069 -0.3678131

1492573653880 MAGNETIC_FIELD 0.30517578 -48.817444 -10.63385

1492573654023 GRAVITY -2.8585434 9.327079 -1.0023533

1492573654027 LINEAR_ACCELERATION 0.44921327 -1.5933123 -0.05131215

1492573654030 ROTATION_VECTOR 0.7320402 -0.12338098 -0.30006033

1492573654060 ACCELEROMETER -2.692337 8.5703125 -0.077301025

1492573654064 GYROSCOPE 0.19226074 -0.2610321 -0.09866333

1492573654067 MAGNETIC_FIELD 5.7754517 -49.72534 -8.319092

1492573654207 GRAVITY -3.2413852 9.203166 -0.98261845

1492573654212 LINEAR_ACCELERATION -0.3558712 -0.028546333 1.0023131

1492573654215 ROTATION_VECTOR 0.7276336 -0.14369752 -0.34117353

1492573654263 ACCELEROMETER -3.6364288 9.784424 0.3204956

1492573654269 GYROSCOPE 0.027755737 -1.0742493 -0.26260376

1492573654271 MAGNETIC_FIELD 5.743408 -49.29962 -6.692505

1492573654405 GRAVITY -3.4970243 9.160672 0.15264595

1492573654409 LINEAR_ACCELERATION -0.002635479 -1.562912 -3.1227748

1492573654411 ROTATION_VECTOR 0.6679405 -0.21464565 -0.4456288

1492573654453 ACCELEROMETER -4.16156 9.255463 -1.4549866

1492573654461 GYROSCOPE 0.12686157 -0.69433594 0.27253723

1492573654465 MAGNETIC_FIELD 3.7963867 -49.65973 -9.484863

1492573654607 GRAVITY -2.843402 9.385385 0.0017360921

1492573654614 LINEAR_ACCELERATION 1.0201032 -0.3447199 -1.1973853

1492573654617 ROTATION_VECTOR 0.6617755 -0.24892701 -0.43018934

1492573654651 ACCELEROMETER -2.7141418 8.671753 -0.5991211

1492573654658 MAGNETIC_FIELD -0.48217773 -49.682617 -7.8216553

1492573654733 GYROSCOPE -0.11885071 0.2778015 0.39266968

1492573654815 ROTATION_VECTOR 0.670259 -0.2369461 -0.38733128

1492573654821 GRAVITY -2.363832 9.516906 -0.10572641

1492573654824 LINEAR_ACCELERATION -0.68709016 -0.6745205 1.3547206

1492573654844 ACCELEROMETER -2.991806 9.0664215 -0.32144165

1492573654850 MAGNETIC_FIELD -1.7532349 -49.74518 -7.937622

1492573654931 GYROSCOPE -0.42018127 0.93707275 -0.05305481

1492573655015 ROTATION_VECTOR 0.6719831 -0.16727193 -0.34832385

1492573655021 GRAVITY -2.5181694 9.469329 0.401264

1492573655024 LINEAR_ACCELERATION -1.5736296 4.4660273 -0.3235265

1492573655038 ACCELEROMETER -1.0726166 9.145065 -0.56152344

1492573655044 MAGNETIC_FIELD 0.15563965 -50.534058 -13.850403

1492573655124 GYROSCOPE -0.1027832 1.2507324 -0.25106812

1492573655215 ROTATION_VECTOR 0.71708155 -0.057221614 -0.27862462

1492573655221 GRAVITY -3.2045386 9.261953 -0.3428453

1492573655223 LINEAR_ACCELERATION -2.9914238 -0.39157486 -0.677261

1492573655228 ACCELEROMETER -2.3743439 8.515091 -0.48005676

1492573655231 MAGNETIC_FIELD 7.119751 -48.954773 -10.922241

1492573655322 GYROSCOPE 0.14668274 0.36112976 0.02885437

1492573655403 GRAVITY -3.024833 9.3070345 -0.63236433

1492573655408 LINEAR_ACCELERATION 0.6484382 -0.027581215 1.5589871

1492573655410 ROTATION_VECTOR 0.72695106 -0.06151237 -0.26548514

1492573655421 ACCELEROMETER -2.8442993 8.773895 0.683136

1492573655423 MAGNETIC_FIELD 6.980896 -49.076843 -10.8810425

1492573655506 GYROSCOPE 0.15605164 -0.5768738 -0.18235779

1492573655605 GRAVITY -3.526937 9.143429 -0.35891238

1492573655610 LINEAR_ACCELERATION -0.28507996 2.2369413 -0.43766746

1492573655612 ROTATION_VECTOR 0.7129792 -0.09980043 -0.3371334

1492573655617 ACCELEROMETER -3.6024017 9.684036 -1.53125

1492573655619 MAGNETIC_FIELD 6.1904907 -49.264526 -10.33783

1492573655703 GYROSCOPE 0.17262268 -1.245636 0.114593506

1492573655817 ROTATION_VECTOR 0.68892306 -0.17957781 -0.38531375

1492573655823 ACCELEROMETER -2.6414185 8.719162 -1.0095825

1492573655826 MAGNETIC_FIELD 0.38909912 -50.169373 -9.886169

1492573655828 GRAVITY -3.138596 9.289859 -0.13460888

1492573655831 LINEAR_ACCELERATION -0.26620197 1.7869511 -0.6700159

1492573655905 GYROSCOPE 0.1290741 -0.048736572 0.47019958

1492573656008 GRAVITY -2.2473643 9.541457 -0.28344038

1492573656008 LINEAR_ACCELERATION -0.21405673 -2.0532713 0.336991

1492573656009 ROTATION_VECTOR 0.679447 -0.2297895 -0.36862814

1492573656009 ACCELEROMETER -2.6363678 8.654877 -0.03286743

1492573656009 MAGNETIC_FIELD -2.760315 -49.398804 -9.346008

1492573656089 GYROSCOPE -0.16755676 0.6831665 0.061798096

1492573656199 ACCELEROMETER -2.5290527 10.818008 -0.2319336

1492573656199 MAGNETIC_FIELD -1.0238647 -49.354553 -14.021301

1492573656201 GRAVITY -2.1727593 9.561488 -0.16569638

1492573656202 LINEAR_ACCELERATION -1.3504114 0.50914097 0.62834865

1492573656204 ROTATION_VECTOR 0.6885317 -0.18539762 -0.32777548

1492573656285 GYROSCOPE -0.27905273 0.81326294 -0.1299591

1492573656398 ACCELEROMETER -2.2577667 8.454315 0.5020447

1492573656400 MAGNETIC_FIELD 4.6035767 -47.88971 -13.304138

1492573656405 GRAVITY -2.3876078 9.510899 -0.11193588

1492573656414 LINEAR_ACCELERATION 3.8882713 -2.430788 -0.89248693

1492573656419 ROTATION_VECTOR 0.7034816 -0.104022935 -0.26908973

1492573656486 GYROSCOPE 0.12390137 0.6911316 -0.29249573

1492573656594 ACCELEROMETER -2.647461 8.391602 0.39294434

1492573656605 MAGNETIC_FIELD 5.7540894 -51.168823 -10.830688

1492573656609 GRAVITY -2.8318284 9.3571205 -0.77164555

1492573656612 LINEAR_ACCELERATION 0.77258587 -0.42410946 0.7022502

1492573656620 ROTATION_VECTOR 0.73375934 -0.030663254 -0.2235521

1492573656679 GYROSCOPE 0.26338196 -0.19866943 -0.0211792

1492573656804 GRAVITY -2.8826187 9.307785 -1.1072627

1492573656809 LINEAR_ACCELERATION -0.6761942 -0.5802679 1.6408414

1492573656811 ROTATION_VECTOR 0.74387836 -0.05567434 -0.24395673

1492573656873 ACCELEROMETER -4.107254 8.616989 -0.3182373

1492573656882 GYROSCOPE 0.7937622 -1.6864319 0.5093384

1492573656885 MAGNETIC_FIELD 6.6207886 -49.397278 -10.383606

1492573657007 GRAVITY -2.6756086 9.30418 -1.5632483

1492573657019 LINEAR_ACCELERATION -0.2522037 -4.369033 -1.1635618

1492573657022 ROTATION_VECTOR 0.7356403 -0.196308 -0.33375588

1492573657072 ACCELEROMETER -0.7220917 5.018173 -2.8059692

1492573657077 GYROSCOPE 2.042328 0.81066895 1.1065369

1492573657080 MAGNETIC_FIELD -7.1029663 -51.65863 2.7008057

1492573657209 GRAVITY -0.049615398 8.439913 -4.9935756

1492573657214 LINEAR_ACCELERATION 1.3383442 -4.1687737 1.6015549

1492573657217 ROTATION_VECTOR 0.7996706 -0.33930588 -0.19617186

1492573657266 ACCELEROMETER 3.5605316 3.781128 -5.0842743

1492573657277 GYROSCOPE 1.158783 3.008789 0.08898926

1492573657280 MAGNETIC_FIELD -17.555237 -44.900513 14.994812

1492573657406 GRAVITY 3.6444929 6.7190356 -6.143502

1492573657411 LINEAR_ACCELERATION -1.300878 0.118216515 -4.248415

1492573657415 ROTATION_VECTOR 0.8635599 -0.25979945 0.08787604

1492573657467 ACCELEROMETER 5.240967 8.476593 -10.109024

1492573657471 MAGNETIC_FIELD -28.619385 -38.638306 15.623474

1492573657571 GYROSCOPE 0.027114868 1.8233337 0.4730072

1492573657606 GRAVITY 6.669418 4.9913783 -5.1744943

1492573657611 LINEAR_ACCELERATION -2.0788317 -0.72727966 -13.4411125

1492573657615 ROTATION_VECTOR 0.8375598 -0.24963838 0.2896973

1492573657657 ACCELEROMETER 8.768326 4.837738 -7.2464447

1492573657662 MAGNETIC_FIELD -33.288574 -37.956238 1.5075684

1492573657762 GYROSCOPE -1.7397461 -0.5528412 -0.46705627

1492573657806 GRAVITY 5.6380115 7.0014033 -3.9196382

1492573657810 LINEAR_ACCELERATION -1.3301549 0.78477335 -0.08677721

1492573657814 ROTATION_VECTOR 0.7733283 -0.3190756 0.15488942

1492573657851 ACCELEROMETER 6.9626923 5.7549744 -4.2983856

1492573657856 MAGNETIC_FIELD -25.91095 -39.44702 -13.38501

1492573657957 GYROSCOPE -4.2805176 0.91215515 0.66311646

1492573658006 GRAVITY 6.469886 6.954381 2.4387586

1492573658025 LINEAR_ACCELERATION -2.5517783 -1.2226076 6.1088605

1492573658045 ROTATION_VECTOR 0.51244754 -0.33623716 0.13262354

1492573658047 ACCELEROMETER 7.034134 1.2767792 5.254257

1492573658051 MAGNETIC_FIELD -23.916626 -15.638733 -38.746643

1492573658155 GYROSCOPE -2.3084412 0.30825806 0.90345764

1492573658202 GRAVITY 6.952549 2.8430948 6.3047013

1492573658202 LINEAR_ACCELERATION 0.6022663 0.12762499 3.764758

1492573658204 ROTATION_VECTOR 0.21572703 -0.3633339 0.13331434

1492573658238 ACCELEROMETER 10.094406 -0.3894348 9.033249

1492573658239 MAGNETIC_FIELD -30.371094 4.66156 -39.71405

1492573658352 GYROSCOPE -0.60147095 -0.463974 0.59510803

1492573658425 GRAVITY 7.8536572 0.40996945 5.85853

1492573658427 LINEAR_ACCELERATION 2.1554823 -7.050901 5.084066

1492573658427 ROTATION_VECTOR 0.10653395 -0.43583095 0.16666257

1492573658433 ACCELEROMETER 6.566025 -2.2067413 4.6907043

1492573658433 MAGNETIC_FIELD -29.368591 11.477661 -41.4032

1492573658543 GYROSCOPE -0.072753906 0.21200562 -0.13237

1492573658602 GRAVITY 7.456237 -0.20967223 6.3663936

1492573658602 LINEAR_ACCELERATION 0.39355564 -3.8895702 0.47685337

1492573658604 ROTATION_VECTOR 0.079288855 -0.41123906 0.19691025

1492573658629 ACCELEROMETER 7.6499023 1.8055573 6.602051

1492573658629 MAGNETIC_FIELD -28.482056 10.055542 -42.726135

1492573658744 GYROSCOPE -0.04194641 -0.08879089 -0.5963135

1492573658805 GRAVITY 7.3283267 0.4064604 6.5039067

1492573658810 LINEAR_ACCELERATION 0.5739031 1.2361557 0.8976779

1492573658812 ROTATION_VECTOR 0.10162665 -0.39757398 0.17656693

1492573658828 ACCELEROMETER 6.926697 1.5679016 6.322708

1492573658831 MAGNETIC_FIELD -30.838013 5.987549 -40.72113

1492573658937 GYROSCOPE 0.49249268 -0.41151428 -0.5445099

1492573659005 GRAVITY 7.5670667 1.584494 6.0331807

1492573659010 LINEAR_ACCELERATION 0.61745596 1.0991366 0.3712721

1492573659012 ROTATION_VECTOR 0.15514314 -0.41027308 0.1388386

1492573659022 ACCELEROMETER 7.8705444 2.6492615 5.8068695

1492573659025 MAGNETIC_FIELD -35.775757 -3.37677 -36.471558

1492573659131 GYROSCOPE 1.2568054 -0.94007874 -0.67666626

1492573659205 GRAVITY 8.09952 3.4330187 4.3338833

1492573659208 LINEAR_ACCELERATION 0.99629354 -0.0025866032 1.2214742

1492573659212 ROTATION_VECTOR 0.26527512 -0.45679596 0.10605459

1492573659217 ACCELEROMETER 8.317215 6.5716705 1.4510498

1492573659220 MAGNETIC_FIELD -39.541626 -15.7196045 -26.28479

1492573659326 GYROSCOPE 1.3811493 -0.5835724 -0.9505615

1492573659405 GRAVITY 7.9654555 5.471079 1.6700917

1492573659408 LINEAR_ACCELERATION 1.0343447 2.379798 -1.0480453

1492573659415 ROTATION_VECTOR 0.42591435 -0.4831625 0.092076

1492573659417 ACCELEROMETER 5.899536 8.296738 0.67529297

1492573659420 MAGNETIC_FIELD -33.10852 -32.17163 -16.738892

1492573659520 GYROSCOPE 1.7144775 0.11225891 -1.552185

1492573659602 GRAVITY 5.901624 7.823344 -0.369468

1492573659618 LINEAR_ACCELERATION -0.10846138 0.6472626 0.64730597

1492573659622 ROTATION_VECTOR 0.59612733 -0.404314 0.03488872

1492573659716 ACCELEROMETER 1.6498718 5.0404663 0.6705017

1492573659717 GYROSCOPE 1.5250854 2.1926575 -0.061523438

1492573659720 MAGNETIC_FIELD -20.942688 -44.058228 -1.876831

1492573659807 GRAVITY 7.4620643 6.171594 1.5490006

1492573659814 LINEAR_ACCELERATION 5.9497495 -1.8879137 -6.1049004

1492573659817 ROTATION_VECTOR 0.63361764 -0.1398272 0.46806768

1492573659916 ACCELEROMETER 7.535248 2.8579865 -0.54418945

1492573659922 GYROSCOPE 0.035980225 4.5086365 1.7458191

1492573659925 MAGNETIC_FIELD -26.512146 -39.56604 -8.073425

1492573660006 GRAVITY 5.5685515 4.1108685 6.9471135

1492573660011 LINEAR_ACCELERATION 6.218583 -0.9589002 -1.0737314

1492573660015 ROTATION_VECTOR 0.38178214 0.006180131 0.75235236

1492573660112 ACCELEROMETER 10.220718 2.1639404 7.422119

1492573660116 GYROSCOPE -1.1281738 3.7525787 0.62542725

1492573660121 MAGNETIC_FIELD -23.649597 -32.221985 -28.91388

1492573660206 GRAVITY 1.2346659 1.7291865 9.573709

1492573660211 LINEAR_ACCELERATION 2.0415483 0.23292398 0.8086529

1492573660215 ROTATION_VECTOR 0.10257564 0.036809504 0.8169317

1492573660312 ACCELEROMETER 2.6749115 1.3200073 11.041077

1492573660315 GYROSCOPE -0.14326477 1.0025635 0.029754639

1492573660319 MAGNETIC_FIELD 4.121399 -22.96753 -42.477417

1492573660406 GRAVITY 0.47969648 1.9322442 9.602432

1492573660411 LINEAR_ACCELERATION -0.4201083 -0.6878972 -0.18502617

1492573660415 ROTATION_VECTOR 0.07498273 0.06920831 0.83095825

1492573660502 ACCELEROMETER 0.43545532 1.2032166 9.330338

1492573660506 GYROSCOPE 0.1244812 -0.026931763 0.034057617

1492573660511 MAGNETIC_FIELD 9.388733 -26.98059 -41.79535

1492573660607 GRAVITY 0.57193977 2.0314708 9.576867

1492573660611 LINEAR_ACCELERATION 0.25609452 -0.23194349 0.62668324

1492573660615 ROTATION_VECTOR 0.07996799 0.072943516 0.84392715

1492573660692 ACCELEROMETER 0.6370392 1.6009521 10.140091

1492573660693 GYROSCOPE -0.03933716 -0.006164551 -0.03994751

1492573660693 MAGNETIC_FIELD 8.584595 -27.554321 -40.785217

