1492573606250 MAGNETIC_FIELD -18.548584 3.2226563 -43.91327

1492573606356 ACCELEROMETER 0.5861206 2.7429047 9.3824005

1492573606380 GYROSCOPE -0.19178772 -0.23977661 -0.03388977

1492573606446 MAGNETIC_FIELD -20.976257 4.5684814 -41.57257

1492573606454 GRAVITY 0.5209509 2.8631902 9.364889

1492573606455 LINEAR_ACCELERATION 0.33479637 0.21617723 -0.12412453

1492573606456 ROTATION_VECTOR 0.12675169 -0.08035904 -0.37135834

1492573606558 ACCELEROMETER 0.9315491 2.1616821 9.751556

1492573606576 GYROSCOPE -0.12901306 -0.23928833 -0.3712616

1492573606641 MAGNETIC_FIELD -22.805786 2.0004272 -40.77301

1492573606654 GRAVITY 0.95937973 2.423398 9.453947

1492573606655 LINEAR_ACCELERATION -0.18267107 -0.22867775 0.27795315

1492573606656 ROTATION_VECTOR 0.09354554 -0.09608368 -0.40573332

1492573606796 ACCELEROMETER 1.0671234 0.921402 9.184311

1492573606797 GYROSCOPE -0.04156494 0.027389526 -0.2798767

1492573606854 GRAVITY 1.018818 1.8754172 9.571583

1492573606855 LINEAR_ACCELERATION -0.3364091 -1.1967056 0.009757042

1492573606857 ROTATION_VECTOR 0.05851017 -0.092529096 -0.4846258

1492573606907 ACCELEROMETER 1.2442932 1.8130188 7.991226

1492573606908 MAGNETIC_FIELD -23.422241 2.5634766 -41.955566

1492573606993 GYROSCOPE -0.11444092 0.21307373 0.060821533

1492573607054 GRAVITY 0.8333929 1.5773826 9.643013

1492573607055 LINEAR_ACCELERATION 0.8570108 1.231679 -0.5033102

1492573607057 ROTATION_VECTOR 0.04990959 -0.076499574 -0.48323372

1492573607102 MAGNETIC_FIELD -20.518494 3.768921 -42.182922

1492573607187 ACCELEROMETER 0.59062195 2.3686676 10.007431

1492573607188 GYROSCOPE 0.14447021 0.03845215 0.34020996

1492573607254 GRAVITY 0.7950644 1.8412781 9.599373

1492573607255 LINEAR_ACCELERATION -0.10764569 0.15621209 2.588478

1492573607256 ROTATION_VECTOR 0.06611245 -0.07872329 -0.44572037

1492573607298 MAGNETIC_FIELD -19.511414 3.491211 -42.964172

1492573607383 ACCELEROMETER 0.81359863 1.3174133 11.311722

1492573607384 GYROSCOPE 0.54151917 -0.052841187 0.5270996

1492573607454 GRAVITY 1.0890908 2.710698 9.361431

1492573607455 LINEAR_ACCELERATION -0.4409845 -1.6130526 -2.303832

1492573607457 ROTATION_VECTOR 0.105179444 -0.107875645 -0.3995071

1492573607493 MAGNETIC_FIELD -19.662476 0.73394775 -42.62085

1492573607579 ACCELEROMETER 0.8322754 1.374527 8.493927

1492573607579 GYROSCOPE 0.20333862 0.024932861 0.21739197

1492573607654 GRAVITY 1.1955751 2.9595745 9.272643

1492573607655 LINEAR_ACCELERATION -0.29702044 -1.2248371 -2.3522491

1492573607657 ROTATION_VECTOR 0.11662421 -0.116728686 -0.38582668

1492573607688 MAGNETIC_FIELD -21.21582 -0.6500244 -43.53943

1492573607774 ACCELEROMETER 1.2263184 2.1971893 8.571365

1492573607854 GRAVITY 1.1895944 2.508784 9.405384

1492573607855 LINEAR_ACCELERATION -0.23869383 -0.54819274 1.952467

1492573607857 ROTATION_VECTOR 0.0917421 -0.10973719 -0.4141171

1492573607884 GYROSCOPE -0.31015015 -0.08746338 -0.34347534

1492573607885 MAGNETIC_FIELD -20.98999 0.22277832 -42.897034

1492573607969 ACCELEROMETER 1.078598 1.6980743 10.602188

1492573608054 GRAVITY 0.833908 1.9901258 9.566315

1492573608055 LINEAR_ACCELERATION -0.68038094 -1.3301638 0.73690414

1492573608057 ROTATION_VECTOR 0.069931105 -0.08580979 -0.46791407

1492573608079 GYROSCOPE -0.22413635 0.16601563 -0.4788971

1492573608080 MAGNETIC_FIELD -18.945313 2.06604 -44.31305

1492573608164 ACCELEROMETER 0.41854858 1.5025024 8.382294

1492573608254 GRAVITY 0.055149928 2.0934336 9.580443

1492573608255 LINEAR_ACCELERATION -0.60618395 -0.18304598 -1.3145924

1492573608257 ROTATION_VECTOR 0.09200759 -0.055389296 -0.49016768

1492573608275 GYROSCOPE 0.018569946 0.33517456 -0.23368835

1492573608275 MAGNETIC_FIELD -15.917969 -0.022888184 -45.414734

1492573608359 ACCELEROMETER -0.47413635 2.2285614 9.536407

1492573608454 GRAVITY 0.19378076 2.3393753 9.521563

1492573608455 LINEAR_ACCELERATION -0.64530927 -0.28840923 2.265829

1492573608457 ROTATION_VECTOR 0.10226779 -0.06384909 -0.4544203

1492573608470 GYROSCOPE 0.12332153 -0.08081055 0.56614685

1492573608471 MAGNETIC_FIELD -15.90271 0.09307861 -45.83435

1492573608555 ACCELEROMETER 0.052017212 1.5441132 11.102509

1492573608654 GRAVITY 0.6521802 2.81507 9.371256

1492573608655 LINEAR_ACCELERATION -0.07858783 -1.2623029 -0.45708084

1492573608657 ROTATION_VECTOR 0.119505785 -0.08897929 -0.39629248

1492573608665 GYROSCOPE 0.39779663 -0.05682373 0.7045746

1492573608666 MAGNETIC_FIELD -16.940308 -1.5991211 -45.170593

1492573608750 ACCELEROMETER 0.04017639 1.5780334 7.972687

1492573608856 GRAVITY 0.86932814 3.0487564 9.280072

1492573608857 LINEAR_ACCELERATION -0.3953123 -0.97602344 -0.6976938

1492573608858 ROTATION_VECTOR 0.12948886 -0.100402385 -0.36753175

1492573608864 GYROSCOPE 0.16404724 -0.048690796 0.24085999

1492573608865 MAGNETIC_FIELD -18.487549 -0.67596436 -45.0119

1492573608952 ACCELEROMETER 0.4490204 2.5065613 8.872681

1492573609066 GRAVITY 0.78780764 2.9053614 9.3332

1492573609075 LINEAR_ACCELERATION 0.20779043 0.10406065 1.1056356

1492573609078 ROTATION_VECTOR 0.120884195 -0.09760252 -0.39779705

1492573609080 GYROSCOPE -0.28619385 0.04663086 -0.48284912

1492573609083 MAGNETIC_FIELD -16.357422 -0.8331299 -45.269775

1492573609154 ACCELEROMETER 0.8923187 1.8180847 10.117081

1492573609267 GYROSCOPE -0.2836914 -0.022766113 -0.68330383

1492573609273 GRAVITY 0.40045425 2.2685573 9.532244

1492573609276 LINEAR_ACCELERATION -0.24165541 -1.2912936 2.2403955

1492573609279 ROTATION_VECTOR 0.09332626 -0.072670765 -0.4645843

1492573609281 MAGNETIC_FIELD -16.93573 0.73394775 -45.521545

1492573609347 ACCELEROMETER 0.17045593 1.5302429 9.121765

1492573609463 GYROSCOPE 0.05757141 0.011703491 -0.2887268

1492573609469 GRAVITY 0.18486328 2.1386142 9.568832

1492573609472 LINEAR_ACCELERATION -0.1939189 0.08056593 -1.4534607

1492573609474 ROTATION_VECTOR 0.08986998 -0.063629754 -0.50234073

1492573609545 ACCELEROMETER -0.039505005 2.728836 9.885117

1492573609552 MAGNETIC_FIELD -15.422058 -0.8880615 -43.510437

1492573609654 GYROSCOPE 0.35980225 0.008987427 0.2437439

1492573609664 GRAVITY 0.15323982 2.5435715 9.469802

1492573609667 LINEAR_ACCELERATION -0.5760381 0.31778812 1.4572105

1492573609689 ROTATION_VECTOR 0.10902776 -0.0727147 -0.49947613

1492573609733 ACCELEROMETER -0.04508972 2.4646149 9.004547

1492573609734 MAGNETIC_FIELD -16.386414 -3.414917 -45.695496

1492573609841 GYROSCOPE 0.1349945 -0.036819458 0.42234802

1492573609860 GRAVITY 0.21590878 2.7806122 9.4017

1492573609863 LINEAR_ACCELERATION -1.8167449 -2.2541888 4.349225

1492573609865 ROTATION_VECTOR 0.11976547 -0.079391025 -0.4812872

1492573609924 MAGNETIC_FIELD -15.649414 -3.6132813 -45.039368

1492573610038 ACCELEROMETER 0.30870056 1.7303619 8.020004

1492573610042 GYROSCOPE 0.019363403 -0.008880615 0.28250122

1492573610058 GRAVITY 0.5978543 3.0837834 9.289954

1492573610061 LINEAR_ACCELERATION -0.07256687 -1.3930905 -0.6003523

1492573610064 ROTATION_VECTOR 0.12803467 -0.09975627 -0.447227

1492573610122 MAGNETIC_FIELD -18.19458 -3.7231445 -45.05768

1492573610239 ACCELEROMETER 0.88243103 2.1429749 8.749954

1492573610243 GYROSCOPE -0.4721985 -0.31222534 -0.25471497

1492573610262 GRAVITY 0.930536 2.6185148 9.404673

1492573610267 LINEAR_ACCELERATION -0.16905051 -0.100783825 -0.05858612

1492573610269 ROTATION_VECTOR 0.09857824 -0.10381461 -0.4480588

1492573610323 MAGNETIC_FIELD -19.496155 0.04272461 -44.64264

1492573610434 ACCELEROMETER 1.2748871 1.6539307 10.9543

1492573610441 GYROSCOPE -0.30534363 -0.16998291 -0.4519806

1492573610462 GRAVITY 1.3209404 1.4934374 9.6018305

1492573610466 LINEAR_ACCELERATION -0.31149316 -0.51166487 4.117481

1492573610469 ROTATION_VECTOR 0.03198784 -0.09705501 -0.50137544

1492573610520 MAGNETIC_FIELD -22.177124 0.8804321 -42.463684

1492573610630 ACCELEROMETER 1.0437622 1.4767303 8.69368

1492573610635 GYROSCOPE -0.10206604 0.13993835 -0.33247375

1492573610663 GRAVITY 1.177632 1.4713503 9.623861

1492573610667 LINEAR_ACCELERATION -0.42672908 -0.30911267 -0.19184303

1492573610670 ROTATION_VECTOR 0.03059401 -0.09156235 -0.5399213

1492573610713 MAGNETIC_FIELD -19.98291 -0.076293945 -43.389893

1492573610824 ACCELEROMETER 0.29309082 2.2980652 9.555038

1492573610830 GYROSCOPE 0.32595825 0.21716309 0.26689148

1492573610863 GRAVITY 0.71359605 1.6059216 9.647911

1492573610867 LINEAR_ACCELERATION -0.36834335 0.8861798 0.009545326

1492573610870 ROTATION_VECTOR 0.048479337 -0.07578394 -0.54875135

1492573610911 MAGNETIC_FIELD -18.795776 -2.5650024 -44.27185

1492573611011 ACCELEROMETER 0.3075409 1.6431427 10.23584

1492573611012 GYROSCOPE 0.15614319 0.08784485 0.6168823

1492573611055 GRAVITY 0.45967457 2.194121 9.546985

1492573611057 LINEAR_ACCELERATION 1.0904872 0.5145192 1.1898336

1492573611057 ROTATION_VECTOR 0.08495206 -0.07760408 -0.5053522

1492573611110 MAGNETIC_FIELD -16.374207 -1.1856079 -44.670105

1492573611215 ACCELEROMETER 0.99710083 1.584732 8.165802

1492573611222 GYROSCOPE 0.055618286 -0.0818634 0.33232117

1492573611264 GRAVITY 0.8161673 2.2817707 9.502515

1492573611272 LINEAR_ACCELERATION 0.06460869 -0.8537946 0.80718327

1492573611275 ROTATION_VECTOR 0.08459339 -0.09138141 -0.4585751

1492573611302 MAGNETIC_FIELD -18.90564 -2.0477295 -45.144653

1492573611416 ACCELEROMETER 1.5908661 2.3836823 8.463821

1492573611422 GYROSCOPE -0.24549866 -0.13642883 -0.46818542

1492573611466 GRAVITY 0.97731215 2.1848624 9.51008

1492573611474 LINEAR_ACCELERATION 0.74649465 0.4044714 -1.4545698

1492573611477 ROTATION_VECTOR 0.07701242 -0.095864214 -0.45245624

1492573611496 MAGNETIC_FIELD -20.42389 -0.13580322 -44.674683

1492573611607 ACCELEROMETER 1.5852203 1.3137054 12.308884

1492573611666 GRAVITY 1.2934788 1.4901655 9.606076

1492573611675 LINEAR_ACCELERATION -0.3385147 1.2125832 -0.66049385

1492573611677 ROTATION_VECTOR 0.031730585 -0.096018635 -0.50874496

1492573611693 GYROSCOPE -0.1508789 -0.0639801 -0.5778198

1492573611700 MAGNETIC_FIELD -21.038818 -1.2283325 -44.26422

1492573611806 ACCELEROMETER 0.8631439 0.9117737 8.533005

1492573611866 GRAVITY 1.019375 1.612568 9.619297

1492573611872 LINEAR_ACCELERATION 1.7410868 1.1140854 -4.456869

1492573611875 ROTATION_VECTOR 0.0391883 -0.08953547 -0.5574221

1492573611880 GYROSCOPE -0.27560425 0.23303223 -0.66693115

1492573611882 MAGNETIC_FIELD -19.15741 -2.7038574 -43.81256

1492573611998 ACCELEROMETER 0.2368164 2.068344 8.863205

1492573612066 GRAVITY 0.50461686 1.2699338 9.710974

1492573612076 LINEAR_ACCELERATION 0.23466569 0.9712006 -0.9921112

1492573612079 ROTATION_VECTOR 0.036470853 -0.059565093 -0.59826773

1492573612082 GYROSCOPE 0.10899353 -0.053848267 0.008544922

1492573612195 ACCELEROMETER 0.9949188 1.5403137 10.678207

1492573612204 MAGNETIC_FIELD -19.641113 -2.6275635 -43.885803

1492573612266 GRAVITY 0.6367287 1.6662459 9.643059

1492573612276 LINEAR_ACCELERATION -0.3516811 -0.006207943 3.8564568

1492573612279 ROTATION_VECTOR 0.04921253 -0.07693472 -0.59206855

1492573612281 GYROSCOPE 0.35513306 -0.14273071 -0.07019043

1492573612384 ACCELEROMETER 1.5543671 0.019821167 9.695053

1492573612385 MAGNETIC_FIELD -20.715332 -7.357788 -42.803955

1492573612464 GRAVITY 0.98553115 2.1134386 9.525361

1492573612467 LINEAR_ACCELERATION 0.6667438 -1.6768622 -1.0534134

1492573612470 ROTATION_VECTOR 0.054325398 -0.10672642 -0.6115418

1492573612472 GYROSCOPE -0.080200195 -0.26071167 -0.7041321

1492573612580 ACCELEROMETER 1.8700867 0.22885132 8.49556

1492573612584 MAGNETIC_FIELD -21.92688 -9.436035 -40.681458

1492573612667 GRAVITY 1.1510531 2.0046635 9.530309

1492573612675 LINEAR_ACCELERATION 1.6332004 -1.4003059 -1.5156898

1492573612678 ROTATION_VECTOR 0.032989137 -0.1140228 -0.6897454

1492573612681 GYROSCOPE -0.48187256 -0.70150757 -1.98526

1492573612782 ACCELEROMETER 1.8409271 -0.6863556 10.267563

1492573612788 MAGNETIC_FIELD -22.343445 -12.467957 -39.631653

1492573612865 GYROSCOPE -0.8854523 -0.2766266 -2.8407288

1492573612871 GRAVITY 1.4771626 0.54071033 9.67967

1492573612874 LINEAR_ACCELERATION 0.79227245 -1.7165923 0.89296246

1492573612877 ROTATION_VECTOR -0.06590447 -0.04616047 -0.96322936

1492573612975 ACCELEROMETER 2.6148834 -0.5416565 9.80661

1492573612992 MAGNETIC_FIELD -15.621948 -17.556763 -40.59906

1492573613047 GYROSCOPE -0.43806458 0.06762695 -2.6865387

1492573613055 GRAVITY 1.1065253 0.42420858 9.734785

1492573613056 LINEAR_ACCELERATION -0.16757047 -1.0970954 -0.21721554

1492573613057 ROTATION_VECTOR 0.05706243 0.020198753 0.9978321

1492573613162 ACCELEROMETER 0.69351196 -0.15307617 9.412079

1492573613165 MAGNETIC_FIELD -5.0460815 -20.121765 -42.585754

1492573613246 GYROSCOPE -0.085128784 0.1234436 -1.796402

1492573613256 GRAVITY 0.69430804 0.5672161 9.765582

1492573613266 LINEAR_ACCELERATION -0.2738641 0.77753997 -0.028522491

1492573613268 ROTATION_VECTOR 0.040859926 0.02060013 0.97530526

1492573613363 ACCELEROMETER 0.5459595 1.4546967 10.769638

1492573613381 MAGNETIC_FIELD 1.751709 -20.587158 -43.667603

1492573613437 GYROSCOPE 0.2521515 -0.2594452 -0.6639557

1492573613459 GRAVITY 1.0296128 1.0973251 9.690519

1492573613459 LINEAR_ACCELERATION -1.5449222 -2.2659302 1.8380489

1492573613460 ROTATION_VECTOR 0.06603222 0.039506663 0.958739

1492573613556 ACCELEROMETER 0.12522888 -0.086502075 9.838791

1492573613556 MAGNETIC_FIELD 2.4017334 -22.619629 -42.022705

1492573613641 GYROSCOPE 0.38015747 -0.07757568 -0.6160126

1492573613660 GRAVITY 1.0084733 1.9370282 9.560403

1492573613661 LINEAR_ACCELERATION -1.5683187 -1.4381013 -1.7887182

1492573613661 ROTATION_VECTOR 0.079933316 0.0785227 0.9450285

1492573613751 MAGNETIC_FIELD 4.0359497 -25.466919 -38.95569

1492573613829 ACCELEROMETER -0.34275818 0.96884155 8.840103

1492573613830 GYROSCOPE 0.058792114 0.07028198 -0.67329407

1492573613861 GRAVITY 0.5492454 2.1125453 9.560642

1492573613880 LINEAR_ACCELERATION -0.9404892 -0.6994114 0.037857056

1492573613883 ROTATION_VECTOR 0.06560972 0.0907651 0.9259081

1492573613956 MAGNETIC_FIELD 7.7041626 -24.822998 -39.953613

1492573614035 ACCELEROMETER 0.8313904 2.0492096 8.980026

1492573614044 GYROSCOPE -0.056106567 -0.4395752 -0.83566284

1492573614064 GRAVITY 0.9111007 2.2095208 9.510957

1492573614071 LINEAR_ACCELERATION 0.5134196 -0.12138629 -0.85882854

1492573614074 ROTATION_VECTOR 0.09142123 0.081965365 0.8941634

1492573614146 MAGNETIC_FIELD 7.8292847 -22.27478 -41.462708

1492573614232 ACCELEROMETER 0.8530426 0.27104187 10.042633

1492573614266 GRAVITY 0.758198 1.1775345 9.706128

1492573614272 LINEAR_ACCELERATION -0.7607774 -1.7430574 1.2607956

1492573614275 ROTATION_VECTOR 0.06451785 0.031025993 0.8500825

1492573614344 GYROSCOPE -0.55126953 -0.04446411 -0.9833374

1492573614350 MAGNETIC_FIELD 11.688232 -14.4104 -43.104553

1492573614426 ACCELEROMETER 1.646698 0.54112244 9.030258

1492573614466 GRAVITY 0.4193801 1.0861397 9.737289

1492573614472 LINEAR_ACCELERATION 1.4764943 0.5109302 -1.5470686

1492573614475 ROTATION_VECTOR 0.04948134 0.032984886 0.8157037

1492573614536 GYROSCOPE -0.06100464 0.15428162 -0.5959625

1492573614545 MAGNETIC_FIELD 13.7161255 -13.66272 -43.07556

1492573614623 ACCELEROMETER 1.7757416 2.56279 9.565521

1492573614666 GRAVITY 0.4733831 2.1023226 9.56695

1492573614675 LINEAR_ACCELERATION 0.9190104 1.0512807 0.24547958

1492573614677 ROTATION_VECTOR 0.085658245 0.069885366 0.78210574

1492573614726 GYROSCOPE 0.64009094 -0.05065918 -0.46073914

1492573614731 MAGNETIC_FIELD 14.616394 -18.302917 -40.8432

1492573614816 ACCELEROMETER -0.1425476 1.9731598 10.524841

1492573614866 GRAVITY 0.32633317 2.8792548 9.368767

1492573614875 LINEAR_ACCELERATION -0.39596844 -1.4983168 3.2031965

1492573614877 ROTATION_VECTOR 0.10238572 0.10882562 0.7918737

1492573614927 GYROSCOPE 0.3873291 0.03112793 0.16769409

1492573614936 MAGNETIC_FIELD 13.589478 -22.647095 -39.878845

1492573615013 ACCELEROMETER 0.2546234 1.4842529 8.833511

1492573615067 GRAVITY 0.7280752 3.284044 9.211696

1492573615075 LINEAR_ACCELERATION -0.57472277 -1.811207 0.5163393

1492573615078 ROTATION_VECTOR 0.12656507 0.11964737 0.81531715

1492573615126 GYROSCOPE 0.2050476 -0.12739563 0.21975708

1492573615132 MAGNETIC_FIELD 12.367249 -23.751831 -38.365173

1492573615207 ACCELEROMETER 0.82398987 2.4844818 7.3592987

1492573615266 GRAVITY 0.8947749 3.1343617 9.2490835

1492573615274 LINEAR_ACCELERATION -0.08071393 -0.67155504 -0.59825134

1492573615277 ROTATION_VECTOR 0.12824821 0.109454975 0.82111186

1492573615321 GYROSCOPE -0.25653076 -0.17181396 -0.07447815

1492573615327 MAGNETIC_FIELD 11.354065 -20.880127 -40.589905

1492573615404 ACCELEROMETER 1.4817505 2.0914154 9.736221

1492573615466 GRAVITY 1.2502406 2.222657 9.469271

1492573615474 LINEAR_ACCELERATION 1.3802675 0.32636738 -0.68382835

1492573615477 ROTATION_VECTOR 0.11875263 0.05567218 0.8068342

1492573615513 GYROSCOPE -0.5862274 -0.10762024 -0.40483093

1492573615521 MAGNETIC_FIELD 11.242676 -14.149475 -42.88788

1492573615597 ACCELEROMETER 1.2706757 1.1008453 9.930038

1492573615666 GRAVITY 0.80275476 1.6690216 9.630178

1492573615675 LINEAR_ACCELERATION 1.0246723 -0.5524008 0.70977974

1492573615677 ROTATION_VECTOR 0.08508935 0.04192077 0.78353995

1492573615708 GYROSCOPE -0.12173462 0.19807434 -0.3575287

1492573615796 ACCELEROMETER 0.82803345 2.4875946 8.90506

1492573615804 MAGNETIC_FIELD 14.614868 -12.547302 -43.397522

1492573615861 GRAVITY 0.4251958 1.7878195 9.632928

1492573615862 LINEAR_ACCELERATION 1.2971675 1.4556754 0.09107399

1492573615863 ROTATION_VECTOR 0.074936636 0.05693749 0.7693694

1492573615901 GYROSCOPE 0.15484619 0.14454651 -0.060775757

1492573615983 ACCELEROMETER 0.578125 2.3116455 10.32782

1492573615985 MAGNETIC_FIELD 16.505432 -14.361572 -41.207886

1492573616056 GRAVITY 0.30852333 2.5102475 9.474906

1492573616061 LINEAR_ACCELERATION -0.3346629 -0.22381115 0.6996889

1492573616063 ROTATION_VECTOR 0.090573505 0.09333085 0.790453

1492573616087 GYROSCOPE 0.37686157 0.013809204 0.47706604

1492573616172 ACCELEROMETER 0.38813782 1.4660034 9.823624

1492573616173 MAGNETIC_FIELD 14.416504 -18.399048 -39.926147

1492573616257 GRAVITY 0.9601182 3.0031598 9.285989

1492573616258 LINEAR_ACCELERATION -0.58542055 -1.2510049 -0.62721443

1492573616259 ROTATION_VECTOR 0.12744515 0.10150894 0.8205144

1492573616282 GYROSCOPE 0.38337708 -0.21166992 0.44047546

1492573616371 MAGNETIC_FIELD 11.845398 -24.563599 -39.450073

1492573616462 GRAVITY 1.2309489 3.4359922 9.102148

1492573616466 LINEAR_ACCELERATION -0.38439548 -0.7690613 -2.2416725

1492573616470 ROTATION_VECTOR 0.14785802 0.1185647 0.83661

1492573616485 ACCELEROMETER 0.6842346 2.2079926 8.250214

1492573616488 GYROSCOPE -0.024871826 -0.01940918 -0.011062622

1492573616566 MAGNETIC_FIELD 12.554932 -24.546814 -39.889526

1492573616660 GRAVITY 1.1238264 2.8842583 9.305292

1492573616663 LINEAR_ACCELERATION 0.23837352 -0.43172026 1.7532063

1492573616665 ROTATION_VECTOR 0.12879173 0.094735675 0.8336985

1492573616677 ACCELEROMETER 1.3511047 2.8146362 8.801025

1492573616680 GYROSCOPE -0.6212311 -0.029251099 -0.2509308

1492573616761 MAGNETIC_FIELD 12.484741 -17.02118 -42.391968

1492573616861 GRAVITY 1.1162823 2.2861152 9.4709015

1492573616864 LINEAR_ACCELERATION 1.6848496 0.40917897 -1.1350098

1492573616866 ROTATION_VECTOR 0.11458537 0.06315538 0.81099427

1492573616872 ACCELEROMETER 1.372055 1.4648132 10.917877

1492573616875 GYROSCOPE 0.07095337 0.12057495 -0.3837433

1492573616961 MAGNETIC_FIELD 15.008545 -16.972351 -41.993713

1492573617060 GRAVITY 0.57442623 2.2979097 9.516303

1492573617062 LINEAR_ACCELERATION -0.77172273 0.1513133 -1.4168034

1492573617077 ROTATION_VECTOR 0.09438693 0.07677674 0.7943758

1492573617079 ACCELEROMETER 0.3321228 2.3654327 8.4257965

1492573617081 GYROSCOPE 0.076309204 0.11404419 0.0065460205

1492573617151 MAGNETIC_FIELD 15.371704 -17.333984 -41.29181

1492573617261 GRAVITY 0.50252205 2.762804 9.395998

1492573617262 LINEAR_ACCELERATION 0.31975982 0.7597816 1.0722713

1492573617262 ROTATION_VECTOR 0.103716314 0.10089783 0.8057439

1492573617262 ACCELEROMETER 0.2603302 3.3003693 9.931519

1492573617263 GYROSCOPE 0.23962402 0.14904785 0.4091034

1492573617351 MAGNETIC_FIELD 16.989136 -20.518494 -39.39514

1492573617461 GRAVITY 0.4655194 2.9310226 9.346806

1492573617462 LINEAR_ACCELERATION -1.6399002 -1.8602142 0.44756413

1492573617473 ACCELEROMETER -0.1802063 1.8829956 9.751144

1492573617476 ROTATION_VECTOR 0.10065706 0.11538491 0.8373569

1492573617478 GYROSCOPE 0.20515442 0.0015563965 0.7179718

1492573617546 MAGNETIC_FIELD 14.146423 -24.679565 -38.41858

1492573617657 ACCELEROMETER 0.5992584 2.1291656 7.982361

1492573617664 GYROSCOPE -0.018249512 -0.04144287 0.3085785

1492573617666 GRAVITY 1.0346984 3.2414339 9.197439

1492573617671 LINEAR_ACCELERATION -0.26674747 -0.8582792 -1.5784073

1492573617677 ROTATION_VECTOR 0.124271624 0.12497065 0.8759987

1492573617746 MAGNETIC_FIELD 11.483765 -24.838257 -39.81018

1492573617853 ACCELEROMETER 1.1153717 2.4487152 8.768845

1492573617862 GRAVITY 1.1298252 2.797315 9.331073

1492573617865 LINEAR_ACCELERATION -0.13699877 0.17426205 -1.275075

1492573617868 ROTATION_VECTOR 0.117010996 0.1027431 0.8823095

1492573617944 GYROSCOPE -0.8269043 -0.12562561 -0.27505493

1492573617951 MAGNETIC_FIELD 13.026428 -18.551636 -41.648865

1492573618043 ACCELEROMETER 2.079361 1.4881134 9.7131195

1492573618055 GRAVITY 0.98543555 1.4178847 9.65344

1492573618055 LINEAR_ACCELERATION 0.3606003 -1.2186602 6.4487877

1492573618057 ROTATION_VECTOR 0.07895946 0.039710693 0.8753649

1492573618124 GYROSCOPE -0.08470154 0.24461365 -0.43658447

1492573618125 MAGNETIC_FIELD 14.81781 -16.67633 -41.37268

1492573618234 ACCELEROMETER 0.8765564 1.4469147 8.402588

1492573618255 GRAVITY 0.47565103 1.653898 9.654469

1492573618255 LINEAR_ACCELERATION 0.57924056 -0.5324495 -1.4924202

1492573618257 ROTATION_VECTOR 0.065335095 0.059079807 0.8462833

1492573618320 GYROSCOPE 0.07115173 0.099105835 -0.3572235

1492573618321 MAGNETIC_FIELD 19.155884 -17.4057 -39.953613

1492573618430 ACCELEROMETER 0.11991882 2.3874207 9.180634

1492573618455 GRAVITY 0.26934627 1.807667 9.634842

1492573618455 LINEAR_ACCELERATION 0.026877046 0.5955632 0.055776596

1492573618457 ROTATION_VECTOR 0.062537715 0.069633424 0.8306842

1492573618522 GYROSCOPE 0.063690186 0.13887024 0.22279358

1492573618641 ACCELEROMETER -0.7728729 1.228302 11.825027

1492573618649 MAGNETIC_FIELD 18.47229 -18.081665 -38.00659

1492573618665 GRAVITY 0.043954473 1.7842836 9.642862

1492573618671 LINEAR_ACCELERATION -0.31786147 1.3771275 -0.8898134

1492573618674 ROTATION_VECTOR 0.050551906 0.07612737 0.8428863

1492573618725 GYROSCOPE 0.16749573 -0.04348755 0.43928528

1492573618837 ACCELEROMETER 0.67604065 1.3089752 8.499237

1492573618843 MAGNETIC_FIELD 16.552734 -22.60437 -36.86371

1492573618865 GRAVITY 0.32365423 2.402214 9.502368

1492573618871 LINEAR_ACCELERATION -0.8453854 -2.0376382 -0.4571247

1492573618874 ROTATION_VECTOR 0.072443284 0.10132142 0.8769576

1492573618917 GYROSCOPE 0.36705017 -0.04336548 0.2596588

1492573619027 ACCELEROMETER 0.7583008 2.2485657 8.051987

1492573619034 MAGNETIC_FIELD 14.199829 -25.279236 -35.27069

1492573619062 GRAVITY 0.47141734 2.921234 9.349575

1492573619064 LINEAR_ACCELERATION 0.39126796 -0.74977326 -1.2801313

1492573619075 ROTATION_VECTOR 0.08866656 0.124268286 0.88566476

1492573619103 GYROSCOPE -0.0962677 -0.20976257 -0.22329712

1492573619215 ACCELEROMETER 1.4993439 1.8359528 9.667435

1492573619220 MAGNETIC_FIELD 13.690186 -24.615479 -35.316467

1492573619259 GRAVITY 0.80419576 2.693723 9.395079

1492573619262 LINEAR_ACCELERATION 0.20766771 -0.9120617 0.9650917

1492573619264 ROTATION_VECTOR 0.10120731 0.10364054 0.8760807

1492573619301 GYROSCOPE -0.5516968 -0.32002258 -0.60162354

1492573619422 ACCELEROMETER 1.8945007 1.4889984 9.994553

1492573619430 MAGNETIC_FIELD 13.697815 -19.059753 -36.914063

1492573619466 GRAVITY 1.1345236 1.7374244 9.584602

1492573619475 LINEAR_ACCELERATION 0.5899056 -0.35445654 0.6797352

1492573619477 ROTATION_VECTOR 0.09636002 0.045122486 0.8454014

1492573619504 GYROSCOPE -0.035629272 0.121795654 -0.6152954

1492573619614 ACCELEROMETER 1.3201599 2.1182556 8.584045

1492573619623 MAGNETIC_FIELD 16.18805 -16.694641 -35.473633

1492573619666 GRAVITY 0.7129153 1.8014493 9.613372

1492573619675 LINEAR_ACCELERATION 0.5664868 0.12764752 -1.2958736

1492573619678 ROTATION_VECTOR 0.08309198 0.05431547 0.8127356

1492573619698 GYROSCOPE 0.18530273 0.14808655 -0.5579071

1492573619813 ACCELEROMETER 0.79063416 1.9694977 9.679428

1492573619819 MAGNETIC_FIELD 18.47992 -16.235352 -32.907104

1492573619866 GRAVITY 0.2928964 2.2240074 9.546643

1492573619873 LINEAR_ACCELERATION 1.5710262 0.37735224 -0.37119865

1492573619876 ROTATION_VECTOR 0.08240724 0.08040974 0.78062683

1492573619894 GYROSCOPE 0.39620972 -0.058517456 -0.39457703

1492573620014 MAGNETIC_FIELD 21.92688 -17.897034 -28.863525

1492573620055 GRAVITY 0.22575983 2.9053006 9.3636875

1492573620058 LINEAR_ACCELERATION 0.90341747 -1.2348015 1.7719593

1492573620060 ROTATION_VECTOR 0.10510105 0.107417725 0.75809675

1492573620077 ACCELEROMETER 1.7098389 1.3065796 9.407333

1492573620079 GYROSCOPE -0.040008545 -0.46923828 -0.7993927

1492573620193 MAGNETIC_FIELD 21.295166 -11.868286 -31.4682

1492573620259 GRAVITY 0.6650487 2.8819516 9.3499975

1492573620260 LINEAR_ACCELERATION 1.6435742 -2.2843301 -0.09495163

1492573620260 ROTATION_VECTOR 0.12692168 0.08469765 0.71937305

1492573620277 ACCELEROMETER 2.3032684 1.0135651 7.7443237

1492573620279 GYROSCOPE -0.85827637 -0.71136475 -2.30188

1492573620390 MAGNETIC_FIELD 16.21399 3.3294678 -35.873413

1492573620461 GRAVITY 0.85317266 1.5175194 9.6508875

1492573620462 LINEAR_ACCELERATION 0.44925278 -1.5529983 1.833888

1492573620462 ROTATION_VECTOR 0.08885478 0.0068220203 0.5531539

1492573620474 ACCELEROMETER 1.1100616 -0.16534424 10.150467

1492573620475 GYROSCOPE -0.7340088 -0.4650421 -2.563202

1492573620586 MAGNETIC_FIELD 5.303955 15.118408 -36.68518

1492573620661 GRAVITY 1.2572784 0.49871528 9.712926

1492573620661 LINEAR_ACCELERATION 0.47740352 -1.4208626 1.8695421

1492573620662 ROTATION_VECTOR 0.04456649 -0.052843697 0.31665653

1492573620663 ACCELEROMETER 1.5397797 -1.3006439 9.654968

1492573620774 GYROSCOPE -0.7030945 0.4394989 -2.3536987

1492573620775 MAGNETIC_FIELD -0.33111572 20.848083 -34.39026

1492573620856 GRAVITY 0.37938598 -0.5344771 9.784722

1492573620856 LINEAR_ACCELERATION 0.591951 -0.7764574 0.23179817

1492573620858 ACCELEROMETER 1.2993317 0.039398193 9.620941

1492573620858 ROTATION_VECTOR -0.025872743 -0.021180596 0.06862406

1492573620977 GYROSCOPE 0.27409363 0.1554718 -1.8644257

1492573620977 MAGNETIC_FIELD -6.465149 17.449951 -37.057495

1492573621059 GRAVITY 0.29015732 -0.12003454 9.801621

1492573621060 LINEAR_ACCELERATION 1.0949776 0.5019248 1.0058985

1492573621060 ACCELEROMETER 1.0957031 1.4418488 9.181213

1492573621061 ROTATION_VECTOR 0.05884494 -0.052780725 -0.23859644

1492573621172 GYROSCOPE 0.73547363 -0.44232178 -0.91264343

1492573621173 MAGNETIC_FIELD -13.095093 11.335754 -39.523315

1492573621256 ACCELEROMETER 0.16783142 1.3172302 11.238922

1492573621257 GRAVITY 1.3300644 2.0644128 9.494184

1492573621257 LINEAR_ACCELERATION -0.5082085 -1.2981067 2.823781

1492573621258 ROTATION_VECTOR 0.08098251 -0.09681535 -0.2949269

1492573621374 GYROSCOPE 0.29670715 -0.26669312 -0.42800903

1492573621381 MAGNETIC_FIELD -17.784119 7.444763 -40.48767

1492573621462 ACCELEROMETER 0.18078613 1.3165894 8.810623

1492573621468 GRAVITY 1.1503023 2.691275 9.359714

1492573621471 LINEAR_ACCELERATION -0.36092865 -0.60388374 -0.9651518

1492573621473 ROTATION_VECTOR 0.10920014 -0.10422461 -0.3465453

1492573621567 GYROSCOPE 0.2443695 -0.054504395 -0.46318054

1492573621576 MAGNETIC_FIELD -19.429016 1.9485474 -43.344116

1492573621653 ACCELEROMETER 1.0396423 2.7997742 7.864029

1492573621663 GRAVITY 1.1897784 2.8458073 9.30893

1492573621666 LINEAR_ACCELERATION -0.27588367 0.15710759 -1.4838371

1492573621668 ROTATION_VECTOR 0.10868367 -0.11646665 -0.40611684

1492573621774 GYROSCOPE -0.11114502 -0.35144043 -0.63809204

1492573621789 MAGNETIC_FIELD -22.572327 -0.019836426 -41.575623

1492573621838 ACCELEROMETER 1.1377411 2.2537537 9.538712

1492573621860 GRAVITY 2.036189 2.008866 9.380234

1492573621863 LINEAR_ACCELERATION -0.88506997 0.42082846 -0.39921093

1492573621866 ROTATION_VECTOR 0.03992039 -0.14194211 -0.47807044

1492573621951 GYROSCOPE -0.7104645 -0.61509705 -0.6672516

1492573621954 MAGNETIC_FIELD -27.09961 1.7837524 -37.428284

1492573622083 ACCELEROMETER 1.76474 1.5165863 10.687546

1492573622089 GRAVITY 2.0019863 1.8007317 9.42973

1492573622089 LINEAR_ACCELERATION -0.28249025 -0.1413914 -1.2757626

1492573622090 ROTATION_VECTOR 0.02027251 -0.1371372 -0.54749507

1492573622141 GYROSCOPE 0.008987427 0.1424408 -0.71884155

1492573622229 ACCELEROMETER 0.77545166 2.0448456 8.778748

1492573622230 MAGNETIC_FIELD -26.184082 -3.8101196 -40.444946

1492573622258 GRAVITY 1.2776506 1.9228222 9.531041

1492573622259 LINEAR_ACCELERATION -0.38258517 0.89662206 -1.1245327

1492573622259 ROTATION_VECTOR 0.041185383 -0.11115709 -0.584578

1492573622341 GYROSCOPE 0.113861084 0.26402283 -0.03353882

1492573622435 ACCELEROMETER 0.6414795 3.0751495 9.31691

1492573622441 MAGNETIC_FIELD -25.143433 -5.2108765 -42.547607

1492573622465 GRAVITY 1.1521709 2.416875 9.434066

1492573622472 LINEAR_ACCELERATION 0.08733499 0.5222368 0.4271307

1492573622474 ROTATION_VECTOR 0.06982859 -0.118829556 -0.55488616

1492573622540 GYROSCOPE 0.051757813 0.2572937 0.4822693

1492573622623 ACCELEROMETER 0.33483887 1.9029388 10.381149

1492573622627 MAGNETIC_FIELD -21.10138 -3.1082153 -43.692017

1492573622662 GRAVITY 0.41183582 2.2176566 9.54373

1492573622666 LINEAR_ACCELERATION -1.776186 -1.7273259 -0.84020805

1492573622668 ROTATION_VECTOR 0.08715923 -0.076213375 -0.5063122

1492573622739 GYROSCOPE 0.04421997 0.31221008 0.6966095

1492573622823 MAGNETIC_FIELD -18.89038 -1.8737793 -44.181824

1492573622866 GRAVITY 0.6474486 2.1901007 9.537015

1492573622873 LINEAR_ACCELERATION -0.55509925 -0.27524042 -0.9772625

1492573622876 ROTATION_VECTOR 0.08535324 -0.08038898 -0.44800597

1492573622934 ACCELEROMETER -0.024658203 1.6740417 8.687332

1492573622943 GYROSCOPE 0.053726196 -0.061325073 0.49838257

1492573623039 MAGNETIC_FIELD -18.91632 0.038146973 -45.11566

1492573623059 GRAVITY 1.0320246 2.163733 9.509131

1492573623062 LINEAR_ACCELERATION 0.016366303 0.5248933 -0.8979645

1492573623080 ROTATION_VECTOR 0.07670484 -0.096361935 -0.43472904

1492573623118 ACCELEROMETER 0.94244385 2.14682 9.189377

1492573623119 GYROSCOPE -0.23144531 -0.32661438 -0.17164612

1492573623203 MAGNETIC_FIELD -23.146057 1.0345459 -43.286133

1492573623258 GRAVITY 1.2356514 1.4484435 9.620061

1492573623259 LINEAR_ACCELERATION -1.3274587 -2.6532047 5.794976

1492573623259 ROTATION_VECTOR 0.034332328 -0.09129466 -0.48133633

1492573623314 ACCELEROMETER 1.9513855 1.0812836 9.801544

1492573623316 GYROSCOPE -0.17468262 0.022476196 -0.37161255

1492573623400 MAGNETIC_FIELD -21.940613 -0.54473877 -43.41278

1492573623461 GRAVITY 1.1288754 1.596527 9.609741

1492573623462 LINEAR_ACCELERATION 0.98921347 0.23200262 -1.8264675

1492573623464 ROTATION_VECTOR 0.040191203 -0.09178355 -0.51376104

1492573623515 ACCELEROMETER 1.8480072 1.4715881 8.813431

1492573623517 GYROSCOPE 0.07862854 0.046417236 -0.4185791

1492573623605 MAGNETIC_FIELD -21.072388 -2.5527954 -43.969727

1492573623665 GRAVITY 1.0121987 1.8897307 9.569469

1492573623671 LINEAR_ACCELERATION 0.34023225 0.89862823 -0.31440926

1492573623674 ROTATION_VECTOR 0.053606495 -0.09601646 -0.5362375

1492573623715 ACCELEROMETER 1.3265381 2.6809845 9.080414

1492573623724 GYROSCOPE -0.03656006 0.056365967 0.017471313

1492573623803 MAGNETIC_FIELD -20.228577 -2.1453857 -44.926453

1492573623866 GRAVITY 1.0163424 1.545638 9.630599

1492573623875 LINEAR_ACCELERATION -0.12957847 -0.29258764 4.6469593

1492573623878 ROTATION_VECTOR 0.039403066 -0.086159766 -0.5289647

1492573623911 ACCELEROMETER 0.442276 1.4728394 11.056641

1492573623917 GYROSCOPE -0.035598755 0.008056641 0.2571106

1492573623995 MAGNETIC_FIELD -18.946838 -1.2710571 -43.896484

1492573624066 GRAVITY 1.0112077 1.6159841 9.619586

1492573624075 LINEAR_ACCELERATION -0.6360574 -0.806025 0.6186991

1492573624081 ROTATION_VECTOR 0.044551916 -0.086906426 -0.50992316

1492573624106 ACCELEROMETER 0.07536316 1.0063171 8.968582

1492573624113 GYROSCOPE 0.106292725 -0.058242798 0.11830139

1492573624193 MAGNETIC_FIELD -19.110107 -1.399231 -43.82782

1492573624266 GRAVITY 1.0966414 1.7588449 9.585105

1492573624275 LINEAR_ACCELERATION -0.7065321 0.066872954 -0.6273327

1492573624278 ROTATION_VECTOR 0.048229083 -0.09470816 -0.5131538

1492573624300 ACCELEROMETER 0.670578 2.0200348 8.601379

1492573624386 GYROSCOPE -0.052001953 -0.23391724 -0.19259644

1492573624395 MAGNETIC_FIELD -21.56372 -0.8392334 -43.789673

1492573624467 GRAVITY 1.5907581 1.5514774 9.551586

1492573624489 LINEAR_ACCELERATION -0.31494844 0.300511 0.28041935

1492573624500 ROTATION_VECTOR 0.022702806 -0.11175526 -0.5381825

1492573624502 ACCELEROMETER 1.4649506 1.3089294 10.397934

1492573624578 GYROSCOPE -0.32252502 -0.22761536 -0.4831848

1492573624578 MAGNETIC_FIELD -24.10736 -1.763916 -42.567444

1492573624662 GRAVITY 1.7271972 1.31967 9.562722

1492573624662 LINEAR_ACCELERATION -0.028111577 -0.7835727 0.7947521

1492573624663 ROTATION_VECTOR 0.0029197752 -0.111482546 -0.58245444

1492573624687 ACCELEROMETER 1.2071533 0.8879242 9.058945

1492573624771 GYROSCOPE 0.11689758 0.081207275 -0.42886353

1492573624772 MAGNETIC_FIELD -22.866821 -2.8305054 -42.703247

1492573624862 GRAVITY 1.4513646 1.6641258 9.554822

1492573624862 LINEAR_ACCELERATION -0.4114914 0.6423501 -0.64541626

1492573624863 ROTATION_VECTOR 0.021173391 -0.111316554 -0.6135697

1492573624875 ACCELEROMETER 1.2105865 2.552948 8.581207

1492573624967 GYROSCOPE 0.16323853 0.07849121 0.020523071

1492573625062 GRAVITY 1.2948021 1.9973339 9.513387

1492573625062 LINEAR_ACCELERATION -0.10364485 0.7046541 0.54669094

1492573625063 ROTATION_VECTOR 0.04144275 -0.115042426 -0.6005458

1492573625071 ACCELEROMETER 1.0635529 2.7209625 9.902298

1492573625071 MAGNETIC_FIELD -22.50061 -5.142212 -43.39447

1492573625157 GYROSCOPE 0.0026550293 0.1446991 0.3224182

1492573625261 GRAVITY 1.1212384 1.8096961 9.572784

1492573625264 LINEAR_ACCELERATION -2.2443652 -1.2060885 -0.027301788

1492573625268 ROTATION_VECTOR 0.04235061 -0.10064906 -0.57579786

1492573625271 ACCELEROMETER 0.2618866 1.1892242 9.8992

1492573625273 MAGNETIC_FIELD -19.441223 -3.213501 -43.588257

1492573625354 GYROSCOPE 0.04801941 -0.11343384 0.36221313

1492573625465 GRAVITY 1.4362022 1.8668838 9.519583

1492573625471 LINEAR_ACCELERATION -1.3723373 -0.37294555 -1.0347643

1492573625474 ROTATION_VECTOR 0.03861369 -0.11465316 -0.5524384

1492573625476 ACCELEROMETER 0.875 1.8844147 8.15004

1492573625479 MAGNETIC_FIELD -21.139526 -2.305603 -43.833923

1492573625554 GYROSCOPE -0.04335022 -0.18702698 0.019866943

1492573625663 GRAVITY 1.7826521 1.7261039 9.487524

1492573625668 LINEAR_ACCELERATION -0.35454237 0.4439553 -0.9057455

1492573625672 ROTATION_VECTOR 0.022249307 -0.12560213 -0.5550762

1492573625674 ACCELEROMETER 2.044876 1.5371246 9.528976

1492573625677 MAGNETIC_FIELD -22.532654 -1.9515991 -42.50641

1492573625752 GYROSCOPE -0.4105072 -0.4636078 -0.5008545

1492573625865 ACCELEROMETER 2.3295135 0.7925873 10.523041

1492573625869 ROTATION_VECTOR -0.027390655 -0.1359989 -0.6044908

1492573625872 GRAVITY 2.4171486 1.1909938 9.429173

1492573625874 LINEAR_ACCELERATION -0.724133 -1.3572112 5.0433655

1492573625876 MAGNETIC_FIELD -26.390076 -1.3046265 -39.11743

1492573625936 GYROSCOPE 0.0015258789 0.11895752 -0.46678162

1492573626046 ACCELEROMETER 1.972168 2.2328644 8.045242

1492573626047 MAGNETIC_FIELD -25.779724 -4.5684814 -41.778564

1492573626056 GRAVITY 2.0989637 1.3916191 9.477771

1492573626060 LINEAR_ACCELERATION 0.013021231 0.16607058 -1.1949501

1492573626061 ROTATION_VECTOR -0.015095915 -0.12860912 -0.6405405

1492573626132 GYROSCOPE 0.07850647 0.20874023 -0.33432007

1492573626243 ACCELEROMETER 1.3088684 2.3689423 10.520309

1492573626245 MAGNETIC_FIELD -23.510742 -4.7973633 -42.49115

1492573626256 GRAVITY 1.612404 1.7090096 9.521021

1492573626269 LINEAR_ACCELERATION 0.18554962 1.1790929 -0.48463726

1492573626272 ROTATION_VECTOR 0.010047979 -0.1202585 -0.66282123

1492573626331 GYROSCOPE 0.022033691 0.11445618 0.21246338

1492573626442 MAGNETIC_FIELD -22.592163 -5.9555054 -42.71393

1492573626457 GRAVITY 1.4649295 1.7546656 9.536536

1492573626466 LINEAR_ACCELERATION 1.2405531 1.0873077 1.7793207

1492573626470 ROTATION_VECTOR 0.019704346 -0.11568807 -0.6446473

1492573626531 ACCELEROMETER 0.37800598 0.9498596 9.619156

1492573626536 GYROSCOPE 0.24710083 -0.027572632 0.5510864

1492573626636 MAGNETIC_FIELD -22.93396 -5.9402466 -43.84613

1492573626657 GRAVITY 1.5733428 1.8898463 9.493338

1492573626663 LINEAR_ACCELERATION -0.9939202 -0.8953669 0.35548592

1492573626671 ROTATION_VECTOR 0.026098823 -0.12366625 -0.6148744

1492573626721 ACCELEROMETER 0.6342926 1.7943115 7.100418

1492573626725 GYROSCOPE -0.5856781 0.66563416 0.24595642

1492573626836 MAGNETIC_FIELD -19.33899 1.2145996 -44.33441

1492573626857 GRAVITY 0.5964317 0.9647917 9.740833

1492573626863 LINEAR_ACCELERATION -0.33044815 0.8596561 -3.3862524

1492573626866 ROTATION_VECTOR 0.021326806 -0.053859938 -0.5962552

1492573626918 ACCELEROMETER 1.921936 2.1411896 5.3459167

1492573626924 GYROSCOPE 0.4493103 -2.0208435 0.1363678

1492573627032 MAGNETIC_FIELD -34.27124 -1.1672974 -36.006165

1492573627057 GRAVITY 3.493498 1.3061835 9.069716

1492573627070 LINEAR_ACCELERATION -2.2019494 -1.0502496 -1.7420502

1492573627072 ROTATION_VECTOR -0.050874557 -0.1870427 -0.5726999

1492573627111 ACCELEROMETER 2.7027588 -0.04588318 4.04068

1492573627223 GYROSCOPE 0.6210022 -1.6128998 0.25482178

1492573627227 MAGNETIC_FIELD -42.726135 -3.7124634 -22.062683

1492573627261 GRAVITY 6.344829 2.0536063 7.1900096

1492573627265 LINEAR_ACCELERATION -0.7673421 -0.5644908 0.3906622

1492573627267 ROTATION_VECTOR -0.10474917 -0.34991306 -0.5286164

1492573627307 ACCELEROMETER 11.127701 -0.6536102 9.347321

1492573627420 GYROSCOPE -0.55093384 -1.1200714 -1.2015686

1492573627424 MAGNETIC_FIELD -45.114136 -11.102295 -12.590027

1492573627460 GRAVITY 7.5600204 2.736957 5.614762

1492573627463 LINEAR_ACCELERATION 2.980462 -1.3373444 6.8060207

1492573627466 ROTATION_VECTOR -0.18124883 -0.42529485 -0.60456246

1492573627512 ACCELEROMETER 11.200363 5.338455 8.959503

1492573627609 GYROSCOPE -0.41261292 -1.5690613 -0.99360657

1492573627610 MAGNETIC_FIELD -43.954468 -19.264221 -2.4246216

1492573627657 GRAVITY 8.213075 4.2911534 3.2096388

1492573627660 LINEAR_ACCELERATION 1.9365544 -2.574747 3.8574646

1492573627662 ROTATION_VECTOR -0.27151343 -0.5124787 -0.67137754

1492573627697 ACCELEROMETER 4.978058 2.843155 4.4475555

1492573627808 GYROSCOPE -2.0912476 1.4113159 0.42677307

1492573627814 MAGNETIC_FIELD -42.80243 -14.161682 -18.843079

1492573627856 GRAVITY 7.2589226 2.2875962 6.1842813

1492573627857 LINEAR_ACCELERATION -10.05637 1.3669951 6.359915

1492573627859 ROTATION_VECTOR -0.29384074 -0.3136033 -0.7868787

1492573627889 ACCELEROMETER 4.487259 3.076477 9.984711

1492573628001 GYROSCOPE 0.34022522 1.5847015 2.1075134

1492573628005 MAGNETIC_FIELD -37.373352 4.182434 -29.806519

1492573628057 GRAVITY 4.738339 0.661005 8.560468

1492573628064 LINEAR_ACCELERATION -1.5797038 2.019462 3.6616583

1492573628066 ROTATION_VECTOR -0.1731848 -0.18315199 -0.7556458

1492573628086 ACCELEROMETER 6.135025 -4.216614 6.1696014

1492573628195 GYROSCOPE -0.7892151 1.9491119 1.3304138

1492573628204 MAGNETIC_FIELD -25.52948 15.783691 -36.35559

1492573628256 GRAVITY 3.6705854 -2.0304713 8.864219

1492573628256 LINEAR_ACCELERATION 1.1833305 -2.181679 -3.6152945

1492573628259 ROTATION_VECTOR -0.19815348 -0.093732715 -0.56982154

1492573628279 ACCELEROMETER 4.3764954 -4.2272034 8.312668

1492573628392 GYROSCOPE -0.10803223 -0.21505737 -0.2160492

1492573628396 MAGNETIC_FIELD -25.598145 16.242981 -36.769104

1492573628461 GRAVITY 1.2965863 -2.935042 9.266865

1492573628464 LINEAR_ACCELERATION -0.44549358 0.17716575 0.1770544

1492573628467 ROTATION_VECTOR -0.15881066 0.047964327 -0.6422718

1492573628477 ACCELEROMETER 2.0049744 -2.265686 8.350952

1492573628587 GYROSCOPE 0.19403076 0.18547058 0.1456604

1492573628657 GRAVITY 0.8039247 -2.9365149 9.322069

1492573628664 LINEAR_ACCELERATION 1.364692 0.85991216 0.11500931

1492573628667 ROTATION_VECTOR -0.14334394 0.064492404 -0.6286269

1492573628672 ACCELEROMETER 2.1593323 -1.9052277 9.307831

1492573628675 MAGNETIC_FIELD -25.617981 17.10968 -36.979675

1492573628782 GYROSCOPE 0.10131836 0.13006592 0.035629272

1492573628858 GRAVITY 0.6390123 -2.6772194 9.412468

1492573628859 LINEAR_ACCELERATION 1.4070566 0.70576024 0.21706581

1492573628859 ROTATION_VECTOR -0.12821837 0.06047946 -0.61862177

1492573628866 ACCELEROMETER 1.7800446 -1.9134369 9.627228

1492573628867 MAGNETIC_FIELD -24.177551 13.745117 -37.982178

1492573628975 GYROSCOPE 0.05722046 -0.042556763 0.028457642

