1509672495053 ACCELEROMETER -0.14390564 4.0196686 -8.387482

1509672495055 GYROSCOPE 0.39187622 -0.047286987 -0.38285828

1509672495056 MAGNETIC_FIELD -16.065979 -17.382813 44.67621

1509672495057 GRAVITY 0.4447267 4.83912 -8.517953

1509672495058 LINEAR_ACCELERATION 0.0 0.0 -0.0

1509672495058 ROTATION_VECTOR 0.0 0.0 0.0

1509672495254 ACCELEROMETER 0.32554626 4.4721375 -8.649216

1509672495256 GYROSCOPE -0.0791626 0.079818726 0.19499207

1509672495256 MAGNETIC_FIELD -17.24701 -17.21344 44.51294

1509672495257 GRAVITY 0.2836263 4.497228 -8.710045

1509672495258 LINEAR_ACCELERATION -0.082623124 0.05266571 -0.28480244

1509672495258 ROTATION_VECTOR 0.5308635 -0.81380135 -0.18951997

1509672495456 ACCELEROMETER 0.7602234 4.771988 -8.681244

1509672495457 GYROSCOPE -0.184906 0.10972595 -0.03465271

1509672495458 MAGNETIC_FIELD -17.753601 -18.055725 43.03589

1509672495458 GRAVITY 0.46936867 4.6412954 -8.626034

1509672495459 LINEAR_ACCELERATION -0.072785616 0.081097126 -0.52613926

1509672495459 ROTATION_VECTOR 0.53055584 -0.8113666 -0.19078968

1509672495657 ACCELEROMETER 0.7459259 4.534912 -8.869766

1509672495658 GYROSCOPE 0.22097778 -0.0761261 -0.049606323

1509672495659 MAGNETIC_FIELD -17.921448 -18.223572 41.888428

1509672495660 GRAVITY 0.64031523 4.654313 -8.608006

1509672495660 LINEAR_ACCELERATION 0.541114 0.18815708 -0.029881477

1509672495661 ROTATION_VECTOR 0.54091585 -0.80392545 -0.1843838

1509672495893 ACCELEROMETER 0.046722412 4.1706085 -9.281555

1509672495895 GYROSCOPE -0.059936523 0.1407013 0.27189636

1509672495895 MAGNETIC_FIELD -15.414429 -15.2908325 46.063232

1509672495896 GRAVITY 0.663233 4.3608313 -8.758634

1509672495897 LINEAR_ACCELERATION -0.61810976 -0.2127657 -0.718338

1509672495897 ROTATION_VECTOR 0.55212736 -0.80107516 -0.1684415

1509672496095 ACCELEROMETER 0.4497528 4.3237 -8.808884

1509672496097 GYROSCOPE 0.10562134 0.21226501 -0.07417297

1509672496097 MAGNETIC_FIELD -16.116333 -14.300537 46.04187

1509672496098 GRAVITY 0.9524791 4.335359 -8.744589

1509672496098 LINEAR_ACCELERATION -0.5527433 0.11789703 0.06260872

1509672496099 ROTATION_VECTOR 0.53639156 -0.81125456 -0.1620473

1509672496297 ACCELEROMETER 0.5859375 3.7275543 -9.062653

1509672496297 GYROSCOPE 0.0821228 0.21546936 0.056137085

1509672496298 MAGNETIC_FIELD -16.7984 -12.954712 46.70105

1509672496298 LINEAR_ACCELERATION -0.6938498 -0.35074806 -0.26222515

1509672496299 GRAVITY 1.2068284 4.1127105 -8.820406

1509672496300 ROTATION_VECTOR 0.5506244 -0.8040699 -0.14185804

1509672496498 ACCELEROMETER 1.1622925 3.689682 -9.394012

1509672496499 GYROSCOPE -0.010803223 -0.03553772 0.018753052

1509672496499 MAGNETIC_FIELD -19.27185 -13.290405 44.296265

1509672496500 LINEAR_ACCELERATION -0.20175159 -0.28113556 -0.6048937

1509672496501 GRAVITY 1.3609725 3.9762435 -8.860453

1509672496501 ROTATION_VECTOR 0.5568223 -0.80106574 -0.13003692

1509672496700 ACCELEROMETER 1.0464478 3.73378 -9.018372

1509672496701 GYROSCOPE 0.005218506 -0.01524353 -0.027175903

1509672496701 MAGNETIC_FIELD -20.225525 -12.220764 44.787598

1509672496702 GRAVITY 1.2845438 3.9536722 -8.881937

1509672496703 LINEAR_ACCELERATION -0.22163284 -0.23103404 -0.13263321

1509672496703 ROTATION_VECTOR 0.5577777 -0.80108476 -0.13113548

1509672496901 ACCELEROMETER 1.0985565 3.7522888 -9.078461

1509672496901 GYROSCOPE -0.007598877 0.0071868896 0.013412476

1509672496902 MAGNETIC_FIELD -20.002747 -12.789917 45.225525

1509672496903 GRAVITY 1.2485894 3.934165 -8.895716

1509672496904 LINEAR_ACCELERATION -0.20520484 -0.19644427 -0.15571308

1509672496904 ROTATION_VECTOR 0.558263 -0.8011852 -0.13126431

1509672497102 ACCELEROMETER 1.2092896 3.744049 -9.151657

1509672497103 GYROSCOPE -0.015075684 -0.0013580322 -0.039993286

1509672497104 MAGNETIC_FIELD -19.216919 -13.235474 44.67621

1509672497105 GRAVITY 1.2337523 3.8724852 -8.924803

1509672497105 LINEAR_ACCELERATION -0.007094145 -0.13324165 -0.16426468

1509672497106 ROTATION_VECTOR 0.56785554 -0.7953479 -0.12702592

1509672497304 ACCELEROMETER 1.1022949 3.7426758 -9.0746155

1509672497305 GYROSCOPE -0.068481445 -0.0131073 -0.045333862

1509672497305 MAGNETIC_FIELD -19.493103 -12.721252 45.503235

1509672497306 GRAVITY 1.1593497 3.8676298 -8.936875

1509672497306 LINEAR_ACCELERATION -0.05377567 -0.17319894 -0.107497215

1509672497307 ROTATION_VECTOR 0.5787488 -0.78784746 -0.1267707

1509672497505 ACCELEROMETER 0.9798279 3.7553864 -8.929993

1509672497506 GYROSCOPE -0.015075684 0.017868042 -0.006881714

1509672497506 MAGNETIC_FIELD -19.493103 -12.281799 44.184875

1509672497507 GRAVITY 1.0966812 3.8995895 -8.930895

1509672497507 LINEAR_ACCELERATION -0.103625655 -0.13330984 0.024143219

1509672497508 ROTATION_VECTOR 0.5861885 -0.7821329 -0.12846589

1509672497709 GRAVITY 1.0679957 3.857811 -8.95249

1509672497710 LINEAR_ACCELERATION -0.05303502 -0.1380179 -0.034258842

1509672497710 ROTATION_VECTOR 0.5937207 -0.7771394 -0.12601675

1509672497711 ACCELEROMETER 1.0366211 3.736908 -9.013107

1509672497711 GYROSCOPE -0.0054626465 -0.010971069 -0.018630981

1509672497711 MAGNETIC_FIELD -18.934631 -12.954712 44.29474

1509672497915 ROTATION_VECTOR 0.5985856 -0.7739439 -0.124268055

1509672497917 LINEAR_ACCELERATION -0.09136665 -0.08244228 -0.10674286

1509672497918 GRAVITY 1.0474668 3.8248475 -8.969044

1509672497919 ACCELEROMETER 0.9485321 3.7517548 -9.090698

1509672497920 GYROSCOPE -0.017211914 0.036026 0.03263855

1509672497921 MAGNETIC_FIELD -19.825745 -13.62915 44.62433

1509672498120 GRAVITY 1.0597038 3.8550878 -8.954647

1509672498123 LINEAR_ACCELERATION 0.046895385 -0.034506798 0.0024194717

1509672498125 ROTATION_VECTOR 0.598465 -0.7735629 -0.12514898

1509672498128 ACCELEROMETER 1.1721497 3.8871307 -9.006882

1509672498130 GYROSCOPE -0.030029297 -0.03767395 -0.05921936

1509672498132 MAGNETIC_FIELD -19.213867 -14.135742 44.026184

1509672498319 GRAVITY 1.0228736 3.8867967 -8.945218

1509672498324 LINEAR_ACCELERATION 0.073188305 0.025047302 -0.054826736

1509672498326 ROTATION_VECTOR 0.5965599 -0.7747229 -0.12803976

1509672498328 ACCELEROMETER 1.0095978 3.892395 -9.024597

1509672498330 GYROSCOPE 0.0020141602 -0.009902954 -0.01008606

1509672498332 MAGNETIC_FIELD -19.274902 -13.632202 43.63556

1509672498520 GRAVITY 0.9739177 3.870669 -8.957666

1509672498525 LINEAR_ACCELERATION -0.018956482 -0.11029172 -0.01938343

1509672498527 ROTATION_VECTOR 0.5998593 -0.7725819 -0.12823248

1509672498529 ACCELEROMETER 0.97125244 3.780182 -9.044891

1509672498532 GYROSCOPE -0.033233643 -0.014175415 -0.03892517

1509672498534 MAGNETIC_FIELD -19.891357 -13.461304 44.56787

1509672498717 GRAVITY 0.94493484 3.8989363 -8.948507

1509672498718 LINEAR_ACCELERATION 0.053329885 -0.03510499 -0.0028924942

1509672498718 ROTATION_VECTOR 0.59771687 -0.77393895 -0.13077657

1509672498719 ACCELEROMETER 1.021286 3.9091187 -9.0125885

1509672498719 GYROSCOPE -0.009735107 -0.021652222 -0.021835327

1509672498719 MAGNETIC_FIELD -19.328308 -13.571167 45.114136

1509672498924 GRAVITY 0.9087146 3.8959212 -8.95357

1509672498927 LINEAR_ACCELERATION 0.0056706667 -0.0097801685 -0.07767105

1509672498929 ROTATION_VECTOR 0.6006505 -0.7718316 -0.13119116

1509672498931 ACCELEROMETER 0.9096985 3.9174347 -9.075287

1509672498934 GYROSCOPE -0.003326416 -0.0024261475 -0.0143585205

1509672498936 MAGNETIC_FIELD -20.67566 -14.245605 44.784546

1509672499133 ACCELEROMETER 0.9222717 3.8725586 -9.053848

1509672499139 GRAVITY 0.9049056 3.8834944 -8.9593525

1509672499141 LINEAR_ACCELERATION -0.0122151375 -0.033909798 0.0050754547

1509672499143 ROTATION_VECTOR 0.5983961 -0.7737712 -0.13127166

1509672499146 GYROSCOPE 0.0041503906 0.010391235 -4.7302246E-4

1509672499148 MAGNETIC_FIELD -20.794678 -13.4552 45.34149

1509672499334 ACCELEROMETER 1.0363617 3.949936 -9.139114

1509672499340 GRAVITY 0.9533599 3.865835 -8.961965

1509672499342 LINEAR_ACCELERATION 0.100869894 0.023040771 -0.0859375

1509672499344 ROTATION_VECTOR 0.5941113 -0.7771517 -0.12989442

1509672499347 GYROSCOPE 0.010559082 0.008255005 -0.03465271

1509672499349 MAGNETIC_FIELD -19.773865 -13.2247925 44.229126

1509672499532 GRAVITY 0.92477953 3.8430305 -8.974758

1509672499538 LINEAR_ACCELERATION -0.08288211 -0.054378033 0.031380653

1509672499541 ROTATION_VECTOR 0.59423363 -0.7774778 -0.1298271

1509672499543 ACCELEROMETER 0.8587799 3.800064 -9.012344

1509672499545 GYROSCOPE -1.2207031E-4 0.012527466 0.011276245

1509672499548 MAGNETIC_FIELD -18.539429 -14.135742 45.225525

1509672499736 ACCELEROMETER 0.95236206 3.8076935 -9.009384

1509672499743 GRAVITY 0.9584442 3.8202415 -8.980954

1509672499745 LINEAR_ACCELERATION -0.0046370625 -0.026455164 0.07587242

1509672499747 ROTATION_VECTOR 0.59496933 -0.7771182 -0.12766579

1509672499749 GYROSCOPE 0.034057617 0.048843384 -0.07203674

1509672499751 MAGNETIC_FIELD -19.66858 -13.896179 44.34204

1509672499932 ACCELEROMETER 0.9255829 3.7457886 -9.237076

1509672499938 GRAVITY 0.91196305 3.7604163 -9.010992

1509672499941 LINEAR_ACCELERATION 0.0073527694 -0.045188427 -0.13506413

1509672499943 ROTATION_VECTOR 0.5977134 -0.77599704 -0.12610397

1509672499945 GYROSCOPE -0.007598877 -0.06758118 -0.0015411377

1509672499948 MAGNETIC_FIELD -18.371582 -13.179016 44.95392

1509672500133 GRAVITY 0.83798593 3.7604985 -9.018139

1509672500135 LINEAR_ACCELERATION 0.027366757 -0.12090659 -0.07915115

1509672500136 ROTATION_VECTOR 0.6009004 -0.7737673 -0.12782106

1509672500138 ACCELEROMETER 0.81669617 3.677063 -9.192184

1509672500139 GYROSCOPE -0.066345215 -0.03553772 0.019821167

1509672500142 MAGNETIC_FIELD -18.710327 -14.300537 45.610046

1509672500332 GRAVITY 0.7683435 3.7878816 -9.012879

1509672500337 LINEAR_ACCELERATION -0.064236104 -0.07607651 -0.011176109

1509672500339 ROTATION_VECTOR 0.60375965 -0.7713645 -0.13060595

1509672500341 ACCELEROMETER 0.7673645 3.781784 -9.138153

1509672500343 GYROSCOPE -1.2207031E-4 -0.0077667236 -0.018630981

1509672500345 MAGNETIC_FIELD -17.977905 -13.795471 44.458008

1509672500534 GRAVITY 0.76493007 3.7768784 -9.017786

1509672500537 LINEAR_ACCELERATION 0.047935903 -0.019912481 -0.059205055

1509672500539 ROTATION_VECTOR 0.60287607 -0.7722173 -0.13043751

1509672500541 ACCELEROMETER 0.818985 3.7922974 -9.181671

1509672500543 GYROSCOPE -0.008666992 -0.01737976 0.01234436

1509672500545 MAGNETIC_FIELD -18.8797 -13.801575 44.88678

1509672500735 ACCELEROMETER 0.76109314 3.7781525 -9.006241

1509672500738 GRAVITY 0.746111 3.7540848 -9.028873

1509672500740 LINEAR_ACCELERATION 0.029671967 -0.010791063 0.12116146

1509672500742 ROTATION_VECTOR 0.59613806 -0.7777942 -0.13140702

1509672500744 GYROSCOPE 0.052215576 -0.020584106 -0.020767212

1509672500746 MAGNETIC_FIELD -18.711853 -13.626099 44.841003

1509672500935 GRAVITY 0.7252407 3.7220516 -9.043824

1509672500936 LINEAR_ACCELERATION 0.0036922693 -0.005369425 -0.019395828

1509672500936 ROTATION_VECTOR 0.5905509 -0.782532 -0.13179153

1509672500936 ACCELEROMETER 0.74861145 3.7539063 -9.127548

1509672500937 GYROSCOPE -0.021484375 0.0061187744 -0.002609253

1509672500937 MAGNETIC_FIELD -17.243958 -13.745117 45.169067

1509672501144 GRAVITY 0.75859565 3.7293735 -9.038069

1509672501151 ACCELEROMETER 0.81185913 3.7463531 -9.162552

1509672501154 LINEAR_ACCELERATION 0.021477401 -0.023326397 -0.034235

1509672501156 ROTATION_VECTOR 0.58873796 -0.78370965 -0.1313966

1509672501158 GYROSCOPE -0.0054626465 0.014663696 0.015548706

1509672501161 MAGNETIC_FIELD -18.881226 -13.905334 45.443726

1509672501347 ACCELEROMETER 0.8503113 3.8122253 -9.121628

1509672501353 GRAVITY 0.8004649 3.748241 -9.026646

1509672501355 LINEAR_ACCELERATION 0.0800249 0.026648283 -0.02261734

1509672501357 ROTATION_VECTOR 0.5858524 -0.78549844 -0.13143122

1509672501359 GYROSCOPE -0.009735107 -0.016311646 -0.0015411377

1509672501362 MAGNETIC_FIELD -19.552612 -13.908386 45.988464

1509672501542 ACCELEROMETER 0.7852173 3.767929 -9.126205

1509672501548 GYROSCOPE 0.010559082 -0.016311646 -0.03251648

1509672501551 MAGNETIC_FIELD -17.24701 -14.077759 45.60852

1509672501553 GRAVITY 0.7579629 3.7461805 -9.031169

1509672501555 LINEAR_ACCELERATION -0.0012198687 -0.01530695 0.013825417

1509672501558 ROTATION_VECTOR 0.5854624 -0.7859359 -0.13273825

1509672501749 ACCELEROMETER 0.64193726 3.6972198 -9.136627

1509672501755 GRAVITY 0.71207315 3.707205 -9.050965

1509672501757 LINEAR_ACCELERATION -0.089821756 -0.055617332 -0.009480476

1509672501760 ROTATION_VECTOR 0.5850778 -0.78686386 -0.13259616

1509672501762 GYROSCOPE 0.0041503906 0.005050659 0.054000854

1509672501764 MAGNETIC_FIELD -17.752075 -12.785339 45.443726

1509672501946 GRAVITY 0.7958392 3.7304175 -9.034435

1509672501952 LINEAR_ACCELERATION 0.121267736 0.04036784 0.008859634

1509672501955 ROTATION_VECTOR 0.57388633 -0.79453284 -0.13307184

1509672501957 ACCELEROMETER 0.90127563 3.7856598 -9.160507

1509672501960 GYROSCOPE -0.016143799 -0.0034942627 0.008071899

1509672501962 MAGNETIC_FIELD -18.655396 -13.343811 45.4422

1509672502153 ACCELEROMETER 0.7714386 3.7387543 -9.2104645

1509672502159 GRAVITY 0.78223157 3.7195075 -9.040119

1509672502162 LINEAR_ACCELERATION -0.015619755 -0.053890944 -0.07449818

1509672502164 ROTATION_VECTOR 0.5748836 -0.7939941 -0.13283841

1509672502166 GYROSCOPE -0.011871338 -0.0066986084 0.005935669

1509672502169 MAGNETIC_FIELD -19.04602 -12.840271 45.280457

1509672502351 GRAVITY 0.7660362 3.756509 -9.026196

1509672502357 LINEAR_ACCELERATION -0.014991879 -0.0038485527 0.05478382

1509672502359 ROTATION_VECTOR 0.5741869 -0.7940512 -0.13503072

1509672502362 ACCELEROMETER 0.7619324 3.7990265 -9.050156

1509672502364 GYROSCOPE -0.02041626 -0.0066986084 -0.002609253

1509672502366 MAGNETIC_FIELD -18.534851 -13.134766 44.77997

1509672502546 ACCELEROMETER 0.78341675 3.8034668 -9.133041

1509672502549 GYROSCOPE -0.0043945313 -2.89917E-4 -0.0058135986

1509672502551 MAGNETIC_FIELD -19.413757 -12.8845215 45.53833

1509672502555 GRAVITY 0.76193863 3.7878153 -9.013451

1509672502557 LINEAR_ACCELERATION 0.009118199 0.0072140694 0.02974987

1509672502559 ROTATION_VECTOR 0.57128286 -0.7957349 -0.13702446

1509672502742 ACCELEROMETER 0.71943665 3.7463684 -9.119415

1509672502743 GRAVITY 0.721325 3.7705321 -9.024033

1509672502744 LINEAR_ACCELERATION 0.009271622 -0.10607004 -0.090060234

1509672502744 GYROSCOPE -0.04071045 -0.03553772 -0.022903442

1509672502744 MAGNETIC_FIELD -18.69049 -14.413452 45.388794

1509672502745 ROTATION_VECTOR 0.5825379 -0.7878751 -0.13544434

1509672502943 ACCELEROMETER 0.7520447 4.023346 -8.945831

1509672502945 GYROSCOPE 0.010559082 0.014663696 -0.023971558

1509672502945 MAGNETIC_FIELD -18.592834 -13.397217 44.726563

1509672502945 LINEAR_ACCELERATION 0.03096199 0.12278962 0.1601181

1509672502946 GRAVITY 0.70330286 3.880887 -8.978557

1509672502946 ROTATION_VECTOR 0.57156384 -0.79441404 -0.14272128

1509672503145 LINEAR_ACCELERATION 0.034688234 -0.025004387 -0.06719303

1509672503146 GRAVITY 0.7189157 3.8693025 -8.982319

1509672503146 ROTATION_VECTOR 0.5782763 -0.78966284 -0.14049266

1509672503146 ACCELEROMETER 0.75335693 3.8689575 -9.0867

1509672503147 GYROSCOPE -0.02041626 0.0018463135 -0.013290405

1509672503147 MAGNETIC_FIELD -18.42041 -14.700317 45.42389

1509672503347 GRAVITY 0.7278503 3.8747056 -8.979269

1509672503347 ROTATION_VECTOR 0.5758251 -0.79135376 -0.1409113

1509672503348 LINEAR_ACCELERATION 0.014014423 -0.0581398 0.053260803

1509672503348 ACCELEROMETER 0.77388 3.8602142 -9.007202

1509672503348 GYROSCOPE -0.0022583008 -0.0034942627 0.015548706

1509672503348 MAGNETIC_FIELD -18.688965 -12.649536 44.883728

1509672503547 ACCELEROMETER 0.714447 3.8807373 -9.179993

1509672503548 GYROSCOPE -0.011871338 -0.019515991 0.017684937

1509672503549 MAGNETIC_FIELD -19.31305 -13.682556 44.903564

1509672503549 GRAVITY 0.7276473 3.8602462 -8.985511

1509672503549 LINEAR_ACCELERATION 0.023328245 -0.007597685 -0.118611336

1509672503550 ROTATION_VECTOR 0.5766339 -0.79096586 -0.14015083

1509672503750 ACCELEROMETER 0.7041626 3.9347992 -9.015625

1509672503751 GRAVITY 0.6943184 3.9082313 -8.967387

1509672503763 LINEAR_ACCELERATION -0.033987343 -0.01609993 0.046621323

1509672503765 ROTATION_VECTOR 0.5774172 -0.7898094 -0.14306174

1509672503768 GYROSCOPE -0.039642334 -0.004562378 -0.009017944

1509672506969 ACCELEROMETER 4.4059906 3.525528 9.237564

1509672506970 GYROSCOPE -0.6271057 0.037094116 -0.47044373

1509672506970 MAGNETIC_FIELD 14.781189 -14.924622 -36.946106

1509672506971 GRAVITY 2.2648163 -7.666072 5.6808743

1509672506971 LINEAR_ACCELERATION 3.013814 9.347883 4.8299613

1509672506972 ROTATION_VECTOR -0.4334793 -0.14983895 0.040459115

1509672507170 ACCELEROMETER 1.4362488 1.9006653 10.018845

1509672507171 GYROSCOPE 0.7988281 0.99946594 0.14906311

1509672507171 MAGNETIC_FIELD 15.179443 -12.818909 -37.142944

1509672507172 GRAVITY 1.9009446 -7.059871 6.5356727

1509672507172 LINEAR_ACCELERATION -0.13163781 7.363221 6.56991

1509672507173 ROTATION_VECTOR -0.3853543 -0.13518691 0.067828365

