1509672365769 GYROSCOPE 0.29040527 0.10972595 -0.028244019

1509672365772 MAGNETIC_FIELD -13.703918 -11.328125 -36.698914

1509672365772 GRAVITY -0.80031234 3.6826663 9.053611

1509672365773 LINEAR_ACCELERATION 0.0 0.0 -0.0

1509672365774 ROTATION_VECTOR 0.0 0.0 0.0

1509672365971 ACCELEROMETER -0.90478516 3.912796 9.57991

1509672365972 GYROSCOPE 0.38653564 -0.0622406 -0.11582947

1509672365973 MAGNETIC_FIELD -13.534546 -13.514709 -35.549927

1509672365973 LINEAR_ACCELERATION 0.12150425 -0.1610775 0.014848709

1509672365974 GRAVITY -0.7863723 4.15432 8.848369

1509672365975 ROTATION_VECTOR 0.19079271 -0.11161042 -0.64041686

1509672366172 ACCELEROMETER -0.8518524 4.449753 8.968994

1509672366173 GYROSCOPE 0.25302124 -0.1466217 0.019821167

1509672366174 MAGNETIC_FIELD -14.546204 -17.21344 -34.8938

1509672366175 GRAVITY -0.67657024 4.84383 8.499997

1509672366175 LINEAR_ACCELERATION -0.019306421 -0.03599739 -0.73159695

1509672366176 ROTATION_VECTOR 0.2118083 -0.14750597 -0.6564841

1509672366373 ACCELEROMETER -0.72592163 5.0246735 7.8803253

1509672366374 GYROSCOPE 0.06289673 -0.06651306 0.037979126

1509672366375 MAGNETIC_FIELD -13.027954 -18.727112 -32.104492

1509672366376 GRAVITY -0.58068186 5.23173 8.274188

1509672366377 LINEAR_ACCELERATION -0.31643325 0.120616436 -0.6139059

1509672366377 ROTATION_VECTOR 0.22138366 -0.17065485 -0.6664921

1509672366575 ACCELEROMETER -0.7909088 5.4342346 7.7408752

1509672366576 GYROSCOPE -0.046051025 0.040298462 0.0048675537

1509672366577 MAGNETIC_FIELD -14.715576 -18.727112 -33.744812

1509672366578 GRAVITY -0.52994806 5.353274 8.1995125

1509672366578 LINEAR_ACCELERATION 0.05190599 0.15460587 -0.6822119

1509672366579 ROTATION_VECTOR 0.22519183 -0.17671973 -0.66289836

1509672366812 ACCELEROMETER -0.5427704 5.4933014 7.483124

1509672366813 GYROSCOPE -0.019348145 -0.0131073 -0.06562805

1509672366814 MAGNETIC_FIELD -14.123535 -19.869995 -32.89032

1509672366815 GRAVITY -0.6277036 5.346865 8.196793

1509672366815 LINEAR_ACCELERATION -0.15574294 0.2453928 -0.29958344

1509672366816 ROTATION_VECTOR 0.2302678 -0.17046006 -0.6559381

1509672367014 ACCELEROMETER -0.7428436 5.5323334 7.84671

1509672367015 GYROSCOPE -0.25112915 0.097976685 -0.016494751

1509672367016 MAGNETIC_FIELD -13.807678 -18.785095 -32.33185

1509672367016 GRAVITY -0.6960378 5.3265867 8.204474

1509672367017 LINEAR_ACCELERATION 0.117970526 0.23645258 -0.5369692

1509672367017 ROTATION_VECTOR 0.23646696 -0.16053542 -0.6364443

1509672367215 ACCELEROMETER -0.5757141 5.4235535 7.4874115

1509672367216 GYROSCOPE 0.10882568 -0.1391449 -0.11369324

1509672367217 MAGNETIC_FIELD -14.94751 -19.294739 -33.496094

1509672367217 GRAVITY -0.7218289 5.163376 8.305956

1509672367218 LINEAR_ACCELERATION 0.04284036 -0.07995319 0.42031193

1509672367219 ROTATION_VECTOR 0.22990401 -0.15381244 -0.639799

1509672367417 ACCELEROMETER -0.6636658 4.9920654 8.567856

1509672367418 GYROSCOPE 0.24447632 -0.0622406 -0.06990051

1509672367418 MAGNETIC_FIELD -15.591431 -18.928528 -31.991577

1509672367419 GRAVITY -0.63778657 5.4314475 8.140208

1509672367420 LINEAR_ACCELERATION 0.093910456 0.09072876 0.31753445

1509672367420 ROTATION_VECTOR 0.23599726 -0.1710853 -0.64794147

1509672367619 ACCELEROMETER -0.5452881 5.433548 8.284866

1509672367621 GYROSCOPE -0.61428833 0.8841095 0.67671204

1509672367621 MAGNETIC_FIELD -15.686035 -19.781494 -33.065796

1509672367622 GRAVITY -0.97494596 5.2397246 8.231959

1509672367623 LINEAR_ACCELERATION 0.24689198 0.35963106 -1.1123791

1509672367624 ROTATION_VECTOR 0.24626817 -0.14013878 -0.6187797

1509672367821 ACCELEROMETER -0.72717285 5.4539795 6.958557

1509672367822 GYROSCOPE -0.5010681 -0.35276794 -0.50782776

1509672367822 MAGNETIC_FIELD -13.557434 -17.35382 -35.664368

1509672367823 GRAVITY -1.3830917 4.354742 8.677192

1509672367824 LINEAR_ACCELERATION -0.38391948 0.81194735 0.26045132

1509672367824 ROTATION_VECTOR 0.22529815 -0.082626104 -0.59446514

1509672368022 ACCELEROMETER -1.7223358 5.087494 8.7391815

1509672368023 GYROSCOPE -0.3045349 -0.3143158 -4.7302246E-4

1509672368023 MAGNETIC_FIELD -11.633301 -16.777039 -34.58557

1509672368024 LINEAR_ACCELERATION 0.2491622 1.1897051 -1.0527458

1509672368025 GRAVITY -0.9783269 3.6898594 9.033173

1509672368025 ROTATION_VECTOR 0.18362598 -0.07561674 -0.5929858

1509672368224 ACCELEROMETER -0.6992798 4.780777 7.8168488

1509672368225 GYROSCOPE 0.06289673 0.030685425 -0.20448303

1509672368225 MAGNETIC_FIELD -13.790894 -13.9678955 -34.158325

1509672368226 GRAVITY -0.81930846 3.5602372 9.10076

1509672368226 LINEAR_ACCELERATION -0.316189 1.3508453 -0.46412945

1509672368227 ROTATION_VECTOR 0.17262721 -0.078677975 -0.59718525

1509672368426 ACCELEROMETER -1.1114655 4.8330536 8.402786

1509672368427 GYROSCOPE 0.1665039 -0.036605835 0.017684937

1509672368427 MAGNETIC_FIELD -13.038635 -17.036438 -34.373474

1509672368428 GRAVITY -0.8735967 3.8401208 8.98113

1509672368428 LINEAR_ACCELERATION 0.09259641 1.0933936 -0.47211647

1509672368428 ROTATION_VECTOR 0.18536459 -0.08791932 -0.605139

1509672368634 GRAVITY -0.7902156 4.0235643 8.908248

1509672368635 LINEAR_ACCELERATION -0.0977515 1.2694359 -0.68476105

1509672368637 ROTATION_VECTOR 0.18963866 -0.09921166 -0.61112916

1509672368638 ACCELEROMETER -0.76834106 4.855652 8.298645

1509672368638 GYROSCOPE -0.06954956 -0.06437683 -0.017562866

1509672368639 MAGNETIC_FIELD -13.3758545 -17.988586 -33.772278

1509672368839 GRAVITY -0.7425343 4.4772305 8.693298

1509672368842 LINEAR_ACCELERATION -0.21307528 1.017838 -0.49575233

1509672368844 ROTATION_VECTOR 0.21312281 -0.10650731 -0.5704475

1509672368848 ACCELEROMETER -0.86087036 5.211212 8.005234

1509672368850 GYROSCOPE -0.017211914 -0.03767395 0.17576599

1509672368852 MAGNETIC_FIELD -14.234924 -17.20581 -34.918213

1509672369038 GRAVITY -1.6243579 5.4720435 7.9742455

1509672369041 LINEAR_ACCELERATION -0.03609574 1.2907152 0.2635255

1509672369045 ROTATION_VECTOR 0.28302884 -0.11541804 -0.59556305

1509672369048 ACCELEROMETER -0.8825073 5.4303436 7.976837

1509672369050 GYROSCOPE 1.251709 0.58610535 -1.1753998

1509672369052 MAGNETIC_FIELD -15.861511 -16.877747 -34.254456

1509672369239 GRAVITY -2.2493694 6.4962363 6.993542

1509672369244 LINEAR_ACCELERATION 0.41692924 -1.144547 -1.6882148

1509672369246 ROTATION_VECTOR 0.34535792 -0.15542354 -0.6350648

1509672369250 ACCELEROMETER -1.7570648 6.6110077 8.0403595

1509672369252 GYROSCOPE 0.2925415 -0.36665344 0.31782532

1509672369254 MAGNETIC_FIELD -9.025574 -24.125671 -32.40204

1509672369448 ACCELEROMETER -1.7136841 5.1716766 5.1135406

1509672369452 GRAVITY -1.5553752 6.6995196 6.9905386

1509672369455 LINEAR_ACCELERATION 0.48343825 -0.26788902 -0.65901375

1509672369459 ROTATION_VECTOR 0.3202836 -0.20248494 -0.6586078

1509672369461 GYROSCOPE -0.10586548 -0.33781433 -0.045333862

1509672369470 MAGNETIC_FIELD -10.578918 -25.204468 -29.658508

1509672369638 GRAVITY -1.1052682 6.025422 7.6578755

1509672369639 LINEAR_ACCELERATION 0.8131156 -0.23754835 1.426506

1509672369639 ROTATION_VECTOR 0.27143884 -0.18941481 -0.67076224

1509672369640 ACCELEROMETER -1.0102997 6.21756 6.1533813

1509672369640 GYROSCOPE -0.7958679 -0.018447876 0.23558044

1509672369640 MAGNETIC_FIELD -15.045166 -23.947144 -29.586792

1509672369841 GRAVITY -0.7432968 4.743751 8.5507145

1509672369848 LINEAR_ACCELERATION -0.37302136 0.4133544 3.0368614

1509672369850 ROTATION_VECTOR 0.21158066 -0.13881105 -0.6495177

1509672369852 ACCELEROMETER -0.2747345 5.579712 8.928314

1509672369855 GYROSCOPE -0.77023315 -0.030197144 0.3028717

1509672369857 MAGNETIC_FIELD -17.012024 -16.015625 -34.335327

1509672370048 GRAVITY -0.6694015 4.1885715 8.841842

1509672370051 LINEAR_ACCELERATION 0.2082327 0.42521286 1.8726482

1509672370064 ROTATION_VECTOR 0.19348903 -0.10841379 -0.6049082

1509672370065 ACCELEROMETER -1.0997162 5.0835876 11.492676

1509672370065 GYROSCOPE 0.12164307 0.2667389 0.2526703

1509672370066 MAGNETIC_FIELD -17.332458 -13.064575 -34.065247

1509672370248 ACCELEROMETER -0.45593262 4.573227 10.61969

1509672370252 GYROSCOPE -0.113342285 0.17701721 0.20246887

1509672370254 MAGNETIC_FIELD -15.52124 -13.101196 -35.549927

1509672370258 GRAVITY -0.85044396 4.174039 8.833149

1509672370263 LINEAR_ACCELERATION 0.39575082 -0.9089923 0.4812231

1509672370272 ROTATION_VECTOR 0.20282505 -0.09217763 -0.57241297

1509672370443 GRAVITY -0.83608204 3.853776 8.978851

1509672370444 LINEAR_ACCELERATION 0.8743799 -0.76453567 -2.4375277

1509672370444 ROTATION_VECTOR 0.18801357 -0.082806446 -0.57539594

1509672370445 ACCELEROMETER -0.43756104 3.2307587 9.24678

1509672370445 GYROSCOPE -0.24685669 -0.21177673 -0.32518005

1509672370445 MAGNETIC_FIELD -14.385986 -11.138916 -36.924744

1509672370650 ROTATION_VECTOR 0.20831896 -0.12213251 -0.5827188

1509672370655 LINEAR_ACCELERATION -0.27597773 0.29581976 -2.3059883

1509672370657 GRAVITY -0.52211607 4.566323 8.662937

1509672370661 ACCELEROMETER 0.04208374 3.0567322 6.36705

1509672370663 GYROSCOPE 0.9953613 -0.2577057 0.12556458

1509672370665 MAGNETIC_FIELD -15.1779175 -14.569092 -36.172485

1509672370847 ACCELEROMETER -0.7771301 4.757126 6.091919

1509672370848 GYROSCOPE 0.3203125 0.16313171 -0.3219757

1509672370849 MAGNETIC_FIELD -15.39917 -18.418884 -32.095337

1509672370850 GRAVITY -0.56593555 5.7113643 7.951756

1509672370850 LINEAR_ACCELERATION -0.45825535 0.00969553 -1.936873

1509672370851 ROTATION_VECTOR 0.25611925 -0.17022401 -0.602276

1509672371060 ROTATION_VECTOR 0.25799587 -0.1789314 -0.6453173

1509672371065 LINEAR_ACCELERATION 0.123363435 -0.112282276 1.0475411

1509672371067 GRAVITY -0.82139593 5.78864 7.873204

1509672371069 ACCELEROMETER -1.0123596 5.5107117 5.755493

1509672371071 GYROSCOPE -0.13363647 -0.22566223 -0.22904968

1509672371073 MAGNETIC_FIELD -14.944458 -20.162964 -32.981873

1509672371258 GRAVITY -0.5236215 5.515636 8.0915985

1509672371261 LINEAR_ACCELERATION 0.48291755 -0.24319553 -0.19244623

1509672371265 ROTATION_VECTOR 0.23174459 -0.18367836 -0.66146666

1509672371267 ACCELEROMETER -0.66529846 5.483719 8.655289

1509672371269 GYROSCOPE -0.18597412 -0.20643616 0.09138489

1509672371271 MAGNETIC_FIELD -16.419983 -19.384766 -32.41577

1509672371459 GRAVITY -0.19038175 5.194515 8.315718

1509672371462 LINEAR_ACCELERATION 0.73750347 0.24565506 0.4152527

1509672371464 ROTATION_VECTOR 0.20689139 -0.1822426 -0.6613647

1509672371468 ACCELEROMETER -0.009155273 5.0862274 7.6377106

1509672371470 GYROSCOPE -0.20840454 -0.08894348 -0.009017944

1509672371472 MAGNETIC_FIELD -18.424988 -19.052124 -32.107544

1509672371658 GRAVITY -0.07762584 5.0572314 8.401712

1509672371662 LINEAR_ACCELERATION 0.4260822 0.04912567 0.32555676

1509672371665 ROTATION_VECTOR 0.1985261 -0.17949729 -0.6570897

1509672371669 ACCELEROMETER 0.54992676 5.2724915 8.477081

1509672371671 GYROSCOPE 0.052215576 -0.01737976 0.008071899

1509672371673 MAGNETIC_FIELD -19.424438 -18.011475 -32.78656

1509672371861 GRAVITY -0.026743298 5.0603766 8.400135

1509672371866 LINEAR_ACCELERATION 0.3981641 0.010369778 0.20016766

1509672371869 ROTATION_VECTOR 0.19644512 -0.18199353 -0.6585135

1509672371872 ACCELEROMETER 0.352005 4.955017 8.471573

1509672371874 GYROSCOPE -0.04284668 -0.047286987 -0.058151245

1509672371876 MAGNETIC_FIELD -19.602966 -18.566895 -32.603455

1509672372064 GRAVITY 0.083269514 4.9908276 8.441274

1509672372067 LINEAR_ACCELERATION 0.12228901 0.07730341 -0.038017273

1509672372071 ROTATION_VECTOR 0.18802284 -0.18510066 -0.6651269

1509672372073 ACCELEROMETER 0.3734131 4.9229126 8.355087

1509672372075 GYROSCOPE -0.08129883 -0.14768982 -0.17564392

1509672372077 MAGNETIC_FIELD -18.597412 -17.536926 -32.281494

1509672372266 GRAVITY 0.05849996 5.0470276 8.408001

1509672372269 LINEAR_ACCELERATION -0.09896605 0.23670387 -0.08422947

1509672372272 ROTATION_VECTOR 0.19125324 -0.18636917 -0.66451395

1509672372274 ACCELEROMETER 0.19247437 4.931366 8.163025

1509672372276 GYROSCOPE 0.018035889 0.030685425 0.029434204

1509672372279 MAGNETIC_FIELD -20.58258 -18.56842 -30.665588

1509672372467 GRAVITY 0.22407083 5.0196877 8.421575

1509672372470 LINEAR_ACCELERATION 0.32828575 0.08835268 0.007095337

1509672372474 ROTATION_VECTOR 0.18383299 -0.19189747 -0.6657208

1509672372476 ACCELEROMETER -0.026245117 5.1466675 8.104263

1509672372478 GYROSCOPE -0.086639404 -0.10069275 -0.15107727

1509672372480 MAGNETIC_FIELD -18.76831 -18.39447 -31.472778

1509672372668 GRAVITY 0.24520883 4.9865823 8.440631

1509672372671 LINEAR_ACCELERATION -0.037701145 0.052230835 0.09820557

1509672372675 ROTATION_VECTOR 0.17927709 -0.19366804 -0.67479396

1509672372677 ACCELEROMETER 0.53948975 4.992798 8.238174

1509672372679 GYROSCOPE 0.045806885 -0.06544495 -0.045333862

1509672372681 MAGNETIC_FIELD -18.778992 -18.069458 -32.746887

1509672372868 GRAVITY 0.2645993 5.0405803 8.407908

1509672372872 LINEAR_ACCELERATION -0.06129092 0.048596382 -0.04595661

1509672372877 ROTATION_VECTOR 0.17916344 -0.19803141 -0.6797443

1509672372879 ACCELEROMETER 0.20521545 4.950577 8.384689

1509672372881 GYROSCOPE -0.01828003 -0.03553772 -0.025039673

1509672372883 MAGNETIC_FIELD -19.276428 -18.585205 -32.24182

1509672373070 GRAVITY 0.28232694 5.0680676 8.390791

1509672373075 LINEAR_ACCELERATION 0.05600983 0.08013964 -0.066942215

1509672373078 ROTATION_VECTOR 0.18007919 -0.19939964 -0.6778425

1509672373080 ACCELEROMETER 0.19984436 4.997055 8.208984

1509672373083 GYROSCOPE -0.003326416 0.021072388 -0.020767212

1509672373085 MAGNETIC_FIELD -18.763733 -18.710327 -32.087708

1509672373271 GRAVITY 0.29211062 5.0911574 8.376466

1509672373279 LINEAR_ACCELERATION 0.04972723 0.067290306 -0.022185326

1509672373281 ROTATION_VECTOR 0.1816096 -0.19984262 -0.6743046

1509672373283 ACCELEROMETER 0.3334961 5.0513 8.161896

1509672373285 GYROSCOPE -0.0043945313 -2.89917E-4 0.025161743

1509672373287 MAGNETIC_FIELD -19.607544 -18.899536 -31.930542

1509672373474 GRAVITY 0.30202708 5.0696626 8.389141

1509672373477 LINEAR_ACCELERATION 0.01961413 0.0062127113 0.0065670013

1509672373481 ROTATION_VECTOR 0.1805657 -0.19917047 -0.67385197

1509672373483 ACCELEROMETER 0.33662415 5.063736 8.202286

1509672373485 GYROSCOPE -0.02255249 -0.012039185 -0.045333862

1509672373487 MAGNETIC_FIELD -18.807983 -18.73169 -32.099915

1509672373676 GRAVITY 0.29311684 5.049536 8.401587

1509672373679 LINEAR_ACCELERATION -0.0068384707 0.009358406 0.048399925

1509672373683 ROTATION_VECTOR 0.17942978 -0.19860327 -0.6763114

1509672373685 ACCELEROMETER 0.3150177 4.986206 8.245926

1509672373687 GYROSCOPE 0.005218506 -0.021652222 -0.019699097

1509672373689 MAGNETIC_FIELD -18.945313 -19.223022 -32.582092

1509672373878 GRAVITY 0.30900156 5.058734 8.395481

1509672373881 LINEAR_ACCELERATION -0.019782424 -0.0016913414 -0.021551132

1509672373884 ROTATION_VECTOR 0.18001285 -0.1988591 -0.67344975

1509672373886 ACCELEROMETER 0.28196716 4.9802246 8.319336

1509672373888 GYROSCOPE -1.2207031E-4 -0.019515991 0.001663208

1509672373891 MAGNETIC_FIELD -20.800781 -16.403198 -32.74994

1509672374079 GRAVITY 0.34723324 5.0475764 8.4007015

1509672374082 LINEAR_ACCELERATION 0.004116416 0.009560585 0.019813538

1509672374086 ROTATION_VECTOR 0.17834929 -0.19968714 -0.67286056

1509672374088 ACCELEROMETER 0.28401184 4.973587 8.236252

1509672374090 GYROSCOPE -0.011871338 -0.021652222 0.001663208

1509672374092 MAGNETIC_FIELD -20.280457 -18.223572 -31.944275

1509672374279 GRAVITY 0.38115257 5.027874 8.41104

1509672374284 LINEAR_ACCELERATION 0.00653103 6.117821E-4 -0.0070562363

1509672374288 ROTATION_VECTOR 0.17583653 -0.20059368 -0.6746434

1509672374290 ACCELEROMETER 0.34638977 4.979233 8.290253

1509672374292 GYROSCOPE -0.012939453 -0.0077667236 0.009140015

1509672374294 MAGNETIC_FIELD -20.281982 -18.240356 -30.308533

1509672374480 GRAVITY 0.40902427 5.0270433 8.410227

1509672374485 LINEAR_ACCELERATION 0.026765019 0.028372288 -0.02164936

1509672374488 ROTATION_VECTOR 0.17587498 -0.20066328 -0.6708611

1509672374491 ACCELEROMETER 0.38226318 4.9500885 8.272598

1509672374493 GYROSCOPE -0.0043945313 0.011459351 0.025161743

1509672374495 MAGNETIC_FIELD -19.78302 -18.07251 -31.143188

1509672374682 GRAVITY 0.45073405 5.0375934 8.401778

1509672374692 LINEAR_ACCELERATION 0.08156538 0.013192177 -0.044330597

1509672374701 ROTATION_VECTOR 0.1758796 -0.20172976 -0.66693455

1509672374704 ACCELEROMETER 0.42951965 4.975754 8.255569

1509672374706 GYROSCOPE 9.460449E-4 -0.004562378 -0.0143585205

1509672374708 MAGNETIC_FIELD -20.288086 -17.558289 -31.27594

1509672374883 GRAVITY 0.43880853 5.05 8.394959

1509672374886 LINEAR_ACCELERATION -0.03911054 -0.01358223 -0.036982536

1509672374889 ROTATION_VECTOR 0.17700116 -0.20161054 -0.66619635

1509672374892 ACCELEROMETER 0.52415466 4.9637146 8.212494

1509672374899 GYROSCOPE 0.009490967 -0.0024261475 0.016616821

1509672374901 MAGNETIC_FIELD -20.457458 -18.057251 -31.448364

1509672375087 GRAVITY 0.44178706 5.065237 8.385618

1509672375089 LINEAR_ACCELERATION -0.0101116 0.01899767 2.3269653E-4

1509672375093 ROTATION_VECTOR 0.17789516 -0.20200445 -0.66473407

1509672375095 ACCELEROMETER 0.39164734 4.9390564 8.196304

1509672375098 GYROSCOPE 9.460449E-4 0.0029144287 5.950928E-4

1509672375100 MAGNETIC_FIELD -19.450378 -18.722534 -31.784058

1509672375288 GRAVITY 0.4469431 5.061981 8.38731

1509672375291 LINEAR_ACCELERATION 0.008311987 -0.0064377785 0.019922256

1509672375295 ROTATION_VECTOR 0.17745474 -0.20217817 -0.6651754

1509672375297 ACCELEROMETER 0.4233551 4.9892273 8.228348

1509672375299 GYROSCOPE 0.0030822754 -0.008834839 -0.007949829

1509672375301 MAGNETIC_FIELD -19.107056 -18.391418 -31.44989

1509672375491 ACCELEROMETER 0.44696045 4.9639893 8.25531

1509672375504 GYROSCOPE -0.010803223 -0.014175415 -0.0047454834

1509672375507 MAGNETIC_FIELD -19.78302 -17.713928 -31.124878

1509672375510 GRAVITY 0.43369967 5.0653014 8.386002

1509672375512 LINEAR_ACCELERATION -0.05212131 0.009911537 -0.021930695

1509672375516 ROTATION_VECTOR 0.1787031 -0.2012415 -0.66296834

1509672375702 GRAVITY 0.48954728 5.0003834 8.42181

1509672375725 ACCELEROMETER 0.37452698 4.9790497 8.205811

1509672375737 LINEAR_ACCELERATION 0.052536905 -0.043386936 0.024467468

1509672375751 ROTATION_VECTOR 0.1735321 -0.20123066 -0.66525996

1509672375751 GYROSCOPE -0.039642334 -0.022720337 5.950928E-4

1509672375752 MAGNETIC_FIELD -21.633911 -17.887878 -31.288147

1509672375885 ACCELEROMETER 0.5330353 4.8631744 8.28891

1509672375887 GYROSCOPE -1.2207031E-4 -0.012039185 -0.01222229

1509672375887 MAGNETIC_FIELD -20.462036 -16.365051 -30.46875

1509672375887 GRAVITY 0.53135276 4.9651647 8.440094

1509672375888 LINEAR_ACCELERATION 0.039365828 0.031665325 0.06073475

1509672375888 ROTATION_VECTOR 0.1715771 -0.20058978 -0.6620976

1509672376089 ACCELEROMETER 0.56477356 4.920395 8.371231

1509672376091 GYROSCOPE -0.02468872 0.055252075 -0.028244019

1509672376097 MAGNETIC_FIELD -21.287537 -18.214417 -32.26471

1509672376102 GRAVITY 0.57658005 4.969634 8.434493

1509672376106 LINEAR_ACCELERATION 0.19470567 -0.0140028 -0.14204884

1509672376109 ROTATION_VECTOR 0.17114086 -0.20167135 -0.6584936

1509672376303 GRAVITY 0.51707697 5.1337705 8.33951

1509672376312 LINEAR_ACCELERATION 0.32649028 0.17176056 -0.05791092

1509672376325 ROTATION_VECTOR 0.18529193 -0.20117219 -0.63863117

1509672376337 ACCELEROMETER 0.756073 4.8512573 8.112167

1509672376352 GYROSCOPE 0.13873291 0.26567078 0.120224

1509672376353 MAGNETIC_FIELD -19.94934 -16.54663 -31.286621

1509672376486 ACCELEROMETER 0.8392334 5.212677 8.127213

1509672376487 GYROSCOPE 0.9782715 0.7238922 -2.2969208

1509672376488 MAGNETIC_FIELD -18.740845 -17.06543 -33.735657

1509672376488 GRAVITY -1.2671503 6.041037 7.620406

1509672376489 LINEAR_ACCELERATION 2.025927 0.31369781 0.2250452

1509672376490 ROTATION_VECTOR 0.27354783 -0.19141316 -0.6874623

1509672376688 ACCELEROMETER 0.733078 6.2437134 7.7019043

1509672376689 GYROSCOPE 0.018035889 4.978195 -2.1954498

1509672376690 MAGNETIC_FIELD -7.575989 -25.32959 -31.240845

1509672376690 GRAVITY -7.162487 5.4959574 3.8293102

1509672376691 LINEAR_ACCELERATION -4.4155436 -0.6152506 0.06467414

1509672376691 ROTATION_VECTOR 0.55068773 -0.03876219 -0.695515

1509672376890 ACCELEROMETER -11.584412 4.8569794 3.8653412

1509672376890 GYROSCOPE 0.5862732 4.496475 6.267227

1509672376891 MAGNETIC_FIELD 35.758972 -26.300049 -14.164734

1509672376892 GRAVITY -5.793705 7.8381114 -1.0804586

1509672376892 LINEAR_ACCELERATION -3.3653946 -14.2625475 11.777507

1509672376893 ROTATION_VECTOR 0.7448297 0.01779737 -0.3835569

1509672377092 ACCELEROMETER -8.7221985 -6.91951 10.740707

1509672377094 GYROSCOPE -1.7347412 -4.690384 -4.355179

1509672377095 MAGNETIC_FIELD 11.08551 -46.47827 17.611694

1509672377096 GRAVITY -3.2642624 9.246898 0.099291265

1509672377096 LINEAR_ACCELERATION 22.3865 -10.2715 1.1298808

1509672377097 ROTATION_VECTOR 0.70293415 0.028655995 -0.20907669

1509672377294 ACCELEROMETER 19.612442 -2.475296 1.2406616

1509672377296 ACCELEROMETER -8.484711 5.451782 19.435257

1509672377297 GYROSCOPE -0.3878479 -6.941971 -2.2958527

1509672377297 MAGNETIC_FIELD 23.046875 -39.598083 -0.23040771

1509672377298 LINEAR_ACCELERATION -6.4313507 1.1296797 11.996183

1509672377299 GRAVITY -2.317201 4.7691407 8.249622

1509672377300 ROTATION_VECTOR 0.26353183 -0.09968605 -0.6975295

1509672377495 ACCELEROMETER -9.371643 -7.5745697 3.1083832

1509672377497 GYROSCOPE -1.8735962 -0.84410095 2.104782

1509672377498 MAGNETIC_FIELD -1.0467529 -30.33142 -27.674866

1509672377499 GRAVITY 4.26385 2.3502045 8.512726

1509672377500 LINEAR_ACCELERATION -12.941126 -9.55404 -4.0333886

1509672377500 ROTATION_VECTOR -0.11340772 -0.23045705 -0.79229903

1509672377696 ACCELEROMETER 1.6086884 -2.3440857 7.4961853

1509672377697 GYROSCOPE -2.047699 -1.261734 2.510666

1509672377698 MAGNETIC_FIELD -0.53100586 -29.841614 -34.33838

1509672377698 GRAVITY 6.2494206 -3.1121993 6.886897

1509672377698 LINEAR_ACCELERATION -3.6009545 0.27987814 1.7309046

1509672377699 ROTATION_VECTOR -0.36342043 -0.12958232 -0.63973933

1509672377898 ACCELEROMETER -3.6890717 0.40307617 8.752258

1509672377899 GYROSCOPE 0.20388794 0.47502136 0.89567566

1509672377900 MAGNETIC_FIELD -9.460449 -24.975586 -35.871887

1509672377900 GRAVITY 4.956425 -6.087849 5.877272

1509672377900 LINEAR_ACCELERATION -7.7024 5.3075256 4.0151825

1509672377901 ROTATION_VECTOR -0.44272506 -0.065856144 -0.45641103

1509672378099 ACCELEROMETER -0.8840332 0.4803009 9.791687

1509672378100 GYROSCOPE 0.19854736 0.19837952 -0.4063568

1509672378100 MAGNETIC_FIELD -7.9452515 -21.102905 -40.31067

1509672378101 GRAVITY 4.009463 -5.819498 6.7991204

1509672378101 LINEAR_ACCELERATION -4.072375 5.123057 4.3770933

1509672378102 ROTATION_VECTOR -0.39020628 -0.03286956 -0.45659837

1509672378302 ACCELEROMETER -0.023361206 0.2104187 8.291931

1509672378303 GYROSCOPE 0.361969 0.053115845 -0.16923523

1509672378303 MAGNETIC_FIELD -4.9362183 -20.057678 -40.631104

1509672378304 GRAVITY 3.9941082 -4.96691 7.453006

1509672378305 LINEAR_ACCELERATION -3.1620326 4.1270857 2.418374

1509672378305 ROTATION_VECTOR -0.34520623 -0.028898638 -0.5248261

