1499536839501 GYROSCOPE -0.042419434 -0.112579346 -0.13198853

1499536839503 MAGNETIC_FIELD 4.7088623 5.963135 -52.067566

1499536839504 GRAVITY 0.26327682 3.3877685 9.199136

1499536839504 LINEAR_ACCELERATION 0.0 0.0 -0.0

1499536839505 ROTATION_VECTOR 0.0 0.0 0.0

1499536839701 ACCELEROMETER 0.21052551 3.2137756 9.295319

1499536839703 GYROSCOPE 0.11566162 -0.0741272 -0.2355957

1499536839703 MAGNETIC_FIELD 5.383301 6.300354 -51.739502

1499536839704 GRAVITY 0.15812407 3.136217 9.290292

1499536839704 LINEAR_ACCELERATION -0.14413932 -0.24117208 0.34577274

1499536839705 ROTATION_VECTOR 0.16208121 0.0075245984 0.095336385

1499536839901 ACCELEROMETER 0.106658936 2.8976288 9.761169

1499536839902 GYROSCOPE -0.37139893 0.2975769 -0.062561035

1499536839903 MAGNETIC_FIELD 5.213928 5.1223755 -51.90277

1499536839903 LINEAR_ACCELERATION -0.25299433 0.035422802 -0.56637

1499536839904 GRAVITY -0.27975327 2.997987 9.332963

1499536839904 ROTATION_VECTOR 0.15357633 0.023782989 0.059823472

1499536840102 ACCELEROMETER -0.7900543 2.9462433 8.4717865

1499536840102 GYROSCOPE 0.20217896 -0.007904053 0.3038025

1499536840103 MAGNETIC_FIELD 4.7088623 6.6360474 -52.39563

1499536840104 GRAVITY -0.49525967 2.8839073 9.359924

1499536840104 LINEAR_ACCELERATION -0.056079328 0.18215537 0.18267536

1499536840105 ROTATION_VECTOR 0.1460853 0.03789141 0.08265731

1499536840302 ACCELEROMETER -0.31384277 3.152588 8.93898

1499536840302 GYROSCOPE 0.20751953 -0.56973267 0.56762695

1499536840303 MAGNETIC_FIELD 7.070923 5.291748 -53.37982

1499536840304 GRAVITY 0.30684322 3.332369 9.218001

1499536840304 LINEAR_ACCELERATION 0.061930835 0.17823148 0.06353283

1499536840305 ROTATION_VECTOR 0.17310786 0.0068118633 0.12879772

1499536840538 ACCELEROMETER 0.41659546 3.4332275 9.409332

1499536840539 GYROSCOPE -0.113983154 -0.10510254 -0.1512146

1499536840540 GRAVITY 1.0470704 3.410676 9.134622

1499536840541 LINEAR_ACCELERATION -0.75740755 -0.0697577 -0.034807205

1499536840541 ROTATION_VECTOR 0.18171652 -0.035256345 0.10419505

1499536840739 ACCELEROMETER 0.31680298 3.291153 9.004242

1499536840740 GYROSCOPE -0.038146973 -0.0741272 -0.03479004

1499536840741 MAGNETIC_FIELD 4.145813 4.096985 -52.105713

1499536840742 LINEAR_ACCELERATION -0.6618477 -0.01325655 0.17473984

1499536840742 GRAVITY 1.0342704 3.282718 9.182834

1499536840743 ROTATION_VECTOR 0.17326275 -0.04225882 0.06488565

1499536840940 ACCELEROMETER 0.3180542 3.140274 9.216034

1499536840941 GYROSCOPE -0.04348755 0.014526367 -0.0038146973

1499536840942 MAGNETIC_FIELD 3.8650513 6.0440063 -52.230835

1499536840942 GRAVITY 0.97475547 3.194868 9.220253

1499536840943 LINEAR_ACCELERATION -0.69986033 -0.111690044 0.122917175

1499536840943 ROTATION_VECTOR 0.16795076 -0.041115653 0.055170473

1499536841140 ACCELEROMETER 0.28579712 3.0487213 9.1992035

1499536841141 GYROSCOPE -0.0018310547 0.035888672 0.00579834

1499536841142 MAGNETIC_FIELD 3.666687 6.590271 -51.09253

1499536841143 GRAVITY 0.7318233 3.1362693 9.262755

1499536841144 LINEAR_ACCELERATION -0.38560343 -0.027013779 0.061403275

1499536841144 ROTATION_VECTOR 0.16363335 -0.030903831 0.041971277

1499536841341 ACCELEROMETER 0.2910614 3.0218506 9.134308

1499536841342 GYROSCOPE -0.022125244 0.017730713 0.042114258

1499536841343 MAGNETIC_FIELD 4.522705 5.92041 -51.7807

1499536841343 GRAVITY 0.54215986 3.0649066 9.299613

1499536841344 LINEAR_ACCELERATION -0.30643916 -0.100251675 0.017597198

1499536841344 ROTATION_VECTOR 0.15926144 -0.022079568 0.036828328

1499536841541 ACCELEROMETER 0.27230835 2.9134521 9.155518

1499536841542 GYROSCOPE 0.010986328 0.038024902 0.018615723

1499536841543 MAGNETIC_FIELD 3.300476 6.6360474 -51.820374

1499536841543 GRAVITY 0.4219888 3.0206869 9.320288

1499536841544 LINEAR_ACCELERATION -0.17213595 -0.07211733 -0.009916306

1499536841544 ROTATION_VECTOR 0.15683137 -0.014195189 0.047910485

1499536841742 ACCELEROMETER 0.22439575 2.8808746 9.185532

1499536841742 GYROSCOPE 0.013122559 0.02734375 0.045318604

1499536841743 MAGNETIC_FIELD 4.142761 6.803894 -51.49536

1499536841744 LINEAR_ACCELERATION -0.06847161 -0.05463791 0.1900177

1499536841744 GRAVITY 0.34245405 2.987474 9.334245

1499536841745 ROTATION_VECTOR 0.15501052 -0.0075988723 0.06431447

1499536841942 ACCELEROMETER 0.2503357 2.8975525 9.284729

1499536841943 GYROSCOPE -0.003967285 -0.030334473 0.08804321

1499536841944 MAGNETIC_FIELD 3.994751 7.008362 -51.556396

1499536841944 LINEAR_ACCELERATION -0.05554211 -0.007932186 -0.10709667

1499536841945 GRAVITY 0.35904786 3.0036793 9.328418

1499536841945 ROTATION_VECTOR 0.15603514 -0.00600727 0.07941786

1499536842144 ACCELEROMETER 0.33831787 2.9407806 9.12706

1499536842144 GYROSCOPE 0.03555298 -0.03781128 0.11367798

1499536842145 MAGNETIC_FIELD 3.327942 8.049011 -51.85547

1499536842145 LINEAR_ACCELERATION -0.018514872 -0.017093182 0.07255268

1499536842146 GRAVITY 0.47246003 3.0068412 9.322343

1499536842146 ROTATION_VECTOR 0.15681566 -0.010082202 0.09038383

1499536842348 ACCELEROMETER 0.45942688 2.9673462 9.228409

1499536842349 GYROSCOPE -0.024261475 0.013458252 0.041046143

1499536842349 MAGNETIC_FIELD 3.3157349 7.5393677 -51.882935

1499536842350 GRAVITY 0.5285473 3.0131555 9.317291

1499536842351 LINEAR_ACCELERATION -0.023851812 0.020840645 0.04273033

1499536842352 ROTATION_VECTOR 0.15752989 -0.011605419 0.09868643

1499536842549 GRAVITY 0.6285716 2.992105 9.317864

1499536842550 LINEAR_ACCELERATION 0.03184557 0.031199694 -0.16163158

1499536842551 ROTATION_VECTOR 0.15715083 -0.014992052 0.11031979

1499536842551 ACCELEROMETER 0.52253723 2.9887085 9.2039795

1499536842552 GYROSCOPE -0.03387451 -0.07199097 0.039978027

1499536842553 MAGNETIC_FIELD 3.3065796 6.4682007 -52.79236

1499536842745 ACCELEROMETER 0.6578827 2.9408875 8.994873

1499536842748 GRAVITY 0.7621169 2.8365545 9.35647

1499536842748 LINEAR_ACCELERATION -0.102696836 -0.010961771 0.17260456

1499536842748 GYROSCOPE -0.10223389 -0.13287354 -0.040130615

1499536842749 MAGNETIC_FIELD 3.718567 6.3217163 -52.548218

1499536842749 ROTATION_VECTOR 0.14960544 -0.023896225 0.102700785

1499536842954 ACCELEROMETER 0.6988678 2.7937622 9.399445

1499536842958 GRAVITY 0.8805514 2.69089 9.389043

1499536842960 LINEAR_ACCELERATION -0.06590313 0.023315668 0.01944542

1499536842961 ROTATION_VECTOR 0.14217766 -0.032826193 0.088272065

1499536842963 GYROSCOPE -0.069122314 -0.054901123 -0.04547119

1499536842965 MAGNETIC_FIELD 2.4887085 7.9940796 -52.93579

1499536843151 ACCELEROMETER 0.8011322 2.6114044 9.398682

1499536843155 GYROSCOPE -0.04348755 -0.027130127 -0.09033203

1499536843156 MAGNETIC_FIELD 2.2659302 8.401489 -52.14386

1499536843158 GRAVITY 0.884049 2.586647 9.417967

1499536843159 LINEAR_ACCELERATION -0.07237208 -0.015812159 0.025794983

1499536843160 ROTATION_VECTOR 0.13626772 -0.035333235 0.07479801

1499536843361 GRAVITY 0.82426274 2.5623333 9.430028

1499536843365 LINEAR_ACCELERATION -0.1923877 0.028603554 0.056612015

1499536843370 ROTATION_VECTOR 0.13423114 -0.034414995 0.0596328

1499536843374 ACCELEROMETER 0.7532501 2.5550537 9.372559

1499536843376 GYROSCOPE -0.008239746 -0.065582275 -0.09567261

1499536843379 MAGNETIC_FIELD 3.2714844 8.7387085 -51.983643

1499536843553 ACCELEROMETER 0.6055908 2.556656 9.326111

1499536843561 GRAVITY 0.705861 2.5692475 9.43775

1499536843563 LINEAR_ACCELERATION -0.23807502 -0.08219814 -0.22918224

1499536843566 ROTATION_VECTOR 0.13385773 -0.029846393 0.048257373

1499536843569 GYROSCOPE 0.016326904 0.052978516 0.018615723

1499536843571 MAGNETIC_FIELD 1.9332886 9.25293 -51.994324

1499536843758 GRAVITY 0.916627 2.4546616 9.450123

1499536843761 ROTATION_VECTOR 0.12617704 -0.047509965 -0.0027027666

1499536843764 LINEAR_ACCELERATION -0.26097482 0.53137016 0.36588478

1499536843779 ACCELEROMETER 0.5234833 2.581726 8.877029

1499536843790 GYROSCOPE -0.40664673 -0.628479 -0.72372437

1499536843800 MAGNETIC_FIELD 2.355957 8.827209 -52.69165

1499536843955 ACCELEROMETER 0.5576172 2.814499 9.970505

1499536843999 GYROSCOPE -0.74417114 -0.8399658 0.06454468

1499536844012 MAGNETIC_FIELD -1.1291504 9.77478 -51.483154

1499536844017 GRAVITY 2.1190538 1.4585594 9.463223

1499536844017 LINEAR_ACCELERATION -0.9690535 0.94936633 -0.4407854

1499536844017 ROTATION_VECTOR 0.06800464 -0.1135132 -0.062488623

1499536844150 ACCELEROMETER 2.3523407 2.29187 7.9197083

1499536844150 GYROSCOPE 0.37734985 -0.7961731 0.32730103

1499536844151 MAGNETIC_FIELD -10.894775 11.3845825 -50.030518

1499536844151 LINEAR_ACCELERATION 0.19107294 0.4530586 -3.2617016

1499536844152 GRAVITY 3.7668593 1.0654619 8.991438

1499536844152 ROTATION_VECTOR 0.03994214 -0.19992223 -0.07673223

1499536844368 GRAVITY 5.0341387 2.3840215 8.0712

1499536844395 ACCELEROMETER 4.0208282 1.4205933 6.252762

1499536844417 LINEAR_ACCELERATION -1.2157955 -0.71725607 -2.7746463

1499536844417 ROTATION_VECTOR 0.10590686 -0.2779695 -0.07464087

1499536844417 GYROSCOPE 1.3076782 -0.62527466 0.15640259

1499536844418 MAGNETIC_FIELD -22.657776 13.8671875 -43.84308

1499536844552 ACCELEROMETER 7.300476 1.4213715 8.375214

1499536844553 GRAVITY 2.7049584 1.5601586 9.296208

1499536844553 LINEAR_ACCELERATION 7.803773 -2.6375837 5.71603

1499536844554 GYROSCOPE -0.019989014 4.212219 2.942047

1499536844554 MAGNETIC_FIELD -31.221008 13.911438 -37.18567

1499536844554 ROTATION_VECTOR 0.09707277 -0.12884937 0.12058646

1499536844754 ACCELEROMETER 5.619995 -0.26818848 7.9847565

1499536844758 GRAVITY -1.285352 0.09997969 9.721536

1499536844760 LINEAR_ACCELERATION 9.0101795 -0.3661383 -3.1496248

1499536844761 ROTATION_VECTOR -0.018360287 0.06326544 0.35158288

1499536844763 GYROSCOPE -0.6512451 0.68637085 -0.12451172

1499536844765 MAGNETIC_FIELD -22.688293 28.512573 -36.587524

1499536844963 ACCELEROMETER 7.6416626 -3.0039673 9.227737

1499536844971 GYROSCOPE 0.8078003 -0.26745605 -0.29541016

1499536844974 MAGNETIC_FIELD -14.27002 34.248352 -39.805603

1499536844976 GRAVITY -1.5348285 -0.013165104 9.685789

1499536844980 LINEAR_ACCELERATION 3.881356 -3.9379497 -5.01797

1499536844983 ROTATION_VECTOR -0.030371746 0.07238607 0.37781024

1499536845163 ACCELEROMETER 3.3409271 -3.1778717 7.3486023

1499536845169 GRAVITY -2.0221899 1.256145 9.513319

1499536845172 LINEAR_ACCELERATION 4.815449 -2.5866213 2.0736427

1499536845175 ROTATION_VECTOR 0.023981757 0.11991918 0.34820765

1499536845178 GYROSCOPE 0.7373047 1.067688 -0.21957397

1499536845181 MAGNETIC_FIELD -7.685852 23.498535 -48.31543

1499536845363 ACCELEROMETER 2.3003693 -1.9259033 12.049347

1499536845374 GYROSCOPE 0.5055237 -2.8020935 1.8130493

1499536845378 LINEAR_ACCELERATION 4.150542 -6.6423383 9.205556

1499536845380 ROTATION_VECTOR 0.10545647 0.050148193 0.448792

1499536845383 GRAVITY 0.056839984 2.273923 9.539206

1499536845385 MAGNETIC_FIELD 0.08544922 20.942688 -49.28894

1499536845554 ACCELEROMETER 4.5569 -1.8495789 14.986588

1499536845556 GYROSCOPE 0.8024597 -1.5972595 -0.72158813

1499536845565 MAGNETIC_FIELD 7.76062 12.8845215 -51.1734

1499536845568 GRAVITY 4.1325326 3.5168648 8.168489

1499536845571 LINEAR_ACCELERATION -1.32376 0.3931067 -0.40143108

1499536845574 ROTATION_VECTOR 0.26484442 -0.11567357 0.41978174

1499536845766 ACCELEROMETER 2.6620026 3.5226746 9.051987

1499536845770 GYROSCOPE 0.57922363 0.41293335 0.22903442

1499536845773 MAGNETIC_FIELD 2.2109985 7.1792603 -52.13318

1499536845776 GRAVITY 4.682287 4.732376 7.2007775

1499536845779 LINEAR_ACCELERATION -3.1791549 -1.9774113 1.9597988

1499536845781 ROTATION_VECTOR 0.33464712 -0.14447783 0.3389231

1499536845966 ACCELEROMETER 0.8713074 2.7158203 8.65593

1499536845971 GYROSCOPE 1.0652161 0.30718994 0.45333862

1499536845974 MAGNETIC_FIELD 9.654236 5.4382324 -52.104187

1499536845976 GRAVITY 4.388134 5.4383993 6.8802967

1499536845979 LINEAR_ACCELERATION -3.1369324 -2.387651 1.8984237

1499536845982 ROTATION_VECTOR 0.37694526 -0.08434915 0.40848172

1499536846164 ACCELEROMETER 1.4570465 3.062973 8.644241

1499536846173 GRAVITY 4.239607 6.0091057 6.4874315

1499536846175 LINEAR_ACCELERATION -2.3101916 -1.9570184 1.9547653

1499536846179 ROTATION_VECTOR 0.41119555 -0.012299307 0.5029496

1499536846181 GYROSCOPE 0.36132813 0.29437256 0.16601563

1499536846184 MAGNETIC_FIELD 11.57074 -0.43029785 -51.083374

1499536846366 ACCELEROMETER 1.6725311 4.067581 8.250046

1499536846373 GYROSCOPE 0.3100586 0.18649292 0.05279541

1499536846376 MAGNETIC_FIELD 14.706421 -6.4804077 -50.794983

1499536846379 GRAVITY 3.9467082 6.267678 6.427293

1499536846381 LINEAR_ACCELERATION -2.6852036 -1.8702412 2.1479917

1499536846384 ROTATION_VECTOR 0.41316253 0.039949823 0.556622

1499536846556 ACCELEROMETER 1.053421 4.285553 8.386261

1499536846560 GYROSCOPE -0.053100586 0.071136475 -0.09246826

1499536846560 MAGNETIC_FIELD 17.601013 -10.063171 -49.934387

1499536846561 GRAVITY 3.6106896 6.363633 6.529739

1499536846561 LINEAR_ACCELERATION -2.6838956 -1.4671474 3.1243625

1499536846561 ROTATION_VECTOR 0.4032925 0.066566825 0.573641

