1499536858165 ACCELEROMETER -4.3927 -5.9370575 5.8858337

1499536858168 GYROSCOPE 0.7821655 0.34457397 -0.08178711

1499536858168 MAGNETIC_FIELD 49.765015 21.603394 -26.309204

1499536858169 GRAVITY -4.512207 -6.2497354 6.062275

1499536858170 LINEAR_ACCELERATION 0.0 0.0 -0.0

1499536858170 ROTATION_VECTOR 0.0 0.0 0.0

1499536858366 ACCELEROMETER -5.0329895 -4.4648438 5.212158

1499536858368 GYROSCOPE 1.1036682 1.3112183 0.13931274

1499536858368 MAGNETIC_FIELD 52.127075 16.894531 -23.028564

1499536858370 GRAVITY -5.5231814 -5.1017547 6.295789

1499536858371 LINEAR_ACCELERATION 0.22698069 -0.038496017 -0.08491039

1499536858371 ROTATION_VECTOR -0.42157564 -0.035750497 0.71516037

1499536858566 ACCELEROMETER -6.405258 -5.8092346 1.9130554

1499536858568 GYROSCOPE 0.43395996 0.24310303 -1.7341614

1499536858568 MAGNETIC_FIELD 57.18994 21.266174 -5.3100586

1499536858569 GRAVITY -6.290741 -5.3963513 5.2417893

1499536858569 LINEAR_ACCELERATION -0.27198076 -0.2383523 -2.7484016

1499536858570 ROTATION_VECTOR -0.48240805 0.005060019 0.6588149

1499536858767 ACCELEROMETER -6.4772797 -7.9756927 2.4404602

1499536858768 GYROSCOPE 0.76400757 0.6671448 -0.68847656

1499536858769 MAGNETIC_FIELD 52.633667 31.524658 -0.87890625

1499536858770 GRAVITY -5.6652236 -6.538195 4.618185

1499536858770 LINEAR_ACCELERATION -1.7244558 -2.208415 -1.7372565

1499536858771 ROTATION_VECTOR -0.5141979 0.011774312 0.5466093

1499536859003 ACCELEROMETER -5.7176514 -6.884735 2.867279

1499536859004 GYROSCOPE 1.2051392 1.5440674 -2.2180176

1499536859004 MAGNETIC_FIELD 43.293762 42.848206 3.717041

1499536859005 GRAVITY -5.015401 -6.9103284 4.823225

1499536859006 LINEAR_ACCELERATION -1.2762899 -0.46915674 -1.8560495

1499536859006 ROTATION_VECTOR -0.45239863 0.22230484 0.14703965

1499536859204 ACCELEROMETER -3.1719208 -8.679092 3.749466

1499536859205 GYROSCOPE 1.6569519 0.9363098 -1.7234802

1499536859205 MAGNETIC_FIELD 28.01056 53.138733 4.7058105

1499536859206 GRAVITY -3.565463 -6.9971905 5.873431

1499536859207 LINEAR_ACCELERATION 0.13010669 -2.0942564 -1.6713867

1499536859207 ROTATION_VECTOR -0.29714456 0.33502758 -0.326652

1499536859404 ACCELEROMETER -2.8194427 -9.47554 2.1743927

1499536859405 GYROSCOPE -0.6864929 -6.6868286 -1.0516357

1499536859405 MAGNETIC_FIELD 7.897949 58.25653 -3.0212402

1499536859406 GRAVITY 1.5800755 -7.684221 5.884429

1499536859407 LINEAR_ACCELERATION -4.2903967 -2.5551329 -3.154502

1499536859407 ROTATION_VECTOR -0.37381235 0.24544238 -0.6314496

1499536859605 ACCELEROMETER 4.802887 -9.043121 3.9346466

1499536859606 GYROSCOPE 0.34423828 -0.7694702 0.3187561

1499536859606 MAGNETIC_FIELD -10.525513 55.8609 0.8407593

1499536859607 LINEAR_ACCELERATION -0.25516033 -1.7798948 1.3540957

1499536859608 GRAVITY 5.216052 -7.8172016 2.8025959

1499536859608 ROTATION_VECTOR -0.5942587 -0.06296004 -0.37228623

1499536859805 ACCELEROMETER 7.482193 -6.1722717 2.6659698

1499536859807 GYROSCOPE -0.3692627 -0.47573853 0.35720825

1499536859808 MAGNETIC_FIELD -27.609253 46.354675 1.3153076

1499536859809 GRAVITY 5.2979274 -7.9418154 2.2427497

1499536859809 LINEAR_ACCELERATION 2.5748 1.3196807 0.58574724

1499536859810 ROTATION_VECTOR -0.5852492 -0.20768966 -0.19185534

1499536860006 ACCELEROMETER 4.74675 -4.7185516 1.9101715

1499536860008 GYROSCOPE -0.22506714 -0.59002686 0.76416016

1499536860008 MAGNETIC_FIELD -25.27008 46.33789 7.3623657

1499536860009 LINEAR_ACCELERATION 0.47057867 3.0820155 0.6808126

1499536860009 GRAVITY 4.724264 -8.482574 1.3775511

1499536860010 ROTATION_VECTOR -0.6048011 -0.25294274 -0.084425956

1499536860207 ACCELEROMETER 7.7204437 -10.907501 5.9216156

1499536860208 GYROSCOPE -0.75805664 0.2484436 -1.1242676

1499536860209 MAGNETIC_FIELD -22.062683 48.14148 8.979797

1499536860209 GRAVITY 5.1130185 -8.319561 0.90129566

1499536860210 LINEAR_ACCELERATION 2.7949204 -2.7567549 5.1622577

1499536860211 ROTATION_VECTOR -0.61368173 -0.278283 -0.092368424

1499536860408 ACCELEROMETER 5.071167 -9.617981 1.2384949

1499536860408 GYROSCOPE 0.554657 0.4439087 -0.17364502

1499536860409 MAGNETIC_FIELD -29.119873 42.234802 3.9382935

1499536860410 GRAVITY 5.934105 -7.7208443 1.1598911

1499536860411 LINEAR_ACCELERATION -0.71993923 -2.4103441 0.04247558

1499536860411 ROTATION_VECTOR -0.6120903 -0.25730816 -0.1903108

1499536860615 GRAVITY 6.900112 -6.226041 3.1297371

1499536860616 LINEAR_ACCELERATION -0.69930553 1.0963998 1.5158141

1499536860617 ACCELEROMETER 6.02861 -5.0559998 4.7416687

1499536860618 ROTATION_VECTOR -0.49183902 -0.31388247 -0.21559355

1499536860619 GYROSCOPE 2.3950195 -0.65304565 -1.0772705

1499536860619 MAGNETIC_FIELD -31.420898 41.915894 3.7719727

1499536860814 ACCELEROMETER 9.742966 -8.832092 5.194702

1499536860815 GYROSCOPE 0.8483887 -0.4874878 0.2973938

1499536860815 MAGNETIC_FIELD -37.420654 33.976746 -8.575439

1499536860815 GRAVITY 7.7543693 -4.5735025 3.888858

1499536860816 LINEAR_ACCELERATION 2.0372324 -4.590481 1.5032668

1499536860816 ROTATION_VECTOR -0.39498803 -0.381717 -0.22256602

1499536861013 ACCELEROMETER 5.9286804 -3.1361542 1.9762573

1499536861014 GYROSCOPE -1.6072083 -1.0065918 1.6517639

1499536861015 MAGNETIC_FIELD -35.279846 34.60388 -12.579346

1499536861016 GRAVITY 7.226203 -6.179038 2.4024706

1499536861019 LINEAR_ACCELERATION -1.081831 3.1361413 -0.36342216

1499536861022 ROTATION_VECTOR -0.47516897 -0.3895158 -0.1386831

1499536861219 ACCELEROMETER 7.144348 -4.5963745 2.6801758

1499536861222 GYROSCOPE -0.73669434 -0.5494385 0.67871094

1499536861226 MAGNETIC_FIELD -27.000427 46.351624 0.45166016

1499536861228 GRAVITY 5.789537 -7.9141893 -0.13136503

1499536861231 LINEAR_ACCELERATION 1.532794 3.042768 2.8806565

1499536861233 ROTATION_VECTOR -0.5766389 -0.41735524 -0.0035664677

1499536861419 ACCELEROMETER 7.9627686 -10.153931 4.377594

1499536861422 GYROSCOPE -1.0987854 4.162018 0.4736328

1499536861424 MAGNETIC_FIELD -21.6156 48.24524 6.52771

1499536861428 GRAVITY 5.1928916 -8.309504 0.39549923

1499536861430 LINEAR_ACCELERATION 2.7884092 -1.9410315 4.1805596

1499536861432 ROTATION_VECTOR -0.6358718 -0.27477658 -0.10824995

1499536861614 ACCELEROMETER 5.8710938 -7.010269 -1.1807404

1499536861615 GYROSCOPE -0.68756104 1.6786499 -0.39154053

1499536861615 MAGNETIC_FIELD -26.319885 45.99762 -0.13122559

1499536861616 GRAVITY 4.9652395 -8.271277 1.7614652

1499536861622 LINEAR_ACCELERATION 1.0660725 0.98434067 -2.8064175

1499536861624 ROTATION_VECTOR -0.63627064 -0.073143184 -0.31748787

1499536861811 ACCELEROMETER 3.9924774 -6.425583 0.2539978

1499536861813 GYROSCOPE 3.0401611 -0.51846313 -0.3552246

1499536861813 MAGNETIC_FIELD -30.08728 43.341064 4.6554565

1499536861813 GRAVITY 5.1491556 -7.3192334 4.0106616

1499536861814 LINEAR_ACCELERATION -1.0175991 0.9507313 -4.0182915

1499536861814 ROTATION_VECTOR -0.5352069 -0.09521953 -0.35523355

1499536862022 GRAVITY 5.9199014 -5.073424 5.948573

1499536862034 LINEAR_ACCELERATION 3.0819159 -5.806283 -2.675085

1499536862044 ROTATION_VECTOR -0.39849186 -0.19470856 -0.35540855

1499536862053 ACCELEROMETER 9.040466 -10.147049 3.0664978

1499536862054 GYROSCOPE 1.4273071 -0.5376892 0.3315735

1499536862054 MAGNETIC_FIELD -34.432983 37.69684 -8.099365

1499536862213 ACCELEROMETER 6.269333 -3.3140106 1.5514984

1499536862214 GYROSCOPE -0.44830322 -2.8886108 1.6773987

1499536862214 MAGNETIC_FIELD -29.891968 41.052246 -11.016846

1499536862215 GRAVITY 6.795143 -5.5041394 4.4385653

1499536862215 LINEAR_ACCELERATION -0.34181976 2.3928885 -3.0120006

1499536862216 ROTATION_VECTOR -0.42577472 -0.30399346 -0.22726502

1499536862425 ACCELEROMETER 7.651306 -7.2323456 2.640152

1499536862439 GYROSCOPE -0.9022522 1.4190979 1.1775208

1499536862448 GRAVITY 5.5031123 -7.6668935 2.6654994

1499536862457 LINEAR_ACCELERATION 2.4881606 -0.08303118 0.48558807

1499536862459 ROTATION_VECTOR -0.48243636 -0.3624259 0.017333243

1499536862462 MAGNETIC_FIELD -19.186401 49.949646 3.5949707

1499536862615 ACCELEROMETER 8.9722595 -11.274246 9.276077

1499536862616 GYROSCOPE -1.493988 -1.2554626 -0.6340027

1499536862617 MAGNETIC_FIELD -12.77771 49.0036 6.890869

1499536862617 GRAVITY 5.1138997 -8.280589 1.2042682

1499536862618 LINEAR_ACCELERATION 3.422936 -2.578517 8.500322

1499536862618 ROTATION_VECTOR -0.5534755 -0.36368158 0.02104994

1499536862823 ACCELEROMETER 8.001251 -5.715622 -1.2718048

1499536862826 GYROSCOPE 4.502411 -3.0894165 -2.323761

1499536862828 MAGNETIC_FIELD -17.149353 49.705505 -4.020691

1499536862859 GRAVITY 7.948227 -5.730903 -0.3909207

1499536862864 LINEAR_ACCELERATION 0.4606452 0.7583642 -1.3604454

1499536862870 ROTATION_VECTOR -0.3755519 -0.6155422 0.053212762

1499536863016 ACCELEROMETER 7.298355 -8.225952 -0.5271454

1499536863017 GYROSCOPE 3.1843567 -7.5455933 -0.28579712

1499536863017 MAGNETIC_FIELD -30.290222 36.561584 -16.757202

1499536863017 GRAVITY 6.441242 -3.1523538 -6.6890545

1499536863018 LINEAR_ACCELERATION 1.1141324 -6.574974 6.7872276

1499536863018 ROTATION_VECTOR -0.01369156 -0.91698384 0.1698907

1499536863223 ACCELEROMETER 5.704651 -2.001007 -4.985153

1499536863227 GYROSCOPE -0.23574829 2.208435 -2.2671509

1499536863229 MAGNETIC_FIELD -31.982422 29.701233 -25.52948

1499536863233 GRAVITY 3.1727924 -3.3196452 -8.665087

1499536863236 LINEAR_ACCELERATION 2.9686582 0.18310022 2.438774

1499536863243 ROTATION_VECTOR 0.12444 -0.9624506 0.19434105

1499536863418 ACCELEROMETER 3.5263977 6.03006 6.810272

1499536863420 LINEAR_ACCELERATION -2.1169481 10.46957 13.148481

1499536863421 GYROSCOPE 0.25772095 0.07220459 2.8330994

1499536863422 MAGNETIC_FIELD -30.181885 19.346619 -34.062195

1499536863422 GRAVITY 5.1785455 -3.2180777 -7.6809525

1499536863817 ACCELEROMETER 1.8331299 -6.476944 8.826736

1499536863821 GYROSCOPE 0.6550598 1.2855835 0.00793457

1499536863822 MAGNETIC_FIELD 6.776428 26.586914 -44.506836

1499536863822 GRAVITY 6.601812 -6.6947136 -2.7869823

1499536863823 LINEAR_ACCELERATION -3.2166677 -2.3535385 11.252583

1499536863824 ROTATION_VECTOR -0.28982955 -0.7470578 0.24519837

1499536864018 ACCELEROMETER 3.1554565 -3.5350647 3.8469086

1499536864019 GYROSCOPE 0.758667 -1.3633423 0.37643433

1499536864020 MAGNETIC_FIELD 16.767883 21.972656 -45.558167

1499536864021 GRAVITY 6.358049 -7.302586 -1.5549376

1499536864021 LINEAR_ACCELERATION -2.1644936 2.5742521 4.8888774

1499536864022 ROTATION_VECTOR -0.26421455 -0.713772 0.31091538

1499536864219 ACCELEROMETER 0.9410858 -2.0118408 10.826553

1499536864219 GYROSCOPE 0.22033691 -0.19802856 -0.13305664

1499536864220 MAGNETIC_FIELD 15.168762 22.068787 -46.525574

1499536864220 GRAVITY 6.007756 -7.6796465 -1.0489434

1499536864221 LINEAR_ACCELERATION -3.6337056 3.6276011 11.709868

1499536864222 ROTATION_VECTOR -0.17054608 -0.72415143 0.4179069

1499536864419 ACCELEROMETER 0.61557007 -0.33294678 9.991669

1499536864420 GYROSCOPE 0.44036865 -0.40844727 -0.32958984

1499536864420 MAGNETIC_FIELD 13.072205 19.252014 -47.694397

1499536864421 GRAVITY 6.3471274 -7.471211 -0.25565782

1499536864422 LINEAR_ACCELERATION -3.9199262 4.848845 10.178564

1499536864422 ROTATION_VECTOR -0.06830213 -0.71300054 0.48631537

1499536864620 ACCELEROMETER 1.3182373 0.5289917 9.840851

1499536864621 GYROSCOPE 0.33355713 -0.32086182 0.019683838

1499536864621 MAGNETIC_FIELD 9.376526 18.762207 -49.07074

1499536864622 GRAVITY 6.635596 -7.200993 0.5338106

1499536864623 LINEAR_ACCELERATION -3.5190454 5.5554314 9.445762

1499536864623 ROTATION_VECTOR 0.01683637 -0.6873862 0.54585034

1499536864820 ACCELEROMETER 2.811737 1.4253082 9.835083

1499536864822 GYROSCOPE 0.108184814 -0.46505737 -0.0743103

1499536864822 MAGNETIC_FIELD 7.53479 14.329529 -50.46692

1499536864823 GRAVITY 6.8456955 -6.9405756 1.0654811

1499536864824 LINEAR_ACCELERATION -1.6933784 5.943438 9.297272

1499536864824 ROTATION_VECTOR 0.080314375 -0.66274065 0.58912134

1499536865022 ACCELEROMETER 2.3235474 1.8050079 9.662048

1499536865022 GYROSCOPE 0.25558472 0.27301025 0.038909912

1499536865023 MAGNETIC_FIELD -0.3173828 10.125732 -50.663757

1499536865023 GRAVITY 6.965569 -6.6320834 1.914865

1499536865024 LINEAR_ACCELERATION -2.249135 6.0678105 8.429902

1499536865024 ROTATION_VECTOR 0.117210336 -0.6234026 0.6273479

1499536865232 ACCELEROMETER 1.7154694 1.962677 8.790543

1499536865239 GYROSCOPE -0.0541687 0.27514648 -0.28793335

1499536865242 MAGNETIC_FIELD 0.8026123 7.800293 -52.11487

1499536865244 LINEAR_ACCELERATION -2.2914844 5.978592 6.8966064

1499536865248 ROTATION_VECTOR 0.12302125 -0.57225645 0.64868057

1499536865251 GRAVITY 7.02464 -6.1070323 3.0869048

1499536865431 ACCELEROMETER 1.0382385 2.3233643 7.1909485

1499536865434 GYROSCOPE 0.14022827 -0.13821411 -1.1082458

1499536865437 MAGNETIC_FIELD 0.23803711 4.3899536 -52.68402

1499536865439 GRAVITY 7.68707 -4.7805524 3.7716913

1499536865441 LINEAR_ACCELERATION -3.8321867 4.950675 4.9336348

1499536865443 ROTATION_VECTOR 0.16504954 -0.5295809 0.62973696

1499536865624 ACCELEROMETER 3.8406525 3.5426025 8.612228

1499536865629 GYROSCOPE -0.44937134 1.5675659 0.586853

1499536865630 MAGNETIC_FIELD -0.95062256 1.6021729 -51.716614

1499536865633 GRAVITY 7.2885375 -3.9852211 5.212065

1499536865642 LINEAR_ACCELERATION -0.72872686 5.951655 5.349794

1499536865649 ROTATION_VECTOR 0.13560274 -0.46461868 0.6181089

1499536865826 ACCELEROMETER 1.1295013 2.4617462 9.495911

1499536865828 GRAVITY 4.6502223 -3.8197834 7.7430663

1499536865829 LINEAR_ACCELERATION -1.0616157 5.239732 4.8237944

1499536865829 ROTATION_VECTOR 0.0067316154 -0.32429644 0.6154563

1499536865830 GYROSCOPE 0.2833557 2.1475525 -0.256958

1499536865831 MAGNETIC_FIELD 12.423706 6.060791 -50.08087

1499536866032 GRAVITY 2.6040719 -3.6608665 8.717067

1499536866037 LINEAR_ACCELERATION -2.6380348 3.685134 2.4916058

1499536866039 ROTATION_VECTOR -0.06943254 -0.22523856 0.5908323

1499536866042 ACCELEROMETER -0.7509918 1.7239838 7.68602

1499536866044 GYROSCOPE -0.53375244 0.12561035 0.1852417

1499536866047 MAGNETIC_FIELD 29.968262 5.166626 -44.161987

1499536866233 ACCELEROMETER -3.1991577 -0.9999237 8.608444

1499536866236 GYROSCOPE 0.14663696 0.69384766 0.62316895

1499536866238 MAGNETIC_FIELD 28.335571 6.2805176 -44.95392

1499536866241 GRAVITY 1.2623761 -3.9969585 8.865727

1499536866243 LINEAR_ACCELERATION -3.6118736 1.749618 2.9043498

1499536866246 ROTATION_VECTOR -0.119641684 -0.1834655 0.6188298

1499536866432 ACCELEROMETER -3.243332 0.7357178 9.627762

1499536866450 GYROSCOPE -0.08834839 0.69918823 3.0691528

1499536866452 MAGNETIC_FIELD 29.17633 2.3376465 -43.948364

1499536866454 GRAVITY -1.6162267 -3.7633731 8.910399

1499536866458 LINEAR_ACCELERATION -1.6657113 3.2262366 4.2793674

1499536866460 ROTATION_VECTOR -0.19057603 -0.09683406 0.7502777

1499536866634 ACCELEROMETER -1.0974731 0.5460968 9.2013855

1499536866637 GYROSCOPE -0.11077881 0.97369385 3.7602234

1499536866639 MAGNETIC_FIELD 26.914978 -12.800598 -42.907715

1499536866641 GRAVITY -4.924187 -1.9379215 8.256345

1499536866643 LINEAR_ACCELERATION 0.41850471 1.1715353 3.3699055

1499536866646 ROTATION_VECTOR -0.28050512 -0.01898559 0.9146922

1499536866834 ACCELEROMETER 3.8235168 4.8813477 8.713882

1499536866841 GYROSCOPE 0.6390381 -2.703827 0.48965454

1499536866852 MAGNETIC_FIELD 9.446716 -22.810364 -44.776917

1499536866855 GRAVITY -3.3023465 1.0381303 9.175357

1499536866857 LINEAR_ACCELERATION 5.805112 4.0822897 2.2222948

1499536866859 ROTATION_VECTOR -0.16648418 0.06685807 0.9808376

1499536867034 ACCELEROMETER 3.3990479 2.2629547 10.498154

1499536867036 GYROSCOPE -0.3564453 1.4062805 -0.13626099

1499536867040 MAGNETIC_FIELD -0.7232666 -27.908325 -42.608643

1499536867042 GRAVITY -1.5645089 1.5155964 9.561677

1499536867044 LINEAR_ACCELERATION 5.274841 1.9008634 5.0840483

1499536867046 ROTATION_VECTOR -0.079632945 0.07841396 0.9937022

1499536867230 ACCELEROMETER 2.061142 3.6578674 11.400406

1499536867231 GYROSCOPE -0.35430908 -0.39883423 0.15319824

1499536867232 MAGNETIC_FIELD 8.006287 -27.58789 -41.67633

1499536867233 GRAVITY -2.2051013 0.97352636 9.505796

1499536867233 LINEAR_ACCELERATION 3.4576697 2.0427804 3.5182867

1499536867234 ROTATION_VECTOR 0.113822475 -0.048823394 -0.99224555

