1499536747758 ACCELEROMETER -6.4141083 -5.529602 4.335205

1499536747760 GYROSCOPE 0.7116699 0.34350586 0.27496338

1499536747761 MAGNETIC_FIELD 21.427917 35.580444 -28.205872

1499536747762 GRAVITY -5.7819304 -6.087768 5.0674205

1499536747762 LINEAR_ACCELERATION 0.0 0.0 -0.0

1499536747763 ROTATION_VECTOR 0.0 0.0 0.0

1499536747958 ACCELEROMETER -5.911392 -3.7887268 3.9642334

1499536747959 GYROSCOPE 0.01739502 0.5218811 0.56121826

1499536747960 MAGNETIC_FIELD 22.946167 31.040955 -32.963562

1499536747961 GRAVITY -7.05446 -4.7443137 4.888401

1499536747961 LINEAR_ACCELERATION 0.30449772 0.879549 -0.4504447

1499536747962 ROTATION_VECTOR -0.048198786 0.49843535 -0.4116744

1499536748158 ACCELEROMETER -7.9312286 -8.911255 3.1101074

1499536748160 GYROSCOPE 1.4486694 0.3808899 -2.899475

1499536748160 MAGNETIC_FIELD 19.740295 35.580444 -29.190063

1499536748161 GRAVITY -6.5501957 -5.998085 4.157921

1499536748162 LINEAR_ACCELERATION -1.9405484 -2.2463126 -1.006928

1499536748162 ROTATION_VECTOR 0.09787212 0.52766097 -0.67378634

1499536748359 ACCELEROMETER -5.027069 -6.2997437 2.5807495

1499536748360 GYROSCOPE 1.7573547 3.2968445 -0.54748535

1499536748360 MAGNETIC_FIELD 24.29657 29.022217 -32.307434

1499536748361 GRAVITY -6.071003 -6.4390016 4.2252293

1499536748362 LINEAR_ACCELERATION 0.4341545 -0.7499609 -0.9493804

1499536748362 ROTATION_VECTOR 0.22509296 0.48363873 -0.80278677

1499536748594 ACCELEROMETER -10.384827 -3.9357758 4.046417

1499536748595 GYROSCOPE 1.3621521 1.9050903 -3.8458252

1499536748596 MAGNETIC_FIELD 31.06842 30.52063 -22.587585

1499536748597 GRAVITY -6.7250257 -5.8563013 4.0802145

1499536748598 LINEAR_ACCELERATION -3.4845376 2.986805 -2.1465673

1499536748598 ROTATION_VECTOR 0.38026056 0.38388655 -0.8391638

1499536748795 ACCELEROMETER -0.38729858 -8.789902 2.1935272

1499536748796 GYROSCOPE -0.89157104 -1.7863159 -1.12854

1499536748797 MAGNETIC_FIELD 25.648499 41.241455 -12.944031

1499536748798 GRAVITY -2.7203207 -8.352379 4.3598185

1499536748798 LINEAR_ACCELERATION 2.1191983 -0.9763193 -0.3516364

1499536748799 ROTATION_VECTOR -0.25921938 -0.45882073 0.83303547

1499536748995 ACCELEROMETER 3.0341644 -10.312485 1.0522308

1499536748996 GYROSCOPE -0.99838257 -1.5385132 -7.116394

1499536748997 MAGNETIC_FIELD -1.0742188 46.733093 -13.456726

1499536748998 GRAVITY 4.8437266 -8.443891 1.1871854

1499536748998 LINEAR_ACCELERATION -0.94858027 -0.32520008 -0.6181445

1499536748999 ROTATION_VECTOR 0.12257656 -0.65149474 0.7071063

1499536749197 ACCELEROMETER 3.0433807 -7.9553375 1.3336487

1499536749198 GYROSCOPE 0.24383545 0.77075195 -0.7632446

1499536749198 MAGNETIC_FIELD -37.22992 31.91986 -11.045837

1499536749199 GRAVITY 9.029594 -3.7887192 0.53142077

1499536749200 LINEAR_ACCELERATION -6.9585133 -6.6209517 1.5798459

1499536749200 ROTATION_VECTOR 0.44983596 -0.5201468 0.6503911

1499536749397 ACCELEROMETER 7.5280304 -4.852371 0.16317749

1499536749398 GYROSCOPE 0.8782959 0.94592285 -0.031585693

1499536749399 MAGNETIC_FIELD -36.553955 28.070068 -20.99762

1499536749400 GRAVITY 8.965829 -3.3110158 2.195783

1499536749400 LINEAR_ACCELERATION -1.1146507 -2.1867657 -2.0979037

1499536749401 ROTATION_VECTOR 0.47321022 -0.40511522 0.7336963

1499536749556 ACCELEROMETER 8.398804 -4.197647 0.85710144

1499536749556 MAGNETIC_FIELD -34.196472 26.565552 -27.19574

1499536749597 GYROSCOPE 1.0192871 0.16726685 0.12435913

1499536749598 GRAVITY 8.631693 -3.0844991 3.4857047

1499536749598 LINEAR_ACCELERATION 0.52375984 -1.3624916 -2.351323

1499536749599 ROTATION_VECTOR 0.443198 -0.3547592 0.7783334

1499536749798 ACCELEROMETER 9.801895 -3.66922 4.2939453

1499536749799 GYROSCOPE 1.6419983 1.3838501 -0.6639099

1499536749799 MAGNETIC_FIELD -31.05774 17.658997 -35.713196

1499536749800 GRAVITY 8.131263 -1.8300477 5.1675797

1499536749800 LINEAR_ACCELERATION 2.2171507 -2.4185293 -0.8328867

1499536749801 ROTATION_VECTOR 0.42266455 -0.24058561 0.8357449

1499536749998 ACCELEROMETER 6.9649963 -2.0140076 5.1594543

1499536749999 GYROSCOPE 1.0021973 0.53790283 -0.22705078

1499536750000 MAGNETIC_FIELD -22.34497 3.3538818 -45.92743

1499536750001 GRAVITY 7.1997337 0.0643353 6.6580844

1499536750002 LINEAR_ACCELERATION 1.392529 -2.391978 -0.73286724

1499536750002 ROTATION_VECTOR 0.3880393 -0.09978826 0.88527906

1499536750199 ACCELEROMETER 6.6938324 -2.9051208 6.257141

1499536750202 GYROSCOPE -1.4683533 -0.8858948 -0.41931152

1499536750202 MAGNETIC_FIELD -18.652344 0.9170532 -45.82672

1499536750203 GRAVITY 7.3105173 0.17173333 6.534312

1499536750204 ROTATION_VECTOR 0.39224994 -0.11394209 0.87032026

1499536750205 LINEAR_ACCELERATION -3.464024 -0.5799112 -0.84806585

1499536750404 ACCELEROMETER 12.387634 -6.681946 6.0877533

1499536750404 GYROSCOPE -1.113739 -1.0290222 0.1499939

1499536750404 MAGNETIC_FIELD -28.269958 18.461609 -39.37683

1499536750405 GRAVITY 8.384249 -1.7485107 4.776764

1499536750405 LINEAR_ACCELERATION 6.980418 -6.5668664 2.6072297

1499536750405 ROTATION_VECTOR 0.42801595 -0.2706569 0.80754083

1499536750608 ACCELEROMETER 7.8799286 -5.4069214 2.3580627

1499536750611 GYROSCOPE -0.70999146 -0.3753357 0.12008667

1499536750613 MAGNETIC_FIELD -32.740784 27.48413 -31.562805

1499536750615 GRAVITY 8.803869 -3.0017078 3.1067722

1499536750619 LINEAR_ACCELERATION -1.0911589 -2.4747837 -0.32988858

1499536750621 ROTATION_VECTOR 0.45053917 -0.37230787 0.75882685

1499536750809 ACCELEROMETER 8.25235 -5.504776 1.3039856

1499536750813 GYROSCOPE 0.86654663 -0.8955078 -0.07217407

1499536750815 MAGNETIC_FIELD -35.040283 31.312561 -24.90387

1499536750817 GRAVITY 9.071445 -3.1562157 1.979284

1499536750819 LINEAR_ACCELERATION -0.5726862 -2.3877254 -0.48447526

1499536750821 ROTATION_VECTOR 0.49155003 -0.3968163 0.7296844

1499536751009 ACCELEROMETER 8.219009 -5.2868958 0.6485901

1499536751014 GRAVITY 9.343228 -2.8901165 0.722285

1499536751016 ROTATION_VECTOR 0.57205415 -0.36868382 0.70564884

1499536751018 LINEAR_ACCELERATION -0.7638149 -2.4776628 -0.069067895

1499536751020 GYROSCOPE 0.53970337 -0.89016724 -0.05722046

1499536751022 MAGNETIC_FIELD -40.0589 28.182983 -20.690918

1499536751221 ACCELEROMETER 9.147644 -4.725754 0.42590332

1499536751222 GRAVITY 9.347634 -2.9633648 0.10293324

1499536751223 LINEAR_ACCELERATION -0.60015583 -2.138826 0.25750226

1499536751224 ROTATION_VECTOR 0.5765553 -0.40290922 0.6784406

1499536751224 GYROSCOPE -1.585846 0.5293579 -0.06576538

1499536751225 MAGNETIC_FIELD -42.32788 26.617432 -16.166687

1499536751401 ACCELEROMETER 10.843018 -5.245743 0.62306213

1499536751403 GYROSCOPE -0.02746582 -4.3497925 0.39138794

1499536751403 MAGNETIC_FIELD -40.219116 28.686523 -19.10553

1499536751404 GRAVITY 8.492685 -3.333044 -3.596596

1499536751404 LINEAR_ACCELERATION 2.2821846 -2.0489862 3.7309103

1499536751405 ROTATION_VECTOR 0.6483355 -0.5128708 0.538342

1499536751613 GRAVITY 7.2857623 -3.9876812 -5.214063

1499536751620 LINEAR_ACCELERATION 3.340352 -1.3419001 8.137495

1499536751624 ROTATION_VECTOR 0.7251042 -0.48996642 0.48178583

1499536751627 ACCELEROMETER 9.577789 -5.156555 1.5407257

1499536751630 GYROSCOPE 0.25238037 1.6380615 0.16601563

1499536751633 MAGNETIC_FIELD -41.197205 23.242188 -24.151611

1499536751803 ACCELEROMETER 8.36232 -4.631027 1.0528564

1499536751804 GYROSCOPE 2.1343994 1.4425964 -0.023040771

1499536751804 MAGNETIC_FIELD -35.502625 16.096497 -36.21521

1499536751805 GRAVITY 8.167964 -5.1606793 -1.679925

1499536751805 LINEAR_ACCELERATION 0.8733554 0.8264041 0.35229206

1499536751806 ROTATION_VECTOR 0.5944373 -0.48197162 0.6392369

1499536752013 ACCELEROMETER 6.2025604 -3.1104736 6.0169373

1499536752040 GYROSCOPE 1.7658997 1.4885254 0.9777832

1499536752050 GRAVITY 7.12107 -6.020931 3.034656

1499536752053 LINEAR_ACCELERATION -0.3297286 2.1029797 2.6917753

1499536752059 MAGNETIC_FIELD -24.232483 -2.1835327 -46.270752

1499536752065 ROTATION_VECTOR -0.44950336 0.37844726 -0.80914867

1499536752203 ACCELEROMETER 4.1799774 -1.8384857 6.2503815

1499536752204 GYROSCOPE 1.2948608 1.373169 2.5906372

1499536752205 MAGNETIC_FIELD -9.713745 -14.26239 -48.545837

1499536752205 GRAVITY 3.0046 -6.6685286 6.532495

1499536752205 LINEAR_ACCELERATION 2.0697594 4.128541 1.0640807

1499536752206 ROTATION_VECTOR -0.23500466 0.33422786 -0.89638484

1499536752423 GRAVITY -3.0090647 -5.8507314 7.272198

1499536752446 LINEAR_ACCELERATION 4.8992934 5.475942 -7.328484

1499536752460 ROTATION_VECTOR 0.062260017 0.35404065 -0.8912147

1499536752464 ACCELEROMETER 1.4952393 2.8933868 1.1505432

1499536752465 GYROSCOPE 0.75653076 3.004181 1.2394714

1499536752465 MAGNETIC_FIELD -2.4414063 -30.917358 -39.772034

1499536752604 ACCELEROMETER -3.632309 7.7001953 6.221634

1499536752605 GYROSCOPE 0.045166016 1.3400574 0.096588135

1499536752606 MAGNETIC_FIELD 5.9020996 -44.204712 -27.175903

1499536752606 GRAVITY -6.740075 -4.235454 5.7273645

1499536752607 LINEAR_ACCELERATION 2.6154647 12.354662 2.2627707

1499536752607 ROTATION_VECTOR 0.2897514 0.35217863 -0.84440833

1499536752818 GRAVITY -7.4101768 -4.1157293 4.9315763

1499536752824 LINEAR_ACCELERATION -0.06024742 7.7139387 8.132004

1499536752828 ROTATION_VECTOR 0.36424223 0.3404221 -0.8410507

1499536752830 ACCELEROMETER -6.337021 3.3058777 13.024933

1499536752833 GYROSCOPE -0.68756104 0.04763794 -0.09567261

1499536752838 MAGNETIC_FIELD 9.780884 -43.93158 -29.46167

1499536753007 ACCELEROMETER -3.0397797 5.411377 8.514587

1499536753008 GYROSCOPE 0.11886597 -0.89871216 0.076293945

1499536753009 MAGNETIC_FIELD 7.5408936 -38.941956 -35.46753

1499536753010 GRAVITY -6.962439 -4.0317955 5.6070895

1499536753010 LINEAR_ACCELERATION 3.0559154 7.845399 2.76798

1499536753011 ROTATION_VECTOR 0.33031303 0.32405448 -0.8587341

1499536753212 ACCELEROMETER -0.17590332 5.6357727 10.260651

1499536753215 GYROSCOPE -0.42266846 -0.14035034 -0.15014648

1499536753218 MAGNETIC_FIELD 6.074524 -38.482666 -35.82611

1499536753220 GRAVITY -6.162308 -3.7775888 6.6276817

1499536753231 LINEAR_ACCELERATION 4.366427 8.729137 5.57442

1499536753232 ROTATION_VECTOR 0.2717009 0.29708737 -0.8797126

1499536753405 ACCELEROMETER -2.4678192 5.4002686 7.369461

1499536753408 GYROSCOPE -1.1714172 0.18969727 -0.7066345

1499536753416 MAGNETIC_FIELD 3.3828735 -36.810303 -37.686157

1499536753416 GRAVITY -5.850249 -4.82893 6.2150154

1499536753416 LINEAR_ACCELERATION 3.6734147 10.4834795 2.1080146

1499536753417 ROTATION_VECTOR 0.24096523 0.35363564 -0.867958

1499536753620 ACCELEROMETER -1.6875 1.6226654 9.32634

1499536753628 GRAVITY -5.0233936 -6.074334 5.8342404

1499536753631 LINEAR_ACCELERATION 1.2176809 6.7048345 4.480445

1499536753634 ROTATION_VECTOR 0.1800071 0.412473 -0.85835695

1499536753638 GYROSCOPE -0.46218872 -0.60391235 -0.45669556

1499536753640 MAGNETIC_FIELD 11.053467 -24.214172 -45.707703

1499536753816 GRAVITY -4.3301272 -6.393727 6.0448856

1499536753823 LINEAR_ACCELERATION 3.2737906 6.969112 5.5954876

1499536753827 ROTATION_VECTOR 0.13943805 0.41515496 -0.8661286

1499536753829 ACCELEROMETER -0.28581238 2.2803955 9.770187

1499536753833 GYROSCOPE -0.13534546 0.34884644 -0.21316528

1499536753835 MAGNETIC_FIELD 9.545898 -22.08252 -46.998596

1499536754008 ACCELEROMETER -0.56625366 2.7058258 9.571014

1499536754010 GYROSCOPE 0.015258789 0.120269775 -0.0059509277

1499536754011 MAGNETIC_FIELD 11.262512 -21.98944 -46.958923

1499536754012 GRAVITY -4.383549 -6.1936703 6.2123528

1499536754012 LINEAR_ACCELERATION 2.6257305 7.4224586 4.598721

1499536754013 ROTATION_VECTOR 0.15823895 0.397767 -0.8784154

1499536754218 ACCELEROMETER -0.9062958 2.2901154 9.627579

1499536754220 LINEAR_ACCELERATION 2.739769 6.344626 4.685314

1499536754221 ROTATION_VECTOR 0.19420697 0.35748637 -0.8953633

1499536754222 GRAVITY -4.6805367 -5.5878577 6.560397

1499536754223 GYROSCOPE 0.22781372 0.34457397 0.2130127

1499536754223 MAGNETIC_FIELD 10.525513 -23.220825 -45.765686

1499536754418 GRAVITY -5.2618966 -4.320028 7.058342

1499536754425 ACCELEROMETER -0.99650574 3.592392 9.006821

1499536754429 GYROSCOPE 0.61553955 0.21105957 0.4170227

1499536754433 LINEAR_ACCELERATION 2.7596464 6.1629934 4.205713

1499536754435 ROTATION_VECTOR 0.2425817 0.28509444 -0.9125817

1499536754438 MAGNETIC_FIELD 10.5911255 -27.827454 -42.666626

1499536754620 ACCELEROMETER -1.0242462 4.730118 8.124512

1499536754624 GYROSCOPE 0.013122559 0.6703491 0.3112793

1499536754628 MAGNETIC_FIELD 8.331299 -34.069824 -38.996887

1499536754630 LINEAR_ACCELERATION 3.270176 6.7133064 3.1668234

1499536754634 ROTATION_VECTOR 0.29845813 0.22101595 -0.9149207

1499536754636 GRAVITY -6.0410457 -3.0405827 7.10148

1499536754820 ACCELEROMETER -2.1058655 4.8785553 8.033005

1499536754826 GRAVITY -7.0413837 -2.3005238 6.426266

1499536754829 LINEAR_ACCELERATION 3.523127 6.7576594 3.1636147

1499536754832 ROTATION_VECTOR 0.3639546 0.19972149 -0.89404273

1499536754835 GYROSCOPE -0.2507019 0.7322998 0.43411255

1499536754838 MAGNETIC_FIELD 8.729553 -33.61969 -37.65869

1499536755020 ACCELEROMETER -3.3637848 4.5774536 7.433563

1499536755034 GYROSCOPE -0.040283203 0.6489868 -0.2986145

1499536755039 MAGNETIC_FIELD 16.137695 -31.095886 -39.64386

1499536755045 GRAVITY -7.74267 -1.9705802 5.6866736

1499536755049 LINEAR_ACCELERATION 3.0815482 6.041648 4.056567

1499536755051 ROTATION_VECTOR 0.41864958 0.18652843 -0.8759844

1499536755222 ACCELEROMETER -3.7758484 3.377655 7.922806

1499536755228 GYROSCOPE 0.5055237 -0.35076904 -0.7536316

1499536755230 MAGNETIC_FIELD 16.394043 -28.26233 -41.148376

1499536755233 GRAVITY -7.598249 -2.106045 5.8310866

1499536755236 LINEAR_ACCELERATION 0.9354224 5.4215145 3.2891264

1499536755239 ROTATION_VECTOR 0.42105153 0.1594143 -0.88917917

1499536755413 ACCELEROMETER -2.0983734 3.4994202 8.433212

1499536755414 GYROSCOPE -0.17913818 0.7376404 -0.10635376

1499536755414 MAGNETIC_FIELD 15.492249 -27.48108 -43.476868

1499536755414 GRAVITY -7.4618664 -2.2294946 5.9598904

1499536755415 LINEAR_ACCELERATION 2.6859102 4.658536 3.9655476

1499536755415 ROTATION_VECTOR 0.42128083 0.13657464 -0.8963475

1499536755615 ACCELEROMETER -3.8007202 3.5708923 8.236465

1499536755617 GYROSCOPE -0.095825195 0.61053467 0.3956604

1499536755619 MAGNETIC_FIELD 17.686462 -27.015686 -41.3208

1499536755620 GRAVITY -8.092154 -1.8268816 5.2297177

1499536755622 LINEAR_ACCELERATION 2.8885684 4.850952 4.7511034

1499536755624 ROTATION_VECTOR 0.4690093 0.11571037 -0.8754082

1499536755815 GRAVITY -8.436694 -1.2018347 4.8526464

1499536755835 LINEAR_ACCELERATION 2.5695872 4.567398 4.9628687

1499536755835 ROTATION_VECTOR 0.494941 0.08727725 -0.8640604

1499536755835 ACCELEROMETER -3.353531 3.4646149 8.355209

1499536755836 GYROSCOPE -0.11932373 0.26660156 0.09338379

1499536755836 MAGNETIC_FIELD 18.566895 -27.008057 -43.058777

1499536756012 ACCELEROMETER -4.2351685 3.6089325 7.04718

1499536756013 GYROSCOPE -0.5519104 0.20358276 1.1134338

1499536756013 MAGNETIC_FIELD 18.424988 -25.430298 -42.51709

1499536756014 GRAVITY -8.567413 -0.23420875 4.766022

1499536756014 LINEAR_ACCELERATION 1.9005499 3.4936545 4.760111

1499536756014 ROTATION_VECTOR 0.50147164 0.0743417 -0.8557914

1499536756212 ACCELEROMETER -2.7983093 2.851715 6.9065094

1499536756213 GYROSCOPE -1.1201477 1.7181702 0.8934021

1499536756213 MAGNETIC_FIELD 13.647461 -23.989868 -44.439697

1499536756213 GRAVITY -9.100204 0.86003673 3.5520413

1499536756214 LINEAR_ACCELERATION 2.4331827 2.5284612 3.8544748

1499536756214 ROTATION_VECTOR 0.5508789 0.124212645 -0.7844268

1499536756413 ACCELEROMETER -3.1597137 1.9603424 6.1717224

1499536756414 GRAVITY -8.607624 3.2281451 3.4144228

1499536756421 LINEAR_ACCELERATION 3.1287827 0.7668855 4.056287

1499536756421 GYROSCOPE -1.401062 -0.065582275 2.8811646

1499536756422 MAGNETIC_FIELD 16.25061 -18.894958 -45.89386

1499536756422 ROTATION_VECTOR 0.55030394 0.15191606 -0.66430706

1499536756614 ACCELEROMETER 2.33078 2.9133148 7.03862

1499536756615 GYROSCOPE -1.1393738 -2.1430664 3.4942627

1499536756615 MAGNETIC_FIELD -5.5389404 -8.357239 -50.354004

1499536756615 GRAVITY -3.6106653 6.5191665 6.374477

1499536756616 LINEAR_ACCELERATION 1.9876277 -2.8836823 0.47358227

1499536756616 ROTATION_VECTOR 0.41805768 -0.014829819 -0.46796715

1499536756814 ACCELEROMETER 2.4386292 1.6553345 7.0897064

1499536756814 GYROSCOPE -0.2293396 1.0815735 0.34118652

1499536756815 MAGNETIC_FIELD -18.237305 4.185486 -49.03412

1499536756815 GRAVITY 0.1217053 6.2664294 7.542376

1499536756816 LINEAR_ACCELERATION 3.1917262 -1.4390392 3.3104877

1499536756816 ROTATION_VECTOR 0.32856992 -0.086531274 -0.22181654

1499536757014 ACCELEROMETER 3.9212036 0.5230713 10.030197

1499536757015 GYROSCOPE -0.30838013 -0.29522705 -0.2975464

1499536757015 MAGNETIC_FIELD -12.229919 5.9020996 -49.778748

1499536757016 GRAVITY -0.15260926 5.5522485 8.082056

1499536757016 LINEAR_ACCELERATION 4.11989 -3.0185578 4.1856008

1499536757016 ROTATION_VECTOR 0.29398456 -0.038767092 -0.1508235

1499536757215 ACCELEROMETER 1.5285492 0.6371918 9.224411

1499536757216 GYROSCOPE -0.19515991 -0.17880249 -0.16189575

1499536757216 MAGNETIC_FIELD -16.986084 8.11615 -48.033142

1499536757216 GRAVITY 0.10777533 4.831335 8.533286

1499536757217 LINEAR_ACCELERATION 1.5715797 -3.3115733 3.212298

1499536757217 ROTATION_VECTOR 0.25014 -0.048512585 -0.16289265

1499536757416 ACCELEROMETER 2.4825287 0.6105194 8.86734

1499536757417 GRAVITY 0.9474834 4.352464 8.73663

1499536757418 LINEAR_ACCELERATION 2.3662848 -2.1994696 2.8337455

1499536757418 GYROSCOPE -0.09689331 -0.47039795 0.3892517

1499536757419 MAGNETIC_FIELD -19.889832 7.2540283 -46.495056

1499536757419 ROTATION_VECTOR 0.21490152 -0.09150489 -0.18191831

1499536757617 ACCELEROMETER 5.031479 -0.01838684 8.713852

1499536757618 GYROSCOPE -0.18234253 0.052978516 0.7897949

1499536757619 GRAVITY 2.0005622 3.7376924 8.842952

1499536757619 LINEAR_ACCELERATION 2.7627087 -2.3473907 2.4690146

1499536757620 MAGNETIC_FIELD -20.07904 11.532593 -46.421814

1499536757620 ROTATION_VECTOR 0.17867675 -0.13118523 -0.13788135

1499536757818 ACCELEROMETER 3.4927673 -0.2052002 9.7730255

1499536757818 GYROSCOPE -0.17700195 -0.09762573 0.10726929

1499536757819 MAGNETIC_FIELD -18.241882 17.295837 -45.903015

1499536757819 LINEAR_ACCELERATION 1.6384614 -2.1683908 2.3724036

1499536757820 GRAVITY 2.4544628 3.0195882 9.00156

1499536757820 ROTATION_VECTOR 0.14550734 -0.14098148 -0.08516278

1499536758018 ACCELEROMETER 2.65242 -0.6614685 9.899414

1499536758019 GYROSCOPE 0.038757324 0.1918335 -0.035858154

1499536758020 MAGNETIC_FIELD -16.430664 17.663574 -46.798706

1499536758020 GRAVITY 2.4228013 2.6155212 9.135615

1499536758021 LINEAR_ACCELERATION 1.161971 -2.8445592 3.678557

1499536758021 ROTATION_VECTOR 0.12607342 -0.13534674 -0.07235306

1499536758218 ACCELEROMETER 2.0352783 -0.39772034 10.916122

1499536758219 GYROSCOPE -0.14709473 -0.2706604 0.11154175

1499536758219 MAGNETIC_FIELD -16.496277 16.783142 -47.473145

1499536758220 LINEAR_ACCELERATION 0.23604608 -2.2437382 2.5041046

1499536758220 GRAVITY 2.4981992 2.3080046 9.197962

1499536758221 ROTATION_VECTOR 0.10972947 -0.1378184 -0.07221991

1499536758420 ACCELEROMETER 2.6267548 -0.6444397 8.884933

1499536758432 ROTATION_VECTOR 0.086310595 -0.15308616 -0.08045842

1499536758433 GRAVITY 2.809703 1.9024922 9.200895

1499536758433 LINEAR_ACCELERATION -0.11431885 -1.7856777 3.3906717

1499536758434 GYROSCOPE -0.07873535 -0.10189819 0.022888184

1499536758434 MAGNETIC_FIELD -17.028809 17.614746 -47.56012

1499536758619 ACCELEROMETER 2.6051025 -1.0585785 8.608704

1499536758620 GYROSCOPE -0.095825195 -0.032470703 0.20126343

1499536758620 MAGNETIC_FIELD -17.584229 18.69812 -46.861267

1499536758621 GRAVITY 3.003758 1.5076126 9.212759

1499536758621 LINEAR_ACCELERATION 0.89200854 -2.2471547 1.7676067

1499536758622 ROTATION_VECTOR 0.065587066 -0.16117802 -0.0774323

1499536758820 ACCELEROMETER 2.8743286 -1.0962982 9.672668

1499536758821 GYROSCOPE -0.29663086 -0.25997925 0.1083374

1499536758821 MAGNETIC_FIELD -19.490051 20.56427 -44.981384

1499536758822 GRAVITY 3.242429 0.92595 9.208673

1499536758822 LINEAR_ACCELERATION -0.67776394 -1.7034411 1.8977776

1499536758823 ROTATION_VECTOR 0.034720782 -0.17112224 -0.07671023

1499536759021 ACCELEROMETER 2.6190796 -2.1970062 9.323563

1499536759021 GYROSCOPE 0.42114258 1.7502136 0.30273438

1499536759022 MAGNETIC_FIELD -17.282104 22.557068 -44.247437

1499536759022 GRAVITY 1.9707904 0.76997304 9.575673

1499536759023 LINEAR_ACCELERATION 1.970675 -1.8513428 2.1338701

1499536759024 ROTATION_VECTOR 0.035065874 -0.1026983 -0.04315332

1499536759221 ACCELEROMETER 3.6014252 -1.6751862 9.70929

1499536759222 GYROSCOPE -0.11505127 0.08074951 1.0055542

1499536759222 MAGNETIC_FIELD -15.869141 22.06726 -46.22345

1499536759223 GRAVITY 0.38914284 0.6171212 9.779474

1499536759223 LINEAR_ACCELERATION 1.7004986 -2.7000768 1.0049458

1499536759224 ROTATION_VECTOR 0.0328852 -0.017439874 0.074865006

1499536759421 ACCELEROMETER 2.078125 -1.3725433 9.3480835

1499536759422 GRAVITY 0.628437 0.41259384 9.777792

1499536759422 LINEAR_ACCELERATION 3.544682 -1.9711393 2.1833806

1499536759423 GYROSCOPE 0.07827759 -0.04849243 -0.21530151

1499536759423 MAGNETIC_FIELD -11.769104 21.795654 -47.628784

1499536759424 ROTATION_VECTOR 0.026403267 -0.027824687 0.17716077

1499536759622 ACCELEROMETER 2.0500793 -1.3780518 9.072342

1499536759623 GYROSCOPE -0.19836426 -0.12112427 0.023956299

1499536759623 MAGNETIC_FIELD -14.100647 22.215271 -46.817017

1499536759624 GRAVITY 0.8341219 0.22392227 9.768545

1499536759624 LINEAR_ACCELERATION 0.7914121 -1.261557 0.7029033

1499536759625 ROTATION_VECTOR 0.017735803 -0.040351253 0.15111855

1499536759822 ACCELEROMETER 1.9889526 -1.8192902 9.154388

1499536759823 GYROSCOPE 0.15945435 0.055114746 -0.027313232

1499536759824 MAGNETIC_FIELD -13.247681 22.717285 -46.91925

1499536759824 GRAVITY 0.9630131 0.050985925 9.759119

1499536759825 LINEAR_ACCELERATION 1.1190399 -2.092932 1.126111

1499536759826 ROTATION_VECTOR 0.008785117 -0.048438236 0.12603205

