1478989683633 ACCELEROMETER 0.21731567 1.8148346 8.680679
1478989683829 ACCELEROMETER 0.945755 2.0232086 9.370789
1478989684076 ACCELEROMETER 0.6532898 1.5980225 9.991379
1478989684273 ACCELEROMETER 0.36029053 0.77445984 9.164673
1478989684469 ACCELEROMETER 0.902359 1.870224 8.608505
1478989684666 ACCELEROMETER 1.3646393 2.885971 10.315079
1478989684863 ACCELEROMETER 1.9431 3.5827637 9.46637
1478989685059 ACCELEROMETER 2.057907 3.401291 10.04454
1478989685255 ACCELEROMETER 2.0015717 2.5386658 9.009567
1478989685452 ACCELEROMETER 1.0722198 2.582138 8.936752
1478989685648 ACCELEROMETER 0.81211853 2.0659027 9.482376
1478989685844 ACCELEROMETER 1.0230255 3.059433 8.980362
1478989686047 ACCELEROMETER 0.8946533 4.4826508 8.157196
1478989686248 ACCELEROMETER 0.40789795 5.1704254 8.846176
1478989686437 ACCELEROMETER 1.2443237 3.7900238 9.585968
1478989686635 ACCELEROMETER 1.4077301 3.3378143 7.474655
1478989686834 ACCELEROMETER 1.6583252 4.126892 7.959671
1478989687144 ACCELEROMETER 1.0572052 5.376587 8.569565
1478989687330 ACCELEROMETER -1.3228302 2.6943207 9.611588
1478989687528 ACCELEROMETER -1.5380096 1.985611 8.804779
1478989687728 ACCELEROMETER -0.6805725 3.1830444 9.450989
1478989687930 ACCELEROMETER 0.01272583 1.6258392 10.392288
1478989688124 ACCELEROMETER 0.42034912 1.3334961 8.706955
1478989688317 ACCELEROMETER 0.37226868 1.9909515 9.038834
1478989688510 ACCELEROMETER 0.18247986 1.6396637 10.842697
1478989688718 ACCELEROMETER -0.043045044 0.44250488 9.920013
1478989688903 ACCELEROMETER 0.49967957 1.5506439 8.749924
1478989689107 ACCELEROMETER 0.36354065 2.2394562 10.271225
1478989689302 ACCELEROMETER 0.6538086 1.2236633 10.182083
1478989689506 ACCELEROMETER 0.26470947 1.3960419 8.671234
1478989689688 ACCELEROMETER 0.42733765 1.7969971 9.491806
1478989689887 ACCELEROMETER -0.24702454 1.2549744 9.756592
1478989690084 ACCELEROMETER 0.41661072 0.54948425 8.402679
1478989690278 ACCELEROMETER -0.03100586 1.478775 9.976501
1478989690473 ACCELEROMETER 0.24617004 0.58262634 11.288055
1478989690670 ACCELEROMETER 0.4387207 0.80085754 8.551804
1478989690871 ACCELEROMETER 0.4126892 1.238266 9.349091
1478989691063 ACCELEROMETER 0.45637512 1.537384 9.856171
1478989691262 ACCELEROMETER -0.98654175 1.0790863 9.253754
1478989691457 ACCELEROMETER -0.6401062 0.37225342 8.777618
1478989691763 ACCELEROMETER -0.17964172 1.5016022 10.260681
1478989691938 ACCELEROMETER -0.39346313 0.022323608 10.624115
1478989692146 ACCELEROMETER 0.79681396 -0.18617249 8.491791
1478989692329 ACCELEROMETER 1.4001923 1.3007965 9.061447
1478989692526 ACCELEROMETER 0.87742615 0.5089874 10.213318
1478989692721 ACCELEROMETER 0.77149963 -1.4197693 11.173889
1478989692921 ACCELEROMETER 1.5392761 -0.36323547 8.018051
1478989693112 ACCELEROMETER 1.9981995 0.15762329 9.739548
1478989693308 ACCELEROMETER 1.1261292 -1.3975983 9.572189
1478989693504 ACCELEROMETER 1.308197 -1.550354 9.488861
1478989693702 ACCELEROMETER 1.3548889 -1.3601227 9.677765
1478989693906 ACCELEROMETER 0.4613495 -1.0345154 10.019485
1478989694102 ACCELEROMETER -0.7220917 0.02911377 9.616333
1478989694297 ACCELEROMETER -0.5866699 0.06254578 9.748917
1478989694488 ACCELEROMETER 0.21736145 0.7485657 9.96254
1478989694688 ACCELEROMETER 1.4724121 0.72613525 10.255798
1478989694887 ACCELEROMETER 1.7713928 -0.09085083 9.17923
1478989695195 ACCELEROMETER 2.6113281 0.6821747 9.013031
1478989695391 ACCELEROMETER 2.024643 1.1145172 9.597244
1478989695584 ACCELEROMETER 2.990265 1.7305756 9.42189
1478989695785 ACCELEROMETER 3.3028107 1.6349335 8.720276
1478989695982 ACCELEROMETER 2.639206 1.839325 9.4774475
1478989696173 ACCELEROMETER 1.8913879 0.63471985 10.038864
1478989696368 ACCELEROMETER 1.0306549 0.9389343 9.297272
1478989696563 ACCELEROMETER 0.9864044 1.7614594 9.5759735
1478989696760 ACCELEROMETER 1.2050934 1.1762543 10.438599
1478989696961 ACCELEROMETER 2.4147797 0.52726746 9.896454
1478989697158 ACCELEROMETER 1.1368103 0.34153748 9.203598
1478989697355 ACCELEROMETER 0.50465393 0.9182434 9.902634
1478989697545 ACCELEROMETER 1.0899506 0.4998474 10.876785
1478989697748 ACCELEROMETER 1.2048798 -0.3021698 9.295471
1478989697948 ACCELEROMETER 0.5388489 0.8410034 9.057343
1478989698138 ACCELEROMETER 1.1554108 1.361618 9.540222
1478989698336 ACCELEROMETER 3.6115417 -1.3799286 10.881378
1478989698535 ACCELEROMETER 0.9696655 -0.48902893 7.8926544
1478989698725 ACCELEROMETER 0.0072021484 0.28860474 10.331131
1478989698923 ACCELEROMETER 1.7757721 -0.447464 10.596176
1478989699119 ACCELEROMETER 0.97047424 -0.133255 8.85759
1478989699324 ACCELEROMETER -0.04385376 1.1227417 9.411041
1478989699595 ACCELEROMETER 1.7580872 1.5531006 9.889954
1478989699792 ACCELEROMETER 2.381668 0.4890442 9.108124
1478989699992 ACCELEROMETER 1.2993927 1.2886505 8.398285
1478989700196 ACCELEROMETER 1.5002441 1.4607086 9.51976
1478989700387 ACCELEROMETER 1.3433075 0.9368744 11.056702
1478989700576 ACCELEROMETER 1.477951 0.48806763 9.247437
1478989700780 ACCELEROMETER 0.026626587 1.3292084 8.973267
1478989700974 ACCELEROMETER 0.33148193 1.6521912 9.590942
1478989701169 ACCELEROMETER 0.64941406 0.37379456 10.404175
1478989701370 ACCELEROMETER 0.052719116 0.6121521 8.716049
1478989701558 ACCELEROMETER -0.062332153 0.27565002 9.67041
1478989701757 ACCELEROMETER 0.25354004 -0.43702698 10.585846
1478989701953 ACCELEROMETER -0.24186707 0.0048828125 9.218185
1478989702147 ACCELEROMETER -1.035492 0.5158081 9.994858
1478989702350 ACCELEROMETER -0.49391174 1.0378876 9.466064
1478989702547 ACCELEROMETER 0.05256653 0.79463196 9.383011
1478989702847 ACCELEROMETER 0.0947876 0.58251953 9.062622
1478989703047 ACCELEROMETER -0.0438385 1.0447693 8.930908
1478989703244 ACCELEROMETER 0.23522949 1.7080383 9.397629
1478989703438 ACCELEROMETER 0.023834229 1.0873871 8.424133
1478989703632 ACCELEROMETER -0.1101532 1.926651 6.9742584
1478989703838 ACCELEROMETER -0.66204834 1.5848541 5.435852
1478989704027 ACCELEROMETER 0.03605652 1.7377625 5.9058228
1478989704235 ACCELEROMETER 1.14888 -2.8635254 14.662903
1478989704425 ACCELEROMETER 8.080521 4.3708954 -2.5470276
1478989704615 ACCELEROMETER 2.0282593 4.1190033 6.8877106
1478989704816 ACCELEROMETER -0.25956726 1.2495728 11.708069
1478989705012 ACCELEROMETER 8.331314 0.6669159 7.9555054
1478989705207 ACCELEROMETER 6.190979 0.6359558 7.2510223
1478989705404 ACCELEROMETER 7.754883 1.0210114 4.722397
1478989705597 ACCELEROMETER 7.4562225 -0.31672668 6.0379944
1478989705796 ACCELEROMETER 8.125015 -0.36279297 5.976532
1478989705994 ACCELEROMETER 7.7519684 -0.63879395 5.836609
1478989706190 ACCELEROMETER 8.081924 -0.4501953 5.634079
1478989706390 ACCELEROMETER 7.928406 -0.52641296 5.5973816
1478989706582 ACCELEROMETER 7.978012 -0.6401367 5.771866
1478989706784 ACCELEROMETER 7.918091 -0.6422119 5.9309845
1478989706975 ACCELEROMETER 7.891983 -0.6638794 5.8992615
1478989707178 ACCELEROMETER 8.061096 -0.71661377 6.01857
1478989707455 ACCELEROMETER 7.797821 -0.955246 5.928055
1478989707652 ACCELEROMETER 7.780655 -0.8760071 6.034134
1478989707850 ACCELEROMETER 7.750107 -0.91996765 6.2612762
1478989708040 ACCELEROMETER 7.775299 -0.93014526 6.0256805
1478989708241 ACCELEROMETER 7.6840057 -1.0289154 6.3211975
1478989708442 ACCELEROMETER 7.6435547 -1.1103668 6.3108826
1478989708636 ACCELEROMETER 7.5796814 -1.1555481 6.2961426
1478989708826 ACCELEROMETER 7.604553 -1.0521698 6.185318
1478989709024 ACCELEROMETER 7.649933 -1.1024323 6.1644745
1478989709222 ACCELEROMETER 7.512192 -1.1727448 6.1875
1478989709415 ACCELEROMETER 7.5365143 -1.0809479 6.2720337
1478989709613 ACCELEROMETER 7.5807343 -1.1325073 6.1735992
1478989709816 ACCELEROMETER 7.4418488 -1.2011719 6.227997
1478989710013 ACCELEROMETER 7.6096497 -1.3118744 6.3194885
1478989710208 ACCELEROMETER 7.4276733 -1.1639862 6.325653
1478989710404 ACCELEROMETER 7.4967957 -1.1084747 6.3518066
1478989710595 ACCELEROMETER 7.496689 -1.1669769 6.4685516
1478989710901 ACCELEROMETER 7.4628906 -1.1150818 6.3608704
1478989711113 ACCELEROMETER 7.4373627 -1.1781464 6.2298584
1478989711293 ACCELEROMETER 7.374954 -1.3403015 6.440674
1478989711489 ACCELEROMETER 7.0857086 -1.3413239 6.507141
1478989711685 ACCELEROMETER 7.2310333 -1.5017242 6.5272827
1478989711881 ACCELEROMETER 7.30542 -1.4028931 6.4748535
1478989712078 ACCELEROMETER 7.236496 -1.4050293 7.016678
1478989712275 ACCELEROMETER 6.7545776 -1.0370789 6.733612
1478989712471 ACCELEROMETER 6.6269836 -1.2273407 7.179352
1478989712667 ACCELEROMETER 6.5934296 -1.156723 7.1692657
1478989712864 ACCELEROMETER 6.649246 -1.0887299 6.994461
1478989713060 ACCELEROMETER 6.534363 -1.3161163 7.210434
