1495826380259 GYROSCOPE 0.19273376 -0.43711853 0.3584442

1495826380263 MAGNETIC_FIELD -9.324646 -11.717224 -43.22357

1495826380265 GRAVITY 2.3323987 5.019742 8.095214

1495826380265 LINEAR_ACCELERATION 0.0 0.0 -0.0

1495826380266 ROTATION_VECTOR 0.0 0.0 0.0

1495826380460 ACCELEROMETER 2.1868744 4.291275 6.889221

1495826380462 GYROSCOPE -0.1415863 -0.4830475 -0.012191772

1495826380463 MAGNETIC_FIELD -13.206482 -10.5407715 -42.730713

1495826380463 GRAVITY 2.6439607 4.801414 8.131806

1495826380464 LINEAR_ACCELERATION -0.49885035 -0.11897993 0.34055662

1495826380465 ROTATION_VECTOR 0.24996485 -0.15136321 -0.039323207

1495826380661 ACCELEROMETER 1.8165283 4.0573273 7.4227295

1495826380662 GYROSCOPE -2.205185 -2.3672028 1.6754303

1495826380663 MAGNETIC_FIELD -34.300232 -3.6453247 -31.738281

1495826380663 GRAVITY 5.988052 1.4971787 7.6205044

1495826380664 LINEAR_ACCELERATION -0.22696161 -1.5007324 -0.6718669

1495826380665 ROTATION_VECTOR 0.063267656 -0.32781038 -0.051204566

1495826380862 ACCELEROMETER 4.752411 -0.27738953 5.6256104

1495826380864 GYROSCOPE -0.48979187 -2.2518463 2.5480804

1495826380864 MAGNETIC_FIELD -41.555786 20.401001 -5.9799194

1495826380865 GRAVITY 8.619725 -2.6653178 3.8427596

1495826380866 LINEAR_ACCELERATION 2.834363 0.23507357 1.8808208

1495826380866 ROTATION_VECTOR -0.20055568 -0.5136645 -0.060305554

1495826381063 ACCELEROMETER 10.853821 -2.2486267 5.4314117

1495826381064 GYROSCOPE 0.15000916 -0.26194763 0.7728729

1495826381065 MAGNETIC_FIELD -29.237366 36.376953 7.30896

1495826381066 GRAVITY 8.116341 -5.247786 1.6601676

1495826381067 LINEAR_ACCELERATION 1.7183895 0.11593437 -0.00777936

1495826381067 ROTATION_VECTOR -0.26163614 -0.5889835 0.11874219

1495826381300 ACCELEROMETER 9.585876 -5.007431 1.6087952

1495826381300 ACCELEROMETER 11.096924 -7.4637146 2.5275116

1495826381301 GYROSCOPE 0.36897278 0.16423035 -0.1894989

1495826381302 GRAVITY 7.83706 -5.5852194 1.8857893

1495826381302 LINEAR_ACCELERATION 2.4798594 -1.0299883 0.32673252

1495826381303 ROTATION_VECTOR -0.24323961 -0.5870997 0.17331411

1495826381501 ACCELEROMETER 6.73053 -3.0892334 -1.2131195

1495826381502 GYROSCOPE -0.026229858 -1.1143036 -1.1999359

1495826381503 MAGNETIC_FIELD -23.7854 36.99341 10.858154

1495826381503 LINEAR_ACCELERATION -1.9490433 0.947927 -2.4490614

1495826381504 GRAVITY 8.727921 -4.39073 0.8457409

1495826381504 ROTATION_VECTOR -0.18039429 -0.65141165 0.14347936

1495826381702 ACCELEROMETER 5.7884827 -7.744644 0.21432495

1495826381703 GYROSCOPE -1.4906158 0.53593445 0.50691223

1495826381703 MAGNETIC_FIELD -29.69513 34.910583 10.386658

1495826381704 GRAVITY 8.684205 -4.5524774 -0.17294614

1495826381704 LINEAR_ACCELERATION -2.600604 -4.5690694 0.6018493

1495826381705 ROTATION_VECTOR -0.280675 -0.6557739 0.054907672

1495826381903 ACCELEROMETER 13.261719 -6.082779 -0.64845276

1495826381904 GYROSCOPE 0.35508728 -0.52897644 0.5731354

1495826381904 MAGNETIC_FIELD -29.656982 31.225586 17.393494

1495826381905 GRAVITY 8.355695 -5.0636168 -0.8441231

1495826381905 LINEAR_ACCELERATION 5.009981 0.6899419 -0.7636688

1495826381906 ROTATION_VECTOR -0.37033018 -0.637098 0.012361

1495826382105 ACCELEROMETER 7.7899933 -2.0487976 -0.32054138

1495826382106 GYROSCOPE 1.6015778 -1.5330048 0.028396606

1495826382107 LINEAR_ACCELERATION -0.33836174 3.5219188 1.964481

1495826382107 GRAVITY 8.103953 -5.385466 -1.2219179

1495826382108 MAGNETIC_FIELD -20.358276 37.893677 16.462708

1495826382108 ROTATION_VECTOR -0.3148558 -0.6805632 0.1009717

1495826382305 ACCELEROMETER 9.777679 -6.318451 -0.75982666

1495826382307 GYROSCOPE 0.5879364 -1.6398163 -1.4114227

1495826382307 MAGNETIC_FIELD -15.214539 41.61682 13.870239

1495826382308 GRAVITY 8.220297 -4.5934706 -2.7380884

1495826382309 LINEAR_ACCELERATION 2.2402697 -3.5309424 1.8409777

1495826382309 ROTATION_VECTOR -0.1629757 -0.78297037 0.17990352

1495826382506 ACCELEROMETER 7.9690857 -11.351593 1.0442047

1495826382508 GYROSCOPE 0.24827576 0.74635315 -1.0269012

1495826382509 MAGNETIC_FIELD -21.942139 37.36267 13.340759

1495826382509 GRAVITY 8.722529 -3.3413913 -2.9871352

1495826382510 LINEAR_ACCELERATION -2.592515 -6.885667 4.3166585

1495826382510 ROTATION_VECTOR -0.084135965 -0.8032575 0.15242708

1495826382708 ACCELEROMETER 5.2676544 -2.4221191 -2.5005188

1495826382709 GYROSCOPE 0.31663513 -0.78852844 0.4406891

1495826382709 MAGNETIC_FIELD -34.524536 29.356384 11.375427

1495826382710 GRAVITY 8.87613 -2.9456317 -2.9509256

1495826382711 LINEAR_ACCELERATION -2.7458715 1.3340881 -0.25841403

1495826382711 ROTATION_VECTOR -0.03995034 -0.80551803 0.15819268

1495826382910 ACCELEROMETER 9.924667 -4.0731964 -1.1739044

1495826382911 GYROSCOPE -1.9969025 0.98347473 1.190506

1495826382912 MAGNETIC_FIELD -31.687927 30.995178 9.333801

1495826382912 GRAVITY 8.424922 -3.8536658 -3.2156415

1495826382913 LINEAR_ACCELERATION 2.615367 -1.4650836 2.7441547

1495826382913 ROTATION_VECTOR -0.16985156 -0.7969332 0.12594773

1495826383115 LINEAR_ACCELERATION 2.1219091 0.08373022 0.17618608

1495826383116 GRAVITY 8.622354 -3.6249921 -2.9470057

1495826383121 ROTATION_VECTOR -0.2926949 -0.75138885 0.015686452

1495826383123 ACCELEROMETER 12.066101 -4.7886047 -2.2119293

1495826383125 GYROSCOPE -0.1415863 0.3212433 -0.45332336

1495826383128 MAGNETIC_FIELD -27.760315 33.917236 15.104675

1495826383322 ACCELEROMETER 5.289566 -1.5624084 -0.69747925

1495826383325 GYROSCOPE 1.938034 -1.4176483 -0.005783081

1495826383327 MAGNETIC_FIELD -27.406311 35.639954 11.613464

1495826383330 GRAVITY 8.518227 -3.6717088 -3.1825707

1495826383332 LINEAR_ACCELERATION -3.0884237 2.0702589 2.786258

1495826383336 ROTATION_VECTOR -0.22597578 -0.78179336 0.07279919

1495826383523 GRAVITY 9.097531 -3.0084412 -2.0867643

1495826383526 LINEAR_ACCELERATION 4.68754 -6.1922493 1.6232798

1495826383528 ROTATION_VECTOR -0.19094893 -0.7549397 0.04490113

1495826383530 ACCELEROMETER 13.169586 -8.131683 -1.084732

1495826383532 GYROSCOPE -2.0973053 2.477768 -1.0172882

1495826383534 MAGNETIC_FIELD -26.342773 35.664368 7.977295

1495826383724 GRAVITY 9.392711 -2.5907462 -1.1114944

1495826383727 LINEAR_ACCELERATION -3.3373594 0.07760358 0.00592196

1495826383729 ROTATION_VECTOR -0.16630702 -0.7273324 0.029515995

1495826383731 ACCELEROMETER 6.718155 -3.6202545 -0.32254028

1495826383734 GYROSCOPE 1.649643 -1.2905426 0.62013245

1495826383736 MAGNETIC_FIELD -29.277039 35.455322 7.296753

1495826383919 ACCELEROMETER 8.548325 -3.2659607 -1.9836121

1495826383921 GRAVITY 8.981116 -3.0924494 -2.4385843

1495826383924 LINEAR_ACCELERATION 0.027127266 -0.9094343 0.46784067

1495826383925 ROTATION_VECTOR -0.08642793 -0.78540653 0.1349595

1495826383926 GYROSCOPE 0.1884613 -0.7735748 -0.301651

1495826383928 MAGNETIC_FIELD -28.66211 37.286377 0.18615723

1495826384124 ACCELEROMETER 12.993134 -9.55983 0.117248535

1495826384130 GYROSCOPE 3.0883942 -1.5703888 -1.3622894

1495826384133 MAGNETIC_FIELD -25.816345 37.452698 3.111267

1495826384135 GRAVITY 8.719535 -2.58223 -3.6704466

1495826384138 LINEAR_ACCELERATION 3.614562 -7.0343714 3.8350914

1495826384142 ROTATION_VECTOR 0.101405144 -0.8227136 0.22324108

1495826384324 ACCELEROMETER 7.0199585 -2.8835602 -1.1016693

1495826384330 GYROSCOPE 1.0600433 -0.5054779 -0.75239563

1495826384333 MAGNETIC_FIELD -29.696655 35.53009 -2.0492554

1495826384335 GRAVITY 8.302939 -2.1408455 -4.759029

1495826384337 LINEAR_ACCELERATION -1.0648756 0.06740689 3.9611216

1495826384365 ROTATION_VECTOR 0.33729532 -0.79301625 0.30882654

1495826384525 ACCELEROMETER 9.700394 -2.3979797 2.2919464

1495826384529 GYROSCOPE 2.614151 -1.4368744 0.21318054

1495826384532 MAGNETIC_FIELD -36.647034 28.50647 -7.8720093

1495826384549 GRAVITY 7.732655 -3.3131473 -5.0397906

1495826384559 LINEAR_ACCELERATION 2.2138572 0.5645726 8.065323

1495826384562 ROTATION_VECTOR 0.4926622 -0.7171065 0.41662958

1495826384720 ACCELEROMETER 6.3989105 -6.5981293 -1.2076874

1495826384720 GYROSCOPE 4.5837555 -3.5164948 0.8828888

1495826384721 MAGNETIC_FIELD -40.203857 18.965149 -13.146973

1495826384721 GRAVITY 5.950834 -6.486323 -4.3226824

1495826384722 LINEAR_ACCELERATION -0.0750432 -0.5416622 1.8188152

1495826384722 ROTATION_VECTOR -0.6882612 0.49668097 -0.51788443

1495826384935 GRAVITY 5.422251 -6.703122 -4.673086

1495826384974 LINEAR_ACCELERATION 5.439962 0.79505205 1.2458038

1495826384975 ROTATION_VECTOR -0.7157882 0.47529814 -0.48807275

1495826384975 ACCELEROMETER 10.247162 -5.917511 -4.206482

1495826384975 GYROSCOPE -3.8522186 1.8155365 -0.8421173

1495826384976 MAGNETIC_FIELD -44.74182 11.57074 -0.52948

1495826385122 ACCELEROMETER 2.9566345 -7.353363 -2.545105

1495826385123 GYROSCOPE 4.236618 -5.19664 2.5737152

1495826385124 MAGNETIC_FIELD -43.88275 12.962341 9.764099

1495826385124 GRAVITY 2.4854727 -7.75371 -5.4656014

1495826385125 LINEAR_ACCELERATION 0.05741644 -0.11145449 1.4534512

1495826385125 ROTATION_VECTOR -0.7640289 0.44150648 -0.34849387

1495826385340 GRAVITY 4.83738 0.80986875 -8.492012

1495826385345 LINEAR_ACCELERATION 5.663896 -19.488142 1.3749628

1495826385348 ROTATION_VECTOR 0.91047984 -0.32248798 0.22641896

1495826385355 ACCELEROMETER 10.122025 -17.231293 -8.903412

1495826385359 GYROSCOPE -15.76384 8.013809 -1.8942108

1495826385362 MAGNETIC_FIELD -27.328491 28.378296 25.178528

1495826385538 GRAVITY 5.8726974 3.2953823 -7.1289735

1495826385543 LINEAR_ACCELERATION -5.9133964 -14.173144 7.121757

1495826385545 ROTATION_VECTOR 0.8979883 -0.23894235 0.26489767

1495826385549 ACCELEROMETER -0.7772522 -12.393784 2.8437958

1495826385555 GYROSCOPE 14.178635 -5.9987946 -1.7457428

1495826385559 MAGNETIC_FIELD -33.07953 -16.011047 1.4465332

1495826385740 GRAVITY 0.8177208 -5.945211 -7.756042

1495826385744 LINEAR_ACCELERATION 4.3588696 -1.4855561 -10.828964

1495826385748 ROTATION_VECTOR -0.9168272 -0.23425612 0.036611322

1495826385750 ACCELEROMETER 5.9167786 -7.9081726 -17.42424

1495826385755 GYROSCOPE -0.56455994 -1.0886688 0.5250702

1495826385759 MAGNETIC_FIELD -23.765564 -7.2921753 35.343933

1495826385939 GRAVITY 2.2038662 -1.7780007 -9.388934

1495826385943 LINEAR_ACCELERATION 2.177004 -3.0873234 3.273511

1495826385945 ROTATION_VECTOR -0.98669434 -0.071670465 -0.10664495

1495826385948 ACCELEROMETER 4.303177 -4.8882904 -6.741852

1495826385951 GYROSCOPE -4.328598 2.423294 -0.45759583

1495826385954 MAGNETIC_FIELD -18.31665 0.881958 45.162964

1495826386128 ACCELEROMETER 8.40242 -1.4326935 -6.5893097

1495826386130 GYROSCOPE -5.49498 5.544327 -1.1379852

1495826386131 GRAVITY 6.505302 6.769158 -2.833714

1495826386132 LINEAR_ACCELERATION 2.6403146 -7.110131 -2.6171317

1495826386133 MAGNETIC_FIELD -23.73352 -17.663574 38.734436

1495826386133 ROTATION_VECTOR 0.7938704 0.11936916 0.47248602

1495826386342 ACCELEROMETER 5.7940674 3.8301086 3.234436

1495826386347 GYROSCOPE -0.69059753 0.7698517 -0.9766998

1495826386350 MAGNETIC_FIELD -30.699158 -30.207825 -15.364075

1495826386353 GRAVITY 2.7406597 8.063195 4.862515

1495826386355 LINEAR_ACCELERATION 2.7835443 -3.0970197 -0.46819305

1495826386363 ROTATION_VECTOR 0.41268182 0.28596234 0.69512475

1495826386542 GRAVITY 1.4626861 7.930423 5.580262

1495826386545 LINEAR_ACCELERATION 4.0959005 -1.9170494 -0.05588579

1495826386549 ROTATION_VECTOR 0.34402558 0.3116604 0.70386356

1495826386552 ACCELEROMETER 5.27977 5.260483 5.3767548

1495826386554 GYROSCOPE -0.020889282 -0.044052124 -0.37748718

1495826386557 MAGNETIC_FIELD -10.624695 -26.51062 -37.472534

1495826386735 ACCELEROMETER 5.3472137 5.7278137 6.210846

1495826386735 GRAVITY 1.0412416 7.9377475 5.663777

1495826386735 LINEAR_ACCELERATION 4.285701 -1.5350142 1.3474436

1495826386736 GYROSCOPE 0.018630981 0.07450867 -0.43089294

1495826386736 MAGNETIC_FIELD -5.693054 -28.112793 -37.712097

1495826386737 ROTATION_VECTOR 0.35866895 0.2873749 0.6407559

1495826386932 ACCELEROMETER 4.323578 6.0023956 5.3947906

1495826386932 GYROSCOPE -0.17149353 -0.054733276 -0.18629456

1495826386933 MAGNETIC_FIELD -4.51355 -29.23584 -36.694336

1495826386933 GRAVITY 0.73710465 7.8717318 5.801974

1495826386934 LINEAR_ACCELERATION 3.4823136 -1.2082882 -0.27765322

1495826386934 ROTATION_VECTOR 0.3598611 0.27327943 0.60340405

1495826387133 ACCELEROMETER 3.8000336 6.3431244 6.635727

1495826387134 GYROSCOPE -0.25053406 0.20695496 -0.14463806

1495826387134 MAGNETIC_FIELD -0.17089844 -28.041077 -37.480164

1495826387135 LINEAR_ACCELERATION 3.2997005 -0.61351967 1.3564558

1495826387135 GRAVITY 0.5687286 7.580087 6.1959033

1495826387136 ROTATION_VECTOR 0.34839103 0.25044072 0.58062845

1495826387334 ACCELEROMETER 3.074768 5.7107544 7.0299683

1495826387335 GYROSCOPE -0.11167908 0.057418823 0.09675598

1495826387335 MAGNETIC_FIELD 2.947998 -25.00763 -39.28833

1495826387336 GRAVITY 0.5017062 7.292544 6.537391

1495826387336 LINEAR_ACCELERATION 2.4750562 -1.1203761 0.934885

1495826387337 ROTATION_VECTOR 0.33804706 0.22893232 0.56254315

1495826387536 ACCELEROMETER 3.1413422 5.4505005 7.5254517

1495826387537 GYROSCOPE 0.05067444 -0.031234741 0.17259216

1495826387537 MAGNETIC_FIELD 4.0893555 -24.87793 -40.560913

1495826387538 GRAVITY 0.8213751 7.1566005 6.654231

1495826387538 LINEAR_ACCELERATION 2.463738 -1.1538868 1.4490385

1495826387539 ROTATION_VECTOR 0.3437108 0.20637712 0.5580712

1495826387736 ACCELEROMETER 3.2995605 5.421585 7.38826

1495826387737 GYROSCOPE 0.07417297 -0.07929993 0.08180237

1495826387738 MAGNETIC_FIELD 4.2160034 -24.919128 -39.69879

1495826387738 LINEAR_ACCELERATION 2.1687508 -1.1811762 1.240551

1495826387739 GRAVITY 1.1989386 7.1396327 6.615027

1495826387739 ROTATION_VECTOR 0.3560395 0.1896401 0.55797005

1495826387938 ACCELEROMETER 3.7221985 5.6237793 7.058319

1495826387938 GYROSCOPE 0.09126282 -0.27903748 -0.038894653

1495826387939 MAGNETIC_FIELD 1.9699097 -26.05896 -39.65912

1495826387939 LINEAR_ACCELERATION 2.3317301 -0.97014856 1.0072441

1495826387940 GRAVITY 1.5929539 7.1750836 6.4923854

1495826387940 ROTATION_VECTOR 0.37382224 0.17098956 0.54984915

1495826388139 ACCELEROMETER 4.100113 5.819336 6.473236

1495826388140 GYROSCOPE 0.017562866 0.008285522 0.05937195

1495826388142 MAGNETIC_FIELD 1.8112183 -26.315308 -39.752197

1495826388142 GRAVITY 1.9132767 7.1892385 6.389414

1495826388143 LINEAR_ACCELERATION 2.333725 -0.83058834 0.48815203

1495826388144 ROTATION_VECTOR 0.3877756 0.15446891 0.54208595

1495826388340 ACCELEROMETER 4.122406 5.7689514 6.666748

1495826388341 GYROSCOPE -0.033706665 0.027511597 0.058303833

1495826388342 MAGNETIC_FIELD 1.1764526 -26.939392 -39.787292

1495826388343 GRAVITY 2.0963278 7.095092 6.4370394

1495826388344 LINEAR_ACCELERATION 2.2045166 -0.82971334 0.724267

1495826388344 ROTATION_VECTOR 0.38850006 0.14446466 0.545883

1495826388541 ACCELEROMETER 3.960312 5.7558746 6.956894

1495826388542 GYROSCOPE -0.03691101 0.0040130615 -0.061325073

1495826388543 MAGNETIC_FIELD 0.982666 -26.811218 -39.33716

1495826388544 GRAVITY 2.1749465 6.9866247 6.528941

1495826388544 LINEAR_ACCELERATION 1.9006376 -0.749454 0.95905113

1495826388545 ROTATION_VECTOR 0.38530117 0.13660035 0.5468407

1495826388743 ACCELEROMETER 3.6965485 5.720627 7.145172

1495826388744 GYROSCOPE 0.031448364 0.055282593 -0.04423523

1495826388745 MAGNETIC_FIELD 2.3971558 -26.138306 -38.75885

1495826388747 GRAVITY 2.6288576 6.583721 6.7759953

1495826388747 LINEAR_ACCELERATION 1.1566789 -0.5345359 0.6879654

1495826388748 ROTATION_VECTOR 0.37128305 0.12910964 0.6025338

1495826388944 ACCELEROMETER 3.7429047 5.8693542 7.0015106

1495826388945 GYROSCOPE 0.020767212 0.0766449 -0.04423523

1495826388954 MAGNETIC_FIELD 3.0807495 -26.643372 -38.986206

1495826388954 GRAVITY 2.9304714 6.388729 6.8386307

1495826388955 LINEAR_ACCELERATION 0.9521618 -0.2680421 0.34995508

1495826388955 ROTATION_VECTOR 0.36899978 0.12315048 0.62941575

1495826389145 ACCELEROMETER 3.7086792 5.876541 7.1323547

1495826389146 GYROSCOPE -0.1063385 -2.593994E-4 0.06364441

1495826389147 MAGNETIC_FIELD 2.709961 -25.700378 -39.01367

1495826389148 GRAVITY 3.147413 6.140476 6.9684095

1495826389149 LINEAR_ACCELERATION 0.5934715 -0.16787958 0.31377172

1495826389150 ROTATION_VECTOR 0.3639112 0.110809006 0.64328545

1495826389347 ACCELEROMETER 3.4116669 5.6829224 7.1210785

1495826389348 GYROSCOPE 0.0015411377 0.028579712 0.011306763

1495826389349 MAGNETIC_FIELD 5.2764893 -25.958252 -38.156128

1495826389349 GRAVITY 3.2532554 5.935251 7.0964437

1495826389350 LINEAR_ACCELERATION 0.17298698 -0.18035173 0.14374542

1495826389350 ROTATION_VECTOR 0.35847253 0.098384626 0.6457589

1495826389548 ACCELEROMETER 3.3868866 5.656708 7.089752

1495826389548 GYROSCOPE -0.014480591 -0.052597046 0.027328491

1495826389549 MAGNETIC_FIELD 4.3807983 -26.490784 -40.1886

1495826389550 GRAVITY 3.3411343 5.851843 7.1248255

1495826389550 LINEAR_ACCELERATION 0.09772682 -0.11460018 0.06424427

1495826389551 ROTATION_VECTOR 0.35856885 0.09035142 0.643871

1495826389749 ACCELEROMETER 3.4027252 5.6364136 7.1791077

1495826389750 GYROSCOPE -0.007003784 -0.10920715 0.0209198

1495826389750 MAGNETIC_FIELD 4.904175 -24.38507 -40.293884

1495826389751 GRAVITY 3.4615293 5.7673354 7.1362486

1495826389751 LINEAR_ACCELERATION -0.0222826 -0.063529015 0.15766668

1495826389752 ROTATION_VECTOR 0.3600198 0.08085989 0.64131373

1495826389950 ACCELEROMETER 2.5283508 5.48172 7.180649

1495826389952 GYROSCOPE -0.31141663 -0.007736206 0.46846008

1495826389952 MAGNETIC_FIELD 4.0802 -24.83368 -38.87787

1495826389953 GRAVITY 3.7633085 5.379417 7.2849

1495826389953 LINEAR_ACCELERATION -1.3881156 0.14663982 -0.020768166

1495826389954 ROTATION_VECTOR 0.35429522 0.05521203 0.6465077

1495826390151 ACCELEROMETER 2.5784912 3.568451 7.5135803

1495826390152 GYROSCOPE -0.2601471 1.1586456 2.0129547

1495826390152 MAGNETIC_FIELD 0.9109497 -23.654175 -40.67993

1495826390153 GRAVITY 4.033002 3.8531413 8.06589

1495826390154 LINEAR_ACCELERATION -1.1523671 -0.52005625 -0.33968735

1495826390154 ROTATION_VECTOR 0.29714623 0.021404894 0.7358093

1495826390353 ACCELEROMETER 5.646347 1.8234863 12.629929

1495826390354 GYROSCOPE -0.8508148 0.4280548 1.2994537

1495826390355 MAGNETIC_FIELD 0.5950928 -18.658447 -43.110657

1495826390355 GRAVITY 3.7065382 1.3845295 8.973017

1495826390356 LINEAR_ACCELERATION 2.3338678 0.4337901 4.8437014

1495826390357 ROTATION_VECTOR 0.20211728 -0.04064548 0.8311579

1495826390554 ACCELEROMETER 4.6237946 0.44206238 10.729721

1495826390555 GYROSCOPE 0.49821472 -0.4990692 0.22813416

1495826390556 MAGNETIC_FIELD 4.4937134 -14.329529 -43.066406

1495826390557 GRAVITY 3.9479167 0.4678418 8.964679

1495826390557 LINEAR_ACCELERATION 0.33864474 -0.22128513 0.33369064

1495826390558 ROTATION_VECTOR 0.19186066 -0.07821818 0.8561528

1495826390755 ACCELEROMETER 4.371765 1.7474365 8.46788

1495826390756 GYROSCOPE -0.29432678 0.030715942 0.12345886

1495826390757 MAGNETIC_FIELD 1.7669678 -18.2724 -42.5354

1495826390758 GRAVITY 4.375963 0.57707655 8.757186

1495826390758 LINEAR_ACCELERATION -0.12384558 1.2480862 -0.20308113

1495826390759 ROTATION_VECTOR 0.21683569 -0.08056079 0.8598442

1495826390957 ACCELEROMETER 4.3258514 1.8298798 8.481873

1495826390958 GYROSCOPE 0.084854126 -0.09425354 0.1608429

1495826390958 MAGNETIC_FIELD -0.44250488 -18.344116 -43.65387

1495826390959 GRAVITY 4.450772 0.3460302 8.731626

1495826390959 LINEAR_ACCELERATION -0.07693434 1.502527 -0.40261078

1495826390960 ROTATION_VECTOR 0.21680467 -0.088355795 0.86916536

1495826391158 ACCELEROMETER 4.6885986 2.0348053 8.784744

1495826391159 GYROSCOPE 0.2087555 0.8040314 -0.08161926

1495826391159 MAGNETIC_FIELD -3.1433105 -21.154785 -41.194153

1495826391160 GRAVITY 3.8543398 0.64235896 8.994544

1495826391160 LINEAR_ACCELERATION 0.76087093 1.4277261 -0.18670845

1495826391161 ROTATION_VECTOR 0.19488761 -0.05852092 0.8786682

1495826391359 ACCELEROMETER 3.4655457 2.1725464 8.929031

1495826391361 GYROSCOPE 0.4608307 0.21229553 -0.11579895

1495826391361 MAGNETIC_FIELD 1.4724731 -22.04895 -40.734863

1495826391361 GRAVITY 2.9396226 1.3666586 9.255337

1495826391362 LINEAR_ACCELERATION 0.41742587 0.8226237 -0.65496826

1495826391362 ROTATION_VECTOR 0.16761851 -0.0036352768 0.88473564

