1495826756691 ACCELEROMETER 0.84539795 4.5137177 7.5120544

1495826756693 GYROSCOPE -0.17790222 0.5476837 0.12132263

1495826756694 MAGNETIC_FIELD -19.372559 -31.892395 -33.525085

1495826756695 GRAVITY 1.3802221 4.9239535 8.367799

1495826756695 LINEAR_ACCELERATION 0.0 0.0 -0.0

1495826756696 ROTATION_VECTOR 0.0 0.0 0.0

1495826756891 ACCELEROMETER -4.1730957 5.91716 3.2001953

1495826756892 GYROSCOPE -0.005935669 3.5330658 1.1702118

1495826756893 MAGNETIC_FIELD -13.972473 -35.255432 -30.899048

1495826756893 GRAVITY -3.4336448 6.2701664 6.713083

1495826756894 LINEAR_ACCELERATION -1.2079146 0.5893793 -2.768886

1495826756895 ROTATION_VECTOR 0.3876415 -0.08638347 -0.60534066

1495826757093 ACCELEROMETER -2.327942 6.1405334 8.602875

1495826757094 GYROSCOPE -0.16722107 1.4235382 0.85191345

1495826757094 MAGNETIC_FIELD 5.0964355 -26.342773 -39.59503

1495826757095 GRAVITY -3.8777316 6.424457 6.3134727

1495826757095 LINEAR_ACCELERATION 0.79904723 1.34835 3.7808986

1495826757096 ROTATION_VECTOR 0.42048526 0.035980992 -0.40060106

1495826757293 ACCELEROMETER -4.014206 0.047088623 8.921616

1495826757294 GYROSCOPE -0.39793396 -1.3824005 -3.6790314

1495826757295 MAGNETIC_FIELD 7.965088 -24.157715 -43.696594

1495826757296 LINEAR_ACCELERATION 1.53086 -3.7945235 1.8353925

1495826757296 GRAVITY -5.19924 3.461066 7.5603776

1495826757297 ROTATION_VECTOR 0.33019686 -0.07414885 -0.87852514

1495826757530 ACCELEROMETER -8.381317 7.897522 5.0144043

1495826757531 GYROSCOPE -0.5827179 0.018966675 1.5002594

1495826757538 GRAVITY -5.462759 2.5923738 7.720638

1495826757539 LINEAR_ACCELERATION -4.18423 5.596024 -1.3698506

1495826757539 ROTATION_VECTOR 0.24768461 0.21215409 -0.3849731

1495826757731 ACCELEROMETER -7.495865 7.9009094 4.471466

1495826757732 GYROSCOPE 0.1254425 1.3744049 1.5387115

1495826757732 MAGNETIC_FIELD 12.258911 -28.193665 -34.86786

1495826757733 LINEAR_ACCELERATION -2.8719926 3.5268197 -0.70444345

1495826757733 GRAVITY -5.781153 4.2769523 6.6675587

1495826757734 ROTATION_VECTOR 0.31947783 0.24079672 -0.26029

1495826757932 ACCELEROMETER -1.5913391 -4.706772 5.903839

1495826757933 GYROSCOPE 0.64134216 -2.0200653 -5.111374

1495826757933 MAGNETIC_FIELD 5.860901 -36.75232 -32.720947

1495826757934 GRAVITY -6.174404 1.4552908 7.478586

1495826757934 LINEAR_ACCELERATION 5.43186 -6.834549 -1.22717

1495826757935 ROTATION_VECTOR 0.28878525 0.18788643 -0.64845616

1495826758133 ACCELEROMETER -11.956894 6.5785217 9.433975

1495826758134 GYROSCOPE 0.4341278 0.31056213 -0.23329163

1495826758134 MAGNETIC_FIELD 18.707275 -35.44922 -30.488586

1495826758135 LINEAR_ACCELERATION -7.7471023 7.646723 1.2255125

1495826758135 GRAVITY -5.488591 0.14650044 8.125533

1495826758136 ROTATION_VECTOR 0.20471716 0.20929402 -0.6501316

1495826758334 ACCELEROMETER -4.535095 9.170395 -4.1550446

1495826758336 GYROSCOPE 0.3700409 2.8932648 3.6717377

1495826758337 MAGNETIC_FIELD 24.86267 -35.95276 -27.641296

1495826758337 LINEAR_ACCELERATION 2.3067727 6.062254 -8.886677

1495826758338 GRAVITY -7.546696 3.6903312 5.0595665

1495826758338 ROTATION_VECTOR 0.3796797 0.31285334 -0.36038867

1495826758535 ACCELEROMETER -5.181534 -1.0982513 5.6382446

1495826758536 GYROSCOPE 0.13291931 -1.3471527 -1.9711151

1495826758537 MAGNETIC_FIELD 11.738586 -38.11035 -31.448364

1495826758537 GRAVITY -7.5879703 4.5665574 4.211846

1495826758538 LINEAR_ACCELERATION 1.7563839 -6.405759 2.6295097

1495826758539 ROTATION_VECTOR 0.4614451 0.2689313 -0.40633082

1495826758736 ACCELEROMETER -6.5111084 1.6945648 9.856567

1495826758737 GYROSCOPE 0.28779602 -0.85795593 -0.7630768

1495826758737 MAGNETIC_FIELD 11.064148 -33.73871 -35.93445

1495826758738 GRAVITY -7.2352414 2.4582996 6.1464167

1495826758739 LINEAR_ACCELERATION -1.8588948 0.7416847 5.15388

1495826758739 ROTATION_VECTOR 0.38287976 0.20005764 -0.622481

1495826758937 ACCELEROMETER -6.9051056 7.229248 -1.0886993

1495826758938 GYROSCOPE -0.6030121 0.14286804 3.1782684

1495826758939 MAGNETIC_FIELD 22.640991 -35.420227 -27.404785

1495826758939 GRAVITY -6.2241864 4.411773 6.1616683

1495826758940 LINEAR_ACCELERATION -0.30479765 3.1377468 -7.683557

1495826758940 ROTATION_VECTOR 0.4034216 0.15196504 -0.5049506

1495826759139 ACCELEROMETER -9.593872 5.653534 6.5039673

1495826759142 GRAVITY -4.9509544 4.639312 7.080623

1495826759142 LINEAR_ACCELERATION -4.8347845 0.99253845 0.843184

1495826759143 GYROSCOPE -1.195816 -0.39012146 -0.5045929

1495826759144 MAGNETIC_FIELD 5.0445557 -36.123657 -33.48999

1495826759145 ROTATION_VECTOR 0.3559408 0.11088213 -0.45774668

1495826759345 GRAVITY -5.552648 3.4831412 7.2942595

1495826759346 LINEAR_ACCELERATION 0.77605057 -3.7892537 4.234987

1495826759347 ACCELEROMETER -3.197174 -1.1212769 9.793793

1495826759347 ROTATION_VECTOR 0.33402082 0.12855494 -0.55999446

1495826759347 GYROSCOPE 1.2875519 0.45903015 -1.0963287

1495826759348 MAGNETIC_FIELD 7.3638916 -31.495667 -36.99951

1495826759549 LINEAR_ACCELERATION -0.99990463 4.4132614 -7.476984

1495826759550 ROTATION_VECTOR 0.3981205 0.1496853 -0.42994952

1495826759551 GRAVITY -5.6953034 4.956325 6.258494

1495826759552 ACCELEROMETER -6.677994 8.353668 -0.31655884

1495826759553 GYROSCOPE -1.1787262 0.513504 2.914444

1495826759554 MAGNETIC_FIELD 22.499084 -29.949951 -32.772827

1495826759752 ACCELEROMETER -6.4132233 6.348007 1.8587799

1495826759755 GRAVITY -4.930301 5.1690593 6.71888

1495826759757 ROTATION_VECTOR 0.36362016 0.15878555 -0.31478536

1495826759759 LINEAR_ACCELERATION -2.8007774 1.2678123 -2.9516559

1495826759762 GYROSCOPE -0.92237854 0.7623749 0.35523987

1495826759764 MAGNETIC_FIELD 18.16864 -33.70819 -32.09381

1495826759953 GRAVITY -6.3323135 3.1189458 6.80767

1495826759957 LINEAR_ACCELERATION 6.62028 -6.028221 -1.1884832

1495826759959 ROTATION_VECTOR 0.33161336 0.20721489 -0.484694

1495826759961 ACCELEROMETER 0.29716492 -3.0591736 4.8684235

1495826759963 GYROSCOPE 1.2448273 -0.6507416 -3.8285675

1495826759965 MAGNETIC_FIELD 12.579346 -33.062744 -35.154724

1495826760150 GRAVITY -6.831245 2.3874915 6.618487

1495826760151 LINEAR_ACCELERATION -5.894801 6.251973 3.2306347

1495826760152 ROTATION_VECTOR 0.34858122 0.20258883 -0.59519047

1495826760153 ACCELEROMETER -11.509033 7.508713 9.281342

1495826760155 GYROSCOPE 0.8111725 0.3073578 0.2601776

1495826760156 MAGNETIC_FIELD 17.33551 -26.875305 -38.139343

1495826760360 ACCELEROMETER -10.533005 8.651932 2.7332306

1495826760363 GRAVITY -7.5032 4.9679008 3.8977346

1495826760366 LINEAR_ACCELERATION -4.763318 4.354064 -0.3847425

1495826760368 ROTATION_VECTOR 0.4892742 0.24876012 -0.41214105

1495826760370 GYROSCOPE 0.0410614 2.8836517 2.747818

1495826760373 MAGNETIC_FIELD 19.468689 -33.44879 -32.287598

1495826760562 ACCELEROMETER -3.2569733 -0.42973328 4.691681

1495826760569 GRAVITY -7.7905593 4.5185304 3.8807802

1495826760571 LINEAR_ACCELERATION 5.1453595 -5.6274405 1.0549483

1495826760573 ROTATION_VECTOR 0.50087285 0.22641033 -0.48584223

1495826760576 GYROSCOPE -0.2259674 -2.4857635 -3.034958

1495826760578 MAGNETIC_FIELD 15.896606 -36.268616 -33.737183

1495826760764 ACCELEROMETER -5.123062 5.1820984 8.836533

1495826760770 GRAVITY -7.203341 2.2786794 6.252191

1495826760772 LINEAR_ACCELERATION 0.046232224 4.170601 3.326034

1495826760775 ROTATION_VECTOR 0.37725958 0.19723639 -0.6380973

1495826760777 GYROSCOPE 0.5729828 -0.40934753 -0.047439575

1495826760780 MAGNETIC_FIELD 18.484497 -29.382324 -38.597107

1495826760965 ACCELEROMETER -4.6325684 6.5569305 0.44596863

1495826760971 GRAVITY -5.7021513 3.3308027 7.249939

1495826760973 LINEAR_ACCELERATION 1.3126817 3.2780874 -6.486568

1495826760976 ROTATION_VECTOR 0.3289864 0.14874119 -0.5399525

1495826760978 GYROSCOPE -1.9573822 -0.73298645 2.4765167

1495826760980 MAGNETIC_FIELD 21.844482 -30.944824 -34.503174

1495826761157 GRAVITY -4.198024 2.6785715 8.448209

1495826761157 LINEAR_ACCELERATION -7.508175 2.8700929 -0.052864075

1495826761157 ROTATION_VECTOR 0.2270449 0.13308582 -0.43922403

1495826761158 ACCELEROMETER -11.152603 5.515579 7.2085724

1495826761158 GYROSCOPE -1.0056915 0.065963745 0.6083832

1495826761158 MAGNETIC_FIELD 14.03656 -35.057068 -36.642456

1495826761363 LINEAR_ACCELERATION 1.0527894 0.5996747 -0.04220915

1495826761367 ROTATION_VECTOR 0.21069814 0.14365205 -0.41553938

1495826761370 GRAVITY -4.1771517 2.4372802 8.531204

1495826761372 ACCELEROMETER -2.5389404 2.3724518 7.0489197

1495826761374 GYROSCOPE 0.4747162 0.106552124 -0.19270325

1495826761376 MAGNETIC_FIELD 14.556885 -34.336853 -36.346436

1495826761566 ACCELEROMETER -4.4640045 7.851639 2.5468445

1495826761575 GRAVITY -4.472804 3.2588394 8.095948

1495826761577 LINEAR_ACCELERATION -0.5929229 5.0207644 -5.0990677

1495826761579 ROTATION_VECTOR 0.25006157 0.15713283 -0.35447776

1495826761582 GYROSCOPE -0.5624237 0.5679779 1.5675507

1495826761584 MAGNETIC_FIELD 21.350098 -35.186768 -33.995056

1495826761769 ACCELEROMETER -8.405975 8.612488 4.383301

1495826761775 GRAVITY -4.8152924 3.0027409 7.9979305

1495826761778 LINEAR_ACCELERATION -4.958717 6.06003 -2.2839098

1495826761780 ROTATION_VECTOR 0.21190415 0.21752164 -0.20302726

1495826761783 GYROSCOPE -1.7651215 1.319931 2.210556

1495826761785 MAGNETIC_FIELD 14.123535 -36.686707 -35.287476

1495826761970 ACCELEROMETER -5.7535706 2.256897 4.111389

1495826761976 GRAVITY -7.025684 2.3852751 6.4125357

1495826761979 LINEAR_ACCELERATION 1.4081454 -0.22570467 -1.6201649

1495826761981 ROTATION_VECTOR 0.20828122 0.36009806 -0.17806858

1495826761983 GYROSCOPE 0.973526 1.6563873 -2.1858063

1495826761985 MAGNETIC_FIELD 10.766602 -33.044434 -39.746094

1495826762164 ACCELEROMETER -1.1706238 7.5281982 1.6466675

1495826762177 GRAVITY -8.911492 0.5694926 4.053563

1495826762179 LINEAR_ACCELERATION 6.428051 7.5463448 -1.789288

1495826762181 ROTATION_VECTOR 0.15555212 0.5187768 -0.18959594

1495826762184 GYROSCOPE -1.7928925 1.2900238 -0.23222351

1495826762187 MAGNETIC_FIELD 14.881897 -32.369995 -39.413452

1495826762373 ACCELEROMETER -4.965866 6.6025085 -1.3499756

1495826762379 GRAVITY -9.70509 0.77619076 1.1743696

1495826762381 LINEAR_ACCELERATION 2.7974873 5.784166 -2.9308233

1495826762384 ROTATION_VECTOR 0.012686667 0.66329694 0.045378476

1495826762386 GYROSCOPE -2.4626007 2.2577362 2.1753082

1495826762388 MAGNETIC_FIELD 32.159424 -20.619202 -35.173035

1495826762575 ACCELEROMETER -8.923843 3.2573547 3.9360962

1495826762581 GRAVITY -9.506539 2.3771346 0.38122907

1495826762583 LINEAR_ACCELERATION -0.92407084 0.9119514 3.876567

1495826762586 ROTATION_VECTOR -0.14095852 0.678744 0.31335402

1495826762588 GYROSCOPE -2.1795502 0.23258972 0.3723297

1495826762590 MAGNETIC_FIELD 38.69171 -8.071899 -35.076904

1495826762764 GRAVITY -9.06013 3.2954357 1.7956984

1495826762765 LINEAR_ACCELERATION 1.3518481 0.41621828 6.797873

1495826762766 ROTATION_VECTOR -0.23169774 0.5956182 0.50706

1495826762772 ACCELEROMETER -5.964035 2.9396515 7.5825043

1495826762775 GYROSCOPE -1.955246 0.30628967 1.0868988

1495826762777 MAGNETIC_FIELD 42.785645 -0.6652832 -32.56073

1495826762969 ACCELEROMETER -7.840927 4.2913055 6.768738

1495826762975 GRAVITY -8.232545 4.736584 2.4413865

1495826762977 LINEAR_ACCELERATION -0.66873026 0.2796626 4.2682104

1495826762980 ROTATION_VECTOR -0.24857797 0.5601187 0.63805974

1495826762982 GYROSCOPE -0.97898865 1.0796051 1.5194855

1495826762984 MAGNETIC_FIELD 45.529175 6.3095093 -25.14038

1495826763176 ACCELEROMETER -10.924622 5.244583 0.71266174

1495826763182 GYROSCOPE -0.37123108 2.023819 2.896286

1495826763184 MAGNETIC_FIELD 48.75946 -1.1230469 -18.157959

1495826763187 GRAVITY -6.453203 7.215325 1.5702395

1495826763189 LINEAR_ACCELERATION -5.8316994 -0.9068551 -0.80621755

1495826763192 ROTATION_VECTOR -0.2905997 0.5792166 0.73509383

1495826763370 GRAVITY -5.642672 7.8591084 1.6015799

1495826763373 LINEAR_ACCELERATION -1.8558917 -7.43107 3.4139485

1495826763376 ROTATION_VECTOR -0.36607945 0.53322417 0.76249593

1495826763378 ACCELEROMETER -7.076187 -0.4792328 4.6423492

1495826763380 GYROSCOPE -0.4492035 -0.3164215 -1.108078

1495826763382 MAGNETIC_FIELD 43.1839 -26.06659 -8.23822

1495826763570 ACCELEROMETER -6.3954926 4.117218 8.144867

1495826763573 GYROSCOPE 0.4330597 -0.4552765 -0.0912323

1495826763575 MAGNETIC_FIELD 41.76941 -22.163391 -4.045105

1495826763577 GRAVITY -6.434437 6.968389 2.4919791

1495826763579 LINEAR_ACCELERATION -1.5571876 -1.2826567 6.376546

1495826763582 ROTATION_VECTOR -0.35289985 0.49840358 0.7852413

1495826763773 GRAVITY -4.811397 7.5626407 3.9783554

1495826763776 LINEAR_ACCELERATION -1.5758581 0.36481428 -1.8676336

1495826763779 ROTATION_VECTOR -0.24594288 0.48648992 0.8342881

1495826763781 ACCELEROMETER -6.1394806 6.8647156 1.9791107

1495826763783 GYROSCOPE -1.6380157 -0.88679504 1.6978607

1495826763785 MAGNETIC_FIELD 46.366882 -15.602112 -4.3945313

1495826763976 GRAVITY -4.2204404 7.1027 5.282984

1495826763988 LINEAR_ACCELERATION -8.426319 -0.91593266 0.12937641

1495826763990 ROTATION_VECTOR 0.27038002 -0.39690986 -0.8754524

1495826763992 ACCELEROMETER -11.961105 5.336899 4.397339

1495826763996 GYROSCOPE -0.07536316 0.71965027 -0.4917755

1495826763998 MAGNETIC_FIELD 36.24115 -31.054688 -7.8308105

1495826764172 GRAVITY -6.417871 5.7347155 4.700464

1495826764172 LINEAR_ACCELERATION 3.1086974 -5.639626 1.8445699

1495826764173 ROTATION_VECTOR -0.32979363 0.38933176 0.8517667

1495826764173 ACCELEROMETER -2.4830475 -0.7734833 5.700638

1495826764173 GYROSCOPE 1.2875519 -0.50120544 -2.840561

1495826764174 MAGNETIC_FIELD 33.088684 -35.98938 -4.4433594

1495826764374 GRAVITY -7.4615417 5.266154 3.5725908

1495826764381 LINEAR_ACCELERATION -7.041591 3.0285282 2.2609177

1495826764384 ROTATION_VECTOR -0.31356707 0.46853417 0.77109736

1495826764386 ACCELEROMETER -13.322327 7.333847 5.661804

1495826764388 GYROSCOPE 0.94789124 0.49214172 0.9266815

1495826764391 MAGNETIC_FIELD 40.727234 -19.345093 -10.0616455

1495826764585 ACCELEROMETER -11.505615 7.7398834 1.6912079

1495826764591 GRAVITY -6.135804 7.3789215 2.0183694

1495826764593 LINEAR_ACCELERATION -6.386078 1.1131563 -0.05008459

1495826764596 ROTATION_VECTOR -0.29261166 0.55809516 0.759288

1495826764598 GYROSCOPE -0.30500793 1.2697296 2.1934662

1495826764601 MAGNETIC_FIELD 40.516663 -22.875977 -8.161926

1495826764786 ACCELEROMETER -3.9350586 -0.6782532 6.0282593

1495826764792 GRAVITY -6.5252767 6.7111564 2.9243011

1495826764795 LINEAR_ACCELERATION 2.4334064 -7.0370297 3.4335918

1495826764797 ROTATION_VECTOR -0.33351725 0.48955938 0.79359555

1495826764799 GYROSCOPE -0.018753052 -1.8555756 -2.832016

1495826764802 MAGNETIC_FIELD 33.677673 -35.939026 -2.6901245

1495826764987 ACCELEROMETER -4.5854034 5.877701 7.9850464

1495826764993 GRAVITY -7.2570977 4.6738667 4.654019

1495826764996 LINEAR_ACCELERATION 1.4619913 2.1962276 4.025933

1495826764999 ROTATION_VECTOR -0.26688394 0.4375889 0.7728158

1495826765001 GYROSCOPE 0.6776581 -0.46488953 -0.24076843

1495826765003 MAGNETIC_FIELD 38.414 -24.234009 -11.177063

1495826765187 ACCELEROMETER -4.62204 6.6890106 1.1866608

1495826765193 GYROSCOPE -0.62117004 -0.506546 2.4348602

1495826765196 MAGNETIC_FIELD 41.255188 -16.445923 -9.182739

1495826765198 GRAVITY -5.602536 6.287912 5.0243545

1495826765200 LINEAR_ACCELERATION 0.60037804 1.0577493 -3.4728107

1495826765202 ROTATION_VECTOR -0.13914604 0.47378013 0.78595275

1495826765386 GRAVITY -3.8661442 6.158734 6.579766

1495826765395 LINEAR_ACCELERATION -4.2951365 -0.41288805 1.9931808

1495826765408 ROTATION_VECTOR -0.13398539 0.38284883 0.8912221

1495826765411 ACCELEROMETER -7.8188934 5.209152 7.7071533

1495826765413 GYROSCOPE -1.0388031 -0.52897644 -0.57188416

1495826765416 MAGNETIC_FIELD 32.936096 -32.36084 -7.5698853

1495826765583 GRAVITY -5.003524 5.636371 6.2742696

1495826765589 LINEAR_ACCELERATION -0.9731984 -2.5100818 4.726939

1495826765591 ROTATION_VECTOR -0.17237467 0.38779926 0.8629481

1495826765593 ACCELEROMETER -5.1570435 2.3797607 10.084961

1495826765595 GYROSCOPE 1.9038544 0.57118225 -1.3462677

1495826765597 MAGNETIC_FIELD 34.895325 -29.38385 -8.331299

1495826765794 ACCELEROMETER -5.8508453 6.6571045 1.2131042

1495826765800 GRAVITY -5.576398 6.860784 4.2430916

1495826765802 LINEAR_ACCELERATION -0.6457348 0.5283413 -2.9841363

1495826765805 ROTATION_VECTOR -0.14167888 0.5134098 0.77512467

1495826765807 GYROSCOPE -0.06575012 0.78160095 1.5771637

1495826765810 MAGNETIC_FIELD 40.74402 -13.471985 -10.072327

1495826765993 ACCELEROMETER -7.585602 7.551544 5.9022217

1495826765999 GRAVITY -4.8433676 7.8568516 3.3139188

1495826766001 LINEAR_ACCELERATION -3.4687653 0.36651278 3.1415439

1495826766004 ROTATION_VECTOR -0.19228762 0.5422754 0.7996476

1495826766006 GYROSCOPE 0.06349182 1.6649323 0.78141785

1495826766008 MAGNETIC_FIELD 38.78784 -21.780396 -10.652161

1495826766183 GRAVITY -6.241298 6.9234953 3.0466046

1495826766184 LINEAR_ACCELERATION 5.034634 -6.747462 2.3948057

1495826766185 ROTATION_VECTOR -0.2658525 0.5234394 0.78154725

1495826766185 ACCELEROMETER -0.8229828 -0.48345947 5.2467957

1495826766191 GYROSCOPE 0.4896698 -1.4251251 -2.6055756

1495826766193 MAGNETIC_FIELD 33.947754 -34.710693 -0.730896

1495826766391 ACCELEROMETER -11.552826 8.751038 8.179169

1495826766395 GRAVITY -7.197895 5.445425 3.835106

1495826766397 LINEAR_ACCELERATION -5.069999 3.9535222 4.55879

1495826766399 ROTATION_VECTOR -0.21618791 0.507668 0.72352576

1495826766401 GYROSCOPE 0.14146423 0.04460144 0.26979065

1495826766404 MAGNETIC_FIELD 40.538025 -22.579956 -3.5690308

1495826766595 ACCELEROMETER -8.412079 7.424225 -0.12287903

1495826766601 GYROSCOPE -0.66496277 2.1786957 2.0866547

1495826766604 MAGNETIC_FIELD 40.57617 -22.615051 -5.8044434

1495826766606 GRAVITY -6.583944 6.7676444 2.6497276

1495826766608 LINEAR_ACCELERATION -2.497551 1.1783581 -2.5956872

1495826766611 ROTATION_VECTOR -0.21853043 0.56315714 0.733561

1495826766797 ACCELEROMETER -4.683243 2.1049042 5.3397675

1495826766801 GRAVITY -5.4456716 7.7434754 2.560005

1495826766803 LINEAR_ACCELERATION 0.45719385 -5.059354 3.1388488

1495826766805 ROTATION_VECTOR -0.28022984 0.53939533 0.78696203

1495826766807 GYROSCOPE -0.021957397 -0.49372864 0.1683197

1495826766809 MAGNETIC_FIELD 33.728027 -34.017944 -4.1625977

1495826766998 ACCELEROMETER -6.535248 5.51709 10.099426

1495826767004 GRAVITY -5.579073 7.3042917 3.4193058

1495826767007 LINEAR_ACCELERATION -1.6199627 -1.053864 7.08673

1495826767009 ROTATION_VECTOR -0.27850354 0.49809608 0.8128622

1495826767012 GYROSCOPE -0.21315002 -0.070755005 -0.5398407

1495826767014 MAGNETIC_FIELD 35.54077 -30.705261 -7.1899414

1495826767195 ACCELEROMETER -6.8538513 6.2230225 0.034805298

1495826767201 GYROSCOPE -2.5245514 0.35969543 1.8174896

1495826767203 MAGNETIC_FIELD 39.81476 -26.057434 -8.100891

1495826767206 GRAVITY -4.9251485 6.7884207 5.0823855

1495826767208 LINEAR_ACCELERATION -2.2300901 -0.02631712 -4.8413177

1495826767211 ROTATION_VECTOR -0.27247477 0.4082009 0.8706155

1495826767397 GRAVITY -4.3387003 5.5607452 6.813529

1495826767403 LINEAR_ACCELERATION -8.085161 -1.1720095 -1.9106412

1495826767406 ROTATION_VECTOR 0.30203626 -0.2477515 -0.8981019

1495826767408 ACCELEROMETER -12.089798 4.0060577 4.2978516

1495826767411 GYROSCOPE -0.805954 0.69828796 0.6030426

1495826767413 MAGNETIC_FIELD 31.874084 -36.30371 -8.392334

1495826767600 ACCELEROMETER -1.1166687 1.7208862 6.030014

1495826767606 GRAVITY -4.9789443 5.281509 6.5944033

1495826767608 LINEAR_ACCELERATION 3.4277368 -3.0263886 0.11405325

1495826767611 ROTATION_VECTOR 0.34067214 -0.2184525 -0.8872129

1495826767613 GYROSCOPE 0.6498871 0.21870422 -0.8335724

1495826767615 MAGNETIC_FIELD 24.711609 -42.456055 -6.50177

1495826767790 GRAVITY -5.029914 5.90988 5.9953036

1495826767791 LINEAR_ACCELERATION -1.9985485 2.1968675 0.29361868

1495826767792 ROTATION_VECTOR 0.34654498 -0.27245396 -0.8798103

1495826767792 ACCELEROMETER -6.577194 7.5902557 5.7914734

1495826767793 GYROSCOPE -0.28471375 0.43659973 1.5632782

1495826767794 MAGNETIC_FIELD 34.0744 -33.425903 -6.515503

1495826767992 LINEAR_ACCELERATION -6.469132 0.98564863 0.41015625

1495826767993 ROTATION_VECTOR 0.3709649 -0.26360756 -0.8356271

1495826767994 GRAVITY -4.489488 6.5584893 5.744659

1495826767995 ACCELEROMETER -10.628815 7.111801 5.7591705

1495826767995 GYROSCOPE -0.4086151 1.2430267 1.255661

1495826767996 MAGNETIC_FIELD 28.921509 -38.24768 -4.055786

1495826768204 ACCELEROMETER -2.3338013 0.1401825 4.5743256

1495826768210 GRAVITY -5.3161063 5.629996 6.017687

1495826768213 LINEAR_ACCELERATION 2.563396 -5.0251646 -0.92821217

1495826768215 ROTATION_VECTOR 0.37129274 -0.2352128 -0.8704435

1495826768218 GYROSCOPE 0.6381378 -1.7679901 -3.0894318

1495826768220 MAGNETIC_FIELD 20.962524 -45.150757 -4.547119

1495826768393 GRAVITY -5.5067544 4.072794 7.018432

1495826768394 LINEAR_ACCELERATION -1.1606913 1.8976905 0.32089996

1495826768394 ROTATION_VECTOR -0.2921323 0.23836583 0.92514855

1495826768394 ACCELEROMETER -6.2083435 5.617157 6.7803955

1495826768395 GYROSCOPE 0.5516205 -0.58451843 -0.60606384

1495826768395 MAGNETIC_FIELD 27.801514 -39.334106 -5.366516

1495826768607 ROTATION_VECTOR -0.2761308 0.28177017 0.9179667

1495826768613 LINEAR_ACCELERATION 1.4897356 2.83499 -3.6904402

1495826768616 GRAVITY -5.1990466 4.850155 6.753984

1495826768618 ACCELEROMETER -3.2484589 7.234421 2.4499054

1495826768621 GYROSCOPE -0.39259338 0.69615173 1.4393768

1495826768623 MAGNETIC_FIELD 32.740784 -34.75647 -5.8517456

1495826768813 ACCELEROMETER -7.2816467 3.1555786 7.174652

1495826768819 GRAVITY -4.5282316 5.1059694 7.0423417

1495826768822 LINEAR_ACCELERATION -3.1495485 -1.5376787 0.7573719

1495826768824 ROTATION_VECTOR -0.24571146 0.28384215 0.92678803

1495826768826 GYROSCOPE 0.42344666 -1.3631744 -0.727829

1495826768829 MAGNETIC_FIELD 26.385498 -38.090515 -2.583313

1495826769009 ACCELEROMETER -9.094131 3.1760864 12.616501

1495826769016 GRAVITY -4.1902256 4.8314486 7.4343457

1495826769018 LINEAR_ACCELERATION -5.1560917 -1.378593 5.611924

1495826769021 ROTATION_VECTOR -0.17908533 0.29813135 0.9234963

1495826769023 GYROSCOPE 1.0215912 -0.6934662 -1.2768402

1495826769025 MAGNETIC_FIELD 29.72107 -36.77063 -2.230835

1495826769210 ACCELEROMETER -5.3497925 6.0599823 1.0565033

1495826769216 GRAVITY -4.355601 5.377436 6.9485474

1495826769218 LINEAR_ACCELERATION -1.2947598 1.0567966 -5.4071712

1495826769221 ROTATION_VECTOR -0.14082454 0.3548114 0.8821765

1495826769223 GYROSCOPE -0.015548706 0.23899841 0.5378876

1495826769225 MAGNETIC_FIELD 40.696716 -23.138428 -2.0751953

1495826769409 ACCELEROMETER -5.8427887 6.9765472 1.9001617

1495826769415 GRAVITY -4.827968 5.3180423 6.676791

1495826769418 LINEAR_ACCELERATION -1.3890667 2.0854998 -4.2760305

1495826769421 ROTATION_VECTOR -0.15922427 0.3663687 0.8681202

1495826769423 GYROSCOPE -0.45347595 0.48786926 -0.25785828

1495826769425 MAGNETIC_FIELD 37.139893 -28.050232 -1.8936157

1495826769605 ACCELEROMETER -2.0738373 0.24069214 5.1734314

1495826769617 GRAVITY -6.0695686 4.0585113 6.5466943

1495826769620 LINEAR_ACCELERATION 3.4656224 -3.452498 -0.7821741

1495826769622 ROTATION_VECTOR -0.17402826 0.36868095 0.7830083

1495826769624 GYROSCOPE 1.7767487 -0.89320374 -3.2838287

1495826769626 MAGNETIC_FIELD 33.798218 -33.34961 -0.9674072

1495826769812 ACCELEROMETER -10.935928 6.8538666 8.311035

1495826769818 GRAVITY -6.879319 3.2937765 6.1641207

1495826769821 LINEAR_ACCELERATION -4.570437 3.7785342 2.6264215

1495826769823 ROTATION_VECTOR -0.0878932 0.4218911 0.54749334

1495826769825 GYROSCOPE 1.0301361 0.40455627 -0.6231537

1495826769828 MAGNETIC_FIELD 41.52069 -19.558716 -4.574585

1495826770017 ACCELEROMETER -8.21994 7.8314667 4.2664948

1495826770023 GRAVITY -7.1303263 4.3210125 5.163108

1495826770025 LINEAR_ACCELERATION -1.4454079 3.738402 -0.6585913

1495826770028 ROTATION_VECTOR -0.035953913 0.48524433 0.5067489

1495826770030 GYROSCOPE -0.6446686 0.652359 1.5536652

1495826770033 MAGNETIC_FIELD 42.370605 -17.120361 -5.357361

1495826770213 ACCELEROMETER -4.849365 1.6873322 5.4857483

1495826770219 GRAVITY -6.4155936 4.8150034 5.6414795

1495826770222 LINEAR_ACCELERATION 1.1480603 -2.837965 0.18950081

1495826770224 ROTATION_VECTOR -0.06522386 0.45619124 0.6278283

1495826770226 GYROSCOPE 0.19487 -0.92951965 -0.329422

1495826770229 MAGNETIC_FIELD 36.82556 -28.668213 -4.1870117

1495826770409 GRAVITY -5.815873 4.341942 6.594963

1495826770423 LINEAR_ACCELERATION -2.9088182 -0.0673666 3.5066128

1495826770432 ROTATION_VECTOR -0.038558867 0.40281963 0.61440396

1495826770435 ACCELEROMETER -8.539383 4.1718903 9.739426

1495826770438 GYROSCOPE 0.47044373 -0.93699646 -0.7694855

1495826770440 MAGNETIC_FIELD 39.131165 -23.55194 -6.67572

1495826770612 ACCELEROMETER -6.0655823 6.649048 1.4929962

1495826770616 GRAVITY -4.4262323 4.8039255 7.3144484

1495826770619 LINEAR_ACCELERATION -1.7528682 2.0917168 -5.5162425

1495826770621 ROTATION_VECTOR 0.043401822 0.3538124 0.6049197

1495826770623 GYROSCOPE -0.9757843 -0.4777069 1.885849

1495826770625 MAGNETIC_FIELD 42.276 -11.315918 -9.707642

1495826770811 GRAVITY -3.5979288 4.3980036 7.992676

1495826770818 LINEAR_ACCELERATION -4.759493 0.63313246 -0.5786371

1495826770820 ROTATION_VECTOR 0.015665295 0.30371296 0.7052844

1495826770823 ACCELEROMETER -8.009964 4.669281 6.9760437

1495826770825 GYROSCOPE -0.37763977 0.17063904 -0.3080597

1495826770827 MAGNETIC_FIELD 40.696716 -22.877502 -7.196045

1495826771019 GRAVITY -4.0146666 4.7423487 7.5870266

1495826771025 ACCELEROMETER -2.134079 1.8481293 6.7568207

1495826771027 LINEAR_ACCELERATION 1.7482638 -2.7435956 -0.39466858

1495826771030 ROTATION_VECTOR 0.028850853 0.33516702 0.6639199

1495826771032 GYROSCOPE 1.8087921 -0.4841156 -1.3889923

1495826771034 MAGNETIC_FIELD 41.288757 -23.951721 -5.7373047

1495826771218 ACCELEROMETER -7.7822113 6.4187317 4.4666595

1495826771224 GYROSCOPE 0.71717834 0.28919983 0.5528412

1495826771227 MAGNETIC_FIELD 43.873596 -11.804199 -12.059021

1495826771229 GRAVITY -4.452258 6.1478786 6.208976

1495826771231 LINEAR_ACCELERATION -3.6923013 0.600132 -1.2779837

1495826771233 ROTATION_VECTOR 0.12804735 0.4086982 0.53993964

1495826771416 GRAVITY -5.032254 6.903997 4.814731

1495826771422 LINEAR_ACCELERATION -3.3763323 0.6476126 -0.17858076

1495826771424 ROTATION_VECTOR 0.11998981 0.4900199 0.5567551

1495826771426 ACCELEROMETER -8.159149 7.13266 4.5190887

1495826771428 GYROSCOPE 0.2728424 1.1768036 -0.04850769

1495826771431 MAGNETIC_FIELD 44.882202 -13.693237 -12.110901

1495826771623 ACCELEROMETER -0.72402954 0.27947998 5.283615

1495826771629 GRAVITY -6.819573 5.7080197 4.133077

1495826771631 LINEAR_ACCELERATION 5.972144 -5.0787544 1.2086318

1495826771634 ROTATION_VECTOR 0.08263768 0.53145343 0.43535048

1495826771636 GYROSCOPE 1.9946442 -1.618454 -3.360733

1495826771639 MAGNETIC_FIELD 43.270874 -19.566345 -7.2998047

1495826771819 ACCELEROMETER -11.503586 4.801056 7.4532013

1495826771825 GYROSCOPE 1.047226 -0.46595764 -0.98524475

1495826771830 MAGNETIC_FIELD 42.297363 -8.187866 -15.385437

1495826771832 GRAVITY -7.733557 3.3957272 4.9831233

1495826771835 LINEAR_ACCELERATION -4.4642916 1.5185161 2.9966998

1495826771837 ROTATION_VECTOR 0.14034988 0.4756399 0.10982411

1495826772021 ACCELEROMETER -3.068222 7.4283752 -0.5955658

1495826772030 GRAVITY -7.720852 4.538615 3.9949718

1495826772033 LINEAR_ACCELERATION 4.269266 3.2340736 -4.4770007

1495826772035 ROTATION_VECTOR 0.25747594 0.47960323 0.03248649

1495826772038 GYROSCOPE 0.2867279 0.8478241 1.2877045

1495826772040 MAGNETIC_FIELD 40.51056 -5.8547974 -18.43872

1495826772224 ACCELEROMETER -6.6081696 2.517212 6.747162

1495826772230 GRAVITY -7.204257 5.377201 3.9185169

1495826772233 LINEAR_ACCELERATION -0.14824533 -2.3799572 3.163326

1495826772235 ROTATION_VECTOR 0.30049655 0.45816272 0.050742526

1495826772238 GYROSCOPE 0.9724579 -1.4123077 -0.61460876

1495826772240 MAGNETIC_FIELD 39.37683 -9.043884 -17.875671

1495826772424 ACCELEROMETER -9.075317 2.8979034 7.4423676

1495826772433 GRAVITY -6.854831 4.835068 5.079743

1495826772435 LINEAR_ACCELERATION -2.5140553 -1.8382053 2.782761

1495826772438 ROTATION_VECTOR 0.33761412 0.35640132 -0.12504224

1495826772440 GYROSCOPE 0.80796814 -1.164505 -0.7075348

1495826772442 MAGNETIC_FIELD 35.299683 -6.135559 -26.374817

1495826772621 GRAVITY -5.4330444 5.027987 6.4320884

1495826772630 LINEAR_ACCELERATION 0.27781725 1.2716851 -4.715117

1495826772632 ROTATION_VECTOR 0.34803224 0.22567306 -0.22408637

1495826772634 ACCELEROMETER -5.2537994 6.0231323 1.451889

1495826772637 GYROSCOPE -0.69487 -1.386673 0.69169617

1495826772639 MAGNETIC_FIELD 31.819153 -7.4050903 -30.682373

1495826772822 GRAVITY -4.422742 4.6083875 7.4412704

1495826772830 LINEAR_ACCELERATION -6.429143 1.7375627 0.5545411

1495826772832 ROTATION_VECTOR 0.3153211 0.14551087 -0.30608755

1495826772835 ACCELEROMETER -10.067337 5.757248 7.4450073

1495826772837 GYROSCOPE 0.08912659 -0.3869171 -0.7086029

1495826772839 MAGNETIC_FIELD 28.78418 -11.482239 -30.323792

1495826773023 GRAVITY -4.976319 4.963525 6.8388634

1495826773031 LINEAR_ACCELERATION 4.2394466 -4.1365914 -1.8508773

1495826773034 ROTATION_VECTOR 0.37664756 0.097219355 -0.4689582

1495826773036 ACCELEROMETER -0.7826233 0.7174835 4.54422

1495826773038 GYROSCOPE 2.4977264 -0.30360413 -2.0309296

1495826773041 MAGNETIC_FIELD 29.121399 -15.068054 -30.818176

1495826773255 ACCELEROMETER -9.856247 7.0145264 3.7793884

1495826773259 GRAVITY -5.8355794 6.2462616 4.80631

1495826773261 LINEAR_ACCELERATION -4.8043795 1.1771579 -0.5378475

1495826773263 ROTATION_VECTOR 0.50370866 0.03498529 -0.5441439

1495826773265 GYROSCOPE 1.1625824 0.25074768 0.45030212

1495826773269 MAGNETIC_FIELD 22.979736 -14.562988 -36.642456

1495826773418 GRAVITY -5.754253 7.2980957 3.1299787

1495826773418 LINEAR_ACCELERATION -5.66952 0.12861013 0.95485926

1495826773418 ROTATION_VECTOR 0.5831507 0.018729268 -0.48211274

1495826773419 ACCELEROMETER -11.010925 6.9433746 4.0917816

1495826773419 GYROSCOPE -0.23130798 1.6360931 1.0025177

1495826773419 MAGNETIC_FIELD 21.45996 -21.821594 -34.779358

1495826773624 GRAVITY -6.088282 7.1443963 2.839156

1495826773629 LINEAR_ACCELERATION 5.1266017 -6.186256 2.7419288

1495826773631 ACCELEROMETER -0.60687256 0.5220947 5.5617065

1495826773633 ROTATION_VECTOR 0.595439 -0.02637608 -0.5473477

1495826773636 GYROSCOPE 1.3131866 -1.9848175 -1.6528168

1495826773639 MAGNETIC_FIELD 20.986938 -22.550964 -32.95746

1495826773824 GRAVITY -6.221359 6.1634903 4.413214

1495826773827 LINEAR_ACCELERATION -1.7267833 -1.6110153 1.9050407

1495826773829 ROTATION_VECTOR 0.5183638 -0.079294875 -0.6885519

1495826773831 ACCELEROMETER -7.6317444 4.271118 5.702408

1495826773833 GYROSCOPE -0.3018036 -1.1431427 -0.011123657

1495826773839 MAGNETIC_FIELD 14.971924 -21.264648 -38.212585

1495826774021 ACCELEROMETER -6.2830048 7.459961 0.8605194

1495826774021 GYROSCOPE -0.9982147 0.3917389 2.6217804

1495826774022 MAGNETIC_FIELD 12.576294 -24.66278 -36.645508

1495826774022 GRAVITY -4.119931 7.0236635 5.4648604

1495826774022 LINEAR_ACCELERATION -2.206128 1.0409498 -4.3944087

1495826774023 ROTATION_VECTOR 0.4565342 -0.113781214 -0.6172687

1495826774221 LINEAR_ACCELERATION -5.1549892 -2.6789994 1.7828102

1495826774222 GRAVITY -2.6092858 7.060149 6.2862

1495826774222 ACCELEROMETER -7.077957 3.517517 7.510376

1495826774222 GYROSCOPE -0.044387817 -0.17756653 -0.034622192

1495826774223 MAGNETIC_FIELD 4.171753 -23.612976 -41.227722

1495826774223 ROTATION_VECTOR 0.4088942 -0.11089876 -0.52546793

1495826774434 ACCELEROMETER -2.8045044 1.3527222 8.677826

1495826774441 GRAVITY -4.3449597 6.543749 5.8712068

1495826774443 LINEAR_ACCELERATION 1.662962 -4.981708 3.3812175

1495826774445 ROTATION_VECTOR 0.4375013 -0.096147686 -0.64289874

1495826774448 GYROSCOPE 1.4381561 -0.2886505 -3.045639

1495826774450 MAGNETIC_FIELD 1.9989014 -22.279358 -41.836548

1495826774634 ACCELEROMETER -7.810425 7.573883 3.4566803

1495826774641 GRAVITY -4.968639 6.6887145 5.1714716

1495826774643 LINEAR_ACCELERATION -3.537726 1.2652617 -1.2578936

1495826774645 ROTATION_VECTOR 0.47688976 -0.094363704 -0.64736766

1495826774648 GYROSCOPE -0.54319763 0.26356506 2.2799835

1495826774650 MAGNETIC_FIELD 7.25708 -25.097656 -37.60681

1495826774827 ACCELEROMETER -9.098343 7.620804 7.070175

1495826778240 ACCELEROMETER -7.755829 -0.54211426 10.323074

1495826778242 GYROSCOPE 2.4325714 -1.2232513 3.5788116

1495826778242 MAGNETIC_FIELD 31.272888 17.323303 -24.594116

1495826778242 GRAVITY -6.672535 7.018474 1.545539

1495826778243 LINEAR_ACCELERATION -2.023354 -6.06932 8.465226

1495826778243 ROTATION_VECTOR -0.018568145 0.64873314 0.56614816

1495826778441 ACCELEROMETER -2.8811035 0.41444397 15.629517

1495826778442 GYROSCOPE -0.6532135 -1.3193817 -0.5900421

1495826778442 MAGNETIC_FIELD 24.787903 -19.93866 -30.88379

1495826778443 GRAVITY -4.299744 8.586198 1.9899211

1495826778443 LINEAR_ACCELERATION -0.28582692 -7.322659 13.614245

1495826778444 ROTATION_VECTOR 0.08197776 0.6259568 0.64248174

1495826778642 ACCELEROMETER -4.3236847 1.7055969 8.288132

1495826778643 GYROSCOPE -0.96617126 0.67692566 -0.042099

1495826778643 MAGNETIC_FIELD 19.03534 -40.0589 -18.502808

1495826778644 GRAVITY -4.6113744 7.690007 3.9710717

1495826778644 LINEAR_ACCELERATION 0.3857019 -3.2405405 5.112904

1495826778645 ROTATION_VECTOR -0.013652429 0.5452938 0.72936547

1495826778843 ACCELEROMETER -3.22995 1.2497711 9.320618

1495826778844 GYROSCOPE -0.13197327 2.4820404 -6.2499847

1495826778844 MAGNETIC_FIELD 27.130127 -35.78186 -13.757324

1495826778845 LINEAR_ACCELERATION 3.6187062 0.12841654 8.140984

1495826778845 GRAVITY -9.077456 3.0621638 2.096026

1495826778846 ROTATION_VECTOR -0.27607292 0.56295305 0.54858

1495826779044 ACCELEROMETER -7.5209656 -8.57756 11.695053

1495826779045 GYROSCOPE 1.8921051 -4.4681854 -2.9495087

1495826779045 MAGNETIC_FIELD 42.567444 -20.417786 11.680603

1495826779046 LINEAR_ACCELERATION -1.2689447 -6.7823024 8.829771

1495826779048 GRAVITY -6.8352413 -5.108683 4.8323107

1495826779048 ROTATION_VECTOR -0.4032538 0.30167383 0.2442899

1495826779245 ACCELEROMETER -12.101471 5.2857056 1.5665894

1495826779247 GYROSCOPE -1.5685883 -1.3321991 1.3496552

1495826779247 MAGNETIC_FIELD 37.32605 -15.708923 -19.947815

1495826779248 GRAVITY -2.9932828 -5.582153 7.4866695

1495826779248 LINEAR_ACCELERATION -10.901499 9.944765 -4.5934014

1495826779248 ROTATION_VECTOR -0.32823646 0.10269819 0.17639264

1495826779447 ACCELEROMETER -1.1210785 6.6005096 6.218704

1495826779448 GYROSCOPE -0.7301178 -2.0424957 0.9095917

1495826779449 MAGNETIC_FIELD 33.10547 -11.499023 -29.574585

1495826779449 GRAVITY -1.9241836 -5.9347825 7.5661263

1495826779450 LINEAR_ACCELERATION 0.6045406 10.577089 -0.354908

1495826779451 ROTATION_VECTOR -0.3379362 0.0058360863 0.274764

1495826779648 ACCELEROMETER -0.5674896 3.2311401 9.144714

1495826779649 GYROSCOPE 0.50141907 -0.96369934 -0.18629456

1495826779649 MAGNETIC_FIELD 14.041138 -7.423401 -44.015503

1495826779650 LINEAR_ACCELERATION -0.93573046 7.9947047 2.7028456

1495826779650 GRAVITY -0.097463526 -5.493243 8.123126

1495826779651 ROTATION_VECTOR -0.28378075 -0.07283098 0.25407207

1495826779849 ACCELEROMETER 0.72628784 3.6974792 11.846222

1495826779850 GYROSCOPE 0.15962219 -0.11668396 -0.047439575

1495826779850 MAGNETIC_FIELD 1.8188477 -7.6675415 -48.735046

1495826779851 LINEAR_ACCELERATION -0.14881307 7.0078197 5.978931

1495826779852 GRAVITY 0.9269788 -4.388415 8.720832

1495826779852 ROTATION_VECTOR -0.2189365 -0.08618656 0.1614201

1495826780050 ACCELEROMETER 2.9562378 3.9675903 8.200912

1495826780051 GYROSCOPE -0.13304138 -0.041915894 0.111709595

1495826780051 MAGNETIC_FIELD 0.6744385 -8.46405 -48.616028

1495826780052 GRAVITY 1.1922678 -3.9262016 8.906954

1495826780053 LINEAR_ACCELERATION 2.069809 6.8789606 1.613358

1495826780053 ROTATION_VECTOR -0.19092855 -0.09704658 0.17048693

1495826780251 ACCELEROMETER 3.248886 3.731842 7.8471985

1495826780253 GYROSCOPE -0.39686584 -0.023757935 0.29115295

1495826780254 MAGNETIC_FIELD -0.6820679 -10.366821 -48.60382

1495826780254 GRAVITY 1.2635164 -4.0061903 8.861397

1495826780255 LINEAR_ACCELERATION 2.2825122 6.7922916 1.2834435

1495826780255 ROTATION_VECTOR -0.1874245 -0.11430909 0.23393731

1495826780453 ACCELEROMETER 3.334732 2.3532867 7.783615

1495826780453 GYROSCOPE -1.1851349 0.58506775 0.2313385

1495826780454 MAGNETIC_FIELD -0.20751953 -1.6143799 -48.475647

1495826780454 GRAVITY 0.79212004 -5.0378766 8.37632

1495826780455 LINEAR_ACCELERATION 2.6806457 6.230405 1.7520394

1495826780455 ROTATION_VECTOR -0.24323109 -0.117325135 0.278538

1495826780654 ACCELEROMETER 3.3735657 0.58532715 9.166885

1495826780654 GYROSCOPE 0.011154175 0.032852173 0.010238647

1495826780655 MAGNETIC_FIELD 1.8478394 9.928894 -49.287415

1495826780655 GRAVITY 0.4153729 -5.6707487 7.990022

1495826780656 LINEAR_ACCELERATION 3.1417656 4.8678246 3.0878716

1495826780657 ROTATION_VECTOR -0.2818781 -0.11474735 0.29374146

1495826780855 ACCELEROMETER 3.2006989 -0.034591675 9.189133

1495826780856 GYROSCOPE -0.001663208 0.055282593 -0.0036468506

1495826780856 MAGNETIC_FIELD 1.1489868 12.174988 -48.739624

1495826780857 GRAVITY 0.540697 -5.360416 8.194142

1495826780857 LINEAR_ACCELERATION 2.8069687 3.900217 3.1795492

1495826780858 ROTATION_VECTOR -0.2595437 -0.121869124 0.31809756

