1495824031017 GYROSCOPE 0.03251648 -0.023757935 0.04335022

1495824031020 MAGNETIC_FIELD 22.901917 -44.69757 31.698608

1495824031020 GRAVITY -0.5129667 9.4595375 -2.5346425

1495824031021 LINEAR_ACCELERATION 0.0 0.0 -0.0

1495824031022 ROTATION_VECTOR 0.0 0.0 0.0

1495824031217 ACCELEROMETER -0.4695282 9.249466 -2.6731873

1495824031219 GYROSCOPE 0.20661926 -0.052597046 0.14482117

1495824031219 MAGNETIC_FIELD 22.564697 -43.016052 32.026672

1495824031220 LINEAR_ACCELERATION 0.0800142 0.033130646 -0.28801918

1495824031220 GRAVITY -0.27016 9.326958 -3.0174935

1495824031225 ROTATION_VECTOR 0.3357343 0.7356166 0.5279388

1495824031418 ACCELEROMETER -0.209198 9.253784 -3.2422028

1495824031419 GYROSCOPE 0.076309204 0.088394165 -0.12968445

1495824031420 MAGNETIC_FIELD 19.526672 -45.03479 33.010864

1495824031420 GRAVITY -0.26085973 9.281797 -3.1544542

1495824031421 LINEAR_ACCELERATION -0.026472509 -0.14528942 0.3316648

1495824031421 ROTATION_VECTOR 0.32219812 0.74633825 0.5279883

1495824031619 ACCELEROMETER -0.32102966 8.856735 -2.8035278

1495824031620 GYROSCOPE -0.34025574 -0.0045318604 0.30503845

1495824031626 MAGNETIC_FIELD 19.696045 -41.166687 34.15985

1495824031627 LINEAR_ACCELERATION 0.14948574 0.006597519 -0.38173795

1495824031627 GRAVITY -0.021700608 9.328273 -3.0254328

1495824031628 ROTATION_VECTOR 0.32736373 0.7396534 0.53713685

1495824031819 ACCELEROMETER 0.35681152 9.176239 -3.2769012

1495824031820 GYROSCOPE -0.5773773 -0.17436218 -0.12220764

1495824031821 MAGNETIC_FIELD 21.383667 -45.202637 29.237366

1495824031821 GRAVITY 0.01326479 9.53133 -2.307371

1495824031822 LINEAR_ACCELERATION -0.38337547 -0.4706669 -0.51109433

1495824031823 ROTATION_VECTOR 0.33017892 0.7131795 0.56149226

1495824031955 ACCELEROMETER -0.5474243 8.896713 -2.4214935

1495824032056 GYROSCOPE 0.23652649 -0.0055999756 -0.061325073

1495824032057 LINEAR_ACCELERATION 0.56145 0.21478653 0.58802843

1495824032058 GRAVITY -0.118581496 9.640668 -1.7927198

1495824032058 ROTATION_VECTOR 0.35610446 0.6816105 0.5628714

1495824032156 ACCELEROMETER 0.41629028 9.611481 -1.2049866

1495824032156 MAGNETIC_FIELD 18.06488 -47.550964 24.77417

1495824032256 GYROSCOPE -0.37123108 -0.13591003 0.12452698

1495824032258 LINEAR_ACCELERATION -0.24480128 0.5048933 0.0026311874

1495824032258 GRAVITY -0.12189846 9.666668 -1.6465293

1495824032259 ROTATION_VECTOR 0.3606189 0.6737237 0.56479555

1495824032357 ACCELEROMETER -0.3244629 9.977844 -1.5849609

1495824032358 MAGNETIC_FIELD 19.526672 -46.121216 28.030396

1495824032457 GYROSCOPE -0.06468201 0.18132019 -0.22261047

1495824032458 LINEAR_ACCELERATION 0.44084913 -0.4220314 -0.086936355

1495824032459 GRAVITY -0.14836504 9.72641 -1.2431095

1495824032460 ROTATION_VECTOR 0.35255826 0.66263384 0.5785412

1495824032558 ACCELEROMETER 0.2612152 9.063583 -1.349884

1495824032558 MAGNETIC_FIELD 24.116516 -46.411133 28.909302

1495824032659 GYROSCOPE 0.28138733 -0.06968689 -0.12113953

1495824032660 GRAVITY -0.4933622 9.649539 -1.6773152

1495824032660 LINEAR_ACCELERATION -0.18429032 -0.50938416 -1.6579441

1495824032661 ROTATION_VECTOR 0.3549727 0.6778744 0.55434203

1495824032758 ACCELEROMETER -0.65319824 8.889496 -3.2922363

1495824032759 MAGNETIC_FIELD 22.73407 -45.185852 29.600525

1495824032860 GYROSCOPE 0.07737732 -0.04298401 -0.047439575

1495824032860 GRAVITY -0.6596488 9.544412 -2.1539402

1495824032861 LINEAR_ACCELERATION 0.1715433 -0.25344086 -1.2131288

1495824032861 ROTATION_VECTOR 0.36017942 0.6928861 0.5330505

1495824032959 ACCELEROMETER -0.4887085 9.017212 -3.2996368

1495824032960 MAGNETIC_FIELD 22.554016 -43.995667 31.64978

1495824033060 GYROSCOPE -0.20246887 0.21549988 0.09996033

1495824033061 GRAVITY -0.5813508 9.545888 -2.169895

1495824033062 LINEAR_ACCELERATION -0.06054175 -0.46438694 -1.1816883

1495824033062 ROTATION_VECTOR 0.35564503 0.69580925 0.53733045

1495824033160 ACCELEROMETER -0.59713745 8.825058 -3.2884827

1495824033161 MAGNETIC_FIELD 23.487854 -42.41028 32.29065

1495824033261 GYROSCOPE -0.0048675537 0.070236206 0.040145874

1495824033263 GRAVITY -0.36732018 9.571097 -2.104653

1495824033263 LINEAR_ACCELERATION 0.24098536 -0.26766777 -1.3092875

1495824033264 ROTATION_VECTOR 0.3533223 0.6946012 0.5472376

1495824033361 ACCELEROMETER -0.1085968 9.037689 -3.3624573

1495824033362 MAGNETIC_FIELD 21.685791 -43.533325 31.263733

1495824033462 GYROSCOPE -0.015548706 0.028579712 0.042282104

1495824033463 GRAVITY -0.22865382 9.49268 -2.4509454

1495824033463 LINEAR_ACCELERATION 0.074640185 -0.12663937 -0.7155521

1495824033464 ROTATION_VECTOR 0.37792408 0.69436073 0.53068566

1495824033562 ACCELEROMETER -0.1491394 9.108215 -3.088913

1495824033563 MAGNETIC_FIELD 21.940613 -43.688965 31.243896

1495824033663 GYROSCOPE 0.08592224 0.025375366 0.032669067

1495824033665 GRAVITY -0.09526994 9.377312 -2.8683343

1495824033665 LINEAR_ACCELERATION 0.09205205 -0.026350975 -0.7312834

1495824033666 ROTATION_VECTOR 0.40640944 0.69359624 0.5100874

1495824033763 ACCELEROMETER -0.012786865 9.170532 -3.5234528

1495824033764 MAGNETIC_FIELD 22.970581 -43.069458 31.726074

1495824033865 GYROSCOPE 0.026107788 0.052078247 0.04548645

1495824033866 LINEAR_ACCELERATION 0.047097337 -0.05264187 -0.25571394

1495824033866 GRAVITY 0.02558459 9.3039465 -3.0994058

1495824033867 ROTATION_VECTOR 0.4140532 0.6975569 0.503688

1495824033964 ACCELEROMETER 0.08517456 9.110138 -3.3608246

1495824033965 MAGNETIC_FIELD 21.551514 -44.644165 32.302856

1495824034065 GYROSCOPE 0.2642975 -0.10173035 0.040145874

1495824034068 GRAVITY 0.11907842 9.179279 -3.4492073

1495824034069 LINEAR_ACCELERATION 0.061421752 0.06750488 -0.20444894

1495824034069 ROTATION_VECTOR 0.41882548 0.70742196 0.49363062

1495824034173 ACCELEROMETER 0.16448975 9.148376 -3.562561

1495824034177 MAGNETIC_FIELD 21.06018 -43.782043 31.492615

1495824034273 GYROSCOPE -0.076431274 0.07557678 0.071121216

1495824034276 GRAVITY 0.088302605 9.196343 -3.4043875

1495824034278 LINEAR_ACCELERATION -0.24744397 -0.04694462 0.5120344

1495824034282 ROTATION_VECTOR 0.38788453 0.7232711 0.5060693

1495824034369 ACCELEROMETER -0.15118408 8.96138 -2.858902

1495824034372 MAGNETIC_FIELD 22.531128 -43.626404 32.32422

1495824034472 GRAVITY 0.052287772 9.183248 -3.4402936

1495824034475 LINEAR_ACCELERATION -0.22639833 -0.023251534 0.011392117

1495824034478 ROTATION_VECTOR 0.38086015 0.72825253 0.50635356

1495824034481 GYROSCOPE 0.11582947 -0.088912964 0.019851685

1495824034572 ACCELEROMETER -0.16824341 8.958221 -3.317154

1495824034575 MAGNETIC_FIELD 21.34552 -43.081665 32.122803

1495824034673 GRAVITY 0.04051791 9.226269 -3.3233578

1495824034678 LINEAR_ACCELERATION 0.004226003 0.04800701 0.30686092

1495824034680 ROTATION_VECTOR 0.36870536 0.7304112 0.51438725

1495824034685 GYROSCOPE -0.08390808 0.07344055 -0.029281616

1495824034774 ACCELEROMETER 0.021697998 9.026413 -2.957199

1495824034777 MAGNETIC_FIELD 21.018982 -44.02466 31.802368

1495824034878 GRAVITY -0.022110434 9.224753 -3.3277354

1495824034881 GYROSCOPE 0.03892517 -0.023757935 0.019851685

1495824034883 LINEAR_ACCELERATION -0.13706167 -0.00951004 -0.09895158

1495824034891 ROTATION_VECTOR 0.36531305 0.7322661 0.51368195

1495824034974 ACCELEROMETER -0.1355133 8.995163 -3.3171234

1495824034979 MAGNETIC_FIELD 20.741272 -44.2276 32.191467

1495824035080 GRAVITY 0.047439966 9.255355 -3.2413802

1495824035082 LINEAR_ACCELERATION 0.058184765 0.033388138 0.17083478

1495824035085 ROTATION_VECTOR 0.36173722 0.7310339 0.51985925

1495824035090 GYROSCOPE -0.042251587 0.053146362 0.012374878

1495824035174 ACCELEROMETER 0.08810425 9.042755 -3.0258026

1495824035177 MAGNETIC_FIELD 22.483826 -42.4942 32.417297

1495824035280 GRAVITY 0.054513216 9.258366 -3.23266

1495824035283 LINEAR_ACCELERATION -0.07358599 -0.059085846 -0.073862076

1495824035285 ROTATION_VECTOR 0.36139816 0.7308975 0.5204736

1495824035290 GYROSCOPE -0.013412476 -0.006668091 0.019851685

1495824035378 ACCELEROMETER -0.017486572 8.947113 -3.2146606

1495824035381 MAGNETIC_FIELD 20.523071 -43.71338 32.08008

1495824035478 GYROSCOPE 0.031448364 0.01576233 0.066848755

1495824035481 GRAVITY 0.116729684 9.228645 -3.3149471

1495824035483 LINEAR_ACCELERATION -0.040468194 0.018104553 -0.1503501

1495824035486 ROTATION_VECTOR 0.3710881 0.7289094 0.5159557

1495824035579 ACCELEROMETER 0.088256836 9.033615 -3.375763

1495824035582 MAGNETIC_FIELD 21.321106 -43.795776 31.965637

1495824035674 GYROSCOPE 0.03678894 0.052078247 0.032669067

1495824035675 LINEAR_ACCELERATION -0.11156276 0.030448914 -0.018022537

1495824035676 ROTATION_VECTOR 0.36850888 0.73249006 0.51613873

1495824035677 GRAVITY 0.17464489 9.204041 -3.3801658

1495824035776 ACCELEROMETER 0.06349182 9.027435 -3.321762

1495824035777 MAGNETIC_FIELD 21.783447 -42.829895 32.3761

1495824035878 GRAVITY 0.21308538 9.206169 -3.3721545

1495824035879 LINEAR_ACCELERATION -0.10283004 0.04528427 0.087673664

1495824035880 ROTATION_VECTOR 0.36050922 0.7361828 0.52009594

1495824035881 GYROSCOPE 0.006881714 0.02003479 0.03907776

1495824035979 ACCELEROMETER 0.10394287 9.054123 -3.2114716

1495824035982 MAGNETIC_FIELD 21.440125 -44.296265 31.962585

1495824036082 GRAVITY 0.19593847 9.217039 -3.3433785

1495824036085 LINEAR_ACCELERATION -0.18588492 0.0023918152 0.03674984

1495824036089 ROTATION_VECTOR 0.35430402 0.73819613 0.52269125

1495824036091 GYROSCOPE -0.018753052 0.037124634 0.024124146

1495824036179 ACCELEROMETER 0.0040130615 9.009018 -3.248642

1495824036182 MAGNETIC_FIELD 21.673584 -43.322754 31.253052

1495824036282 GYROSCOPE 0.023971558 -0.0013275146 -0.005783081

1495824036287 GRAVITY 0.18132287 9.199422 -3.392364

1495824036289 LINEAR_ACCELERATION -0.08414367 0.03234291 -0.11092305

1495824036291 ROTATION_VECTOR 0.35690606 0.7386342 0.51971483

1495824036380 ACCELEROMETER 0.09931946 9.065765 -3.505005

1495824036383 MAGNETIC_FIELD 19.836426 -43.615723 32.28302

1495824036483 GRAVITY 0.08273025 9.114544 -3.6178215

1495824036488 LINEAR_ACCELERATION -0.026051216 0.05273819 -0.20166302

1495824036490 ROTATION_VECTOR 0.3673727 0.7412792 0.50555545

1495824036492 GYROSCOPE 0.13291931 -0.11882019 -0.03996277

1495824036582 ACCELEROMETER 0.04649353 9.036911 -3.6905975

1495824036585 MAGNETIC_FIELD 20.11261 -42.878723 32.354736

1495824036684 GRAVITY -0.012098954 9.0880785 -3.6847084

1495824036689 LINEAR_ACCELERATION 0.09376111 0.10807514 0.124162436

1495824036691 ROTATION_VECTOR 0.37061596 0.7419647 0.49947152

1495824036693 GYROSCOPE 0.020767212 -0.0023956299 -0.065597534

1495824036789 ACCELEROMETER 0.06402588 9.084534 -3.5091705

1495824036792 MAGNETIC_FIELD 21.4859 -43.702698 31.56128

1495824036887 GRAVITY -0.038498852 9.115602 -3.6158962

1495824036890 LINEAR_ACCELERATION 0.02434007 -0.01993084 0.40084195

1495824036892 ROTATION_VECTOR 0.36269853 0.7435114 0.5038977

1495824036894 GYROSCOPE 0.09126282 -0.02696228 0.035873413

1495824036989 ACCELEROMETER -0.0013580322 8.936707 -3.1778717

1495824036993 MAGNETIC_FIELD 21.31958 -42.964172 32.284546

1495824037088 GYROSCOPE 0.10194397 -0.032302856 0.107437134

1495824037091 GRAVITY 0.08915608 9.074268 -3.7175379

1495824037094 LINEAR_ACCELERATION 0.038155936 0.102116585 0.1294291

1495824037096 ROTATION_VECTOR 0.36858025 0.74410367 0.50169796

1495824037193 ACCELEROMETER 0.12223816 9.016296 -3.4957733

1495824037196 MAGNETIC_FIELD 21.273804 -43.519592 32.139587

1495824037288 GRAVITY 0.08960311 9.00667 -3.8784356

1495824037291 ROTATION_VECTOR 0.37030017 0.7487476 0.4952035

1495824037293 LINEAR_ACCELERATION -0.09611647 0.119867325 -0.019010305

1495824037295 GYROSCOPE 0.08912659 -0.04725647 -0.018600464

1495824037393 ACCELEROMETER -0.017791748 9.012604 -3.810257

1495824037397 MAGNETIC_FIELD 19.670105 -43.603516 33.096313

1495824037489 GRAVITY 0.09011941 9.10274 -3.6472433

1495824037492 LINEAR_ACCELERATION 0.012630828 0.03521061 0.62071013

1495824037494 ROTATION_VECTOR 0.3518111 0.749791 0.5096561

1495824037497 GYROSCOPE -0.04118347 0.02217102 0.021987915

1495824037592 ACCELEROMETER 0.12562561 8.966537 -2.9960022

1495824037597 MAGNETIC_FIELD 20.492554 -42.900085 31.744385

1495824037694 GRAVITY 0.12625976 9.160977 -3.4972763

1495824037697 LINEAR_ACCELERATION 0.038144805 0.052324295 0.21530938

1495824037699 ROTATION_VECTOR 0.35176378 0.74469703 0.5161308

1495824037701 GYROSCOPE -0.008071899 -0.0013275146 -0.012191772

1495824037793 ACCELEROMETER 0.15576172 9.014114 -3.2128143

1495824037800 MAGNETIC_FIELD 20.446777 -43.75 31.996155

1495824037897 GYROSCOPE -0.020889282 0.045669556 0.021987915

1495824037900 GRAVITY 0.13203888 9.187462 -3.4268777

1495824037902 LINEAR_ACCELERATION -0.036528647 0.031538963 0.08449888

1495824037908 ROTATION_VECTOR 0.35225365 0.7420509 0.51868826

1495824037993 ACCELEROMETER 0.12634277 9.014893 -3.2543945

1495824038000 MAGNETIC_FIELD 21.392822 -43.80493 31.48346

1495824038091 GRAVITY 0.22784081 9.238034 -3.2828634

1495824038094 LINEAR_ACCELERATION 0.074773535 0.01313591 0.0943172

1495824038098 ROTATION_VECTOR 0.35462198 0.73595023 0.52557576

1495824038100 GYROSCOPE -0.08390808 0.054214478 0.003829956

1495824038194 ACCELEROMETER 0.3013153 9.048157 -3.1276855

1495824038201 MAGNETIC_FIELD 20.67566 -43.826294 30.769348

1495824038290 GRAVITY 0.282383 9.197461 -3.3907738

1495824038293 LINEAR_ACCELERATION 0.056522876 0.117604256 -0.30121613

1495824038297 ROTATION_VECTOR 0.36743 0.73340064 0.5189786

1495824038300 GYROSCOPE 0.076309204 -2.593994E-4 0.008102417

1495824038395 ACCELEROMETER 0.31884766 9.173233 -3.6191711

1495824038403 MAGNETIC_FIELD 20.26825 -44.769287 32.6828

1495824038496 GYROSCOPE 0.028244019 0.0040130615 -0.0025787354

1495824038502 GRAVITY 0.27994302 9.184452 -3.4260557

1495824038504 LINEAR_ACCELERATION -0.018917948 -3.4332275E-5 0.13801026

1495824038506 ROTATION_VECTOR 0.36507505 0.7357992 0.518421

1495824038598 ACCELEROMETER 0.24829102 9.048859 -3.2825623

1495824038603 MAGNETIC_FIELD 19.729614 -44.628906 32.357788

1495824038699 GRAVITY 0.21878108 9.13889 -3.5500996

1495824038702 LINEAR_ACCELERATION -0.10803343 0.044867516 -0.032917023

1495824038704 ROTATION_VECTOR 0.3648673 0.74018687 0.5124235

1495824038707 GYROSCOPE 0.09767151 -0.034439087 0.008102417

1495824038799 ACCELEROMETER 0.11097717 9.05719 -3.479065

1495824038804 MAGNETIC_FIELD 19.921875 -44.293213 31.710815

1495824038901 GRAVITY 0.16104563 9.155577 -3.5099683

1495824038906 ROTATION_VECTOR 0.35733488 0.7424758 0.51479596

1495824038908 GYROSCOPE 0.011154175 -0.03337097 -0.05278015

1495824038910 LINEAR_ACCELERATION 0.01408717 0.012322426 0.3148358

1495824038992 ACCELEROMETER 0.14111328 8.994553 -3.1418915

1495824038996 MAGNETIC_FIELD 20.899963 -44.67621 32.051086

1495824039097 GRAVITY 0.08588564 9.194554 -3.4092798

1495824039101 LINEAR_ACCELERATION -0.028394915 -0.011569977 0.19271469

1495824039103 ROTATION_VECTOR 0.3530851 0.7410505 0.51785636

1495824039105 GYROSCOPE -0.029434204 0.007217407 -0.0036468506

1495824039198 ACCELEROMETER 0.07582092 8.987045 -3.141632

1495824039204 MAGNETIC_FIELD 21.046448 -43.670654 32.592773

1495824039303 GRAVITY 0.13655134 9.250975 -3.2513397

1495824039308 LINEAR_ACCELERATION 0.05071661 -0.0095796585 0.028162003

1495824039310 ROTATION_VECTOR 0.35441872 0.7349555 0.52438784

1495824039312 GYROSCOPE -0.1277008 0.070236206 0.0027618408

1495824039402 ACCELEROMETER 0.16586304 9.028778 -3.1712036

1495824039408 MAGNETIC_FIELD 20.838928 -43.16559 32.533264

1495824039503 GRAVITY 0.15498759 9.260917 -3.2220802

1495824039509 LINEAR_ACCELERATION -0.06059268 -0.032525063 -0.2800703

1495824039511 ROTATION_VECTOR 0.3617637 0.73034745 0.52343976

1495824039513 GYROSCOPE -0.045455933 0.032852173 0.016647339

1495824039604 ACCELEROMETER 0.11543274 9.042786 -3.4384155

1495824039610 MAGNETIC_FIELD 20.046997 -44.335938 32.73468

1495824039704 GRAVITY 0.17640401 9.261518 -3.2192495

1495824039712 LINEAR_ACCELERATION -0.018201321 -0.05537224 -0.05864072

1495824039723 ROTATION_VECTOR 0.36713892 0.727561 0.5222736

1495824039725 GYROSCOPE 0.0047454834 -0.006668091 0.0070343018

1495824039799 ACCELEROMETER 0.15245056 9.011856 -3.2015686

1495824039802 MAGNETIC_FIELD 20.336914 -43.984985 31.646729

1495824039901 GRAVITY 0.18843491 9.243874 -3.2688956

1495824039905 LINEAR_ACCELERATION -0.016733125 -0.041614532 -0.0733161

1495824039907 ROTATION_VECTOR 0.36862585 0.72854805 0.5203659

1495824039909 GYROSCOPE 0.0058135986 0.02003479 0.010238647

1495824040005 ACCELEROMETER 0.1671753 8.989136 -3.263794

1495824040011 MAGNETIC_FIELD 19.520569 -43.1839 32.847595

1495824040102 GRAVITY 0.22729208 9.241598 -3.2728565

1495824040105 LINEAR_ACCELERATION -0.017945245 -0.009801865 -0.060557842

1495824040107 ROTATION_VECTOR 0.3665452 0.7297355 0.5219795

1495824040110 GYROSCOPE -0.031570435 0.039260864 0.0209198

1495824040202 ACCELEROMETER 0.20687866 9.0329895 -3.297989

1495824040212 MAGNETIC_FIELD 19.696045 -43.01758 33.42285

1495824040307 GRAVITY 0.26896736 9.226043 -3.3133333

1495824040313 LINEAR_ACCELERATION -0.014130831 -0.0025568008 -0.14984608

1495824040315 ROTATION_VECTOR 0.37311354 0.72781813 0.51945466

1495824040317 GYROSCOPE 0.002609253 -2.593994E-4 0.01878357

1495824040403 ACCELEROMETER 0.25628662 9.04892 -3.3957977

1495824040412 MAGNETIC_FIELD 20.780945 -44.354248 31.446838

1495824040505 GRAVITY 0.25984815 9.190422 -3.411599

1495824040514 LINEAR_ACCELERATION -0.03653553 -0.017540932 -0.13867283

1495824040516 ROTATION_VECTOR 0.3799521 0.72772217 0.513442

1495824040518 GYROSCOPE 0.03251648 -0.012008667 -0.0036468506

1495824040593 ACCELEROMETER 0.21685791 9.007721 -3.464096

1495824040604 MAGNETIC_FIELD 19.841003 -43.141174 31.362915

1495824040696 GYROSCOPE 0.084854126 -0.062210083 -0.032485962

1495824040700 GRAVITY 0.21537314 9.164121 -3.484665

1495824040702 LINEAR_ACCELERATION 0.029430747 0.053941727 0.059752464

1495824040704 ROTATION_VECTOR 0.37865233 0.730952 0.5101139

1495824040809 ACCELEROMETER 0.21871948 9.065598 -3.4262543

1495824040820 MAGNETIC_FIELD 20.1828 -42.736816 32.629395

1495824040906 GRAVITY 0.1333579 9.121663 -3.5983157

1495824040914 LINEAR_ACCELERATION -0.023031697 0.02031517 0.11701703

1495824040917 ROTATION_VECTOR 0.3793505 0.73454493 0.50360894

1495824040920 GYROSCOPE 0.09660339 -0.057937622 0.003829956

1495824040998 ACCELEROMETER 0.10644531 8.965576 -3.3250885

1495824041004 MAGNETIC_FIELD 20.393372 -43.73474 31.64978

1495824041095 GYROSCOPE -0.028366089 0.001876831 0.010238647

1495824041096 GRAVITY 0.15791549 9.155062 -3.5114517

1495824041097 LINEAR_ACCELERATION 0.0627116 0.07204437 0.31148124

1495824041097 ROTATION_VECTOR 0.37574115 0.7333845 0.5085947

1495824041194 ACCELEROMETER 0.22062683 9.05809 -3.160324

1495824041195 MAGNETIC_FIELD 20.755005 -45.15381 30.69458

1495824041302 GRAVITY 0.037851788 9.137613 -3.559913

1495824041304 LINEAR_ACCELERATION -0.15625218 -0.06332207 0.11433816

1495824041304 ROTATION_VECTOR 0.37208128 0.73692644 0.5048293

1495824041305 GYROSCOPE 0.123306274 -0.07395935 -0.02607727

1495824041399 ACCELEROMETER -0.43727112 9.086685 -3.4675293

1495824041402 MAGNETIC_FIELD 20.835876 -44.599915 31.620789

1495824041502 GRAVITY 0.48598352 8.937694 -4.0064745

1495824041505 LINEAR_ACCELERATION -4.040004 0.38495922 0.13062716

1495824041507 ROTATION_VECTOR 0.38449198 0.74594855 0.4961887

1495824041510 GYROSCOPE 0.38819885 0.20054626 0.69703674

1495824041601 ACCELEROMETER -3.3296967 8.288803 -3.587616

1495824041604 MAGNETIC_FIELD 20.487976 -42.529297 34.143066

1495824041717 GYROSCOPE 0.80155945 1.5153961 2.377182

1495824041734 GRAVITY 3.9715705 7.818116 -4.390225

1495824041744 LINEAR_ACCELERATION -1.2003741 -1.789423 0.27589178

1495824041746 ROTATION_VECTOR 0.4418619 0.7270469 0.52399015

1495824041818 ACCELEROMETER 4.4379272 5.843048 -4.0169525

1495824041829 MAGNETIC_FIELD -3.6148071 -39.997864 39.39209

1495824041906 GYROSCOPE -0.12236023 1.9810944 0.7718048

1495824041915 GRAVITY 7.5294614 5.8068666 -2.3995628

1495824041917 LINEAR_ACCELERATION 2.5906978 -0.23667765 -0.8529079

1495824041920 ROTATION_VECTOR -0.4164041 -0.6700383 -0.57561845

1495824041999 ACCELEROMETER 9.362137 5.175186 -3.0162811

1495824042000 MAGNETIC_FIELD -26.487732 -33.711243 35.81543

1495824042109 GRAVITY 8.639812 4.6191607 0.4328735

1495824042112 LINEAR_ACCELERATION -0.5383415 -0.3831768 -1.185291

1495824042115 ROTATION_VECTOR -0.33408606 -0.6052405 -0.60617447

1495824042117 GYROSCOPE -0.13624573 1.245163 0.78782654

1495824042211 ACCELEROMETER 8.027557 4.110077 -0.54667664

1495824042215 MAGNETIC_FIELD -40.9317 -26.916504 27.285767

1495824042310 GRAVITY 8.769082 3.415897 2.75776

1495824042313 LINEAR_ACCELERATION 0.7609968 -0.24205565 -1.3068416

1495824042316 ROTATION_VECTOR -0.27995512 -0.5301118 -0.6051671

1495824042319 GYROSCOPE -0.17469788 1.2836151 0.51652527

1495824042403 ACCELEROMETER 9.412979 2.6382446 1.7270203

1495824042407 MAGNETIC_FIELD -47.15271 -25.917053 14.494324

1495824042509 GYROSCOPE 0.07096863 0.7228546 0.80918884

1495824042512 GRAVITY 8.4839945 2.1938224 4.4022007

1495824042515 LINEAR_ACCELERATION 1.489397 -0.01910019 -2.7459922

1495824042517 ROTATION_VECTOR -0.23445214 -0.46966204 -0.55869627

1495824042604 ACCELEROMETER 9.664078 2.147461 1.9409485

1495824042610 MAGNETIC_FIELD -53.749084 -17.660522 6.854248

1495824042710 GRAVITY 8.043074 1.1489493 5.4917455

1495824042713 LINEAR_ACCELERATION 0.79325247 0.2424053 -1.1419139

1495824042716 ROTATION_VECTOR -0.19214076 -0.42787945 -0.47208786

1495824042718 GYROSCOPE 0.09233093 0.67051697 0.4983673

1495824042805 ACCELEROMETER 8.290131 1.1222839 4.4012146

1495824042815 MAGNETIC_FIELD -55.903625 -9.893799 -3.239441

1495824042911 GRAVITY 7.012448 0.09073306 6.85476

1495824042915 LINEAR_ACCELERATION -0.26044512 -0.12135568 -1.144927

1495824042917 ROTATION_VECTOR -0.15391989 -0.35610837 -0.37659463

1495824042921 GYROSCOPE 0.14146423 1.1501007 0.95124817

1495824043007 ACCELEROMETER 6.0711365 -0.29745483 6.0513

1495824043012 MAGNETIC_FIELD -56.632996 -0.07019043 -14.360046

1495824043113 GYROSCOPE 1.0835419 0.80937195 2.340866

1495824043116 GRAVITY 5.1122913 -1.3867509 8.252987

1495824043119 LINEAR_ACCELERATION -1.1615381 -0.93702316 -0.2682953

1495824043122 ROTATION_VECTOR -0.11679709 -0.2560727 -0.15575553

