1495824006764 ACCELEROMETER 2.0095062 -6.890686 7.0167694

1495824006766 GYROSCOPE -0.3370514 0.026443481 0.643631

1495824006767 MAGNETIC_FIELD -29.40979 38.711548 -26.707458

1495824006767 GRAVITY 2.0055265 -6.6500072 6.9228363

1495824006768 LINEAR_ACCELERATION 0.0 0.0 -0.0

1495824006768 ROTATION_VECTOR 0.0 0.0 0.0

1495824006965 ACCELEROMETER 0.40426636 -7.7358246 6.3777466

1495824006967 GYROSCOPE -0.4983368 0.2667694 0.64042664

1495824006967 MAGNETIC_FIELD -23.165894 44.26117 -22.93396

1495824006968 GRAVITY 0.7410835 -7.4716015 6.308435

1495824006968 LINEAR_ACCELERATION -0.20268619 -0.11542034 -0.002565384

1495824006969 ROTATION_VECTOR -0.37812445 0.18809897 -0.4818521

1495824007165 ACCELEROMETER -1.0091248 -7.930893 5.594879

1495824007167 GYROSCOPE -0.4641571 0.48146057 0.6671295

1495824007167 MAGNETIC_FIELD -14.729309 49.305725 -18.339539

1495824007168 GRAVITY -0.72888815 -8.0253105 5.588693

1495824007169 LINEAR_ACCELERATION -0.1277793 0.23011303 0.05497074

1495824007169 ROTATION_VECTOR -0.4059065 0.22426736 -0.35656005

1495824007366 ACCELEROMETER -2.4720306 -8.536972 4.1351624

1495824007367 GYROSCOPE -0.59233093 0.559433 0.7280121

1495824007368 MAGNETIC_FIELD -7.6416016 51.660156 -16.371155

1495824007369 GRAVITY -2.3272061 -8.426376 4.444173

1495824007369 LINEAR_ACCELERATION 0.033475637 0.025771141 -0.26007462

1495824007370 ROTATION_VECTOR -0.44326177 0.27736118 -0.24346739

1495824007496 ACCELEROMETER -4.1908264 -8.678238 3.329239

1495824007603 GYROSCOPE -0.639328 0.14820862 0.63508606

1495824007604 LINEAR_ACCELERATION -0.16576862 -0.123989105 0.34075427

1495824007604 GRAVITY -3.9217384 -8.476006 2.9912694

1495824007605 ROTATION_VECTOR -0.52029705 0.27708972 -0.045213178

1495824007702 ACCELEROMETER -5.386566 -8.464951 1.6903229

1495824007703 MAGNETIC_FIELD 10.479736 51.950073 -2.0339966

1495824007803 GYROSCOPE -0.3445282 0.1749115 0.028396606

1495824007804 GRAVITY -4.6689386 -8.40423 1.9339887

1495824007805 LINEAR_ACCELERATION -0.7135987 0.08902359 -0.41715372

1495824007806 ROTATION_VECTOR -0.56662095 0.28343377 0.033467215

1495824007904 ACCELEROMETER -5.283264 -8.273102 1.6139679

1495824007905 MAGNETIC_FIELD 13.670349 52.619934 0.97198486

1495824008004 GYROSCOPE 0.61891174 0.32444763 -0.74812317

1495824008006 LINEAR_ACCELERATION -0.8768244 0.464283 -0.30238223

1495824008006 GRAVITY -4.3034205 -8.6 1.9211872

1495824008007 ROTATION_VECTOR -0.5630763 0.29153353 -0.010656865

1495824008104 ACCELEROMETER -5.668091 -5.969818 -0.11659241

1495824008105 MAGNETIC_FIELD 7.171631 53.852844 -3.5766602

1495824008206 GYROSCOPE -0.43959045 0.27638245 0.7718048

1495824008207 LINEAR_ACCELERATION -1.0568156 2.5884256 -1.8284587

1495824008207 GRAVITY -4.7302527 -8.43987 1.6011523

1495824008208 ROTATION_VECTOR -0.52662873 0.37553447 -0.082673244

1495824008305 ACCELEROMETER -6.862335 -8.246445 0.36914063

1495824008306 MAGNETIC_FIELD 12.416077 53.285217 0.92163086

1495824008407 GYROSCOPE -0.12556458 -0.13163757 0.42359924

1495824008408 GRAVITY -5.7708116 -7.866063 0.99658024

1495824008409 LINEAR_ACCELERATION -1.0106068 -0.6500125 -0.49474597

1495824008409 ROTATION_VECTOR -0.5174142 0.42599422 -0.04142959

1495824008507 ACCELEROMETER -5.3781586 -8.501022 1.1748047

1495824008508 MAGNETIC_FIELD 12.460327 53.10669 2.9586792

1495824008607 GYROSCOPE 0.07203674 -0.04298401 -0.16065979

1495824008608 GRAVITY -5.8843 -7.7722945 1.0662245

1495824008609 LINEAR_ACCELERATION 0.49799109 -0.73493576 0.08911848

1495824008610 ROTATION_VECTOR -0.5272297 0.40947104 -0.009170205

1495824008707 ACCELEROMETER -5.729309 -7.861267 0.63456726

1495824008708 MAGNETIC_FIELD 11.004639 52.963257 2.4551392

1495824008809 GYROSCOPE -0.12556458 0.010421753 -0.04423523

1495824008810 GRAVITY -5.7281876 -7.8966455 1.0006204

1495824008810 LINEAR_ACCELERATION -0.0114851 0.117021084 -0.43287134

1495824008811 ROTATION_VECTOR -0.5262079 0.41483465 -0.029705161

1495824008908 ACCELEROMETER -5.3711853 -8.318253 0.6830597

1495824008909 MAGNETIC_FIELD 9.773254 53.637695 4.6783447

1495824009009 GYROSCOPE -0.06895447 0.115097046 -0.090164185

1495824009010 GRAVITY -5.601116 -8.012883 0.76914334

1495824009011 LINEAR_ACCELERATION 0.27591276 -0.32199955 -0.045826852

1495824009011 ROTATION_VECTOR -0.5294805 0.4247764 -0.0484649

1495824009110 ACCELEROMETER -5.5329742 -8.135086 0.26652527

1495824009111 MAGNETIC_FIELD 10.812378 53.152466 5.39093

1495824009210 GYROSCOPE -0.018753052 0.06489563 -0.0015106201

1495824009211 GRAVITY -5.5409083 -8.071297 0.56823844

1495824009212 LINEAR_ACCELERATION -0.023833275 -0.0053958893 -0.35736275

1495824009212 ROTATION_VECTOR -0.52734494 0.43924388 -0.06746805

1495824009312 ACCELEROMETER -5.3512726 -8.277039 0.4103241

1495824009313 MAGNETIC_FIELD 10.22644 53.99475 5.558777

1495824009417 GRAVITY -5.5052896 -8.091517 0.6241066

1495824009418 LINEAR_ACCELERATION 0.19283485 -0.18086052 -0.18380761

1495824009418 ROTATION_VECTOR -0.52000034 0.4447236 -0.08012338

1495824009419 GYROSCOPE 0.08912659 -0.08784485 -0.020736694

1495824009516 ACCELEROMETER -5.2885284 -8.123444 0.3863678

1495824009517 MAGNETIC_FIELD 10.56366 53.84674 5.996704

1495824009618 ROTATION_VECTOR -0.51031566 0.45523348 -0.096489616

1495824009618 LINEAR_ACCELERATION 0.19261312 -0.02076435 -0.24407464

1495824009619 GRAVITY -5.4914975 -8.100093 0.6343019

1495824009619 GYROSCOPE 0.028244019 0.027511597 0.09034729

1495824009718 ACCELEROMETER -5.418167 -8.098114 0.68130493

1495824009718 MAGNETIC_FIELD 11.016846 53.433228 3.3340454

1495824009818 GRAVITY -5.5284953 -8.072909 0.6589834

1495824009819 LINEAR_ACCELERATION 0.085250854 -0.049966812 0.031410456

1495824009819 ROTATION_VECTOR -0.49625486 0.4691826 -0.11414123

1495824009819 GYROSCOPE -0.015548706 -0.02482605 0.0059661865

1495824009918 ACCELEROMETER -5.3698273 -8.142914 0.5960388

1495824009919 MAGNETIC_FIELD 8.628845 54.078674 4.071045

1495824010020 ROTATION_VECTOR -0.4888261 0.4769786 -0.13262095

1495824010020 LINEAR_ACCELERATION 0.06313133 -0.050518036 -0.057991624

1495824010021 GRAVITY -5.4482656 -8.127363 0.65783894

1495824010021 GYROSCOPE 0.0047454834 -0.041915894 -0.059188843

1495824010121 ACCELEROMETER -5.2419586 -8.14769 0.6755676

1495824010122 MAGNETIC_FIELD 8.062744 53.086853 3.4606934

1495824010221 GYROSCOPE -0.03904724 -0.0055999756 -0.037826538

1495824010221 GRAVITY -5.3381004 -8.199669 0.66370046

1495824010221 LINEAR_ACCELERATION 0.079363346 0.0019769669 0.013825893

1495824010222 ROTATION_VECTOR -0.48374915 0.4818168 -0.14967126

1495824010321 ACCELEROMETER -5.1131897 -8.284592 0.4571228

1495824010321 MAGNETIC_FIELD 8.421326 54.11682 4.9194336

1495824010422 GRAVITY -5.2465496 -8.266066 0.5623809

1495824010422 LINEAR_ACCELERATION 0.10733557 -0.066589355 -0.11721164

1495824010423 ROTATION_VECTOR -0.47968388 0.49115163 -0.16693655

1495824010423 GYROSCOPE -0.008071899 0.012557983 -0.011123657

1495824010531 ACCELEROMETER -5.1454773 -8.346085 0.486969

1495824010537 MAGNETIC_FIELD 10.27832 53.57666 4.7927856

1495824010635 GYROSCOPE 0.06990051 -0.021621704 0.040145874

1495824010641 GRAVITY -5.227018 -8.277454 0.5765679

1495824010643 LINEAR_ACCELERATION 0.06265688 -0.09753227 -0.08142495

1495824010646 ROTATION_VECTOR -0.47130382 0.4984736 -0.18012612

1495824010731 ACCELEROMETER -5.1921844 -8.301483 0.52531433

1495824010738 MAGNETIC_FIELD 8.1604 54.74701 3.3752441

1495824010834 GYROSCOPE 0.016494751 -0.010940552 -0.004714966

1495824010841 GRAVITY -5.234594 -8.269606 0.61890465

1495824010843 LINEAR_ACCELERATION 0.02733326 -0.050768852 -0.09099388

1495824010846 ROTATION_VECTOR -0.45939696 0.50734514 -0.19491045

1495824010932 ACCELEROMETER -5.1895294 -8.307938 0.5496063

1495824010938 MAGNETIC_FIELD 9.553528 53.11432 2.558899

1495824011036 GYROSCOPE 0.025039673 0.02003479 -0.060256958

1495824011042 GRAVITY -5.182024 -8.302904 0.61546135

1495824011045 LINEAR_ACCELERATION -0.011023998 -0.01854992 -0.06548786

1495824011047 ROTATION_VECTOR -0.45005366 0.5158216 -0.21222807

1495824011146 ACCELEROMETER -5.259781 -8.1772 0.56159973

1495824011146 MAGNETIC_FIELD 9.301758 53.96881 3.1677246

1495824011227 GRAVITY -5.1708136 -8.309886 0.6155187

1495824011228 LINEAR_ACCELERATION -0.11080074 0.11440468 -0.05349797

1495824011229 ROTATION_VECTOR -0.44078124 0.52376443 -0.225568

1495824011229 GYROSCOPE 0.0036773682 -0.02268982 -0.032485962

1495824011326 ACCELEROMETER -5.189041 -8.303482 0.64863586

1495824011327 MAGNETIC_FIELD 8.428955 54.141235 4.1244507

1495824011428 ROTATION_VECTOR -0.4356118 0.5260031 -0.23366496

1495824011429 LINEAR_ACCELERATION -0.052737713 -0.0031518936 -7.202029E-4

1495824011429 GRAVITY -5.143487 -8.323556 0.6582821

1495824011430 GYROSCOPE 0.027175903 -0.013076782 -0.01966858

1495824011527 ACCELEROMETER -5.090622 -8.312439 0.6965637

1495824011529 MAGNETIC_FIELD 7.8689575 54.000854 4.51355

1495824011625 GYROSCOPE 0.047470093 -0.008804321 -0.0025787354

1495824011626 GRAVITY -5.1182528 -8.333767 0.7226285

1495824011626 LINEAR_ACCELERATION 0.015685558 0.0012931824 -0.019316256

1495824011627 ROTATION_VECTOR -0.43143618 0.52632594 -0.2397703

1495824011723 ACCELEROMETER -5.0976257 -8.297302 0.72850037

1495824011724 MAGNETIC_FIELD 8.355713 53.901672 4.1259766

1495824011824 GYROSCOPE 0.020767212 -0.0098724365 0.009170532

1495824011826 GRAVITY -5.1209598 -8.327905 0.7695188

1495824011826 LINEAR_ACCELERATION 0.008392334 0.0038986206 -0.04066497

1495824011826 ROTATION_VECTOR -0.42616305 0.52834696 -0.24539417

1495824011924 ACCELEROMETER -5.10553 -8.3637085 0.7694397

1495824011925 MAGNETIC_FIELD 7.723999 53.456116 3.491211

1495824012032 GRAVITY -5.12454 -8.323747 0.7903968

1495824012036 LINEAR_ACCELERATION 0.012047291 -0.052480698 -0.017733157

1495824012038 ROTATION_VECTOR -0.42292303 0.52994066 -0.2488623

1495824012040 GYROSCOPE 0.0058135986 -0.007736206 0.015579224

1495824012131 ACCELEROMETER -5.098114 -8.3151245 0.74568176

1495824012132 MAGNETIC_FIELD 9.022522 53.55072 2.5100708

1495824012228 GYROSCOPE -0.014480591 0.014694214 0.02305603

1495824012229 GRAVITY -5.142404 -8.314813 0.7680805

1495824012230 LINEAR_ACCELERATION 0.03463936 -0.01290226 -0.023651361

1495824012230 ROTATION_VECTOR -0.42153695 0.5321141 -0.24967621

1495824012330 ACCELEROMETER -5.1473083 -8.298782 0.7409363

1495824012333 MAGNETIC_FIELD 7.936096 53.678894 3.591919

1495824012432 GRAVITY -5.168176 -8.301122 0.7427826

1495824012436 LINEAR_ACCELERATION 0.01213789 -0.010187149 -8.5806847E-4

1495824012438 ROTATION_VECTOR -0.42267427 0.5324238 -0.2466121

1495824012442 GYROSCOPE 4.7302246E-4 0.010421753 0.013442993

1495824012837 ACCELEROMETER -5.177414 -8.244324 0.7157593

1495824012843 ACCELEROMETER -5.2083282 -8.212753 0.6999817

1495824012848 GYROSCOPE 0.020614624 -0.008392334 0.005859375

1495824012851 MAGNETIC_FIELD 8.389282 54.182434 3.8085938

1495824012856 GRAVITY -5.2021494 -8.27846 0.7583816

1495824012858 LINEAR_ACCELERATION 0.002131462 0.020973206 -0.040575027

1495824012862 ROTATION_VECTOR -0.41912076 0.53448206 -0.24804296

1495824013041 GRAVITY -5.2256866 -8.264023 0.75399905

1495824013049 LINEAR_ACCELERATION -0.019120693 0.0289011 -0.07945478

1495824013053 ROTATION_VECTOR -0.41545963 0.53754073 -0.25088638

1495824013055 ACCELEROMETER -5.225357 -8.203781 0.671402

1495824013057 GYROSCOPE 0.009735107 -0.0057525635 0.006591797

1495824013059 MAGNETIC_FIELD 9.065247 53.84674 3.4805298

1495824013242 ACCELEROMETER -5.253937 -8.258102 0.73054504

1495824013250 GYROSCOPE 0.017471313 -0.0029296875 -0.010192871

1495824013253 MAGNETIC_FIELD 9.5703125 54.35028 3.9718628

1495824013255 GRAVITY -5.2306056 -8.259976 0.7641691

1495824013257 LINEAR_ACCELERATION -0.03449869 -0.01798439 -0.031288028

1495824013259 ROTATION_VECTOR -0.4137471 0.53837866 -0.252458

1495824013439 ACCELEROMETER -5.2316437 -8.271042 0.73501587

1495824013446 GYROSCOPE 0.027389526 -0.0066070557 -0.0053253174

1495824013452 MAGNETIC_FIELD 8.726501 52.83661 3.1524658

1495824013454 GRAVITY -5.220659 -8.264542 0.7826011

1495824013456 LINEAR_ACCELERATION -0.017864227 -0.016008377 -0.045689523

1495824013458 ROTATION_VECTOR -0.41304204 0.53804713 -0.25380638

1495824013733 GRAVITY -5.217143 -8.263248 0.81885695

1495824013734 LINEAR_ACCELERATION 0.0045170784 0.002272606 -0.06720126

1495824013734 ROTATION_VECTOR -0.40903714 0.53938717 -0.25847113

1495824013735 ACCELEROMETER -5.1938934 -8.255966 0.733902

1495824013742 GYROSCOPE 0.024856567 -3.2043457E-4 0.0014801025

1495824013745 MAGNETIC_FIELD 10.076904 54.182434 2.8244019

1495824013941 ACCELEROMETER -5.2374268 -8.230438 0.78996277

1495824013945 GRAVITY -5.2229505 -8.258789 0.8267895

1495824013947 LINEAR_ACCELERATION -0.016162872 -0.004831314 -0.05640775

1495824013949 ROTATION_VECTOR -0.4056124 0.54159397 -0.26218858

1495824013951 GYROSCOPE 0.02230835 -0.0017852783 3.0517578E-5

1495824013954 MAGNETIC_FIELD 8.558655 53.678894 2.659607

1495824014149 ACCELEROMETER -5.2380524 -8.26564 0.7835846

1495824014155 GRAVITY -5.23336 -8.250206 0.8464234

1495824014158 LINEAR_ACCELERATION -0.036218643 -0.0027399063 -0.022117615

1495824014160 ROTATION_VECTOR -0.40320182 0.5424691 -0.2639868

1495824014162 GYROSCOPE 0.022216797 -7.9345703E-4 -9.460449E-4

1495824014165 MAGNETIC_FIELD 8.726501 55.19104 2.496338

1495824014344 ACCELEROMETER -5.258713 -8.227127 0.79966736

1495824014353 GRAVITY -5.2447114 -8.244931 0.8273366

1495824014356 LINEAR_ACCELERATION 0.007639885 0.027596474 -0.08014566

1495824014358 ROTATION_VECTOR -0.401959 0.54428536 -0.2649909

1495824014360 GYROSCOPE 0.005722046 1.6784668E-4 0.0024108887

1495824014363 MAGNETIC_FIELD 9.065247 53.84674 3.1524658

1495824014542 ACCELEROMETER -5.225998 -8.20636 0.7370758

1495824014555 GRAVITY -5.244696 -8.247524 0.8011857

1495824014558 LINEAR_ACCELERATION -0.011000156 -0.0012931824 -0.06482339

1495824014560 ROTATION_VECTOR -0.40199116 0.5454851 -0.26545882

1495824014562 GYROSCOPE 0.004486084 0.0043945313 -0.004058838

1495824014564 MAGNETIC_FIELD 8.558655 53.341675 2.659607

1495824014749 ACCELEROMETER -5.2367554 -8.193878 0.71754456

1495824014756 GRAVITY -5.2400208 -8.254334 0.76061594

1495824014758 LINEAR_ACCELERATION 0.019440174 0.043445587 -0.054480255

1495824014761 ROTATION_VECTOR -0.4022167 0.5472121 -0.26633194

1495824014763 GYROSCOPE -8.087158E-4 0.009109497 1.5258789E-4

1495824014766 MAGNETIC_FIELD 8.389282 53.84674 3.4805298

1495824014951 ACCELEROMETER -5.2108307 -8.252533 0.7251282

1495824014966 GRAVITY -5.233391 -8.261447 0.7283576

1495824014969 LINEAR_ACCELERATION 0.0020446777 -0.018951416 -0.024044454

1495824014971 ROTATION_VECTOR -0.40526384 0.54646623 -0.26367268

1495824014973 GYROSCOPE -0.016311646 0.0074310303 -0.00730896

1495824014976 MAGNETIC_FIELD 10.583496 52.668762 4.2999268

1495824015142 ACCELEROMETER -5.2175446 -8.196732 0.6383362

1495824015150 GYROSCOPE 0.01008606 -0.004562378 0.0018310547

1495824015154 MAGNETIC_FIELD 9.402466 54.519653 3.8085938

1495824015157 GRAVITY -5.24158 -8.257245 0.717026

1495824015159 LINEAR_ACCELERATION -0.026029587 -4.8828125E-4 -0.039357543

1495824015162 ROTATION_VECTOR -0.4085588 0.54453796 -0.25907448

1495824015348 ACCELEROMETER -5.2280884 -8.277618 0.6778717

1495824015362 GRAVITY -5.2497993 -8.252306 0.7137572

1495824015377 LINEAR_ACCELERATION -0.0015192032 -0.008842468 -0.0683496

1495824015380 ROTATION_VECTOR -0.4079681 0.54513353 -0.2591978

1495824015382 GYROSCOPE 0.011260986 -0.0060424805 0.002532959

1495824015385 MAGNETIC_FIELD 9.739685 53.17383 3.8085938

1495824015549 GRAVITY -5.2459598 -8.252081 0.7439426

1495824015552 ACCELEROMETER -5.24263 -8.220795 0.6748047

1495824015554 LINEAR_ACCELERATION 0.015367031 -0.025989532 -0.03814608

1495824015556 ROTATION_VECTOR -0.4077255 0.543902 -0.2592395

1495824015558 GYROSCOPE 0.030410767 -0.0042419434 0.002746582

1495824015560 MAGNETIC_FIELD 9.233093 54.35028 3.9718628

1495824015742 ACCELEROMETER -5.2200317 -8.2222595 0.72299194

1495824015861 ACCELEROMETER -5.2300262 -8.222855 0.80381775

1495824015867 GRAVITY -5.2447543 -8.2449665 0.82672405

1495824015873 LINEAR_ACCELERATION -9.737015E-4 0.0053539276 -0.043027103

1495824015876 ROTATION_VECTOR -0.4055056 0.54167706 -0.2605068

1495824015878 GYROSCOPE 0.037857056 -0.0055999756 -0.0036468506

1495824015881 MAGNETIC_FIELD 9.367371 52.511597 4.081726

1495824016051 ACCELEROMETER -5.258026 -8.223267 0.7925415

1495824016061 GRAVITY -5.245831 -8.241769 0.8514043

1495824016063 LINEAR_ACCELERATION -0.025705338 -0.001830101 -0.056179404

1495824016066 ROTATION_VECTOR -0.40106282 0.54381895 -0.26555637

1495824016068 GYROSCOPE 0.023971558 0.001876831 -0.0068511963

1495824016070 MAGNETIC_FIELD 9.169006 54.026794 3.3035278

1495824016246 ACCELEROMETER -5.244934 -8.223053 0.7834778

1495824016250 GYROSCOPE 0.011154175 -0.006668091 -0.005783081

1495824016252 MAGNETIC_FIELD 8.976746 54.014587 4.850769

1495824016255 GRAVITY -5.2424397 -8.244158 0.8491602

1495824016273 LINEAR_ACCELERATION -0.015611649 0.0011577606 -0.06709522

1495824016275 ROTATION_VECTOR -0.4015735 0.5435472 -0.26523772

1495824016440 ACCELEROMETER -5.2227173 -8.236069 0.84506226

1495824016441 GYROSCOPE -0.0048675537 -0.0055999756 -0.0015106201

1495824016442 MAGNETIC_FIELD 8.084106 54.214478 4.01001

1495824016442 GRAVITY -5.2339325 -8.248671 0.8577732

1495824016442 LINEAR_ACCELERATION 7.6007843E-4 -0.0057697296 -0.005639434

1495824016443 ROTATION_VECTOR -0.40337506 0.5418065 -0.26349068

1495824016651 ACCELEROMETER -5.2302856 -8.212814 0.7869415

1495824016652 GYROSCOPE -0.033706665 -0.0055999756 0.019851685

1495824016653 MAGNETIC_FIELD 9.082031 53.49121 2.911377

1495824016653 GRAVITY -5.2486644 -8.243364 0.8178352

1495824016653 LINEAR_ACCELERATION 0.0044608116 0.006169319 -0.02845335

1495824016654 ROTATION_VECTOR -0.40627384 0.5415197 -0.25938338

1495824017042 ACCELEROMETER -5.2695313 -8.171509 0.7263794

1495824017053 MAGNETIC_FIELD 9.439087 52.90985 3.7734985

1495824017128 ACCELEROMETER -5.250824 -8.088608 0.69184875

1495824017131 MAGNETIC_FIELD 10.00824 53.50952 3.6117554

1495824017331 ACCELEROMETER -5.2749786 -8.004852 0.62698364

1495824017336 GYROSCOPE -0.11274719 0.12684631 0.21958923

1495824017339 MAGNETIC_FIELD 10.360718 53.240967 4.1748047

1495824017541 GRAVITY -5.889505 -7.839628 -0.15603499

1495824017548 LINEAR_ACCELERATION 0.0 0.0 -0.0

1495824017550 ROTATION_VECTOR -0.4729197 0.53320026 -0.1400053

1495824017557 ACCELEROMETER -5.5589905 -8.111664 0.5739441

1495824017573 GYROSCOPE -0.3381195 0.26890564 0.39582825

1495824017575 MAGNETIC_FIELD 11.97052 52.619934 5.41687

1495824017726 ACCELEROMETER -6.1445007 -7.8773956 -0.39045715

1495824017728 GYROSCOPE -0.6403961 0.55729675 0.5207977

1495824017728 MAGNETIC_FIELD 14.382935 50.646973 11.392212

1495824017728 LINEAR_ACCELERATION -0.08934164 0.14107895 -0.10811424

1495824017729 GRAVITY -6.5952206 -7.0970135 -1.5185019

1495824017729 ROTATION_VECTOR -0.474475 0.5935449 -0.095639214

1495824017939 GRAVITY -7.1066484 -5.68986 -3.6457415

1495824017944 LINEAR_ACCELERATION 0.18236113 0.34897995 -0.06982756

1495824017947 ROTATION_VECTOR -0.50275767 0.6581154 -0.012760729

1495824017950 ACCELEROMETER -6.8498993 -6.793518 -1.9683228

1495824017953 GYROSCOPE -1.0323944 0.85102844 0.86473083

1495824017955 MAGNETIC_FIELD 20.539856 46.670532 19.998169

1495824018083 ACCELEROMETER -6.9686127 -5.031021 -4.066345

1495824018085 GYROSCOPE -1.7661896 1.272934 1.2268219

1495824018088 MAGNETIC_FIELD 26.09253 36.92932 31.632996

1495824018089 GRAVITY -7.165294 -4.243594 -5.1788864

1495824018090 LINEAR_ACCELERATION 0.105760574 -1.1782427 1.3664289

1495824018092 ROTATION_VECTOR -0.6284576 0.6075284 0.12845583

1495824018332 GRAVITY -5.8646946 0.98329204 -7.7980056

1495824018334 LINEAR_ACCELERATION 1.5438943 -0.5172609 0.40602684

1495824018341 ACCELEROMETER -6.6100616 -2.6002808 -6.3806305

1495824018344 GYROSCOPE -2.5736847 1.2857513 1.3304291

1495824018348 MAGNETIC_FIELD 21.743774 15.1901245 49.12567

1495824018350 ROTATION_VECTOR -0.73025936 0.60358006 0.276986

1495824018543 GRAVITY -5.0818295 4.2189646 -7.2488437

1495824018549 LINEAR_ACCELERATION 1.4885969 1.863205 1.476749

1495824018551 ROTATION_VECTOR 0.74686086 -0.5583789 -0.36065802

1495824018554 ACCELEROMETER -3.9920044 1.6997681 -6.4430847

1495824018558 GYROSCOPE -0.64360046 -0.5546112 -0.76841736

1495824018560 MAGNETIC_FIELD 14.24408 -13.267517 55.282593

1495824018744 GRAVITY -6.5650635 3.3805676 -6.4530683

1495824018748 LINEAR_ACCELERATION -1.920999 2.6308038 -5.5101056

1495824018750 ROTATION_VECTOR 0.8698678 -0.26897007 -0.4071417

1495824018754 ACCELEROMETER -3.3575897 4.4361115 -5.797119

1495824018757 GYROSCOPE -1.4724579 -0.2950592 -3.4173431

1495824018760 MAGNETIC_FIELD 17.83142 -20.036316 51.870728

1495824018945 GRAVITY -9.589043 1.1375971 -1.7107081

1495824018962 LINEAR_ACCELERATION -0.11794758 -3.9414716 -1.8004633

1495824018968 ROTATION_VECTOR 0.76613647 0.0160249 -0.6362818

1495824018970 ACCELEROMETER -10.31192 6.09523 -12.281342

1495824018973 GYROSCOPE -1.3239899 -5.185959 -1.4658966

1495824018975 MAGNETIC_FIELD 27.842712 -21.966553 46.987915

1495824019143 GRAVITY -6.345202 -0.18687056 7.474883

1495824019146 LINEAR_ACCELERATION 11.781926 7.6647058 3.258583

1495824019149 ROTATION_VECTOR 0.3387748 0.06417678 -0.92701685

1495824019152 ACCELEROMETER -7.5027466 -3.4469452 -1.8006439

1495824019155 GYROSCOPE -1.6465607 -4.249222 -1.4594879

1495824019158 MAGNETIC_FIELD 50.90027 -19.824219 8.46405

1495824019344 GRAVITY 2.698267 -0.1820835 9.426376

1495824019349 LINEAR_ACCELERATION -1.4075105 -1.2117987 -1.7456636

1495824019351 ROTATION_VECTOR -0.13913065 -0.005584348 -0.9845424

1495824019354 ACCELEROMETER 5.553604 8.305069 11.066086

1495824019357 GYROSCOPE 3.9364777 -5.278885 -1.0867157

1495824019360 MAGNETIC_FIELD 39.77356 -7.5271606 -30.822754

1495824019545 GRAVITY 6.4442487 2.6729934 6.8918176

1495824019549 ACCELEROMETER 2.4379883 -1.7323761 7.7500916

1495824019552 GYROSCOPE -0.9843292 0.18666077 -1.2618866

1495824019555 LINEAR_ACCELERATION -1.9527016 -4.6243124 4.1599455

1495824019560 ROTATION_VECTOR -0.3397496 -0.18216835 -0.9181885

1495824019563 MAGNETIC_FIELD 22.640991 -0.077819824 -43.62793

1495824019745 GRAVITY 5.730509 2.3886502 7.5911794

1495824019751 LINEAR_ACCELERATION -3.548864 -3.8373096 3.1415744

1495824019754 ROTATION_VECTOR -0.29144913 -0.16737673 -0.93431896

1495824019756 ACCELEROMETER 3.319519 -2.3000793 10.484299

1495824019759 GYROSCOPE 0.54307556 0.13752747 0.6575165

1495824019762 MAGNETIC_FIELD 18.829346 5.897522 -45.388794

1495824019948 GRAVITY 4.9988 3.0769153 7.8558884

1495824019951 LINEAR_ACCELERATION -4.548117 -1.7619703 2.4559622

1495824019954 ROTATION_VECTOR -0.24103902 -0.20337492 -0.93844014

1495824019959 ACCELEROMETER 1.4100952 -0.8916626 9.947327

1495824019961 GYROSCOPE 1.3430939 0.6374054 0.3296051

1495824019965 MAGNETIC_FIELD 20.585632 -0.45318604 -45.568848

1495824020149 GRAVITY 4.112371 3.9567294 7.975154

1495824020153 ACCELEROMETER -0.8691864 1.1046295 9.414383

1495824020156 LINEAR_ACCELERATION -7.928379 -2.0926433 2.2704644

1495824020159 ROTATION_VECTOR -0.17928511 -0.24746142 -0.9371709

1495824020161 GYROSCOPE 0.6723175 0.17918396 0.7483063

1495824020164 MAGNETIC_FIELD 31.39038 -8.535767 -38.14087

1495824020348 GRAVITY 4.069333 4.2957497 7.8203225

1495824020351 LINEAR_ACCELERATION -6.161173 -2.132758 2.7150254

1495824020355 ROTATION_VECTOR -0.17690393 -0.2645364 -0.9345203

1495824020360 ACCELEROMETER -4.132309 1.226944 9.398239

1495824020362 GYROSCOPE 0.482193 -0.20854187 0.27192688

1495824020365 MAGNETIC_FIELD 36.042786 -12.559509 -34.747314

1495824020546 GRAVITY 4.0453205 4.9319277 7.448615

1495824020551 LINEAR_ACCELERATION -5.3355455 -2.8811727 3.029521

1495824020554 ROTATION_VECTOR -0.19388522 -0.2874628 -0.9338594

1495824020556 ACCELEROMETER -2.3834076 1.9237671 9.508713

1495824020559 GYROSCOPE 0.47044373 -0.35594177 -0.44371033

1495824020561 MAGNETIC_FIELD 34.846497 -12.95166 -33.666992

1495824020751 GRAVITY 4.716243 3.0294147 8.046743

1495824020756 LINEAR_ACCELERATION -6.342512 -3.757308 4.7471905

1495824020759 ACCELEROMETER -0.87350464 0.2664032 9.614777

1495824020761 ROTATION_VECTOR -0.21614075 -0.2073968 -0.9362221

1495824020765 GYROSCOPE -0.6104889 0.67692566 3.6621246

1495824020768 MAGNETIC_FIELD 31.738281 -15.65094 -36.57379

1495824020951 GRAVITY 9.064268 1.1427056 3.5642197

1495824020956 LINEAR_ACCELERATION 5.604594 4.214041 4.1636157

1495824020959 ROTATION_VECTOR -0.471542 -0.30971524 -0.7413933

1495824020961 ACCELEROMETER -0.2381897 0.720047 10.4414215

1495824020965 GYROSCOPE 1.752182 -6.62471 2.0407257

1495824020968 MAGNETIC_FIELD 13.696289 -21.4859 -42.02881

1495824021152 GRAVITY 7.2236295 3.4581437 -5.6595764

1495824021155 LINEAR_ACCELERATION 1.0332541 0.10462642 2.6236854

1495824021157 ROTATION_VECTOR -0.48900044 -0.74123996 -0.39412796

1495824021159 ACCELEROMETER 13.549789 4.675232 6.2805786

1495824021161 GYROSCOPE 4.55278 -2.2165985 -2.5884857

1495824021163 MAGNETIC_FIELD -26.197815 -31.990051 -26.638794

1495824021351 GRAVITY 2.5402155 2.7519636 -9.063354

1495824021354 LINEAR_ACCELERATION 5.574376 3.4088578 -0.40059662

1495824021357 ROTATION_VECTOR -0.40224677 -0.89459485 -0.18461502

1495824021359 ACCELEROMETER 6.220093 3.6372833 -3.3271637

1495824021361 GYROSCOPE -0.38511658 -2.1813507 -0.2589264

1495824021363 MAGNETIC_FIELD -12.92572 -46.640015 22.013855

1495824021555 GRAVITY -2.5519745 2.0587065 -9.2422695

1495824021558 ACCELEROMETER 7.0956116 5.190033 -8.693802

1495824021560 LINEAR_ACCELERATION 4.4366097 1.4695547 1.1737261

1495824021562 ROTATION_VECTOR 0.37862694 0.9098715 0.047609635

1495824021565 GYROSCOPE 1.6571198 -2.8852386 -1.3729706

1495824021570 MAGNETIC_FIELD 0.103759766 -42.555237 34.527588

1495824021753 GRAVITY -5.3518906 -0.1859755 -8.215416

1495824021758 LINEAR_ACCELERATION 6.167632 4.2432256 -1.715651

1495824021760 ROTATION_VECTOR 0.39647797 0.87273985 -0.12674546

1495824021762 ACCELEROMETER 1.9736633 3.6396484 -7.9911804

1495824021764 GYROSCOPE 0.5943451 -0.3228302 -0.0015106201

1495824021766 MAGNETIC_FIELD 15.493774 -34.06067 41.42151

1495824021965 GRAVITY -5.5274916 -0.29207635 -8.095179

1495824021977 LINEAR_ACCELERATION 6.4057717 4.912309 -1.291111

1495824021980 ROTATION_VECTOR 0.43518168 0.85050344 -0.14824602

1495824021982 ACCELEROMETER 1.438858 4.188278 -8.658905

1495824021984 GYROSCOPE -0.120224 -0.24806213 -0.0036468506

1495824021989 MAGNETIC_FIELD 17.228699 -32.33185 41.996765

1495824022148 ACCELEROMETER 1.6387634 4.5496826 -8.405472

1495824022149 GYROSCOPE 0.13505554 0.19093323 0.030532837

1495824022149 MAGNETIC_FIELD 18.414307 -32.972717 42.52777

1495824022149 GRAVITY -5.283546 -0.03746964 -8.261545

1495824022150 LINEAR_ACCELERATION 6.0984335 4.1713476 -1.2735887

1495824022150 ROTATION_VECTOR 0.4744357 0.83434546 -0.1404659

1495824022348 ACCELEROMETER 1.6312866 4.1000214 -8.680283

1495824022349 GYROSCOPE -0.005935669 0.006149292 -0.016464233

1495824022349 LINEAR_ACCELERATION 6.0652447 3.9513674 -1.8413954

1495824022350 MAGNETIC_FIELD 16.351318 -29.890442 43.70575

1495824022350 GRAVITY -4.7909727 0.10625661 -8.556031

1495824022350 ROTATION_VECTOR 0.51819193 0.81713724 -0.13047208

