1495823950487 ACCELEROMETER -5.573807 -7.859619 1.6444397

1495823950490 GYROSCOPE 0.12010193 0.16529846 -0.17988586

1495823950491 MAGNETIC_FIELD 16.3208 48.97003 5.2841187

1495823950492 GRAVITY -5.426864 -7.8921633 2.10554

1495823950492 LINEAR_ACCELERATION 0.0 0.0 -0.0

1495823950493 ROTATION_VECTOR 0.0 0.0 0.0

1495823950657 GYROSCOPE -0.024093628 -0.028030396 -0.22795105

1495823950658 MAGNETIC_FIELD 16.151428 49.13788 3.8085938

1495823950659 GRAVITY -5.2794104 -8.024926 1.9745337

1495823950660 LINEAR_ACCELERATION -0.14211273 -0.025856972 -0.11999965

1495823950660 ROTATION_VECTOR -0.48867914 0.40064886 -0.08110703

1495823950888 ACCELEROMETER -5.350403 -8.137527 1.9747925

1495823950890 GYROSCOPE -0.042251587 -0.19038391 0.017715454

1495823950890 MAGNETIC_FIELD 12.77771 50.483704 3.1524658

1495823950891 GRAVITY -5.034887 -8.169345 2.020421

1495823950892 LINEAR_ACCELERATION -0.09612036 -0.1548605 -0.0017387867

1495823950892 ROTATION_VECTOR -0.491184 0.3946207 -0.09641851

1495823951089 ACCELEROMETER -4.818329 -8.5138855 2.0577393

1495823951090 GYROSCOPE 0.3134308 0.707901 -0.3935089

1495823951091 MAGNETIC_FIELD 15.1397705 49.47357 3.1524658

1495823951092 GRAVITY -4.9055495 -8.2512665 2.0056348

1495823951092 LINEAR_ACCELERATION -0.14844084 0.24810505 -0.0073492527

1495823951093 ROTATION_VECTOR -0.4755389 0.4142509 -0.13912484

1495823951326 ACCELEROMETER -5.903366 -7.573715 1.9789429

1495823951327 ACCELEROMETER -6.056015 -8.215179 1.9593658

1495823951328 GYROSCOPE -0.36375427 -0.6742401 0.30397034

1495823951329 MAGNETIC_FIELD 11.352539 51.132202 1.5777588

1495823951329 GRAVITY -5.0923357 -8.1616335 1.9042671

1495823951330 LINEAR_ACCELERATION -1.327868 0.18416691 -0.031149507

1495823951330 ROTATION_VECTOR -0.45183876 0.44581515 -0.16927364

1495823951527 ACCELEROMETER -4.6802826 -8.112015 2.6663513

1495823951528 GYROSCOPE -0.3658905 -0.4552765 -0.0773468

1495823951529 MAGNETIC_FIELD 12.495422 50.538635 3.8635254

1495823951529 GRAVITY -5.0572743 -8.153183 2.0297732

1495823951530 LINEAR_ACCELERATION 0.27785826 0.18706799 0.62305

1495823951530 ROTATION_VECTOR -0.48505443 0.40153775 -0.105538175

1495823951728 ACCELEROMETER -4.982254 -8.47496 1.9056702

1495823951730 GYROSCOPE -0.4983368 -0.95835876 0.4695282

1495823951731 MAGNETIC_FIELD 12.390137 50.872803 5.834961

1495823951731 GRAVITY -5.100049 -8.117249 2.0664387

1495823951732 LINEAR_ACCELERATION 0.086131096 -0.3102522 -0.041028738

1495823951732 ROTATION_VECTOR -0.5229488 0.34808832 -0.020471651

1495823951930 ACCELEROMETER -3.5446625 -8.531342 3.2140198

1495823951931 GYROSCOPE 0.15428162 -0.02268982 0.09675598

1495823951932 MAGNETIC_FIELD 15.869141 49.18518 5.718994

1495823951933 GRAVITY -5.1730113 -7.976817 2.4043148

1495823951933 LINEAR_ACCELERATION 1.3324418 -0.5566292 0.4625001

1495823951934 ROTATION_VECTOR -0.5392312 0.29435325 0.05963617

1495823952130 ACCELEROMETER -4.068695 -8.625732 2.809082

1495823952131 GYROSCOPE 0.05708313 -0.052597046 -0.069869995

1495823952132 MAGNETIC_FIELD 16.133118 49.708557 6.97937

1495823952133 GRAVITY -5.0585504 -7.978512 2.6315024

1495823952133 LINEAR_ACCELERATION 0.9882736 -0.4709425 0.1323514

1495823952134 ROTATION_VECTOR -0.53884035 0.27473944 0.0743872

1495823952331 ACCELEROMETER -3.814865 -8.49559 2.8096008

1495823952332 GYROSCOPE 0.24293518 0.55088806 -0.065597534

1495823952333 MAGNETIC_FIELD 15.415955 48.632813 6.2698364

1495823952334 GRAVITY -4.961061 -8.031263 2.6565142

1495823952334 LINEAR_ACCELERATION 1.2462502 -0.44051552 0.25989413

1495823952335 ROTATION_VECTOR -0.53345597 0.28280768 0.052475173

1495823952532 ACCELEROMETER -4.5249786 -8.115631 2.322281

1495823952533 GYROSCOPE 0.0058135986 0.38960266 0.04335022

1495823952534 MAGNETIC_FIELD 14.579773 50.473022 5.8898926

1495823952535 GRAVITY -5.12137 -8.012056 2.3976874

1495823952536 LINEAR_ACCELERATION 0.8200817 -0.1990509 0.15148926

1495823952536 ROTATION_VECTOR -0.52493834 0.31967437 0.017162235

1495823952733 ACCELEROMETER -4.1009674 -8.458832 2.4250488

1495823952734 GYROSCOPE 0.44587708 0.8617096 -0.2450409

1495823952734 MAGNETIC_FIELD 14.439392 49.13788 7.5195313

1495823952735 GRAVITY -4.925723 -8.196304 2.1744506

1495823952736 LINEAR_ACCELERATION 0.7283368 -0.31724834 0.08697152

1495823952736 ROTATION_VECTOR -0.5276301 0.33277673 -0.016847001

1495823952934 ACCELEROMETER -5.0987244 -8.012009 1.735611

1495823952935 GYROSCOPE 0.21302795 0.6395416 -0.14997864

1495823952936 MAGNETIC_FIELD 11.968994 51.446533 4.537964

1495823952936 LINEAR_ACCELERATION 0.31692934 0.037186623 0.28977847

1495823952937 GRAVITY -4.9328465 -8.229193 2.0292377

1495823952937 ROTATION_VECTOR -0.4984854 0.38477266 -0.090957806

1495823953141 GRAVITY -5.092912 -8.187568 1.7878356

1495823953141 LINEAR_ACCELERATION -0.4232192 -0.053955078 -0.408242

1495823953141 ROTATION_VECTOR -0.47783083 0.4248805 -0.1303419

1495823953142 ACCELEROMETER -5.27092 -8.209732 1.6645966

1495823953142 GYROSCOPE -0.013412476 0.10014343 0.13200378

1495823953142 MAGNETIC_FIELD 10.270691 50.36621 4.0237427

1495823953342 ROTATION_VECTOR -0.47106877 0.43665698 -0.13285764

1495823953342 LINEAR_ACCELERATION 0.0841012 0.014408112 0.06865585

1495823953342 GRAVITY -5.2371097 -8.111899 1.7146907

1495823953343 ACCELEROMETER -5.2539063 -8.077118 1.6828918

1495823953343 GYROSCOPE 0.056015015 0.11616516 0.0027618408

1495823953343 MAGNETIC_FIELD 11.477661 50.97046 4.219055

1495823953543 GRAVITY -5.262767 -8.091133 1.7341372

1495823953543 LINEAR_ACCELERATION -0.077231884 0.054941177 -0.16930366

1495823953543 ROTATION_VECTOR -0.46873885 0.43802685 -0.13344918

1495823953544 ACCELEROMETER -5.198242 -8.112045 1.5856476

1495823953544 GYROSCOPE -0.015548706 -0.111343384 0.019851685

1495823953544 MAGNETIC_FIELD 11.39679 50.849915 4.069519

1495823953751 ACCELEROMETER -5.0327454 -8.140991 1.7233429

1495823953754 GRAVITY -5.221168 -8.108627 1.7776287

1495823953756 LINEAR_ACCELERATION 0.0857296 -0.111982346 -0.11649048

1495823953758 ROTATION_VECTOR -0.47324282 0.4305896 -0.12711513

1495823953760 GYROSCOPE -0.080703735 -0.1337738 -0.011123657

1495823953762 MAGNETIC_FIELD 11.039734 51.104736 4.223633

1495823953949 ACCELEROMETER -5.0501404 -8.149307 1.7539063

1495823953952 GYROSCOPE -0.0710907 -0.113479614 0.02519226

1495823953954 MAGNETIC_FIELD 11.424255 49.858093 5.9646606

1495823953956 GRAVITY -5.155612 -8.149841 1.7804897

1495823953959 LINEAR_ACCELERATION 0.08802748 -0.013809204 -0.012413979

1495823953961 ROTATION_VECTOR -0.48341513 0.41896313 -0.11489707

1495823954150 GRAVITY -5.165158 -8.149723 1.7531528

1495823954153 LINEAR_ACCELERATION 0.06442022 -0.0650568 -0.0305717

1495823954155 ROTATION_VECTOR -0.49095765 0.41179445 -0.10183616

1495823954158 ACCELEROMETER -5.221527 -8.127319 1.6055603

1495823954160 GYROSCOPE -0.074295044 -0.09211731 0.07432556

1495823954162 MAGNETIC_FIELD 11.933899 51.953125 4.814148

1495823954353 ACCELEROMETER -5.454666 -7.9684753 1.4590607

1495823954356 GRAVITY -5.3128643 -8.06928 1.6824329

1495823954358 LINEAR_ACCELERATION -0.13849592 0.02949524 -0.20775974

1495823954360 ROTATION_VECTOR -0.49626145 0.40981016 -0.0825068

1495823954363 GYROSCOPE -0.15013123 -0.3164215 0.11064148

1495823954365 MAGNETIC_FIELD 13.444519 50.071716 6.375122

1495823954554 GRAVITY -5.61067 -7.8368044 1.8097678

1495823954561 LINEAR_ACCELERATION -0.21392918 -0.06152439 -0.3733027

1495823954563 ROTATION_VECTOR -0.5063917 0.38896656 -0.025892362

1495823954566 ACCELEROMETER -6.321823 -7.50119 1.4940033

1495823954568 GYROSCOPE -0.3156891 -0.8974762 0.41719055

1495823954570 MAGNETIC_FIELD 14.465332 49.90692 6.668091

1495823954756 ACCELEROMETER -4.526123 -7.9378357 2.31221

1495823954760 GRAVITY -5.902038 -7.5768886 1.981689

1495823954762 LINEAR_ACCELERATION 0.3940668 0.65594625 -0.044529915

1495823954764 ROTATION_VECTOR -0.53822327 0.3305718 0.08586731

1495823954768 GYROSCOPE -0.88713074 -0.8707733 0.29328918

1495823954770 MAGNETIC_FIELD 20.454407 47.013855 8.781433

1495823954952 GRAVITY -6.1765575 -7.3759384 1.9015936

1495823954953 LINEAR_ACCELERATION 1.8659358 -1.221623 1.2044379

1495823954953 ROTATION_VECTOR -0.58113074 0.25560275 0.21556802

1495823954954 ACCELEROMETER -5.5834045 -8.687012 2.3812256

1495823954955 GYROSCOPE -0.59446716 -0.57917786 0.48127747

1495823954957 MAGNETIC_FIELD 24.021912 43.35327 13.061523

1495823955163 ACCELEROMETER -5.135437 -8.079483 1.2708893

1495823955168 GRAVITY -6.175947 -7.3981266 1.8154306

1495823955170 LINEAR_ACCELERATION -0.41090155 -0.3159523 -0.8304038

1495823955172 ROTATION_VECTOR -0.61679554 0.16432299 0.32455802

1495823955174 GYROSCOPE -0.982193 -1.1880035 -0.17881775

1495823955177 MAGNETIC_FIELD 27.088928 42.24243 14.472961

1495823955361 ACCELEROMETER -3.974823 -8.737381 1.510498

1495823955370 GRAVITY -5.6778083 -7.802614 1.7470238

1495823955372 LINEAR_ACCELERATION 1.39888 -1.5365458 -0.4438089

1495823955374 ROTATION_VECTOR -0.63901705 0.050830647 0.40096208

1495823955377 GYROSCOPE -0.45133972 -0.6048126 -0.074142456

1495823955379 MAGNETIC_FIELD 30.514526 41.36963 15.698242

1495823955566 ACCELEROMETER -5.860382 -8.417511 1.7670441

1495823955570 GRAVITY -4.86332 -8.318297 1.823302

1495823955573 LINEAR_ACCELERATION -0.69730663 -0.34985065 -0.30203068

1495823955575 ROTATION_VECTOR -0.63716877 -0.032456107 0.42197025

1495823955581 GYROSCOPE -0.29219055 -0.8333893 -0.69898987

1495823955584 MAGNETIC_FIELD 31.402588 38.320923 15.779114

1495823955755 GRAVITY -4.072793 -8.722403 1.8714821

1495823955758 LINEAR_ACCELERATION -0.97695255 0.56697845 -0.01722455

1495823955759 ROTATION_VECTOR -0.6311252 -0.07913254 0.41091356

1495823955761 ACCELEROMETER -5.3838043 -7.9206543 1.6273804

1495823955765 GYROSCOPE -0.092453 -0.10066223 -0.10404968

1495823955772 MAGNETIC_FIELD 31.253052 39.213562 16.845703

1495823955965 ACCELEROMETER -5.300644 -7.9148407 1.8642273

1495823955977 GYROSCOPE 0.045333862 0.04673767 -0.016464233

1495823955979 MAGNETIC_FIELD 32.766724 38.45215 16.108704

1495823955986 GRAVITY -4.0210786 -8.748583 1.861079

1495823955988 LINEAR_ACCELERATION -1.0897908 0.90787315 0.12042999

1495823955990 ROTATION_VECTOR -0.6328816 -0.067618474 0.39473972

1495823956162 ACCELEROMETER -5.2993774 -7.999161 1.7823944

1495823956175 GYROSCOPE 0.028244019 0.010421753 -0.049575806

1495823956177 MAGNETIC_FIELD 32.356262 38.879395 15.945435

1495823956180 GRAVITY -4.042221 -8.730622 1.8992298

1495823956182 LINEAR_ACCELERATION -1.2588654 0.66859627 -0.09523952

1495823956190 ROTATION_VECTOR -0.63272834 -0.053113993 0.38208997

1495823956359 GRAVITY -4.433389 -8.547048 1.8610296

1495823956361 LINEAR_ACCELERATION -0.8388705 0.47774792 -0.16721761

1495823956364 ROTATION_VECTOR -0.6364823 0.0020378116 0.35294366

1495823956366 ACCELEROMETER -5.303314 -8.048996 1.6509705

1495823956370 GYROSCOPE 0.037857056 0.043533325 -0.018600464

1495823956371 MAGNETIC_FIELD 32.09076 39.13269 16.108704

1495823956562 ACCELEROMETER -5.290909 -7.985626 1.6838531

1495823956573 GYROSCOPE -0.028366089 -0.06968689 -0.010055542

1495823956576 MAGNETIC_FIELD 32.411194 38.375854 15.892029

1495823956578 GRAVITY -4.7235413 -8.402718 1.8035741

1495823956581 LINEAR_ACCELERATION -0.6342039 0.3114109 -0.15380502

1495823956583 ROTATION_VECTOR -0.6373669 0.042506363 0.33155498

1495823956763 ACCELEROMETER -5.152252 -8.099365 1.7485657

1495823956774 GYROSCOPE 0.0047454834 -0.031234741 -0.016464233

1495823956777 MAGNETIC_FIELD 31.938171 38.041687 15.4953

1495823956779 GRAVITY -4.864153 -8.321023 1.8085861

1495823956781 LINEAR_ACCELERATION -0.3491006 0.2163992 -0.049465418

1495823956783 ROTATION_VECTOR -0.6355331 0.06233357 0.3216592

1495823956964 ACCELEROMETER -5.1617584 -8.107712 1.691864

1495823956974 GYROSCOPE -0.0048675537 -0.013076782 0.014511108

1495823956976 MAGNETIC_FIELD 32.595825 39.02893 16.113281

1495823956978 GRAVITY -4.9625463 -8.266743 1.7901082

1495823956980 LINEAR_ACCELERATION -0.21615791 0.10762024 -0.07894933

1495823956988 ROTATION_VECTOR -0.63505626 0.0737119 0.31711164

1495823957161 GRAVITY -5.036473 -8.224681 1.7773423

1495823957162 LINEAR_ACCELERATION -0.12305975 0.06602669 -0.05295825

1495823957162 ROTATION_VECTOR -0.63456184 0.08192692 0.3141156

1495823957163 ACCELEROMETER -5.1358643 -8.113998 1.7214508

1495823957164 GYROSCOPE 0.026107788 0.021102905 -0.0025787354

1495823957164 MAGNETIC_FIELD 33.483887 39.62097 16.108704

1495823957367 ACCELEROMETER -5.2106476 -8.079758 1.7008514

1495823957377 GRAVITY -5.106813 -8.181429 1.776254

1495823957380 LINEAR_ACCELERATION -0.1400671 0.05849266 -0.054302454

1495823957410 ROTATION_VECTOR -0.6330865 0.09293955 0.30791456

1495823957411 GYROSCOPE 0.027175903 0.011489868 -4.4250488E-4

1495823957412 MAGNETIC_FIELD 31.507874 38.952637 15.313721

1495823957563 GRAVITY -5.144453 -8.159373 1.7690687

1495823957565 LINEAR_ACCELERATION -0.07124472 0.021309853 -0.07271528

1495823957571 ROTATION_VECTOR -0.6327171 0.09732266 0.30617315

1495823957573 ACCELEROMETER -5.195816 -8.06398 1.6552887

1495823957576 GYROSCOPE 0.017562866 0.001876831 0.0016937256

1495823957578 MAGNETIC_FIELD 32.029724 38.05237 16.377258

1495823957773 ACCELEROMETER -5.181305 -8.081375 1.672287

1495823957779 GRAVITY -5.1772575 -8.143665 1.7455965

1495823957782 LINEAR_ACCELERATION -0.05151415 0.024856567 -0.08195531

1495823957784 ROTATION_VECTOR -0.6331377 0.10067756 0.30492696

1495823957786 GYROSCOPE 0.006881714 0.0040130615 0.0027618408

1495823957789 MAGNETIC_FIELD 32.08618 39.02588 16.34674

1495823957976 GRAVITY -5.190643 -8.13892 1.7278882

1495823957986 LINEAR_ACCELERATION -0.0058083534 0.0025348663 -0.050551534

1495823957989 ROTATION_VECTOR -0.6336823 0.101729766 0.3046566

1495823957991 ACCELEROMETER -5.201126 -8.095749 1.6385956

1495823957993 GYROSCOPE 0.01222229 0.012557983 0.003829956

1495823957996 MAGNETIC_FIELD 31.712341 38.746643 14.860535

1495823958172 ACCELEROMETER -5.1917877 -8.090149 1.6440887

1495823958175 GRAVITY -5.219453 -8.126015 1.7016414

1495823958178 LINEAR_ACCELERATION -0.038665295 0.0017061234 -0.07497215

1495823958180 ROTATION_VECTOR -0.6340259 0.10607363 0.3019506

1495823958182 GYROSCOPE 0.016494751 0.009353638 0.0048980713

1495823958184 MAGNETIC_FIELD 31.239319 39.413452 15.652466

1495823958583 ACCELEROMETER -5.2136993 -8.1106415 1.6797485

1495823958591 ACCELEROMETER -5.2188873 -8.07193 1.7009888

1495823958594 GRAVITY -5.240583 -8.1106205 1.7101228

1495823958596 LINEAR_ACCELERATION 0.012072086 -0.040130615 -0.025828958

1495823958598 ROTATION_VECTOR -0.6335166 0.1070734 0.3027921

1495823958601 GYROSCOPE 0.008834839 0.0039978027 0.012313843

1495823958681 MAGNETIC_FIELD 33.702087 38.038635 15.292358

1495823958788 GRAVITY -5.259246 -8.096371 1.7203208

1495823958791 ACCELEROMETER -5.227478 -8.06308 1.7009583

1495823958794 LINEAR_ACCELERATION 0.025552273 0.0027561188 0.008144975

1495823958796 ROTATION_VECTOR -0.63336235 0.10554702 0.30625275

1495823958798 GYROSCOPE 0.006790161 0.0050354004 0.01663208

1495823958800 MAGNETIC_FIELD 33.02765 39.04724 14.63623

1495823958990 GRAVITY -5.2721925 -8.088021 1.7199656

1495823958993 LINEAR_ACCELERATION 9.1028214E-4 -0.004676819 -0.007159233

1495823958995 ACCELEROMETER -5.2379456 -8.030502 1.7215881

1495823958998 ROTATION_VECTOR -0.63340443 0.105380245 0.3075565

1495823959000 GYROSCOPE 0.0051574707 0.0044555664 -1.5258789E-5

1495823959083 MAGNETIC_FIELD 32.014465 39.38446 15.292358

1495823959188 GRAVITY -5.273661 -8.086716 1.7216043

1495823959191 LINEAR_ACCELERATION -0.008482456 -0.0031785965 -0.018653035

1495823959193 ROTATION_VECTOR -0.6331287 0.10663311 0.30631796

1495823959196 ACCELEROMETER -5.2248993 -8.052765 1.6945038

1495823959198 GYROSCOPE 0.007019043 -0.0028686523 9.460449E-4

1495823959200 MAGNETIC_FIELD 31.846619 38.879395 14.801025

1495823959392 ACCELEROMETER -5.2362823 -8.054947 1.7055054

1495823959397 GRAVITY -5.2642145 -8.09052 1.7326033

1495823959399 LINEAR_ACCELERATION 0.027767658 -0.002491951 -0.018645644

1495823959402 ROTATION_VECTOR -0.63273954 0.1063132 0.30601108

1495823959404 GYROSCOPE 0.014968872 0.0021972656 1.5258789E-5

1495823959488 MAGNETIC_FIELD 33.36487 37.70294 15.948486

1495823959599 ACCELEROMETER -5.254074 -8.042877 1.6605835

1495823959604 GRAVITY -5.2740564 -8.085149 1.7277362

1495823959606 LINEAR_ACCELERATION -0.016550064 -0.012710571 -0.0457443

1495823959609 ROTATION_VECTOR -0.63315094 0.10502305 0.30822796

1495823959611 GYROSCOPE 0.0135650635 0.0042266846 0.0022277832

1495823959613 MAGNETIC_FIELD 32.183838 38.206482 15.785217

1495823959788 GRAVITY -5.2673497 -8.089472 1.7279631

1495823959793 LINEAR_ACCELERATION 0.0056185722 -0.026309013 -0.02461791

1495823959796 ROTATION_VECTOR -0.6331663 0.10487524 0.30781278

1495823959798 ACCELEROMETER -5.2456665 -8.065018 1.6941223

1495823959800 GYROSCOPE 0.0134887695 0.010223389 -0.0043029785

1495823959888 MAGNETIC_FIELD 32.858276 38.879395 15.457153

1495823959984 ACCELEROMETER -5.2712097 -8.032547 1.6669312

1495823959989 GYROSCOPE 0.0036468506 -0.0038146973 0.0019073486

1495823959990 MAGNETIC_FIELD 32.858276 39.552307 15.457153

1495823959991 GRAVITY -5.279385 -8.083299 1.720107

1495823959992 LINEAR_ACCELERATION -0.02626419 0.013598442 -0.03789091

1495823959993 ROTATION_VECTOR -0.6332331 0.10637108 0.3070845

1495823960190 ACCELEROMETER -5.268051 -8.037567 1.6507416

1495823960198 GRAVITY -5.287395 -8.079153 1.7149726

1495823960200 LINEAR_ACCELERATION -0.009356499 0.014464378 -0.02348864

1495823960203 ROTATION_VECTOR -0.6332164 0.10769284 0.30624035

1495823960205 GYROSCOPE 0.0055389404 0.004776001 -0.002609253

1495823960283 MAGNETIC_FIELD 31.846619 38.206482 16.76941

1495823960403 GRAVITY -5.2842674 -8.089246 1.6766039

1495823960424 LINEAR_ACCELERATION 0.0018219948 -0.014204979 -0.08730817

1495823960433 ROTATION_VECTOR -0.63471335 0.10796279 0.3051222

1495823960437 ACCELEROMETER -5.248947 -8.076614 1.5952911

1495823960440 GYROSCOPE 0.0042419434 5.950928E-4 -0.0029296875

1495823960442 MAGNETIC_FIELD 33.532715 37.87079 15.785217

1495823960582 ACCELEROMETER -5.230545 -8.0620575 1.6170654

1495823960583 GYROSCOPE 0.0138549805 0.007583618 -0.0041503906

1495823960583 GRAVITY -5.267825 -8.100755 1.672777

1495823960584 LINEAR_ACCELERATION 0.016170979 -0.030974388 -0.026239514

1495823960584 ROTATION_VECTOR -0.6354726 0.104339354 0.3076432

1495823960682 MAGNETIC_FIELD 31.677246 39.38446 15.948486

1495823960828 GRAVITY -5.262225 -8.103665 1.6762984

1495823960833 LINEAR_ACCELERATION 0.037920475 -0.011044502 -0.013116479

1495823960837 ROTATION_VECTOR -0.6353497 0.10422751 0.30733335

1495823960840 ACCELEROMETER -5.1338196 -8.115723 1.6696167

1495823960842 GYROSCOPE -0.014846802 -0.027069092 0.017807007

1495823960845 MAGNETIC_FIELD 32.014465 39.720154 16.932678

1495823960992 ACCELEROMETER -5.043274 -8.198425 1.588089

1495823960997 GYROSCOPE -0.042144775 -0.06744385 0.03727722

1495823961001 GRAVITY -5.2227764 -8.132369 1.6605915

1495823961003 LINEAR_ACCELERATION 0.14120913 -0.10372257 -0.039435625

1495823961010 ROTATION_VECTOR -0.63756865 0.09401901 0.31491074

1495823961084 MAGNETIC_FIELD 31.507874 38.879395 17.097473

1495823961189 ACCELEROMETER -4.839554 -8.346771 1.4927673

1495823961190 GYROSCOPE -0.004180908 -0.00390625 0.020599365

1495823961190 MAGNETIC_FIELD 32.521057 36.524963 16.113281

1495823961191 LINEAR_ACCELERATION 0.2009077 -0.1437645 -0.090419054

1495823961191 GRAVITY -5.1577697 -8.18286 1.6151137

1495823961192 ROTATION_VECTOR -0.6412434 0.08036803 0.32347357

1495823961466 GRAVITY -5.1128383 -8.2140255 1.5997058

1495823961471 LINEAR_ACCELERATION 0.33651352 0.1839037 -0.060438275

1495823961474 ROTATION_VECTOR -0.64124185 0.08512706 0.31428626

1495823961477 ACCELEROMETER -4.468292 -7.189911 1.4303284

1495823961480 GYROSCOPE 0.16496277 0.27424622 -0.045303345

1495823961482 MAGNETIC_FIELD 32.351685 38.079834 14.63623

1495823961668 GRAVITY -6.100922 -7.582204 1.2080259

1495823961671 LINEAR_ACCELERATION 3.1486993 3.8710713 -0.0074665546

1495823961674 ROTATION_VECTOR -0.64036083 0.16836222 0.3058902

1495823961677 ACCELEROMETER -2.6462402 -3.3829193 1.096878

1495823961680 GYROSCOPE 0.21409607 0.90657043 1.0601959

1495823961682 MAGNETIC_FIELD 31.50177 39.56909 14.456177

1495823961870 GRAVITY -7.028107 -6.8331075 0.29110116

1495823961872 LINEAR_ACCELERATION 2.2000604 -0.89774704 0.1323362

1495823961877 ROTATION_VECTOR -0.6756336 0.16934344 0.3774121

1495823961880 ACCELEROMETER -4.5014954 -7.5467987 0.4705963

1495823961882 GYROSCOPE -1.5856781 -0.904953 0.3509674

1495823961885 MAGNETIC_FIELD 36.70044 35.684204 14.964294

1495823962065 ACCELEROMETER -12.933868 1.3250427 -1.4953613

1495823962071 GYROSCOPE -1.1776581 -2.4174042 1.5771637

1495823962072 MAGNETIC_FIELD 41.827393 28.234863 17.845154

1495823962074 GRAVITY -8.3859825 -4.8862453 1.4036678

1495823962076 LINEAR_ACCELERATION -4.9855213 5.7133865 -2.8500695

1495823962078 ROTATION_VECTOR -0.64838815 0.08958609 0.5949831

1495823962274 GRAVITY -6.8506036 -2.3201158 6.6224375

1495823962277 LINEAR_ACCELERATION 0.39575338 -2.3865557 -4.3550463

1495823962280 ROTATION_VECTOR -0.4025751 0.016820725 0.8538552

1495823962282 ACCELEROMETER -5.904358 -4.4796753 2.210022

1495823962285 GYROSCOPE 1.1935577 -3.9223785 1.4436493

1495823962288 MAGNETIC_FIELD 52.54669 -5.74646 10.8078

1495823962473 GRAVITY 0.12751323 0.15846142 9.804541

1495823962478 LINEAR_ACCELERATION -2.31644 -0.62599534 3.2067833

1495823962481 ROTATION_VECTOR 0.008438082 0.006029337 0.9629734

1495823962484 ACCELEROMETER -2.2144165 -0.37654114 12.211975

1495823962486 GYROSCOPE 1.2063751 -4.3848724 -0.17027283

1495823962489 MAGNETIC_FIELD 44.467163 -17.454529 -18.733215

1495823962674 GRAVITY 5.2876225 -0.70183235 8.229148

1495823962680 LINEAR_ACCELERATION -5.8734555 4.080583 -0.9187031

1495823962682 ROTATION_VECTOR 0.26081717 -0.11137617 0.923783

1495823962685 ACCELEROMETER -0.7306366 3.5912018 6.8400726

1495823962687 GYROSCOPE -2.3130646 -1.4507599 -1.6303864

1495823962690 MAGNETIC_FIELD 31.57196 -20.787048 -32.95288

1495823962875 GRAVITY 5.5531745 0.1927619 8.080562

1495823962882 LINEAR_ACCELERATION -1.0488977 5.6331964 1.148252

1495823962885 ROTATION_VECTOR 0.2672728 -0.12872937 0.8454947

1495823962887 ACCELEROMETER 3.961792 5.6972504 8.683762

1495823962890 GYROSCOPE 0.6082306 0.9033661 -2.1249237

1495823962892 MAGNETIC_FIELD 31.884766 -13.250732 -35.18982

1495823963079 GRAVITY 5.1941442 1.8314335 8.114007

1495823963082 LINEAR_ACCELERATION -8.821201 1.6260593 0.7197113

1495823963085 ACCELEROMETER -4.2199707 3.1883392 8.072098

1495823963087 ROTATION_VECTOR 0.27567783 -0.10150139 0.7361369

1495823963090 GYROSCOPE -0.03904724 -1.1004181 0.23454285

1495823963092 MAGNETIC_FIELD 40.473938 -6.903076 -29.862976

1495823963280 ACCELEROMETER -5.2023163 2.9371185 7.8876495

1495823963283 GRAVITY 6.2051167 1.7884555 7.380267

1495823963286 LINEAR_ACCELERATION -10.729233 1.3967996 1.3632874

1495823963289 GYROSCOPE 0.05281067 -0.6742401 0.13841248

1495823963291 ROTATION_VECTOR 0.3144442 -0.15759423 0.687984

1495823963294 MAGNETIC_FIELD 37.875366 -5.1345825 -30.963135

1495823963480 GRAVITY 6.266364 1.7875608 7.328553

1495823963483 LINEAR_ACCELERATION -7.829413 0.17868459 3.9834208

1495823963486 ACCELEROMETER -2.3785248 1.7842865 10.339264

1495823963489 GYROSCOPE 0.0549469 0.10121155 0.046554565

1495823963492 MAGNETIC_FIELD 37.750244 -5.0338745 -32.429504

1495823963494 ROTATION_VECTOR 0.3177797 -0.15926033 0.68868804

1495823963681 GRAVITY 5.7288632 1.9034357 7.7283535

1495823963685 LINEAR_ACCELERATION -6.900986 1.2444464 2.5257196

1495823963687 ROTATION_VECTOR 0.29732323 -0.13252372 0.6982034

1495823963690 ACCELEROMETER -2.0429535 2.8783112 9.104462

1495823963692 GYROSCOPE 0.139328 0.19841003 0.15229797

1495823963695 MAGNETIC_FIELD 36.94763 -3.4332275 -36.045837

1495823963881 GRAVITY 5.2220817 1.809461 8.100994

1495823963884 LINEAR_ACCELERATION -7.036737 1.4027675 1.9835591

1495823963889 ROTATION_VECTOR 0.27570492 -0.10464729 0.7330894

1495823963892 ACCELEROMETER -2.6403198 2.9132843 8.859222

1495823963894 GYROSCOPE 0.18205261 0.14820862 0.6233368

1495823963897 MAGNETIC_FIELD 35.27527 -5.152893 -34.664917

1495823964082 GRAVITY 5.0987687 1.6255183 8.217702

1495823964086 LINEAR_ACCELERATION -7.5189557 2.133509 2.9859986

1495823964088 ROTATION_VECTOR 0.26851234 -0.09441883 0.76503634

1495823964091 ACCELEROMETER -3.225418 3.3648224 9.841919

1495823964094 GYROSCOPE -0.07749939 -0.36875916 0.15763855

1495823964096 MAGNETIC_FIELD 35.220337 -7.197571 -34.74579

1495823964283 GRAVITY 5.554918 -2.4553518 7.6996436

1495823964290 LINEAR_ACCELERATION -6.2397804 2.4344983 2.9330058

1495823964303 ROTATION_VECTOR 0.20536013 -0.25544986 0.8390949

1495823964306 ACCELEROMETER -1.7155914 0.24658203 9.392532

1495823964309 GYROSCOPE -2.613205 -0.33457947 3.6503754

1495823964312 MAGNETIC_FIELD 34.47113 -7.6675415 -34.61151

1495823964482 GRAVITY 6.9388485 -0.7921148 6.8844256

1495823964487 LINEAR_ACCELERATION -6.7589626 -1.713105 8.323925

1495823964490 ROTATION_VECTOR 0.3580317 -0.14424036 0.8892482

1495823964492 ACCELEROMETER -0.6210785 -1.9298401 14.063629

1495823964496 GYROSCOPE 6.229721 -3.056137 -1.3484039

1495823964504 MAGNETIC_FIELD 19.483948 -15.112305 -42.55066

1495823964687 GRAVITY 7.062214 6.75916 -0.7805651

1495823964691 LINEAR_ACCELERATION -6.517092 -5.0936556 6.0059915

1495823964694 ROTATION_VECTOR 0.5989574 0.42549706 0.6711839

1495823964697 ACCELEROMETER -1.2171326 0.043670654 4.3726807

1495823964699 GYROSCOPE 5.3453217 -1.0886688 -1.126236

1495823964701 MAGNETIC_FIELD 2.8762817 -46.3974 -19.993591

1495823964882 GRAVITY 4.639361 5.564705 -6.6091437

1495823964883 LINEAR_ACCELERATION -4.958005 -1.2693019 -6.8379498

1495823964883 ROTATION_VECTOR 0.757318 0.513266 0.38801932

1495823964884 ACCELEROMETER -0.48138428 3.532486 -10.99469

1495823964884 GYROSCOPE 0.6157074 -1.3151093 0.12986755

1495823964884 MAGNETIC_FIELD 15.022278 -43.670654 29.388428

1495823965087 GRAVITY 2.3971536 4.8949423 -8.15252

1495823965091 LINEAR_ACCELERATION 8.628844 3.2741964 5.650142

1495823965093 ROTATION_VECTOR 0.7374041 0.60983443 0.26464337

1495823965095 ACCELEROMETER 9.616562 6.8088684 -1.9572296

1495823965097 GYROSCOPE 0.88700867 -2.0222015 -0.4063263

1495823965099 MAGNETIC_FIELD 24.111938 -32.765198 37.779236

1495823965289 GRAVITY 0.30306312 4.01582 -8.941573

1495823965292 LINEAR_ACCELERATION -3.0229266 0.24159002 -3.0453362

1495823965295 ACCELEROMETER -2.810379 3.4042206 -9.977066

1495823965297 ROTATION_VECTOR 0.7549953 0.62118876 0.14526142

1495823965299 GYROSCOPE 0.24720764 0.24220276 -0.21406555

1495823965301 MAGNETIC_FIELD 33.94165 -27.191162 37.190247

1495823965481 ACCELEROMETER -2.8772736 3.0338898 -8.719467

1495823965482 GYROSCOPE -0.74079895 -0.2320404 -0.031417847

1495823965482 MAGNETIC_FIELD 35.984802 -26.226807 34.843445

1495823965482 GRAVITY 0.021329125 4.391444 -8.768417

1495823965483 LINEAR_ACCELERATION -2.907293 -0.52530956 -1.6068544

1495823965483 ROTATION_VECTOR 0.73387706 0.63913167 0.15194368

