2 2 2 0.00037574975 0.2021825443 0.202182893459 0.58959961 0.042617810000000034 3.0 0.384254455 391.5 391.50018907400914 0.021308905 1.5 1.50002019011 2 1 2 0.05109977375 0.265745136293 0.270613496228 0.86383055 0.4683379959999999 4.0 0.6175003020000001 391.0 391.00055963173486 0.234168998 2.0 1.99962731846 1 1 1 -0.03240776 0.356570187447 0.358039888119 0.94537355 0 0 0.94537355 781.0 781.0005721708205 0.0 0.0 0.0 1
2 2 2 -0.079338074 0.233683504608 0.246784339682 0.73207092 0.35968018 61.0 0.52426147 423.5 423.50034845675657 0.17984009 30.5 30.500197533 2 1 2 -0.03141784875 0.3053943014 0.307006124609 0.97824095 0.46449278000000005 336.0 0.74599456 622.0 622.0004481736689 0.23224639 168.0 168.000157494 1 1 1 0.01653862375 0.362888897037 0.363265574571 1.0230713 0 0 1.0230713 796.0 796.000657458827 0.0 0.0 0.0 1
2 1 2 -0.0197753907143 0.291312058738 0.291982502291 1.03884888 0.33474731999999996 66.0 0.87147522 421.0 421.00096835896954 0.16737366 33.0 32.9995776308 2 1 1 -0.186562675714 0.148461165995 0.238424725602 0.51374817 0 0 0.51374817 454.0 454.000290679623 0.0 0.0 0.0 1 1 1 -0.214013232857 0.25194523879 0.330572332761 0.68833923 0 0 0.68833923 455.0 455.00052067101586 0.0 0.0 0.0 1
1 1 1 0.57853505565 3.34615324237 3.39579804053 9.8385009 0 0 9.8385009 637.0 637.0759735698399 0.0 0.0 0.0 1 1 1 -0.133237797125 3.12317537581 3.12601611298 10.5247951 0 0 10.5247951 637.0 637.0869417213768 0.0 0.0 0.0 2 1 2 -0.447933185375 2.57860099004 2.61721745455 9.5134734 2.640274045000001 151.0 8.1933363775 518.5 518.5709516880552 1.3201370225 75.5 75.4688120226 2
1 1 1 0.033216477625 0.229285874602 0.23167940495 0.7329254 0 0 0.4202118 586.0 586.0001506637664 0.0 0.0 0.0 1 1 1 -0.063751220125 0.203877575914 0.213612462249 0.66148376 0 0 0.11608886399999999 391.0 391.0000172335346 0.0 0.0 0.0 2 1 1 -0.118747712625 0.180555924931 0.216105208826 0.5294342 0 0 0.476959225 586.0 586.0001941041508 0.0 0.0 0.0 1
1 1 1 -0.0805751221429 0.33392402543 0.34350779477 0.9108734 0 0 0.60157775 390.0 390.00046396868464 0.0 0.0 0.0 1 1 1 -0.305858069286 0.167414118396 0.348678427187 0.437072765 0 0 0.437072765 475.0 475.0002010869068 0.0 0.0 0.0 1 1 1 -0.175713675143 0.378012945464 0.416856189316 1.17985536 0 0 0.9654235999999999 865.0 865.0005387528539 0.0 0.0 0.0 1
1 1 1 0.0227988124714 0.370232802906 0.370934110319 1.09075927 0 0 1.09075927 613.0 613.0009704362507 0.0 0.0 0.0 1 1 1 -0.10575649 0.347649605778 0.363379531035 0.93041993 0 0 0.93041993 428.0 428.00101130867216 0.0 0.0 0.0 1 0 0 -0.0345262781429 0.45446246589 0.455772088642 1.31489565 1
1 2 1 -0.1290950675 1.92215905078 1.92648928182 6.6644744 0 0 6.1144866 396.0 396.0472029271026 0.0 0.0 0.0 2 1 1 0.953611343875 2.33991875744 2.52677549192 7.4843748 0 0 5.529983359999999 390.0 390.039204075644 0.0 0.0 0.0 1 2 1 -0.479602798125 1.23684037459 1.32657188127 4.1450653 0 0 4.1450653 396.0 396.02169330270436 0.0 0.0 0.0 2
2 1 2 -0.09894179625 1.04662058187 1.05128688826 3.5706482 1.0823517 195.0 2.34955605 489.5 489.5056444932607 0.54117585 97.5 97.5014732923 1 1 1 0.015577315 0.533315956792 0.53354340265 1.6587982 0 0 1.6587982 391.0 391.0035186689096 0.0 0.0 0.0 1 2 1 0.09748458825 0.771678198451 0.777811344036 2.5752258 0 0 0.34249878000000006 393.0 393.0001492435013 0.0 0.0 0.0 1
2 2 2 -0.01308821875 1.16341941507 1.16349303257 3.5706482 0.9658659699999999 204.0 2.7487106150000002 493.0 493.0076704215894 0.482932985 102.0 102.001105581 2 1 2 0.1937026975 0.459279203656 0.498455737182 1.34880067 0.09735110000000002 299.0 1.3001251200000001 527.5 527.5017815452063 0.04867555 149.5 149.49937512 1 2 2 -0.294635768 0.81801086245 0.869455005662 2.5752258 0.45146180000000014 238.0 2.3494949 536.0 536.0052352503155 0.2257309 119.0 118.999827164 1
1 2 2 -0.0325578945714 0.983821169557 0.984359746316 2.6401672 0.36537169999999985 9.0 2.45748135 382.5 382.5079252295578 0.18268585 4.5 4.50108045745 1 2 2 -0.0131923085714 0.43461871817 0.434818890102 1.34880067 0.12750247000000003 9.0 1.2850494350000001 382.5 382.5021667562596 0.063751235 4.5 4.49976033105 1 2 2 -0.588041024286 0.578405978428 0.824830723315 1.6933136 0.05706790000000006 10.0 1.6647796499999998 380.0 380.003646739387 0.02853395 5.0 5.00007702306 1
1 2 2 -0.116359161714 0.650310909072 0.660638882426 2.367981 0.80647278 15.0 1.96474461 390.5 390.505113741755 0.40323639 7.5 7.50193058537 1 1 1 -0.299368724286 0.519131178184 0.599265227794 1.7266388 0 0 1.1282043000000002 588.0 588.0010823501455 0.0 0.0 0.0 1 2 2 -0.840713486 0.487119361233 0.971640076176 1.536849928 0.5097198000000001 4.0 1.281990028 391.0 391.00218904571045 0.2548599 2.0 1.99915318648 1
1 1 1 -0.2013759625 0.305836001604 0.366180199014 1.11134339 0 0 0.40235901 652.0 652.0001241508877 0.0 0.0 0.0 1 1 1 -0.23302459875 0.527815939493 0.576966315833 1.7266388 0 0 0.3304748599999999 449.0 449.0001216187286 0.0 0.0 0.0 2 1 2 -0.61163328975 0.498947034787 0.789330998158 1.536849928 0.08299255400000005 261.0 1.495353651 519.5 519.5023308906252 0.041496277 130.5 130.499295031 1
0 1 0 0.100593567 0.512750019958 0.5225243044 1.92530824 1 1 1 -0.49876022125 0.755731516477 0.905478814384 2.473465 0 0 2.473465 598.0 598.0051153870728 0.0 0.0 0.0 2 2 2 -1.047855377 0.908902494175 1.38712098788 2.402191174 1.6352233960000002 10.0 1.410263072 403.0 403.00333292328133 0.817611698 5.0 4.99709751234 1
1 1 1 0.0817435122857 0.628028797427 0.633326276257 2.143631 0 0 0.239624024 378.0 378.00007595194063 0.0 0.0 0.0 1 1 1 -0.781300131429 0.703701724119 1.05148752342 2.06390382 0 0 2.06390382 398.0 398.0053513446499 0.0 0.0 0.0 1 1 1 -1.28571210857 0.966702087951 1.60859210273 2.81607057 0 0 2.22787477 398.0 398.0062354109428 0.0 0.0 0.0 1
1 1 1 0.0708422 0.57727205121 0.581602646494 1.7870026 0 0 1.7870025999999999 652.0 652.0024489051344 0.0 0.0 0.0 1 2 1 -0.218477513714 0.520199595304 0.564216308655 1.8193359 0 0 1.0548553 385.0 385.00144508781256 0.0 0.0 0.0 1 2 1 -0.511771058571 0.711371330366 0.876332577312 1.77816776 0 0 1.75657657 385.0 385.00400720154363 0.0 0.0 0.0 1
1 2 2 0.25991631075 0.656348237846 0.705938735243 2.07545473 0.3260650599999999 15.0 1.0541611 392.5 392.5014583679746 0.16303253 7.5 7.49953426845 1 2 2 0.136730201875 0.547175722839 0.564000372136 1.79331975 0.08869935000000018 213.0 0.996955875 492.5 492.50104028410783 0.044349675 106.5 106.499864821 1 2 2 -0.16518592 0.493845113357 0.520739266958 1.49304195 0.6647033199999999 385.0 1.1606902899999998 592.5 592.5011387675617 0.33235166 192.5 192.500281087 1
1 2 1 0.0193805695 1.07344896064 1.0736238995 3.1435241 0 0 2.07545473 602.0 602.0035776574225 0.0 0.0 0.0 1 2 2 0.162426000125 0.657544398575 0.67730852764 2.09967046 0.39505006 9.0 1.90214543 397.5 397.5046114814551 0.19752503 4.5 4.49900259522 2 2 3 0.198881145 0.572640790867 0.606194016138 1.71070858 0.4772338650000001 18.0 1.39255267 395.0 395.0026676279471 0.40004385982 8.52447456836 8.52399387029 1
1 2 2 -0.2832816 1.00664461966 1.04574464148 3.1435241 0.18704220000000005 127.0 3.0500030000000002 516.5 516.5090831225737 0.0935211 63.5 63.4994355595 1 2 2 0.0536063014286 0.644872125565 0.64709635595 1.70994566 0.2431793200000001 66.0 1.588356 420.0 420.0030761298789 0.12158966 33.0 32.9992984814 2 1 2 0.319311958571 0.695819918152 0.765588326311 2.0832519 0.35879510000000003 74.0 1.4592132500000001 420.0 420.00264865279894 0.17939755 37.0 36.9991433877 1
1 2 2 -0.137634271429 0.747302366705 0.759871054821 2.2635651 0.1047668500000003 11.0 2.2111816749999997 389.5 389.5062853352473 0.052383425 5.5 5.49961387372 1 1 1 0.209032327143 0.646868936931 0.679804336083 1.80337524 0 0 1.8033752399999998 585.0 585.0027796192563 0.0 0.0 0.0 2 1 2 0.292661397143 0.652128474375 0.714788248692 2.0351257 0.3106689 162.0 1.87979125 486.0 486.00366179724995 0.15533445 81.0 80.999990516 1
2 1 2 0.27573395375 0.787430577878 0.834311769201 2.58973695 0.4309387 185.0 2.3742675999999996 487.5 487.50584042519137 0.21546935 92.5 92.4999412162 1 1 1 0.63796235375 0.766698068436 0.997407586168 2.31080634 0 0 2.31080634 779.0 779.0034273518577 0.0 0.0 0.0 2 2 2 0.80161284625 0.753829092215 1.10038241332 2.38574216 0.5175323399999998 4.0 1.74892423 393.0 393.00398265383717 0.25876617 2.0 1.99882818558 1
1 1 1 0.493105211429 0.676389874782 0.837051977028 1.88639833 0 0 1.88639833 395.0 395.0045044029997 0.0 0.0 0.0 1 1 1 0.972377254286 0.811477723926 1.26649659339 2.01966865 0 0 1.9853058500000003 393.0 393.0050145218481 0.0 0.0 0.0 1 1 1 1.31501333286 0.651822684428 1.46769645279 1.90263364 0 0 1.43022153 661.0 661.0015473004771 0.0 0.0 0.0 1
1 2 1 0.162209648571 0.778059824598 0.794788689365 2.4419861 0 0 1.2625122199999999 398.0 398.00200242851247 0.0 0.0 0.0 1 1 1 0.593730385714 0.785600516387 0.984725313104 2.81869514 0 0 2.81869514 388.0 388.0102383214807 0.0 0.0 0.0 1 1 1 1.00275093714 0.594523970663 1.1657479117 1.80441281 0 0 1.8044128099999999 783.0 783.0020791195825 0.0 0.0 0.0 1
1 1 1 -0.248815535375 0.627202503771 0.674753400421 2.20500183 0 0 2.20500183 592.0 592.0041064326077 0.0 0.0 0.0 1 1 1 0.17307853625 0.628078448621 0.65148961414 1.94641114 0 0 1.6241455 400.0 400.0032972971662 0.0 0.0 0.0 2 2 2 0.2469635 0.571417737897 0.622502370691 1.7460632 0.69006349 193.0 1.245086655 493.5 493.50158152356664 0.345031745 96.5 96.5005612493 1
1 1 1 0.00254603957143 0.892173944553 0.892177577423 2.9350128 0 0 2.9350128 391.0 391.01101557390444 0.0 0.0 0.0 2 1 2 0.0177045514286 0.643989865327 0.644233185877 2.0527344 0.6512604 9.0 1.2985153 395.5 395.50225383013867 0.3256302 4.5 4.50104346703 2 1 2 -0.0513392828571 0.438978490429 0.441970402882 1.17991637 0.21205138999999995 9.0 1.073890675 395.5 395.50147562889447 0.106025695 4.5 4.49969532267 1
1 0 0 0.10528346 1.04617040224 1.05145476245 3.3704529 2 1 2 -0.0194549585714 0.658925475084 0.65921261906 1.85736085 0.2745209000000002 64.0 1.53873445 421.0 421.0028891891483 0.13726045 32.0 31.9992787189 2 1 2 -0.0359235471429 0.355702021781 0.357511439731 0.92370605 0.20048522999999996 257.0 0.8234634350000001 520.5 520.5006622484431 0.100242615 128.5 128.499995095 1
2 1 2 -0.09562492 0.83314708928 0.838616836046 2.5024872 0.19700620000000013 196.0 2.4039840999999997 488.0 488.0062819309052 0.0985031 98.0 97.9982532415 2 1 2 0.0605468745 0.677373766398 0.680074366093 2.00863645 0.15127559999999995 196.0 1.93299865 488.0 488.00393264025183 0.0756378 98.0 97.9995098585 1 2 2 -0.2349453045 0.588431262265 0.6336013309 1.90106205 0.6331177199999998 196.0 1.03977968 490.0 490.00111574134866 0.31655886 98.0 98.0004485884 1
2 2 2 0.261152277 0.938692157268 0.974342587542 3.1371765 1.6279602 273.0 2.3231963999999996 521.5 521.5052183357551 0.8139801 136.5 136.502260251 1 2 2 0.41685867325 0.988383670086 1.07269447316 3.26269534 0.46626281000000014 208.0 1.5577926350000002 489.0 489.0028224878945 0.233131405 104.0 103.998657044 1 2 2 0.39533804425 1.13760087757 1.20433713132 3.6511078 1.20201115 10.0 1.3000564749999999 391.0 391.0026491882036 0.601005575 5.0 4.99796782162 1
1 2 2 0.107016430857 0.921582934709 0.927775631293 2.7826996 0.03944397000000022 71.0 2.6920700149999996 426.5 426.50856625717427 0.019721985 35.5 35.4991625137 1 1 1 0.890808098571 0.894767508911 1.26259572448 2.79643253 0 0 2.7964325299999997 457.0 457.0085557567767 0.0 0.0 0.0 0 0 0 1.27541896429 0.768431394357 1.48901992676 2.44909665 1
0 1 0 -0.166144227571 0.69178588421 0.711457387303 2.1137543 2 1 1 0.640851697143 0.754132632563 0.989649900332 2.1927032 0 0 0.7171325000000001 394.0 394.00065263781295 0.0 0.0 0.0 1 2 1 1.10763987171 0.904449817146 1.42999844655 2.759552048 0 0 1.4137268 391.0 391.0025557761292 0.0 0.0 0.0 1
1 1 1 0.060312273375 0.853249716316 0.855378658088 2.2869568 0 0 2.0480041 779.0 779.0026921139578 0.0 0.0 0.0 2 1 1 0.348403934375 0.703375770338 0.784934886335 2.09758 0 0 2.09758 588.0 588.00374135022 0.0 0.0 0.0 2 1 1 0.462129601875 0.909596448386 1.02025951005 3.25532536 0 0 0.524291988 390.0 390.000352412775 0.0 0.0 0.0 1
1 1 1 0.0562705925 0.826001307734 0.827915780716 2.2342529 0 0 2.2342529 575.0 575.0043407540687 0.0 0.0 0.0 2 1 2 0.140680310625 0.571437840711 0.588499919791 2.05709837 0.81892393 462.0 0.932441705 621.0 621.0007037011269 0.409461965 231.0 231.00035305 2 1 2 0.119991304625 0.38059173656 0.399058871751 1.15753176 0.06141664999999996 87.0 1.126823435 421.5 421.50151498459854 0.030708325 43.5 43.4999257441 1
0 0 0 -0.080157478 0.750324577628 0.754594058466 2.08195495 1 1 1 -0.0500457788 0.460198037929 0.462911237808 1.23817444 0 0 0.52297974 390.0 390.00035065087883 0.0 0.0 0.0 1 0 0 0.0224304168 0.367101759897 0.367786385987 0.96586609 1
2 1 1 0.0710819828571 0.815718771201 0.81880996695 2.4219361 0 0 1.9857483 453.0 453.0043522929012 0.0 0.0 0.0 2 1 2 -0.0820094571429 1.75289019538 1.75480756441 5.2915039 3.701248100000001 59.0 3.44087985 423.5 423.51916134830856 1.85062405 29.5 29.4836299384 2 1 2 0.425112035714 0.876205245829 0.973886993304 2.4815216 0.36926269999999994 1.0 1.3162689000000003 392.5 392.5022497207773 0.18463135 0.5 0.500616301292 2
1 1 1 0.170991905 0.730464118673 0.750210677239 2.3329468 0 0 1.9231872 391.0 391.0047297015808 0.0 0.0 0.0 1 2 2 -0.015909185 0.801370812126 0.801528714828 2.7201538 0 0 1.53871915 391.0 391.00317071799503 0.33444975 0.0 0.00131616384107 1 2 2 -0.0473346725 0.501859334011 0.504086661552 1.55877687 0 0 1.038444535 391.0 391.00140341457285 0.138221735 0.0 0.000367097417268 1
1 2 2 -0.0316009425 0.801868378602 0.802490819991 2.3329468 0.12228389999999978 204.0 2.2718048499999997 492.0 492.0054233515601 0.06114195 102.0 101.999157978 1 2 2 -0.011316285 0.916578431419 0.916648285467 2.7201538 0.27020259999999974 9.0 2.5850524999999998 394.5 394.50848362452194 0.1351013 4.5 4.50078849418 1 2 1 -0.0785923 0.631653157773 0.636523731957 1.70724487 0 0 1.7072448699999998 595.0 595.0024493101236 0.0 0.0 0.0 1
1 2 2 -0.137969965 0.738584236101 0.751360356326 2.2421112 0.47932430000000004 4.0 1.8637008499999999 388.0 388.0045560506165 0.23966215 2.0 1.99882534716 1 2 2 0.009765625 0.721513979837 0.721580065226 2.1860657 0.1570434500000002 4.0 2.1075439749999996 388.0 388.0057297504911 0.078521725 2.0 2.00039697478 1 2 2 -0.1640224475 0.624293318896 0.645480837285 1.9156952 0.2772675000000002 189.0 1.54074859 494.5 494.502597127999 0.13863375 94.5 94.4990717372 1
1 2 2 -0.219371248571 0.814521268316 0.843545281084 2.2421112 0.12304680000000001 32.0 2.1805878 393.0 393.00605047139993 0.0615234 16.0 16.0000950358 1 1 1 -0.0464673771429 0.60234805869 0.604137733424 1.51109315 0 0 1.51109315 607.0 607.0018808887728 0.0 0.0 0.0 2 1 2 0.0190582228571 0.699193150131 0.69945284119 2.0161438 0.33676145999999996 173.0 1.84776307 486.5 486.50353617847423 0.16838073 86.5 86.5000107877 1
1 1 1 -0.167654862857 0.789978931342 0.807573442483 2.0232697 0 0 1.9919129 665.0 665.0029832391741 0.0 0.0 0.0 1 1 1 -0.00279235714286 0.523336898224 0.52334434773 1.4207306 0 0 1.12730408 665.0 665.0009554989291 0.0 0.0 0.0 2 1 2 -0.101756505714 0.70564743758 0.712946486504 2.0099945 0.6370239 88.0 1.69148255 436.0 436.00330639347396 0.31851195 44.0 44.0009020025 1
2 1 2 -0.10094452125 0.62346999267 0.631588970874 2.0232697 0.25358583 208.0 1.8964767850000002 497.0 497.00390680158887 0.126792915 104.0 103.998698668 2 1 2 -0.23466872875 0.549185280555 0.597221805221 1.93536375 0.56967163 186.0 1.650527935 497.0 497.0027412802959 0.284835815 93.0 93.0004329763 1 2 2 -0.999116885 0.893841830529 1.3405923198 2.6178436 1.2448730000000001 9.0 1.9954071 387.5 387.5056754494286 0.6224365 4.5 4.4967289415 1
1 2 2 0.04597281875 0.631775013847 0.633445473727 1.8451538 0.12713624 10.0 1.40171815 399.0 399.0024704151229 0.06356812 5.0 4.99974572422 1 2 2 -0.36801910375 0.631206517478 0.730657052544 2.2171173 0.32118223 10.0 1.205101005 399.0 399.0018464102485 0.160591115 5.0 5.00046189376 1 2 2 -1.58765601625 0.625076866339 1.70627451331 1.842102 0.30499260000000006 219.0 1.6896057 494.5 494.5029387428998 0.1524963 109.5 109.499870307 1
1 2 1 0.0563986614286 0.746342382215 0.748470280306 1.9992065 0 0 1.8451537999999998 590.0 590.0028852408652 0.0 0.0 0.0 1 1 1 -0.533207487143 0.658286527463 0.847143067365 2.1612702 0 0 1.89593507 590.0 590.0030462377205 0.0 0.0 0.0 1 1 1 -1.18667821286 0.779879452796 1.42000603582 2.37544254 0 0 2.37544254 596.0 596.0047338127952 0.0 0.0 0.0 1
1 2 2 -0.252722595714 0.61112774176 0.661321273765 1.79022215 0.38948059999999995 101.0 1.59548185 538.5 538.5024746454609 0.1947403 50.5 50.4991909523 0 1 0 -0.404264178571 0.527659456872 0.664721015542 1.54869084 1 1 1 -0.303601945714 0.693565620623 0.757104623914 1.99224854 0 0 1.9393463199999998 583.0 583.0032256035544 0.0 0.0 0.0 1
2 2 3 -0.14486312375 0.472534928335 0.494241421897 1.1613617 0.2746810799999999 15.5 0.97206114 390.3333333333333 390.3345651070835 0.129510478793 8.17856276426 8.17856701923 1 2 2 -0.02598381 0.300315950729 0.301437934979 0.69955445 0.008605959999999913 178.0 0.69525147 489.0 489.00051004884017 0.00430298 89.0 88.999913287 2 1 2 0.15685081875 0.355494737621 0.388559760937 1.0371094 0.16026308 218.0 0.63278962 489.0 489.00041342308293 0.08013154 109.0 109.00001154 1
1 1 1 0.098190308125 0.638383711357 0.645890934706 2.16349794 0 0 0.8835907000000001 400.0 400.0009759144659 0.0 0.0 0.0 2 1 2 0.05070685675 0.466058138091 0.468808461317 1.5687561 0.4691161800000001 191.0 0.9255065800000001 495.5 495.50086764856985 0.23455809 95.5 95.5002708867 2 2 3 0.239183432875 0.382147635136 0.45082760519 1.1486969 0.54105376 1.5 0.7879943933333333 395.0 395.0010421901455 0.444527088087 3.74165738677 3.74101700008 1
1 1 1 0.184735979286 0.643702670935 0.669686875048 2.113678 0 0 1.19285584 580.0 580.0012266409917 0.0 0.0 0.0 1 1 1 0.164232516286 0.554317891818 0.578135489825 1.57141116 0 0 1.5687560999999999 382.0 382.0032211849807 0.0 0.0 0.0 1 2 2 0.0791582441429 0.51889042385 0.524893607867 1.432312 0.2585143999999999 3.0 1.2779541 392.5 392.5021033836489 0.1292572 1.5 1.49957111098 1
1 1 1 0.193668904571 0.721462952188 0.74700497721 2.542984 0 0 1.76480104 400.0 400.0038931344429 0.0 0.0 0.0 1 2 1 0.252814156429 0.44979190662 0.515972631979 1.27340699 0 0 1.27340699 390.0 390.00207892441057 0.0 0.0 0.0 1 2 1 0.122538980857 0.678471614243 0.689448716848 1.7241211 0 0 1.6967010299999998 589.0 589.0024437932199 0.0 0.0 0.0 1
1 2 2 0.2635917625 0.857276429841 0.896885441078 2.6939545 0.5314026000000003 252.0 2.2772826999999998 526.0 526.0050086007237 0.2657013 126.0 125.999950558 1 2 2 0.327852246875 0.358571045876 0.48586036134 0.93087769 0.025772094999999995 252.0 0.9179916425 526.0 526.0008556990289 0.0128860475 126.0 125.999772534 1 2 2 0.73763085125 0.805571257392 1.09226568355 2.57145694 1.1564483399999999 184.0 1.4958267699999999 482.0 482.0024132904092 0.57822417 92.0 92.0013338117 1
1 2 2 0.0932464614286 0.864746014752 0.869758916366 2.9152527 0.7527008 8.0 2.5389023 385.0 385.0085304422963 0.3763504 4.0 4.00239318107 1 1 1 0.714891702857 0.681486458574 0.987670967496 2.13723752 0 0 2.1372375200000002 574.0 574.0039788923217 0.0 0.0 0.0 1 1 1 1.28795951429 0.470107976473 1.37107301774 1.4150086 0 0 0.9176025999999999 390.0 390.0010794786747 0.0 0.0 0.0 1
1 1 1 0.0546417317143 0.934120163939 0.935716944124 2.7201233 0 0 2.7201233 402.0 402.00920271900145 0.0 0.0 0.0 1 1 1 0.827418744286 0.656766939327 1.05639225243 1.85244748 0 0 1.8089751900000002 403.0 403.00406001830555 0.0 0.0 0.0 2 1 1 1.08556911429 0.37752607673 1.14934165525 1.2619324 0 0 1.2619324 402.0 402.00198068340677 0.0 0.0 0.0 1
2 1 2 0.16378021925 0.907672763534 0.922330638046 2.7217102 0.5465545999999999 75.0 2.2746963000000004 641.5 641.5041619857071 0.2732773 37.5 37.4987876971 2 1 2 0.411806111625 0.488920812836 0.639240044737 1.6394196 0.40565494 83.0 1.4365921300000002 442.5 442.5023372538773 0.20282747 41.5 41.5004392843 2 1 2 0.33278274875 0.660267094211 0.739389608774 1.73086545 0.6961059299999999 279.0 1.382812485 540.5 540.5017689648666 0.348052965 139.5 139.500433896 1
1 1 1 -0.115371705143 0.69199407729 0.70154574573 2.1751556 0 0 0.729461646 401.0 401.00066348360696 0.0 0.0 0.0 1 2 2 0.0528215632857 0.506500239243 0.509247101024 1.43341066 0.199646 16.0 1.33358766 393.0 393.002283178965 0.099823 8.0 7.99961479065 1 1 1 -0.101276941429 0.427400704069 0.439236133194 1.1366272 0 0 1.0347595200000002 401.0 401.00133506917933 0.0 0.0 0.0 1
1 1 1 -0.124389648571 0.416175735923 0.434367388098 1.15792847 0 0 1.07110597 379.0 379.0015135431506 0.0 0.0 0.0 1 2 2 -0.0869031657143 0.301767488973 0.314031491434 0.92019655 0.32482911999999997 182.0 0.75778199 491.0 491.00058526788393 0.16241456 91.0 91.0001421902 1 1 1 -0.0877205978571 0.389103308517 0.398868760355 1.21897889 0 0 0.57070923 586.0 586.0002779086586 0.0 0.0 0.0 1
1 1 1 0.01452255625 0.504559900458 0.504768855805 1.4429169 0 0 1.37554935 378.0 378.0025028171299 0.0 0.0 0.0 2 1 2 -0.088226319125 0.244159943708 0.259611173677 0.79910278 0.265426635 182.0 0.4626541125 491.0 491.0002683004261 0.1327133175 91.0 90.9998252227 1 1 1 -0.18485259965 0.406366950881 0.446435417911 1.13574219 0 0 1.01281739 387.0 387.0013253195207 0.0 0.0 0.0 1
2 1 2 0.0320491825 0.584493966983 0.585371973653 1.63105775 0.2555084000000001 221.0 1.50330355 488.5 488.50236173596585 0.1277542 110.5 110.499858919 1 1 1 -0.20427132075 0.48262477582 0.524073894328 1.65496828 0 0 0.84933471 599.0 599.00060214448 0.0 0.0 0.0 1 1 1 0.028310780725 0.438701971486 0.439614513058 1.44454957 0 0 1.44454957 575.0 575.0018145392762 0.0 0.0 0.0 1
2 1 2 0.039886476 0.514036688926 0.515581854345 1.59762574 0.81497193 54.0 1.190139775 428.0 428.00178430444316 0.407485965 27.0 27.0010205309 2 1 1 -0.0981140204286 0.529290900576 0.538307735814 1.65496828 0 0 1.65496828 455.0 455.0030097922516 0.0 0.0 0.0 1 2 2 -0.355095994571 0.725957477965 0.808150620351 1.8471527 0.9453124800000001 95.0 1.37449646 424.5 424.5023465155228 0.47265624 47.5 47.5012678489 1
1 1 1 -0.307004652571 0.713975340061 0.777182502966 2.08087157 0 0 2.07402037 589.0 589.0036515680486 0.0 0.0 0.0 2 1 1 -0.276426045429 0.434905775035 0.515319698586 1.3246765 0 0 1.3246765 594.0 594.0014770754613 0.0 0.0 0.0 1 1 1 -1.60025897143 0.592205571986 1.70632242414 1.8467561 0 0 1.8467561000000001 589.0 589.002895161045 0.0 0.0 0.0 1
1 2 2 -0.405006405 0.773399218318 0.873027226944 2.21023558 0.4539032000000003 26.0 1.8539199700000002 389.0 389.00452513868606 0.2269516 13.0 12.9987671688 2 2 2 -0.39610862675 0.341171263409 0.522780905506 1.088562012 0.09600829799999999 7.0 0.583755493 379.5 379.50045272829675 0.048004149 3.5 3.49992198366 1 1 1 -1.549236295 0.68372683207 1.69340351914 2.69288644 0 0 1.56996154 402.0 402.00306563412806 0.0 0.0 0.0 1
2 1 1 -0.4576816625 0.929999434888 1.03651891111 2.981659 0 0 1.26779175 393.0 393.0020449004322 0.0 0.0 0.0 2 1 1 -0.244230279375 2.90850446877 2.91874059728 11.0734558 0 0 5.85876469 393.0 393.0436682147326 0.0 0.0 0.0 1 1 1 -0.3818511955 1.05370642564 1.12076204742 4.1016083 0 0 4.1016083000000005 391.0 391.02151243972065 0.0 0.0 0.0 2
2 1 2 0.07742119 0.0439627328023 0.0890323679145 0.12139893 0.034667970000000006 64.0 0.10406494500000002 423.0 423.00001290726607 0.017333985 32.0 32.000003288 2 1 2 -0.16814041 0.118168765809 0.205511689906 0.37171936 0.006881709999999985 1.0 0.173637395 390.5 390.50003861754465 0.003440855 0.5 0.500001480544 2 1 2 -0.0329627995 0.0380609012375 0.0503505546533 0.144073489 0.04145813 261.0 0.050636291 520.5 520.5000036082404 0.020729065 130.5 130.499997079 1
1 2 2 0.0342865 0.0692596294793 0.0772816948434 0.1973877 0.07598876999999998 134.0 0.159393315 522.0 522.0000246349476 0.037994385 67.0 67.0000084397 0 1 0 -0.162439344375 0.134235418311 0.21072657196 0.398498535 1 1 1 -0.05929946925 0.0577182130629 0.0827515508768 0.181686402 0 0 0.170761109 604.0 604.0000241385395 0.0 0.0 0.0 1
1 2 1 -0.00891549277143 0.0245496594295 0.0261184185866 0.063461304 0 0 0.063461304 399.0 399.0000050467883 0.0 0.0 0.0 1 1 1 -0.0640127987143 0.0971005174136 0.116301972817 0.2933959923 0 0 0.2933959923 774.0 774.0000556080137 0.0 0.0 0.0 1 1 1 -0.0260729104286 0.0742390090259 0.0786843511721 0.240249635 0 0 0.24024963500000002 976.0 976.0000295696138 0.0 0.0 0.0 1
1 1 1 0.0145983012286 0.00763748901017 0.0164754859455 0.0198822014 0 0 0.0198822014 592.0 592.0000003338698 0.0 0.0 0.0 2 1 2 0.0101994107143 0.0108726398097 0.0149077924372 0.030975342 0.0190734867 49.0 0.02143859865 422.5 422.50000062559604 0.00953674335 24.5 24.5000004476 1 1 1 0.0321023127143 0.0152472434273 0.0355392306295 0.043197632 0 0 0.013442991999999994 447.0 447.000000202141 0.0 0.0 0.0 1
2 1 1 0.0113868711288 0.0104198221345 0.0154348154319 0.0281982414 0 0 0.02615356367 853.0 853.0000004009431 0.0 0.0 0.0 1 1 1 0.0006103517 0.0194351918884 0.0194447734092 0.053085327 0 0 0.0115203856 374.0 374.0000001774322 0.0 0.0 0.0 1 1 1 0.0143146514375 0.0210494531638 0.0254556226455 0.065643311 0 0 0.065643311 600.0 600.0000035908702 0.0 0.0 0.0 1
2 1 1 0.00748062137875 0.0141954694495 0.016045904434 0.048110961 0 0 0.0179748534 334.0 334.0000004836757 0.0 0.0 0.0 1 2 2 -0.0283508303 0.0211856996949 0.035392138255 0.05949402 0.039215088 30.0 0.031127929600000003 389.0 389.0000016815925 0.019607544 15.0 15.0000015042 0 0 0 -0.0128078463875 0.0193434586167 0.0231993603434 0.07373047 1
1 1 1 0.00110299261429 0.0194956892039 0.0195268658581 0.058181762 0 0 0.048110961 586.0 586.0000019749698 0.0 0.0 0.0 1 1 1 -0.0272347591429 0.0256981794624 0.0374450067866 0.075256349 0 0 0.075256349 462.0 462.0000061293485 0.0 0.0 0.0 1 1 1 -0.0111563548857 0.0203204414296 0.0231815572003 0.066452028 0 0 0.028030395 462.0 462.000000850328 0.0 0.0 0.0 1
1 1 1 -0.0108838762571 0.00995225609946 0.0147480901764 0.0297241209 0 0 0.0297241209 589.0 589.0000007500198 0.0 0.0 0.0 1 1 1 -0.00828334285714 0.0151227182496 0.0172426905135 0.047042848 0 0 0.034057617 393.0 393.00000147572683 0.0 0.0 0.0 2 1 1 0.00370352601429 0.00493665503921 0.00617143969545 0.0140380858 0 0 0.0104675292 390.0 390.0000001404733 0.0 0.0 0.0 1
1 2 2 -0.0067882539 0.00864291704261 0.0109900139225 0.0266113287 0.0055847169999999995 2.0 0.017776489700000002 389.0 389.0000004165272 0.0027923585 1.0 0.999999871324 2 2 2 -0.0037117003375 0.0140939281195 0.0145744821257 0.045684815 0.003921507999999997 4.0 0.032096863 391.0 391.0000013215299 0.001960754 2.0 2.0000001542 1 1 1 0.0022544859375 0.0107548617483 0.0109886194796 0.035614014 0 0 0.013946532800000001 585.0 585.0000001662443 0.0 0.0 0.0 1
1 2 1 -0.00772966654286 0.00975974386127 0.0124499134576 0.0320129387 0 0 0.0149841312 390.0 390.0000002878515 0.0 0.0 0.0 1 1 1 -0.00896126862857 0.018620304596 0.0206644641518 0.063598633 0 0 0.063598633 837.0 837.0000024162402 0.0 0.0 0.0 1 0 0 -0.000653948185714 0.0118875340139 0.0119055076817 0.035614014 1
2 2 2 -0.00947788772857 0.00744179124351 0.0120503366222 0.0248565666 0.013946532700000002 11.0 0.016021727950000002 380.5 380.50000040554085 0.00697326635 5.5 5.49999970051 1 0 0 -0.0151258196714 0.0130397061006 0.0199705872703 0.0435791013 2 1 2 -0.000856671985714 0.00519188116747 0.00526208294768 0.0163116454 0.0015258788999999995 207.0 0.015548705949999998 478.5 478.50000026003704 0.00076293945 103.5 103.499999969 1
0 0 0 -0.0119192940571 0.00955088912595 0.0152738028636 0.0266113284 1 1 1 0.00125340055714 0.0112895813792 0.0113589462836 0.040420532 0 0 0.0148010254 392.0 392.00000027942644 0.0 0.0 0.0 0 0 0 0.0153917586229 0.022638657053 0.0273754456889 0.067642212 2
1 1 1 0.007038116365 0.00862842265733 0.0111348443869 0.0291595457 0 0 0.0206146237 391.0 391.0000005434306 0.0 0.0 0.0 1 1 1 -0.00486564641875 0.00922011447162 0.0104252110742 0.0266723635 0 0 0.020584106499999998 586.0 586.0000003615235 0.0 0.0 0.0 2 2 2 0.0012550353875 0.00728035646157 0.00738774011666 0.0232696535 0.007965088300000001 1.0 0.01928710935 390.5 390.5000004968638 0.00398254415 0.5 0.499999802663 1
1 1 1 0.009563445975 0.00906294279484 0.0131755998353 0.0254669191 0 0 0.024719238100000002 405.0 405.0000007543713 0.0 0.0 0.0 1 1 1 -0.0060291290875 0.00927106264013 0.0110590686783 0.0266723635 0 0 0.024597168000000003 404.0 404.00000074878795 0.0 0.0 0.0 2 1 2 0.0046272279125 0.00708281026838 0.00846034511425 0.0232696535 0.0007934570000000009 412.0 0.022872925000000002 596.0 596.0000005045754 0.0003967285 206.0 205.99999981 1
1 1 1 0.0123617987714 0.0148472404009 0.0193197985597 0.0458221423 0 0 0.0402679431 854.0 854.0000009493602 0.0 0.0 0.0 1 1 1 -0.00807189945714 0.0157823285682 0.0177267440857 0.051971436 0 0 0.0208129885 450.0 450.00000048131164 0.0 0.0 0.0 1 2 2 0.00209699374286 0.00967286155586 0.00989755694283 0.030395508 0.005035400400000001 60.0 0.010910034400000001 427.0 427.0000001429868 0.0025177002 30.0 30.0000000543 1
1 1 1 0.0148685998857 0.0132338251415 0.0199050091795 0.0458221423 0 0 0.0458221423 388.0 388.0000027057587 0.0 0.0 0.0 1 1 1 -0.00564793182857 0.0188119068958 0.0196414606126 0.051971436 0 0 0.029174804999999998 392.0 392.0000010856751 0.0 0.0 0.0 0 1 0 -0.00190734859429 0.00883916544823 0.00904261159629 0.030807495 1
2 1 2 0.0048065185875 0.00957107167226 0.0107101836533 0.0259399414 0.0212402344 21.0 0.0153198242 397.5 397.5000004482112 0.0106201172 10.5 10.4999995789 0 0 0 0.003849029475 0.0111384318451 0.0117847228167 0.039016723 1 2 2 0.0040569305925 0.00592430434624 0.00718025541462 0.017776489 0.009155273299999999 28.0 0.01319885235 586.0 586.0000001690823 0.00457763665 14.0 13.9999998929 1
1 2 1 -0.0022735595625 0.00407925113476 0.00467004956127 0.0125122071 0 0 0.004699707 408.0 408.0000000270677 0.0 0.0 0.0 1 0 0 0.0051612853125 0.00622094084708 0.00808325250749 0.022842407 1 1 1 0.0061206818625 0.00276198246395 0.00671500510745 0.0079650877 0 0 0.0056152347 408.0 408.00000003864074 0.0 0.0 0.0 1
1 2 1 0.00643048972857 0.0131213821491 0.0146123874727 0.0406188966 0 0 0.0125122071 384.0 384.00000020384806 0.0 0.0 0.0 2 1 1 -0.00276838038571 0.012164718085 0.0124757483161 0.040542603 0 0 0.019180298 384.0 384.0000004790154 0.0 0.0 0.0 1 1 1 0.00767517102857 0.00784994855162 0.0109786129625 0.0241394047 0 0 0.0017242432000000004 409.0 409.0000000036345 0.0 0.0 0.0 1
1 1 1 0.00339399068571 0.0151840141256 0.0155587100282 0.048721314 0 0 0.0342102052 395.0 395.0000014814407 0.0 0.0 0.0 2 1 2 -0.00766863143814 0.0103856014647 0.0129100203686 0.0312500005 0.0018920898669999991 6.0 0.0303039555665 392.0 392.0000011719894 0.0009460449335 3.0 3.00000006417 0 0 0 0.00547136581429 0.0142499582011 0.0152642442527 0.047698975 1
1 1 1 -0.0050048827975 0.00483073241087 0.00695592031597 0.0151062016 0 0 0.0067901611 398.0 398.0000000579225 0.0 0.0 0.0 1 1 1 -0.00357246394587 0.00555470446339 0.00660433496426 0.019012451 0 0 0.015777587633 447.0 447.0000002784477 0.0 0.0 0.0 1 0 0 0.003202438275 0.0116352003733 0.0120678705094 0.036361694 1
1 1 1 -0.0041542052475 0.00565302994958 0.00701528109553 0.0189361574 0 0 0.0075988766 389.0 389.0000000742197 0.0 0.0 0.0 1 1 1 -0.0025749207125 0.00396616822612 0.00472871093148 0.013565064 0 0 0.013565064 585.0 585.0000001572743 0.0 0.0 0.0 1 1 1 0.0057640075875 0.00616955674722 0.00844317558304 0.0178527836 0 0 0.0066070553 389.0 389.0000000561095 0.0 0.0 0.0 1
1 1 1 -0.00415693001429 0.00754516242678 0.00861449610773 0.0203399654 0 0 0.016860962 655.0 655.0000002170168 0.0 0.0 0.0 0 0 0 -0.000418526857143 0.00533933588638 0.00535571399887 0.0180969243 0 0 0 0.00844247008571 0.00621270060252 0.0104820298571 0.0201568606 1
2 1 2 0.0205252457143 2.30311840081 2.30320985884 7.755661 1.5334472 219.0 2.2051086499999997 484.5 484.5067585350847 0.7667236 109.5 109.494983004 1 2 2 -3.10992654286 1.69814805868 3.54335292218 4.3776399 0.18867499999999993 201.0 3.2450027999999995 484.5 484.5112280097801 0.0943375 100.5 100.498302847 1 1 1 -0.401620045714 1.09077136064 1.16236002268 3.33697505 0 0 1.48905945 404.0 404.00274417142964 0.0 0.0 0.0 2
2 2 2 0.0157661442 0.0230503119318 0.027926478172 0.0732879675 0.037353518999999995 355.0 0.039855958999999996 568.5 568.5000023409088 0.0186767595 177.5 177.49999796 2 2 2 -0.017021178945 0.0124596114206 0.0210941330571 0.04397582844 0.014587400560000002 36.0 0.02479553172 568.0 568.000000598734 0.00729370028 18.0 17.9999996626 1 2 2 0.01608467075 0.0139268747221 0.0212761479751 0.047958373 0.018310546999999996 37.0 0.0388030995 568.5 568.5000013791021 0.0091552735 18.5 18.50000058 1
1 2 1 0.00112697052857 0.00823592410327 0.00831267155655 0.0246887205 0 0 0.0056152344 550.0 550.0000000286644 0.0 0.0 0.0 2 1 1 -0.0132075715571 0.0161027391092 0.0208263811849 0.053619383 0 0 0.032089232 550.0 550.000000936108 0.0 0.0 0.0 2 1 2 0.0160522458 0.0128927025176 0.0205887438526 0.0423278796 0.026702880000000005 195.0 0.016296386 452.5 452.5000004056501 0.01335144 97.5 97.5000003934 1
1 1 1 0.000688825315857 0.00408190984408 0.00413962175699 0.0120849609 0 0 0.0118255615 409.0 409.00000017095834 0.0 0.0 0.0 1 2 1 -0.0024239677 0.00727919597378 0.00767217788085 0.024215698 0 0 0.01272583 409.0 409.0000001979789 0.0 0.0 0.0 1 1 1 0.0108141216571 0.00759497889986 0.0132147240495 0.0235137936 0 0 0.008789062600000001 400.0 400.0000000965595 0.0 0.0 0.0 1
2 1 2 -0.00402069092362 0.00575668527814 0.00702177904059 0.0160980224 0.004379272400000002 366.0 0.013908386200000001 580.0 580.0000001713896 0.0021896362 183.0 182.999999998 1 2 2 -0.0030994415375 0.00782955599574 0.00842071760213 0.025680542 0.0049133300000000005 173.0 0.023223877 483.5 483.5000005608352 0.002456665 86.5 86.5000000177 1 1 1 0.011754989575 0.00759596919629 0.0139956610397 0.0229492184 0 0 0.0229492184 365.0 365.0000007214611 0.0 0.0 0.0 1
2 2 3 -0.0056552887 0.00849039505432 0.0102014262953 0.0276794434 0.0121612549 7.5 0.019571940133333333 393.0 393.0000005446114 0.00651840674958 3.74165738677 3.74165705081 2 2 3 -0.002380371025 0.00670073695451 0.00711098037898 0.021759033 0.0077743533 7.5 0.015584309800000001 393.0 393.00000032527595 0.00368716545466 3.74165738677 3.74165749355 1 1 1 0.00930595395 0.00767842917868 0.0120647856828 0.023178101 0 0 0.0206146244 597.0 597.0000003559152 0.0 0.0 0.0 1
1 2 2 -0.00181143624286 0.00826901165672 0.00846509628066 0.0276794434 0.019195556699999998 81.0 0.01808166505 428.5 428.5000005320213 0.00959777835 40.5 40.4999995447 2 1 2 0.00121852338571 0.00829606532511 0.00838507597581 0.025512695 0.012023925800000002 81.0 0.0195007321 428.5 428.50000046419416 0.0060119629 40.5 40.5000002297 1 1 1 0.00499616344286 0.00715299386569 0.00872507709939 0.0171813963 0 0 0.017059326 630.0 630.0000002309688 0.0 0.0 0.0 1
1 1 1 -0.00355747768571 0.00562197377645 0.00665298704549 0.0137176513 0 0 0.0137176513 410.0 410.00000022948046 0.0 0.0 0.0 1 1 1 0.00500052321429 0.00544655859053 0.00739393216744 0.0162506104 0 0 0.0103759768 372.0 372.0000001447055 0.0 0.0 0.0 1 2 1 0.00204467772857 0.00218396476793 0.00299172343663 0.0057983399 0 0 0.0052947998 379.0 379.00000003698534 0.0 0.0 0.0 1
2 2 2 -0.003438949593 0.00523263536078 0.00626153712136 0.0137176513 0.0066070556999999995 24.0 0.01041412345 398.0 398.00000014748673 0.00330352785 12.0 12.000000082 1 1 1 0.0033130645375 0.00352617069837 0.00483841672695 0.0129699703 0 0 0.007827758399999999 576.0 576.0000000531891 0.0 0.0 0.0 1 2 2 0.0034942626925 0.00198894670531 0.00402066919315 0.00694274896 0.00131225586 172.0 0.00364685063 490.0 490.0000000135712 0.00065612793 86.0 86.0000000025 1
1 1 1 -0.00372096476343 0.00447200751778 0.00581759658362 0.0133209233 0 0 0.0058288574 389.0 389.0000000436704 0.0 0.0 0.0 1 2 2 -0.00301034108571 0.00895033448447 0.00944302074742 0.026794433 0.0208587645 309.0 0.01636505075 533.5 533.5000002841202 0.01042938225 154.5 154.500000238 1 1 1 0.00985717764857 0.00835190570098 0.012919685756 0.02368163996 0 0 0.00227355956 379.0 379.00000000681933 0.0 0.0 0.0 1
2 1 2 -0.00901794437143 0.00579439186459 0.0107190623548 0.0185699462 0.0016632079999999994 306.0 0.0177383422 533.0 533.0000003310386 0.000831604 153.0 152.999999877 1 2 1 -0.00219290592857 0.010743047234 0.0109645747881 0.0311279295 0 0 0.029266357 387.0 387.00000110661455 0.0 0.0 0.0 1 2 2 0.0125950403 0.00997497350201 0.0160665844698 0.0280456539 0.0157775879 306.0 0.02015685995 533.0 533.0000005723218 0.00788879395 153.0 152.999999537 1
2 2 2 -0.005970001175 0.00710752422204 0.00928212338834 0.0227355956 0.003967285099999999 199.0 0.016586303650000002 479.5 479.5000003189419 0.00198364255 99.5 99.4999998652 1 2 2 0.00543975821875 0.00683481759127 0.00873531344512 0.0173797607 0.00241088865 45.0 0.016174316375 389.5 389.50000033592073 0.001205444325 22.5 22.5000000307 2 2 3 0.005210876425 0.00853711849223 0.0100017811047 0.0303344722 0.019195556250000002 18.0 0.015248616400000003 392.0 392.00000041125867 0.00909698847183 12.3558353286 12.3558350392 1
1 1 1 0.0554438942857 0.460522874364 0.463848405437 1.5648346 0 0 0.57434083 498.0 498.0003311920475 0.0 0.0 0.0 0 0 0 -0.123489382286 0.281859512187 0.307724571895 0.865387 1 2 2 -0.349522188143 0.726997337376 0.806654131927 2.30758668 1.72148134 101.0 1.44684601 441.5 441.503579226375 0.86074067 50.5 50.4967698787 2
1 1 1 -0.009838104275 0.0309403525229 0.0324668093592 0.110305786 0 0 0.095382691 391.0 391.00001163408905 0.0 0.0 0.0 1 1 1 0.0269470214125 0.0286616785004 0.0393399768361 0.088729858 0 0 0.05528259270000001 391.0 391.00000390813943 0.0 0.0 0.0 1 1 1 -0.010635375945 0.0215057570254 0.0239918487559 0.073959351 0 0 0.02507019 391.0 391.0000008037269 0.0 0.0 0.0 1
1 1 1 -0.01332092285 0.0274633820309 0.0305235046833 0.091674805 0 0 0.0788421633 603.0 603.0000051543008 0.0 0.0 0.0 1 0 0 0.01927185055 0.0274384816777 0.0335302028088 0.090957641 1 1 1 0.0006885527375 0.0220811186658 0.022091851584 0.073959351 0 0 0.009628296100000001 389.0 389.00000011915694 0.0 0.0 0.0 1
1 1 1 0.001468658425 0.00722919154555 0.00737686708377 0.018829346 0 0 0.013244628999999999 402.0 402.0000002181843 0.0 0.0 0.0 2 1 2 0.003337860115 0.0115292690843 0.012002722848 0.036560058 0.010589598999999998 12.0 0.031265258500000004 578.0 578.0000008729212 0.0052947995 6.0 5.99999970453 1 1 1 0.0068283081025 0.0127237006367 0.0144401644531 0.035385131 0 0 0.008041382000000001 402.0 402.00000008042764 0.0 0.0 0.0 1
1 1 1 0.00209917345714 0.00675421086621 0.00707289853089 0.017333985 0 0 0.017333985 572.0 572.000000262646 0.0 0.0 0.0 2 2 2 0.00615801136 0.00729502291876 0.00954664670421 0.020050049 0.005996704320000001 28.0 0.017051696839999998 388.0 388.00000039154077 0.00299835216 14.0 13.9999998541 1 1 1 0.00505283911714 0.00945719798902 0.0107223960451 0.029724121 0 0 0.029724121 377.0 377.00000117178166 0.0 0.0 0.0 1
1 1 1 0.00124904097143 0.0047094455607 0.00487226649902 0.016586304 0 0 0.0038452149 387.0 387.00000001910297 0.0 0.0 0.0 1 1 1 0.00725882398571 0.00357628770878 0.00809199353877 0.011062622 0 0 0.008911132799999999 471.0 471.00000008429754 0.0 0.0 0.0 1 1 1 0.0035226004 0.00453535937563 0.00574266473375 0.0135192867 0 0 0.009796143 459.0 459.0000001045364 0.0 0.0 0.0 1
1 1 1 -0.0045852660875 0.00525935398038 0.00697749735823 0.0155334474 0 0 0.0038452149 387.0 387.00000001910297 0.0 0.0 0.0 1 1 1 -0.002090454025 0.00829997828639 0.00855918439953 0.023162842 0 0 0.021148681699999998 593.0 593.0000003771221 0.0 0.0 0.0 1 1 1 0.0075855254625 0.00580396100598 0.00955123865795 0.01751709 0 0 0.006713866799999999 385.0 385.00000005854025 0.0 0.0 0.0 1
1 1 1 -0.0063304901 0.0058355016178 0.00860977258919 0.0174102785 0 0 0.0140075685 400.0 400.00000024526497 0.0 0.0 0.0 1 1 1 -0.00427055354 0.00697201619212 0.00817597928821 0.0207977295 0 0 0.0178070069 403.0 403.00000039341126 0.0 0.0 0.0 1 2 2 0.0103187561 0.0066454686387 0.012273507277 0.0199584958 0.0100097654 17.0 0.0149078367 391.5 391.50000032011553 0.0050048827 8.5 8.49999980247 1
1 1 1 -0.004601614827 0.00544005784 0.00712524303576 0.0174102785 0 0 0.0174102785 586.0 586.0000002586329 0.0 0.0 0.0 1 1 1 0.00250680106857 0.00511613156835 0.00569726722404 0.0171203614 0 0 0.0171203614 781.0 781.0000001876484 0.0 0.0 0.0 1 1 1 0.00846644808571 0.00621591564097 0.0105032542787 0.0199127194 0 0 0.0199127194 383.0 383.00000051764545 0.0 0.0 0.0 1
1 1 1 -0.00318690710414 0.00250933598894 0.00405624752645 0.006317138711 0 0 0.005142212 382.0 382.0000000346104 0.0 0.0 0.0 1 1 1 0.00263759062857 0.00561078067339 0.00619981806901 0.0165405274 0 0 0.009735107 506.0 506.0000000936485 0.0 0.0 0.0 2 1 1 0.0053362165 0.00305088267443 0.00614679523232 0.0098419193 0 0 0.004592896000000001 506.0 506.00000002084454 0.0 0.0 0.0 1
1 1 1 -0.00603675843 0.00453385678502 0.00754972249088 0.01316833496 0 0 0.01087951696 381.0 381.00000015533317 0.0 0.0 0.0 1 1 1 -0.0015888214375 0.00472860867131 0.00498839588712 0.017303466 0 0 0.010101318 390.0 390.0000001308162 0.0 0.0 0.0 1 1 1 0.0074062347375 0.00470819539772 0.00877607069764 0.0145111083 0 0 0.0083465576 393.0 393.00000008863236 0.0 0.0 0.0 1
0 1 0 -0.00420052664286 0.00770586206676 0.00877637364002 0.021774292 1 1 1 -0.00194658547143 0.00454433749774 0.00494370289266 0.0145568844 0 0 0.010101318 390.0 390.0000001308162 0.0 0.0 0.0 1 2 2 0.00759451734286 0.00610905918911 0.0097466557263 0.018569946 0.010299682400000001 181.0 0.013420104799999999 484.5 484.5000002485469 0.0051498412 90.5 90.4999998109 1
2 2 2 0.84031676 0.640227562674 1.05642017642 2.03694148 0.8213043000000004 7.0 1.62628933 386.5 386.5036242828081 0.41065215 3.5 3.50169507911 2 1 2 -0.421813955 2.57826041645 2.61253780598 8.2376098 1.9434204 192.0 7.265899599999999 486.0 486.06051104221456 0.9717102 96.0 95.9735230316 2 1 2 -0.0310630785 1.41709795658 1.41743837022 4.4925384 2.3492126279999996 205.0 3.317932086 485.5 485.51157961038393 1.174606314 102.5 102.50558247 2
1 2 1 -0.0120334624625 0.0243799279901 0.0271879588723 0.074386597 0 0 0.070297241 392.0 392.0000063031914 0.0 0.0 0.0 2 1 2 0.0232315059425 0.0256063568929 0.0345743891007 0.06790161066 0.045654296 196.0 0.04507446266 489.0 489.00000228010055 0.022827148 98.0 98.0000016472 2 2 2 -0.03411102345 0.0460437198252 0.0573025833287 0.140869144 0.016998293999999997 195.0 0.07817077800000001 489.5 489.50000685795885 0.008499147 97.5 97.4999972767 1
2 2 2 0.0025482177875 0.00919258477983 0.00953923628111 0.025878907 0.0009765629999999997 7.0 0.0187835695 393.5 393.5000004484443 0.0004882815 3.5 3.50000001932 2 1 1 0.0001335143175 0.0140641836359 0.0140648173617 0.044754029 0 0 0.02224731466 391.0 391.0000006329194 0.0 0.0 0.0 2 2 2 0.00826263425 0.00838822347947 0.0117742693145 0.0237884522 0.0127868649 14.0 0.01739501975 398.0 398.00000043653546 0.00639343245 7.0 6.99999971289 1
2 2 3 0.0007781984125 0.0138787892758 0.0139005893591 0.043807983 0.018669128499999996 7.5 0.03136189733333333 391.0 391.00000139038167 0.0104247522355 4.54606056566 4.5460611118 2 1 2 -0.0064830780875 0.01191944741 0.0135684755241 0.032272339 0.004150390299999997 179.0 0.030197143849999997 489.5 489.50000094397694 0.00207519515 89.5 89.4999999554 1 0 0 0.0068321227625 0.0102446541022 0.0123138474538 0.030502319 1
1 1 1 -0.00139726894286 0.0130482132173 0.0131228132907 0.043807983 0 0 0.043807982999999995 397.0 397.0000024170521 0.0 0.0 0.0 0 1 0 -0.00553022104286 0.00720979156911 0.00908649763401 0.0214538577 1 1 1 0.00287737162857 0.00871731544275 0.0091799159047 0.024734497 0 0 0.024734497 597.0 597.0000005123915 0.0 0.0 0.0 1
1 1 1 -0.00658525741429 0.0121450507615 0.0138154939547 0.04069519 0 0 0.0258178709 674.0 674.0000004944825 0.0 0.0 0.0 2 2 2 -0.003808157727 0.00313357987706 0.00493167193958 0.009140014211 0.004623412589000001 2.0 0.0058517454055 391.0 391.0000000507115 0.0023117062945 1.0 0.999999965273 1 1 1 0.00963919512857 0.00763536384449 0.0122968639809 0.0190429691 0 0 0.0190429691 872.0 872.0000002079328 0.0 0.0 0.0 1
1 1 1 -0.0013313292875 0.0185565802411 0.0186042766029 0.05078125 0 0 0.05078125 972.0 972.00000132651 0.0 0.0 0.0 1 2 1 -0.00273132329863 0.00390033727634 0.00476159194292 0.0133056644 0 0 0.003540039111 392.0 392.00000001598454 0.0 0.0 0.0 2 2 2 0.0155944825 0.00650485881149 0.0168967769885 0.0168609623 0.003906250600000001 4.0 0.014907837 390.0 390.00000028944305 0.0019531253 2.0 2.00000007317 1
1 1 1 -0.0067176819125 0.0193927486098 0.0205233025831 0.054794312 0 0 0.054794312 802.0 802.0000018718308 0.0 0.0 0.0 1 1 1 -0.0022201539 0.00655964680606 0.00692517505627 0.0188446047 0 0 0.0159606937 588.0 588.0000002166188 0.0 0.0 0.0 1 1 1 0.0090770722125 0.0102024245435 0.0136558671097 0.029800415 0 0 0.029800415 399.0 399.00000111286306 0.0 0.0 0.0 1
1 1 1 -0.0155835832857 0.0162999270771 0.0225507359246 0.049453736 0 0 0.012756347 400.0 400.0000002034055 0.0 0.0 0.0 1 1 1 -0.00611005535714 0.0194841022719 0.0204196723237 0.060516359 0 0 0.0582885757 799.0 799.0000021261314 0.0 0.0 0.0 1 1 1 -0.00104413704286 0.0110478204012 0.0110970517608 0.035064697 0 0 0.0131683345 389.0 389.00000022288566 0.0 0.0 0.0 1
0 1 0 -0.000595092628571 0.0181259258621 0.01813569198 0.049972535 1 1 1 -0.00655691977143 0.0219856254249 0.0229425570112 0.063064577 0 0 0.0087585452 481.0 481.00000007974234 0.0 0.0 0.0 1 1 1 0.00534711559429 0.0154906070482 0.0163875120717 0.048522949 0 0 0.033691406 684.0 684.0000008297594 0.0 0.0 0.0 1
1 1 1 0.008903503425 0.0138835843881 0.0164932194765 0.042053223 0 0 0.0369567873 792.0 792.0000008622501 0.0 0.0 0.0 1 1 1 -0.00240135185 0.0117391689518 0.0119822609881 0.041015625 0 0 0.013580322 388.0 388.00000023766125 0.0 0.0 0.0 2 2 2 0.01551628102 0.0100042962303 0.018461877471 0.0306243895 0 0 0.016250610250000002 400.0 400.00000058835985 0.01437377925 0.0 5.83956733635e-07 1
1 1 1 -0.00219508574286 0.021839893235 0.021949927971 0.067764282 0 0 0.06776428200000001 573.0 573.000004006979 0.0 0.0 0.0 1 2 2 -0.000588553328571 0.00694200812073 0.00696691264254 0.018966675 0.0009765629999999997 8.0 0.0140686035 384.0 384.00000025824045 0.0004882815 4.0 3.99999997942 1 1 1 0.0134931291 0.00690935426812 0.0151592779944 0.017272949 0 0 0.0165863033 573.0 573.0000002400571 0.0 0.0 0.0 1
2 1 2 -0.1240997275 0.495745982309 0.511042876226 1.6258087 0.3067016600000001 293.0 1.1091461200000001 523.5 523.50139783363 0.15335083 146.5 146.499283916 2 2 2 -0.08469390825 0.281382965467 0.293852737522 0.9606476 0.59904482 85.0 0.66112519 431.5 431.50057076523575 0.29952241 42.5 42.5004026977 2 2 2 0.044858925 1.2849454831 1.28572828299 3.8427582 3.57510376 85.0 2.05520632 431.5 431.50783430410786 1.78755188 42.5 42.5077422233 2
0 1 0 -0.0028610227375 0.0123840489346 0.0127102367845 0.036010742 1 2 2 -0.00708961491875 0.0265296131183 0.0274605719514 0.093460083 0.041549683 86.0 0.0726852415 543.0 543.0000050737898 0.0207748415 43.0 43.0000023791 1 1 1 0.004526138625 0.0244769654879 0.0248919217889 0.070114136 0 0 0.062332154 891.0 891.0000021803016 0.0 0.0 0.0 1
1 1 1 0.0105525425143 0.0154773530986 0.018732448117 0.051834106 0 0 0.039581298 592.0 592.0000013232087 0.0 0.0 0.0 1 1 1 -0.00498308454143 0.0104709853286 0.0115962349623 0.035263061 0 0 0.035263061 592.0 592.0000010502393 0.0 0.0 0.0 0 0 0 0.0182865689286 0.00797788866508 0.0199510729218 0.027755737 1
1 1 1 -0.00143214642857 0.0274052662283 0.0274426613221 0.076446533 0 0 0.068725586 389.0 389.00000607095905 0.0 0.0 0.0 0 0 0 0.00370134616571 0.0297049841213 0.029934696342 0.106246948 1 1 1 -0.00963483535714 0.0297259851655 0.0312484279031 0.081878662 0 0 0.07257080099999999 395.0 395.0000066664824 0.0 0.0 0.0 1
0 0 0 -0.025545120125 0.0294496933405 0.0389850945882 0.103271483 1 1 1 0.0124702449625 0.0376181864338 0.0396312371747 0.114105223 0 0 0.086746215 568.0 568.0000066240368 0.0 0.0 0.0 1 1 1 -0.036336898875 0.0275781073787 0.0456171264597 0.089187622 0 0 0.07510376 568.0 568.0000049652947 0.0 0.0 0.0 1
1 1 1 -0.00649370428571 0.0438143451812 0.0442929457025 0.140625 0 0 0.140625 391.0 391.0000252882225 0.0 0.0 0.0 2 2 2 0.00150408038571 0.051909361479 0.0519311473681 0.14930725 0.09288025 19.0 0.102867125 381.5 381.50001639340434 0.046440125 9.5 9.50001211383 1 2 1 -0.0155574255714 0.041083889556 0.0439308487451 0.123962402 0 0 0.05851745600000001 372.0 372.00000460254387 0.0 0.0 0.0 1
1 1 1 0.0112849645714 0.0290440070845 0.0311593448728 0.086486818 0 0 0.086486818 675.0 675.0000055407182 0.0 0.0 0.0 1 1 1 -0.0201263427143 0.0400053296027 0.0447827652973 0.13977051 0 0 0.073684693 476.0 476.0000057031869 0.0 0.0 0.0 1 2 2 0.0120043071429 0.0163127918929 0.0202536557026 0.050918579 0.00013732899999999854 89.0 0.050849914499999996 435.5 435.50000299917326 6.86645e-05 44.5 44.4999997016 1
1 2 2 0.004625320375 0.0178619676447 0.0184511104466 0.055007934 0.015182494999999997 16.0 0.0474166865 389.0 389.00000298426266 0.0075912475 8.0 7.9999990133 2 1 1 -0.000680923625 0.0291466485638 0.0291546013432 0.082138061 0 0 0.020431518000000003 381.0 381.0000005478306 0.0 0.0 0.0 1 2 1 0.0155944822 0.0126135235677 0.0200571396734 0.040145874 0 0 0.029067993 581.0 581.0000007271499 0.0 0.0 0.0 1
1 1 1 -0.0002231598375 0.0128624825905 0.0128644183197 0.042480469 0 0 0.021301269999999997 591.0 591.0000003838783 0.0 0.0 0.0 1 1 1 0.004541397 0.0258013374841 0.0261979637124 0.082138061 0 0 0.064529419 594.0 594.0000035050891 0.0 0.0 0.0 1 1 1 0.015302657775 0.0186413827278 0.0241178872413 0.057815551 0 0 0.0348510734 594.0 594.0000010223883 0.0 0.0 0.0 1
0 1 0 -0.00963701524286 0.0106067192251 0.0143308951399 0.027938843 1 1 1 -0.001488822 0.0109639586094 0.0110645822034 0.031829834 0 0 0.021530151 392.0 392.00000059125944 0.0 0.0 0.0 1 1 1 5.01358285714e-05 0.0190396245974 0.019039690607 0.058181762 0 0 0.058181762 779.0 779.0000021727326 0.0 0.0 0.0 1
1 1 1 0.0120566232857 0.0225066354294 0.0255325440058 0.064407349 0 0 0.049087524 891.0 891.0000013521801 0.0 0.0 0.0 1 1 1 0.00243268672857 0.0102839737618 0.010567785059 0.02684021 0 0 0.026260376000000002 510.0 510.0000006760856 0.0 0.0 0.0 1 2 2 0.00313241145714 0.0122723649581 0.012665817905 0.032485962 0.023818970000000002 297.0 0.019798279 540.5 540.5000004044871 0.011909485 148.5 148.500000325 1
1 0 0 -0.019239425625 0.0587631166511 0.0618325106795 0.153701785 0 0 0 0.004344940125 0.00785893470934 0.00898005342164 0.024124146 2 1 2 0.01729202275 0.0126235814144 0.0214095506378 0.04586792 0.003982544000000001 4.0 0.009880066 390.0 390.000000130494 0.001991272 2.0 1.99999994888 1
2 2 2 -0.067028046875 1.22574677897 1.22757807297 4.1126251 2.5874023299999998 9.0 2.818923935 404.5 404.5117921121057 1.293701165 4.5 4.50888424205 2 2 3 0.214895245 0.877833811112 0.903754483394 2.9291077 1.1062164450000003 29.0 2.19163007 391.3333333333333 391.3401511123716 0.666936366858 13.6950923894 13.6918774155 1 1 1 -0.473880767812 0.344767845967 0.586027174895 1.2233276375 0 0 0.27354431 578.0 578.0000647287935 0.0 0.0 0.0 2
2 1 1 0.041236879775 0.219878515772 0.223711962022 0.73980713 0 0 0.62641907 391.0 391.0005017910479 0.0 0.0 0.0 1 0 0 -0.04508209425 0.172723884982 0.178510323693 0.58285523 1 2 1 -0.03090476875 0.412851924784 0.414007024734 1.19848632 0 0 1.19848632 587.0 587.0012234820803 0.0 0.0 0.0 1
1 1 1 -0.0336499885714 0.180405484538 0.183516921787 0.5473938 0 0 0.5473938 586.0 586.0002556654496 0.0 0.0 0.0 2 1 2 0.0385502391429 0.204864333312 0.208459866644 0.54998779 0.030334470000000002 6.0 0.534820555 394.0 394.0003631421321 0.015167235 3.0 3.00001782314 1 1 1 0.07396589 0.358955480582 0.366496916663 1.12858582 0 0 0.03172301999999999 391.0 391.0000012868926 0.0 0.0 0.0 1
1 2 2 -0.0313524518571 0.151699769946 0.154905766319 0.41952515 0.044021610000000044 338.0 0.397514345 540.0 540.0001570751222 0.022010805 169.0 168.999967044 1 1 1 -0.00187247071429 0.245044066813 0.245051220823 0.67704772 0 0 0.67704772 515.0 515.0004450421525 0.0 0.0 0.0 1 2 1 -0.155255997857 0.303514516138 0.340918592008 0.9388733 0 0 0.72866822 506.0 506.00052466116557 0.0 0.0 0.0 1
1 2 2 -0.770145420375 1.24524769756 1.46416044094 4.337204 3.188797 192.0 2.7428055 493.0 493.00881483205717 1.5943985 96.0 96.0071538297 2 1 2 -0.511054996875 2.9354155961 2.97957076299 10.3102874 3.1304321 208.0 8.74507135 493.0 493.0898919602099 1.56521605 104.0 103.953280953 2 2 2 0.848661425 1.56294069262 1.77848526081 5.9742585 5.3513642599999995 8.0 3.2985763699999997 393.0 393.0231811302403 2.67568213 4.0 3.97730753096 2
1 2 2 -0.04178619175 0.180754623368 0.185521749911 0.51818848 0.04084778 112.0 0.40847015 446.0 446.00018813415056 0.02042389 56.0 55.999995083 1 2 2 0.0754318225 0.299026993264 0.308394394479 0.87854004 0.6841583200000001 500.0 0.53646088 641.0 641.0002407222562 0.34207916 250.0 250.000192405 1 1 1 0.058855057125 0.218958593443 0.22673064061 0.71339416 0 0 0.21340942999999998 391.0 391.00005823987397 0.0 0.0 0.0 1
1 1 1 -0.0173797592857 0.164899730063 0.165813078518 0.51818848 0 0 0.5181884800000001 396.0 396.00033903937606 0.0 0.0 0.0 1 2 1 -0.0691724521429 0.233179637615 0.243223295623 0.68333434 0 0 0.5329132 501.0 501.0002834295393 0.0 0.0 0.0 1 1 1 -0.177025929714 0.205992300834 0.27160818801 0.56446838 0 0 0.56446838 904.0 904.0001762303766 0.0 0.0 0.0 1
2 1 2 0.019206457 0.122434793865 0.123932105361 0.37322998 0.09658813600000005 15.0 0.24693298200000002 392.5 392.5000800960729 0.048294068 7.5 7.50002885268 1 1 1 0.0217176152 0.130374179834 0.132170653238 0.40138244 0 0 0.30200195 385.0 385.00011844826463 0.0 0.0 0.0 1 1 1 0.0270843507143 0.290789622132 0.292048226143 0.73614502 0 0 0.7361450199999999 979.0 979.00027676681 0.0 0.0 0.0 1
1 1 1 0.78200530325 0.945757602536 1.22718773505 3.1852569 0 0 1.3186187500000002 400.0 400.00217343835504 0.0 0.0 0.0 1 2 1 0.38014795 3.68881799499 3.70835417187 12.833405 0 0 3.8884584 400.0 400.0188996894128 0.0 0.0 0.0 1 1 1 -1.7788581875 1.73008123617 2.48143457197 5.31530764 0 0 5.31530764 662.0 662.0213383987768 0.0 0.0 0.0 2
1 1 1 -0.031352996375 0.0697038409251 0.0764305947995 0.230667115 0 0 0.179367065 457.0 457.0000351997186 0.0 0.0 0.0 2 1 2 0.050207138875 0.0567457092165 0.0757682803586 0.20014954 0.06846619000000001 262.0 0.16591644500000002 522.0 522.0000264241232 0.034233095 131.0 131.00000425 2 1 2 0.0531311032875 0.0878949082232 0.102705545265 0.29049683 0.19274902500000005 65.0 0.19412231750000003 424.5 424.50005225784855 0.0963745125 32.5 32.5000400708 1
2 1 2 0.035816192875 0.057248434816 0.0675291267598 0.19425964 0.023361204999999996 211.0 0.1825790375 499.5 499.50003412562137 0.0116806025 105.5 105.499997062 1 1 1 -0.034593581875 0.1532326955 0.157089066702 0.51747132 0 0 0.51747132 803.0 803.0001667350805 0.0 0.0 0.0 1 2 2 -0.068683625 0.192173759213 0.204078891788 0.5940857 0.30358887 346.0 0.44229126500000004 630.0 630.000156045332 0.151794435 173.0 173.000063717 1
2 1 1 0.037392752 0.0677631432763 0.0773954875223 0.22431946 0 0 0.130935668 403.0 403.00002127065596 0.0 0.0 0.0 1 1 1 -0.060008458 0.147950825045 0.159657325741 0.43574524 0 0 0.43574524 392.0 392.0002421860402 0.0 0.0 0.0 2 1 2 -0.0434504914286 0.242929705432 0.246784900241 0.73361207 0.49702453999999996 185.0 0.48509979999999997 495.5 495.50026354388444 0.24851227 92.5 92.5001940977 1
2 1 2 0.00876290428571 0.0551552408886 0.0558470150411 0.189346316 0.077285766 90.0 0.150703433 420.0 420.00003065273 0.038642883 45.0 44.99998285 1 1 1 -0.0220838272857 0.119613021958 0.121634577524 0.34948731 0 0 0.305953984 840.0 840.0000557189508 0.0 0.0 0.0 1 1 1 -0.0291050471429 0.263004003903 0.264609542228 0.77508545 0 0 0.77508545 773.0 773.0003885881654 0.0 0.0 0.0 1
1 1 1 -0.018381118625 0.0967970938662 0.0985268638639 0.33714294 0 0 0.163208007 460.0 460.00002895310075 0.0 0.0 0.0 1 2 2 -0.006338119375 0.145960224414 0.146097771606 0.41798401 0.14891053000000004 189.0 0.34352874499999997 495.5 495.500119167407 0.074455265 94.5 94.5000288924 2 1 2 0.0441799175 0.305987035277 0.309160040865 0.86146545 0.62452697 273.0 0.5492019650000001 529.5 529.500314286844 0.312263485 136.5 136.500242862 1
2 1 2 -0.042392730125 0.14241080256 0.148586608593 0.46328735 0.07839965999999998 410.0 0.42408752 594.0 594.0001623621214 0.03919983 205.0 204.999971953 2 1 2 0.055198669 0.102374094193 0.11630712885 0.26907348 0.05764769999999997 176.0 0.24024963 489.0 489.000064505277 0.02882385 88.0 87.9999742303 1 1 1 0.18737792875 0.25449798856 0.3160375205 0.72375489 0 0 0.64167786 772.0 772.0002666777234 0.0 0.0 0.0 1
1 2 2 0.00105067685714 0.132432765705 0.132436933497 0.4112091 0.261978146 1.0 0.253898617 388.5 388.50010493842433 0.130989073 0.5 0.500085470956 0 1 0 0.114013671714 0.106553274066 0.156053572698 0.33724976 0 1 0 0.534061975714 0.586264459926 0.793049942233 1.59112549 1
1 1 1 0.00903102248571 0.110825661799 0.11119301543 0.33641052 0 0 0.1145172086 444.0 444.0000147682329 0.0 0.0 0.0 1 1 1 0.244482857143 0.083677339707 0.25840620081 0.25601196 0 0 0.25204468 442.0 442.00007186257415 0.0 0.0 0.0 1 2 2 1.01026697714 0.223767285271 1.03475173982 0.79122925 0.29013062 33.0 0.6461639400000001 425.5 425.5005246917052 0.14506531 16.5 16.4997593578 1
1 1 1 0.052759170175 0.121263806653 0.132243868824 0.36979675 0 0 0.36979675 391.0 391.0001748716186 0.0 0.0 0.0 1 1 1 0.203422545625 0.17115987586 0.265850399986 0.5893097 0 0 0.16630554999999997 391.0 391.00003536769145 0.0 0.0 0.0 1 1 1 0.63845252375 0.383319748105 0.744684936312 1.28938289 0 0 0.48219295000000006 384.0 384.0003027473299 0.0 0.0 0.0 1
1 1 1 0.0597948347143 0.100760403857 0.117166894829 0.269683835 0 0 0.269683835 960.0 960.00003787988 0.0 0.0 0.0 2 1 2 0.0983363567143 0.169900021611 0.196306027404 0.5893097 0.2856597900000001 206.0 0.446479805 480.0 480.00021006462475 0.142829895 103.0 103.000087779 1 1 1 0.150050571429 0.397773104884 0.425133645993 1.14369202 0 0 1.14369202 779.0 779.0008395575942 0.0 0.0 0.0 1
1 1 1 0.00299290167143 0.0702402474606 0.070303981564 0.183502195 0 0 0.183502195 674.0 674.0000249800111 0.0 0.0 0.0 1 0 0 -0.00882829828571 0.129587928169 0.129888298078 0.36842346 1 1 1 -0.00317600857143 0.31205482576 0.312070987614 0.88587952 0 0 0.88587952 655.0 655.000599070355 0.0 0.0 0.0 1
1 1 1 0.0313663469625 0.0836773540523 0.0893630085828 0.25202942 0 0 0.0880126977 404.0 404.0000095869243 0.0 0.0 0.0 2 1 2 0.010547639625 0.135168122353 0.13557903231 0.38259888 0.014175419999999939 168.0 0.37551117 488.0 488.0001499079417 0.00708771 84.0 83.9999687423 1 1 1 0.15400314375 0.352492837317 0.384666308174 0.98495483 0 0 0.68333435 572.0 572.0004081692896 0.0 0.0 0.0 1
1 1 1 -0.02077293505 0.106365925753 0.108375389236 0.3629303 0 0 0.209197997 388.0 388.0000563966479 0.0 0.0 0.0 1 2 2 0.069969178375 0.106519764509 0.127444678796 0.31072999 0.26339722 8.0 0.17709351 392.0 392.00006152509116 0.13169861 4.0 4.00005886955 1 2 2 0.27632904375 0.320620692039 0.423267490582 0.95797729 0.32040405000000005 1.0 0.7977752650000001 589.5 589.500561770126 0.160202025 0.5 0.499782720991 1
0 0 0 -0.0279867996286 0.0923226693936 0.0964714270518 0.3097992 2 1 2 0.174955095714 0.175435682763 0.247763928575 0.55491639 0.24612427000000003 70.0 0.431854255 431.0 431.000225396942 0.123062135 35.0 35.0001050023 1 1 1 0.636032108571 0.428473093405 0.766893757248 1.29040529 0 0 0.59890749 396.0 396.00045289138444 0.0 0.0 0.0 1
1 1 1 -0.00878470342857 0.122195250607 0.12251061295 0.37716675 0 0 0.19396973 406.0 406.0000463352882 0.0 0.0 0.0 1 1 1 0.239706855714 0.129813925715 0.272600498873 0.42384339 0 0 0.39305115 603.0 603.0001281004893 0.0 0.0 0.0 1 2 2 0.671053206429 0.481801839831 0.82610254734 1.325012225 0.560119625 226.0 1.0449524125 490.0 490.0011158544943 0.2800598125 113.0 113.000339913 1
0 1 0 0.0165958395 0.118254357768 0.119413211245 0.38983154 2 2 2 0.129484174334 0.104906401743 0.16664784586 0.27742004 0.012832643669999977 198.0 0.265861508165 495.0 495.00007513241303 0.006416321835 99.0 98.9999815274 2 1 2 0.470996859375 0.325695506537 0.572639157341 1.002624525 0.29649354000000006 387.0 0.854377755 589.5 589.5007938323217 0.14824677 193.5 193.499524572 1
1 2 2 0.00251115985714 0.137119538637 0.137142530967 0.46177673 0.338012697 150.0 0.2927703815 527.0 527.0001243023046 0.1690063485 75.0 74.9998884199 1 1 1 0.08745465781 0.0633764373339 0.108004120208 0.19934081633 0 0 0.19934081633 405.0 405.0000490577267 0.0 0.0 0.0 1 2 2 0.29401725 0.331957340311 0.443443140757 0.91670227 0.38652038 244.0 0.7234420800000001 527.0 527.0004972207375 0.19326019 122.0 122.000150193 1
1 1 1 0.005100794 0.149151026103 0.149238221268 0.50866699 0 0 0.16839599300000002 393.0 393.00003607787426 0.0 0.0 0.0 1 2 2 0.0765904011429 0.0344122341232 0.0839660133898 0.095016479 0.034103392999999996 4.0 0.0697250365 390.0 390.0000066213731 0.0170516965 2.0 1.99999691751 1 1 1 0.165597098571 0.258294395656 0.306819806862 0.72904968 0 0 0.72904968 584.0 584.0004550626959 0.0 0.0 0.0 1
1 2 2 -0.023519517625 0.11991021705 0.122195040252 0.37020874 0.20181274700000001 178.0 0.26930236650000006 482.0 482.0000780452842 0.1009063735 89.0 89.0000419674 2 2 2 0.0449008935 0.138862002796 0.145940899195 0.42790222 0.332885741 2.0 0.2614593495 385.0 385.0001244659367 0.1664428705 1.0 1.00011271056 1 1 1 0.21183013875 0.345059065189 0.404892289569 1.0537262 0 0 0.9313812300000001 577.0 577.0007517074788 0.0 0.0 0.0 1
0 0 0 -0.0116446361429 0.165042268563 0.165452555022 0.52038575 2 2 2 0.0954764214286 0.247329930631 0.265118542608 0.73750305 0.07595825 47.0 0.389923095 409.5 409.50019010356914 0.037979125 23.5 23.4999529271 1 1 1 0.397497995714 0.455242147412 0.604359222133 1.18003846 0 0 1.18003846 782.0 782.0008903388583 0.0 0.0 0.0 1
1 1 1 0.00731986028571 0.172146681331 0.17230223518 0.58746338 0 0 0.58746338 594.0 594.0002904992748 0.0 0.0 0.0 1 1 1 0.121104647857 0.215625467322 0.247306849663 0.67663574 0 0 0.18800354 398.0 398.00004440367974 0.0 0.0 0.0 1 1 1 0.521626064286 0.258727150486 0.582265823607 0.74739075 0 0 0.74247742 594.0 594.0004640340942 0.0 0.0 0.0 1
2 1 2 -0.00013351425 0.129038104717 0.12903817379 0.40736389 0.24386597000000002 183.0 0.285430905 489.5 489.5000881962287 0.121932985 91.5 91.5000546139 1 1 1 0.13462448125 0.125336390273 0.183937385212 0.36701966 0 0 0.18800354 398.0 398.00004440367974 0.0 0.0 0.0 2 1 2 0.5890102425 0.2896887129 0.656393644204 0.86335755 0.43946840000000004 379.0 0.64362335 587.5 587.5003526937478 0.2197342 189.5 189.500126963 1
1 1 1 0.0377998346 0.0787545025057 0.0873561626945 0.26681519 0 0 0.182617189 379.0 379.0000439960894 0.0 0.0 0.0 1 1 1 0.201459884375 0.0865644229127 0.219270345297 0.26239014 0 0 0.21386718999999998 468.0 468.00004886663737 0.0 0.0 0.0 1 2 2 0.492448811875 0.367967360872 0.614740441962 0.944213875 0.845321675 192.0 0.5215530374999999 487.0 487.0003885596981 0.4226608375 96.0 96.0003760537 1
1 1 1 -0.023359298525 0.0665472725391 0.0705279824607 0.19151306 0 0 0.19151306 387.0 387.0000473866278 0.0 0.0 0.0 1 1 1 0.113979339375 0.123360776428 0.16795586017 0.422821045 0 0 0.21386718999999998 468.0 468.00004886663737 0.0 0.0 0.0 1 0 0 0.207218171375 0.182260613056 0.275967935854 0.515731814 1
1 1 1 -0.0252471916 0.0728998437753 0.0771479611276 0.19151306 0 0 0.19151306 387.0 387.0000473866278 0.0 0.0 0.0 0 0 0 0.0181518562 0.0816320807625 0.0836258721517 0.214569095 1 0 0 0.1672302252 0.2926703213 0.337078425875 0.76531983 1
1 1 1 0.0047626565 0.664811426914 0.664828486343 2.1602478 0 0 1.7311554 596.0 596.0025141717264 0.0 0.0 0.0 0 1 0 0.0416164225 0.985758791334 0.98663687409 3.660263 2 2 2 -0.16623685 1.33659261799 1.34689068478 5.095459 0.21870422 47.0 0.72109222 415.5 415.5006529321539 0.10935211 23.5 23.4997732931 2
1 1 1 0.023176192 0.102224642051 0.104818954956 0.31233215 0 0 0.10212707600000001 392.0 392.00001330349426 0.0 0.0 0.0 1 2 2 0.077671048125 0.299577889922 0.309482962127 0.81195068 0 0 0.648574827 391.0 391.0005720467709 0.163375853 0.0 0.000271000794299 1 2 2 -0.017747879375 0.250275639569 0.250904131062 0.69743347 0.15095520000000007 453.0 0.62195587 618.5 618.500334367413 0.0754776 226.5 226.499953451 1
2 1 2 0.049396514 0.111637063553 0.122077227827 0.35264587 0 0 0.10710143800000001 391.0 391.000015188001 0.02015686 0.0 5.52130080678e-06 1 2 1 -0.0745925918125 0.208041812727 0.221010068993 0.70996093 0 0 0.3929138155 651.0 651.0001185723904 0.0 0.0 0.0 2 1 2 -0.016201019375 0.258998501184 0.259504714108 0.75601196 0.292907715 133.0 0.6095581025000001 522.5 522.5003601747743 0.1464538575 66.5 66.5001250152 1
1 2 2 -0.00578744057143 0.132566435343 0.132692706084 0.39785766 0.270599362 9.0 0.262557979 395.5 395.5001092863249 0.135299681 4.5 4.50008857702 1 1 1 -0.0255432126429 0.143699677639 0.145952228711 0.45533753 0 0 0.208618166 401.0 401.00005426625466 0.0 0.0 0.0 1 1 1 -0.0761762342857 0.326214695663 0.334990815302 0.98886108 0 0 0.98886108 791.0 791.0006181073662 0.0 0.0 0.0 1
1 1 1 0.00561741492857 0.150576883252 0.150681628344 0.50819397 0 0 0.50819397 842.0 842.000153361691 0.0 0.0 0.0 1 1 1 0.0425545835714 0.137431882207 0.143869436747 0.45533753 0 0 0.225128178 384.0 384.0000659930888 0.0 0.0 0.0 1 1 1 -0.00945826857143 0.352510720372 0.352637585662 0.99148559 0 0 0.9914855899999999 845.0 845.0005816824479 0.0 0.0 0.0 1
1 1 1 0.011507035075 0.121633248624 0.122176343975 0.44026184 0 0 0.44026184 780.0 780.0001242503027 0.0 0.0 0.0 1 1 1 0.010940552125 0.127065831524 0.127535960504 0.42404175 0 0 0.392822264 391.0 391.0001973264606 0.0 0.0 0.0 1 2 2 0.0154190065875 0.290645051225 0.29105376061 0.80879211 0.54096985 118.0 0.538307185 520.0 520.0003213442087 0.270484925 59.0 59.0002435473 1
1 1 1 0.0285472882625 0.130524934626 0.133610277398 0.41188049 0 0 0.41188049000000004 780.0 780.0001087471322 0.0 0.0 0.0 1 1 1 -0.200141907875 0.267758228771 0.33429216617 0.941375734 0 0 0.392822264 391.0 391.0001973264606 0.0 0.0 0.0 1 1 1 -0.344375610662 0.484806429648 0.594669517839 1.69496154 0 0 0.71138 597.0 597.0004238369554 0.0 0.0 0.0 1
1 1 1 0.0490940637143 0.192128823539 0.198302072421 0.5068512 0 0 0.254867558 459.0 459.0000707597681 0.0 0.0 0.0 1 1 1 -0.415743148571 0.280082071309 0.501286676716 0.70771789 0 0 0.70771789 838.0 838.0002988451805 0.0 0.0 0.0 1 1 1 -1.206913534 0.997977407332 1.56607764306 2.59986874 0 0 2.58737184 838.0 838.0039943180691 0.0 0.0 0.0 1
1 1 1 0.0945238391429 0.227581615765 0.246430817879 0.68432618 0 0 0.68432618 390.0 390.00060038712843 0.0 0.0 0.0 2 1 2 -0.433059695714 0.282565741849 0.517091963309 0.91677856 0.2675170899999999 1.0 0.637268085 390.5 390.50054261719515 0.133758545 0.5 0.500217589309 1 1 1 -1.59305681429 0.574298857259 1.69341347313 1.4126739 0 0 1.4126739 391.0 391.00255197063325 0.0 0.0 0.0 1
2 1 2 0.106719972 0.178289499812 0.207789071337 0.69033814 0.31619263000000003 375.0 0.5322418250000001 589.5 589.5002403907181 0.158096315 187.5 187.50006628 2 2 3 -0.26278496 0.311791265496 0.407761852608 0.82241823 0.06593325000000005 10.5 0.72707113 393.0 393.0006741177476 0.037499676646 6.68331255192 6.68332614171 0 1 0 -0.73935318125 0.524123035906 0.906282562666 1.80860902 1
2 1 1 -0.0168457035714 0.141700192686 0.142698010975 0.37414551 0 0 0.37414551 402.0 402.000174110488 0.0 0.0 0.0 2 1 1 -0.119511194857 0.241812112946 0.269733245381 0.73078918 0 0 0.7307891799999999 402.0 402.00066424425916 0.0 0.0 0.0 1 1 1 -0.123661583429 0.420841036851 0.438633520737 1.22245786 0 0 1.22245786 845.0 845.0008842617973 0.0 0.0 0.0 1
1 1 1 -0.0388314384286 0.162698495933 0.167268291045 0.50686646 0 0 0.32481384 587.0 587.0000898671402 0.0 0.0 0.0 2 1 1 -0.0324380077143 0.255777666994 0.257826374286 0.74180604 0 0 0.566085826 587.0 587.0002729583373 0.0 0.0 0.0 1 1 1 0.0170222683429 0.293082708714 0.293576619925 0.7960968 0 0 0.7960967999999999 587.0 587.0005398380098 0.0 0.0 0.0 1
1 2 2 -0.072721481625 0.184658265162 0.19846180686 0.67515565 0.14865112400000002 204.0 0.432540898 492.0 492.0001903838597 0.074325562 102.0 102.000025873 2 1 2 0.01273727125 0.255292896664 0.255610448077 0.74180604 0 0 0.33860778999999996 390.0 390.0001479610055 0.02746582 0.0 2.38465053428e-05 1 1 1 -0.07295036845 0.388089676998 0.394886507302 1.2501068 0 0 0.91955564 783.0 783.000539963144 0.0 0.0 0.0 1
1 1 1 -0.028541565125 0.175016999361 0.177328990876 0.55703736 0 0 0.54370118 387.0 387.00038192613346 0.0 0.0 0.0 2 1 2 0.04904365425 0.1525966917 0.160284217376 0.4655304 0.061523439999999985 72.0 0.43476868 423.0 423.000223478694 0.03076172 36.0 36.0000125981 2 1 2 0.0661125125 0.414459992834 0.419699833177 1.2501068 0.007751440000000054 81.0 1.2462310799999998 619.5 619.5012583837274 0.00387572 40.5 40.4999255296 1
1 1 1 -0.00107029428571 0.156167471423 0.156171139013 0.39831543 0 0 0.39831543 386.0 386.00020551183883 0.0 0.0 0.0 1 1 1 -0.0213819244286 0.204220320649 0.205336616458 0.63116456 0 0 0.63116456 773.0 773.0002576769957 0.0 0.0 0.0 1 1 1 -0.00232805532371 0.346722697591 0.346730513319 0.97009276 0 0 0.8868866 384.0 384.00102417551085 0.0 0.0 0.0 1
1 1 1 0.0323595318571 0.159685818206 0.162931580235 0.43811035 0 0 0.43811035 597.0 597.0001607543156 0.0 0.0 0.0 1 1 1 -0.062441146 0.177235773334 0.187913320611 0.563217175 0 0 0.13902282700000002 391.0 391.00002471527597 0.0 0.0 0.0 2 1 2 0.0434613911334 0.304899183185 0.307981175441 0.864624 0.42015074726600005 261.0 0.6545486263670001 520.5 520.5004137256402 0.210075373633 130.5 130.500160448 1
1 1 1 0.078014374125 0.179302210555 0.19553906331 0.49601746 0 0 0.40473938 843.0 843.0000971613026 0.0 0.0 0.0 1 1 1 0.093622207625 0.153506771154 0.179803911388 0.449768066 0 0 0.091796876 392.0 392.00001074829885 0.0 0.0 0.0 1 2 2 0.43810082065 0.428602972176 0.612888926978 1.4903107148 0.1747894248 74.0 0.3366928024 429.0 429.0001361223304 0.0873947124 37.0 37.00005685 1
1 1 1 -0.0612945555 0.243276950542 0.250879846139 0.67237854 0 0 0.67237854 583.0 583.0003877296318 0.0 0.0 0.0 1 1 1 0.346406936625 0.317898156723 0.470166995641 1.036331166 0 0 1.036331166 972.0 972.0005524598664 0.0 0.0 0.0 1 1 1 1.3735294475 0.873862946582 1.62794950553 2.39718629 0 0 2.39718629 779.0 779.0036883751636 0.0 0.0 0.0 1
1 1 1 0.00862121371429 0.330188217092 0.330300747853 1.04669188 0 0 1.04669188 836.0 836.0006552413053 0.0 0.0 0.0 1 1 1 0.411163329286 0.374050824622 0.555850072186 1.13560485 0 0 1.13560485 588.0 588.0010965962354 0.0 0.0 0.0 1 1 1 1.49821473143 0.773224459444 1.6859784833 2.01168824 0 0 2.0116882400000002 1029.0 1029.0019664167678 0.0 0.0 0.0 1
1 1 1 0.116143360386 0.274913847864 0.298440787945 0.92803954 0 0 0.36703491 396.0 396.0001700941872 0.0 0.0 0.0 1 2 2 0.25993783 0.287161493544 0.3873362865 0.9125824 0.1634674100000001 138.0 0.830848695 521.0 521.0006984078577 0.081733705 69.0 68.9997771625 1 1 1 0.660566057143 0.270689092452 0.713876810537 0.86384582 0 0 0.38775634000000003 600.0 600.000125295803 0.0 0.0 0.0 1
1 1 1 0.0373077397125 0.229907171208 0.232914522552 0.68661499 0 0 0.64001464 571.0 571.0003586852984 0.0 0.0 0.0 2 1 1 0.0849208825 0.242855479964 0.257274834434 0.7888031 0 0 0.4392395 394.0 394.0002448366477 0.0 0.0 0.0 1 1 1 0.25037002375 0.534067922598 0.589842093056 1.40318298 0 0 1.40318298 772.0 772.0012752078039 0.0 0.0 0.0 1
1 1 1 -0.00561087357143 0.2239050652 0.223975356065 0.68661499 0 0 0.68661499 599.0 599.0003935225288 0.0 0.0 0.0 2 1 2 -0.0497022357143 0.162245376717 0.1696875791 0.45053101 0.0322876 45.0 0.16142273000000001 420.5 420.5000310508979 0.0161438 22.5 22.5000045359 1 1 1 -0.0557381762857 0.330053587762 0.334726926151 0.89073182 0 0 0.8907318200000001 591.0 591.0006712374997 0.0 0.0 0.0 1
1 1 1 -0.0333033961429 0.141947897096 0.14580233772 0.38682556 0 0 0.33047485 652.0 652.0000837527757 0.0 0.0 0.0 1 1 1 0.0385589598286 0.134463503843 0.139882905491 0.42160034 0 0 0.42160034 403.0 403.00022052952613 0.0 0.0 0.0 1 1 1 -0.0358843134286 0.429346850201 0.430843825218 1.27563476 0 0 1.2175293 652.0 652.0011367916443 0.0 0.0 0.0 1
1 1 1 -0.029302596 0.138808816446 0.141868000816 0.38682556 0 0 0.35800171000000003 593.0 593.0001080651034 0.0 0.0 0.0 1 1 1 -0.035417557025 0.160719908804 0.164576099211 0.54096985 0 0 0.54096985 970.0 970.000150849668 0.0 0.0 0.0 1 1 1 -0.139453891 0.426452913472 0.448675244608 1.27563476 0 0 1.27563476 573.0 573.0014199319587 0.0 0.0 0.0 1
2 1 2 -0.00902230357143 0.114213633195 0.114569437327 0.31703186 0.03421020600000002 272.0 0.299926757 527.0 527.0000944256034 0.017105103 136.0 135.999965897 2 1 2 -0.0841238845714 0.133382751671 0.157695232644 0.44044495 0.09902953999999997 69.0 0.39093017999999996 425.5 425.5001799599828 0.04951477 34.5 34.5000309006 1 1 1 -0.108437675857 0.340620474141 0.357464735253 0.89376832 0 0 0.8848114 587.0 587.0006668575544 0.0 0.0 0.0 1
0 0 0 0.06521988 0.0265465077285 0.0704155509799 0.069396974 1 1 1 -0.02140426675 0.0680466690025 0.0713336652461 0.17642212 0 0 0.17642212000000002 382.0 382.00004073921826 0.0 0.0 0.0 1 1 1 0.04232788175 0.326273635817 0.329007803863 0.80194092 0 0 0.8019409200000001 382.0 382.0008417650924 0.0 0.0 0.0 1
1 1 1 -0.47184181875 0.626009225546 0.783914697139 2.29301454 0 0 0.83963017 384.0 384.00091794007784 0.0 0.0 0.0 2 1 2 -0.4061603675 1.04753015593 1.12351487383 3.5176698 1.9432220999999998 82.0 2.5460587500000003 416.0 416.00842162988596 0.97161105 41.0 41.0051164637 1 2 1 -0.619678499 0.624718526465 0.879928792251 2.080047608 0 0 0.5753784 375.0 375.0004414134778 0.0 0.0 0.0 2
