2 1 2 -0.08512240625 0.766472553511 0.771184802321 2.3129214 0 0 1.91885955 400.0 400.00479660016686 0.39406185 0.0 0.00189035069226 1 2 1 -0.037798717625 0.284694520412 0.287192815034 0.78696882 0 0 0.7140134499999999 800.0 800.0003186344408 0.0 0.0 0.0 2 2 2 -0.0447862275 1.67078909286 1.67138924222 4.8805437 0 0 3.8188771999999997 400.0 400.01870935696905 0.6197157 0.0 0.00591626866907 1
1 1 1 0.19729425 0.524367695293 0.560255746021 1.7801337 0 0 1.2438601 606.0 606.0012765563686 0.0 0.0 0.0 1 2 2 0.22019450825 0.521419664621 0.566007144935 2.0304984 0.8021290160000001 2.0 0.6870773920000001 406.0 406.00077779975766 0.401064508 1.0 1.00067680796 1 2 2 0.085390551375 1.42309119994 1.42565076706 4.8805437 1.2034911999999998 2.0 3.1202420999999996 406.0 406.0124472194318 0.6017456 1.0 0.995344873816 1
1 1 1 0.156807942857 0.439274487596 0.466423419648 1.3946048 0 0 0.76461052 405.0 405.0007217638597 0.0 0.0 0.0 1 2 2 0.0703673942857 0.596319067544 0.600456493424 2.0304984 0.3460867299999999 4.0 1.857455035 399.0 399.0043651293455 0.173043365 2.0 1.99917256412 1 2 1 -0.132791522714 1.00285763913 1.01161110753 2.83016296 0 0 2.18626216 397.0 397.0060197808495 0.0 0.0 0.0 1
1 1 1 2.63641932875 7.397196799 7.85297570098 26.0903895 0 0 26.0903895 592.0 592.574643757444 0.0 0.0 0.0 0 1 0 -3.141387625 3.78084550386 4.91559853269 12.9851277 1 2 1 3.94411191 4.36168322797 5.88050162314 10.7061002 0 0 9.89844186 384.0 384.1275558343293 0.0 0.0 0.0 2
2 2 2 0.411920755 0.926794635549 1.01421250479 2.8708587 0 0 1.82918995 400.0 400.00476787953215 0.68439775 0.0 0.00312969641021 2 2 3 0.2693029625 0.850862563711 0.892463549921 2.7315042 0 0 1.8004251199999999 400.0 400.0046067835797 0.666279766266 0.0 0.00335462402935 2 1 2 -0.13302671875 1.19758548971 1.20495108327 3.3601609 0 0 2.91818385 400.0 400.010888764667 0.44197705 0.0 0.0032243379508 1
1 2 2 0.16166582 0.852689263123 0.867879494401 2.6064633 1.4616711000000002 211.0 1.87562775 505.5 505.5035988051563 0.73083555 105.5 105.501960622 2 2 3 0.36651957 0.895359139684 0.967473298964 3.2839422 1.4423746900000003 8.0 2.3223590733333332 405.3333333333333 405.340833976193 0.853597212648 4.49691252108 4.5015135993 2 2 3 -0.26690818125 1.55697610176 1.5796881207 4.9315167 2.0417943499999995 8.0 3.5703204666666664 405.3333333333333 405.3502400596124 1.02001192781 4.49691252108 4.50597708776 1
1 1 1 0.0405085837143 0.918445028571 0.919337922563 2.8714609 0 0 2.63626864 401.0 401.00866563248013 0.0 0.0 0.0 1 2 2 0.309895174286 0.978316049288 1.02622478597 3.2839422 1.3283095200000004 25.0 2.61978744 398.5 398.50903666546674 0.66415476 12.5 12.5040826828 1 2 2 -0.4052447 1.70473362273 1.75223856576 5.0739594 0.14244270000000014 25.0 5.00273805 398.5 398.53146611195166 0.07122135 12.5 12.4981190239 1
1 2 2 1.473235745 6.82054402135 6.97783951574 20.497756 6.380144000000001 221.0 17.307684000000002 499.5 499.8515094933604 3.190072 110.5 110.311835004 0 0 0 -0.41463808375 3.02776737542 3.05602683564 10.7005537 1 2 1 1.3771071875 6.63837133545 6.77970487508 22.083439 0 0 13.3018514 392.0 392.2256228890047 0.0 0.0 0.0 2
1 2 1 0.722037795 2.90898904274 2.99725805165 9.8377081 0 0 8.66152902 600.0 600.0625151473506 0.0 0.0 0.0 1 1 1 -0.13219095 2.51857257064 2.522039302 7.9962597 0 0 7.9962597 400.0 400.07991722803314 0.0 0.0 0.0 0 0 0 -1.324314725 6.12290834716 6.26448849616 16.637091 1
1 1 1 0.70519951 3.50550667038 3.57573536003 11.3361135 0 0 4.3915221 620.0 620.0155526003801 0.0 0.0 0.0 2 1 2 -0.494421133429 2.17249573023 2.22804621924 6.0078573 2.9714546339999997 17.0 4.522129982999999 409.5 409.52801557543717 1.485727317 8.5 8.48301267759 0 0 0 -1.89920692857 5.57159998784 5.88640071538 16.637091 1
1 1 1 -0.54391955 2.29036824567 2.35406779376 6.5666677 0 0 3.9873105 590.0 590.0134732741477 0.0 0.0 0.0 1 1 1 -1.054282489 2.6674528082 2.86824267637 8.1215804 0 0 3.819989466 590.0 590.0123662428783 0.0 0.0 0.0 0 0 0 -2.66818721667 3.68349258083 4.54833382858 10.603404 1
2 1 2 0.647982448571 2.18390242611 2.27800593951 7.7267604 3.0627097 202.0 6.19540555 499.0 499.0385388537053 1.53135485 101.0 101.011211439 0 0 0 0.144455124857 3.32181495615 3.32495441864 8.9774856 0 0 0 0.3175294 6.59980155725 6.60743562322 17.1866263 1
2 2 3 0.688134615 1.92370046955 2.04307433661 6.3751731 2.4621901 2.5 4.733713033333333 399.6666666666667 399.69704019464115 1.35751500784 1.24721912892 1.23569645215 1 1 1 0.2118742755 2.30361551613 2.31333853009 8.9774856 0 0 5.9620571 398.0 398.0446534308226 0.0 0.0 0.0 1 1 1 1.3649477625 6.35522220724 6.50014859044 17.638772 0 0 11.6461106 401.0 401.16908142590876 0.0 0.0 0.0 1
1 2 1 0.278541108571 1.54599987169 1.57089170615 4.7752342 0 0 4.7752342 401.0 401.02843148792437 0.0 0.0 0.0 0 0 0 -0.52542981 1.88984700358 1.96152955169 6.6893913 1 1 1 0.536451157143 5.11237439922 5.1404427671 14.171611 0 0 11.6461106 401.0 401.16908142590876 0.0 0.0 0.0 1
1 1 1 0.591361213333 1.64489102263 1.74796297471 4.9958351 0 0 1.9636666199999997 793.0 793.002431261465 0.0 0.0 0.0 0 0 0 -0.117530483333 2.57281177021 2.57549486884 7.3735515 1 1 1 -1.58514660333 4.41006813656 4.68629818974 13.333292 0 0 13.333292 594.0 594.1496248215236 0.0 0.0 0.0 1
2 1 2 0.628507557143 2.6690987533 2.7420995431 7.6938207 2.6979856 14.0 6.3448279 397.0 397.05338568721413 1.3489928 7.0 6.97750220175 0 0 0 0.864589614286 2.23461102354 2.39603873668 6.5314374 1 1 1 -0.96415806 6.35335116053 6.42609303805 18.688699 0 0 6.84908288 404.0 404.05805268091996 0.0 0.0 0.0 1
1 1 1 0.57447777875 2.3135518095 2.38380928211 7.4849078 0 0 3.8714623 803.0 803.0093325860792 0.0 0.0 0.0 1 1 1 0.17898052125 2.85859253274 2.86419016395 7.7447796 0 0 7.616342599999999 401.0 401.0723234961502 0.0 0.0 0.0 1 1 1 -1.480525325 5.87126861153 6.05505989621 18.688699 0 0 9.9543614 402.0 402.12322652500666 0.0 0.0 0.0 1
2 2 2 0.26976982875 2.14911777824 2.16598314519 7.0441443 3.8584041300000003 2.0 3.384675435 400.0 400.019012451304 1.929202065 1.0 0.98362893991 1 2 2 -0.73259889875 3.40166002943 3.47965402048 11.2000346 3.583691999999999 198.0 9.408188599999999 500.0 500.08851141964806 1.791846 99.0 99.0161879235 0 0 0 -1.375238625 5.22086232465 5.39895218433 16.1204112 1
1 1 1 1.02797062714 2.83553974464 3.01612487369 9.1090273 0 0 7.0441443 398.0 398.06233176340515 0.0 0.0 0.0 1 1 1 -0.688363684286 3.81844162243 3.87999239507 11.0531158 0 0 8.645594299999999 594.0 594.0629144297767 0.0 0.0 0.0 0 0 0 1.84270868571 6.6371619923 6.88821418167 16.243711 1
1 2 1 0.315124408571 2.61064114082 2.62959132928 8.4037864 0 0 6.333455160000001 391.0 391.05129159007225 0.0 0.0 0.0 0 0 0 -0.720882075714 3.05958279637 3.14336091706 9.7402601 0 0 0 0.394219985714 5.86522431456 5.8784577618 16.172148 1
1 2 2 -1.6572189025 2.66377721295 3.13720951341 8.4607167 3.846299600000001 197.0 6.5375669 497.5 497.55377834733423 1.9231498 98.5 98.4640845101 1 1 1 -0.61936105 2.39436786699 2.47317722631 6.5058527 0 0 6.5058527 393.0 393.053846335784 0.0 0.0 0.0 1 1 1 -0.0218764875 6.0337318997 6.03377155834 18.028704 0 0 6.836873499999999 393.0 393.0594647623372 0.0 0.0 0.0 1
1 1 1 -1.54429319 2.88984435808 3.27658997596 9.0767443 0 0 6.79239211 408.0 408.0565360223703 0.0 0.0 0.0 1 1 1 0.0141896 2.89244028994 2.89247509507 7.4233528 0 0 7.4233528 407.0 407.0676923642962 0.0 0.0 0.0 1 1 1 1.83981931112 6.32505864525 6.58720744804 17.465197 0 0 8.031598299999999 408.0 408.07904451374685 0.0 0.0 0.0 1
1 1 1 0.210378924286 2.53661090474 2.54532005332 7.3619313 0 0 7.3619313 392.0 392.06912404889255 0.0 0.0 0.0 0 0 0 0.0942119171429 2.5439544786 2.5456983864 6.729219 1 1 1 0.593589184143 7.16437728726 7.18892551316 18.384265 0 0 8.031598299999999 408.0 408.07904451374685 0.0 0.0 0.0 1
2 1 2 1.57575605714 1.71979952218 2.33253457597 5.2835033 1.3404106999999996 15.0 4.61329795 400.5 400.52728381586826 0.67020535 7.5 7.49176963538 1 1 1 0.457910788571 3.39196206173 3.42273120746 9.8150511 0 0 9.8150511 403.0 403.1195048966195 0.0 0.0 0.0 0 0 0 -0.17459251 7.32888272271 7.33096204518 18.963261 1
0 1 0 1.9829747 2.10223739407 2.88991188825 7.6307118 2 2 2 0.32013051875 3.71341981551 3.72719335093 10.6784448 0.6462900999999999 200.0 9.49190605 503.0 503.09460374176933 0.32314505 100.0 99.9750988451 1 1 1 1.22694385375 6.97194747726 7.0790848876 17.1592853 0 0 5.59052373 400.0 400.0390655368244 0.0 0.0 0.0 1
1 2 2 0.779504055 2.80095808797 2.90740309939 8.7154465 1.8914285 208.0 6.68499755 497.0 497.0451729054058 0.94571425 104.0 104.003267541 2 2 2 0.28540408125 2.57263897072 2.58842167416 7.768743 1.0341845999999997 190.0 5.9225346000000005 498.0 498.0380413761005 0.5170923 95.0 94.9865945426 0 0 0 1.227970875 6.87205307923 6.98090438221 17.1592853 1
0 1 0 -0.35729606 1.98631778106 2.01819691851 5.6569262 2 1 1 0.816628723333 1.65745497075 1.84771195045 5.0464067 0 0 4.6037973999999995 400.0 400.026492810789 0.0 0.0 0.0 1 0 0 0.693317366667 5.0878365361 5.13485828325 12.4355624 1
1 0 0 -1.20457365 2.38671610161 2.67346431208 7.4447123 2 1 1 0.77719874 2.18359243694 2.31778208901 6.6229272 0 0 5.1674922 387.0 387.0344984308725 0.0 0.0 0.0 1 1 1 1.47308398333 5.15430284048 5.36067292355 14.6334387 0 0 6.0913524 387.0 387.0479357573956 0.0 0.0 0.0 1
2 1 1 -0.6269931125 2.55410518663 2.62993795887 8.3307165 0 0 6.2793006 607.0 607.0324782217383 0.0 0.0 0.0 1 1 1 -0.6416696625 3.28686735105 3.34891578561 8.5508578 0 0 8.5457413 800.0 800.0456422569692 0.0 0.0 0.0 1 1 1 0.0910817375 5.54489163573 5.54563965066 16.4806486 0 0 9.468679 397.0 397.11290067436113 0.0 0.0 0.0 1
2 1 2 0.3898028375 2.28956379686 2.3225091242 5.8805606 0.026957499999999968 395.0 5.86708185 599.5 599.532154834326 0.01347875 197.5 197.489539345 0 1 0 -0.8188407 4.26950781758 4.34732068018 12.7780326 0 1 0 0.1761919125 5.15152072121 5.15453289165 16.7668886 1
1 2 1 0.618050585714 2.29492930023 2.37669666124 6.0888748 0 0 5.8536031 402.0 402.0426154890204 0.0 0.0 0.0 1 1 1 -0.897572714286 4.09857129595 4.19570297393 12.4017802 0 0 7.023624 421.0 421.05858415913264 0.0 0.0 0.0 1 1 1 -0.250698657143 4.95172179391 4.95806399121 16.108677 0 0 5.610689 421.0 421.0373853128184 0.0 0.0 0.0 1
1 2 2 0.756556092857 1.44422077223 1.63038362374 4.6746577 0.9107226400000004 29.0 4.219296379999999 401.5 401.52228377834433 0.45536132 14.5 14.503980326 0 0 0 -0.762584821429 3.21626606249 3.30543537142 10.2646256 0 0 0 -0.554424957143 5.63539491737 5.66260213222 17.051573 1
0 1 0 0.70757749 0.865737473692 1.11810879511 2.56993626 0 0 0 -0.15148543 3.35042327312 3.35384614205 8.8309884 0 0 0 1.12529282 5.84364967815 5.95101045972 16.354082 1
2 1 1 1.24050265625 3.70405047555 3.90625610599 11.3239175 0 0 3.2725386 399.0 399.0134202115118 0.0 0.0 0.0 1 2 2 -2.4525038125 3.19570908338 4.02831621101 11.7239397 7.357694199999999 190.0 5.8355811 496.0 496.0583963164828 3.6788471 95.0 94.9455389509 1 1 1 0.5934976925 5.65595798655 5.68701154005 17.3942 0 0 8.44832576 403.0 403.0885438810524 0.0 0.0 0.0 2
2 2 3 0.0404776375 1.65836211741 1.65885603703 4.5737862 0 0 3.9376865333333337 400.0 400.0196359792961 0.451458861545 0.0 0.00461842858625 1 1 1 0.6057013125 2.55658236934 2.627353705 7.7791332 0 0 7.227482200000001 600.0 600.0435288368265 0.0 0.0 0.0 1 1 1 0.96192001125 4.37429065881 4.47880663524 14.039203 0 0 4.5401969 400.0 400.02576590501116 0.0 0.0 0.0 1
2 1 2 0.51051675 1.95315964103 2.0187768414 5.8776521 2.3055081999999993 212.0 4.724898 506.0 506.02208690065936 1.1527541 106.0 106.006136954 1 1 1 0.2959979375 2.88223160206 2.8973908585 7.7791332 0 0 6.900892499999999 401.0 401.0593750522441 0.0 0.0 0.0 0 0 0 0.047902635 4.920790091 4.92102324544 16.25962 1
1 1 1 1.03933906429 1.88513912451 2.15266699917 4.9585902 0 0 4.9585902 598.0 598.0205578546372 0.0 0.0 0.0 1 2 2 -0.634424685714 2.88856141211 2.95741131961 7.6936003 0.5380423000000008 201.0 7.16991365 501.5 501.55266744250594 0.26902115 100.5 100.49329239 1 1 1 1.18043688286 6.05154231191 6.16559774776 16.466483 0 0 12.5120658 401.0 401.19515424613934 0.0 0.0 0.0 1
1 1 1 0.487046792857 2.15366502345 2.20805063612 6.5362447 0 0 5.3298838 406.0 406.034983297402 0.0 0.0 0.0 0 0 0 -0.573662218571 2.96489334226 3.01988093672 7.6936003 0 0 0 1.75902204286 5.95319423077 6.20763079576 15.119921 1
1 2 2 0.634480299687 2.27973145483 2.36637713749 6.5362447 0.7891746 208.0 6.1416574 501.0 501.0384513205173 0.3945873 104.0 103.996855496 1 1 1 0.14151429625 2.63041694122 2.63422086787 7.6477067 0 0 7.6477067000000005 419.0 419.06978824268543 0.0 0.0 0.0 1 1 1 -1.24086723375 3.5768482115 3.78597340454 9.4758992 0 0 8.1800307 397.0 397.08426423399476 0.0 0.0 0.0 1
1 2 2 0.894324144688 1.68349590543 1.90629854413 4.9128497 0.8514046999999998 202.0 3.9350850499999996 501.0 501.0169994162889 0.42570235 101.0 100.993229539 1 1 1 0.462885251875 1.8021528817 1.86064982343 6.7018582 0 0 3.82436295 402.0 402.01819082222306 0.0 0.0 0.0 1 1 1 -0.07011094625 4.99376760031 4.99425974402 15.1722105 0 0 8.3404279 402.0 402.0865115090969 0.0 0.0 0.0 1
2 1 2 0.898606837143 1.90372660291 2.10515301733 5.3203039 0.3992228 185.0 3.5758924 506.5 506.51283270648776 0.1996114 92.5 92.499065697 0 0 0 0.265684352143 1.75534011587 1.77533295394 6.3863279 0 1 0 -0.6929825 5.46336958563 5.50714372198 17.5707835 1
1 1 1 0.08588905 2.39036927721 2.39191183164 5.992011 0 0 5.1209059 599.0 599.0218891469966 0.0 0.0 0.0 1 1 1 -0.520556921429 3.27976041273 3.32081433889 10.2326885 0 0 8.804088400000001 600.0 600.0645898339236 0.0 0.0 0.0 2 2 2 -1.31099435714 5.57911170982 5.73107264612 19.050423 3.7966134 1.0 11.607546500000002 395.5 395.67491895248384 1.8983067 0.5 0.444090106024 1
2 2 2 -0.95589313125 1.53930864466 1.81196103212 5.792613 0.9940168999999996 206.0 3.0902663500000003 498.0 498.0109418802934 0.49700845 103.0 102.994652924 0 1 0 -0.988586955 3.07354223422 3.22861673679 10.2326885 1 2 1 0.6467581025 4.84823501223 4.89118378074 15.7208447 0 0 13.5058532 395.0 395.23082884646027 0.0 0.0 0.0 1
1 2 2 -0.83001522875 1.21877438634 1.47456308266 4.0386795 0.22620299999999993 10.0 1.1913537 395.0 395.00181740939877 0.1131015 5.0 4.99963587272 1 2 2 -0.45612299625 1.9547542785 2.00726492448 5.8901608 2.5799269999999996 197.0 3.15556076 498.5 498.51380876995967 1.2899635 98.5 98.4891061753 1 1 1 0.16645834 2.95027468716 2.95496685407 9.3019846 0 0 2.82541274 400.0 400.00997857197433 0.0 0.0 0.0 1
1 2 2 -0.765548308571 1.43908867566 1.63004307586 4.9065456 0.8678660999999996 214.0 4.472612549999999 506.0 506.02173552941156 0.43393305 107.0 106.991568512 2 2 2 -0.291882618571 1.466343437 1.49511154709 3.9212497 2.09456402 8.0 2.87396769 403.0 403.01168358661107 1.04728201 4.0 3.99241563178 0 0 0 -0.0558569857143 3.77498571819 3.77539894255 10.9522209 1
1 2 2 -0.923572135714 1.71654951683 1.94923773142 5.0633986 1.2077314999999995 16.0 4.4595328499999995 401.0 401.0251271748492 0.60386575 8.0 8.00621392921 1 1 1 -0.18943862 1.8756106027 1.88515307699 5.6936484 0 0 1.70518306 597.0 597.0024352121758 0.0 0.0 0.0 1 1 1 1.3336341 5.50448104686 5.66373476674 14.4275513 0 0 11.4442091 393.0 393.166593089907 0.0 0.0 0.0 1
2 1 2 -0.4123282025 2.2680706971 2.30524602453 5.851987 0.23468300000000042 9.0 5.1807400999999995 404.5 404.53321332555583 0.1173415 4.5 4.4981277785 1 1 1 -0.052701975 1.68194750562 1.68277298226 5.8937035 0 0 3.3141065 401.0 401.0136946562964 0.0 0.0 0.0 1 0 0 -0.28086044125 5.56291866216 5.57000418575 17.1159983 1
1 1 1 -0.39514565 2.00905538243 2.04754575392 6.079411 0 0 6.0794109999999995 405.0 405.04562611896813 0.0 0.0 0.0 1 1 1 -0.259949445 1.96468397864 1.98180646126 5.9096203 0 0 3.3141065 401.0 401.0136946562964 0.0 0.0 0.0 1 1 1 -0.17895171625 5.1194457796 5.12257247943 14.5043013 0 0 9.8758333 381.0 381.12797336769887 0.0 0.0 0.0 1
1 1 1 -0.6617925 1.88343433936 1.99632017065 5.364401 0 0 4.327296 600.0 600.015604372646 0.0 0.0 0.0 1 1 1 -0.4392604 2.45294247162 2.49196237292 6.4711719 0 0 5.2416858 376.0 376.0365344883738 0.0 0.0 0.0 1 1 1 -0.126835842857 4.95403164882 4.95565504334 14.544287 0 0 9.9473582 376.0 376.131559344811 0.0 0.0 0.0 1
1 2 2 -0.178622391429 1.76909943246 1.77809413717 5.364401 2.313492 213.0 4.207655 506.5 506.52178077015236 1.156746 106.5 106.48581139 1 1 1 -0.683354214286 2.13896802557 2.24547482654 6.1692824 0 0 5.004990599999999 402.0 402.0311554231912 0.0 0.0 0.0 1 1 1 -1.17127095714 4.57217268103 4.71981341583 13.0697146 0 0 12.8696536 402.0 402.2059521983532 0.0 0.0 0.0 1
2 1 2 0.48960467 1.93326485525 1.99429830603 6.6925967 2.8591037000000004 200.0 3.53111645 502.0 502.01296579784764 1.42955185 100.0 100.007472584 2 1 1 -0.5235495705 1.96664377062 2.03513927614 5.6577826 0 0 5.004990599999999 402.0 402.0311554231912 0.0 0.0 0.0 1 1 1 0.3910964875 5.70469842164 5.71808888917 16.482751 0 0 12.8696536 402.0 402.2059521983532 0.0 0.0 0.0 1
2 2 2 0.96415745625 1.97105780591 2.19423528244 6.6925967 4.23665495 33.0 4.574269225 410.5 410.53194992242595 2.118327475 16.5 16.475112841 1 1 1 -0.5249743705 1.66331772646 1.74419722188 5.4491275 0 0 4.0764728 798.0 798.010411981253 0.0 0.0 0.0 0 0 0 -0.302740575 4.79636436563 4.80590917347 15.051898 1
1 2 1 1.29947555286 1.09790203668 1.7011835864 3.45660075 0 0 2.45594175 427.0 427.0070627634622 0.0 0.0 0.0 1 2 2 -0.581421342857 1.36318489484 1.48199994448 3.670702 0.5273520999999999 18.0 2.6844877 395.0 395.00917394932753 0.26367605 9.0 9.00158292417 0 0 0 -1.04667295 1.92725188112 2.19313111271 4.9538373 1
1 2 1 0.91867677 1.43368998619 1.70277244053 4.8397858 0 0 2.85675148 409.0 409.00997668641105 0.0 0.0 0.0 1 1 1 -0.330276451429 1.8019997369 1.83201680837 5.34146 0 0 4.1680131 592.0 592.0146723968941 0.0 0.0 0.0 1 1 1 -0.550523215714 3.85926765376 3.89833588014 13.0143386 0 0 4.9031114 407.0 407.029532714029 0.0 0.0 0.0 1
1 2 2 0.07582445 1.23571808027 1.23804221298 4.0482416 0.2693513000000003 199.0 3.9135659499999997 501.5 501.51569741080664 0.13467565 99.5 99.4979365943 2 1 1 -0.3852247895 1.64718698475 1.69163326439 5.34146 0 0 3.12781404 390.0 390.0125423889196 0.0 0.0 0.0 1 1 1 -0.7994548175 3.95243541754 4.03247736944 13.0143386 0 0 4.5514345 405.0 405.0255739530626 0.0 0.0 0.0 1
0 0 0 0.95334387 2.8423125138 2.99793344832 9.797513 2 1 1 -0.3553903445 1.30151015188 1.34915935768 4.2774356 0 0 3.24188666 586.0 586.0089673623743 0.0 0.0 0.0 1 1 1 0.6176776775 3.45967076904 3.51437726254 12.2316333 0 0 4.5514345 405.0 405.0255739530626 0.0 0.0 0.0 1
1 1 1 1.56959141429 2.99014155655 3.37706436658 9.07089283 0 0 0.9066236999999999 400.0 400.00102745684717 0.0 0.0 0.0 1 1 1 -0.525696714286 1.56287462494 1.64891907888 5.3475297 0 0 5.3475297 813.0 813.0175865710978 0.0 0.0 0.0 1 1 1 0.982681785714 4.83062009118 4.92955920517 12.7632275 0 0 7.7319184 400.0 400.0747212236037 0.0 0.0 0.0 1
0 1 0 0.561185802429 1.98811269424 2.06579805157 5.5777396 1 1 1 -0.295801134286 1.51874622232 1.54728420106 4.7941676 0 0 3.9337676 381.0 381.0203072377256 0.0 0.0 0.0 1 1 1 0.1383754 6.05760652251 6.05918678809 16.1117925 0 0 6.9140853 420.0 420.05690635381256 0.0 0.0 0.0 1
1 1 1 -0.0541056506 2.24068595268 2.24133909972 6.5092584 0 0 5.5777396 408.0 408.0381246636709 0.0 0.0 0.0 0 0 0 0.383468656 0.829205323744 0.91358069105 2.0872154 1 1 1 -0.54254494 6.08616402618 6.11029848416 16.4485055 0 0 6.9140853 420.0 420.05690635381256 0.0 0.0 0.0 1
1 2 2 0.9129855125 4.34031601472 4.43529995081 11.889598 1.3650010000000012 6.0 11.2070975 403.0 403.1562447309567 0.6825005 3.0 3.01780975874 0 1 0 -2.030021505 2.75676305003 3.42355514411 9.4800694 1 1 1 -1.72217881875 6.2921695941 6.52359548751 23.0951565 0 0 11.3302412 805.0 805.0797316823038 0.0 0.0 0.0 2
2 2 2 0.022953272125 0.0787066196494 0.0819852711033 0.273495676 0.24125480800000002 2.0 0.152868272 400.0 400.0000472846384 0.120627404 1.0 1.00004598204 2 1 1 -0.037680149 0.0320599219395 0.0494735507461 0.10408449 0 0 0.040563106 400.0 400.00000205670693 0.0 0.0 0.0 2 2 2 0.00948786775 0.133674130964 0.13401042095 0.46009016 0.034157275000000015 2.0 0.0907900325 400.0 400.000010677895 0.0170786375 1.0 0.99999609688 1
1 2 1 -0.004246115375 0.132950314736 0.133018102844 0.49566126 0 0 0.108893871 413.0 413.00001435578076 0.0 0.0 0.0 1 1 1 -0.0822820658 0.0701964059191 0.108156709252 0.21522665 0 0 0.07728815 404.0 404.0000073928937 0.0 0.0 0.0 1 1 1 0.017296433575 0.130069809237 0.131214792952 0.46009016 0 0 0.1198472964 399.0 399.0000179992157 0.0 0.0 0.0 1
1 2 1 -0.0555218287143 0.118944052889 0.13126447037 0.377213954 0 0 0.228885173 412.0 412.0000635781777 0.0 0.0 0.0 0 1 0 -0.0823978696286 0.0810007334755 0.115544483827 0.242835522 1 1 1 0.0224848465143 0.0681279005808 0.0717424501974 0.212444304 0 0 0.1198472964 399.0 399.0000179992157 0.0 0.0 0.0 1
1 1 1 0.00475610942857 0.183410645084 0.183472301199 0.58277607 0 0 0.20188093000000001 404.0 404.0000504404794 0.0 0.0 0.0 1 1 1 -0.0511309088143 0.0680982663899 0.0851571706991 0.188464642 0 0 0.14516163199999998 404.0 404.00002607908255 0.0 0.0 0.0 1 1 1 -0.0360469118571 0.28994382351 0.292175975478 1.02801894 0 0 0.13273954400000001 404.0 404.0000218066659 0.0 0.0 0.0 1
0 0 0 -0.02671957125 0.217010166009 0.218648914105 0.59239149 1 0 0 -0.0618512039625 0.0802458345637 0.101316165524 0.22992706 1 1 1 -0.072050152625 0.278403162849 0.287575286799 1.02801894 0 0 0.4916500919999999 500.0 500.0002417197545 0.0 0.0 0.0 1
1 1 1 -0.024620652625 0.161475353448 0.163341563317 0.48522806 0 0 0.37426424 415.0 415.00016876348536 0.0 0.0 0.0 2 1 2 -0.030781566375 0.0762235291883 0.0822042044571 0.22798824 0.021209709999999993 102.0 0.192826745 345.0 345.0000561534616 0.010604855 51.0 50.9999857718 1 1 1 -0.081237437 0.110101868115 0.136828149635 0.39604711 0 0 0.39604711 415.0 415.00018897985257 0.0 0.0 0.0 1
1 1 1 0.0338316645714 0.0882756686757 0.0945366342103 0.21925926 0 0 0.21925925999999998 803.0 803.0000299343849 0.0 0.0 0.0 2 1 2 -0.0148729588571 0.0404327818904 0.0430814897208 0.12512541 0.069775108 17.0 0.09023785599999999 409.5 409.50001127386633 0.034887554 8.5 8.50000745385 1 1 1 -0.0261091522857 0.11749278121 0.120358803041 0.3156209 0 0 0.275169854 401.0 401.0000944120195 0.0 0.0 0.0 1
0 0 0 0.00701488757143 0.0685741109928 0.0689319762236 0.21611499 1 1 1 -0.0488466537143 0.033260625086 0.0590953869621 0.113252162 0 0 0.050254822000000005 597.0 597.0000021151985 0.0 0.0 0.0 1 1 1 -0.0468593322857 0.0863869601338 0.0982776877192 0.232683184 0 0 0.08072519 401.0 401.00000812538184 0.0 0.0 0.0 1
1 1 1 0.00709205875 0.111717948923 0.111942830985 0.33009005 0 0 0.19254494 398.0 398.0000465748138 0.0 0.0 0.0 1 1 1 -0.066060840875 0.0290218257254 0.0721547023107 0.08902788 0 0 0.07125615999999999 399.0 399.00000636270715 0.0 0.0 0.0 2 2 2 -0.043793380625 0.139858256492 0.146554399783 0.46633005 0.37426233 8.0 0.279198885 405.0 405.0001382085675 0.187131165 4.0 4.00012763941 1
1 1 1 -0.018549144325 0.117787500349 0.119239112684 0.33009005 0 0 0.26159811 398.0 398.00008597181375 0.0 0.0 0.0 1 2 1 -0.059996127 0.0219730254799 0.0638932633674 0.061180591 0 0 0.059763908000000004 396.0 396.00000450975335 0.0 0.0 0.0 2 2 2 0.019311785125 0.157502943704 0.158682457506 0.47492361 0.21805286399999999 13.0 0.357303618 402.5 402.50017183911143 0.109026432 6.5 6.50009400887 1
1 1 1 -0.0767269820857 0.043766438389 0.0883319359532 0.1390795684 0 0 0.1139354684 413.0 413.0000157158483 0.0 0.0 0.0 1 2 2 -0.0646217205714 0.0255960142613 0.0695062782465 0.082204342 0.043784145 22.0 0.0603122695 402.0 402.0000052142165 0.0218920725 11.0 10.9999965728 1 1 1 0.0304173066714 0.117522345491 0.121394869063 0.33774281 0 0 0.33774280999999995 413.0 413.00013809949957 0.0 0.0 0.0 1
0 0 0 0.00110942125 0.157476768001 0.157480675879 0.48048258 1 1 1 -0.0383772255 0.0471224448988 0.0607728249328 0.15589047 0 0 0.017534255999999998 393.0 393.0000003911579 0.0 0.0 0.0 2 1 2 0.00701767095 0.103080920675 0.103319523386 0.3647356 0 0 0.263665199 401.0 401.00008722458733 0.020851611 0.0 1.37103315865e-05 2
1 1 1 -0.001445412625 0.0507008776486 0.0507214768318 0.16757822 0 0 0.16757822 400.0 400.00003510307323 0.0 0.0 0.0 2 2 2 -0.00708281990875 0.0337716618164 0.0345063976634 0.094859122 0 0 0.066294908 400.0 400.000005525863 0.00506711 0.0 8.39808990349e-07 2 1 1 -0.0617941028225 0.0529579175163 0.0813821366843 0.14821124542 0 0 0.096794364 400.0 400.00001171143595 0.0 0.0 0.0 1
2 2 3 -0.03590673225 0.0674470252871 0.0764093884346 0.21790314 0.07695889649999998 8.0 0.166597209 406.3333333333333 406.33336939742304 0.0422973018922 8.25967446224 8.25968872471 1 1 1 -0.01460200545 0.0390606468761 0.0417007517623 0.103928566 0 0 0.071362018 400.0 400.000006365672 0.0 0.0 0.0 1 1 1 -0.0193042159475 0.0977749857428 0.099662433195 0.37278987 0 0 0.19357419541999998 818.0 818.000022904015 0.0 0.0 0.0 1
1 2 2 -0.0475665497143 0.0738813911155 0.0878694292964 0.21837378 0.0058684400000000025 186.0 0.11137604699999999 494.0 494.0000131547672 0.00293422 93.0 92.999996862 0 0 0 -0.0296213968 0.0409363803022 0.0505293417791 0.11630392 1 1 1 -0.0311530657143 0.105895181131 0.110382529824 0.37278987 0 0 0.37278986999999997 591.0 591.0001175738354 0.0 0.0 0.0 1
1 1 1 -0.0389319141429 0.061113801052 0.0724609592667 0.21250534 0 0 0.15740061 401.0 401.0000308914602 0.0 0.0 0.0 1 1 1 -0.0231470382 0.0375848520988 0.0441407576365 0.11630392 0 0 0.115451335 411.0 411.00001621534125 0.0 0.0 0.0 1 1 1 -0.0337014541 0.0581436552812 0.0672047071113 0.16950989 0 0 0.08998585 411.0 411.0000098509162 0.0 0.0 0.0 1
0 0 0 -0.0362780092938 0.0235817853281 0.0432688636039 0.07073211695 2 1 2 -0.032071292425 0.0342616253681 0.0469300199305 0.10236311 0.007735251999999998 388.0 0.09849548400000001 597.0 597.0000088665543 0.003867626 194.0 193.999997757 1 2 2 -0.0238797071625 0.0578951817987 0.0626266116732 0.16950989 0.028841019999999995 28.0 0.15508938 597.0 597.0000204178946 0.01442051 14.0 13.999995775 1
1 1 1 -0.0347977875438 0.0200471460166 0.0401593585775 0.05939578995 0 0 0.05939578995 395.0 395.00000446564536 0.0 0.0 0.0 1 1 1 -0.0493618843375 0.038135185753 0.0623769830768 0.097391128 0 0 0.09462785800000001 403.0 403.00001110971635 0.0 0.0 0.0 2 2 3 -0.02693817045 0.0726076137202 0.0774437253581 0.22700381 0.071281315 -2.0 0.06947541333333335 399.6666666666667 399.6666740905819 0.0337268965653 3.3993463424 3.39935077761 1
0 0 0 -0.0419959331429 0.0755978441509 0.0864794336291 0.27484846 1 1 1 -0.0471855575286 0.0461075155237 0.0659725687468 0.127719405 0 0 0.124931335 400.0 400.0000195097976 0.0 0.0 0.0 2 1 1 -0.0121459962857 0.0724392888789 0.0734504989708 0.21991014 0 0 0.04216814000000001 401.0 401.0000022171472 0.0 0.0 0.0 1
0 0 0 -0.0203464362857 0.10838153093 0.11027480998 0.27484846 0 0 0 -0.0332518998571 0.0551791923215 0.0644238473654 0.130946162 2 1 1 0.0016963821 0.045897714522 0.0459290530119 0.136665107 0 0 0.127238037 610.0 610.0000132700966 0.0 0.0 0.0 1
0 0 0 -0.0179583425 0.105899647343 0.107411532773 0.284826274 0 0 0 -0.0212970377825 0.0635322397043 0.0670067854785 0.187391276 2 1 2 -0.0036787691625 0.0711436990734 0.0712387483074 0.227739334 0.020776986999999997 10.0 0.0731617208 404.0 404.0000067824386 0.0103884935 5.0 4.99999803477 1
1 1 1 -0.01497292475 0.0881698648031 0.0894321728181 0.278103824 0 0 0.206182004 401.0 401.00005300625435 0.0 0.0 0.0 1 1 1 -0.021614968045 0.0593160903023 0.0631316514305 0.187391276 0 0 0.107857703 401.0 401.0000145053415 0.0 0.0 0.0 1 1 1 -0.012010902 0.102355973082 0.103058269888 0.2822988 0 0 0.244741914 599.0 599.000049998833 0.0 0.0 0.0 1
0 0 0 -0.0125496050429 0.0625305595579 0.0637774526408 0.160157205 0 1 0 -0.0241600445857 0.0466505972072 0.0525355686576 0.13483381 1 0 0 -0.0383958478571 0.096359408246 0.103727415326 0.2822988 1
1 0 0 -2.646384595 8.47725183123 8.88071787834 28.8924857 2 2 2 -3.15228369 9.07379357296 9.60575984849 29.6086122 1.3225229 3.0 2.75423205 393.5 393.5102121173835 0.66126145 1.5 1.49533281323 1 1 1 -0.6919762375 1.36945544732 1.53435306741 3.6914709 0 0 2.3343167 388.0 388.0070218880786 0.0 0.0 0.0 2
1 1 1 -0.005898881775 0.142136345674 0.142258699445 0.45868027 0 0 0.4350703 400.0 400.0002366076374 0.0 0.0 0.0 2 2 2 0.09289112775 0.0587804107711 0.109926786113 0.14397121 0.03512216000000003 167.0 0.12641013 516.5 516.5000154772588 0.01756108 83.5 83.5000017958 1 1 1 0.015333889375 0.156896511913 0.157644040844 0.52070521 0 0 0.52070521 400.0 400.0003389172511 0.0 0.0 0.0 1
1 1 1 0.034660263225 0.0760809319179 0.0836040791369 0.21933497 0 0 0.148013902 401.0 401.00002731685095 0.0 0.0 0.0 2 2 3 0.082541555425 0.0531199769878 0.0981572224911 0.1595556746 0.0460306996 -4.0 0.12886854153333335 407.3333333333333 407.3333543865928 0.0220323909505 22.125902367 22.1259010369 1 0 0 0.02371418295 0.147891891806 0.149781087374 0.46828269 1
2 1 1 0.0196393765714 0.0676637998375 0.0704563334311 0.19669209 0 0 0.19669209 415.0 415.00004661177843 0.0 0.0 0.0 1 2 1 0.0569556102 0.0516381054728 0.0768793565925 0.1595556746 0 0 0.1595556746 410.0 410.00003104635647 0.0 0.0 0.0 2 1 2 -0.0301971434857 0.068533984799 0.0748917521969 0.192485812 0.020548819999999995 213.0 0.18221140200000002 503.5 503.5000354474374 0.01027441 106.5 106.499988784 1
1 1 1 -0.0391894115714 0.0346583748996 0.0523164690131 0.108191967 0 0 0.108191967 810.0 810.0000072256183 0.0 0.0 0.0 1 1 1 0.00634169562857 0.0254620589624 0.0262399228286 0.083961725 0 0 0.016491650999999996 393.0 393.00000034602357 0.0 0.0 0.0 1 1 1 -0.0363745002857 0.0901547393117 0.0972161575634 0.273789406 0 0 0.228190422 605.0 605.0000430337742 0.0 0.0 0.0 1
1 1 1 -0.004687821125 0.0806957273083 0.0808317763798 0.273303835 0 0 0.273303835 590.0 590.0000633008324 0.0 0.0 0.0 1 1 1 0.0263850688 0.042714091364 0.0502062292612 0.128170729 0 0 0.127923965 399.0 399.00002050694286 0.0 0.0 0.0 1 2 2 -0.0365417 0.0844649966333 0.0920306008627 0.273789406 0.160264015 215.0 0.19365739850000002 495.5 495.50005364266417 0.0801320075 107.5 107.499957044 1
1 1 1 0.02616760025 0.0675339939304 0.0724264015331 0.219328983 0 0 0.082564303 404.0 404.00000843671296 0.0 0.0 0.0 1 1 1 0.033303290625 0.0350241377589 0.0483301085474 0.101641417 0 0 0.10164141700000001 813.0 813.0000063536147 0.0 0.0 0.0 2 1 2 0.02450943025 0.0364282642734 0.0439059290888 0.110672951 0.02994251299999999 1.0 0.09570169449999999 400.5 400.50001171853285 0.0149712565 0.5 0.499996407906 1
1 1 1 -0.00706606561429 0.0357554527016 0.0364469708091 0.119074413 0 0 0.0301406537 378.0 378.0000012016654 0.0 0.0 0.0 1 1 1 0.0181925978571 0.0202945456999 0.0272550766272 0.062661887 0 0 0.031810046 413.0 413.00000122503513 0.0 0.0 0.0 1 1 1 0.0214790621429 0.0481503427441 0.0527238619309 0.128475189 0 0 0.09808445299999999 378.0 378.00001272560814 0.0 0.0 0.0 1
2 1 2 -0.0190741504714 0.0239789498648 0.0306400596087 0.077358439 0.0339274253 287.0 0.06039472635 550.5 550.5000033143698 0.01696371265 143.5 143.500000997 2 1 1 0.0229808944143 0.019189994449 0.0299395623721 0.0500202184 0 0 0.016882182000000003 407.0 407.0000003501328 0.0 0.0 0.0 1 1 1 -0.0299703054286 0.0518468925392 0.0598858870975 0.159937859 0 0 0.089901923 395.0 395.00001023082996 0.0 0.0 0.0 1
1 1 1 -0.000268166125 0.0323076592833 0.0323087722057 0.085250145 0 0 0.058653861 498.0 498.00000345409177 0.0 0.0 0.0 1 1 1 0.0222930608625 0.0193523708506 0.0295210911072 0.0577018244 0 0 0.039172887700000006 396.0 396.0000019375191 0.0 0.0 0.0 1 1 1 0.013122200125 0.0740403769808 0.0751942122745 0.222214696 0 0 0.137771606 396.0 396.0000239659278 0.0 0.0 0.0 1
1 1 1 -0.01573395875 0.0403038871279 0.0432661620157 0.11861112 0 0 0.105517274 591.0 591.000009419539 0.0 0.0 0.0 1 1 1 0.021363943625 0.0169881729836 0.0272949832118 0.054079531 0 0 0.04063916 613.0 613.0000013470973 0.0 0.0 0.0 1 1 1 0.04419887075 0.0935562586289 0.103471318268 0.28616619 0 0 0.20070457 404.0 404.00004985435885 0.0 0.0 0.0 1
0 1 0 -0.0257958240857 0.0339086859437 0.0426054400598 0.111097785 2 1 2 0.018643788 0.0141486912209 0.0234046212158 0.041246176 0.016552209999999998 175.0 0.032970071 494.5 494.50000130693013 0.008276105 87.5 87.4999992169 1 2 2 -0.0105025414286 0.102872534635 0.103407261635 0.31307411 0.02690792000000003 175.0 0.29962015 494.5 494.5000953825919 0.01345396 87.5 87.4999749706 1
1 1 1 0.164098525 1.19716149108 1.20835589196 4.076679 0 0 2.08329144 601.0 601.003610723949 0.0 0.0 0.0 0 0 0 -0.1559997425 2.00012325486 2.0061976359 5.6977384 2 1 2 0.4714538975 3.10415931988 3.13975697478 11.026529 8.438892150000001 201.0 6.807082925 502.5 502.55456794040015 4.219446075 100.5 100.546239837 2
1 1 1 0.04383927525 0.142767178982 0.149346407552 0.46387497 0 0 0.14603463 600.0 600.0000177717607 0.0 0.0 0.0 0 1 0 0.056776642375 0.0264663975959 0.0626422965821 0.076995371 1 1 1 -0.078939914375 0.130086980582 0.152164820502 0.43181133 0 0 0.3314991 800.0 800.0000686822804 0.0 0.0 0.0 1
1 2 2 -0.017783071875 0.0514523278908 0.0544387701064 0.149855935 0.09465908199999999 21.0 0.075843329 410.5 410.5000095173848 0.047329541 10.5 10.5000085011 2 1 1 0.046301126 0.0289647408751 0.0546145629189 0.094136957 0 0 0.05487037 401.0 401.0000037540617 0.0 0.0 0.0 1 1 1 -0.044669627 0.0558669688223 0.0715296706389 0.168494225 0 0 0.168494225 423.0 423.0000335582775 0.0 0.0 0.0 1
0 1 0 -0.0451524284286 0.0534340880592 0.0699567263365 0.149855935 2 1 2 0.0392879069429 0.0307772277992 0.0499076886156 0.089828253 0.009162905999999998 48.0 0.0852468 408.0 408.00000890588854 0.004581453 24.0 24.0000004334 1 1 1 -0.0807540068571 0.0605526467653 0.100934794069 0.184498789 0 0 0.10091496 408.0 408.0000124801826 0.0 0.0 0.0 1
1 1 1 -0.022987177 0.040366197659 0.0464525588087 0.120038603 0 0 0.120038603 590.0 590.0000122112424 0.0 0.0 0.0 1 1 1 0.0332920208 0.0315710671446 0.0458812699213 0.102359056 0 0 0.102359056 366.0 366.0000143133554 0.0 0.0 0.0 1 2 2 -0.069748469 0.0863039673895 0.110964966161 0.25836658 0.002991670000000002 11.0 0.158083438 395.5 395.50003159401524 0.001495835 5.5 5.50000015853 1
1 1 1 0.0115314943375 0.0452510085308 0.0466972069262 0.148668015 0 0 0.108003911 391.0 391.00001491668104 0.0 0.0 0.0 1 1 1 0.02631697025 0.0270138198122 0.0377137824142 0.09305906 0 0 0.075878858 614.0 614.0000046886003 0.0 0.0 0.0 2 1 1 -0.018889307375 0.0754254212359 0.0777547432748 0.25836658 0 0 0.25836658 413.0 413.00008081511277 0.0 0.0 0.0 1
2 2 2 0.0260082969 0.0438027598168 0.05094225432 0.148668015 0.0023102695000000034 9.0 0.10915904574999999 395.5 395.5000150641019 0.00115513475 4.5 4.50000014742 1 1 1 0.0335753255 0.0225731396156 0.0404579919736 0.064382312 0 0 0.052487848 400.0 400.00000344371773 0.0 0.0 0.0 2 1 1 -0.01004373975 0.0365894224492 0.0379428852794 0.133218762 0 0 0.063055038 609.0 609.0000032643168 0.0 0.0 0.0 1
1 1 1 0.0188484956286 0.024338782817 0.0307837966546 0.0700515885 0 0 0.0388370605 402.0 402.0000018760165 0.0 0.0 0.0 1 1 1 0.0400690005714 0.0145720470288 0.0426364792332 0.043428658 0 0 0.028770684999999997 813.0 813.0000005090727 0.0 0.0 0.0 1 1 1 0.000449453714286 0.0595029654325 0.0595046628753 0.208245274 0 0 0.082657811 389.0 389.00000878189417 0.0 0.0 0.0 1
1 1 1 0.0100236975571 0.0205289313492 0.0228453832328 0.062833083 0 0 0.058021323 388.0 388.00000433823953 0.0 0.0 0.0 1 1 1 0.0345276422429 0.0223963552218 0.0411552524724 0.0745534893 0 0 0.0568068023 395.0 395.0000040848263 0.0 0.0 0.0 1 1 1 0.0429667065714 0.0538092004049 0.0688590438636 0.147375107 0 0 0.093331337 395.0 395.00001102625106 0.0 0.0 0.0 1
2 1 2 0.0186881402857 0.0383825868957 0.0426903919418 0.121027202 0.056820405000000004 12.0 0.0864315255 394.0 394.0000104120087 0.0284102025 6.0 6.00000607377 1 1 1 0.0392660752429 0.0482115063018 0.0621785654777 0.156107187 0 0 0.112154245 400.0 400.00001572321804 0.0 0.0 0.0 1 0 0 0.0282043728571 0.0433059429907 0.0516806670485 0.130626679 1
2 1 2 -0.00207349785714 0.05204709846 0.0520883849958 0.167221569 0.061300442 190.0 0.090376981 507.0 507.0000103695277 0.030650221 95.0 94.9999925933 2 1 2 0.0361375468571 0.0451621449869 0.0578406572635 0.156107187 0.096707344 190.0 0.10775351500000001 507.0 507.0000162525474 0.048353672 95.0 94.999986678 1 1 1 -0.0407706668571 0.0509716582829 0.0652714119971 0.146757125 0 0 0.146757125 1213.0 1213.0000088778456 0.0 0.0 0.0 1
1 1 1 -0.0144753416571 0.0433032592277 0.0456586002395 0.135396946 0 0 0.135396946 384.0 384.0000238702245 0.0 0.0 0.0 1 1 1 0.0190030849286 0.0326663262818 0.0377916142755 0.10902524 0 0 0.06815600399999999 384.0 384.00000604849066 0.0 0.0 0.0 1 1 1 -0.0406770708571 0.0848675430671 0.0941122944134 0.268259045 0 0 0.037474635000000006 400.0 400.00000175543533 0.0 0.0 0.0 1
2 2 2 2.5688067 3.57681086908 4.40367390427 9.2309122 3.4089009999999993 3.0 7.345456199999999 398.5 398.57121882552696 1.7044505 1.5 1.53114409086 2 1 2 -2.6707952 3.06595887187 4.06611003347 10.2951192 0 0 2.8613914000000005 400.0 400.0113415174005 0.9411839 0.0 0.00673254789993 2 2 2 0.6564868575 5.04938944777 5.09188656485 17.755759 11.108226600000002 209.0 12.2016457 501.5 501.65785804109197 5.5541133 104.5 104.602207424 2
1 1 1 -0.0222652432 0.104751049102 0.107091191714 0.29625306 0 0 0.1419002144 600.0 600.0000167797255 0.0 0.0 0.0 2 2 2 0.079922080125 0.113627794234 0.138920173172 0.395385024 0 0 0.214508413 400.0 400.00007999137256 0.134086727 0.0 7.19068131616e-05 2 1 2 -0.021940233075 0.138129538556 0.139861157042 0.43438912 0.04701900999999997 1.0 0.410879615 600.5 600.5001410415804 0.023509505 0.5 0.499983796678 1
1 1 1 -0.041507504125 0.0873182026063 0.0966816497847 0.27732298 0 0 0.130573747 425.0 425.0000200582388 0.0 0.0 0.0 1 1 1 0.02735584975 0.0317736356881 0.0419273948676 0.09142518 0 0 0.014969111 426.0 426.000000262998 0.0 0.0 0.0 1 2 2 -0.01276135525 0.0621367543653 0.063433653772 0.205751415 0.07623100199999999 225.0 0.167635914 512.5 512.500027418168 0.038115501 112.5 112.500006449 1
0 1 0 -0.00843566614286 0.0725540095116 0.073042759802 0.21265465 0 1 0 0.0416648737143 0.0432964226537 0.0600877850834 0.116626266 0 0 0 -0.00661414062857 0.131547648034 0.131713820686 0.43168926 1
1 2 2 0.015130767 0.0922121532776 0.0934452851785 0.23199534 0.0006023900000000082 2.0 0.206866815 398.0 398.0000537619978 0.000301195 1.0 0.999999708369 1 2 2 0.0444156108571 0.0573671746011 0.0725516313361 0.142772672 0.010499239000000007 2.0 0.11857903250000001 398.0 398.00001769535925 0.0052496195 1.0 1.0000015196 1 2 2 0.0146468025714 0.129806203527 0.130629932632 0.43168926 0.04111290000000001 4.0 0.18364238700000002 398.0 398.00004294710465 0.02055645 2.0 1.99999029917 1
0 1 0 -0.01979694175 0.0907661729465 0.0929000379656 0.32767853 0 0 0 0.01186257575 0.0512841149198 0.052638209948 0.175136564 2 1 2 -0.007895588125 0.0756643719873 0.0760752094974 0.21891117 0.055825232999999974 14.0 0.1909985535 407.0 407.000045561603 0.0279126165 7.0 7.00001231533 1
1 1 1 -0.06090439825 0.0611273199237 0.0862895994153 0.197273403 0 0 0.197273403 418.0 418.00004655118823 0.0 0.0 0.0 1 1 1 -0.00545543425 0.0248823084588 0.0254733397319 0.07866931 0 0 0.053750992 813.0 813.0000017768568 0.0 0.0 0.0 2 1 2 0.028016805625 0.0754840821373 0.0805157627644 0.23918628 0.02726936000000002 203.0 0.22555160000000002 499.5 499.5000546168312 0.01363468 101.5 101.499982745 1
0 0 0 -0.0604473522857 0.0710823311268 0.0933090574209 0.216643427 2 1 2 0.00568032271429 0.0461519622992 0.0465002117221 0.16136241 0.081771851 193.0 0.0800282955 499.5 499.5000070831045 0.0408859255 96.5 96.5000051822 1 1 1 0.0385507848571 0.0845560640111 0.0929294946405 0.242857934 0 0 0.203145024 801.0 801.0000257602372 0.0 0.0 0.0 1
1 1 1 -0.00606488395714 0.0829759971725 0.0831973492618 0.28121868 0 0 0.28121868 609.0 609.0000649293446 0.0 0.0 0.0 1 1 1 0.0238681861429 0.052709549479 0.0578617915038 0.16442132 0 0 0.16442131999999998 415.0 415.0000325715294 0.0 0.0 0.0 1 1 1 -0.049085754 0.111613301318 0.121930063056 0.35573292 0 0 0.35573292 609.0 609.0001038964692 0.0 0.0 0.0 1
2 2 3 0.0035282741625 0.0575309662368 0.0576390561574 0.17452644 0.05589830964999999 10.0 0.13726090023333334 396.6666666666667 396.66669161870067 0.0297765548207 5.73488351136 5.7348775755 2 1 2 0.0341863335 0.0456306602038 0.0570163358066 0.139200926 0.01501822500000001 180.0 0.1316918135 494.0 494.00001859225654 0.0075091125 90.0 89.9999946109 1 1 1 -0.055720687375 0.0978387033933 0.112593103178 0.2823143 0 0 0.20722294000000002 396.0 396.00005421886857 0.0 0.0 0.0 1
1 2 2 -0.014529316075 0.0442329062818 0.046558039303 0.135611195 0.00674343500000002 15.0 0.1322394775 396.5 396.50002205300973 0.0033717175 7.5 7.50000070738 1 2 2 0.04962459245 0.049309180886 0.0699570975347 0.139200926 0.02440166460000001 15.0 0.12700009369999998 396.5 396.50002046036514 0.0122008323 7.5 7.50000352094 1 1 1 -0.005176067375 0.0729379679614 0.0731213979886 0.25228786 0 0 0.11487102 419.0 419.00001574624224 0.0 0.0 0.0 1
1 1 1 0.0096142972 0.0405465954427 0.0416708664734 0.126823991 0 0 0.0615541338 383.0 383.00000494635947 0.0 0.0 0.0 1 2 2 0.0537264695143 0.0455729132002 0.0704515716221 0.124484303 0.013232231600000005 228.0 0.1178681872 505.0 505.00001490694444 0.0066161158 114.0 113.999995091 1 1 1 -0.0336547578571 0.0898453279965 0.0959417828124 0.26285457 0 0 0.11487102 419.0 419.00001574624224 0.0 0.0 0.0 1
2 1 2 2.14009042875 6.7616094693 7.09220344171 22.130919 17.764210809999998 465.0 13.248813595 599.5 599.8390627660287 8.882105405 232.5 232.172396374 2 1 1 -0.960850292625 1.61136293905 1.87609269658 4.64492724 0 0 2.18479326 418.0 418.0057096758236 0.0 0.0 0.0 2 2 2 2.3776026875 4.78665477237 5.34462893468 13.674928 4.6355562 4.0 8.3132816 416.0 416.08928984700066 2.3177781 2.0 2.04587900435 2
1 1 1 -0.07832613525 0.0731795525755 0.107192492173 0.204187276 0 0 0.171091827 600.0 600.0000243936772 0.0 0.0 0.0 2 1 2 0.004943996875 0.0476537172951 0.0479094967322 0.132585766 0.008857966999999994 200.0 0.1281567825 500.0 500.0000173654356 0.0044289835 100.0 99.9999953917 1 1 1 0.0114222765 0.102262670614 0.102898601553 0.28885364 0 0 0.24162388 400.0 400.00007297761755 0.0 0.0 0.0 1
1 1 1 -0.02917629825 0.0609459586976 0.0675697140821 0.20774078 0 0 0.060066877 414.0 414.0000043575238 0.0 0.0 0.0 2 1 2 0.0319680275 0.0438582763429 0.0542724901402 0.15573525 0.02677655 6.0 0.042226911 411.0 411.000002377383 0.013388275 3.0 3.00000135818 2 1 1 -0.029886721375 0.143683677116 0.146759037827 0.47346878 0 0 0.43675041 606.0 606.0001573852276 0.0 0.0 0.0 1
1 0 0 -0.0680900418571 0.0920243066008 0.114475878706 0.31030577 1 0 0 -0.0217153355286 0.0892989805725 0.0919013804489 0.24594474 1 1 1 -0.027816227 0.179065533756 0.181213155879 0.60612773 0 0 0.24726105 585.0 585.0000522547215 0.0 0.0 0.0 1
2 2 2 -0.0731951158571 0.114400652155 0.135812496475 0.295524926 0.12935358600000002 14.0 0.230848133 393.0 393.00007382216984 0.064676793 7.0 6.99996069397 2 1 2 -0.0205554286714 0.0829292016707 0.0854387390918 0.25754047 0.10063529170000002 197.0 0.20722282415 498.5 498.50004316218485 0.05031764585 98.5 98.5000123881 0 0 0 0.0442781425714 0.240357834767 0.24440221489 0.78120996 1
2 2 3 -0.037670593625 0.10694026745 0.113381190796 0.33879507 0.07717599199999997 22.0 0.28734440866666666 400.6666666666667 400.66677283891676 0.0457164043667 11.4697670227 11.4697486014 1 2 2 0.010746449625 0.0461109379542 0.0473466448501 0.16535926 0.05983853300000001 218.0 0.1354399935 495.0 495.0000185292939 0.0299192665 109.0 109.000004106 1 1 1 0.018741724625 0.270470992632 0.271119549456 0.78120996 0 0 0.69592476 604.0 604.0004009197937 0.0 0.0 0.0 1
2 1 2 -0.0449817132125 0.0817867587657 0.0933403901477 0.26934832 0.079424265 12.0 0.1880010975 408.0 408.0000449875206 0.0397121325 6.0 6.00001763725 1 2 2 -0.033396363 0.0404628003233 0.0524648003106 0.117005587 0.01294279000000001 8.0 0.086446285 407.0 407.0000092463909 0.006471395 4.0 3.99999853461 2 1 1 0.0544911613 0.223709995041 0.230250838307 0.62937355 0 0 0.6293735500000001 411.0 411.0004818866584 0.0 0.0 0.0 1
1 1 1 -0.0104120739571 0.0964847917062 0.097044970579 0.32503706 0 0 0.09662538729999999 412.0 412.00001133066183 0.0 0.0 0.0 0 1 0 -0.00265870758571 0.0706421437128 0.070692157941 0.201376675 1 1 1 0.0262959336286 0.210490627331 0.212126802455 0.69341564 0 0 0.381317134 386.0 386.0001883454938 0.0 0.0 0.0 1
1 2 2 0.00876710324286 0.0757359038228 0.0762416502125 0.25246406 0.03950268000000001 3.0 0.23271271999999998 398.5 398.5000683958474 0.01975134 1.5 1.50001127677 1 2 2 0.0400656974143 0.043213697323 0.0589294811246 0.141371725 0.025009631899999996 202.0 0.12886690905 501.0 501.00001676240436 0.01250481595 101.0 100.999999837 1 2 2 -0.0497649061429 0.152416328244 0.160334908859 0.48583031 0.22256756 8.0 0.30739355 403.0 403.0001334547283 0.11128378 4.0 3.99991379225 1
2 2 2 -0.0433684371625 0.0446104043007 0.0622166337388 0.136273743 0.006536365300000006 1.0 0.06127172735 402.5 402.50000467629053 0.00326818265 0.5 0.500000491699 2 2 2 0.005004406125 0.0277815920789 0.0282287254246 0.075828553 0.019178867999999995 4.0 0.058470011 405.0 405.0000043274656 0.009589434 2.0 2.00000136306 2 1 2 0.0461021662625 0.0973497744142 0.107714383035 0.32526112 0.0023431750000000306 194.0 0.1949381825 504.0 504.000039241414 0.0011715875 97.0 96.9999919944 1
2 2 2 -0.029256255125 0.0751339628131 0.0806290321903 0.210722805 0.10996556499999999 197.0 0.1195226925 501.5 501.5000152723951 0.0549827825 98.5 98.5000101044 2 2 2 0.019645303 0.0606566360482 0.0637586498183 0.194912193 0.12356590999999997 197.0 0.110663532 501.5 501.50001387294867 0.061782955 98.5 98.5000109085 0 0 0 0.0366103650125 0.0990424527663 0.105592264283 0.36513615 1
1 1 1 0.005885116 0.0867003896625 0.0868998973415 0.234913825 0 0 0.155496001 391.0 391.0000309194442 0.0 0.0 0.0 1 2 1 0.0314440380714 0.0604518792691 0.0681407164433 0.187937973 0 0 0.15896534699999998 391.0 391.0000323145531 0.0 0.0 0.0 1 1 1 -0.0496970582857 0.110102112615 0.120798480142 0.333688734 0 0 0.126165391 411.0 411.00001936460524 0.0 0.0 0.0 1
2 1 2 2.09689564286 4.89078069865 5.32134448982 17.2903906 9.174543199999999 27.0 12.703119 407.5 407.7192428088363 4.5872716 13.5 13.6356641367 1 1 1 -0.202136804143 1.73554183116 1.74727351473 5.4094338 0 0 4.6145347 394.0 394.02702182781513 0.0 0.0 0.0 1 2 1 0.522566071429 6.27025451599 6.29199229135 18.7835703 0 0 16.714946 391.0 391.3571123919724 0.0 0.0 0.0 2
1 1 1 -0.06386280375 0.552320911587 0.556000761761 1.92264794 0 0 0.55096296 400.0 400.00037945004914 0.0 0.0 0.0 1 2 2 -0.00716975375 0.664997749685 0.665036399346 2.3493359 0 0 1.7605085034999999 400.0 400.00430760327765 0.5888273965 0.0 0.00259156118801 2 1 2 -0.367244845 1.17976296439 1.23560083698 2.96124366 0.10449506000000008 200.0 2.4904284299999997 500.0 500.0065176688134 0.05224753 100.0 99.9984362492 1
1 1 1 0.10909745625 0.468168696282 0.480712162462 1.63646107 0 0 1.63646107 606.0 606.002209570917 0.0 0.0 0.0 1 1 1 -0.215129660375 0.697727846318 0.730140341511 2.2387743 0 0 2.2387743 806.0 806.0031092436097 0.0 0.0 0.0 1 1 1 -0.110850705 1.36839136363 1.37287392096 3.8417616 0 0 3.8417616 606.0 606.0121773794576 0.0 0.0 0.0 1
0 0 0 0.151697442857 0.454745729025 0.479380633981 1.4529948 1 1 1 0.113214202857 0.802874831821 0.810817767011 2.2641978 0 0 2.2641978 585.0 585.0043816858789 0.0 0.0 0.0 1 1 1 0.619374951429 1.97163700624 2.06663441732 6.3204203 0 0 3.9177532 645.0 645.0118981771857 0.0 0.0 0.0 1
1 2 2 -1.40884061875 2.53173414387 2.89732802152 7.4064271 5.13407848 203.0 4.83938786 498.5 498.526107037697 2.56703924 101.5 101.519603856 1 1 1 -0.7371025755 3.22645853893 3.30958530789 10.2073245 0 0 7.1953111 400.0 400.06471039298856 0.0 0.0 0.0 2 2 2 2.5955621625 5.98548312068 6.52402874973 17.148741 5.8192339 196.0 10.091298550000001 499.0 499.1269461987956 2.90961695 98.0 97.9162486796 2
1 1 1 0.00379568225 0.20089538295 0.200931237229 0.74804682 0 0 0.41454637099999997 400.0 400.00021481080944 0.0 0.0 0.0 2 1 2 0.07199082 0.716169049234 0.719778288951 2.3419623 0 0 2.06886165 400.0 400.00544342608225 0.27310065 0.0 0.00141249943132 1 1 1 0.199633 1.58587979702 1.59839546586 5.0306082 0 0 3.9597921 600.0 600.0130664856185 0.0 0.0 0.0 1
2 1 2 0.16008752625 0.401020980236 0.431793750129 1.46723822 1.0526918490000001 9.0 0.9408922955 404.5 404.50142328625316 0.5263459245 4.5 4.50120847544 2 1 2 0.077862985 0.460999669773 0.467528972326 1.23595274 0.09058250000000001 164.0 1.19066149 527.0 527.001364090477 0.04529125 82.0 81.9998900783 1 1 1 -0.20607483375 1.716991898 1.72931431929 5.0306082 0 0 4.4502516 409.0 409.0242104561823 0.0 0.0 0.0 1
1 1 1 -0.0672440482857 0.637984572625 0.641518571 2.093711 0 0 1.4622807 352.0 352.0030372949154 0.0 0.0 0.0 1 2 2 -0.13810793 0.412077121153 0.434604825223 1.14537024 0.20598804000000004 102.0 1.04237622 496.0 496.0011403142412 0.10299402 51.0 50.9996663021 1 0 0 -0.608867367143 1.26466667073 1.40360295626 4.240551 1
2 1 2 2.34433702587 5.00487341983 5.52672362611 15.0550373 8.772030699999998 1.0 10.66902195 600.5 600.6108449563751 4.38601535 0.5 0.421996219493 1 2 1 -2.35730648937 3.91945156017 4.57372872145 12.2396763 0 0 0.729271775 413.0 413.00064387034774 0.0 0.0 0.0 0 1 0 0.41309025 3.77374013877 3.79628215358 11.9815326 2
1 2 2 0.000642995875 0.332231114561 0.332231736783 1.10775753 0.5652771299999999 200.0 0.803746135 500.0 500.0008507905659 0.282638565 100.0 99.9993755036 1 2 2 0.0986959075 0.435612380473 0.446653140791 1.4991713 1.01483108 200.0 0.99175576 500.0 500.0015024356049 0.50741554 100.0 99.9986930522 2 2 2 0.078016157 0.297247622639 0.307315261446 0.80208682 0.16292668 200.0 0.66679906 500.0 500.0004474262434 0.08146334 100.0 100.000019154 1
2 2 2 -0.099474757875 0.306047687928 0.321808040204 1.0863847 0.848428918 15.0 0.662170241 407.5 407.500771753673 0.424214459 7.5 7.49929646675 2 1 2 -0.08720963625 0.655797444382 0.661570713312 1.8336487 0.006263499999999977 219.0 1.4960395499999999 509.5 509.5023048413035 0.00313175 109.5 109.499495458 2 2 3 0.43664193625 1.06646772556 1.15239298425 3.8677693 2.4483857650000003 -0.5 1.5141509433333333 407.6666666666667 407.67111194348814 1.15561066469 6.12825877028 6.12855957907 1
1 1 1 -0.186802372857 0.324432768089 0.374368464904 0.90493178 0 0 0.47288367 603.0 603.0001854219992 0.0 0.0 0.0 1 1 1 -0.280449291429 0.829504435177 0.875630865742 2.19860987 0 0 2.04819607 399.0 399.00525699186113 0.0 0.0 0.0 2 2 2 0.813953812614 1.56425188199 1.76335043578 4.4215908 1.2751826799999995 5.0 3.78399946 405.5 405.51819373042395 0.63759134 2.5 2.49393830006 1
1 2 1 -0.347245795714 0.300114067272 0.45896415548 0.90493178 0 0 0.20182661999999996 390.0 390.0000522230536 0.0 0.0 0.0 1 2 2 -0.302141437143 0.741711375733 0.800890262727 2.19860987 0.4364724499999999 5.0 1.576666135 392.5 392.50323309309283 0.218236225 2.5 2.49910276306 1 1 1 0.150695115471 1.59018260384 1.59730702478 5.1612873 0 0 4.0922431999999995 390.0 390.0214692224108 0.0 0.0 0.0 1
1 1 1 -0.362186599375 0.200314114218 0.413889933584 0.598113585 0 0 0.598113585 595.0 595.0003006216556 0.0 0.0 0.0 2 2 3 -0.14226862275 0.577130359308 0.594407110199 1.60439582 0.18077737999999965 11.0 1.4838775666666668 402.3333333333333 402.336077867327 0.100475640442 5.43650214343 5.43682821046 1 1 1 -0.28644514375 0.896609604006 0.941254270839 3.0364533 0 0 2.3113861 812.0 812.0032897135967 0.0 0.0 0.0 1
2 1 2 -0.170330714375 0.302305408635 0.346988634323 0.80088515 0.2636578650000001 3.0 0.6690562175 604.5 604.5003849921484 0.1318289325 1.5 1.49985313747 2 2 2 -0.0937748185 0.474496150803 0.483673767855 1.60439582 1.209880302 14.0 0.9994556689999999 401.0 401.0016760103516 0.604940151 7.0 7.00147849455 1 2 1 -0.21403468125 0.872309789328 0.898184398292 2.9889203 0 0 0.9754295 408.0 408.0011660065562 0.0 0.0 0.0 1
1 2 2 -0.652227895714 0.868089590678 1.08580880702 2.21076195 1.6503900800000002 209.0 1.38556691 498.5 498.502225555821 0.82519504 104.5 104.501827058 1 2 2 -0.504761349429 0.561307012036 0.754883819961 1.7920966 1.01994178 6.0 1.28212571 406.0 406.0023567433874 0.50997089 3.0 2.99837213502 1 1 1 0.531260761429 1.63667137292 1.72073565069 5.237011 0 0 5.237011 611.0 611.0224433555728 0.0 0.0 0.0 1
1 1 1 -0.741561038571 0.821364191111 1.10659473538 2.40073704 0 0 1.64457642 593.0 593.0022804607089 0.0 0.0 0.0 1 2 2 -0.427191487714 0.766271529826 0.877305320055 2.3116033 0.4726352500000002 7.0 1.404590595 393.5 393.50258548790237 0.236317625 3.5 3.49913347781 2 1 1 0.797830585714 1.38668899066 1.59982499053 4.4838619 0 0 3.48335075 591.0 591.010265335931 0.0 0.0 0.0 1
1 2 1 0.031309037 0.466322060526 0.467371928908 1.2728831 0 0 0.9445169 409.0 409.0010906002261 0.0 0.0 0.0 2 2 2 0.1358605495 0.841794216671 0.852687276867 2.33228395 0.7864516800000001 12.0 1.5614988099999998 403.0 403.0031950125876 0.39322584 6.0 6.00147604687 2 1 1 0.034320353 0.77348904334 0.774250080269 2.4880114 0 0 2.2636585 401.0 401.0063891633207 0.0 0.0 0.0 1
1 2 2 0.321042826125 0.436748570078 0.542049637645 1.29780786 0.9854369700000001 20.0 0.780164615 398.0 398.00104602435323 0.492718485 10.0 10.0009395485 1 2 2 0.306567115 0.816525113936 0.872179257772 2.29664514 0.3159296399999998 20.0 2.1386803199999997 398.0 398.00575978718314 0.15796482 10.0 10.0007041063 1 1 1 -0.0955294345 0.775447884928 0.781309986558 1.89090724 0 0 1.8909072399999998 792.0 792.0022572759437 0.0 0.0 0.0 1
1 1 1 0.316612409 0.318668076968 0.449213491351 0.98173222 0 0 0.401411387 400.0 400.0002014138263 0.0 0.0 0.0 1 2 2 0.302257943939 0.479321518667 0.566664788858 1.4923117 0.6066746775700002 20.0 0.9955983212150001 410.0 410.001303819029 0.303337338785 10.0 10.0007047879 0 1 0 -0.299804672857 0.913355651851 0.961301923765 2.38470836 1
2 1 1 0.121397471429 0.493464554456 0.508177737188 1.544922 0 0 0.59382496 393.0 393.00044863598197 0.0 0.0 0.0 0 1 0 0.232018911581 0.634672026096 0.675752436947 2.0175972 1 2 1 0.314345355714 1.49798273908 1.53060945026 4.9403294 0 0 4.9403294 594.0 594.020544135117 0.0 0.0 0.0 1
2 1 2 -0.179233448 0.66787163007 0.691503538049 2.1651798 0.6080693299999997 196.0 1.861145135 501.0 501.0034606737679 0.304034665 98.0 98.0004525051 2 2 2 0.113150052813 0.824507570614 0.832235344389 2.1640627 0.04683895000000016 207.0 2.041016675 506.5 506.50431215359663 0.023419475 103.5 103.499024475 1 2 1 0.58181999625 1.67564331261 1.77377986772 4.4540042 0 0 1.10223677 414.0 414.00146729920795 0.0 0.0 0.0 1
2 2 2 -0.44246920225 0.471618718856 0.646686331165 1.55711047 0.9050020240000001 14.0 1.104609458 396.0 396.00177737812976 0.452501012 7.0 7.00123079056 2 2 2 -0.060042955125 0.663155594629 0.665868229568 2.06443615 0.7057888000000001 14.0 1.71154175 396.0 396.0038301610922 0.3528944 7.0 7.00145751714 1 2 2 0.3851223 1.53574070745 1.58329362611 4.7452621 1.3251982 213.0 3.5948548 495.5 495.5130529864965 0.6625991 106.5 106.502001571 1
2 1 1 -0.307034890571 0.264439153523 0.40521412851 0.810603896 0 0 0.8106038959999999 424.0 424.0007748562215 0.0 0.0 0.0 2 1 1 -0.0478410757143 0.571167393437 0.573167479757 1.70257045 0 0 1.20618535 424.0 424.0017156605602 0.0 0.0 0.0 0 1 0 0.467065128571 1.17079622135 1.26052117247 3.5701599 1
1 1 1 -0.06309797 0.3546057458 0.360175774827 1.07284605 0 0 0.0539887 391.0 391.0000037273398 0.0 0.0 0.0 2 1 2 -0.0762921428571 0.736909167955 0.740847901312 2.0802023 0.2466325599999999 17.0 1.6189668199999998 399.5 399.50329029298393 0.12331628 8.5 8.50042972731 1 2 1 0.365060245714 1.00792245082 1.07199657176 2.73188206 0 0 2.3963947 391.0 391.0073435468421 0.0 0.0 0.0 1
1 1 1 0.22951785375 0.458103532581 0.51238393003 1.71246787 0 0 1.71246787 603.0 603.0024316254502 0.0 0.0 0.0 2 2 2 -0.152675213 0.585046722614 0.604639883158 2.0802023 1.4433919999999998 6.0 1.3585063 397.0 397.00299914698496 0.721696 3.0 2.99750776189 2 1 1 0.027803056875 0.906033051013 0.906459541016 2.9881744 0 0 2.7318820600000002 601.0 601.0062089359725 0.0 0.0 0.0 1
1 2 2 0.27670271175 0.362928034307 0.456378295689 1.03484711 0.19920111000000007 393.0 0.935246555 596.5 596.5007740525615 0.099600555 196.5 196.499901173 2 1 2 -0.15143946025 0.571331943446 0.591061840861 2.15004755 0.8603100800000001 203.0 1.06696534 501.5 501.5011827106481 0.43015504 101.5 101.500675802 2 2 2 -0.609518049 0.808708273436 1.0126802672 2.75333214 0.3552694329999999 6.0 2.0080418564999998 394.0 394.00516424674163 0.1776347165 3.0 2.99905536597 1
2 2 2 -0.045077618 0.423401602733 0.425794444352 1.22318964 1.154228236 9.0 0.646075522 395.5 395.50093815908656 0.577114118 4.5 4.50093207766 1 1 1 -0.072760605 0.837130622106 0.840286727319 2.3101111 0 0 2.3101111 403.0 403.00662105391564 0.0 0.0 0.0 1 1 1 -0.196902818143 1.1119333483 1.12923270004 3.4876251 0 0 2.185676573 391.0 391.00610888077154 0.0 0.0 0.0 1
1 0 0 -0.233894577143 0.335197758454 0.408734890228 1.04829716 2 1 2 -0.180041008143 0.835663525038 0.854838166961 2.2592721 0.5076299 60.0 2.00545715 404.0 404.0049912093302 0.25381495 30.0 30.0008892928 2 2 2 0.771976735286 0.676595840019 1.02651352186 2.025150253 0.881250353 21.0 1.5845250765 423.5 423.50323631892206 0.4406251765 10.5 10.498271175 1
2 2 2 -0.28131407325 0.336089272461 0.438284846729 1.20168025 0.8048788500000001 18.0 0.799240825 399.0 399.0009857540352 0.402439425 9.0 9.00078389338 2 1 2 -0.15633355 0.672750097701 0.690675663978 1.7202165 0.0854511 24.0 1.6774909500000001 402.0 402.00350002200173 0.04272555 12.0 12.000073809 2 2 3 0.533232324625 1.35359465126 1.45483854498 4.2694922 1.5250493234999993 -5.5 3.098375651 404.3333333333333 404.3461374460009 0.854143996341 8.95668589503 8.95529412178 1
2 2 3 -0.2738500745 0.375998031249 0.465154149511 1.2777692 0.31868402500000004 2.5 1.0653131833333334 403.6666666666667 403.6681479750035 0.248603485733 3.09120616517 3.09133298687 1 2 2 0.09265193 0.48677783323 0.495516941241 1.46847176 0.38302349999999996 1.0 1.1573032099999998 401.5 401.50171429437074 0.19151175 0.5 0.499445844682 2 2 2 -0.16383516 1.37472364624 1.38445189992 4.6748085 2.6803370899999996 6.0 2.7749066549999997 405.0 405.0116560070728 1.340168545 3.0 3.00909572487 1
2 1 2 0.121839296571 0.524644342939 0.538606071974 1.44729007 0.7307999700000001 199.0 1.081890085 501.5 501.50119056904134 0.365399985 99.5 99.5005520645 2 1 2 0.0856340228571 0.486627732364 0.49410498457 1.36505554 0 0 1.0602824599999998 402.0 402.0014093599449 0.094491 0.0 0.000249220892243 2 1 2 -0.40280191 0.93202425168 1.01534160972 3.0464086 1.6116704899999998 199.0 2.240573355 501.5 501.505140601061 0.805835245 99.5 99.5025803189 1
1 1 1 0.312475370286 0.365645253997 0.480975372349 0.990872294 0 0 0.982593834 782.0 782.0006173211391 0.0 0.0 0.0 1 1 1 0.0941338485714 0.487371382089 0.496378933403 1.36505554 0 0 1.3102557400000001 609.0 609.0014094976334 0.0 0.0 0.0 0 0 0 0.0450032128571 0.899721118533 0.900845924841 2.8711004 1
1 1 1 0.1626160692 0.117993523684 0.200914055241 0.358687564 0 0 0.23461091399999998 393.0 393.00007002834104 0.0 0.0 0.0 0 1 0 0.31303701 0.394746077128 0.503802178477 1.0890348 0 0 0 0.245642086 0.59673620753 0.64531708159 1.56560707 1
1 1 1 0.25457684125 3.08045999383 3.09096152381 11.795932 0 0 2.7578242 401.0 401.009483172553 0.0 0.0 0.0 1 1 1 -0.58428259625 1.14002324839 1.28103050672 3.5397551 0 0 2.21937069 401.0 401.00614160665873 0.0 0.0 0.0 1 1 1 0.6454557925 3.64659716194 3.70328017325 12.373614 0 0 12.373614 811.0 811.0943880482844 0.0 0.0 0.0 2
2 1 2 0.0176980325 0.538724802569 0.539015429517 1.7185622 0 0 1.3328913150000001 400.0 400.0022346112495 0.105332135 0.0 0.00035098875901 2 1 2 -0.3284178375 0.787694617077 0.853417298723 2.40620613 0.2140595900000002 200.0 2.2991763350000003 500.0 500.0054158375905 0.107029795 100.0 99.9994089996 0 0 0 -0.08328699625 1.25116437 1.2539334131 4.4507637 1
1 1 1 -0.0872663225 0.54625918168 0.553185777667 1.9489913 0 0 1.9489912999999999 404.0 404.0047011695377 0.0 0.0 0.0 2 1 1 -0.1492310725 0.589766849952 0.608354214502 1.41355703 0 0 1.41355703 399.0 399.00250393133757 0.0 0.0 0.0 1 1 1 -0.389669175 1.04979074779 1.11977796017 3.3273182 0 0 2.1040077999999998 400.0 400.00553352275324 0.0 0.0 0.0 1
0 1 0 -0.280349485714 0.415740656288 0.501434070872 1.35966875 1 1 1 -0.289537761429 0.586177503679 0.653786036187 1.59706135 0 0 1.14271093 618.0 618.0010564620983 0.0 0.0 0.0 1 1 1 -0.143810825714 1.31356805258 1.32141688439 3.7303267 0 0 3.7303267 605.0 605.0115001694503 0.0 0.0 0.0 1
1 2 1 -0.138891395714 0.270619128675 0.304180098968 0.79298979 0 0 0.5242796 596.0 596.000230594837 0.0 0.0 0.0 1 2 2 -0.289619128571 0.627506662429 0.691117827167 1.77059884 0.4098315000000001 13.0 1.56568309 393.5 393.5031824977809 0.20491575 6.5 6.49913210521 1 1 1 0.216814174286 1.33459174542 1.35208857444 3.8932771 0 0 3.1565437 422.0 422.01180524735327 0.0 0.0 0.0 1
2 2 2 0.1750243125 0.607903277476 0.632597743224 1.88742395 1.3583675300000002 9.0 1.058705665 388.5 388.50201504936797 0.679183765 4.5 4.5018275014 2 1 2 0.07758707 0.532569139463 0.538191082925 1.48667333 0.18343664000000004 203.0 1.26904902 501.5 501.50173197241645 0.09171832 101.5 101.499417369 0 0 0 -0.4860124525 1.23141468323 1.32385430697 4.2545995 1
1 2 2 0.417813637125 0.473512857924 0.631492408495 1.73788943 0.367361367 197.0 1.5542087465 491.5 491.50271718413006 0.1836806835 98.5 98.4988746334 1 1 1 -0.14522440225 0.81240601999 0.825283992529 2.44701653 0 0 2.44701653 384.0 384.0077966524874 0.0 0.0 0.0 1 1 1 -0.3074690025 1.13114020834 1.17218401219 3.6398258 0 0 3.6398258 404.0 404.01639611760106 0.0 0.0 0.0 1
1 1 1 0.658437608143 0.782011931701 1.02229288618 2.40186888 0 0 0.7785848799999999 395.0 395.0007673339577 0.0 0.0 0.0 1 2 2 -0.830938246857 0.802409438747 1.15512738582 2.19959737 0.12813229999999987 2.0 1.882541212 405.0 405.0043795958841 0.06406615 1.0 1.00028697856 2 1 2 0.340163494857 0.983928403093 1.04106978904 2.5253134 0.47993569999999997 184.0 2.2853455499999997 498.0 498.00527826782206 0.23996785 92.0 92.0001261208 1
1 2 2 0.205420635714 1.20187267015 1.21930125598 3.5831404 1.1812715199999997 5.0 2.99250464 402.5 402.51158521230866 0.59063576 2.5 2.49553691534 1 1 1 -0.650537628 0.70062657177 0.956073636554 2.20851947 0 0 1.39627887 400.0 400.0024369859299 0.0 0.0 0.0 1 1 1 -0.370027135429 1.0927000169 1.15365220404 3.2380008 0 0 0.90970516 400.0 400.00103445301005 0.0 0.0 0.0 1
1 2 1 -0.25906098 0.695870682319 0.742528516536 2.15498237 0 0 1.01472596 389.0 389.0013234794631 0.0 0.0 0.0 1 2 2 -0.14665135875 0.590437793072 0.608377685744 1.6671522 1.1448440659999999 5.0 0.823856837 397.5 397.50125850527775 0.572422033 2.5 2.50117848065 1 1 1 -0.471671814 0.850414890659 0.972460686288 2.30143544 0 0 1.60248182 395.0 395.0032505536928 0.0 0.0 0.0 1
2 1 1 -0.069384714 0.332160812785 0.339330287606 1.15146766 0 0 1.15146766 610.0 610.001086784091 0.0 0.0 0.0 1 1 1 -0.07786002675 0.645624256668 0.650302133292 1.9981864 0 0 1.8747261000000002 390.0 390.0045058687784 0.0 0.0 0.0 1 1 1 -0.17367039625 0.746396501389 0.766334877074 2.26607223 0 0 2.26607223 386.0 386.00665160506185 0.0 0.0 0.0 1
1 1 1 0.0488215204286 0.337466911955 0.340980142415 1.1327237 0 0 0.430379426 403.0 403.0002298094262 0.0 0.0 0.0 1 2 1 -0.0824739571429 0.622330014407 0.627771136991 1.9981864 0 0 1.9981864 403.0 403.0049537522946 0.0 0.0 0.0 2 1 2 -0.09280202 1.41358162996 1.4166245937 4.3784848 1.3409691700000002 12.0 2.936556815 392.0 392.0114982149104 0.670484585 6.0 6.00484660985 1
1 2 1 0.422464577 0.818260241973 0.920883348972 2.6304702 0 0 2.27947336 408.0 408.00636759589787 0.0 0.0 0.0 1 2 1 -0.00333408428571 0.913461136809 0.913467221403 3.2279363 0 0 1.94685936 629.0 629.0030129191495 0.0 0.0 0.0 1 2 2 0.383176815714 1.25325517538 1.31052394359 4.3784848 1.9789743300000002 24.0 1.9752163850000002 396.0 396.006018223281 0.989487165 12.0 12.0047530403 1
1 2 2 0.28955147425 0.775774396325 0.828049497454 2.6304702 0.18849492 5.0 1.00674081 401.5 401.50127475621986 0.09424746 2.5 2.49975574261 1 1 1 0.07459240625 0.850233349591 0.853499136395 3.2279363 0 0 1.93098512 593.0 593.003143923819 0.0 0.0 0.0 2 2 2 -0.366286275 1.22895884586 1.28238273541 4.0664177 1.5257777999999997 27.0 1.74861812 397.5 397.50446933637596 0.7628889 13.5 13.5032041534 1
0 0 0 0.040040043875 0.373934144309 0.376071734372 1.336711 0 0 0 0.034160135125 0.2905121625 0.292513643087 0.87163163 1 2 2 -0.6329590025 1.27601893195 1.42438106332 4.2954998 1.6913842999999997 12.0 1.66581487 405.0 405.00425817383393 0.84569215 6.0 6.00341531598 1
1 1 1 -0.111905979857 0.421888130787 0.436477425793 1.35213077 0 0 1.35213077 617.0 617.001481568415 0.0 0.0 0.0 1 0 0 -0.050911877 0.586056012252 0.588263264803 1.83085755 1 1 1 0.119108061429 1.2907485867 1.29623248083 3.4514207 0 0 2.6041155 607.0 607.0055859854482 0.0 0.0 0.0 1
1 0 0 -0.554968324286 0.26584980219 0.61535839824 0.85434 2 1 2 -0.120237464286 0.784547205877 0.793707355432 1.919858 0 0 1.875357775 393.0 393.00447700631753 0.044500225 0.0 0.000212348326357 1 1 1 0.610757815714 1.36644503664 1.49672881565 3.8527879 0 0 3.8527879 589.0 589.0126008623265 0.0 0.0 0.0 1
1 1 1 -0.698493575 0.23114032183 0.735743924672 0.8032671 0 0 0.30066684 603.0 603.0000749589909 0.0 0.0 0.0 1 2 1 -0.418560285 0.931986078091 1.02166078614 3.1722741 0 0 1.6475656 399.0 399.00340157999443 0.0 0.0 0.0 1 2 2 0.6986588225 1.10960387683 1.31123793177 3.321043 0.06163980000000002 15.0 3.2902231000000004 399.5 399.5135593983924 0.0308199 7.5 7.49949163219 1
1 1 1 0.06640305 0.854108679631 0.856686057824 2.2761996 0 0 2.2761996 635.0 635.0040795810835 0.0 0.0 0.0 1 2 2 -0.3912486 1.08102925857 1.14965200164 3.019436 0.5187571000000002 199.0 2.76005745 496.5 496.50776208489685 0.25937855 99.5 99.4998863507 1 0 0 0.5400619425 1.04383995841 1.17527390872 2.7828531 1
1 1 1 0.578603382286 0.511046532313 0.771978258879 1.333111654 0 0 1.3331116539999999 557.0 557.0015953178968 0.0 0.0 0.0 2 1 2 -0.3371343 0.981411278736 1.03770305688 2.59865357 0.09797466999999971 2.0 2.549666235 398.0 398.0081690254614 0.048987335 1.0 1.00029329129 2 1 2 0.497079418571 1.51967458842 1.5989055016 4.5017214 1.024066 60.0 3.2948861000000003 384.0 384.01422043871446 0.512033 30.0 30.0032823713 1
2 2 2 0.895273825143 0.836315359301 1.22512799421 2.623120554 1.739294446 16.0 1.427779477 400.0 400.00355702771003 0.869647223 8.0 7.99682472654 2 1 2 -0.0465122385714 0.841468181414 0.842752685353 2.5305848 0.2720339300000001 23.0 2.019924805 396.5 396.50515267364204 0.136016965 11.5 11.5005434691 1 1 1 -0.0827373814286 1.35467738468 1.35720163971 4.5017214 0 0 1.33172039 385.0 385.0023032128472 0.0 0.0 0.0 1
1 2 2 0.77605330875 0.903802188217 1.19126702861 3.3662635 1.0688368000000001 19.0 2.8318451 401.5 401.510258814768 0.5344184 9.5 9.5035265136 1 1 1 -0.0821695375 0.719564625467 0.724241039376 2.3489084 0 0 2.3489084 401.0 401.006879455542 0.0 0.0 0.0 1 2 1 -0.28561365875 0.772495849065 0.82360488032 2.2470637 0 0 1.5468492 411.0 411.002910868582 0.0 0.0 0.0 1
2 2 2 0.07483443675 0.552493235936 0.5575383114 1.5665223 0.29905459999999984 201.0 1.416995 483.5 483.50228951809083 0.1495273 100.5 100.499085886 2 2 2 -0.2814087075 0.877409849745 0.921433071409 2.7570894 1.0023453 1.0 2.25591675 383.5 383.5069664071458 0.50117265 0.5 0.497042851685 1 1 1 0.18108938875 1.44042867095 1.45176724126 4.6475792 0 0 4.6475792 607.0 607.0177921547443 0.0 0.0 0.0 1
2 2 2 0.0834073518571 0.459092503655 0.466607665235 1.5665223 1.05231744 32.0 1.04036358 399.0 399.00176109687715 0.52615872 16.0 15.9985574652 1 2 2 -0.297094492857 0.923060946131 0.969694100197 2.7570894 0.21108559999999965 21.0 2.6515466 393.5 393.50897296027426 0.1055428 10.5 10.4990494048 0 0 0 0.430006705714 1.53649006152 1.5955273348 4.6568622 1
1 1 1 0.149248275571 0.443208472838 0.467663124649 1.51170044 0 0 0.671116111 405.0 405.0005560450929 0.0 0.0 0.0 2 2 2 -0.236195321571 0.643878394226 0.68583351951 2.2588847 0.1540882400000001 11.0 1.50380077 401.5 401.50282807570306 0.07704412 5.5 5.49967269615 1 2 1 0.25911618 1.24265304953 1.26938087123 3.1288814 0 0 2.3640585 395.0 395.0070743323358 0.0 0.0 0.0 1
1 1 1 -0.07199701 0.570957438859 0.575478901817 1.51170044 0 0 1.51170044 400.0 400.0028565375756 0.0 0.0 0.0 1 1 1 -0.3152374202 0.768644939355 0.830776548713 2.3580394 0 0 1.42675665 407.0 407.00250077184825 0.0 0.0 0.0 1 1 1 0.231785586 1.12407700705 1.14772543566 3.1288814 0 0 3.1288814 400.0 400.01223718633315 0.0 0.0 0.0 1
1 1 1 1.20217669287 2.70986363366 2.96455556769 8.4190452 0 0 7.54468415 397.0 397.07168403063355 0.0 0.0 0.0 2 2 3 0.28543745625 1.31214639955 1.34283383755 4.3007829 1.5693041399999998 3.5 3.25458014 399.3333333333333 399.3477005062257 0.949505608158 1.6996731712 1.70527217108 1 2 1 -0.36087152625 3.76318079285 3.78044414562 12.4143103 0 0 12.4143103 395.0 395.19503425552386 0.0 0.0 0.0 2
