1492571940746 GYROSCOPE -0.2617798 0.12185669 0.6789398
1492571940942 GYROSCOPE -0.18089294 -0.3347168 1.1509247
1492571941139 GYROSCOPE -0.32043457 -0.0046691895 0.5763092
1492571941334 GYROSCOPE -0.10191345 0.07585144 0.5449219
1492571941529 GYROSCOPE 1.5475311 0.60705566 0.5189209
1492571941725 GYROSCOPE -0.52586365 0.26571655 0.5803833
1492571941921 GYROSCOPE 0.7538605 -0.2919159 0.4033966
1492571942118 GYROSCOPE -0.17533875 0.08622742 0.23788452
1492571942313 GYROSCOPE -1.0545197 -1.0599823 0.57748413
1492571942509 GYROSCOPE -0.42956543 0.355011 -1.4546356
1492571942704 GYROSCOPE 0.53811646 0.5988159 -0.75723267
1492571942900 GYROSCOPE 1.8362122 0.58102417 0.072006226
1492571943164 GYROSCOPE -1.734436 -0.41027832 1.1205902
1492571943381 GYROSCOPE -0.7775879 -0.65263367 -0.81700134
1492571943581 GYROSCOPE 0.02772522 0.27375793 -1.0031738
1492571943759 GYROSCOPE 1.4972076 0.696167 -0.15071106
1492571943956 GYROSCOPE -1.0623779 0.10775757 0.6330719
1492571944146 GYROSCOPE -1.1429596 -0.5251312 -0.67910767
1492571944341 GYROSCOPE 0.005065918 -0.15510559 -1.0602417
1492571944544 GYROSCOPE 1.2250214 0.1628418 -1.0391235
1492571944734 GYROSCOPE -0.08131409 0.6030731 -0.033111572
1492571944927 GYROSCOPE -0.33648682 -1.1235657 -0.33491516
1492571945123 GYROSCOPE -0.31661987 -0.49691772 -1.5699615
1492571945324 GYROSCOPE -0.16722107 -0.56077576 -1.1685333
1492571945579 GYROSCOPE 0.06587219 -0.29429626 -0.30392456
1492571945773 GYROSCOPE -0.79389954 -0.2303009 -0.116104126
1492571945974 GYROSCOPE 0.31744385 -0.27282715 -0.6577606
1492571946181 GYROSCOPE -0.29878235 0.5114136 -0.7087555
1492571946381 GYROSCOPE 1.1314087 0.10185242 -0.29042053
1492571946580 GYROSCOPE -0.010406494 -0.41029358 -1.2802124
1492571946779 GYROSCOPE 0.16389465 -1.9620514 -2.5182953
1492571946958 GYROSCOPE 0.22921753 -1.4335785 -2.50737
1492571947161 GYROSCOPE -0.42367554 -1.2166595 -1.4588013
1492571947353 GYROSCOPE 0.49398804 -0.38656616 -1.2426605
1492571947546 GYROSCOPE -1.0122223 -0.1618042 0.29777527
1492571947798 GYROSCOPE -0.11634827 -0.43862915 -1.1438293
1492571948000 GYROSCOPE 0.42269897 -0.048812866 -0.44325256
1492571948198 GYROSCOPE 0.7747803 0.12045288 0.08900452
1492571948397 GYROSCOPE 0.3566742 0.6026764 0.31936646
1492571948583 GYROSCOPE -0.44241333 -0.11735535 0.34921265
1492571948783 GYROSCOPE -0.43852234 -0.3499298 -0.32504272
1492571948983 GYROSCOPE -0.110580444 -0.029251099 -0.47912598
1492571949185 GYROSCOPE 1.6330414 1.3546906 0.31217957
1492571949385 GYROSCOPE -1.2004089 0.4164734 1.2315826
1492571949578 GYROSCOPE -0.9163666 -0.74497986 0.0743103
1492571949768 GYROSCOPE -0.31282043 -0.19520569 -0.4070282
1492571949965 GYROSCOPE 1.9431152 0.9649658 0.83496094
1492571950225 GYROSCOPE -0.6641693 0.883728 0.8727875
1492571950418 GYROSCOPE -1.0133667 -0.50180054 0.48023987
1492571950630 GYROSCOPE 0.18104553 -0.447937 -0.8516693
1492571950802 GYROSCOPE 1.2501984 0.51057434 -0.30670166
1492571951003 GYROSCOPE 0.3547058 1.3015747 0.59916687
1492571951197 GYROSCOPE -0.90859985 -0.19937134 1.1834564
1492571951386 GYROSCOPE -0.16325378 -0.08354187 0.0713501
1492571951583 GYROSCOPE 0.36289978 0.12612915 0.17640686
1492571951777 GYROSCOPE 1.6811371 1.2112885 2.0790405
1492571951976 GYROSCOPE -0.16595459 2.111435 1.4894104
1492571952172 GYROSCOPE -0.20526123 0.12561035 1.1207733
1492571952438 GYROSCOPE -0.10307312 0.7411041 0.64881897
1492571952635 GYROSCOPE 0.72254944 0.34579468 1.9441528
1492571952836 GYROSCOPE 1.1594391 2.145279 1.7464905
1492571953021 GYROSCOPE -1.282547 0.8604431 1.0397949
1492571953224 GYROSCOPE -0.20811462 -0.67341614 0.6164093
1492571953418 GYROSCOPE -0.07524109 0.52874756 0.13973999
1492571953613 GYROSCOPE 0.92245483 0.2081604 0.8838501
1492571953803 GYROSCOPE 0.024108887 1.272995 0.26159668
1492571954005 GYROSCOPE 0.07092285 -0.11099243 0.21476746
1492571954203 GYROSCOPE -0.8824005 -0.3511505 -0.7062683
1492571954396 GYROSCOPE -0.55970764 -0.3501587 -0.47418213
1492571954594 GYROSCOPE 2.0526123 0.6217346 0.47364807
1492571954847 GYROSCOPE -0.45489502 -0.17875671 0.32055664
1492571955047 GYROSCOPE -0.2328186 -0.7797394 -0.4494934
1492571955243 GYROSCOPE -0.27963257 -0.22309875 -0.45005798
1492571955436 GYROSCOPE 1.1846466 0.8962555 -0.19400024
1492571955635 GYROSCOPE -0.21508789 0.4885254 0.27316284
1492571955826 GYROSCOPE -1.3178406 -0.96110535 -0.22528076
1492571956027 GYROSCOPE -0.5215759 -0.74339294 -1.0017853
1492571956223 GYROSCOPE 0.3811798 0.121017456 -1.0831757
1492571956412 GYROSCOPE 0.9876404 1.0475311 -0.016311646
1492571956609 GYROSCOPE -0.9843292 -0.14135742 0.81788635
1492571956805 GYROSCOPE -0.51950073 -0.21601868 0.3313141
1492571957005 GYROSCOPE 0.020217896 -0.27713013 0.11883545
1492571957267 GYROSCOPE 2.1528473 1.0249176 2.5679321
1492571957462 GYROSCOPE 0.57273865 2.5193024 1.428009
1492571957658 GYROSCOPE -0.5589447 1.4104156 1.6424103
1492571957854 GYROSCOPE -0.2883911 1.0808868 1.288971
1492571958052 GYROSCOPE -0.6298523 0.6932831 1.5504608
1492571958245 GYROSCOPE 1.4520264 1.3152924 2.7026978
1492571958443 GYROSCOPE -0.6617279 0.9229126 -0.056854248
1492571958637 GYROSCOPE -0.45170593 -0.15454102 0.15835571
1492571958833 GYROSCOPE -0.024414063 -0.7822876 0.46743774
1492571959020 GYROSCOPE 0.26139832 1.1703491 0.054016113
1492571959222 GYROSCOPE 1.3862762 0.5579529 0.6049042
1492571959490 GYROSCOPE -0.8349304 -0.099487305 0.31910706
1492571959687 GYROSCOPE -0.64442444 -0.1429596 -0.55262756
1492571959872 GYROSCOPE -0.3940735 -0.17155457 -0.3267975
1492571960065 GYROSCOPE 1.3993225 0.34646606 0.54348755
1492571960262 GYROSCOPE -0.41656494 0.35142517 0.30932617
1492571960455 GYROSCOPE -0.306839 -0.88674927 0.008514404
1492571960655 GYROSCOPE -0.68263245 0.110183716 -0.42237854
1492571960847 GYROSCOPE 0.34858704 0.27659607 -0.1971283
1492571961043 GYROSCOPE -0.055603027 -0.09176636 0.9107208
1492571961241 GYROSCOPE -0.6705017 -0.15513611 0.020401001
1492571961441 GYROSCOPE -0.6944885 -1.0666656 -0.3005829
1492571961698 GYROSCOPE 1.0244751 -1.9373322 1.0092468
1492571961894 GYROSCOPE 1.2912598 -2.6569214 0.7707977
1492571962090 GYROSCOPE 0.18363953 0.23927307 -0.12239075
1492571962288 GYROSCOPE 0.19993591 2.6345825 1.343216
1492571962483 GYROSCOPE -0.37657166 1.3877716 1.3785095
1492571962678 GYROSCOPE -1.1306763 0.82522583 -1.1030121
1492571962870 GYROSCOPE 0.44033813 -0.48042297 -0.20231628
1492571963069 GYROSCOPE 0.03413391 0.18702698 0.19015503
1492571963265 GYROSCOPE 0.009628296 0.07043457 0.08387756
1492571963457 GYROSCOPE 0.0660553 0.2003479 0.07475281
