1492571940756 LINEAR_ACCELERATION 0.07060522 -0.13787508 -0.05465126
1492571940956 LINEAR_ACCELERATION -1.2477632 -0.47049844 -0.6747942
1492571941156 LINEAR_ACCELERATION 0.16490245 1.8265464 5.061391
1492571941356 LINEAR_ACCELERATION -0.6372714 0.6832094 -2.7571793
1492571941556 LINEAR_ACCELERATION -0.39904857 -1.0761955 -0.18017292
1492571941756 LINEAR_ACCELERATION -0.2643295 1.1673851 -1.8109398
1492571941956 LINEAR_ACCELERATION -0.40020502 -0.6402099 -7.36516
1492571942156 LINEAR_ACCELERATION 0.22660136 1.6865425 6.0467215
1492571942356 LINEAR_ACCELERATION 0.24647665 -5.0288434 -5.1084547
1492571942556 LINEAR_ACCELERATION 8.261324 1.7070433 4.9108915
1492571942756 LINEAR_ACCELERATION -1.5763841 2.9674163 -5.4388313
1492571942956 LINEAR_ACCELERATION -0.87563896 0.1235795 7.404173
1492571943157 LINEAR_ACCELERATION 0.15845793 -3.040441 -9.232918
1492571943376 LINEAR_ACCELERATION 2.815138 -2.3117387 -1.4244242
1492571943575 LINEAR_ACCELERATION -3.0747895 -0.004038334 -5.6229553
1492571943991 LINEAR_ACCELERATION -0.7717108 -2.902769 -3.8903842
1492571944165 LINEAR_ACCELERATION 0.912521 -3.8240278 -5.120903
1492571944363 LINEAR_ACCELERATION 0.6068537 4.2975526 4.9804487
1492571944563 LINEAR_ACCELERATION -3.7515297 -1.5806737 -4.9309053
1492571944763 LINEAR_ACCELERATION 0.9244989 0.95376587 10.300722
1492571944962 LINEAR_ACCELERATION 2.0847602 -3.9493303 -6.8859043
1492571945163 LINEAR_ACCELERATION 3.9752307 5.0281553 7.8226614
1492571945362 LINEAR_ACCELERATION -0.21645766 0.085743904 -3.9434137
1492571945561 LINEAR_ACCELERATION -2.3999424 -0.9339018 4.3080606
1492571945757 LINEAR_ACCELERATION -0.91457725 0.2846117 0.7590847
1492571945962 LINEAR_ACCELERATION 2.3752918 -0.02304244 -7.33805
1492571946175 LINEAR_ACCELERATION -0.32372737 0.24899197 5.8964214
1492571946376 LINEAR_ACCELERATION 0.26207978 -0.9934194 -5.358185
1492571946575 LINEAR_ACCELERATION 0.9708382 2.2140713 6.833561
1492571946774 LINEAR_ACCELERATION 1.979825 -4.47532 -1.3457346
1492571947169 LINEAR_ACCELERATION 2.2257464 2.8982315 -6.499731
1492571947365 LINEAR_ACCELERATION 0.8797666 -1.8207331 -3.4901419
1492571947573 LINEAR_ACCELERATION -2.7700887 1.4719868 0.34935188
1492571947763 LINEAR_ACCELERATION 2.7192092 -1.2368331 -4.9685984
1492571947963 LINEAR_ACCELERATION 4.923732 1.1511674 10.404488
1492571948174 LINEAR_ACCELERATION -2.5611758 -1.1223965 -8.284211
1492571948374 LINEAR_ACCELERATION -1.0176368 4.7107043 5.739736
1492571948576 LINEAR_ACCELERATION -0.14518687 -3.0340753 -3.8238835
1492571948776 LINEAR_ACCELERATION 1.1477765 -2.9434924 -4.2146254
1492571948977 LINEAR_ACCELERATION 1.3102865 4.5822673 -1.9367895
1492571949177 LINEAR_ACCELERATION -1.7811825 -0.67549753 -4.7603188
1492571949379 LINEAR_ACCELERATION -0.8106723 -1.3641915 2.6963024
1492571949576 LINEAR_ACCELERATION 3.532695 -6.6177673 -4.609325
1492571949777 LINEAR_ACCELERATION 2.4158916 3.3406827 10.883571
1492571949974 LINEAR_ACCELERATION -3.5114493 0.85128284 -5.2368402
1492571950177 LINEAR_ACCELERATION -0.73587716 -0.15898943 3.8337526
1492571950371 LINEAR_ACCELERATION 0.70762855 -5.3049116 -5.36014
1492571950568 LINEAR_ACCELERATION 5.597578 4.4353485 10.69164
1492571950762 LINEAR_ACCELERATION -2.8062084 0.7009015 -5.480508
1492571950962 LINEAR_ACCELERATION -2.2040029 1.15839 5.619482
1492571951167 LINEAR_ACCELERATION -0.16145593 -3.9927711 -4.0216517
1492571951358 LINEAR_ACCELERATION 1.8082087 -1.8841424 -2.523035
1492571951560 LINEAR_ACCELERATION 0.8306012 2.5130816 2.8152218
1492571951757 LINEAR_ACCELERATION -6.652508 -2.0339627 -4.641536
1492571951959 LINEAR_ACCELERATION -4.21227 2.133624 12.548196
1492571952165 LINEAR_ACCELERATION 0.13988411 -3.5500093 -4.491181
1492571952369 LINEAR_ACCELERATION -0.30050957 -2.8262658 3.1145973
1492571952572 LINEAR_ACCELERATION 2.4242363 3.8733435 -0.012915611
1492571952777 LINEAR_ACCELERATION -4.123152 -2.8558755 -4.917001
1492571952966 LINEAR_ACCELERATION -0.46062756 2.859581 10.303173
1492571953169 LINEAR_ACCELERATION 3.2387793 -2.0783935 -7.0110064
1492571953367 LINEAR_ACCELERATION 2.73865 1.2291653 10.531271
1492571953562 LINEAR_ACCELERATION -2.044724 0.45792842 -7.852994
1492571953766 LINEAR_ACCELERATION 0.6821344 5.8596478 11.110267
1492571953970 LINEAR_ACCELERATION 1.8983686 -2.6575332 -4.723524
1492571954169 LINEAR_ACCELERATION 1.3521491 -3.9554033 -0.34322357
1492571954369 LINEAR_ACCELERATION 3.164935 4.349964 -2.9329376
1492571954569 LINEAR_ACCELERATION -2.4246862 1.6208299 -5.9337473
1492571954770 LINEAR_ACCELERATION 2.9318237 -0.78761005 11.225538
1492571954972 LINEAR_ACCELERATION 3.0530474 -4.818797 -5.782529
1492571955170 LINEAR_ACCELERATION 5.2060256 2.949946 7.1957073
1492571955363 LINEAR_ACCELERATION -0.46465516 2.1483011 -4.904996
1492571955563 LINEAR_ACCELERATION -0.5332577 1.0351486 7.0401154
1492571955763 LINEAR_ACCELERATION 1.9771557 -2.4554963 -5.395447
1492571955967 LINEAR_ACCELERATION -3.5094209 2.5909104 6.3791256
1492571956376 LINEAR_ACCELERATION -1.7611036 1.4251163 3.1881704
1492571956563 LINEAR_ACCELERATION 2.1475053 0.15579224 -2.1470642
1492571956763 LINEAR_ACCELERATION 0.9820936 -3.7423759 -2.903182
1492571956967 LINEAR_ACCELERATION -1.0554445 2.8805513 10.068935
1492571957169 LINEAR_ACCELERATION -2.2432857 2.19172 -4.5645037
1492571957370 LINEAR_ACCELERATION -5.297207 1.7523885 5.1961484
1492571957570 LINEAR_ACCELERATION 3.0335095 -1.243731 -1.5452986
1492571957767 LINEAR_ACCELERATION 2.5488756 -5.66519 -4.2725306
1492571957967 LINEAR_ACCELERATION -1.4256871 2.8856678 5.160799
1492571958169 LINEAR_ACCELERATION -1.5587993 -4.192388 -6.4117136
1492571958367 LINEAR_ACCELERATION -2.8470511 7.1128426 10.355175
1492571958569 LINEAR_ACCELERATION 1.8806262 -4.2871423 -3.493534
1492571958769 LINEAR_ACCELERATION 3.006552 -3.8972664 -0.5005169
1492571958990 LINEAR_ACCELERATION -1.5196031 2.7364817 2.117155
1492571959159 LINEAR_ACCELERATION -1.432834 -1.5170579 -5.753502
1492571959363 LINEAR_ACCELERATION 1.9968404 -1.1419291 -0.6950035
1492571959575 LINEAR_ACCELERATION 3.2418237 -5.2889376 -3.7846642
1492571959762 LINEAR_ACCELERATION 0.37308568 2.189187 11.298071
1492571959962 LINEAR_ACCELERATION -0.52211136 -0.69974375 -5.056011
1492571960157 LINEAR_ACCELERATION 0.43085963 4.975688 3.47049
1492571960357 LINEAR_ACCELERATION 1.2082286 -3.8553004 -3.360355
1492571960570 LINEAR_ACCELERATION 2.0478249 -3.367258 -0.7257309
1492571960799 LINEAR_ACCELERATION 0.2597104 2.7799234 0.04815674
1492571960957 LINEAR_ACCELERATION -0.894989 -1.1399069 -5.4600697
1492571961165 LINEAR_ACCELERATION -0.5111979 -1.1193981 11.67865
1492571961365 LINEAR_ACCELERATION 1.9493713 -1.5687168 -4.498707
1492571961572 LINEAR_ACCELERATION 0.39746857 -2.8756268 4.3090153
1492571961764 LINEAR_ACCELERATION -1.3231673 -1.8059058 -2.7312336
1492571961965 LINEAR_ACCELERATION 0.27591228 -1.349657 7.919953
1492571962163 LINEAR_ACCELERATION -3.4705725 -0.7188928 7.3413906
1492571962368 LINEAR_ACCELERATION 7.853345 -2.558529 -0.52837276
1492571962564 LINEAR_ACCELERATION 6.2177825 -10.233321 2.410183
1492571962763 LINEAR_ACCELERATION -1.9761186 1.4906187 -9.474247
1492571962957 LINEAR_ACCELERATION 0.29388475 0.0111370385 1.1938505
1492571963162 LINEAR_ACCELERATION -0.21116447 0.50793743 0.08663273
1492571963357 LINEAR_ACCELERATION -0.6554632 0.6099932 0.70928764
