1492571940758 ROTATION_VECTOR 0.10384517 -0.13165776 -0.5855572
1492571940958 ROTATION_VECTOR 0.08273985 -0.07108622 -0.5663028
1492571941158 ROTATION_VECTOR 0.07619274 -0.09620865 -0.44273645
1492571941358 ROTATION_VECTOR 0.032822087 -0.07076156 -0.3758113
1492571941558 ROTATION_VECTOR 0.10939339 -0.08514613 -0.3137997
1492571941758 ROTATION_VECTOR 0.2207756 -0.07612545 -0.24003318
1492571941958 ROTATION_VECTOR 0.16078916 -0.087204896 -0.16791672
1492571942158 ROTATION_VECTOR 0.2803222 -0.1011408 -0.17248783
1492571942358 ROTATION_VECTOR 0.15255833 -0.14182472 -0.14081807
1492571942558 ROTATION_VECTOR 0.06065084 -0.21929176 -0.15609248
1492571942758 ROTATION_VECTOR 0.0939704 -0.16743219 -0.278568
1492571942958 ROTATION_VECTOR 0.23007211 -0.14287245 -0.3204287
1492571943158 ROTATION_VECTOR 0.31567448 -0.15418437 -0.2833692
1492571943378 ROTATION_VECTOR 0.14043365 -0.19185388 -0.2127479
1492571943578 ROTATION_VECTOR 0.13968033 -0.18303668 -0.39822042
1492571943992 ROTATION_VECTOR 0.26545268 -0.16559696 -0.37717962
1492571944168 ROTATION_VECTOR 0.13106403 -0.14298463 -0.34881994
1492571944365 ROTATION_VECTOR 0.05865544 -0.15813419 -0.43765685
1492571944574 ROTATION_VECTOR 0.09010916 -0.17680228 -0.5408276
1492571944765 ROTATION_VECTOR 0.2273684 -0.22087148 -0.5969949
1492571944964 ROTATION_VECTOR 0.19173956 -0.16561814 -0.5857508
1492571945163 ROTATION_VECTOR 0.114700414 -0.24289554 -0.65774804
1492571945363 ROTATION_VECTOR 0.098608255 -0.21459414 -0.7743312
1492571945563 ROTATION_VECTOR 0.07501526 -0.25114354 -0.82580835
1492571945758 ROTATION_VECTOR 0.056271117 -0.2209871 -0.85346043
1492571945963 ROTATION_VECTOR 0.01487492 -0.17701556 -0.86767095
1492571946178 ROTATION_VECTOR 0.011154967 -0.21689823 -0.8959565
1492571946379 ROTATION_VECTOR 0.057681356 -0.17551269 -0.92820716
1492571946577 ROTATION_VECTOR 0.08318845 -0.26118731 -0.9548115
1492571946776 ROTATION_VECTOR 0.05210792 0.24734859 0.950443
1492571947172 ROTATION_VECTOR 0.14936973 0.19641195 0.81331676
1492571947367 ROTATION_VECTOR 0.20438145 0.124223284 0.7125028
1492571947581 ROTATION_VECTOR 0.21407448 0.16241762 0.6350127
1492571947765 ROTATION_VECTOR 0.15513851 0.075466186 0.65533495
1492571947963 ROTATION_VECTOR 0.17818844 0.069239624 0.5519636
1492571948177 ROTATION_VECTOR 0.22117892 0.069679976 0.5004231
1492571948376 ROTATION_VECTOR 0.28593713 0.1354271 0.5060701
1492571948578 ROTATION_VECTOR 0.2633466 0.18346064 0.57497257
1492571948780 ROTATION_VECTOR 0.2560359 0.13238986 0.5926887
1492571948980 ROTATION_VECTOR 0.24064054 0.08471154 0.5517295
1492571949182 ROTATION_VECTOR 0.23845233 0.0832065 0.4920521
1492571949382 ROTATION_VECTOR 0.2867526 0.27542436 0.56050783
1492571949581 ROTATION_VECTOR 0.20575283 0.06879814 0.6851
1492571949780 ROTATION_VECTOR 0.20613456 0.03826732 0.6218177
1492571950179 ROTATION_VECTOR 0.26349708 0.25137392 0.7286388
1492571950374 ROTATION_VECTOR 0.15843025 0.18448985 0.82157904
1492571950570 ROTATION_VECTOR 0.17683508 0.07965257 0.8244722
1492571950764 ROTATION_VECTOR 0.22970335 0.08462016 0.7526341
1492571950965 ROTATION_VECTOR 0.25715697 0.23417108 0.7395312
1492571951170 ROTATION_VECTOR 0.17542341 0.3010607 0.8210959
1492571951358 ROTATION_VECTOR 0.19576405 0.18939328 0.8816885
1492571951562 ROTATION_VECTOR 0.19704829 0.1678725 0.8873642
1492571951759 ROTATION_VECTOR 0.1983094 0.20337863 0.88504857
1492571951960 ROTATION_VECTOR 0.14953099 0.33643353 0.92798036
1492571952168 ROTATION_VECTOR 0.003291084 -0.3038392 -0.9318227
1492571952373 ROTATION_VECTOR 0.0013973211 -0.25152245 -0.91633433
1492571952574 ROTATION_VECTOR 0.025215732 -0.23920245 -0.87975293
1492571952773 ROTATION_VECTOR 0.21476524 -0.2369862 -0.59956264
1492571953171 ROTATION_VECTOR 0.16029786 -0.08266252 -0.46158567
1492571953369 ROTATION_VECTOR 0.11396665 -0.14433333 -0.4260069
1492571953564 ROTATION_VECTOR 0.13090867 -0.102129884 -0.4022753
1492571953769 ROTATION_VECTOR 0.2131032 -0.1265426 -0.32394078
1492571953974 ROTATION_VECTOR 0.2501401 -0.029567504 -0.27533394
1492571954172 ROTATION_VECTOR 0.23599337 -0.028128456 -0.24779873
1492571954372 ROTATION_VECTOR 0.16526046 -0.049232922 -0.32639065
1492571954572 ROTATION_VECTOR 0.092307754 -0.039458524 -0.39464718
1492571954774 ROTATION_VECTOR 0.2634789 -0.083075255 -0.36756313
1492571954966 ROTATION_VECTOR 0.24535505 -0.09285209 -0.337129
1492571955175 ROTATION_VECTOR 0.19827352 -0.15242812 -0.40042967
1492571955363 ROTATION_VECTOR 0.16807882 -0.1747487 -0.44699106
1492571955563 ROTATION_VECTOR 0.26360998 -0.12674646 -0.45084178
1492571955775 ROTATION_VECTOR 0.3339877 -0.11835754 -0.42550534
1492571955969 ROTATION_VECTOR 0.090905964 -0.15456618 -0.5475283
1492571956379 ROTATION_VECTOR 0.13060369 -0.16174395 -0.6410762
1492571956566 ROTATION_VECTOR 0.27228007 -0.17679542 -0.6315841
1492571956766 ROTATION_VECTOR 0.18304221 -0.12925036 -0.5909756
1492571956971 ROTATION_VECTOR 0.12926014 -0.12233045 -0.5611969
1492571957164 ROTATION_VECTOR 0.11346818 -0.15040445 -0.54236054
1492571957364 ROTATION_VECTOR 0.24739967 -0.18026872 -0.33285096
1492571957564 ROTATION_VECTOR 0.3584306 -0.049986728 -0.09347974
1492571957769 ROTATION_VECTOR 0.29570737 0.08502559 0.114778005
1492571957969 ROTATION_VECTOR 0.25996792 0.11969272 0.2820322
1492571958164 ROTATION_VECTOR 0.17268248 0.15924759 0.39172834
1492571958372 ROTATION_VECTOR 0.2164774 0.23672366 0.637327
1492571958571 ROTATION_VECTOR 0.18093577 0.3037045 0.7253613
1492571958771 ROTATION_VECTOR 0.098333746 0.2600175 0.7306185
1492571958995 ROTATION_VECTOR 0.15018739 0.19034217 0.72435737
1492571959363 ROTATION_VECTOR 0.1752743 0.3862018 0.76114166
1492571959578 ROTATION_VECTOR 0.15987815 0.31938773 0.7991345
1492571959765 ROTATION_VECTOR 0.14646097 0.25070304 0.7853075
1492571959968 ROTATION_VECTOR 0.11968962 0.21233892 0.7435202
1492571960159 ROTATION_VECTOR 0.17838189 0.30112895 0.7483912
1492571960359 ROTATION_VECTOR 0.14219362 0.33328983 0.7848855
1492571960578 ROTATION_VECTOR 0.19036706 0.26466757 0.79348385
1492571960799 ROTATION_VECTOR 0.177112 0.19438808 0.7749785
1492571960959 ROTATION_VECTOR 0.14186147 0.19571614 0.71917486
1492571961168 ROTATION_VECTOR 0.19897029 0.23331262 0.76246375
1492571961368 ROTATION_VECTOR 0.14332357 0.1497956 0.79623944
1492571961575 ROTATION_VECTOR 0.16686176 0.043984126 0.75192785
1492571961769 ROTATION_VECTOR 0.28899837 -0.02418096 0.75465995
1492571961971 ROTATION_VECTOR 0.6433554 0.023525521 0.7122522
1492571962374 ROTATION_VECTOR 0.45940664 0.0071446747 0.83786803
1492571962568 ROTATION_VECTOR 0.27252835 -0.051727057 0.9390273
1492571962767 ROTATION_VECTOR 0.14747421 -0.17694545 0.9017631
1492571962959 ROTATION_VECTOR 0.26603168 -0.14569634 0.871967
1492571963164 ROTATION_VECTOR 0.2500214 -0.13554558 0.89178354
1492571963364 ROTATION_VECTOR 0.23485015 -0.13305424 0.89635307
