1492573545651 MAGNETIC_FIELD 11.901855 -3.3615112 -47.49298

1492573545781 GYROSCOPE 0.73454285 0.8508148 0.17518616

1492573545791 GRAVITY -4.3277526 4.7749453 7.3919444

1492573545791 LINEAR_ACCELERATION 0.0 0.0 -0.0

1492573545794 ROTATION_VECTOR 0.29944834 0.18288362 -0.1750437

1492573545826 ACCELEROMETER -4.2700043 4.8634186 7.006073

1492573545847 MAGNETIC_FIELD 21.878052 -11.769104 -42.749023

1492573545976 GYROSCOPE 0.5881653 1.5593567 0.106796265

1492573545991 GRAVITY -5.0009336 5.48643 6.4078183

1492573545998 LINEAR_ACCELERATION -0.2662344 -0.6077142 0.058672905

1492573545999 ROTATION_VECTOR 0.3310162 0.25242913 -0.07957301

1492573546021 ACCELEROMETER -7.653656 6.479782 5.718399

1492573546042 MAGNETIC_FIELD 33.355713 -16.236877 -33.329773

1492573546191 GRAVITY -7.322363 5.926872 2.724991

1492573546191 LINEAR_ACCELERATION -3.5901184 -0.4980836 -0.04526043

1492573546194 ROTATION_VECTOR 0.3741772 0.47016546 0.006601451

1492573546218 GYROSCOPE 0.772522 4.583267 1.4003296

1492573546268 ACCELEROMETER -6.8068085 5.3671265 -2.5287628

1492573546268 MAGNETIC_FIELD 40.672302 -32.48291 6.1325073

1492573546373 GYROSCOPE -1.0728607 3.8233185 1.4667358

1492573546391 GRAVITY -3.3449945 8.509382 -3.5456755

1492573546391 LINEAR_ACCELERATION -2.9816995 -4.4165287 -0.78526783

1492573546394 ROTATION_VECTOR 0.48588908 0.6668515 0.30325788

1492573546463 ACCELEROMETER 0.56359863 6.8633423 -0.21806335

1492573546464 MAGNETIC_FIELD 22.67456 -42.193604 18.418884

1492573546568 GYROSCOPE -1.421051 1.1944427 -0.08880615

1492573546591 GRAVITY -1.1379243 9.601911 -1.6367145

1492573546591 LINEAR_ACCELERATION -0.31057715 -1.7122889 2.6014295

1492573546594 ROTATION_VECTOR 0.25843662 0.7187905 0.5774246

1492573546659 ACCELEROMETER 0.14724731 9.342239 0.46243286

1492573546660 MAGNETIC_FIELD 21.742249 -47.079468 11.210632

1492573546764 GYROSCOPE -1.5486145 -0.0030212402 -0.10084534

1492573546791 GRAVITY -1.0716724 9.704205 0.9221253

1492573546791 LINEAR_ACCELERATION 1.2076653 0.008523941 0.8045956

1492573546794 ROTATION_VECTOR 0.24732727 0.6259504 0.65386695

1492573546854 ACCELEROMETER -1.4909973 8.558762 2.280365

1492573546855 MAGNETIC_FIELD 20.159912 -47.83783 -1.121521

1492573546960 GYROSCOPE -0.97969055 0.4086914 0.18826294

1492573546991 GRAVITY -0.7370521 9.003821 3.8155403

1492573546991 LINEAR_ACCELERATION -4.1076717 0.84553146 1.6199884

1492573546994 ROTATION_VECTOR 0.20538841 0.51310545 0.74585974

1492573547050 ACCELEROMETER 0.65179443 9.331863 4.7986298

1492573547050 MAGNETIC_FIELD 19.14978 -47.262573 -9.361267

1492573547155 GYROSCOPE 0.29910278 1.0742798 0.68499756

1492573547191 GRAVITY -0.30492318 8.59224 4.7170773

1492573547191 LINEAR_ACCELERATION 0.15730119 -1.563407 -0.8669739

1492573547194 ROTATION_VECTOR 0.2516221 0.44292474 0.7326725

1492573547245 ACCELEROMETER 0.7097626 7.9315796 4.0307617

1492573547246 MAGNETIC_FIELD 13.095093 -49.420166 -3.9779663

1492573547351 GYROSCOPE 1.0278473 0.7580719 0.31053162

1492573547391 GRAVITY -0.24650642 9.175678 3.4520366

1492573547391 LINEAR_ACCELERATION -0.3916637 -3.0901756 -0.2264247

1492573547394 ROTATION_VECTOR 0.15125178 0.54874223 0.7864833

1492573547440 ACCELEROMETER -0.00894165 9.670349 3.0300598

1492573547441 MAGNETIC_FIELD 10.588074 -50.445557 8.668518

1492573547591 GRAVITY 0.072887905 9.60771 1.9639189

1492573547591 LINEAR_ACCELERATION -0.4450875 -0.68878937 -1.2753587

1492573547594 ROTATION_VECTOR 0.18284547 0.60533917 0.74326795

1492573547635 ACCELEROMETER -0.52275085 9.199432 0.8531189

1492573547636 GYROSCOPE 0.93377686 0.7468872 0.12094116

1492573547637 MAGNETIC_FIELD 9.062195 -48.866272 14.3966675

1492573547791 GRAVITY 0.19028942 9.765524 -0.8767682

1492573547791 LINEAR_ACCELERATION -0.18678145 0.18001652 1.2323451

1492573547794 ROTATION_VECTOR 0.12925452 0.7266333 0.6665049

1492573547831 ACCELEROMETER -0.14749146 7.2347565 -0.8684845

1492573547832 GYROSCOPE 0.44711304 0.2882843 -0.15106201

1492573547833 MAGNETIC_FIELD 7.7804565 -46.60492 19.909668

1492573547991 GRAVITY -0.18312274 9.742571 -1.1041543

1492573547992 LINEAR_ACCELERATION -0.60339564 -5.048355 0.99950075

1492573547994 ROTATION_VECTOR 0.09099816 0.74028075 0.6594907

1492573548026 ACCELEROMETER -1.0067291 13.171127 -2.0407715

1492573548027 GYROSCOPE 0.69873047 1.051239 0.10700989

1492573548032 MAGNETIC_FIELD 3.0960083 -42.089844 26.911926

1492573548198 GRAVITY 0.49359828 9.599801 -1.9417932

1492573548199 LINEAR_ACCELERATION -1.1017963 6.312356 0.9013214

1492573548199 ROTATION_VECTOR 0.044051945 0.77269876 0.63323265

1492573548230 GYROSCOPE 0.19419861 -0.17138672 -0.109954834

1492573548334 ACCELEROMETER -0.81640625 5.765915 -0.90989685

1492573548335 MAGNETIC_FIELD 6.0546875 -43.719482 27.236938

1492573548396 GRAVITY -0.19786508 9.610155 -1.9432335

1492573548397 LINEAR_ACCELERATION -0.7102605 -5.0070763 1.8071724

1492573548397 ROTATION_VECTOR 0.04317021 0.77279603 0.63133794

1492573548429 GYROSCOPE 0.056411743 -2.4805298 -0.2367096

1492573548541 ACCELEROMETER -1.2112885 10.646896 -2.5953522

1492573548542 MAGNETIC_FIELD 21.144104 -43.615723 22.929382

1492573548596 GRAVITY -1.3936607 9.501361 -1.9880233

1492573548597 LINEAR_ACCELERATION -3.3441072 9.880305 -1.1129891

1492573548597 ROTATION_VECTOR 0.20101033 0.74896985 0.5795915

1492573548625 GYROSCOPE 0.16984558 0.07774353 0.6802368

1492573548721 ACCELEROMETER -0.9337616 8.7795105 -2.0842438

1492573548727 MAGNETIC_FIELD 15.312195 -44.065857 24.243164

1492573548804 GRAVITY -0.08392547 9.576772 -2.1092138

1492573548812 LINEAR_ACCELERATION 1.0525053 -1.3815422 1.1698258

1492573548815 ROTATION_VECTOR 0.28516185 0.7254121 0.58100474

1492573548817 GYROSCOPE -0.20123291 -0.062347412 0.12545776

1492573548925 ACCELEROMETER 0.5986481 8.206055 -2.423462

1492573548934 MAGNETIC_FIELD 14.083862 -45.118713 20.111084

1492573549004 GRAVITY -0.043070097 9.649758 -1.7466246

1492573549011 LINEAR_ACCELERATION 0.96639615 -6.1682186 2.236363

1492573549014 ROTATION_VECTOR 0.26885137 0.71886855 0.59942555

1492573549017 GYROSCOPE 0.18849182 1.4921265 -0.028778076

1492573549123 ACCELEROMETER 1.1547546 11.342804 -1.3982544

1492573549129 MAGNETIC_FIELD 7.672119 -44.474792 26.083374

1492573549205 GRAVITY 0.5367561 9.560416 -2.1167707

1492573549211 LINEAR_ACCELERATION 1.1705966 2.1941776 1.0665224

1492573549214 ROTATION_VECTOR 0.18693858 0.7569539 0.6153549

1492573549216 GYROSCOPE -0.09736633 0.09338379 -0.74183655

1492573549316 ACCELEROMETER -0.90486145 5.066437 -1.6097717

1492573549325 MAGNETIC_FIELD 11.99646 -42.237854 25.639343

1492573549405 GRAVITY -0.9097517 9.596308 -1.8037788

1492573549411 LINEAR_ACCELERATION 0.927317 -8.830351 0.44879305

1492573549414 GYROSCOPE 0.26364136 -0.47898865 0.52212524

1492573549416 ROTATION_VECTOR 0.116041794 0.7605928 0.6195562

1492573549514 ACCELEROMETER -3.7583466 13.832901 -1.8499603

1492573549520 MAGNETIC_FIELD 13.858032 -43.196106 24.795532

1492573549593 GYROSCOPE -0.13154602 -0.94418335 0.52038574

1492573549597 GRAVITY 0.355818 9.586649 -2.034687

1492573549600 LINEAR_ACCELERATION 1.1774318 -4.739255 -1.4034977

1492573549602 ROTATION_VECTOR 0.29114833 0.72039765 0.59197664

1492573549701 ACCELEROMETER 1.0958862 4.853821 -1.5848694

1492573549704 MAGNETIC_FIELD 15.161133 -44.71588 20.565796

1492573549790 GYROSCOPE -0.03199768 1.7684174 -0.31958008

1492573549796 GRAVITY 0.11993762 9.598904 -2.0042589

1492573549809 LINEAR_ACCELERATION -7.2251368 9.893877 -6.1306233

1492573549810 ROTATION_VECTOR 0.17012803 0.7571296 0.6170582

1492573549899 ACCELEROMETER -0.058746338 10.289185 -1.1146393

1492573549900 MAGNETIC_FIELD 12.315369 -44.332886 23.823547

1492573549988 GYROSCOPE 0.16331482 0.58114624 -0.06732178

1492573549994 GRAVITY 0.82320416 9.596248 -1.8452015

1492573549997 LINEAR_ACCELERATION -1.3462994 -1.9142828 1.0643895

1492573549998 ROTATION_VECTOR 0.11740797 0.7617706 0.6356749

1492573550095 ACCELEROMETER -1.4835358 6.128128 -0.7101288

1492573550097 MAGNETIC_FIELD 9.744263 -42.04254 23.620605

1492573550194 GYROSCOPE -0.2258606 -1.3179779 -0.46250916

1492573550201 GRAVITY -0.40317154 9.707964 -1.3278846

1492573550204 LINEAR_ACCELERATION -0.5128653 -1.3627901 -0.64638615

1492573550207 ROTATION_VECTOR 0.15942878 0.73640054 0.63627917

1492573550295 ACCELEROMETER -4.5373993 12.252289 -3.093338

1492573550304 MAGNETIC_FIELD 18.725586 -43.1427 21.025085

1492573550383 GYROSCOPE 0.24343872 -0.5503082 0.5887909

1492573550394 GRAVITY 0.048196364 9.663098 -1.6711081

1492573550398 LINEAR_ACCELERATION -0.7020068 -0.56626797 1.1393527

1492573550401 ROTATION_VECTOR 0.20930824 0.735794 0.6203422

1492573550494 ACCELEROMETER -1.6319427 7.880493 -1.5516815

1492573550500 MAGNETIC_FIELD 16.467285 -44.86389 21.83075

1492573550601 GRAVITY 0.52074516 9.707826 -1.287373

1492573550607 LINEAR_ACCELERATION 1.3714728 -6.7346706 -0.30413675

1492573550613 ROTATION_VECTOR 0.24251875 0.7119146 0.6343446

1492573550686 ACCELEROMETER 1.4395599 9.221161 -1.7929993

1492573550698 GYROSCOPE -0.28533936 0.24263 0.09048462

1492573550711 MAGNETIC_FIELD 14.952087 -45.237732 20.547485

1492573550800 GRAVITY -0.09156815 9.712514 -1.3524302

1492573550804 LINEAR_ACCELERATION 0.17918023 3.059473 -0.06025839

1492573550806 ROTATION_VECTOR 0.128608 0.7432461 0.6458428

1492573550877 ACCELEROMETER -2.093933 10.085022 -0.6946564

1492573550882 GYROSCOPE 0.14530945 1.4733887 -0.50341797

1492573550885 MAGNETIC_FIELD 9.886169 -44.50531 23.672485

1492573551005 GRAVITY -0.62336594 9.742497 -0.9303419

1492573551011 LINEAR_ACCELERATION -0.05879873 -5.349923 0.7597587

1492573551013 ROTATION_VECTOR 0.040728275 0.7387662 0.6679747

1492573551077 ACCELEROMETER -1.1313477 5.6941223 -1.0751648

1492573551086 GYROSCOPE -0.39613342 0.15289307 -0.31289673

1492573551088 MAGNETIC_FIELD 12.454224 -44.691467 20.52002

1492573551205 ROTATION_VECTOR 0.10617632 0.74577045 0.6342595

1492573551210 GRAVITY -1.2239331 9.639627 -1.3228583

1492573551213 LINEAR_ACCELERATION -5.3393545 7.3074045 1.60035

1492573551275 ACCELEROMETER -3.8473206 12.673233 -1.5113983

1492573551281 GYROSCOPE 0.5847168 -0.7989044 -0.02708435

1492573551284 MAGNETIC_FIELD 14.035034 -44.526672 22.114563

1492573551404 GRAVITY -1.0061638 9.682943 -1.1826379

1492573551410 LINEAR_ACCELERATION -0.65794355 -3.3276224 -1.1582685

1492573551412 ROTATION_VECTOR 0.22589839 0.7136299 0.60811466

1492573551471 ACCELEROMETER 0.09744263 4.8015747 -1.8448334

1492573551476 GYROSCOPE -0.19612122 -1.8617554 0.283844

1492573551480 MAGNETIC_FIELD 17.971802 -45.794678 16.467285

1492573551602 GRAVITY -1.9154986 9.579189 -0.86045593

1492573551608 LINEAR_ACCELERATION 0.5817913 5.241438 -0.12830722

1492573551611 ROTATION_VECTOR 0.23031181 0.70059085 0.5877817

1492573551666 ACCELEROMETER -1.8683319 13.867538 -0.7021179

1492573551672 GYROSCOPE 0.04710388 0.38061523 -0.76174927

1492573551675 MAGNETIC_FIELD 22.665405 -42.840576 18.089294

1492573551804 GRAVITY -1.9388015 9.555742 -1.0484402

1492573551810 LINEAR_ACCELERATION -1.6377974 0.43612003 0.9622693

1492573551813 ROTATION_VECTOR 0.20266987 0.71580756 0.59392744

1492573551856 GYROSCOPE -0.25234985 -0.13040161 0.11756897

1492573551947 ACCELEROMETER -2.1894684 4.980789 0.12364197

1492573551955 MAGNETIC_FIELD 22.395325 -44.54651 14.852905

1492573552000 GRAVITY -2.0694509 9.585804 -0.010707465

1492573552003 LINEAR_ACCELERATION 0.48238242 -6.655781 0.21430404

1492573552005 ROTATION_VECTOR 0.28541803 0.6473658 0.5719322

1492573552043 GYROSCOPE 0.11451721 -2.6430817 0.3058014

1492573552134 ACCELEROMETER -4.124405 12.267899 -2.7546387

1492573552137 MAGNETIC_FIELD 23.440552 -44.665527 5.4519653

1492573552194 GRAVITY -1.6577591 9.595142 -1.16425

1492573552200 LINEAR_ACCELERATION -4.1884027 5.66014 -1.5245554

1492573552202 ROTATION_VECTOR 0.4846537 0.5696236 0.42495874

1492573552239 GYROSCOPE 0.8049469 -2.2179565 0.32925415

1492573552332 ACCELEROMETER -2.5637512 8.131226 -2.2698975

1492573552336 MAGNETIC_FIELD 22.994995 -46.284485 0.9780884

1492573552401 GRAVITY -1.7706157 9.631193 -0.5248043

1492573552406 LINEAR_ACCELERATION -0.59736776 -6.2886505 -0.86626637

1492573552408 ROTATION_VECTOR 0.60805273 0.39626938 0.2652017

1492573552441 GYROSCOPE 0.15788269 -2.2196198 0.0872345

1492573552533 ACCELEROMETER 0.09547424 7.038513 -2.4048767

1492573552537 MAGNETIC_FIELD 21.417236 -46.73462 -5.9646606

1492573552601 GRAVITY -2.501964 9.412383 -1.1478709

1492573552602 LINEAR_ACCELERATION -0.68609095 8.664242 -0.6655841

1492573552603 ROTATION_VECTOR 0.61751544 0.4209511 0.22065334

1492573552630 GYROSCOPE 0.29786682 0.8409729 -0.24816895

1492573552717 ACCELEROMETER -2.339981 12.75209 -2.471756

1492573552722 MAGNETIC_FIELD 22.428894 -46.636963 -3.3538818

1492573552796 GRAVITY -2.2835243 9.450178 -1.284533

1492573552800 LINEAR_ACCELERATION -0.8929477 -2.1080036 0.3994584

1492573552803 ROTATION_VECTOR 0.6325067 0.40672863 0.2163262

1492573552826 GYROSCOPE -0.09031677 -1.2394409 -0.023788452

1492573552924 ACCELEROMETER -0.89601135 3.5826569 -1.0407104

1492573552928 MAGNETIC_FIELD 19.847107 -45.8786 -9.188843

1492573553001 GRAVITY -2.2934558 9.5346775 -0.019622862

1492573553006 LINEAR_ACCELERATION 1.5553675 -3.3987293 -2.3859448

1492573553008 ROTATION_VECTOR 0.6735205 0.2176479 0.053989228

1492573553027 GYROSCOPE 0.38723755 -2.5886536 0.39752197

1492573553116 ACCELEROMETER -4.2139435 15.004532 -3.200409

1492573553122 MAGNETIC_FIELD 11.581421 -48.432922 -11.11908

1492573553201 GRAVITY -1.6983666 9.651745 -0.3602309

1492573553205 LINEAR_ACCELERATION 1.3633251 0.10577965 -2.0008757

1492573553208 ROTATION_VECTOR 0.71874666 0.042069696 -0.08012776

1492573553221 GYROSCOPE 0.017944336 -2.168274 0.29006958

1492573553307 ACCELEROMETER -0.90197754 4.416321 -1.6538696

1492573553312 MAGNETIC_FIELD 2.2338867 -48.68622 -13.21106

1492573553398 GRAVITY -1.5414912 9.682104 0.2259517

1492573553399 LINEAR_ACCELERATION 2.0708003 -7.0100956 -2.5477726

1492573553399 ROTATION_VECTOR 0.69076455 -0.10641418 -0.21868141

1492573553416 GYROSCOPE 0.080093384 0.005874634 -0.33337402

1492573553506 ACCELEROMETER -1.9175415 13.805878 -2.3727112

1492573553516 MAGNETIC_FIELD 6.880188 -48.41919 -12.734985

1492573553593 GRAVITY -1.5195903 9.65702 -0.77665806

1492573553596 LINEAR_ACCELERATION -0.34397805 6.370242 -5.5624585

1492573553619 ROTATION_VECTOR 0.73384917 -0.032617666 -0.13513161

1492573553620 GYROSCOPE 0.010696411 0.4307251 0.27670288

1492573553695 ACCELEROMETER -2.0311432 7.4808197 -0.87579346

1492573553696 MAGNETIC_FIELD 5.0064087 -49.143982 -11.146545

1492573553803 GRAVITY -1.6715459 9.661757 -0.16360576

1492573553816 LINEAR_ACCELERATION -0.102381945 -5.158064 -0.5834348

1492573553819 ROTATION_VECTOR 0.71188015 -0.039601035 -0.15772472

1492573553821 GYROSCOPE -0.3169098 -2.0143127 -0.04385376

1492573553896 ACCELEROMETER -2.9341125 7.297928 -1.786377

1492573553903 MAGNETIC_FIELD 0.63171387 -47.880554 -14.186096

1492573554005 ROTATION_VECTOR 0.6903791 -0.1919219 -0.28797868

1492573554012 GRAVITY -1.5079829 9.686419 -0.26394203

1492573554014 LINEAR_ACCELERATION -10.632302 9.9660635 -3.2083647

1492573554097 ACCELEROMETER -0.82069397 8.959839 -2.379242

1492573554106 GYROSCOPE 0.5504303 -1.22229 0.53938293

1492573554109 MAGNETIC_FIELD -6.7352295 -49.606323 -7.9681396

1492573554203 GRAVITY -0.8022254 9.753061 -0.6360925

1492573554210 LINEAR_ACCELERATION -1.813387 -2.4209404 0.5265851

1492573554212 ROTATION_VECTOR 0.64733285 -0.33673716 -0.36422664

1492573554294 ACCELEROMETER 0.22723389 6.896744 -2.0619812

1492573554300 GYROSCOPE -0.16012573 -1.2101288 0.0018615723

1492573554303 MAGNETIC_FIELD -9.329224 -48.213196 -5.683899

1492573554404 GRAVITY -1.8240768 9.629941 -0.32768935

1492573554410 LINEAR_ACCELERATION 2.6882446 -1.9203835 -1.4059194

1492573554413 ROTATION_VECTOR 0.6535795 -0.29923466 -0.4019789

1492573554491 ACCELEROMETER -2.2297058 11.904648 -2.0764465

1492573554497 GYROSCOPE -0.11694336 1.4656677 -0.51142883

1492573554500 MAGNETIC_FIELD -2.7282715 -49.909973 -8.406067

1492573554602 GRAVITY -2.087202 9.556923 -0.6922481

1492573554610 LINEAR_ACCELERATION -3.6280086 -0.16146564 1.2300415

1492573554613 ROTATION_VECTOR 0.7068412 -0.18886617 -0.31244227

1492573554685 ACCELEROMETER -1.9972382 5.2294617 -0.3729248

1492573554691 GYROSCOPE -0.37945557 0.47164917 -0.31454468

1492573554694 MAGNETIC_FIELD 2.6428223 -49.093628 -12.094116

1492573554805 GRAVITY -2.4402893 9.497526 0.11122253

1492573554811 LINEAR_ACCELERATION 1.0485096 -7.772891 -0.72250515

1492573554813 ROTATION_VECTOR 0.6828309 -0.16754457 -0.3359897

1492573554878 GYROSCOPE 0.71191406 -0.578125 0.54074097

1492573554986 ACCELEROMETER -3.4256134 13.823166 -0.97821045

1492573554994 MAGNETIC_FIELD -5.6121826 -49.01123 -3.8894653

1492573554998 GRAVITY -1.4499818 9.61914 -1.2410066

1492573555001 LINEAR_ACCELERATION 2.2961621 5.560377 -3.7724936

1492573555003 ROTATION_VECTOR 0.70428914 -0.2593271 -0.31823128

1492573555073 GYROSCOPE -0.24398804 -0.9676819 0.11859131

1492573555174 ACCELEROMETER -0.36987305 4.278839 -0.8361511

1492573555176 MAGNETIC_FIELD -8.030701 -49.21875 -5.1986694

1492573555196 GRAVITY -1.4208946 9.677801 -0.7011491

1492573555197 LINEAR_ACCELERATION 1.324774 -6.015971 -0.2987216

1492573555197 ROTATION_VECTOR 0.66469693 -0.30647454 -0.3721487

1492573555263 GYROSCOPE 0.46722412 1.3387451 -0.4664917

1492573555369 ACCELEROMETER 1.5836945 13.693268 -1.9730835

1492573555370 MAGNETIC_FIELD -3.8787842 -49.0448 -5.1345825

1492573555397 GRAVITY -1.656481 9.364558 -2.3940573

1492573555405 LINEAR_ACCELERATION 8.541498 8.126663 -2.0483303

1492573555407 ROTATION_VECTOR 0.76259893 -0.20126055 -0.25801346

1492573555464 GYROSCOPE -0.15745544 1.3535156 -0.47436523

1492573555573 ACCELEROMETER -3.4832764 5.9184875 -0.19622803

1492573555580 MAGNETIC_FIELD 1.2588501 -51.29242 -6.3919067

1492573555600 GRAVITY -1.770973 9.322047 -2.4765856

1492573555619 LINEAR_ACCELERATION 0.4008757 -2.6392927 1.3159559

1492573555638 ROTATION_VECTOR 0.78804964 -0.072446294 -0.16860072

1492573555648 GYROSCOPE 0.0034484863 -1.3048248 0.10864258

1492573555757 ACCELEROMETER -3.0462952 10.842941 -2.2409515

1492573555762 MAGNETIC_FIELD -1.7501831 -49.92981 -6.6879272

1492573555796 GRAVITY -2.1661282 9.328308 -2.112097

1492573555800 LINEAR_ACCELERATION -1.4534812 10.414839 -3.1540618

1492573555802 ROTATION_VECTOR 0.76136625 -0.16735703 -0.26935506

1492573555846 GYROSCOPE -0.02067566 -0.12968445 0.18379211

1492573555955 ACCELEROMETER -1.668869 7.6789093 -2.2250366

1492573555959 MAGNETIC_FIELD -3.3493042 -49.86725 -5.9387207

1492573555998 GRAVITY -1.8708266 9.415881 -2.0028903

1492573556001 LINEAR_ACCELERATION 0.46318126 -2.1791105 0.30198455

1492573556004 ROTATION_VECTOR 0.7508485 -0.19582027 -0.27507657

1492573556046 GYROSCOPE -0.15428162 0.046524048 0.08236694

1492573556150 ACCELEROMETER 0.70721436 8.977982 -2.5642853

1492573556151 MAGNETIC_FIELD -2.9693604 -50.32959 -7.6446533

1492573556197 GRAVITY -1.7036418 9.505604 -1.7063068

1492573556206 LINEAR_ACCELERATION 4.9039116 -7.298524 -1.048471

1492573556209 ROTATION_VECTOR 0.7409934 -0.19474672 -0.27044073

1492573556245 GYROSCOPE -0.0048217773 1.4728851 0.050323486

1492573556354 ACCELEROMETER -1.9111481 10.190063 -0.8357849

1492573556360 MAGNETIC_FIELD 1.2954712 -50.309753 -7.182312

1492573556405 ROTATION_VECTOR 0.7728753 -0.08743879 -0.1398781

1492573556411 GRAVITY -1.0695317 9.5282135 -2.0590386

1492573556413 LINEAR_ACCELERATION 1.0863937 2.2227726 -0.47900558

1492573556441 GYROSCOPE -0.47053528 0.14382935 -0.47776794

1492573556547 ACCELEROMETER -1.38414 5.3670197 -1.4915924

1492573556556 MAGNETIC_FIELD 4.762268 -51.00708 -12.733459

1492573556605 ROTATION_VECTOR 0.74974793 -0.039139796 -0.1671821

1492573556611 GRAVITY -1.9678377 9.52572 -1.2484634

1492573556613 LINEAR_ACCELERATION 1.790317 -8.405022 0.7788161

1492573556637 GYROSCOPE 0.7480316 0.21333313 0.46176147

1492573556745 ACCELEROMETER -1.4697723 13.0867 -2.5223541

1492573556751 MAGNETIC_FIELD 1.7318726 -50.58441 -7.0220947

1492573556805 ROTATION_VECTOR 0.7700053 -0.11418121 -0.17019027

1492573556811 GRAVITY -1.2171245 9.506374 -2.0779397

1492573556814 LINEAR_ACCELERATION 0.53909564 3.6641464 7.821393

1492573556831 GYROSCOPE -0.3865509 -1.7000427 0.13272095

1492573556937 ACCELEROMETER -0.5565491 3.3355865 -1.1469727

1492573556946 MAGNETIC_FIELD -5.0323486 -49.847412 -9.719849

1492573557005 ROTATION_VECTOR 0.7418714 -0.18600605 -0.23028713

1492573557011 GRAVITY -1.1558274 9.594633 -1.6665709

1492573557014 LINEAR_ACCELERATION 0.4367057 -4.92607 1.2927964

1492573557132 ACCELEROMETER 0.03665161 12.935135 -2.28302

1492573557135 GYROSCOPE -0.38780212 2.5421448 0.17782593

1492573557137 MAGNETIC_FIELD 2.406311 -49.778748 -11.91864

1492573557191 GRAVITY -0.7379516 9.665359 -1.4854815

1492573557192 LINEAR_ACCELERATION -0.17648941 10.265935 -3.552774

1492573557195 ROTATION_VECTOR 0.7548681 -0.07689368 -0.11514753

1492573557321 ACCELEROMETER -1.5713959 5.205612 -0.57284546

1492573557322 GYROSCOPE -0.15948486 0.9504852 -0.4030609

1492573557322 MAGNETIC_FIELD 8.79364 -47.999573 -12.748718

1492573557403 GRAVITY -0.80121505 9.678761 -1.3601595

1492573557405 LINEAR_ACCELERATION -2.56954 -0.51643944 1.37256

1492573557407 ROTATION_VECTOR 0.7531885 0.045342553 -0.014740666

1492573557526 ACCELEROMETER -4.437042 12.842514 -0.8754425

1492573557532 GYROSCOPE -0.18075562 -1.3082733 0.03161621

1492573557535 MAGNETIC_FIELD 4.6203613 -48.139954 -13.95874

1492573557605 ROTATION_VECTOR 0.7251211 0.02628417 -0.066691004

1492573557612 GRAVITY -1.3015496 9.705997 -0.5195852

1492573557614 LINEAR_ACCELERATION 0.19977164 -5.2631607 -0.62576747

1492573557722 ACCELEROMETER -1.0327911 7.3879395 -1.2309113

1492573557729 GYROSCOPE 0.081588745 0.0063323975 0.35940552

1492573557732 MAGNETIC_FIELD -0.1876831 -47.81952 -13.9328

1492573557805 ROTATION_VECTOR 0.7394006 -0.028215302 -0.07290799

1492573557811 GRAVITY -0.6872562 9.738058 -0.9318155

1492573557814 LINEAR_ACCELERATION -0.4383409 1.2650747 -0.07617605

1492573557939 ACCELEROMETER 0.6415863 9.420563 -2.7071075

1492573557968 GYROSCOPE -0.1355133 -0.07254028 -0.054641724

1492573557978 MAGNETIC_FIELD 1.9973755 -47.14966 -14.381409

1492573557994 GRAVITY -0.08656794 9.792321 -0.5228137

1492573557994 LINEAR_ACCELERATION 2.7531724 4.713085 -2.2290394

1492573557995 ROTATION_VECTOR 0.7235941 0.05538606 0.04644172

1492573558099 ACCELEROMETER -1.6306915 10.410049 -1.6820831

1492573558099 GYROSCOPE -0.14390564 2.485199 -0.007736206

1492573558100 MAGNETIC_FIELD 10.186768 -44.54651 -11.686707

1492573558195 GRAVITY -0.7788801 9.762215 -0.5127413

1492573558195 LINEAR_ACCELERATION -0.88877547 -3.8294916 -0.65311575

1492573558196 ROTATION_VECTOR 0.6929327 0.2144452 0.1505659

1492573558296 GYROSCOPE -0.33625793 1.2855682 -0.3279419

1492573558397 ACCELEROMETER -0.22982788 4.1966553 -1.0134583

1492573558402 MAGNETIC_FIELD 15.167236 -43.710327 -12.814331

1492573558404 GRAVITY -0.43899772 9.79592 0.13270995

1492573558407 LINEAR_ACCELERATION 1.308022 3.137165 -3.2278905

1492573558409 ROTATION_VECTOR 0.6674343 0.21855249 0.19102047

1492573558502 GYROSCOPE -0.038391113 0.13313293 0.23883057

1492573558584 ACCELEROMETER -1.4446564 14.624619 -3.912445

1492573558597 MAGNETIC_FIELD 16.197205 -43.33191 -10.946655

1492573558604 GRAVITY -1.2538993 9.67188 -1.0260962

1492573558606 LINEAR_ACCELERATION -1.0929592 -0.015979767 -0.62911505

1492573558606 ROTATION_VECTOR 0.6060664 0.4301161 0.313871

1492573558684 GYROSCOPE -0.2723236 2.947464 -0.68692017

1492573558774 ACCELEROMETER -0.59254456 4.361511 -2.101059

1492573558775 MAGNETIC_FIELD 23.175049 -40.394592 -4.1885376

1492573558795 GRAVITY -0.99757445 9.73835 -0.5828997

1492573558795 LINEAR_ACCELERATION 1.6088055 -5.9300213 -2.4473295

1492573558796 ROTATION_VECTOR 0.5311174 0.49762833 0.41544145

1492573558882 GYROSCOPE -0.484787 1.986557 -0.23658752

1492573558983 ACCELEROMETER 0.5799866 12.725906 -2.4435272

1492573558989 MAGNETIC_FIELD 27.49939 -40.829468 3.4622192

1492573558994 GRAVITY -1.8645282 9.4504175 -1.8394399

1492573558998 LINEAR_ACCELERATION -6.4161863 6.044029 1.4136796

1492573559001 ROTATION_VECTOR 0.34341663 0.6898191 0.5047847

1492573559086 GYROSCOPE 0.1113739 2.8638153 -0.4942932

1492573559174 ACCELEROMETER -0.36540222 9.52269 -1.4985657

1492573559181 MAGNETIC_FIELD 23.187256 -37.054443 18.426514

1492573559202 GRAVITY -1.5746584 9.526032 -1.7162553

1492573559211 LINEAR_ACCELERATION 0.6549934 -3.2612658 1.4423894

1492573559213 ROTATION_VECTOR 0.17299724 0.74671054 0.59366775

1492573559284 GYROSCOPE -0.67581177 1.5393524 -0.23934937

1492573559374 ACCELEROMETER -0.37077332 5.861435 -1.451477

1492573559379 MAGNETIC_FIELD 19.758606 -40.586853 18.591309

1492573559402 GRAVITY -1.4566076 9.605677 -1.3340386

1492573559409 LINEAR_ACCELERATION -1.1202298 6.3956623 -2.836605

1492573559411 ROTATION_VECTOR 0.12421385 0.7433626 0.62469834

1492573559477 GYROSCOPE 0.3332672 0.9523926 -0.08584595

1492573559567 ACCELEROMETER -3.959137 11.354584 -1.3518982

1492573559576 MAGNETIC_FIELD 15.04364 -39.045715 25.494385

1492573559602 GRAVITY -1.1965041 9.469993 -2.2490008

1492573559609 LINEAR_ACCELERATION 0.45464754 0.3608637 0.9101682

1492573559611 ROTATION_VECTOR 0.15050495 0.76942533 0.58946407

1492573559678 GYROSCOPE 0.10151672 -0.9079437 0.483078

1492573559752 ACCELEROMETER 0.97624207 5.344467 -2.0577393

1492573559754 MAGNETIC_FIELD 16.662598 -40.38086 23.616028

1492573559793 GRAVITY -1.1766099 9.559658 -1.8436172

1492573559796 LINEAR_ACCELERATION 2.5386183 -4.907955 0.27696025

1492573559797 ROTATION_VECTOR 0.14137764 0.75763494 0.607401

1492573559864 GYROSCOPE -0.34632874 1.8993225 -0.65223694

1492573559953 ACCELEROMETER 1.1928864 14.14856 -2.4270477

1492573559961 MAGNETIC_FIELD 12.232971 -40.908813 26.7807

1492573559999 GRAVITY -1.2890921 9.5024 -2.0525606

1492573560049 LINEAR_ACCELERATION 1.1840199 5.5765963 -0.97972643

1492573560054 ROTATION_VECTOR -0.01746083 0.77739733 0.6248012

1492573560063 GYROSCOPE -0.1690979 1.276886 -0.37374878

1492573560141 ACCELEROMETER -1.8100739 7.1822968 -0.75201416

1492573560141 MAGNETIC_FIELD 7.6293945 -40.818787 27.972412

1492573560194 GRAVITY -1.8216953 9.44306 -1.918447

1492573560195 LINEAR_ACCELERATION 0.6024047 -4.912299 1.2891531

1492573560195 ROTATION_VECTOR -0.1085071 0.7655324 0.63339645

1492573560251 GYROSCOPE -0.16131592 -0.82203674 -0.26579285

1492573560341 ACCELEROMETER -2.302948 8.362381 -1.9228363

1492573560343 MAGNETIC_FIELD 14.227295 -42.211914 25.180054

1492573560400 GRAVITY -2.394796 9.295954 -2.0051367

1492573560403 LINEAR_ACCELERATION -5.046667 10.68204 -2.9385498

1492573560405 ROTATION_VECTOR -0.0025159623 0.776033 0.6112532

1492573560451 GYROSCOPE 0.5663147 -0.6316986 0.58691406

1492573560536 ACCELEROMETER -1.0247955 9.951569 -2.0233917

1492573560540 MAGNETIC_FIELD 10.966492 -41.24298 28.912354

1492573560600 GRAVITY -1.5833153 9.452806 -2.075561

1492573560603 LINEAR_ACCELERATION 0.763759 -2.0574532 -0.13042152

1492573560605 ROTATION_VECTOR 0.073319994 0.774886 0.606685

1492573560732 ACCELEROMETER 1.4851227 6.3668213 -1.5315247

1492573560735 GYROSCOPE -0.15272522 -1.0833282 0.4237671

1492573560741 MAGNETIC_FIELD 14.616394 -43.43109 23.643494

1492573560796 GRAVITY -1.1610484 9.5629835 -1.8362176

1492573560820 LINEAR_ACCELERATION 3.3541584 -0.695138 -2.514398

1492573560823 ROTATION_VECTOR 0.12405171 0.7604158 0.6122043

1492573560930 ACCELEROMETER 0.8042908 12.810501 -0.5999756

1492573560931 GYROSCOPE -0.017105103 2.0014954 -0.43977356

1492573560932 MAGNETIC_FIELD 7.144165 -42.910767 28.4729

1492573560998 GRAVITY -1.729415 9.4137745 -2.1355007

1492573560998 LINEAR_ACCELERATION 1.2709476 1.6591778 -3.23969

1492573560999 ROTATION_VECTOR -0.0063024024 0.7802823 0.6159947

1492573561126 ACCELEROMETER -1.560852 4.769867 -0.552124

1492573561126 GYROSCOPE -0.41374207 0.9966583 -0.8876953

1492573561127 MAGNETIC_FIELD 7.5057983 -43.34259 26.7807

1492573561198 GRAVITY -2.8171854 9.320792 -1.1647695

1492573561199 LINEAR_ACCELERATION 2.6589298 -6.851142 0.3557371

1492573561199 ROTATION_VECTOR -0.11871868 0.7384393 0.6578266

1492573561321 GYROSCOPE 0.24919128 -1.2565918 0.1335144

1492573561408 ROTATION_VECTOR -0.043084472 0.771736 0.62390274

1492573561415 GRAVITY -2.273644 9.346074 -1.9109788

1492573561417 LINEAR_ACCELERATION -0.57538986 5.5264606 0.92374134

1492573561423 ACCELEROMETER -3.7031403 13.4640045 -3.0141754

1492573561425 MAGNETIC_FIELD 15.586853 -41.879272 22.868347

1492573561523 GYROSCOPE -0.015563965 1.5258789E-4 0.5120392

1492573561605 ROTATION_VECTOR 0.064982496 0.75704193 0.63284725

1492573561611 GRAVITY -1.4042029 9.58634 -1.5167981

1492573561614 LINEAR_ACCELERATION 1.0758814 -4.7717314 -0.2220751

1492573561620 ACCELEROMETER -0.28590393 4.6614532 -1.3195648

1492573561622 MAGNETIC_FIELD 13.920593 -45.013428 22.50824

1492573561715 GYROSCOPE -0.14790344 0.98399353 0.06260681

1492573561792 GRAVITY -0.9521987 9.628461 -1.5988907

1492573561794 LINEAR_ACCELERATION 5.204296 6.7720566 -0.9983586

1492573561796 ROTATION_VECTOR -0.012118419 0.76247877 0.6446898

1492573561812 ACCELEROMETER 3.4273987 11.359131 -2.9251099

1492573561813 MAGNETIC_FIELD 6.9091797 -46.166992 22.15271

1492573561903 GYROSCOPE -0.02116394 1.7174683 -0.4116211

1492573561994 GRAVITY -1.1526934 9.531683 -1.9971768

1492573562000 LINEAR_ACCELERATION -0.9007838 -0.4636917 1.94464

1492573562002 ROTATION_VECTOR 0.11726726 -0.7668612 -0.630698

1492573562006 ACCELEROMETER -1.1385803 8.483017 -0.5540924

1492573562010 MAGNETIC_FIELD 5.357361 -44.06128 24.07074

1492573562102 GYROSCOPE -0.5457306 -0.8253174 -0.5721283

1492573562197 GRAVITY -2.362679 9.50187 -0.55009353

1492573562200 LINEAR_ACCELERATION 1.080821 -4.7692766 1.0985259

1492573562205 ROTATION_VECTOR -0.08530963 0.72164345 0.68153864

1492573562207 ACCELEROMETER -2.4075928 8.566101 -1.3774872

1492573562209 MAGNETIC_FIELD 12.698364 -46.427917 18.534851

1492573562296 GYROSCOPE 0.7594452 -0.16621399 0.18457031

1492573562398 GRAVITY -1.971675 9.401614 -1.9729499

1492573562402 LINEAR_ACCELERATION 1.1872151 2.514307 0.47987604

1492573562404 ACCELEROMETER -1.9494781 10.688538 -0.40715027

1492573562406 MAGNETIC_FIELD 13.308716 -44.924927 23.361206

1492573562409 ROTATION_VECTOR -0.028907428 0.7744397 0.6229396

1492573562491 GYROSCOPE -0.017669678 -1.5517731 0.40899658

1492573562598 GRAVITY -1.7024388 9.550371 -1.4361446

1492573562602 LINEAR_ACCELERATION 0.56784487 -6.215122 0.92297065

1492573562605 ACCELEROMETER 0.5553131 6.432358 -1.5133362

1492573562607 ROTATION_VECTOR 0.092558526 0.7514359 0.6243035

1492573562609 MAGNETIC_FIELD 16.3208 -45.542908 18.371582

1492573562690 GYROSCOPE 0.4586792 1.5362091 -0.07797241

1492573562795 ACCELEROMETER 0.97032166 14.496933 -3.1520996

1492573562801 MAGNETIC_FIELD 10.655212 -44.566345 24.70398

1492573562803 GRAVITY -1.0015113 9.394375 -2.6292753

1492573562805 LINEAR_ACCELERATION 7.5986457 5.022278 -0.13794589

1492573562808 ROTATION_VECTOR 0.036671028 0.7954313 0.59793323

1492573562885 GYROSCOPE -0.06782532 1.044632 -0.40415955

1492573562985 ACCELEROMETER -1.9100952 4.8995667 -0.41679382

1492573562988 MAGNETIC_FIELD 7.911682 -43.24646 26.18103

1492573562993 GRAVITY -1.2667444 9.28793 -2.8809912

1492573563024 LINEAR_ACCELERATION 0.43419802 -1.9515505 1.7521055

1492573563025 ROTATION_VECTOR -0.07101227 0.8011535 0.59357065

1492573563081 GYROSCOPE 0.27160645 -1.7430878 0.14311218

1492573563179 ACCELEROMETER -2.2235565 11.25238 -4.121155

1492573563179 MAGNETIC_FIELD 16.970825 -42.800903 23.527527

1492573563196 GRAVITY -2.0235608 9.220606 -2.6563184

1492573563197 LINEAR_ACCELERATION -0.91104543 8.900244 -3.537878

1492573563197 ROTATION_VECTOR 0.038823996 0.79619545 0.5827537

1492573563274 GYROSCOPE 0.054092407 -0.4026947 0.37930298

1492573563386 ACCELEROMETER -1.5756531 7.5690765 -2.3973236

1492573563398 MAGNETIC_FIELD 14.987183 -43.27545 22.845459

1492573563401 GRAVITY -1.4266362 9.307734 -2.738831

1492573563403 LINEAR_ACCELERATION 0.09431255 -1.2990456 0.40502095

1492573563406 ROTATION_VECTOR 0.10639177 0.79266787 0.57599694

1492573563475 GYROSCOPE -0.46710205 -0.8906555 0.21928406

1492573563585 ACCELEROMETER 0.8396759 9.87915 -3.2309418

1492573563591 MAGNETIC_FIELD 20.066833 -44.696045 17.433167

1492573563595 GRAVITY -1.3864497 9.575403 -1.5999341

1492573563599 LINEAR_ACCELERATION 2.240518 -4.3109703 -0.20008421

1492573563602 ROTATION_VECTOR 0.19651493 0.7368554 0.5946767

1492573563777 ACCELEROMETER -1.4189606 11.127213 -0.29891968

1492573563786 GYROSCOPE 0.15812683 0.87265015 -0.03337097

1492573563789 MAGNETIC_FIELD 14.230347 -44.796753 22.24884

1492573563801 GRAVITY -1.0529962 9.520177 -2.104236

1492573563808 LINEAR_ACCELERATION -0.31474817 4.1819124 3.0273957

1492573563810 ROTATION_VECTOR 0.13619459 0.76729214 0.6012437

1492573563975 ACCELEROMETER -1.2293854 4.287445 -0.84814453

1492573563981 GYROSCOPE -0.30111694 -0.07232666 -0.41056824

1492573563984 MAGNETIC_FIELD 18.322754 -43.733215 19.371033

1492573564002 GRAVITY -1.4339744 9.533874 -1.7942545

1492573564009 LINEAR_ACCELERATION 1.4750125 -3.9498882 0.5862373

1492573564011 ROTATION_VECTOR 0.10266614 0.762195 0.6136978

1492573564171 ACCELEROMETER -3.3831177 13.862442 -3.9193115

1492573564176 GYROSCOPE 0.45733643 -2.406662 0.0061798096

1492573564179 MAGNETIC_FIELD 23.730469 -44.132996 14.808655

1492573564202 GRAVITY -2.492577 9.451053 -0.79690564

1492573564209 LINEAR_ACCELERATION -4.097083 6.290493 -4.4187565

1492573564211 ROTATION_VECTOR 0.25265282 0.6905052 0.5560629

1492573564365 ACCELEROMETER -1.771759 6.5816956 -1.0289307

1492573564371 GYROSCOPE -0.0769043 -1.7170868 0.4565277

1492573564374 MAGNETIC_FIELD 23.239136 -46.221924 6.7825317

1492573564403 GRAVITY -2.0084078 9.561638 -0.84365964

1492573564411 LINEAR_ACCELERATION -1.1660613 -1.3319826 0.63582104

1492573564414 ROTATION_VECTOR 0.3404101 0.6535561 0.5225561

1492573564562 ACCELEROMETER -0.4781494 10.862091 -2.873932

1492573564583 GYROSCOPE 0.06640625 -1.0397186 -0.10298157

1492573564586 MAGNETIC_FIELD 24.784851 -45.59784 4.652405

1492573564598 GRAVITY -1.7738298 9.644889 -0.0047892425

1492573564601 LINEAR_ACCELERATION 1.9382592 -5.581482 -0.66269314

1492573564613 ROTATION_VECTOR 0.43816122 0.5552107 0.4665699

1492573564741 ACCELEROMETER -1.9028015 9.74176 -1.9394226

1492573564741 GYROSCOPE 0.11576843 0.07810974 0.2032013

1492573564742 MAGNETIC_FIELD 22.483826 -45.256042 4.788208

1492573564792 GRAVITY -1.7734613 9.6054125 -0.8725073

1492573564792 LINEAR_ACCELERATION 4.7950025 6.4354534 -3.242107

1492573564796 ROTATION_VECTOR 0.46692953 0.5713688 0.4363782

1492573564939 GYROSCOPE -0.048355103 -2.1744843 0.06237793

1492573565001 GRAVITY -1.7002885 9.655242 -0.23602757

1492573565005 LINEAR_ACCELERATION 0.39175308 -6.531212 -0.1734874

1492573565007 ROTATION_VECTOR 0.50409514 0.50786036 0.4029212

1492573565036 ACCELEROMETER -1.2597504 4.0671234 -1.7255707

1492573565042 MAGNETIC_FIELD 21.961975 -46.240234 -5.9036255

1492573565141 GYROSCOPE 0.9771881 -2.9125214 0.45051575

1492573565198 GRAVITY -1.3887377 9.70707 -0.1207075

1492573565199 LINEAR_ACCELERATION -4.655222 10.18667 -2.5122864

1492573565203 ROTATION_VECTOR 0.65777 0.27109593 0.17306492

1492573565223 ACCELEROMETER -4.9338226 13.916321 -4.467926

1492573565224 MAGNETIC_FIELD 12.32605 -49.18976 -7.2402954

1492573565332 GYROSCOPE -0.19017029 -2.8761597 0.608551

1492573565394 GRAVITY -0.800545 9.714256 -1.078305

1492573565401 LINEAR_ACCELERATION -1.4292965 -1.2857256 -0.45295787

1492573565403 ROTATION_VECTOR 0.7393786 0.091090955 0.026915595

1492573565421 ACCELEROMETER -0.65519714 4.487442 -1.743042

1492573565425 MAGNETIC_FIELD 2.3406982 -49.778748 -12.533569

1492573565526 GYROSCOPE 0.21313477 -0.080581665 -0.29753113

1492573565599 GRAVITY -0.6277618 9.771891 -0.5352211

1492573565603 LINEAR_ACCELERATION 1.1539233 -5.235469 -1.4678953

1492573565607 ROTATION_VECTOR 0.7229214 -0.06836228 -0.1084766

1492573565621 ACCELEROMETER 0.4433136 14.253006 -2.9832

1492573565624 MAGNETIC_FIELD 5.8761597 -50.28839 -10.064697

1492573565725 GYROSCOPE -0.010513306 -0.12678528 0.14924622

1492573565801 GRAVITY -1.0264093 9.654774 -1.3792049

1492573565804 LINEAR_ACCELERATION -3.2406855 4.749197 2.1693528

1492573565820 ROTATION_VECTOR 0.7551945 0.001099203 -0.06834757

1492573565823 ACCELEROMETER -1.4798889 7.2071075 -1.644104

1492573565826 MAGNETIC_FIELD 5.4107666 -50.169373 -7.91626

1492573565917 GYROSCOPE 0.07376099 -1.8880157 -0.03340149

1492573565997 GRAVITY -1.2677926 9.669984 -1.0268868

1492573566002 LINEAR_ACCELERATION 0.48725247 -6.80737 -0.1758973

1492573566009 ROTATION_VECTOR 0.7430777 -0.013863179 -0.09933276

1492573566013 ACCELEROMETER -2.3408813 8.856537 -2.7956543

1492573566020 MAGNETIC_FIELD 3.8208008 -50.14496 -8.906555

1492573566117 GYROSCOPE 0.94903564 -2.1853485 1.2262115

1492573566206 GRAVITY -0.8930092 9.682105 -1.276626

1492573566209 LINEAR_ACCELERATION -4.765579 7.6358004 -2.4771292

1492573566213 ROTATION_VECTOR 0.70767164 -0.25355607 -0.27851996

1492573566217 ACCELEROMETER -1.7525024 7.5034027 -2.9187775

1492573566221 MAGNETIC_FIELD -12.728882 -49.46289 3.5247803

1492573566307 GYROSCOPE 1.0272522 -1.4094086 1.5688477

1492573566398 GRAVITY 0.60998166 9.294385 -3.068016

1492573566404 LINEAR_ACCELERATION -1.1505377 -5.6954603 0.83901095

1492573566407 ACCELEROMETER 0.8436737 -0.93533325 -0.4164276

1492573566414 MAGNETIC_FIELD -22.52655 -39.468384 12.93335

1492573566421 ROTATION_VECTOR 0.61800987 -0.6404287 -0.10084268

1492573566504 GYROSCOPE 2.0604706 2.7569427 1.1377411

1492573566594 ACCELEROMETER 13.338852 5.4327545 -15.339874

1492573566607 MAGNETIC_FIELD -36.312866 -27.75116 11.656189

1492573566610 GRAVITY 7.4728723 3.465442 -5.3213983

1492573566613 LINEAR_ACCELERATION -1.1600151 1.2027621 -1.9278555

1492573566620 ROTATION_VECTOR 0.6866236 -0.54759824 0.21373414

1492573566701 GYROSCOPE 1.34758 0.62350464 0.6456146

1492573566789 ACCELEROMETER 5.7553406 6.1332245 -14.2148285

1492573566800 MAGNETIC_FIELD -40.179443 -20.986938 12.471008

1492573566803 GRAVITY 8.290601 3.110023 -4.2147446

1492573566806 LINEAR_ACCELERATION 2.9467964 4.7296515 -7.3408613

1492573566809 ROTATION_VECTOR 0.6712302 -0.51414216 0.2828469

1492573566894 GYROSCOPE 0.44306946 0.36965942 -1.7238464

1492573566984 ACCELEROMETER 8.199173 2.5950623 -7.619156

1492573566988 MAGNETIC_FIELD -31.507874 -34.136963 10.876465

1492573566998 GRAVITY 6.1159 6.25593 -4.4305177

1492573567001 LINEAR_ACCELERATION 6.7015934 -3.6289606 -4.781143

1492573567004 ROTATION_VECTOR 0.80124694 -0.2896496 0.21691945

1492573567181 ACCELEROMETER 3.6680756 2.9980774 -10.978531

1492573567186 GYROSCOPE -1.2298431 0.99198914 -2.1938934

1492573567189 MAGNETIC_FIELD -14.707947 -45.87555 1.4602661

1492573567195 GRAVITY 4.592769 8.649474 0.51328534

1492573567200 LINEAR_ACCELERATION -5.8934855 1.6359129 -17.1429

1492573567203 ROTATION_VECTOR 0.65707225 -0.20514823 0.13378973

1492573567375 ACCELEROMETER 2.9107819 4.2455597 4.480545

1492573567378 GYROSCOPE -5.3177643 0.5990448 0.9702301

1492573567382 MAGNETIC_FIELD -23.867798 -22.419739 -36.114502

1492573567394 GRAVITY 4.8494167 5.0508747 6.866018

1492573567398 LINEAR_ACCELERATION 2.165546 1.626481 0.54342127

1492573567401 ROTATION_VECTOR 0.31004116 -0.23195902 0.11287466

1492573567573 ACCELEROMETER 6.2526093 3.1964264 7.146103

1492573567577 GYROSCOPE -1.8157806 -0.46728516 0.79530334

1492573567579 MAGNETIC_FIELD -28.521729 -5.647278 -38.80005

1492573567595 GRAVITY 6.537728 1.7222164 7.1036944

1492573567600 LINEAR_ACCELERATION 0.6944032 2.47094 5.2992725

1492573567603 ROTATION_VECTOR 0.14871517 -0.34014142 0.14297761

1492573567768 ACCELEROMETER 7.9066315 -1.6336975 8.608337

1492573567778 GYROSCOPE -0.37675476 -0.2402649 1.0963593

1492573567781 MAGNETIC_FIELD -30.91278 6.524658 -37.59613

1492573567793 GRAVITY 7.1039286 0.43595272 6.7464457

1492573567802 LINEAR_ACCELERATION 0.78777266 2.0616045 0.6744666

1492573567802 ROTATION_VECTOR 0.10086347 -0.3819078 0.1797374

1492573567957 GYROSCOPE -0.018981934 -0.8007202 -0.07383728

1492573567993 GRAVITY 7.8435855 0.5577249 5.85982

1492573567993 LINEAR_ACCELERATION -0.7977567 0.8814207 -0.2705927

1492573567996 ROTATION_VECTOR 0.11381237 -0.43391135 0.16486494

1492573568065 ACCELEROMETER 7.2131653 1.2644958 6.24144

1492573568067 MAGNETIC_FIELD -37.677002 7.398987 -34.08966

1492573568153 GYROSCOPE 0.62467957 -1.1354065 -0.16792297

1492573568192 GRAVITY 8.828464 1.8275203 3.8585985

1492573568193 LINEAR_ACCELERATION -1.4215279 -0.3390001 1.1443028

1492573568201 ROTATION_VECTOR 0.20195246 -0.5123294 0.14233863

1492573568263 ACCELEROMETER 8.915451 2.1095886 3.64888

1492573568266 MAGNETIC_FIELD -43.89496 2.760315 -26.23291

1492573568351 GYROSCOPE 1.2727509 -2.1425934 -0.15005493

1492573568395 GRAVITY 9.331123 2.8569589 -0.96865904

1492573568415 LINEAR_ACCELERATION 4.043891 1.8532255 -1.029911

1492573568416 ROTATION_VECTOR 0.33753112 -0.6598944 0.117328726

1492573568454 ACCELEROMETER 11.366608 4.4282837 -1.043045

1492573568454 MAGNETIC_FIELD -50.852966 -1.6983032 -5.7418823

1492573568544 GYROSCOPE 1.3635712 -1.3320923 -1.2064972

1492573568593 GRAVITY 7.763599 4.369913 -4.098876

1492573568593 LINEAR_ACCELERATION -1.5580149 0.3179121 1.6556284

1492573568596 ROTATION_VECTOR 0.4976501 -0.679212 0.06439587

1492573568650 ACCELEROMETER 6.4192505 4.3412933 -3.0404816

1492573568651 MAGNETIC_FIELD -45.298767 -13.819885 10.28595

1492573568755 GYROSCOPE 2.6831207 -0.81288147 -1.0216675

1492573568793 GRAVITY 5.838742 2.7629766 -7.3787155

1492573568794 LINEAR_ACCELERATION -1.1462235 -0.21225071 -2.6997461

1492573568796 ROTATION_VECTOR 0.6818157 -0.6413557 0.12853348

1492573568845 ACCELEROMETER 4.749878 1.7514954 -8.36145

1492573568846 MAGNETIC_FIELD -40.419006 -10.9436035 22.927856

1492573568936 GYROSCOPE -0.119659424 -0.1782074 -0.61117554

1492573568997 GRAVITY 5.253062 3.5333252 -7.4894156

1492573569003 LINEAR_ACCELERATION -0.79928255 1.0663345 -0.16308928

1492573569006 ROTATION_VECTOR 0.721203 -0.60143167 0.09617624

1492573569046 ACCELEROMETER 4.3881683 3.4515228 -9.082977

1492573569051 MAGNETIC_FIELD -37.695313 -17.30194 23.851013

1492573569133 GYROSCOPE -0.6464844 0.4901123 -0.44761658

1492573569195 GRAVITY 5.5157514 4.77619 -6.552471

1492573569202 LINEAR_ACCELERATION -1.0772781 -1.2958198 -2.6901345

1492573569205 ROTATION_VECTOR 0.73016703 -0.5485792 0.086025506

1492573569239 ACCELEROMETER 4.631195 4.4584503 -8.402161

1492573569242 MAGNETIC_FIELD -36.732483 -22.019958 18.637085

1492573569329 GYROSCOPE -1.6473846 0.5269165 0.2625122

1492573569395 GRAVITY 6.3173413 6.3591313 -3.9778183

1492573569402 LINEAR_ACCELERATION -1.5869036 0.61188316 3.0467503

1492573569405 ROTATION_VECTOR 0.64254934 -0.5384632 0.04606964

1492573569435 ACCELEROMETER 5.0463257 6.1344147 -2.87323

1492573569438 MAGNETIC_FIELD -40.327454 -26.071167 4.220581

1492573569525 GYROSCOPE 1.7068176 2.3072968 0.15963745

1492573569597 GRAVITY 8.070086 4.9421396 -2.5728118

1492573569602 LINEAR_ACCELERATION -3.7735977 -3.7063637 1.208714

1492573569605 ROTATION_VECTOR 0.6693553 -0.42794904 0.2655019

1492573569631 ACCELEROMETER 6.389084 2.0477905 -2.2293396

1492573569635 MAGNETIC_FIELD -43.9209 -22.302246 -5.3756714

1492573569721 GYROSCOPE 1.7627869 4.465439 1.3218231

1492573569805 GRAVITY 8.576891 2.8185065 3.829276

1492573569806 LINEAR_ACCELERATION 4.495529 2.683841 -2.1304958

1492573569806 ROTATION_VECTOR 0.5140747 -0.20121752 0.64276206

1492573569821 ACCELEROMETER 11.382202 2.0293274 2.9482117

1492573569822 MAGNETIC_FIELD -28.366089 -22.615051 -30.444336

1492573569911 GYROSCOPE -0.8540802 3.1202545 0.11730957

1492573569993 GRAVITY 4.286348 0.8858693 8.775697

1492573569997 LINEAR_ACCELERATION -0.5716171 -0.76046884 1.2408009

1492573570000 ROTATION_VECTOR 0.20795295 -0.096538 0.78164375

1492573570018 ACCELEROMETER 4.4579315 1.3224792 10.388779

1492573570021 MAGNETIC_FIELD 1.1810303 -17.274475 -43.196106

1492573570221 ROTATION_VECTOR 0.11105105 -0.019695275 0.80241066

1492573570240 GRAVITY 1.9740851 0.9664296 9.557164

1492573570243 LINEAR_ACCELERATION -1.8069957 0.2058624 0.7660742

1492573570246 ACCELEROMETER 0.5022583 1.4963837 9.765442

1492573570252 GYROSCOPE 0.13426208 1.2140198 0.020080566

1492573570256 MAGNETIC_FIELD 13.771057 -18.765259 -40.39154

1492573570392 GRAVITY 1.2201574 1.8500286 9.552958

1492573570393 LINEAR_ACCELERATION -1.2114362 0.42362523 0.05858898

1492573570396 ROTATION_VECTOR 0.10613543 0.04086557 0.808476

1492573570408 ACCELEROMETER -0.12892151 2.3633728 8.095215

1492573570408 GYROSCOPE 0.4295349 0.3030548 -0.05781555

1492573570409 MAGNETIC_FIELD 15.797424 -21.86737 -37.690735

