1492573516981 ACCELEROMETER 0.9257202 3.543213 7.573944

1492573517006 GYROSCOPE -0.3877411 0.23448181 -0.357193

1492573517007 MAGNETIC_FIELD -16.51764 3.3859253 -46.246338

1492573517080 GRAVITY 1.1978631 4.2429023 8.759754

1492573517080 LINEAR_ACCELERATION -0.09862864 -0.048713446 -1.2111654

1492573517082 ROTATION_VECTOR 0.20585237 -0.10488873 -0.18956004

1492573517176 ACCELEROMETER -0.7594452 2.9649506 11.032623

1492573517266 GYROSCOPE 0.43276978 -0.09376526 0.39924622

1492573517267 MAGNETIC_FIELD -15.197754 2.0217896 -47.54181

1492573517279 GRAVITY 0.03591357 3.4800768 9.1683235

1492573517280 LINEAR_ACCELERATION -1.8589885 -0.6315067 2.173318

1492573517282 ROTATION_VECTOR 0.17316228 -0.050600477 -0.2661251

1492573517422 ACCELEROMETER 0.5373688 2.9091187 7.770981

1492573517423 GYROSCOPE -0.53782654 -0.07055664 0.04777527

1492573517423 MAGNETIC_FIELD -14.877319 5.2597046 -47.532654

1492573517479 GRAVITY 0.12292699 3.3960326 9.199035

1492573517480 LINEAR_ACCELERATION -0.7165571 -0.36741638 -0.2964983

1492573517482 ROTATION_VECTOR 0.16578126 -0.059129857 -0.29694426

1492573517618 ACCELEROMETER 2.795761 1.5560455 8.01384

1492573517619 GYROSCOPE 0.06796265 0.14448547 -0.92466736

1492573517620 MAGNETIC_FIELD -15.397644 5.0689697 -47.23053

1492573517679 GRAVITY 0.94421446 3.3110402 9.182367

1492573517680 LINEAR_ACCELERATION 1.6361301 0.95443726 4.741108

1492573517682 ROTATION_VECTOR 0.15392816 -0.090198174 -0.2455753

1492573517813 ACCELEROMETER -0.021575928 3.5375977 10.525986

1492573517814 GYROSCOPE -0.06283569 -0.50805664 -0.8314972

1492573517814 MAGNETIC_FIELD -18.165588 -0.9963989 -45.895386

1492573517879 GRAVITY 0.7238196 3.0418313 9.294824

1492573517880 LINEAR_ACCELERATION 0.27806562 0.96998763 -4.782057

1492573517882 ROTATION_VECTOR 0.12904024 -0.09718299 -0.39507952

1492573518009 ACCELEROMETER -1.1964417 2.7865295 7.4374237

1492573518079 GRAVITY -0.0030417491 3.5398338 9.145489

1492573518080 LINEAR_ACCELERATION -3.2407327 -0.49901986 6.812684

1492573518082 ROTATION_VECTOR 0.165748 -0.07897769 -0.42360586

1492573518119 GYROSCOPE 0.70355225 0.30386353 0.21534729

1492573518119 MAGNETIC_FIELD -17.510986 -0.14648438 -45.516968

1492573518204 ACCELEROMETER -0.6796112 3.1966248 11.064041

1492573518279 GRAVITY -1.0972441 3.7765944 8.983528

1492573518280 LINEAR_ACCELERATION 1.1394265 -2.3154316 -4.459985

1492573518282 ROTATION_VECTOR 0.20266335 -0.029918427 -0.40742552

1492573518314 GYROSCOPE -0.28450012 0.70332336 0.23466492

1492573518315 MAGNETIC_FIELD -12.812805 -6.185913 -46.34857

1492573518399 ACCELEROMETER 1.0041199 -0.41047668 5.217163

1492573518479 GRAVITY -0.16883896 1.3788154 9.7077675

1492573518480 LINEAR_ACCELERATION 2.652215 -0.76800966 -1.5225315

1492573518482 ROTATION_VECTOR 0.06864376 -0.018156238 -0.37037662

1492573518510 GYROSCOPE -1.1310425 -0.6332855 0.02079773

1492573518510 MAGNETIC_FIELD -13.201904 6.30188 -47.024536

1492573518594 ACCELEROMETER 1.0147552 0.18431091 16.448029

1492573518679 GRAVITY 0.422285 0.82028985 9.763155

1492573518680 LINEAR_ACCELERATION -2.7377386 -1.3992293 7.057887

1492573518682 ROTATION_VECTOR 0.025473675 -0.03960744 -0.49964687

1492573518705 GYROSCOPE 0.29753113 -0.43637085 -1.0043793

1492573518706 MAGNETIC_FIELD -18.972778 7.5057983 -45.991516

1492573518790 ACCELEROMETER -0.1557312 3.7397308 5.6770477

1492573518879 GRAVITY 1.4738246 2.811537 9.278658

1492573518880 LINEAR_ACCELERATION -2.822956 0.795562 -5.5771894

1492573518882 ROTATION_VECTOR 0.08500756 -0.14033474 -0.5099884

1492573518900 GYROSCOPE 0.9419098 -0.2204895 -0.049972534

1492573518901 MAGNETIC_FIELD -24.105835 -3.0014038 -43.147278

1492573518985 ACCELEROMETER -0.7766266 4.732483 10.586975

1492573519079 GRAVITY 0.7893336 5.027529 8.382797

1492573519080 LINEAR_ACCELERATION -1.2013748 0.5745659 3.088932

1492573519082 ROTATION_VECTOR 0.21230006 -0.1659065 -0.46811315

1492573519096 GYROSCOPE 0.95466614 0.59407043 0.3639679

1492573519097 MAGNETIC_FIELD -18.80951 -12.042236 -42.582703

1492573519181 ACCELEROMETER 1.3785858 0.818985 4.8047028

1492573519291 GRAVITY 0.31991565 2.4036727 9.502126

1492573519293 LINEAR_ACCELERATION -0.6111078 -4.3466024 -2.5061712

1492573519303 ROTATION_VECTOR 0.102114186 -0.071408 -0.45636296

1492573519308 GYROSCOPE -2.2231293 -0.048614502 0.39416504

1492573519309 MAGNETIC_FIELD -16.778564 1.1352539 -45.90454

1492573519376 ACCELEROMETER 3.8717804 -1.3286285 11.803894

1492573519480 GRAVITY 2.5684876 -0.120441616 9.463549

1492573519481 LINEAR_ACCELERATION 3.0697622 0.49499762 -2.0041761

1492573519482 ROTATION_VECTOR -0.062967785 -0.11631151 -0.43055248

1492573519487 GYROSCOPE -0.67160034 -0.7676697 -0.8283081

1492573519487 MAGNETIC_FIELD -25.697327 12.188721 -42.648315

1492573519573 ACCELEROMETER 1.1822205 0.27586365 13.835342

1492573519681 GRAVITY 2.3708382 0.3955648 9.507525

1492573519682 LINEAR_ACCELERATION 0.5663767 2.2759867 0.6827183

1492573519682 ROTATION_VECTOR -0.053845655 -0.111138456 -0.57374686

1492573519683 GYROSCOPE 0.5095978 0.30537415 -1.5445099

1492573519683 MAGNETIC_FIELD -25.985718 5.2734375 -42.22107

1492573519770 ACCELEROMETER 0.35586548 1.9948578 8.458145

1492573519865 GYROSCOPE 1.6819763 0.44203186 -0.7756958

1492573519868 MAGNETIC_FIELD -20.368958 -9.62677 -43.86444

1492573519884 GRAVITY 1.0675031 2.9520307 9.290659

1492573519887 LINEAR_ACCELERATION 0.18933797 -1.0269353 -2.5087376

1492573519893 ROTATION_VECTOR 0.076374196 -0.14309165 -0.66063356

1492573519966 ACCELEROMETER 1.0174408 2.9367218 9.787262

1492573520084 GYROSCOPE 0.38171387 -0.021438599 -1.0475616

1492573520091 MAGNETIC_FIELD -14.718628 -24.139404 -38.407898

1492573520093 GRAVITY 0.05228543 5.19027 8.320382

1492573520095 LINEAR_ACCELERATION -0.33487853 -3.9566493 7.7433815

1492573520098 ROTATION_VECTOR 0.18060036 -0.20775492 -0.7191577

1492573520269 ACCELEROMETER 1.1214447 0.24107361 3.8349

1492573520270 GYROSCOPE -0.850647 -0.5818329 -1.8121033

1492573520271 MAGNETIC_FIELD -10.551453 -22.75238 -40.90271

1492573520281 GRAVITY -0.57221687 4.2751336 8.807167

1492573520282 LINEAR_ACCELERATION 1.1149693 -4.926595 -5.2499743

1492573520283 ROTATION_VECTOR 0.14791942 -0.17052656 -0.8140865

1492573520473 ACCELEROMETER 1.1177673 -0.28330994 12.595856

1492573520484 GYROSCOPE -0.6873474 -0.5650482 -3.4717865

1492573520486 MAGNETIC_FIELD -0.72784424 -20.088196 -42.47284

1492573520489 GRAVITY -1.2758731 1.8152467 9.552351

1492573520491 LINEAR_ACCELERATION 2.277112 -3.8487775 9.438232

1492573520493 ROTATION_VECTOR 0.08799733 -0.072264135 -0.9573406

1492573520670 ACCELEROMETER -0.98553467 2.5837708 13.372971

1492573520674 GYROSCOPE 0.25616455 -0.82725525 -2.1661072

1492573520677 MAGNETIC_FIELD 2.5360107 -19.11316 -42.764282

1492573520681 GRAVITY -0.23248395 0.6981508 9.779004

1492573520685 LINEAR_ACCELERATION 0.80857587 3.0555024 3.2534914

1492573520687 ROTATION_VECTOR -0.01117743 0.03584152 0.9991117

1492573520866 ACCELEROMETER -0.3355713 1.9932098 7.9426727

1492573520873 GYROSCOPE 1.4561005 -0.12057495 -1.4705658

1492573520875 MAGNETIC_FIELD 8.474731 -25.912476 -38.493347

1492573520887 GRAVITY 0.16734263 1.9843414 9.602331

1492573520892 LINEAR_ACCELERATION 0.09242992 0.029579878 -5.3581324

1492573520894 ROTATION_VECTOR 0.028582403 0.09798159 0.97500694

1492573521063 ACCELEROMETER -1.2397308 2.5772552 9.540207

1492573521067 GYROSCOPE 0.04660034 -0.24731445 -0.8312073

1492573521070 MAGNETIC_FIELD 16.365051 -29.873657 -31.173706

1492573521089 GRAVITY -0.26282266 4.8375573 8.526391

1492573521093 LINEAR_ACCELERATION 0.20016211 -1.0407238 -0.8344536

1492573521096 ROTATION_VECTOR 0.07362145 0.24465264 0.90932536

1492573521255 ACCELEROMETER 0.3375244 0.99580383 4.7114105

1492573521273 GYROSCOPE -1.1013794 -0.45143127 -0.02166748

1492573521274 MAGNETIC_FIELD 12.411499 -22.72644 -38.960266

1492573521281 GRAVITY -0.075047314 3.1136544 9.29892

1492573521282 LINEAR_ACCELERATION 0.46947283 -3.1772757 -5.522585

1492573521283 ROTATION_VECTOR 0.052959844 0.15192857 0.92387366

1492573521442 ACCELEROMETER 2.40802 2.4413757 13.716904

1492573521443 GYROSCOPE 0.044174194 -0.7451935 -1.9072571

1492573521444 MAGNETIC_FIELD 12.875366 -15.000916 -43.077087

1492573521481 GRAVITY 0.92641824 1.423659 9.658433

1492573521482 LINEAR_ACCELERATION 3.1680684 3.3272605 4.4888096

1492573521483 ROTATION_VECTOR 0.075438336 0.043197453 0.88644296

1492573521644 ACCELEROMETER -0.037582397 2.9265594 6.675064

1492573521645 GYROSCOPE 0.501297 -0.5929413 -0.9256592

1492573521645 MAGNETIC_FIELD 10.33783 -16.601563 -42.46216

1492573521685 GRAVITY 1.6462739 2.5979784 9.311856

1492573521686 LINEAR_ACCELERATION -0.51951027 0.67165375 -1.356533

1492573521687 ROTATION_VECTOR 0.14867592 0.055883005 0.78809494

1492573521843 ACCELEROMETER -1.3009796 4.037613 8.52858

1492573521891 GRAVITY 1.2617103 3.9209983 8.899676

1492573521900 LINEAR_ACCELERATION -0.6788932 0.28523064 0.8037348

1492573521902 ROTATION_VECTOR 0.18346526 0.11217519 0.74017465

1492573521929 GYROSCOPE 0.5602875 0.9906769 -0.21781921

1492573521936 MAGNETIC_FIELD 20.048523 -22.982788 -35.620117

1492573522031 ACCELEROMETER -0.44955444 2.867859 5.6542206

1492573522087 GRAVITY -0.2470388 4.3905215 8.765425

1492573522092 LINEAR_ACCELERATION -0.74655044 -1.8131022 1.5546093

1492573522095 ROTATION_VECTOR 0.13168034 0.18907139 0.76601297

1492573522119 GYROSCOPE -1.2169037 0.3868866 0.32843018

1492573522123 MAGNETIC_FIELD 20.60852 -18.798828 -37.26654

1492573522230 ACCELEROMETER 1.3473816 0.4073944 8.901764

1492573522298 GRAVITY -0.28432348 1.6269614 9.666569

1492573522301 LINEAR_ACCELERATION 1.621903 -1.8898193 -4.5354576

1492573522318 ROTATION_VECTOR 0.038533863 0.07521518 0.7953648

1492573522318 GYROSCOPE -1.0921631 -1.0127411 -0.46192932

1492573522319 MAGNETIC_FIELD 13.719177 -6.5567017 -44.656372

1492573522418 ACCELEROMETER 0.50582886 1.6083832 12.465363

1492573522484 GRAVITY 1.226833 0.29892516 9.725015

1492573522487 LINEAR_ACCELERATION -0.3164804 -0.7562131 9.808438

1492573522491 ROTATION_VECTOR 0.057088546 -0.030052377 0.7478948

1492573522506 GYROSCOPE 0.6186981 0.332901 -0.5279541

1492573522509 MAGNETIC_FIELD 13.819885 -6.045532 -45.611572

1492573522621 ACCELEROMETER -1.1139374 2.5801697 6.571869

1492573522687 GRAVITY 0.6795454 1.6728344 9.638995

1492573522691 LINEAR_ACCELERATION -1.639013 0.88419497 -4.40672

1492573522694 ROTATION_VECTOR 0.08444247 0.037649542 0.717927

1492573522704 GYROSCOPE 1.1154938 0.5291748 0.30192566

1492573522707 MAGNETIC_FIELD 16.96167 -13.995361 -41.877747

1492573522816 ACCELEROMETER -2.7342834 3.2533264 10.416779

1492573522887 GRAVITY -0.38562933 3.8291893 9.019921

1492573522891 LINEAR_ACCELERATION -3.564788 -0.7156284 1.9198742

1492573522896 ROTATION_VECTOR 0.1129864 0.16536646 0.7494944

1492573522898 GYROSCOPE -7.324219E-4 0.9795532 1.0807953

1492573522900 MAGNETIC_FIELD 20.637512 -22.909546 -34.909058

1492573523011 ACCELEROMETER 1.8883209 0.32725525 3.5475311

1492573523087 GRAVITY -1.2278824 3.5931177 9.041692

1492573523094 LINEAR_ACCELERATION 2.956614 -2.3738914 -4.7388716

1492573523111 ROTATION_VECTOR 0.04438019 0.19243805 0.8326717

1492573523113 GYROSCOPE -1.1657715 -0.728714 0.5676422

1492573523116 MAGNETIC_FIELD 14.715576 -17.48352 -41.13159

1492573523207 ACCELEROMETER 1.9324188 1.5436859 15.695679

1492573523286 GRAVITY 0.7876911 1.545742 9.651975

1492573523287 LINEAR_ACCELERATION -0.07355821 -1.9463071 6.6885595

1492573523287 ROTATION_VECTOR 0.073668234 0.049590882 0.8707415

1492573523287 GYROSCOPE 0.1428833 -0.058425903 -0.890625

1492573523288 MAGNETIC_FIELD 11.566162 -11.000061 -43.392944

1492573523402 ACCELEROMETER -0.046813965 2.5269012 7.704117

1492573523484 GYROSCOPE 0.7403259 0.16233826 -0.55862427

1492573523487 MAGNETIC_FIELD 16.604614 -16.931152 -40.37628

1492573523490 GRAVITY 0.12000815 3.5287986 9.148965

1492573523492 LINEAR_ACCELERATION -2.07353 -0.16634488 -4.620948

1492573523495 ROTATION_VECTOR 0.1200243 0.13829954 0.7639451

1492573523593 ACCELEROMETER -2.9457397 4.094696 8.9218445

1492573523681 GYROSCOPE 1.0639191 0.9005127 0.5843353

1492573523685 MAGNETIC_FIELD 21.943665 -25.386047 -33.493042

1492573523688 GRAVITY -0.9657017 5.345565 8.164726

1492573523690 LINEAR_ACCELERATION -1.7390038 1.1688299 0.7957735

1492573523693 ROTATION_VECTOR 0.11368539 0.2660648 0.799355

1492573523795 ACCELEROMETER -1.424408 3.1249847 6.350174

1492573523884 GYROSCOPE -1.2818604 -0.014160156 0.7752991

1492573523888 MAGNETIC_FIELD 20.217896 -26.594543 -33.407593

1492573523891 GRAVITY -0.31271845 3.487685 9.160166

1492573523893 LINEAR_ACCELERATION 2.9964356 -2.7570312 -7.081689

1492573523896 ROTATION_VECTOR 0.07096545 0.16710897 0.86720073

1492573524075 ACCELEROMETER 1.8288422 -0.3509369 9.508789

1492573524084 GYROSCOPE -1.0601501 -0.76815796 -0.3695221

1492573524086 MAGNETIC_FIELD 14.222717 -16.947937 -41.488647

1492573524089 GRAVITY 1.1788554 1.3545384 9.640846

1492573524091 LINEAR_ACCELERATION 2.41671 2.788484 0.44477272

1492573524094 ROTATION_VECTOR 0.0871592 0.029273346 0.85884476

1492573524272 ACCELEROMETER 0.1559906 2.5032654 14.741837

1492573524276 GYROSCOPE 0.5704651 0.38609314 -0.89216614

1492573524279 MAGNETIC_FIELD 17.176819 -12.852478 -41.99066

1492573524284 GRAVITY 0.40832457 2.0786567 9.575115

1492573524287 LINEAR_ACCELERATION -1.3218286 1.800245 -2.6836414

1492573524289 ROTATION_VECTOR 0.0803578 0.073127195 0.7982335

1492573524461 ACCELEROMETER -1.6333313 3.6689758 4.867279

1492573524462 GYROSCOPE 1.2354889 0.6768036 0.40493774

1492573524463 MAGNETIC_FIELD 21.77124 -18.624878 -36.572266

1492573524486 GRAVITY -0.46431434 4.07339 8.908552

1492573524487 LINEAR_ACCELERATION -2.6673732 -0.14473629 1.3022833

1492573524487 ROTATION_VECTOR 0.10222515 0.18799014 0.7997927

1492573524660 ACCELEROMETER -3.2339172 5.5615997 11.520386

1492573524686 GRAVITY -1.2737329 5.135064 8.257065

1492573524687 LINEAR_ACCELERATION -0.9995048 -2.9246516 1.5555801

1492573524687 ROTATION_VECTOR 0.059360027 0.2747422 0.861656

1492573524770 GYROSCOPE 0.25646973 0.97647095 1.2108307

1492573524770 MAGNETIC_FIELD 23.684692 -28.988647 -27.391052

1492573524854 ACCELEROMETER 1.5407257 1.1360321 4.345825

1492573524886 GRAVITY -0.886313 3.0751817 9.269741

1492573524887 LINEAR_ACCELERATION 0.2724561 -2.686729 -1.3062582

1492573524887 ROTATION_VECTOR 0.017227653 0.16455384 0.91405344

1492573524965 GYROSCOPE -1.2787323 -0.062301636 0.46366882

1492573524966 MAGNETIC_FIELD 19.755554 -26.643372 -32.746887

1492573525050 ACCELEROMETER 1.118515 2.7579498 12.112274

1492573525087 GRAVITY -0.19933179 2.1710718 9.56123

1492573525087 LINEAR_ACCELERATION 1.0173609 0.614763 8.949343

1492573525087 ROTATION_VECTOR 0.04110216 0.10403655 0.88695663

1492573525165 GYROSCOPE -0.25978088 -0.27485657 -1.0630035

1492573525174 MAGNETIC_FIELD 18.333435 -22.857666 -36.05957

1492573525246 ACCELEROMETER -2.0043945 3.462906 8.889847

1492573525293 GRAVITY -1.0566707 2.93433 9.297502

1492573525300 LINEAR_ACCELERATION -0.9911158 0.39025187 -3.9690237

1492573525302 ROTATION_VECTOR 0.030964242 0.15811563 0.84699184

1492573525357 GYROSCOPE 0.5884857 0.13237 -0.26487732

1492573525368 MAGNETIC_FIELD 25.053406 -21.23413 -33.04901

1492573525433 ACCELEROMETER -2.460022 5.169342 8.08989

1492573525482 GRAVITY -1.2110722 5.205843 8.222097

1492573525484 LINEAR_ACCELERATION -0.63244677 4.132888 0.3327794

1492573525486 ROTATION_VECTOR 0.066092744 0.2764443 0.85770744

1492573525547 GYROSCOPE 1.1154938 0.85580444 0.78637695

1492573525550 MAGNETIC_FIELD 22.470093 -31.246948 -23.71521

1492573525631 ACCELEROMETER -3.40773 4.547821 7.621872

1492573525682 GRAVITY -2.3398285 5.4170203 7.8327184

1492573525686 LINEAR_ACCELERATION 1.0265915 -2.1854672 -4.975769

1492573525690 ROTATION_VECTOR -0.03301565 0.31551936 0.905009

1492573525747 GYROSCOPE -0.572525 0.9872894 1.2011871

1492573525752 MAGNETIC_FIELD 19.178772 -35.479736 -18.043518

1492573525830 ACCELEROMETER -0.21134949 2.676529 6.5822296

1492573525887 GRAVITY -2.324466 3.9618547 8.66435

1492573525890 LINEAR_ACCELERATION 0.4855945 -0.86981964 1.3248825

1492573525893 ROTATION_VECTOR -0.07184716 0.23038904 0.9452627

1492573525942 GYROSCOPE -0.4162445 -0.12867737 0.094696045

1492573525945 MAGNETIC_FIELD 16.494751 -31.713867 -22.413635

1492573526025 ACCELEROMETER -2.9241028 5.897049 11.432419

1492573526087 GRAVITY -1.3499547 4.6450367 8.53063

1492573526092 LINEAR_ACCELERATION -2.1831627 0.45114088 9.553499

1492573526094 ROTATION_VECTOR -0.013738497 0.25469625 0.9416933

1492573526137 GYROSCOPE 0.50131226 -0.37765503 0.6459198

1492573526142 MAGNETIC_FIELD 11.157227 -34.59778 -18.881226

1492573526221 ACCELEROMETER -1.9628601 3.9805908 4.4435577

1492573526287 GRAVITY 1.4859563 5.1568775 8.207858

1492573526292 LINEAR_ACCELERATION -3.357175 -2.748939 -7.027901

1492573526294 ROTATION_VECTOR 0.07929628 0.27427688 0.9583755

1492573526333 GYROSCOPE -0.4716034 -0.023269653 2.8197021

1492573526336 MAGNETIC_FIELD -8.280945 -35.151672 -17.201233

1492573526414 ACCELEROMETER -0.8787842 2.949585 10.938721

1492573526486 GRAVITY 2.223564 4.4494853 8.451523

1492573526487 LINEAR_ACCELERATION -0.5413549 1.8409534 3.4142246

1492573526487 ROTATION_VECTOR -0.030561794 -0.26107135 -0.9073605

1492573526527 GYROSCOPE 0.6848602 2.4350433 2.294342

1492573526530 MAGNETIC_FIELD -20.976257 -25.636292 -22.592163

1492573526616 ACCELEROMETER -0.7724304 3.7729034 9.860428

1492573526693 GRAVITY -1.708565 3.788249 8.882587

1492573526699 LINEAR_ACCELERATION 2.2036314 -0.87685275 -2.6468554

1492573526702 ROTATION_VECTOR 0.18415585 -0.114894316 -0.81151485

1492573526728 GYROSCOPE -0.56455994 1.737503 1.319458

1492573526734 MAGNETIC_FIELD -14.950562 -20.335388 -33.38318

1492573526893 GRAVITY -1.908788 2.366602 9.323418

1492573526917 LINEAR_ACCELERATION 0.81025755 -1.7386827 -0.7156887

1492573526920 ROTATION_VECTOR 0.15433887 -0.02859246 -0.7496742

1492573526930 ACCELEROMETER -0.7522583 1.032135 7.6780243

1492573526932 GYROSCOPE -0.6521301 0.29815674 0.97979736

1492573526935 MAGNETIC_FIELD -15.960693 -12.046814 -40.187073

1492573527085 GRAVITY -2.1811907 2.4434028 9.243515

1492573527086 LINEAR_ACCELERATION -3.6285524 0.34904385 10.394957

1492573527086 ROTATION_VECTOR 0.16936767 -0.0051455 -0.678338

1492573527112 ACCELEROMETER -2.7016907 4.7203827 12.727463

1492573527113 GYROSCOPE 0.4090271 0.18499756 1.3770294

1492573527113 MAGNETIC_FIELD -16.053772 -10.231018 -41.285706

1492573527286 GRAVITY -1.4866048 3.9602668 8.847411

1492573527288 LINEAR_ACCELERATION 0.5221753 -1.0755107 -4.246502

1492573527290 ROTATION_VECTOR 0.21486072 -0.052368503 -0.5491917

1492573527316 ACCELEROMETER -0.90397644 2.9568176 5.218796

1492573527322 GYROSCOPE 0.39076233 0.25209045 1.6170807

1492573527325 MAGNETIC_FIELD -18.812561 -10.429382 -41.900635

1492573527498 GRAVITY -0.4375733 4.9488063 8.455071

1492573527504 LINEAR_ACCELERATION -0.76143587 -1.2756109 5.242881

1492573527507 ROTATION_VECTOR 0.24752736 -0.08741591 -0.40021035

1492573527511 ACCELEROMETER -1.5360718 4.396515 8.590347

1492573527513 GYROSCOPE 0.091171265 1.0717163 1.3046875

1492573527515 MAGNETIC_FIELD -16.300964 -7.5180054 -44.03076

1492573527684 GRAVITY -1.5868076 4.419769 8.609185

1492573527687 LINEAR_ACCELERATION 2.5190625 -1.6023641 -1.2750521

1492573527691 ROTATION_VECTOR 0.24669817 0.013918472 -0.27553722

1492573527696 ACCELEROMETER 0.0018615723 2.575409 8.520172

1492573527700 GYROSCOPE -1.1962891 0.48901367 0.69451904

1492573527702 MAGNETIC_FIELD -10.345459 2.1392822 -47.872925

1492573527896 GRAVITY -0.8635734 2.4192765 9.464234

1492573527903 LINEAR_ACCELERATION 1.0681455 -1.3964489 -0.18892956

1492573527905 ROTATION_VECTOR 0.13101666 0.017116908 -0.20948783

1492573527908 ACCELEROMETER 1.124466 1.6496124 10.3446045

1492573527911 GYROSCOPE -0.22776794 -0.8051605 -0.26602173

1492573527914 MAGNETIC_FIELD -15.1397705 7.7194214 -48.075867

1492573528097 GRAVITY 0.015491016 2.5320086 9.474127

1492573528113 LINEAR_ACCELERATION -0.7666768 -2.182863 10.078304

1492573528115 ROTATION_VECTOR 0.12306645 -0.042527862 -0.31809646

1492573528119 ACCELEROMETER 0.32118225 3.5855713 11.892059

1492573528122 GYROSCOPE 0.28738403 -0.40792847 -0.9473877

1492573528124 MAGNETIC_FIELD -19.694519 -0.3753662 -46.098328

1492573528282 ACCELEROMETER -1.299881 3.1159363 4.8701324

1492573528286 GRAVITY 0.45726624 3.0315232 9.315104

1492573528290 LINEAR_ACCELERATION -1.5238286 -0.15698409 -6.1455727

1492573528293 ROTATION_VECTOR 0.1338093 -0.08459878 -0.39727023

1492573528366 GYROSCOPE 0.8365936 -0.10762024 0.14030457

1492573528378 MAGNETIC_FIELD -21.911621 -1.6464233 -44.815063

1492573528477 ACCELEROMETER -1.5441589 4.864273 11.226257

1492573528485 GRAVITY -0.12493747 4.921866 8.481156

1492573528488 LINEAR_ACCELERATION -1.1919805 3.0426455 3.5832205

1492573528492 ROTATION_VECTOR 0.24324702 -0.09171839 -0.3634995

1492573528563 GYROSCOPE 0.2803955 1.3901215 0.7431183

1492573528566 MAGNETIC_FIELD -12.207031 -7.495117 -45.994568

1492573528680 ACCELEROMETER 0.7713928 0.5953369 6.010376

1492573528687 GRAVITY -1.3445883 4.5184817 8.5991745

1492573528689 LINEAR_ACCELERATION 3.6670856 -2.2787352 -5.8895607

1492573528692 ROTATION_VECTOR 0.24805643 0.0056708353 -0.25500312

1492573528763 GYROSCOPE -1.308548 0.1214447 0.45414734

1492573528767 MAGNETIC_FIELD -9.950256 2.772522 -47.781372

1492573528873 ACCELEROMETER 1.1150208 3.2284546 10.647079

1492573528884 GRAVITY -0.7670388 2.6918807 9.398714

1492573528886 LINEAR_ACCELERATION 0.61817396 -2.4249423 6.4527054

1492573528889 ROTATION_VECTOR 0.14405344 0.006897848 -0.22534484

1492573528956 GYROSCOPE 0.06719971 -0.1348877 -0.7676239

1492573528961 MAGNETIC_FIELD -13.748169 6.755066 -48.457336

1492573529070 ACCELEROMETER -0.64053345 3.1956024 9.274887

1492573529087 GRAVITY -0.90574604 2.7839048 9.359481

1492573529092 LINEAR_ACCELERATION -0.3093043 0.23245502 1.5846939

1492573529094 ROTATION_VECTOR 0.15099408 -2.6525283E-4 -0.30749154

1492573529155 GYROSCOPE 0.49705505 0.11505127 -0.48313904

1492573529161 MAGNETIC_FIELD -14.237976 -0.09460449 -47.37549

1492573529264 ACCELEROMETER -2.532257 2.8773346 6.529297

1492573529289 GRAVITY -1.7042745 3.5317805 8.988457

1492573529294 LINEAR_ACCELERATION 0.59603167 -1.2224679 -5.933508

1492573529296 ROTATION_VECTOR 0.20347714 0.017699879 -0.34743494

1492573529352 GYROSCOPE 0.49658203 0.61428833 0.5762024

1492573529356 MAGNETIC_FIELD -7.774353 -5.3390503 -48.008728

1492573529455 ACCELEROMETER -1.8985443 3.8650208 9.999008

1492573529488 GRAVITY -2.218073 4.6016684 8.371093

1492573529495 LINEAR_ACCELERATION -1.2857189 1.5013666 3.1396618

1492573529498 ROTATION_VECTOR 0.2674957 0.04048608 -0.28352845

1492573529542 GYROSCOPE -0.54833984 0.31466675 0.4932251

1492573529547 MAGNETIC_FIELD -3.9886475 -3.942871 -47.85309

1492573529652 ACCELEROMETER -0.127182 0.5852356 6.1362305

1492573529687 GRAVITY -2.221574 3.6978037 8.806886

1492573529694 LINEAR_ACCELERATION 1.5080342 -2.949543 -1.8852301

1492573529696 ROTATION_VECTOR 0.21588746 0.066078655 -0.23531961

1492573529737 GYROSCOPE -0.9016876 -0.56889343 -0.021972656

1492573529744 MAGNETIC_FIELD -5.8761597 5.934143 -48.43445

1492573529852 ACCELEROMETER -0.19017029 2.1030273 15.0746

1492573529889 GRAVITY -1.011373 2.025961 9.541645

1492573529893 LINEAR_ACCELERATION 1.4382598 0.86148286 1.4670134

1492573529896 ROTATION_VECTOR 0.113604285 0.024608053 -0.24543455

1492573529935 GYROSCOPE 0.4033203 -0.38957214 -1.1554871

1492573529940 MAGNETIC_FIELD -13.531494 5.2200317 -47.322083

1492573530045 ACCELEROMETER -1.0289459 3.042923 5.543915

1492573530089 GRAVITY -0.7353103 2.5804224 9.43245

1492573530094 LINEAR_ACCELERATION 0.3784901 0.7827668 -1.7208786

1492573530096 ROTATION_VECTOR 0.13741073 -0.014041252 -0.36684147

1492573530132 GYROSCOPE 0.26463318 0.037261963 -0.40390015

1492573530137 MAGNETIC_FIELD -12.149048 -0.64086914 -48.101807

1492573530240 ACCELEROMETER -3.6225128 4.593979 9.702866

1492573530291 GRAVITY -1.0561944 3.0594153 9.25715

1492573530295 LINEAR_ACCELERATION -1.168527 0.043978453 -3.5401573

1492573530298 ROTATION_VECTOR 0.16663048 -0.015843406 -0.40849048

1492573530326 GYROSCOPE 0.65496826 0.41596985 1.0902405

1492573530331 MAGNETIC_FIELD -10.076904 -6.059265 -47.105408

1492573530488 GRAVITY -1.0917951 4.337551 8.7272005

1492573530494 LINEAR_ACCELERATION -2.5477772 -0.093220234 8.538708

1492573530496 ROTATION_VECTOR 0.23347506 -0.022935329 -0.32830614

1492573530523 ACCELEROMETER 0.2977295 2.7221985 7.1288757

1492573530527 GYROSCOPE -0.8739929 0.524292 0.5145416

1492573530529 MAGNETIC_FIELD -5.696106 -3.4698486 -47.886658

1492573530688 GRAVITY -1.4491576 3.223429 9.147669

1492573530715 LINEAR_ACCELERATION 2.0508513 -2.750479 -6.094513

1492573530718 ROTATION_VECTOR 0.18084803 0.029878285 -0.25154984

1492573530721 ACCELEROMETER -0.22013855 0.863266 8.984619

1492573530723 GYROSCOPE -0.89201355 -0.6457062 -0.9890137

1492573530725 MAGNETIC_FIELD -7.2799683 4.7286987 -47.93091

1492573530881 GRAVITY -0.5561097 1.8151722 9.621138

1492573530881 LINEAR_ACCELERATION 3.5369616 5.576151 -4.5612926

1492573530883 ROTATION_VECTOR 0.09725137 -8.3872373E-4 -0.29973558

1492573530906 ACCELEROMETER -1.9535675 1.3104553 12.750412

1492573530907 GYROSCOPE 0.76008606 0.121032715 -0.80033875

1492573530907 MAGNETIC_FIELD -12.104797 4.3914795 -48.85254

1492573531084 GRAVITY -0.917746 1.9260114 9.571761

1492573531084 LINEAR_ACCELERATION -0.6992222 1.5820789 -0.2034893

1492573531085 ROTATION_VECTOR 0.10943496 -1.0391104E-6 -0.42758688

1492573531101 ACCELEROMETER -2.0075989 2.7521057 5.2065125

1492573531225 GYROSCOPE 1.0157623 0.38711548 0.36094666

1492573531231 MAGNETIC_FIELD -7.6156616 -6.689453 -47.148132

1492573531295 ROTATION_VECTOR 0.20263508 -0.012763182 -0.42944488

1492573531303 GRAVITY -1.4864789 3.6048179 8.998114

1492573531305 LINEAR_ACCELERATION -2.0497303 -0.51895785 -0.62105274

1492573531308 ACCELEROMETER -2.7542572 4.9935455 9.938324

1492573531406 GYROSCOPE -0.17689514 0.535614 0.6362457

1492573531412 MAGNETIC_FIELD -6.6116333 -10.690308 -46.913147

1492573531481 GRAVITY -1.8910968 4.110955 8.700241

1492573531483 LINEAR_ACCELERATION -0.5310677 -1.3398466 3.3628063

1492573531484 ROTATION_VECTOR 0.23727731 0.010519467 -0.3664731

1492573531490 ACCELEROMETER 1.2447968 1.4151306 4.5951996

1492573531602 GYROSCOPE -1.2224426 -0.627594 -0.007751465

1492573531603 MAGNETIC_FIELD -6.427002 2.0523071 -48.316956

1492573531689 GRAVITY -1.0986603 2.124787 9.5104475

1492573531694 LINEAR_ACCELERATION 2.7931972 -1.0262341 -4.5783815

1492573531696 ROTATION_VECTOR 0.12182944 0.016115723 -0.33627895

1492573531699 ACCELEROMETER 1.3302307 1.8000946 12.375687

1492573531805 GYROSCOPE -0.27183533 -0.7388916 -1.1156464

1492573531811 MAGNETIC_FIELD -16.044617 4.3182373 -47.239685

1492573531890 GRAVITY 0.4808516 1.1649064 9.725336

1492573531894 LINEAR_ACCELERATION 3.0361521 2.2242188 4.2949133

1492573531896 ACCELEROMETER 0.5696869 1.7021332 12.011658

1492573531899 ROTATION_VECTOR 0.079918906 -0.04865829 -0.57305354

1492573532001 GYROSCOPE 0.46713257 0.28729248 -1.7742157

1492573532006 MAGNETIC_FIELD -15.188599 -3.6437988 -45.75348

1492573532078 ACCELEROMETER -1.2031097 2.3843536 5.8002777

1492573532086 GRAVITY -1.002655 1.8936201 9.569706

1492573532090 LINEAR_ACCELERATION -0.8863201 0.026209354 -2.4430218

1492573532093 ROTATION_VECTOR 0.1059037 -0.02941421 -0.68321675

1492573532193 GYROSCOPE 0.20500183 -0.20480347 -1.2751007

1492573532197 MAGNETIC_FIELD -10.542297 -8.36792 -45.440674

1492573532276 ACCELEROMETER -0.022613525 1.164093 11.709442

1492573532285 GRAVITY -0.23489791 1.8872328 9.620476

1492573532287 LINEAR_ACCELERATION 0.89439553 -1.086651 2.9361591

1492573532293 ROTATION_VECTOR 0.06891923 -0.06886487 -0.7850347

1492573532392 GYROSCOPE -0.5699005 -0.5676727 -1.3728943

1492573532396 MAGNETIC_FIELD -13.769531 -13.386536 -44.30542

1492573532466 ACCELEROMETER -0.04374695 -0.64178467 6.264923

1492573532482 GRAVITY 0.7327074 0.33304587 9.773567

1492573532483 LINEAR_ACCELERATION -0.4265576 -1.4108891 -5.111679

1492573532484 ROTATION_VECTOR -0.023049962 -0.033992376 -0.8526911

1492573532577 GYROSCOPE -0.6631012 -1.0507202 -1.0487823

1492573532582 MAGNETIC_FIELD -15.415955 -7.368469 -44.56024

1492573532669 ACCELEROMETER 4.75943 -1.5351563 12.282791

1492573532683 GRAVITY 2.7202718 0.48653692 9.40924

1492573532689 LINEAR_ACCELERATION 3.8817494 -1.198577 1.9170818

1492573532691 ROTATION_VECTOR -0.12071331 -0.075436026 -0.91863555

1492573532782 GYROSCOPE -0.107055664 -0.19706726 -2.1272278

1492573532787 MAGNETIC_FIELD -18.954468 -11.61499 -42.008972

1492573532871 ACCELEROMETER 3.6011353 1.2133179 13.497345

1492573532890 GRAVITY 1.8376737 1.2192861 9.555453

1492573532896 LINEAR_ACCELERATION 1.0031323 1.4267081 1.1549301

1492573532899 ROTATION_VECTOR -0.08460085 -0.07516768 -0.9837682

1492573532981 GYROSCOPE 0.4267578 0.28904724 -1.9531708

1492573532987 MAGNETIC_FIELD -8.641052 -19.221497 -42.562866

1492573533065 ACCELEROMETER 0.15499878 1.7485046 7.6385193

1492573533091 GRAVITY 0.9731686 2.1995742 9.507113

1492573533098 LINEAR_ACCELERATION 0.6487878 0.42679858 -7.4267254

1492573533101 ROTATION_VECTOR 0.0544916 0.11091796 0.9915368

1492573533175 GYROSCOPE 0.3955841 0.13342285 -1.3610992

1492573533184 MAGNETIC_FIELD 0.91400146 -23.049927 -40.9256

1492573533293 GRAVITY 0.37476793 4.11927 8.891656

1492573533299 LINEAR_ACCELERATION -1.2828872 -2.8019247 7.9000406

1492573533302 ROTATION_VECTOR 0.048938725 0.21037278 0.96713537

1492573533373 ACCELEROMETER -0.3657074 2.053833 12.8819275

1492573533379 GYROSCOPE 1.0457153 -0.25335693 -0.43644714

1492573533381 MAGNETIC_FIELD 4.837036 -32.47986 -32.810974

1492573533491 GRAVITY -0.13427855 4.089214 8.91239

1492573533497 LINEAR_ACCELERATION 1.0208073 -3.803339 -5.7699366

1492573533500 ROTATION_VECTOR 0.02583197 0.21196063 0.9653603

1492573533567 ACCELEROMETER 1.1630707 1.2189026 3.6712952

1492573533575 GYROSCOPE -0.9239197 0.24795532 -1.1914673

1492573533579 MAGNETIC_FIELD 10.0997925 -27.487183 -36.210632

1492573533693 GRAVITY 0.13895269 2.17902 9.56049

1492573533699 LINEAR_ACCELERATION 1.3644575 2.5717916 0.5155058

1492573533702 ROTATION_VECTOR 0.050336614 0.10008469 0.9143646

1492573533764 ACCELEROMETER -0.016799927 0.8734436 12.650665

1492573533770 GYROSCOPE -0.6715393 -0.97447205 -2.3066711

1492573533773 MAGNETIC_FIELD 13.1073 -16.14685 -41.645813

1492573533893 GRAVITY 0.111696616 1.6511108 9.66601

1492573533899 LINEAR_ACCELERATION 1.7084174 1.5742242 -0.4479208

1492573533902 ROTATION_VECTOR 0.051575214 0.06716146 0.82943296

1492573533956 ACCELEROMETER -0.02418518 2.1860962 9.473389

1492573533965 GYROSCOPE 0.35473633 -0.0031280518 -1.1854553

1492573533967 MAGNETIC_FIELD 18.19458 -12.770081 -41.163635

1492573534091 GRAVITY -0.47212303 3.0924242 9.29432

1492573534094 LINEAR_ACCELERATION -1.9163182 -0.7871418 0.9139023

1492573534097 ROTATION_VECTOR 0.07859154 0.14122641 0.7800199

1492573534155 ACCELEROMETER -1.6935425 3.047104 8.845428

1492573534161 GYROSCOPE 1.2109833 0.6078949 -0.029174805

1492573534163 MAGNETIC_FIELD 21.382141 -19.073486 -35.365295

1492573534293 GRAVITY -1.1949625 4.8381352 8.445999

1492573534299 LINEAR_ACCELERATION -1.861009 -1.5537605 0.42129135

1492573534302 ROTATION_VECTOR 0.09468263 0.24578263 0.7907886

1492573534347 ACCELEROMETER -1.3066864 3.072281 8.461746

1492573534356 GYROSCOPE -0.1715393 -0.33895874 0.79904175

1492573534359 MAGNETIC_FIELD 17.687988 -27.386475 -32.226563

1492573534482 GRAVITY 0.36822924 3.5086687 9.1500845

1492573534503 LINEAR_ACCELERATION -0.13175553 -4.026662 -4.2618847

1492573534505 ROTATION_VECTOR 0.10616841 0.14900947 0.8558456

1492573534532 ACCELEROMETER 1.4903717 0.5684662 4.354233

1492573534536 GYROSCOPE -1.2746735 -0.4282837 0.3668213

1492573534538 MAGNETIC_FIELD 11.038208 -17.23175 -41.662598

1492573534684 GRAVITY 1.7933366 0.8815709 9.600894

1492573534684 LINEAR_ACCELERATION 1.4649669 3.8406613 1.7270555

1492573534685 ROTATION_VECTOR 0.10187673 -0.010572691 0.8426412

1492573534733 ACCELEROMETER 2.350006 1.8259888 14.550491

1492573534818 GYROSCOPE -0.42112732 -0.62745667 -0.84776306

1492573534819 MAGNETIC_FIELD 5.1071167 -9.770203 -45.599365

1492573534887 GRAVITY 1.7890106 1.6177229 9.505409

1492573534888 LINEAR_ACCELERATION 0.60137165 1.5050792 1.9791603

1492573534894 ROTATION_VECTOR 0.123372056 0.01176256 0.79584914

1492573534932 ACCELEROMETER 1.7298584 3.281601 7.884018

1492573535018 GYROSCOPE 1.0988464 0.8255615 -0.7576294

1492573535026 MAGNETIC_FIELD 13.020325 -14.950562 -41.91742

1492573535094 GRAVITY 0.09320584 4.141166 8.888894

1492573535100 LINEAR_ACCELERATION -0.9587325 -1.5758209 -1.4144726

1492573535103 ROTATION_VECTOR 0.13648964 0.16781867 0.7711055

1492573535128 ACCELEROMETER -1.0707703 3.961258 8.695831

1492573535216 GYROSCOPE 0.9784851 0.52490234 0.29438782

1492573535223 MAGNETIC_FIELD 17.315674 -26.86615 -34.223938

1492573535294 GRAVITY -0.76107717 4.9794397 8.414055

1492573535300 LINEAR_ACCELERATION -1.4460714 -0.75081587 2.8866777

1492573535303 ROTATION_VECTOR 0.11135663 0.24207908 0.80473316

1492573535323 ACCELEROMETER -0.51678467 3.8105469 7.08873

1492573535411 GYROSCOPE -0.7327881 0.4903412 0.50601196

1492573535417 MAGNETIC_FIELD 21.052551 -25.842285 -32.661438

1492573535487 GRAVITY -0.5364508 3.799486 9.024773

1492573535493 LINEAR_ACCELERATION -0.0737136 -3.153531 -1.5621367

1492573535495 ROTATION_VECTOR 0.073509835 0.18563668 0.85165423

1492573535519 ACCELEROMETER 0.7444153 2.3921509 7.2102356

1492573535604 GYROSCOPE 0.08024597 -0.2532959 0.30526733

1492573535613 MAGNETIC_FIELD 16.911316 -25.55542 -34.829712

1492573535694 GRAVITY -0.19178687 3.909189 8.991765

1492573535702 LINEAR_ACCELERATION 1.3951697 3.6443727 2.4831944

1492573535707 ROTATION_VECTOR 0.09399007 0.18086854 0.84554684

1492573535710 ACCELEROMETER -0.86094666 4.7169952 11.832321

1492573535802 GYROSCOPE -0.12609863 0.18031311 -0.4772339

1492573535808 MAGNETIC_FIELD 19.099426 -24.867249 -34.321594

1492573535891 GRAVITY -0.82860005 3.830586 8.989461

1492573535902 LINEAR_ACCELERATION -0.2627781 0.6101475 -2.6719446

1492573535904 ROTATION_VECTOR 0.06755621 0.19261667 0.8343945

1492573535907 ACCELEROMETER -0.760025 3.9194794 5.034561

1492573535995 GYROSCOPE 0.44117737 0.3566742 0.1685791

1492573536004 MAGNETIC_FIELD 21.64917 -25.045776 -32.45392

1492573536094 GRAVITY -1.3138666 4.7964215 8.452128

1492573536102 LINEAR_ACCELERATION -2.675055 -0.5298953 2.0448198

1492573536104 ROTATION_VECTOR 0.06564911 0.2544633 0.8373873

1492573536107 ACCELEROMETER -3.4122925 6.6495514 10.6488495

1492573536193 GYROSCOPE 0.11619568 0.5776825 0.42910767

1492573536199 MAGNETIC_FIELD 22.669983 -30.197144 -27.862549

1492573536296 ROTATION_VECTOR 0.024374388 0.2815497 0.8617883

1492573536302 ACCELEROMETER -1.2341919 2.836853 5.9426575

1492573536305 GRAVITY -1.9142374 4.9602838 8.240247

1492573536307 LINEAR_ACCELERATION -1.2924433 -0.5926285 0.14289379

1492573536385 GYROSCOPE -0.6308899 0.002532959 0.56044006

1492573536394 MAGNETIC_FIELD 21.255493 -29.727173 -28.555298

1492573536491 GRAVITY -1.3287666 4.084437 8.816016

1492573536497 LINEAR_ACCELERATION 1.5228516 -2.2279723 -3.6176434

1492573536500 ROTATION_VECTOR 0.01902734 0.22393355 0.8977681

1492573536502 ACCELEROMETER 0.15966797 3.79187 7.9269257

1492573536572 GYROSCOPE -0.39361572 -0.5448303 -0.5627899

1492573536574 MAGNETIC_FIELD 18.122864 -26.289368 -34.461975

1492573536679 ACCELEROMETER -0.8753967 5.309143 10.862076

1492573536681 GRAVITY -0.7210797 3.2514517 9.223801

1492573536682 LINEAR_ACCELERATION -1.3061078 0.2200737 10.445326

1492573536683 ROTATION_VECTOR 0.040408235 0.16758354 0.8848802

1492573536765 GYROSCOPE -0.067230225 0.36495972 -0.59091187

1492573536767 MAGNETIC_FIELD 22.624207 -22.409058 -35.17151

1492573536887 GRAVITY -1.687015 3.154838 9.130793

1492573536895 LINEAR_ACCELERATION -0.48704183 0.8256924 -2.3191452

1492573536897 ROTATION_VECTOR 0.006817121 0.18550658 0.84891003

1492573536967 ACCELEROMETER -1.4152374 3.165451 5.21817

1492573536973 GYROSCOPE 1.3361359 0.07304382 0.95370483

1492573536976 MAGNETIC_FIELD 22.184753 -27.957153 -31.214905

1492573537095 GRAVITY -1.24305 5.301814 8.155733

1492573537114 LINEAR_ACCELERATION -2.198948 -3.4496303 6.5355616

1492573537116 ROTATION_VECTOR 0.062161595 0.2833889 0.863281

1492573537158 ACCELEROMETER -2.637497 7.5272217 10.172668

1492573537164 GYROSCOPE -0.6374359 0.29182434 0.011871338

1492573537166 MAGNETIC_FIELD 21.507263 -33.763123 -23.718262

1492573537285 GRAVITY -1.5910236 5.233555 8.139344

1492573537292 LINEAR_ACCELERATION 1.4961766 -0.6892624 -3.3573265

1492573537295 ROTATION_VECTOR 0.035323627 0.2894152 0.87474656

1492573537355 ACCELEROMETER 0.9329376 1.4867554 4.2736664

1492573537362 GYROSCOPE -1.0514984 -0.7896576 -0.37638855

1492573537366 MAGNETIC_FIELD 22.117615 -25.782776 -33.155823

1492573537494 GRAVITY -0.4984627 3.3313441 9.209998

1492573537507 LINEAR_ACCELERATION 3.1947074 -2.2034733 -4.4037323

1492573537510 ROTATION_VECTOR 0.05501318 0.16551232 0.87816113

1492573537544 ACCELEROMETER 2.2193298 1.54953 4.465027

1492573537655 GYROSCOPE -0.37548828 -2.384674 -0.2900238

1492573537656 MAGNETIC_FIELD 10.211182 -18.765259 -41.871643

1492573537681 GRAVITY 2.9822252 2.2580173 9.065212

1492573537682 LINEAR_ACCELERATION -1.4777038 -0.6231539 -2.5326633

1492573537683 ROTATION_VECTOR 0.19337936 0.020179788 0.83927095

1492573537742 ACCELEROMETER 4.6637726 3.1231384 5.391327

1492573537852 GYROSCOPE 0.87475586 -4.0504 -0.51434326

1492573537863 MAGNETIC_FIELD -23.010254 -26.365662 -31.336975

1492573537885 GRAVITY 8.29761 3.8594062 3.5249166

1492573537889 LINEAR_ACCELERATION 3.1940293 -0.3692379 10.269924

1492573537892 ROTATION_VECTOR 0.5594895 -0.08515172 0.6867197

1492573537938 ACCELEROMETER 14.36084 2.4620361 8.911942

1492573538049 GYROSCOPE -0.68984985 0.81799316 -0.94680786

1492573538051 MAGNETIC_FIELD -19.081116 -31.111145 -31.533813

1492573538084 GRAVITY 7.050653 4.784442 4.854667

1492573538087 LINEAR_ACCELERATION 6.8539705 -0.53766155 6.7809277

1492573538091 ROTATION_VECTOR 0.5017228 -0.027478278 0.68780637

1492573538131 ACCELEROMETER 14.830261 8.771637 12.103241

1492573538242 GYROSCOPE 1.6488953 -2.900406 0.79634094

1492573538243 MAGNETIC_FIELD -24.073792 -34.098816 -21.855164

1492573538281 GRAVITY 8.128835 5.348236 1.2201678

1492573538309 LINEAR_ACCELERATION 11.480507 -0.064017296 18.230831

1492573538321 ROTATION_VECTOR 0.66074884 -0.034637272 0.6039574

1492573538331 ACCELEROMETER 5.759735 1.430954 1.7071075

1492573538437 GYROSCOPE -3.2479248 1.5613098 1.4311523

1492573538442 MAGNETIC_FIELD -35.77423 -18.174744 -27.490234

1492573538481 GRAVITY 9.2022705 2.6563928 2.1052737

1492573538482 LINEAR_ACCELERATION -8.569463 0.66986036 11.320579

1492573538484 ROTATION_VECTOR 0.57818764 -0.24157806 0.60754246

1492573538524 ACCELEROMETER 7.5241394 7.0898895 5.9805603

1492573538635 GYROSCOPE 0.26176453 0.8796692 0.43582153

1492573538637 MAGNETIC_FIELD -25.41504 -10.075378 -42.10663

1492573538682 GRAVITY 7.9912763 1.8360373 5.3794856

1492573538686 LINEAR_ACCELERATION -2.4510174 3.983983 -0.25911903

1492573538690 ROTATION_VECTOR 0.40380052 -0.25033522 0.62506294

1492573538719 ACCELEROMETER 8.409454 -1.3855896 2.7820892

1492573538832 GYROSCOPE 0.53440857 1.0929108 2.059906

1492573538836 MAGNETIC_FIELD -26.731873 -7.86438 -41.722107

1492573538882 GRAVITY 7.692076 -0.16991174 6.080582

1492573538887 LINEAR_ACCELERATION 1.7781839 -6.048169 -5.185315

1492573538891 ROTATION_VECTOR 0.3635275 -0.24046694 0.76142985

1492573538915 ACCELEROMETER 11.072983 -3.0973053 5.172043

1492573539026 GYROSCOPE 0.123672485 1.3084717 0.9249878

1492573539029 MAGNETIC_FIELD -18.104553 -4.35791 -47.72644

1492573539082 GRAVITY 5.922261 -1.8895123 7.5846524

1492573539087 LINEAR_ACCELERATION 9.238684 1.3982074 1.6389666

1492573539091 ROTATION_VECTOR 0.24205013 -0.23388478 0.8440208

1492573539113 ACCELEROMETER 4.170685 -2.2486725 9.174057

1492573539223 GYROSCOPE 0.1504364 1.1305847 0.35845947

1492573539226 MAGNETIC_FIELD -7.218933 -3.8406372 -48.67401

1492573539282 GRAVITY 3.4644678 -2.2764084 8.887396

1492573539287 LINEAR_ACCELERATION 1.7570581 1.0547624 -0.06348896

1492573539291 ROTATION_VECTOR 0.11653118 -0.1824538 0.89100295

1492573539306 ACCELEROMETER 3.2778778 -1.9838257 9.275299

1492573539416 GYROSCOPE 0.12547302 0.4338684 0.031539917

1492573539421 MAGNETIC_FIELD -0.66833496 -5.4260254 -49.822998

1492573539481 GRAVITY 2.2233894 -2.0883782 9.320172

1492573539481 LINEAR_ACCELERATION 0.7775433 0.052155256 -0.1721201

1492573539483 ROTATION_VECTOR 0.06011939 -0.14556493 0.89965665

1492573539499 ACCELEROMETER 2.3335571 -1.9481354 9.262695

1492573539609 GYROSCOPE 0.09030151 -0.115753174 -0.07609558

1492573539609 MAGNETIC_FIELD 0.87890625 -5.7159424 -47.572327

