1492573458207 MAGNETIC_FIELD -31.648254 0.030517578 -47.9599

1492573458312 ACCELEROMETER 0.95578 1.5336914 8.9760895

1492573458337 GYROSCOPE -0.078826904 0.3355255 0.21899414

1492573458402 MAGNETIC_FIELD -28.57666 2.2323608 -48.794556

1492573458411 GRAVITY 0.69947535 1.4693536 9.670684

1492573458412 LINEAR_ACCELERATION -0.010628104 -0.5920305 0.9226408

1492573458413 ROTATION_VECTOR 0.039020184 -0.07355127 -0.5941106

1492573458508 ACCELEROMETER 1.7571869 2.2278748 9.818634

1492573458532 GYROSCOPE -0.10406494 -0.42855835 0.24116516

1492573458597 MAGNETIC_FIELD -31.994629 3.6987305 -47.37091

1492573458611 GRAVITY 1.2524656 1.645427 9.586151

1492573458612 LINEAR_ACCELERATION -0.09550691 0.4979577 -0.19157887

1492573458613 ROTATION_VECTOR 0.03891155 -0.098631784 -0.5149948

1492573458753 ACCELEROMETER 1.3428955 2.4632874 8.937988

1492573458754 GYROSCOPE 0.22885132 0.047683716 0.34490967

1492573458811 GRAVITY 1.8939683 1.8105251 9.450147

1492573458811 LINEAR_ACCELERATION -0.5025296 0.67578304 -0.4916315

1492573458813 ROTATION_VECTOR 0.034834158 -0.13024287 -0.47638565

1492573458863 ACCELEROMETER 1.0312042 2.4897308 9.324829

1492573458864 MAGNETIC_FIELD -31.43158 4.232788 -48.1308

1492573458949 GYROSCOPE 0.30776978 0.1898346 0.49554443

1492573459011 GRAVITY 1.3490909 2.5850813 9.363103

1492573459011 LINEAR_ACCELERATION -0.91577184 0.016326666 0.93546104

1492573459013 ROTATION_VECTOR 0.091873094 -0.11905441 -0.414432

1492573459059 MAGNETIC_FIELD -30.23529 2.558899 -49.74823

1492573459144 ACCELEROMETER 0.36817932 1.3922882 10.022629

1492573459145 GYROSCOPE 0.06794739 0.3945465 0.6007385

1492573459211 GRAVITY 0.90218765 2.2551095 9.5011015

1492573459211 LINEAR_ACCELERATION -0.18151242 -0.38081956 -1.9044847

1492573459213 ROTATION_VECTOR 0.08890528 -0.08760426 -0.38405627

1492573459254 MAGNETIC_FIELD -28.234863 4.51355 -50.54016

1492573459339 ACCELEROMETER 1.0827942 2.4575043 7.75235

1492573459340 GYROSCOPE -0.38079834 -0.011795044 0.06777954

1492573459411 GRAVITY 1.0184326 1.729905 9.59899

1492573459411 LINEAR_ACCELERATION 0.10071367 0.5358285 0.7975397

1492573459413 ROTATION_VECTOR 0.06341854 -0.08102965 -0.36398956

1492573459449 MAGNETIC_FIELD -27.153015 9.115601 -50.364685

1492573459534 ACCELEROMETER 1.897644 1.7696381 11.556412

1492573459535 GYROSCOPE 0.052978516 -0.27622986 -0.51283264

1492573459611 GRAVITY 1.3091466 1.6494625 9.577881

1492573459612 LINEAR_ACCELERATION 1.2936788 -1.2161005 1.578084

1492573459613 ROTATION_VECTOR 0.04945208 -0.09601299 -0.40927553

1492573459645 MAGNETIC_FIELD -27.662659 5.8547974 -51.07422

1492573459730 ACCELEROMETER 1.4120636 1.3327942 8.19722

1492573459811 GRAVITY 0.7401956 2.104933 9.5494375

1492573459811 LINEAR_ACCELERATION -0.49636036 -0.2663412 -1.7951479

1492573459813 ROTATION_VECTOR 0.07956654 -0.08236119 -0.4450401

1492573459840 GYROSCOPE 0.079559326 0.32304382 -0.42407227

1492573459841 MAGNETIC_FIELD -26.14746 3.804016 -51.75934

1492573459925 ACCELEROMETER 0.9709625 3.0511932 8.780502

1492573460011 GRAVITY 0.8521807 2.6916857 9.391433

1492573460011 LINEAR_ACCELERATION -0.13346314 1.0072618 0.6878395

1492573460013 ROTATION_VECTOR 0.105450846 -0.100251324 -0.4334639

1492573460036 GYROSCOPE 0.289917 -0.06436157 0.16255188

1492573460036 MAGNETIC_FIELD -26.333618 1.0040283 -50.990295

1492573460121 ACCELEROMETER 1.2199707 3.0999603 11.082565

1492573460211 GRAVITY 0.87144417 3.0473301 9.280342

1492573460211 LINEAR_ACCELERATION -1.4787178 -2.104195 2.9964628

1492573460213 ROTATION_VECTOR 0.12416476 -0.106852 -0.4130864

1492573460231 GYROSCOPE 0.36402893 0.07484436 0.33380127

1492573460231 MAGNETIC_FIELD -26.382446 -1.3366699 -50.546265

1492573460316 ACCELEROMETER 0.25254822 2.2511597 7.4947815

1492573460411 GRAVITY 0.9474832 3.4090264 9.146103

1492573460411 LINEAR_ACCELERATION -0.658096 -0.94621205 -1.5442753

1492573460413 ROTATION_VECTOR 0.14043695 -0.11813547 -0.40824538

1492573460426 GYROSCOPE 0.04525757 -0.042556763 0.032424927

1492573460427 MAGNETIC_FIELD -26.786804 -2.836609 -50.567627

1492573460511 ACCELEROMETER 0.72917175 2.7525024 8.107727

1492573460611 GRAVITY 1.3584415 3.0598395 9.217505

1492573460611 LINEAR_ACCELERATION 0.11862087 0.45613885 0.073020935

1492573460613 ROTATION_VECTOR 0.11222247 -0.13207626 -0.42720318

1492573460622 GYROSCOPE -0.24850464 -0.39683533 -0.18269348

1492573460622 MAGNETIC_FIELD -29.568481 0.35858154 -48.454285

1492573460706 ACCELEROMETER 1.7389984 2.7743378 10.642853

1492573460816 GRAVITY 1.0111198 1.8935906 9.568821

1492573460826 LINEAR_ACCELERATION -0.12649119 -1.3645084 5.2072716

1492573460827 ROTATION_VECTOR 0.05915587 -0.09287888 -0.48800147

1492573460828 GYROSCOPE -0.53897095 0.23371887 -0.53500366

1492573460828 MAGNETIC_FIELD -26.429749 0.37078857 -48.823547

1492573460904 ACCELEROMETER 1.1412506 2.0359497 8.377258

1492573461014 GRAVITY 0.40378314 2.3474774 9.512975

1492573461015 LINEAR_ACCELERATION -0.016799867 -0.19512606 -2.1111517

1492573461016 GYROSCOPE 0.17276001 0.32720947 -0.42752075

1492573461017 ROTATION_VECTOR 0.09173903 -0.0809766 -0.5211477

1492573461017 MAGNETIC_FIELD -23.751831 -2.7114868 -50.40741

1492573461104 ACCELEROMETER 0.2551422 3.2396545 8.993454

1492573461216 GYROSCOPE 0.46047974 0.04878235 0.20516968

1492573461221 GRAVITY 0.02246923 2.8831406 9.373227

1492573461223 LINEAR_ACCELERATION 0.029141622 0.90718937 -0.16027927

1492573461225 ROTATION_VECTOR 0.12579447 -0.079209745 -0.52038354

1492573461301 ACCELEROMETER -0.05532837 3.1884155 9.219757

1492573461305 MAGNETIC_FIELD -24.20044 -5.11322 -50.86975

1492573461412 GYROSCOPE -0.18795776 0.19088745 0.37789917

1492573461418 GRAVITY 0.0017533909 2.7029057 9.426806

1492573461421 LINEAR_ACCELERATION -1.6314254 -2.0201378 5.9509706

1492573461423 ROTATION_VECTOR 0.120319195 -0.069927946 -0.49704078

1492573461494 ACCELEROMETER 0.43717957 2.0302887 8.162399

1492573461499 MAGNETIC_FIELD -23.3078 -4.5898438 -50.18921

1492573461602 GYROSCOPE 0.11280823 -0.04914856 0.15136719

1492573461617 GRAVITY 0.16437817 3.2670155 9.244997

1492573461620 LINEAR_ACCELERATION 0.56344795 -0.9324062 -1.4574203

1492573461623 ROTATION_VECTOR 0.14495102 -0.08732426 -0.46552417

1492573461670 MAGNETIC_FIELD -23.90747 -2.9205322 -50.36316

1492573461688 ACCELEROMETER 1.1235504 3.0159302 8.110657

1492573461794 GYROSCOPE -0.6595917 -0.58787537 -0.6194916

1492573461812 GRAVITY 1.0831423 1.8440937 9.570606

1492573461812 LINEAR_ACCELERATION -0.06455433 1.6754419 1.8117781

1492573461814 ROTATION_VECTOR 0.04941572 -0.097943686 -0.53843033

1492573461882 MAGNETIC_FIELD -28.78418 -0.9170532 -48.98987

1492573461992 ACCELEROMETER 0.74264526 2.8990479 9.93956

1492573461995 GYROSCOPE -0.01210022 0.11880493 -0.51374817

1492573462014 GRAVITY 0.86503315 1.4259038 9.663794

1492573462017 LINEAR_ACCELERATION -1.6591752 -1.3143231 9.872934

1492573462021 ROTATION_VECTOR 0.03424488 -0.078172594 -0.5729071

1492573462084 MAGNETIC_FIELD -27.371216 -2.3040771 -49.121094

1492573462194 ACCELEROMETER 0.38414 2.225296 7.9279785

1492573462201 GYROSCOPE 0.2071991 0.33998108 0.11880493

1492573462215 GRAVITY 0.3424817 2.2012744 9.550261

1492573462217 LINEAR_ACCELERATION -0.7671958 0.054312468 -2.3510323

1492573462220 ROTATION_VECTOR 0.081457496 -0.08023021 -0.5800206

1492573462281 MAGNETIC_FIELD -25.027466 -4.9560547 -50.564575

1492573462392 ACCELEROMETER 0.36332703 3.144928 8.908508

1492573462395 GYROSCOPE 0.09931946 0.13902283 0.60980225

1492573462416 GRAVITY -0.059582487 2.4516475 9.495065

1492573462419 LINEAR_ACCELERATION 0.65387094 0.9798291 -0.46453857

1492573462422 ROTATION_VECTOR 0.10710179 -0.066450156 -0.5433308

1492573462474 MAGNETIC_FIELD -25.146484 -4.6310425 -49.464417

1492573462584 ACCELEROMETER 0.17443848 2.6867676 10.4925995

1492573462590 GYROSCOPE 0.07752991 0.08352661 0.54907227

1492573462620 GRAVITY 0.27543414 2.4398334 9.4943

1492573462624 LINEAR_ACCELERATION -0.0871087 -0.34638906 4.8123426

1492573462627 ROTATION_VECTOR 0.1019969 -0.07431049 -0.49051318

1492573462671 MAGNETIC_FIELD -25.144958 -3.7826538 -49.993896

1492573462780 ACCELEROMETER 0.6144867 2.8212738 8.018997

1492573462784 GYROSCOPE -0.028823853 -0.06967163 -0.044708252

1492573462822 GRAVITY 0.39327335 2.6899698 9.422302

1492573462826 LINEAR_ACCELERATION -0.059907198 -0.03992629 -0.49087143

1492573462828 ROTATION_VECTOR 0.113157146 -0.08241198 -0.46099952

1492573462864 MAGNETIC_FIELD -25.054932 -1.4892578 -51.174927

1492573462968 ACCELEROMETER 0.2966156 3.33255 8.461151

1492573462971 GYROSCOPE -0.29986572 -0.33807373 -0.44007874

1492573463015 GRAVITY 0.4009906 2.5439124 9.462458

1492573463019 LINEAR_ACCELERATION -0.44631374 0.6737311 -0.7415886

1492573463021 ROTATION_VECTOR 0.10405045 -0.081990495 -0.48476753

1492573463053 MAGNETIC_FIELD -26.193237 -1.8341064 -49.66736

1492573463164 ACCELEROMETER 1.3075867 2.8202515 10.328659

1492573463168 GYROSCOPE -0.1409607 -0.23321533 -0.5341644

1492573463220 GRAVITY 0.9071505 1.9486978 9.568179

1492573463224 LINEAR_ACCELERATION 0.609243 1.2959927 2.6422234

1492573463227 ROTATION_VECTOR 0.059643067 -0.09274356 -0.5309813

1492573463264 MAGNETIC_FIELD -27.627563 -2.999878 -49.77112

1492573463359 ACCELEROMETER 0.8188629 2.317337 7.976837

1492573463414 GRAVITY 0.8855066 2.054152 9.548127

1492573463415 LINEAR_ACCELERATION 0.048381567 -0.22891498 0.446373

1492573463422 ROTATION_VECTOR 0.058950346 -0.098518424 -0.5808794

1492573463443 GYROSCOPE 0.08641052 0.1365509 -0.48571777

1492573463444 MAGNETIC_FIELD -25.952148 -5.0689697 -50.01831

1492573463555 ACCELEROMETER 0.2527771 2.9881592 8.922333

1492573463613 GRAVITY 0.38535586 2.349831 9.513159

1492573463616 LINEAR_ACCELERATION -0.48564816 0.65941167 -1.4255953

1492573463623 ROTATION_VECTOR 0.08345811 -0.08943523 -0.606479

1492573463642 GYROSCOPE 0.30700684 0.006210327 0.0054016113

1492573463645 MAGNETIC_FIELD -24.16687 -9.492493 -49.284363

1492573463751 ACCELEROMETER 1.3529358 2.5195618 10.226837

1492573463812 GRAVITY 0.42170674 3.0437446 9.312796

1492573463814 LINEAR_ACCELERATION 3.3840597 1.4608371 3.8120575

1492573463814 ROTATION_VECTOR 0.111035205 -0.1133611 -0.6038583

1492573463832 GYROSCOPE 0.1343689 -0.22523499 -0.66015625

1492573463833 MAGNETIC_FIELD -24.235535 -10.920715 -48.260498

1492573463953 ACCELEROMETER 1.3643951 1.3821869 8.282837

1492573464025 ROTATION_VECTOR 0.09895088 -0.13274173 -0.6711338

1492573464033 GRAVITY 0.5788171 3.1497102 9.269017

1492573464036 LINEAR_ACCELERATION -0.083601296 -2.1749613 -0.043535233

1492573464038 GYROSCOPE -0.20529175 -0.7996979 -1.5091553

1492573464152 ACCELEROMETER 1.1267395 0.39935303 9.409393

1492573464158 MAGNETIC_FIELD -25.11444 -14.776611 -45.594788

1492573464227 ROTATION_VECTOR 0.03427128 -0.1484395 -0.80070466

1492573464233 GRAVITY 1.1485432 2.7205954 9.351449

1492573464235 LINEAR_ACCELERATION -0.00594151 -1.9984164 0.39885616

1492573464238 GYROSCOPE -0.51924133 -0.90408325 -2.6381989

1492573464343 ACCELEROMETER 0.39466858 0.5802002 10.646805

1492573464349 MAGNETIC_FIELD -22.04895 -19.13147 -45.558167

1492573464421 GRAVITY 1.227218 2.1424937 9.490735

1492573464423 LINEAR_ACCELERATION -0.73936164 -1.9148324 1.2467928

1492573464440 ROTATION_VECTOR -0.022703717 -0.124866925 -0.93502533

1492573464441 GYROSCOPE -0.36245728 0.08488464 -2.3025055

1492573464530 ACCELEROMETER 1.0566406 1.5495148 9.632889

1492573464531 MAGNETIC_FIELD -9.332275 -22.210693 -46.162415

1492573464616 GRAVITY 0.21781527 1.9576504 9.606797

1492573464620 LINEAR_ACCELERATION 0.82017195 0.22085452 -0.58098984

1492573464623 GYROSCOPE 0.6742859 -0.21658325 -1.8686829

1492573464625 ROTATION_VECTOR 0.0028428505 0.16239221 0.9835623

1492573464727 ACCELEROMETER -0.012313843 2.124588 8.623795

1492573464732 MAGNETIC_FIELD -0.6881714 -26.18103 -42.170715

1492573464824 GYROSCOPE 0.27297974 -0.874115 -1.0966797

1492573464848 GRAVITY 0.6729767 3.4988503 9.136495

1492573464851 LINEAR_ACCELERATION -2.3433816 -0.16926122 -0.54487133

1492573464856 ROTATION_VECTOR 0.06934222 0.17134781 0.9642331

1492573464917 ACCELEROMETER -0.73376465 3.3526459 10.742203

1492573464918 MAGNETIC_FIELD 0.8010864 -27.062988 -42.581177

1492573465006 GYROSCOPE -0.09553528 -0.34544373 -0.92463684

1492573465015 GRAVITY 0.58289355 3.393535 9.182295

1492573465016 LINEAR_ACCELERATION -1.6867974 -0.4302342 -0.24534225

1492573465016 ROTATION_VECTOR 0.07724768 0.16082925 0.94626737

1492573465126 ACCELEROMETER -1.0623474 3.3141785 7.911392

1492573465133 MAGNETIC_FIELD 3.0395508 -24.699402 -42.173767

1492573465215 GYROSCOPE 0.30307007 -0.5726166 -0.9452057

1492573465221 GRAVITY 0.8179305 4.0514183 8.893108

1492573465224 LINEAR_ACCELERATION -1.2288262 -0.52900195 -0.25164127

1492573465227 ROTATION_VECTOR 0.11752464 0.18101272 0.9079888

1492573465323 ACCELEROMETER -0.39108276 2.84346 8.74675

1492573465330 MAGNETIC_FIELD 3.40271 -24.246216 -43.336487

1492573465404 GYROSCOPE -0.19355774 -0.4471588 -0.71746826

1492573465416 GRAVITY 0.9406831 3.7823188 8.998865

1492573465419 LINEAR_ACCELERATION -0.6904711 -0.85436654 -0.38726902

1492573465422 ROTATION_VECTOR 0.13012622 0.15573296 0.88072807

1492573465515 MAGNETIC_FIELD 4.4952393 -19.23523 -45.074463

1492573465603 ACCELEROMETER 0.5516968 2.3538208 11.615723

1492573465609 GYROSCOPE -0.4087677 0.15975952 -0.7851715

1492573465615 GRAVITY 0.25799373 3.011843 9.329128

1492573465618 LINEAR_ACCELERATION 0.46132103 -2.1162856 1.3010311

1492573465620 ROTATION_VECTOR 0.09219713 0.12588306 0.84378546

1492573465722 MAGNETIC_FIELD 9.27124 -15.788269 -45.170593

1492573465784 ACCELEROMETER 0.9637909 1.2838593 8.130295

1492573465785 GYROSCOPE 0.0900116 0.0954895 -0.96073914

1492573465812 GRAVITY -0.34309292 3.2879934 9.232647

1492573465814 LINEAR_ACCELERATION -0.1150735 -1.7011001 -0.30169582

1492573465814 ROTATION_VECTOR 0.08803945 0.14668015 0.7875876

1492573465894 MAGNETIC_FIELD 13.439941 -12.471008 -44.958496

1492573465984 ACCELEROMETER -0.39222717 2.9476929 8.24736

1492573465987 GYROSCOPE 0.32092285 -0.3651886 0.072525024

1492573466013 GRAVITY 0.121768825 3.78024 9.047947

1492573466019 LINEAR_ACCELERATION -0.5576053 0.18750763 0.15097904

1492573466021 ROTATION_VECTOR 0.12610936 0.15092887 0.77224344

1492573466092 MAGNETIC_FIELD 10.345459 -14.448547 -45.629883

1492573466181 ACCELEROMETER -0.2821808 3.9841156 10.580078

1492573466215 GRAVITY 0.30399787 4.033616 8.933527

1492573466220 LINEAR_ACCELERATION -2.2781427 -2.5687704 3.985261

1492573466222 ROTATION_VECTOR 0.13321981 0.16361342 0.8022381

1492573466293 GYROSCOPE 0.28904724 0.11541748 0.5349579

1492573466296 MAGNETIC_FIELD 8.189392 -20.361328 -43.717957

1492573466376 ACCELEROMETER 0.109054565 3.0219116 8.063385

1492573466418 GRAVITY 0.6057672 4.5010004 8.691629

1492573466422 LINEAR_ACCELERATION -0.78547376 -1.5956087 -0.8414669

1492573466424 ROTATION_VECTOR 0.15316309 0.18273284 0.8208475

1492573466487 GYROSCOPE 0.22387695 0.03489685 0.370636

1492573466492 MAGNETIC_FIELD 6.2942505 -22.24884 -42.874146

1492573466571 ACCELEROMETER 0.18782043 3.218338 7.2744293

1492573466620 GRAVITY 0.86805075 4.361998 8.7401285

1492573466623 LINEAR_ACCELERATION -0.7185188 -0.7831497 -1.0323029

1492573466633 ROTATION_VECTOR 0.15894696 0.1706263 0.82721776

1492573466677 GYROSCOPE -0.17663574 -0.19496155 0.06121826

1492573466680 MAGNETIC_FIELD 4.5944214 -20.529175 -45.140076

1492573466763 ACCELEROMETER 1.2454987 3.2760162 9.484131

1492573466812 GRAVITY 1.1509002 3.1668158 9.2096195

1492573466814 LINEAR_ACCELERATION 0.31300712 -1.0169609 2.3513222

1492573466814 ROTATION_VECTOR 0.1415875 0.10194638 0.8136912

1492573466871 GYROSCOPE -0.7181549 -0.16368103 -0.33901978

1492573466872 MAGNETIC_FIELD 5.2505493 -13.523865 -47.8302

1492573466964 ACCELEROMETER 1.6896362 1.844223 9.727158

1492573467022 GRAVITY 0.485868 2.8279226 9.377482

1492573467026 LINEAR_ACCELERATION 0.24375889 -0.8480587 -0.6711159

1492573467028 ROTATION_VECTOR 0.108269 0.10079334 0.7867322

1492573467076 GYROSCOPE -0.06462097 0.35902405 -0.3939972

1492573467082 MAGNETIC_FIELD 9.683228 -12.466431 -46.528625

1492573467160 ACCELEROMETER 0.45632935 2.7748718 8.522018

1492573467222 GRAVITY -0.09133493 2.8333998 9.387965

1492573467226 LINEAR_ACCELERATION 0.34859902 0.17457366 0.56300926

1492573467229 ROTATION_VECTOR 0.08564571 0.11837146 0.7823812

1492573467273 GYROSCOPE 0.084747314 0.23648071 0.18232727

1492573467277 MAGNETIC_FIELD 10.838318 -15.014648 -45.828247

1492573467354 ACCELEROMETER 0.23338318 3.2738647 11.289429

1492573467422 GRAVITY 0.26153076 3.489962 9.160903

1492573467426 LINEAR_ACCELERATION 2.16276 1.8233957 1.346034

1492573467429 ROTATION_VECTOR 0.115774356 0.13971476 0.80198294

1492573467465 GYROSCOPE 0.40777588 -0.052352905 0.6150055

1492573467472 MAGNETIC_FIELD 6.9351196 -18.312073 -43.997192

1492573467550 ACCELEROMETER -0.7721405 1.9417877 8.461227

1492573467622 GRAVITY 0.8106 4.014281 8.9106045

1492573467626 LINEAR_ACCELERATION -1.102988 -1.6445806 -0.42097187

1492573467628 ROTATION_VECTOR 0.14136551 0.16031663 0.8461026

1492573467661 GYROSCOPE 0.38128662 -0.14164734 0.6772461

1492573467746 ACCELEROMETER 0.2363739 2.9163666 7.9680786

1492573467752 MAGNETIC_FIELD 5.1742554 -24.357605 -43.623352

1492573467811 GRAVITY 1.0000011 4.1218443 8.8419895

1492573467812 LINEAR_ACCELERATION -0.47053933 -1.0799952 -0.3486061

1492573467814 ROTATION_VECTOR 0.14698315 0.1660721 0.86196834

1492573467859 GYROSCOPE -0.18751526 0.033691406 0.016708374

1492573467931 ACCELEROMETER 1.0220795 2.6589203 11.167984

1492573467932 MAGNETIC_FIELD 5.2490234 -21.759033 -44.358826

1492573468012 GRAVITY 1.1534917 3.204199 9.196356

1492573468013 LINEAR_ACCELERATION 1.3314812 1.6387186 -1.8937101

1492573468014 ROTATION_VECTOR 0.13458031 0.11403731 0.8530887

1492573468044 GYROSCOPE -0.5058594 -0.23757935 -0.22109985

1492573468129 ACCELEROMETER 1.6689148 2.462555 9.1610565

1492573468137 MAGNETIC_FIELD 5.230713 -18.086243 -47.927856

1492573468213 GRAVITY 1.1519785 2.8381083 9.316033

1492573468213 LINEAR_ACCELERATION 0.01472044 -1.0669916 2.1158476

1492573468214 ROTATION_VECTOR 0.12689435 0.094405115 0.84406275

1492573468245 GYROSCOPE 0.0663147 0.16467285 -0.3592224

1492573468330 MAGNETIC_FIELD 8.088684 -16.76178 -45.915222

1492573468427 GRAVITY 0.2516269 2.8796613 9.370946

1492573468442 LINEAR_ACCELERATION -0.18122412 0.37495804 0.21783638

1492573468449 ROTATION_VECTOR 0.08984655 0.118921585 0.8378653

1492573468452 ACCELEROMETER 0.17993164 3.1226807 8.211136

1492573468455 GYROSCOPE 0.037353516 0.5392151 0.19618225

1492573468520 MAGNETIC_FIELD 11.723328 -17.564392 -43.455505

1492573468615 GRAVITY 0.22795767 3.4364295 9.182014

1492573468619 LINEAR_ACCELERATION -1.66993 0.47930002 0.15571213

1492573468622 ROTATION_VECTOR 0.09851582 0.14880264 0.8545886

1492573468631 ACCELEROMETER 0.70018005 3.825943 10.84874

1492573468634 GYROSCOPE 0.5085602 -0.2520752 0.5322113

1492573468716 MAGNETIC_FIELD 9.0286255 -24.320984 -41.677856

1492573468847 GRAVITY 0.85776645 4.2929635 8.775254

1492573468848 LINEAR_ACCELERATION -1.2079806 -1.5424914 0.38249207

1492573468849 ROTATION_VECTOR 0.14146745 0.18048133 0.868867

1492573468850 ACCELEROMETER -0.100738525 2.9672394 8.553101

1492573468850 GYROSCOPE 0.41656494 -0.07281494 0.37379456

1492573468909 MAGNETIC_FIELD 5.987549 -27.93274 -38.25531

1492573469026 GRAVITY 1.1810135 4.6784782 8.537414

1492573469034 LINEAR_ACCELERATION -0.19772923 -0.9162469 -1.5146542

1492573469037 ROTATION_VECTOR 0.15852085 0.19895774 0.880872

1492573469040 ACCELEROMETER 0.59487915 3.5923157 7.2276917

1492573469042 GYROSCOPE -0.093933105 -0.14419556 -0.071014404

1492573469115 MAGNETIC_FIELD 5.039978 -28.062439 -40.342712

1492573469226 ROTATION_VECTOR 0.1603783 0.16217382 0.8749555

1492573469232 ACCELEROMETER 1.1441498 4.213516 9.0056305

1492573469235 GYROSCOPE -0.5106201 -0.27093506 -0.2411499

1492573469237 GRAVITY 1.3936472 4.1265526 8.786336

1492573469240 LINEAR_ACCELERATION -1.2908221 0.11295462 1.0534449

1492573469312 MAGNETIC_FIELD 5.9524536 -22.92633 -43.867493

1492573469415 ACCELEROMETER 1.1345673 2.9196014 9.409241

1492573469418 GRAVITY 1.5286638 3.5641108 9.007257

1492573469421 LINEAR_ACCELERATION 2.1443849 0.76382613 -0.6451473

1492573469423 GYROSCOPE -0.095458984 0.12950134 -0.41404724

1492573469425 ROTATION_VECTOR 0.16161625 0.12098706 0.84847945

1492573469497 MAGNETIC_FIELD 8.358765 -20.481873 -42.607117

1492573469607 ACCELEROMETER 0.12716675 3.6149445 7.8122864

1492573469613 GYROSCOPE 0.03967285 0.32247925 0.17965698

1492573469617 GRAVITY 0.76011497 3.5270042 9.118818

1492573469619 LINEAR_ACCELERATION -0.76650786 -0.03287959 -1.1323404

1492573469622 ROTATION_VECTOR 0.12957774 0.13520081 0.83646613

1492573469711 MAGNETIC_FIELD 10.78949 -21.653748 -42.074585

1492573469802 ACCELEROMETER 0.87864685 4.9679413 10.245834

1492573469815 GRAVITY 0.619537 3.823052 9.009486

1492573469820 LINEAR_ACCELERATION -0.16990781 0.8702996 2.6544437

1492573469822 ROTATION_VECTOR 0.12592652 0.15743752 0.85290825

1492573469890 GYROSCOPE 0.4122162 0.21220398 0.5622101

1492573469893 MAGNETIC_FIELD 9.442139 -25.982666 -37.70752

1492573470007 ACCELEROMETER -0.07991028 2.5538483 9.029831

1492573470017 GRAVITY 0.803009 4.531391 8.659796

1492573470021 LINEAR_ACCELERATION -0.005695522 -1.0675201 -2.9505816

1492573470024 ROTATION_VECTOR 0.14635517 0.1924928 0.86304283

1492573470084 GYROSCOPE 0.21673584 -0.05570984 0.40093994

1492573470087 MAGNETIC_FIELD 6.3217163 -29.263306 -35.06775

1492573470204 ACCELEROMETER 0.73864746 3.6561432 7.1126556

1492573470220 GRAVITY 1.1538278 4.6521935 8.555476

1492573470225 LINEAR_ACCELERATION -0.494151 -1.1453409 -1.2088709

1492573470228 ROTATION_VECTOR 0.15768614 0.19729982 0.8790298

1492573470287 GYROSCOPE -0.32373047 -0.16566467 -0.17634583

1492573470296 MAGNETIC_FIELD 5.836487 -27.757263 -37.41913

1492573470397 ACCELEROMETER 1.0045929 3.822754 9.636581

1492573470422 GRAVITY 1.2689345 3.985674 8.86987

1492573470428 LINEAR_ACCELERATION -0.47465825 -0.07127619 0.8487301

1492573470431 ROTATION_VECTOR 0.15273075 0.15631957 0.87197006

1492573470484 GYROSCOPE -0.59207153 -0.22816467 -0.44161987

1492573470596 ACCELEROMETER 2.475708 2.3774414 9.986099

1492573470602 MAGNETIC_FIELD 5.2749634 -22.381592 -39.96277

1492573470631 ROTATION_VECTOR 0.14312258 0.10606395 0.85049546

1492573470635 GRAVITY 1.3579131 3.158486 9.184249

1492573470638 LINEAR_ACCELERATION 0.67774034 -1.1183305 0.6773958

1492573470667 GYROSCOPE 0.0055236816 -0.102996826 -0.7260132

1492573470781 ACCELEROMETER 0.9366455 2.5238647 8.199997

1492573470785 MAGNETIC_FIELD 8.172607 -18.6203 -39.15863

1492573470815 GRAVITY 0.97182286 3.3273795 9.173576

1492573470819 LINEAR_ACCELERATION 0.18019015 -0.87337255 -1.2577076

1492573470821 ROTATION_VECTOR 0.13996881 0.11263452 0.80686057

1492573470863 GYROSCOPE -0.020355225 0.11579895 -0.6160126

1492573470974 ACCELEROMETER 0.4764099 3.3059082 9.728577

1492573470977 MAGNETIC_FIELD 12.2039795 -17.82074 -37.76703

1492573471015 GRAVITY 0.41950554 3.378152 9.196874

1492573471018 LINEAR_ACCELERATION 0.26882362 -0.03473711 -0.3842249

1492573471020 ROTATION_VECTOR 0.1253361 0.12401933 0.77329254

1492573471060 GYROSCOPE 0.18109131 -0.099853516 -0.49423218

1492573471182 ACCELEROMETER 1.0455322 1.5597839 10.764648

1492573471188 MAGNETIC_FIELD 12.461853 -17.033386 -35.424805

1492573471223 GRAVITY 0.28879073 3.6920066 9.080533

1492573471232 LINEAR_ACCELERATION -0.41351122 -2.3237169 3.7540922

1492573471234 ROTATION_VECTOR 0.13579376 0.13631485 0.7471124

1492573471254 GYROSCOPE 0.15917969 -0.30877686 -0.9949646

1492573471365 ACCELEROMETER 1.69664 1.6196747 8.466522

1492573471369 MAGNETIC_FIELD 14.918518 -14.134216 -33.180237

1492573471416 GRAVITY 0.14612763 3.900771 8.996278

1492573471420 LINEAR_ACCELERATION 2.2710233 -1.8225727 -0.99123

1492573471422 ROTATION_VECTOR 0.1510774 0.13598931 0.68183464

1492573471450 GYROSCOPE -0.11148071 -0.67640686 -2.2188873

1492573471573 ACCELEROMETER -0.07115173 0.68659973 9.526138

1492573471579 MAGNETIC_FIELD 15.678406 -0.71868896 -37.0224

1492573471626 GRAVITY -0.21973963 3.4554095 9.175089

1492573471632 LINEAR_ACCELERATION 0.4228409 -2.5391867 0.55036545

1492573471635 ROTATION_VECTOR 0.14678873 0.10321703 0.5136502

1492573471653 GYROSCOPE -0.25074768 -0.7839813 -2.5461578

1492573471766 ACCELEROMETER -0.25935364 0.5944061 11.365646

1492573471773 MAGNETIC_FIELD 7.4005127 11.366272 -42.070007

1492573471826 GRAVITY -0.3373001 2.6600344 9.432965

1492573471861 LINEAR_ACCELERATION -0.039429188 -2.1828258 0.90745926

1492573471864 ROTATION_VECTOR 0.12734003 0.053264868 0.26421878

1492573471867 GYROSCOPE 0.023025513 -0.17138672 -2.363037

1492573471955 MAGNETIC_FIELD -0.12817383 16.635132 -44.444275

1492573472018 GRAVITY -1.0162547 2.2473364 9.491422

1492573472019 LINEAR_ACCELERATION 1.1660249 -1.0543039 -0.95888996

1492573472019 ROTATION_VECTOR 0.11507476 0.05319737 0.008270603

1492573472040 ACCELEROMETER -0.03173828 1.7711945 9.097824

1492573472041 GYROSCOPE 0.4201355 -0.10525513 -1.8063507

1492573472151 MAGNETIC_FIELD -6.1019897 15.786743 -47.35565

1492573472213 GRAVITY -1.505162 2.48379 9.366732

1492573472216 LINEAR_ACCELERATION 0.95027626 -0.02076602 0.25091076

1492573472218 ROTATION_VECTOR 0.14029193 0.05241921 -0.18404268

1492573472231 ACCELEROMETER -0.8120117 3.0913086 8.413605

1492573472234 GYROSCOPE 0.3461914 -0.45280457 -0.7295227

1492573472340 MAGNETIC_FIELD -10.879517 10.876465 -49.28131

1492573472416 GRAVITY -1.164101 2.921626 9.288669

1492573472420 LINEAR_ACCELERATION -0.1299938 0.12777948 1.1551952

1492573472424 ROTATION_VECTOR 0.16189523 0.014130111 -0.28414023

1492573472427 ACCELEROMETER -1.0407715 2.502472 9.811478

1492573472543 GYROSCOPE 0.035125732 -0.42393494 -0.3045349

1492573472550 MAGNETIC_FIELD -15.785217 8.430481 -49.580383

1492573472624 ROTATION_VECTOR 0.15965061 -0.022715967 -0.3240047

1492573472627 ACCELEROMETER -0.9615936 2.532196 9.163605

1492573472629 GRAVITY -0.5992154 3.0633636 9.296619

1492573472632 LINEAR_ACCELERATION -0.74119663 -0.404557 -1.2936583

1492573472741 GYROSCOPE 0.1288147 -0.3846588 -0.46632385

1492573472745 MAGNETIC_FIELD -19.540405 7.398987 -50.393677

1492573472814 GRAVITY -0.20509781 3.197942 9.268306

1492573472819 LINEAR_ACCELERATION -0.62733644 -0.44594097 -1.6913757

1492573472821 ACCELEROMETER 0.068359375 3.1605988 8.352844

1492573472824 ROTATION_VECTOR 0.13098383 -0.08202085 -0.4288342

1492573472928 GYROSCOPE -0.17703247 -0.45343018 -0.4795227

1492573472932 MAGNETIC_FIELD -23.937988 6.9992065 -49.560547

1492573473013 ACCELEROMETER 1.284729 2.7015991 9.577911

1492573473017 GRAVITY 1.128239 2.1051557 9.511351

1492573473021 LINEAR_ACCELERATION 1.4244168 0.83028936 0.64912033

1492573473023 ROTATION_VECTOR 0.06391628 -0.10474165 -0.50248796

1492573473131 GYROSCOPE -0.58724976 -0.6064606 -0.94137573

1492573473136 MAGNETIC_FIELD -30.4245 6.6207886 -47.943115

1492573473215 ACCELEROMETER 1.9555817 1.1851044 10.767578

1492573473221 GRAVITY 0.97464603 2.0866668 9.532381

1492573473224 LINEAR_ACCELERATION -0.07251638 -1.0421462 0.51982117

1492573473226 ROTATION_VECTOR 0.054004222 -0.10520177 -0.60847396

1492573473323 GYROSCOPE 0.03742981 -0.023513794 -1.1601257

1492573473328 MAGNETIC_FIELD -29.72107 1.5960693 -48.034668

1492573473410 ACCELEROMETER -0.051940918 2.89917 8.662918

1492573473417 GRAVITY 0.547876 2.571589 9.4476

1492573473420 LINEAR_ACCELERATION -0.5193489 1.182051 0.076758385

1492573473422 ROTATION_VECTOR 0.08326112 -0.106649145 -0.6367944

1492573473521 GYROSCOPE 0.34588623 0.108047485 -0.08987427

1492573473528 MAGNETIC_FIELD -28.42865 -2.8045654 -47.994995

1492573473596 ACCELEROMETER 0.034576416 3.4319305 9.522888

1492573473615 GRAVITY 0.46439883 3.364085 9.199872

1492573473618 LINEAR_ACCELERATION -0.9729174 0.0058293343 -0.5940151

1492573473621 ROTATION_VECTOR 0.1261012 -0.1226195 -0.58331275

1492573473707 GYROSCOPE 0.28627014 0.2775879 0.6379852

1492573473711 MAGNETIC_FIELD -26.449585 -1.4648438 -50.794983

1492573473792 ACCELEROMETER 0.17848206 1.9730835 10.0637665

1492573473816 GRAVITY 0.5022429 3.627829 9.097087

1492573473820 LINEAR_ACCELERATION 0.19246578 -1.0459366 -0.8903303

1492573473822 ROTATION_VECTOR 0.1450274 -0.12306379 -0.52654296

1492573473910 GYROSCOPE 0.3408966 0.10151672 0.54281616

1492573473988 ACCELEROMETER 0.88442993 3.2359009 7.8184357

1492573473991 MAGNETIC_FIELD -24.893188 -4.211426 -50.541687

1492573474016 GRAVITY 0.5198329 3.7726305 9.037003

1492573474020 LINEAR_ACCELERATION 0.31281185 -0.3815887 -1.2601824

1492573474023 ROTATION_VECTOR 0.15388088 -0.124746814 -0.5075458

1492573474100 GYROSCOPE -0.0501709 -0.07316589 -0.1456604

1492573474190 ACCELEROMETER 0.5755005 4.031006 8.078796

1492573474194 MAGNETIC_FIELD -25.254822 -5.3100586 -51.890564

1492573474222 GRAVITY 0.90818655 3.406624 9.150984

1492573474226 LINEAR_ACCELERATION -0.8686816 0.23901439 0.33351517

1492573474229 ROTATION_VECTOR 0.121827915 -0.13633657 -0.5396109

1492573474301 GYROSCOPE -0.67626953 -0.43136597 -0.46965027

1492573474384 ACCELEROMETER 0.4727173 2.2538605 11.068695

1492573474391 MAGNETIC_FIELD -28.744507 -0.46691895 -49.08905

1492573474421 GRAVITY 0.9888248 2.8493755 9.331327

1492573474425 LINEAR_ACCELERATION 0.14873266 -0.16764712 -0.067474365

1492573474427 ROTATION_VECTOR 0.09319531 -0.12469702 -0.553634

1492573474495 GYROSCOPE 0.16920471 0.09754944 -0.10296631

1492573474582 ACCELEROMETER 0.49067688 3.1030731 8.195831

1492573474586 MAGNETIC_FIELD -26.805115 -2.7832031 -49.4812

1492573474621 GRAVITY 0.6336856 3.22612 9.2391

1492573474625 LINEAR_ACCELERATION -0.20614833 0.20310926 -1.690362

1492573474628 ROTATION_VECTOR 0.12013122 -0.120438635 -0.55047894

1492573474692 GYROSCOPE 0.15458679 0.20700073 0.1321106

1492573474774 MAGNETIC_FIELD -25.341797 -4.774475 -50.531006

1492573474820 GRAVITY 0.489231 3.5895464 9.112968

1492573474825 LINEAR_ACCELERATION -0.06250417 0.60130143 0.7573004

1492573474827 ROTATION_VECTOR 0.14625473 -0.11822634 -0.508629

1492573474901 ACCELEROMETER 0.12870789 4.067993 9.015533

1492573474908 GYROSCOPE 0.2323761 0.2048645 0.6266937

1492573474966 MAGNETIC_FIELD -23.223877 -3.1845093 -51.026917

1492573475018 GRAVITY 0.67268467 3.8415923 8.997781

1492573475023 LINEAR_ACCELERATION -0.7158468 -0.94145393 -0.18951797

1492573475027 ROTATION_VECTOR 0.16214336 -0.12227187 -0.44586575

1492573475076 ACCELEROMETER 0.40437317 3.4355316 9.795456

1492573475083 GYROSCOPE 0.26687622 0.07939148 0.5231018

1492573475160 MAGNETIC_FIELD -24.716187 -4.0130615 -50.205994

1492573475216 GRAVITY 0.86556256 4.2395353 8.800427

1492573475220 LINEAR_ACCELERATION -0.6539768 -0.87185 -1.4706955

1492573475222 ROTATION_VECTOR 0.18190107 -0.13496321 -0.41216984

1492573475271 ACCELEROMETER 0.32644653 3.3838043 7.778183

1492573475274 GYROSCOPE 0.118759155 -0.035842896 0.0851593

1492573475355 MAGNETIC_FIELD -24.281311 -5.1452637 -49.975586

1492573475416 GRAVITY 0.99957126 4.124195 8.840942

1492573475420 LINEAR_ACCELERATION -1.091988 0.37357807 -1.1633844

1492573475423 ROTATION_VECTOR 0.17096834 -0.1414469 -0.42710593

1492573475466 ACCELEROMETER 0.5447693 4.2453766 8.112534

1492573475471 GYROSCOPE -0.4624939 -0.3466797 -0.30490112

1492573475556 MAGNETIC_FIELD -26.751709 -2.8015137 -49.032593

1492573475616 GRAVITY 1.262503 3.1121645 9.213626

1492573475624 LINEAR_ACCELERATION -0.16128635 -0.4253533 2.7841759

1492573475625 ROTATION_VECTOR 0.1100478 -0.13463022 -0.4722501

1492573475665 ACCELEROMETER 1.51268 3.3720398 9.603302

1492573475666 GYROSCOPE -0.41815186 -0.1342926 -0.4932251

1492573475749 MAGNETIC_FIELD -27.600098 -1.1901855 -49.783325

1492573475818 GRAVITY 1.0435462 2.8783846 9.316453

1492573475819 LINEAR_ACCELERATION -0.014111161 -0.077861786 -0.25399494

1492573475819 ROTATION_VECTOR 0.098381445 -0.12375047 -0.5172123

1492573475860 ACCELEROMETER 1.32341 3.0592194 8.684738

1492573475861 GYROSCOPE 0.09837341 0.10160828 -0.41911316

1492573475944 MAGNETIC_FIELD -25.27008 -3.1845093 -49.612427

1492573476015 GRAVITY 0.6433978 3.3123472 9.207866

1492573476020 LINEAR_ACCELERATION 0.4068808 0.46076846 -0.7845917

1492573476023 ROTATION_VECTOR 0.12654732 -0.12047947 -0.53049034

1492573476050 ACCELEROMETER 0.66448975 3.7340698 8.702911

1492573476136 GYROSCOPE 0.25564575 0.20452881 0.077178955

1492573476141 MAGNETIC_FIELD -23.87085 -4.8950195 -49.365234

1492573476224 GRAVITY 0.26549998 3.506731 9.154384

1492573476231 LINEAR_ACCELERATION 0.88929605 1.9860563 -0.97701645

1492573476233 ROTATION_VECTOR 0.14857809 -0.10573977 -0.508003

1492573476255 ACCELEROMETER 0.21273804 3.0995178 9.705322

1492573476343 GYROSCOPE -0.21905518 0.1388855 0.2091217

1492573476349 MAGNETIC_FIELD -23.416138 -2.848816 -50.575256

1492573476426 GRAVITY 0.38334048 3.116006 9.29053

1492573476432 LINEAR_ACCELERATION 0.00810504 -1.0141363 1.9818106

1492573476435 ROTATION_VECTOR 0.1299195 -0.097137704 -0.48995993

1492573476449 ACCELEROMETER 0.36895752 2.5986023 7.7869263

1492573476536 GYROSCOPE -0.023391724 -0.17868042 0.17208862

1492573476545 MAGNETIC_FIELD -25.413513 -0.04119873 -51.161194

1492573476626 GRAVITY 0.81324303 3.0293043 9.291519

1492573476632 LINEAR_ACCELERATION 0.10564852 0.17037106 -0.7013645

1492573476637 ROTATION_VECTOR 0.11571689 -0.11346342 -0.48455542

1492573476639 ACCELEROMETER 0.9062958 3.1641083 8.55365

1492573476733 GYROSCOPE -0.19920349 -0.37083435 -0.2741394

1492573476826 GRAVITY 1.3976996 2.6633465 9.333992

1492573476835 LINEAR_ACCELERATION 0.84515536 0.41480255 -0.08226395

1492573476838 ROTATION_VECTOR 0.07950947 -0.13333079 -0.51617813

1492573476841 ACCELEROMETER 2.2946625 2.528305 9.806335

1492573476843 MAGNETIC_FIELD -26.750183 -0.680542 -48.41919

1492573476931 GYROSCOPE -0.45596313 -0.28311157 -0.7716675

1492573477013 GRAVITY 1.4039836 2.135386 9.467806

1492573477017 LINEAR_ACCELERATION 0.20591307 -1.0960848 1.1727076

1492573477022 ROTATION_VECTOR 0.04587889 -0.12317219 -0.5861301

1492573477026 ACCELEROMETER 1.7477875 1.7372284 8.741318

1492573477030 MAGNETIC_FIELD -30.001831 -0.90789795 -48.757935

1492573477114 GYROSCOPE -0.13671875 0.07380676 -0.6465454

1492573477218 GRAVITY 0.98870945 2.0209846 9.545075

1492573477227 LINEAR_ACCELERATION 0.07441622 0.37585723 -0.56530476

1492573477232 ROTATION_VECTOR 0.047903042 -0.10508047 -0.6308091

1492573477235 ACCELEROMETER 1.039093 2.5922852 8.864258

1492573477237 MAGNETIC_FIELD -29.646301 -2.4093628 -48.30017

1492573477317 GYROSCOPE 0.085372925 0.13209534 -0.039245605

1492573477429 GRAVITY 0.75362486 2.2926393 9.505064

1492573477435 LINEAR_ACCELERATION 0.5581397 0.91460776 1.5184784

1492573477438 ROTATION_VECTOR 0.06752268 -0.10400625 -0.6219187

1492573477440 ACCELEROMETER 1.442276 3.254242 10.102417

1492573477443 MAGNETIC_FIELD -26.919556 -3.7643433 -48.919678

1492573477514 GYROSCOPE 0.21008301 0.08226013 0.2445221

1492573477626 ACCELEROMETER 0.20562744 1.4490814 9.422073

1492573477632 GRAVITY 0.7309258 2.5872324 9.430926

1492573477634 LINEAR_ACCELERATION -1.222583 -1.6874287 0.6314535

1492573477637 ROTATION_VECTOR 0.083246216 -0.11057428 -0.59946775

1492573477640 MAGNETIC_FIELD -26.948547 -4.5166016 -49.38507

1492573477702 GYROSCOPE 0.12434387 -0.06311035 0.19477844

1492573477811 ACCELEROMETER 0.9415741 2.4289703 7.981125

1492573477816 MAGNETIC_FIELD -28.050232 -3.5705566 -48.55957

1492573477819 GRAVITY 0.95168054 2.7574234 9.3627615

1492573477821 LINEAR_ACCELERATION 0.14627361 -0.5309181 -2.7983866

1492573477823 ROTATION_VECTOR 0.08608278 -0.12337652 -0.58185345

1492573477894 GYROSCOPE -0.16177368 -0.093688965 0.0047302246

1492573478002 ACCELEROMETER 0.95251465 2.8529358 10.143555

1492573478006 MAGNETIC_FIELD -29.849243 -3.010559 -49.31488

1492573478013 GRAVITY 1.1266519 2.4674802 9.424043

1492573478016 LINEAR_ACCELERATION -0.18577123 0.5592716 -0.10396767

1492573478018 ROTATION_VECTOR 0.06897698 -0.12144841 -0.580121

1492573478097 GYROSCOPE -0.00642395 -0.24719238 0.09275818

1492573478203 MAGNETIC_FIELD -30.929565 -1.4678955 -47.421265

1492573478218 GRAVITY 1.6119211 2.4668818 9.353427

1492573478221 LINEAR_ACCELERATION 0.43002653 0.98377824 0.6228409

1492573478224 ROTATION_VECTOR 0.055545915 -0.14150128 -0.5726344

1492573478287 ACCELEROMETER 1.4143219 2.055893 9.696152

1492573478292 GYROSCOPE 0.16996765 0.13851929 0.11155701

1492573478392 MAGNETIC_FIELD -30.407715 -4.3151855 -49.02954

1492573478413 GRAVITY 1.4287816 2.5841272 9.351538

1492573478419 LINEAR_ACCELERATION -0.17337465 -0.59501433 -0.13765812

1492573478422 ROTATION_VECTOR 0.06688468 -0.1368602 -0.5671138

1492573478480 ACCELEROMETER 0.6389313 2.3798065 8.549896

1492573478482 GYROSCOPE 0.099594116 0.40248108 0.6502991

1492573478592 MAGNETIC_FIELD -26.573181 -2.1591187 -50.172424

1492573478622 GRAVITY 0.96789104 2.6214094 9.400095

1492573478625 LINEAR_ACCELERATION -0.664791 0.24236178 -1.19802

1492573478627 ROTATION_VECTOR 0.08909645 -0.113094494 -0.51710415

1492573478673 ACCELEROMETER -0.4624176 2.0015106 8.639587

1492573478681 GYROSCOPE 0.117889404 0.34542847 2.2071228

1492573478783 MAGNETIC_FIELD -25.746155 5.6869507 -51.76544

1492573478813 GRAVITY 1.2030103 2.2829306 9.461046

1492573478830 LINEAR_ACCELERATION -1.3208834 -1.2610114 -0.081027985

1492573478833 ROTATION_VECTOR 0.08871171 -0.09874799 -0.34349567

1492573478871 ACCELEROMETER 0.64704895 0.44631958 8.279404

1492573478982 GYROSCOPE 0.65426636 -0.5506134 2.6340332

1492573478991 MAGNETIC_FIELD -28.529358 8.9279175 -49.26758

1492573479017 GRAVITY 2.89064 2.1628578 9.117929

1492573479021 LINEAR_ACCELERATION -1.8605101 -1.9280305 0.5796299

1492573479028 ROTATION_VECTOR 0.09832909 -0.15951923 -0.088255465

1492573479064 ACCELEROMETER 1.3180237 1.493927 5.6006317

1492573479182 GYROSCOPE 1.1276093 -1.3170319 1.2122803

1492573479187 MAGNETIC_FIELD -37.545776 6.121826 -45.26367

1492573479228 GRAVITY 5.5280795 2.9820874 7.5311275

1492573479233 LINEAR_ACCELERATION -3.2658668 0.02103448 -6.006581

1492573479237 ROTATION_VECTOR 0.17423064 -0.29268253 0.039707758

1492573479259 ACCELEROMETER 1.6736298 1.2266388 7.5065613

1492573479368 GYROSCOPE 1.8244019 -0.18649292 2.913086

1492573479368 MAGNETIC_FIELD -34.864807 7.701111 -45.28656

1492573479412 GRAVITY 6.856555 2.1333542 6.6788354

1492573479412 LINEAR_ACCELERATION -0.8515353 -2.2548208 5.0533457

1492573479415 ROTATION_VECTOR 0.22689182 -0.3286248 0.2732333

1492573479452 ACCELEROMETER 11.653397 4.072281 9.713196

1492573479563 GYROSCOPE 0.9438782 0.84814453 -0.28282166

1492573479563 MAGNETIC_FIELD -26.971436 -2.0858765 -49.128723

1492573479612 GRAVITY 6.440045 2.5527072 6.941174

1492573479612 LINEAR_ACCELERATION 7.665704 4.3137536 1.2549801

1492573479614 ROTATION_VECTOR 0.28482896 -0.2548943 0.4130695

1492573479648 ACCELEROMETER 11.349274 -2.160324 10.955017

1492573479763 GYROSCOPE -0.6107788 0.07398987 -1.1046448

1492573479767 MAGNETIC_FIELD -24.127197 1.1444092 -50.437927

1492573479817 GRAVITY 5.292227 3.729845 7.365526

1492573479822 LINEAR_ACCELERATION 7.4363594 -6.9035892 0.32196236

1492573479825 ROTATION_VECTOR 0.30007347 -0.18552248 0.3670796

1492573479847 ACCELEROMETER 5.238983 1.2785339 6.9550323

1492573479961 GYROSCOPE -1.3291473 -0.5027771 1.3666077

1492573479973 MAGNETIC_FIELD -24.803162 17.6651 -49.301147

1492573480012 GRAVITY 5.9341974 0.28595993 7.8021736

1492573480013 LINEAR_ACCELERATION -0.82715225 4.860402 5.302923

1492573480014 ROTATION_VECTOR 0.13615844 -0.28924167 0.3618299

1492573480038 ACCELEROMETER 7.939804 1.2215881 8.012436

1492573480149 GYROSCOPE 0.2590027 0.49728394 1.1630402

1492573480150 MAGNETIC_FIELD -18.641663 18.560791 -49.9115

1492573480213 GRAVITY 5.612705 -1.4210732 7.915079

1492573480215 LINEAR_ACCELERATION 1.1950121 1.1236266 -1.9185004

1492573480216 ROTATION_VECTOR 0.07769008 -0.30067846 0.456413

1492573480237 ACCELEROMETER 7.418808 -2.515335 7.707123

1492573480346 GYROSCOPE 0.86875916 0.51568604 0.9471741

1492573480414 GRAVITY 5.398718 -0.6893035 8.157763

1492573480420 LINEAR_ACCELERATION 0.7788353 -1.824515 -5.0528717

1492573480422 ROTATION_VECTOR 0.14207192 -0.25275567 0.57082826

1492573480432 ACCELEROMETER 5.6123962 -2.6490326 6.3222656

1492573480435 MAGNETIC_FIELD -8.018494 12.651062 -52.50702

1492573480542 GYROSCOPE 0.117752075 -0.644104 0.49856567

1492573480613 GRAVITY 4.4685855 -1.4133619 8.614205

1492573480618 LINEAR_ACCELERATION 0.062339783 0.12764633 -1.1139555

1492573480622 ROTATION_VECTOR 0.09387063 -0.22800452 0.6220179

1492573480627 ACCELEROMETER 5.171112 -1.3124695 8.056839

1492573480630 MAGNETIC_FIELD -14.117432 12.535095 -52.070618

1492573480736 GYROSCOPE 0.1770935 0.06274414 0.13252258

1492573480813 GRAVITY 5.16168 -1.3521942 8.2279415

1492573480822 LINEAR_ACCELERATION -0.45075226 -0.815652 0.27775764

1492573480825 ROTATION_VECTOR 0.13207528 -0.25109336 0.646894

1492573480827 ACCELEROMETER 4.900116 -1.188034 8.223053

1492573480830 MAGNETIC_FIELD -13.499451 10.046387 -52.88086

1492573480931 GYROSCOPE 0.06669617 0.026016235 -0.063568115

1492573481014 GRAVITY 4.9348407 -1.1606933 8.394672

1492573481037 LINEAR_ACCELERATION -0.68657494 -0.15343273 0.83158684

1492573481038 ROTATION_VECTOR 0.13062827 -0.23436527 0.64919996

1492573481038 MAGNETIC_FIELD -12.705994 9.700012 -52.163696

1492573481125 ACCELEROMETER 4.5631256 -1.0407104 8.33255

1492573481126 GYROSCOPE 0.008895874 -0.0705719 -0.078567505

