1492573487653 MAGNETIC_FIELD 30.279541 -25.617981 -14.097595

1492573487663 GRAVITY -6.695584 5.138835 4.9931874

1492573487664 LINEAR_ACCELERATION -1.9289141 0.48757696 1.260952

1492573487666 ROTATION_VECTOR -0.27586997 0.4114779 0.82303065

1492573487693 ACCELEROMETER -9.27005 7.0865936 4.64769

1492573487718 GYROSCOPE 1.2927094 2.9589996 1.9219055

1492573487848 MAGNETIC_FIELD 5.7510376 -38.342285 16.394043

1492573487864 GRAVITY -4.6685963 8.427868 -1.8291097

1492573487865 LINEAR_ACCELERATION 1.878437 -3.6663675 -0.029447794

1492573487866 ROTATION_VECTOR 0.57397616 -0.51362437 -0.60231745

1492573487888 ACCELEROMETER -2.40596 5.9362946 -0.86143494

1492573487913 GYROSCOPE 0.0046539307 4.545166 2.4542542

1492573488063 GRAVITY 0.1445349 9.716806 -1.3165028

1492573488064 LINEAR_ACCELERATION 0.5833861 -2.8367472 1.9123956

1492573488066 ROTATION_VECTOR 0.61417156 -0.43579382 -0.37271398

1492573488089 MAGNETIC_FIELD -25.038147 -39.743042 9.367371

1492573488134 ACCELEROMETER 0.61750793 7.6634064 1.4198151

1492573488135 GYROSCOPE -1.1614838 2.4082184 0.21722412

1492573488245 MAGNETIC_FIELD -24.949646 -41.54358 -9.884644

1492573488263 GRAVITY -0.31710887 9.428873 2.6769736

1492573488264 LINEAR_ACCELERATION 1.0834616 1.2031908 0.37424088

1492573488266 ROTATION_VECTOR 0.551936 -0.24264997 -0.34544897

1492573488330 ACCELEROMETER 0.35168457 9.180969 2.8686218

1492573488331 GYROSCOPE -1.3857269 0.55459595 -0.10458374

1492573488440 MAGNETIC_FIELD -29.59137 -37.368774 -18.539429

1492573488463 GRAVITY 0.15151918 9.108937 3.6296957

1492573488464 LINEAR_ACCELERATION -1.1413776 0.11777115 0.99237204

1492573488466 ROTATION_VECTOR 0.50145066 -0.2519608 -0.35925728

1492573488525 ACCELEROMETER 2.3260498 8.096619 4.8919067

1492573488526 GYROSCOPE -0.057022095 0.89230347 0.67585754

1492573488635 MAGNETIC_FIELD -21.847534 -40.638733 -17.9245

1492573488663 GRAVITY -0.07043435 9.018919 3.8502638

1492573488664 LINEAR_ACCELERATION 3.3966198 -1.0052958 1.4915528

1492573488666 ROTATION_VECTOR 0.51348174 -0.20006919 -0.30900857

1492573488721 ACCELEROMETER 0.2064209 8.31781 2.526291

1492573488721 GYROSCOPE 1.0603485 1.0091553 -0.47227478

1492573488831 MAGNETIC_FIELD -19.744873 -42.974854 -9.307861

1492573488863 GRAVITY -1.3338349 9.36152 2.5986934

1492573488864 LINEAR_ACCELERATION -1.4486456 -5.3496323 5.842248

1492573488866 ROTATION_VECTOR 0.55331457 -0.24768223 -0.42407477

1492573488916 ACCELEROMETER -0.3815155 9.89534 0.49952698

1492573488917 GYROSCOPE 0.7502594 1.9132385 -0.22349548

1492573489026 MAGNETIC_FIELD -16.557312 -44.114685 -9.564209

1492573489063 GRAVITY -2.0294206 9.577907 0.5617261

1492573489064 LINEAR_ACCELERATION -0.13390768 0.24143982 0.9902152

1492573489066 ROTATION_VECTOR 0.6712638 -0.14410006 -0.29664424

1492573489111 ACCELEROMETER -1.6489716 8.996384 0.7489319

1492573489112 GYROSCOPE 0.3269348 0.32476807 -0.09146118

1492573489222 MAGNETIC_FIELD -15.559387 -44.37256 -7.359314

1492573489263 GRAVITY -2.207676 9.554135 -0.12265735

1492573489264 LINEAR_ACCELERATION 0.44814193 0.95836926 1.193548

1492573489266 ROTATION_VECTOR 0.6934973 -0.15910774 -0.30728772

1492573489306 ACCELEROMETER -1.0924988 10.912796 0.24499512

1492573489307 GYROSCOPE 0.29071045 -0.054611206 -0.21620178

1492573489417 MAGNETIC_FIELD -12.68158 -44.522095 -6.639099

1492573489463 GRAVITY -2.4358885 9.485635 -0.50948626

1492573489464 LINEAR_ACCELERATION 1.0869999 3.5692272 -0.6648638

1492573489466 ROTATION_VECTOR 0.70209247 -0.1817765 -0.3329235

1492573489502 ACCELEROMETER -2.168747 8.225693 -2.460205

1492573489503 GYROSCOPE -0.21598816 -0.54493713 -0.077194214

1492573489612 MAGNETIC_FIELD -12.0651245 -45.246887 -5.2749634

1492573489663 GRAVITY -2.528011 9.474604 -0.10695819

1492573489664 LINEAR_ACCELERATION -0.64067507 -0.11509228 -3.342226

1492573489666 ROTATION_VECTOR 0.68286455 -0.1978619 -0.36323324

1492573489697 ACCELEROMETER -2.1228638 8.885376 -1.2575378

1492573489698 GYROSCOPE 0.31140137 0.6717377 0.23930359

1492573489863 GRAVITY -2.0748205 9.535624 -0.9681855

1492573489864 LINEAR_ACCELERATION -0.33807135 -0.5836992 -0.24496794

1492573489866 ROTATION_VECTOR 0.71253264 -0.20411009 -0.31784192

1492573489893 ACCELEROMETER -2.0464478 9.637039 -1.2773438

1492573489894 GYROSCOPE -0.235672 0.6565552 0.1625824

1492573489894 MAGNETIC_FIELD -15.332031 -44.755554 -7.3043823

1492573490085 GRAVITY -1.6410778 9.6262245 -0.90169644

1492573490086 LINEAR_ACCELERATION -0.08019507 1.3787384 -0.39070165

1492573490087 ROTATION_VECTOR 0.71527076 -0.18536857 -0.27625313

1492573490089 ACCELEROMETER -0.9860687 9.872299 -1.3294525

1492573490090 GYROSCOPE -0.22511292 0.7190552 -0.14422607

1492573490091 MAGNETIC_FIELD -15.22522 -44.787598 -10.440063

1492573490270 GRAVITY -1.8088888 9.610795 -0.7286543

1492573490277 LINEAR_ACCELERATION 1.2450182 -0.6322708 -0.6361025

1492573490280 ROTATION_VECTOR 0.7208861 -0.1321903 -0.2443647

1492573490289 ACCELEROMETER 0.12863159 9.05925 -0.6733246

1492573490292 GYROSCOPE 0.0053253174 0.8112335 -0.51727295

1492573490294 MAGNETIC_FIELD -11.3342285 -44.369507 -10.786438

1492573490474 GRAVITY -2.2977252 9.4475765 -1.2783337

1492573490484 LINEAR_ACCELERATION 0.6651647 0.4835825 -0.36447

1492573490487 ROTATION_VECTOR 0.75046164 -0.04454452 -0.19352238

1492573490490 MAGNETIC_FIELD -5.8929443 -46.42334 -10.346985

1492573490551 GYROSCOPE 0.093566895 0.21937561 -0.29135132

1492573490601 ACCELEROMETER -2.0274506 9.207703 -0.14782715

1492573490678 GRAVITY -2.7778606 9.291195 -1.4586215

1492573490684 LINEAR_ACCELERATION -0.18776178 1.3071642 1.5721439

1492573490687 ROTATION_VECTOR 0.7576863 -0.016746622 -0.20064701

1492573490690 MAGNETIC_FIELD -3.8726807 -46.48285 -10.739136

1492573490796 ACCELEROMETER -2.6737976 9.854248 -2.325943

1492573490805 GYROSCOPE -0.16566467 -0.71232605 -0.13677979

1492573490875 GRAVITY -3.3636336 9.154806 -1.0226821

1492573490909 LINEAR_ACCELERATION -0.89292884 3.4305153 -2.6461158

1492573490913 ROTATION_VECTOR 0.7419799 -0.040101655 -0.2643627

1492573490915 MAGNETIC_FIELD -6.324768 -44.578552 -14.260864

1492573490987 ACCELEROMETER -1.958786 8.391113 -1.6172943

1492573490987 GYROSCOPE 0.19767761 0.11291504 0.48568726

1492573491069 GRAVITY -2.6013908 9.4008875 -1.0131488

1492573491070 LINEAR_ACCELERATION 0.42459106 -0.6484051 0.3397252

1492573491070 ROTATION_VECTOR 0.73723626 -0.09021572 -0.25563762

1492573491070 MAGNETIC_FIELD -9.971619 -44.441223 -13.453674

1492573491182 ACCELEROMETER -2.3021088 8.731857 -0.74446106

1492573491182 GYROSCOPE -0.07472229 0.5226288 0.28596497

1492573491261 MAGNETIC_FIELD -9.835815 -44.439697 -14.474487

1492573491266 GRAVITY -1.6165284 9.634074 -0.86129487

1492573491267 LINEAR_ACCELERATION -1.1294737 3.6999426 0.009294689

1492573491267 ROTATION_VECTOR 0.73440313 -0.06757082 -0.1723074

1492573491377 ACCELEROMETER -1.8129272 10.527069 -0.91012573

1492573491378 GYROSCOPE -0.27687073 0.54216003 -0.007827759

1492573491472 MAGNETIC_FIELD -10.813904 -44.213867 -16.783142

1492573491479 GRAVITY -1.0078404 9.67363 -1.2552058

1492573491481 LINEAR_ACCELERATION 4.933406 1.2040787 -0.7120583

1492573491484 ROTATION_VECTOR 0.74937886 -0.04928521 -0.11137562

1492573491577 ACCELEROMETER 1.3488159 8.391113 -1.4590302

1492573491586 GYROSCOPE 0.0949707 1.1060638 -0.1441803

1492573491664 MAGNETIC_FIELD -5.267334 -44.621277 -14.015198

1492573491674 GRAVITY -1.3351119 9.471609 -2.1625166

1492573491676 LINEAR_ACCELERATION 1.756799 -0.06495476 -0.08920336

1492573491679 ROTATION_VECTOR 0.7811084 0.011285415 -0.07819893

1492573491773 ACCELEROMETER -2.5052032 8.636688 -0.30708313

1492573491782 GYROSCOPE 0.51501465 -0.03993225 -0.06695557

1492573491851 MAGNETIC_FIELD -2.9052734 -45.376587 -11.218262

1492573491870 GRAVITY -2.018482 9.35728 -2.1301262

1492573491874 LINEAR_ACCELERATION 0.3332845 1.7847195 0.60321164

1492573491876 ROTATION_VECTOR 0.77981037 0.022405418 -0.11430049

1492573491963 ACCELEROMETER -2.6343842 10.880798 -2.1369324

1492573491964 GYROSCOPE -0.01689148 -0.47077942 -0.34272766

1492573492056 MAGNETIC_FIELD -4.220581 -46.040344 -11.235046

1492573492077 GRAVITY -2.14157 9.406918 -1.7589649

1492573492081 LINEAR_ACCELERATION 0.14384317 0.18238163 -1.1713172

1492573492082 ROTATION_VECTOR 0.76638424 -0.048347253 -0.18123241

1492573492157 ACCELEROMETER -1.753067 8.08638 -2.8896027

1492573492157 GYROSCOPE -0.038757324 -0.5429077 0.27861023

1492573492242 MAGNETIC_FIELD -6.0028076 -46.209717 -13.327026

1492573492267 GRAVITY -1.6475503 9.5069275 -1.753368

1492573492268 LINEAR_ACCELERATION -0.40170884 -1.534976 0.10939431

1492573492268 ROTATION_VECTOR 0.764289 -0.07252046 -0.16856818

1492573492359 ACCELEROMETER -2.0898132 8.385376 -1.7309875

1492573492363 GYROSCOPE 0.013183594 0.3328247 0.24491882

1492573492442 MAGNETIC_FIELD -8.19397 -44.51599 -13.908386

1492573492472 GRAVITY -1.2681837 9.578281 -1.6788741

1492573492477 LINEAR_ACCELERATION -1.4617189 0.72208977 0.35618293

1492573492481 ROTATION_VECTOR 0.7628133 -0.06094753 -0.13505349

1492573492553 ACCELEROMETER -2.061264 11.370178 -1.9788818

1492573492558 GYROSCOPE -0.11555481 0.4539032 0.04484558

1492573492673 GRAVITY -0.61599493 9.561843 -2.0885627

1492573492677 LINEAR_ACCELERATION 1.7288841 -4.601082 0.03898692

1492573492680 ROTATION_VECTOR 0.77709424 -0.05110345 -0.08132089

1492573492752 ACCELEROMETER 1.1496582 9.012909 -2.220932

1492573492756 GYROSCOPE 0.10205078 0.52745056 0.12207031

1492573492759 MAGNETIC_FIELD -8.746338 -45.24994 -13.134766

1492573492873 ROTATION_VECTOR 0.7804686 -0.020807983 -0.059341412

1492573492878 GRAVITY -0.65451616 9.545898 -2.1489153

1492573492880 LINEAR_ACCELERATION -0.11099976 -0.28706264 0.48200655

1492573492944 ACCELEROMETER -1.0908508 8.969864 -0.7969055

1492573492950 GYROSCOPE 0.07044983 0.11135864 -0.07991028

1492573492953 MAGNETIC_FIELD -7.218933 -45.132446 -13.48877

1492573493073 GRAVITY -1.154583 9.508691 -2.1028848

1492573493078 LINEAR_ACCELERATION -0.6146598 0.5763111 1.7318611

1492573493080 ROTATION_VECTOR 0.7788455 -0.024840144 -0.09533865

1492573493136 ACCELEROMETER -1.9735413 11.207031 -1.1151886

1492573493142 GYROSCOPE -0.04751587 -0.445755 -0.40361023

1492573493145 MAGNETIC_FIELD -6.791687 -45.803833 -13.018799

1492573493273 GRAVITY -1.7434866 9.467434 -1.8703837

1492573493277 LINEAR_ACCELERATION 0.08540392 -1.9125671 -2.27499

1492573493280 ROTATION_VECTOR 0.7697275 -0.0536898 -0.15845756

1492573493335 ACCELEROMETER -1.6968689 8.631943 -2.8327637

1492573493342 GYROSCOPE 0.045715332 -0.48284912 0.29666138

1492573493344 MAGNETIC_FIELD -4.3151855 -45.648193 -13.414001

1492573493473 GRAVITY -1.0183768 9.570801 -1.8796483

1492573493477 LINEAR_ACCELERATION -0.07545197 -1.7552652 -0.9057517

1492573493481 ROTATION_VECTOR 0.76350653 -0.11354794 -0.15952717

1492573493533 ACCELEROMETER -1.5090942 7.862015 -1.9434052

1492573493537 GYROSCOPE 0.006652832 0.027709961 0.29711914

1492573493539 MAGNETIC_FIELD -9.379578 -44.973755 -14.045715

1492573493673 GRAVITY -0.6968894 9.600794 -1.8733625

1492573493677 LINEAR_ACCELERATION -0.77986425 0.5688286 0.20885944

1492573493680 ROTATION_VECTOR 0.7635523 -0.11181579 -0.13746834

1492573493726 ACCELEROMETER -1.3930817 11.145279 -1.4254303

1492573493732 GYROSCOPE -0.302063 0.40126038 -0.0881958

1492573493735 MAGNETIC_FIELD -10.166931 -44.43512 -13.786316

1492573493873 GRAVITY -0.6026747 9.660629 -1.5746164

1492573493878 LINEAR_ACCELERATION -0.8683587 0.9860697 -0.04482925

1492573493880 ROTATION_VECTOR 0.7566586 -0.08803858 -0.11479628

1492573493923 ACCELEROMETER 0.96325684 8.704559 -2.0892792

1492573493927 GYROSCOPE 0.004333496 0.528656 -0.12672424

1492573493929 MAGNETIC_FIELD -9.29718 -44.477844 -17.475891

1492573494072 GRAVITY -0.8821534 9.646272 -1.530237

1492573494076 LINEAR_ACCELERATION -1.3993648 -0.16348362 2.3664443

1492573494078 ROTATION_VECTOR 0.7591589 -0.04120826 -0.094135255

1492573494116 MAGNETIC_FIELD -5.41687 -44.769287 -17.758179

1492573494202 ACCELEROMETER -1.2913055 8.436249 -0.07621765

1492573494206 GYROSCOPE 0.1686554 -0.11657715 0.043182373

1492573494273 GRAVITY -0.78846776 9.598499 -1.8486527

1492573494277 LINEAR_ACCELERATION -0.21987396 0.26047707 1.6397145

1492573494281 ROTATION_VECTOR 0.7677464 -0.06943032 -0.10911515

1492573494311 MAGNETIC_FIELD -7.7789307 -44.136047 -17.43927

1492573494395 ACCELEROMETER -1.4613342 10.290375 -0.6636658

1492573494401 GYROSCOPE 0.17402649 -0.39279175 -0.26268005

1492573494473 GRAVITY -1.538366 9.486868 -1.9501687

1492573494477 LINEAR_ACCELERATION -2.4654162 4.4100037 -1.3580528

1492573494480 ROTATION_VECTOR 0.76894414 -0.0903095 -0.17348841

1492573494506 MAGNETIC_FIELD -4.9194336 -45.039368 -13.926697

1492573494593 ACCELEROMETER -1.442276 8.455215 -3.5405273

1492573494612 GYROSCOPE 0.0957489 -0.66444397 0.1408081

1492573494670 GRAVITY -1.4032229 9.493615 -2.0180726

1492573494670 LINEAR_ACCELERATION -1.7231774 -0.30762196 1.1788561

1492573494671 ROTATION_VECTOR 0.7630539 -0.14367275 -0.20589983

1492573494700 MAGNETIC_FIELD -9.971619 -43.206787 -14.289856

1492573494779 ACCELEROMETER -1.2949677 8.037582 -2.616684

1492573494779 GYROSCOPE 0.04725647 -0.22409058 0.30570984

1492573494871 GRAVITY -1.0271093 9.549275 -1.9816049

1492573494871 LINEAR_ACCELERATION -0.89565593 -0.9772644 -0.0032383204

1492573494871 ROTATION_VECTOR 0.7563382 -0.17025377 -0.20381661

1492573494896 MAGNETIC_FIELD -11.679077 -42.578125 -15.248108

1492573494980 ACCELEROMETER -1.8766022 10.636475 -1.4792328

1492573494980 GYROSCOPE -0.31446838 0.26963806 -0.0050354004

1492573495072 GRAVITY -1.1293733 9.652556 -1.3126527

1492573495073 LINEAR_ACCELERATION -0.7006693 4.2829313 -0.54658186

1492573495073 ROTATION_VECTOR 0.737733 -0.15058774 -0.20565432

1492573495083 MAGNETIC_FIELD -10.919189 -39.50653 -19.178772

1492573495167 ACCELEROMETER -0.29264832 9.021973 -2.745987

1492573495170 GYROSCOPE -0.4421234 -0.92144775 -0.089035034

1492573495267 GRAVITY -1.2409158 9.721992 -0.33673847

1492573495268 LINEAR_ACCELERATION 3.1858873 0.17371178 -2.8743691

1492573495268 ROTATION_VECTOR 0.68710244 -0.2122714 -0.28751114

1492573495282 MAGNETIC_FIELD -12.683105 -38.5437 -18.16864

1492573495375 ACCELEROMETER -2.085907 9.032639 0.652771

1492573495382 GYROSCOPE 0.5622864 -0.7332916 -0.1699524

1492573495475 GRAVITY -1.7246089 9.569895 -1.2701296

1492573495485 LINEAR_ACCELERATION -0.33230495 -1.1607504 0.6528232

1492573495488 ROTATION_VECTOR 0.7022181 -0.26767203 -0.3405904

1492573495490 MAGNETIC_FIELD -15.917969 -37.371826 -13.075256

1492573495573 ACCELEROMETER -2.4690247 8.974442 -1.542099

1492573495579 GYROSCOPE 0.60998535 -2.7799835 0.26205444

1492573495673 GRAVITY -2.0790176 9.469377 -1.476135

1492573495676 LINEAR_ACCELERATION -0.8804467 -0.5969391 -0.75817835

1492573495680 ROTATION_VECTOR 0.6132393 -0.4463177 -0.48758227

1492573495682 MAGNETIC_FIELD -18.371582 -34.770203 -1.3061523

1492573495766 ACCELEROMETER -3.6322784 9.296738 -3.657486

1492573495775 GYROSCOPE 0.4624939 -3.8695679 0.38186646

1492573495876 GRAVITY -2.426681 9.460614 -0.8822648

1492573495883 LINEAR_ACCELERATION -3.7037377 -0.5688791 -3.3698182

1492573495885 MAGNETIC_FIELD -17.01355 -31.687927 11.618042

1492573495888 ROTATION_VECTOR 0.40603787 -0.61653566 -0.6378693

1492573495963 ACCELEROMETER -3.470047 8.234497 -3.2109985

1492573495970 GYROSCOPE 0.8910675 -2.183319 0.15951538

1492573496070 MAGNETIC_FIELD -9.292603 -29.631042 19.404602

1492573496076 GRAVITY -2.8975701 9.248645 -1.4956778

1492573496079 LINEAR_ACCELERATION -1.223062 -0.5157852 -1.7273246

1492573496081 ROTATION_VECTOR 0.28704068 -0.702756 -0.6486505

1492573496156 ACCELEROMETER -3.8832245 8.400223 -2.2300568

1492573496165 GYROSCOPE 0.236969 -1.381134 0.23324585

1492573496274 GRAVITY -2.956709 9.270066 -1.2223495

1492573496283 LINEAR_ACCELERATION -0.70620465 -0.9978447 -1.2959611

1492573496286 ROTATION_VECTOR -0.19589484 0.7238423 0.6609185

1492573496355 ACCELEROMETER -3.704239 9.224289 -1.7753448

1492573496361 GYROSCOPE 0.07279968 -0.7311096 -0.04447937

1492573496363 MAGNETIC_FIELD -3.9245605 -30.810547 20.935059

1492573496474 GRAVITY -3.2084944 9.221008 -0.92138577

1492573496483 LINEAR_ACCELERATION -0.4394257 2.5721645 -0.027065098

1492573496485 ROTATION_VECTOR -0.15976374 0.7221171 0.66845876

1492573496547 ACCELEROMETER -0.83670044 8.814163 -1.8428955

1492573496556 GYROSCOPE 0.2899933 -0.58187866 0.30075073

1492573496559 MAGNETIC_FIELD 2.4353027 -32.30591 19.4458

1492573496674 GRAVITY -2.8158822 9.350423 -0.90043324

1492573496683 LINEAR_ACCELERATION 0.9297216 1.8653288 1.6932404

1492573496686 ROTATION_VECTOR -0.09917008 0.7321712 0.6654811

1492573496743 ACCELEROMETER -1.1531677 8.8528595 -0.5998688

1492573496754 GYROSCOPE 0.22183228 -0.26397705 0.20066833

1492573496755 MAGNETIC_FIELD 2.7038574 -33.059692 21.990967

1492573496868 GRAVITY -2.2952127 9.4294615 -1.4098327

1492573496873 LINEAR_ACCELERATION 0.8690355 -0.09812927 0.94589925

1492573496875 ROTATION_VECTOR -0.05850515 0.7539619 0.64581186

1492573496931 MAGNETIC_FIELD 3.7719727 -32.258606 24.372864

1492573497041 ACCELEROMETER -2.3689728 10.685455 -1.0298309

1492573497046 GYROSCOPE 0.12387085 -0.96702576 -0.17799377

1492573497065 GRAVITY -2.7273843 9.322585 -1.3495048

1492573497066 LINEAR_ACCELERATION 0.13088131 0.8073969 0.84184146

1492573497067 ROTATION_VECTOR -0.02237219 0.7538601 0.63542885

1492573497125 MAGNETIC_FIELD 13.68103 -32.13806 21.975708

1492573497234 ACCELEROMETER -3.3208466 9.001541 -2.4809875

1492573497236 GYROSCOPE -0.08728027 -1.4782257 0.16931152

1492573497270 GRAVITY -2.8289337 9.386915 -0.23095691

1492573497274 LINEAR_ACCELERATION -1.6465247 -2.0146885 -1.4406526

1492573497276 ROTATION_VECTOR 0.08482139 0.71033853 0.6403851

1492573497322 MAGNETIC_FIELD 15.895081 -32.899475 17.843628

1492573497442 ACCELEROMETER -2.3728638 8.104477 -1.7735443

1492573497448 GYROSCOPE 0.3814087 -0.2987671 0.4373932

1492573497475 GRAVITY -2.1430326 9.533227 -0.8339006

1492573497481 LINEAR_ACCELERATION -0.69369364 -1.2216482 -0.6186687

1492573497484 ROTATION_VECTOR 0.15345007 0.72039586 0.6145216

1492573497525 MAGNETIC_FIELD 14.558411 -34.898376 20.071411

1492573497634 ACCELEROMETER -2.881012 9.803116 -1.1436768

1492573497643 GYROSCOPE -0.3060913 0.45492554 0.017578125

1492573497675 GRAVITY -1.8044522 9.607938 -0.7758058

1492573497682 LINEAR_ACCELERATION -1.3641695 0.26621532 -0.07697213

1492573497685 ROTATION_VECTOR 0.13185522 0.7226128 0.6335857

1492573497722 MAGNETIC_FIELD 13.098145 -36.878967 16.563416

1492573497833 ACCELEROMETER -1.1006927 9.371613 -1.5444183

1492573497839 GYROSCOPE -0.3703003 0.46818542 -0.10334778

1492573497875 GRAVITY -1.9185249 9.61644 -0.11724962

1492573497884 LINEAR_ACCELERATION 1.8850387 -3.0104408 -1.6968985

1492573497886 ROTATION_VECTOR 0.08650552 0.7060417 0.66744363

1492573497913 MAGNETIC_FIELD 13.46283 -36.83319 18.093872

1492573498025 ACCELEROMETER -1.8437653 8.799866 -0.71836853

1492573498033 GYROSCOPE 0.48554993 0.30474854 -0.19822693

1492573498093 GRAVITY -2.387066 9.470991 -0.8789866

1492573498094 LINEAR_ACCELERATION -0.8536141 0.007975578 1.1523299

1492573498095 ROTATION_VECTOR 0.044388704 0.73678046 0.64311403

1492573498098 MAGNETIC_FIELD 12.799072 -35.502625 21.313477

1492573498209 ACCELEROMETER -3.0573273 9.425018 -0.45309448

1492573498212 GYROSCOPE 0.253891 -0.5345001 -0.071136475

1492573498266 GRAVITY -2.4711614 9.410412 -1.2279592

1492573498278 LINEAR_ACCELERATION -0.338562 0.0024032593 1.0088005

1492573498281 ROTATION_VECTOR 0.06525775 0.74722815 0.62262857

1492573498294 MAGNETIC_FIELD 18.093872 -34.49402 18.908691

1492573498403 ACCELEROMETER -3.238083 8.925247 -2.5566864

1492573498404 GYROSCOPE 0.0076293945 -1.7794495 0.12945557

1492573498469 GRAVITY -2.924879 9.328967 -0.7654031

1492573498470 LINEAR_ACCELERATION -1.2223234 2.3246546 -3.6848898

1492573498470 ROTATION_VECTOR 0.14887686 0.71893 0.59320813

1492573498496 MAGNETIC_FIELD 20.63446 -37.031555 12.550354

1492573498606 ACCELEROMETER -2.2100677 8.724548 -1.7172241

1492573498607 GYROSCOPE 0.30392456 0.051834106 0.4526062

1492573498671 GRAVITY -2.1461484 9.524064 -0.9255512

1492573498671 LINEAR_ACCELERATION 1.2043641 0.6328068 -0.619572

1492573498671 ROTATION_VECTOR 0.24376065 0.69840586 0.5710399

1492573498691 MAGNETIC_FIELD 17.140198 -37.635803 14.3585205

1492573498801 ACCELEROMETER -2.8714447 8.87912 -0.6081085

1492573498802 GYROSCOPE -0.10914612 0.41505432 0.12208557

1492573498871 GRAVITY -1.6054906 9.607638 -1.1340553

1492573498871 LINEAR_ACCELERATION -1.3503401 -1.1545782 -0.029354692

1492573498871 ROTATION_VECTOR 0.2307576 0.7103321 0.5899194

1492573498896 MAGNETIC_FIELD 15.031433 -39.027405 13.014221

1492573499004 ACCELEROMETER -0.80844116 8.838715 -1.5552521

1492573499010 GYROSCOPE -0.31770325 0.6508789 -0.06072998

1492573499075 GRAVITY -1.7407671 9.637636 -0.50604874

1492573499083 LINEAR_ACCELERATION -1.7673382 5.940243 0.81274164

1492573499086 ROTATION_VECTOR 0.17556117 0.70354784 0.6278596

1492573499201 ACCELEROMETER -2.1167297 8.704834 0.3557434

1492573499207 GYROSCOPE 0.3025818 0.5559845 -0.3046112

1492573499210 MAGNETIC_FIELD 14.7491455 -39.183044 12.65564

1492573499275 GRAVITY -1.9543002 9.586931 -0.6647207

1492573499283 LINEAR_ACCELERATION 0.61367345 0.1580801 -1.1666461

1492573499286 ROTATION_VECTOR 0.14650345 0.7158408 0.6280367

1492573499395 ACCELEROMETER -2.8611755 9.025177 -0.44487

1492573499401 GYROSCOPE 0.15486145 -0.27626038 -0.019119263

1492573499404 MAGNETIC_FIELD 13.819885 -37.28485 18.69812

1492573499476 GRAVITY -2.147325 9.485908 -1.2557645

1492573499482 LINEAR_ACCELERATION 0.20332599 0.102249146 -0.104519606

1492573499485 ROTATION_VECTOR 0.12737334 0.7344576 0.5997997

1492573499588 ACCELEROMETER -3.3480225 9.699783 -2.8982391

1492573499596 GYROSCOPE -0.117263794 -1.5271759 -0.021591187

1492573499599 MAGNETIC_FIELD 16.229248 -35.26306 17.77649

1492573499675 GRAVITY -2.4214506 9.502976 -0.020006808

1492573499684 LINEAR_ACCELERATION -1.3333199 0.22398567 -0.26439783

1492573499686 ROTATION_VECTOR 0.23161837 0.6688595 0.5897533

1492573499786 ACCELEROMETER -2.2195892 8.542526 -1.3795929

1492573499792 GYROSCOPE 0.2184143 -0.30812073 0.48277283

1492573499794 MAGNETIC_FIELD 19.076538 -37.713623 9.907532

1492573499874 GRAVITY -1.4260556 9.678724 -0.6775213

1492573499881 LINEAR_ACCELERATION -1.4615228 -1.0882282 0.43908608

1492573499884 ROTATION_VECTOR 0.26601377 0.6810144 0.5925123

1492573499981 ACCELEROMETER -2.7932434 8.871124 -0.6836395

1492573499987 GYROSCOPE 0.063797 0.13175964 0.24699402

1492573499990 MAGNETIC_FIELD 14.451599 -38.03253 12.927246

1492573500064 GRAVITY -1.5412152 9.6708555 -0.5192191

1492573500066 LINEAR_ACCELERATION -0.7829342 1.2161608 -0.42486072

1492573500067 ROTATION_VECTOR 0.23577413 0.68620944 0.60748917

1492573500174 ACCELEROMETER -1.9001465 10.479691 -1.1520691

1492573500180 GYROSCOPE -0.19102478 0.27827454 -0.18696594

1492573500182 MAGNETIC_FIELD 14.041138 -37.812805 13.520813

1492573500275 GRAVITY -1.8920952 9.611583 -0.45588678

1492573500283 LINEAR_ACCELERATION 4.494205 -2.5807705 -2.6969762

1492573500286 ROTATION_VECTOR 0.204878 0.69373536 0.6119585

1492573500373 ACCELEROMETER -1.6131134 8.742447 0.3722992

1492573500379 GYROSCOPE 0.2243805 0.86305237 -0.4462433

1492573500381 MAGNETIC_FIELD 14.76593 -38.500977 13.600159

1492573500474 GRAVITY -2.2812862 9.418413 -1.5032036

1492573500483 LINEAR_ACCELERATION -0.18291473 -1.6466265 -0.73970914

1492573500486 ROTATION_VECTOR 0.15076254 0.7442531 0.5893755

1492573500563 MAGNETIC_FIELD 14.012146 -34.82361 20.26062

1492573500648 ACCELEROMETER -2.5787506 8.894119 -0.54267883

1492573500656 GYROSCOPE 0.16229248 -0.12817383 -0.065093994

1492573500674 GRAVITY -2.6345668 9.334 -1.4511673

1492573500681 LINEAR_ACCELERATION -0.40606856 0.27235508 0.28008115

1492573500683 ROTATION_VECTOR 0.15926203 0.74069196 0.5768465

1492573500761 MAGNETIC_FIELD 17.71698 -34.207153 17.774963

1492573500847 ACCELEROMETER -3.4359436 10.3042755 -3.0991516

1492573500853 GYROSCOPE -0.18751526 -1.3747864 0.009567261

1492573500875 GRAVITY -2.4990642 9.47676 -0.34073538

1492573500882 LINEAR_ACCELERATION 0.4322381 -1.6346626 -2.2656283

1492573500884 ROTATION_VECTOR 0.25685874 0.6718603 0.5641997

1492573500954 MAGNETIC_FIELD 19.784546 -36.68518 9.060669

1492573501041 ACCELEROMETER -1.73909 8.69043 -1.9746857

1492573501047 GYROSCOPE 0.31802368 -0.17552185 0.4850464

1492573501075 GRAVITY -1.6033612 9.609561 -1.1206967

1492573501081 LINEAR_ACCELERATION -1.1030282 -1.7000895 1.0889728

1492573501084 ROTATION_VECTOR 0.28842703 0.6884399 0.56309664

1492573501139 MAGNETIC_FIELD 16.148376 -37.094116 14.772034

1492573501226 ACCELEROMETER -2.606186 8.498795 -1.4084625

1492573501230 GYROSCOPE 0.0028686523 0.54299927 0.20948792

1492573501268 GRAVITY -1.2895473 9.657255 -1.1157403

1492573501271 LINEAR_ACCELERATION -0.9172287 0.25597 -0.3958118

1492573501274 ROTATION_VECTOR 0.26367098 0.698115 0.58612245

1492573501336 MAGNETIC_FIELD 13.20343 -37.994385 14.697266

1492573501430 ACCELEROMETER -2.263504 11.0186615 -0.97743225

1492573501437 GYROSCOPE -0.42755127 0.47633362 -0.1955719

1492573501475 GRAVITY -1.6321427 9.658801 -0.46265596

1492573501484 LINEAR_ACCELERATION 0.89763975 -2.1630983 -1.0417085

1492573501486 ROTATION_VECTOR 0.20562477 0.6937632 0.61983854

1492573501542 MAGNETIC_FIELD 14.326477 -38.41858 13.86261

1492573501625 ACCELEROMETER -0.9051819 8.721405 -0.7798462

1492573501633 GYROSCOPE 0.116760254 0.41481018 -0.2727661

1492573501675 GRAVITY -2.1071222 9.520646 -1.0429425

1492573501683 LINEAR_ACCELERATION -3.8857558 -0.08829212 7.0373516

1492573501686 ROTATION_VECTOR 0.16099411 0.72612405 0.6059154

1492573501734 MAGNETIC_FIELD 14.143372 -35.725403 19.100952

1492573501823 ACCELEROMETER -2.1789398 8.245895 -1.3061676

1492573501829 GYROSCOPE 0.22612 0.3186493 -0.041427612

1492573501875 GRAVITY -2.146907 9.466293 -1.3965938

1492573501894 LINEAR_ACCELERATION -0.68521667 -0.75104713 0.9353744

1492573501897 ROTATION_VECTOR 0.1551752 0.7396804 0.5952637

1492573501925 MAGNETIC_FIELD 17.10968 -35.020447 17.753601

1492573502012 ACCELEROMETER -3.649704 11.101944 -1.7263947

1492573502031 GYROSCOPE -0.13230896 -0.8392334 -0.3757782

1492573502065 GRAVITY -3.0559525 9.294231 -0.6699249

1492573502066 LINEAR_ACCELERATION -1.5810552 2.8425856 -1.7244856

1492573502067 ROTATION_VECTOR 0.17108297 0.7105542 0.58046013

1492573502121 MAGNETIC_FIELD 21.180725 -34.465027 9.103394

1492573502207 ACCELEROMETER -2.0673523 8.013062 -2.2289581

1492573502207 GYROSCOPE 0.11303711 -0.77267456 0.31584167

1492573502271 GRAVITY -2.4734197 9.472435 -0.5705754

1492573502272 LINEAR_ACCELERATION 0.6536133 1.468441 -1.1380854

1492573502278 ROTATION_VECTOR 0.2613669 0.6788067 0.5573245

1492573502315 MAGNETIC_FIELD 19.282532 -38.171387 11.077881

1492573502400 ACCELEROMETER -2.8344116 8.106506 -0.6033325

1492573502401 GYROSCOPE -0.085250854 -0.07040405 0.35165405

1492573502469 GRAVITY -1.8765992 9.615482 -0.4373472

1492573502470 LINEAR_ACCELERATION -0.9301685 -1.5602922 -0.62505007

1492573502470 ROTATION_VECTOR 0.27746943 0.66731495 0.5755425

1492573502517 MAGNETIC_FIELD 18.06488 -38.250732 8.195496

1492573502604 ACCELEROMETER -3.09227 10.242279 -0.1025238

1492573502610 GYROSCOPE -0.7186432 -0.26419067 -0.08143616

1492573502675 GRAVITY -2.0045633 9.5559845 0.9139331

1492573502684 LINEAR_ACCELERATION -1.313421 3.683426 -0.521138

1492573502687 ROTATION_VECTOR 0.26034954 0.6209835 0.60861284

1492573502802 ACCELEROMETER -1.9868622 8.053009 -0.4022827

1492573502807 GYROSCOPE 0.40296936 -0.59895325 0.0769043

1492573502810 MAGNETIC_FIELD 18.940735 -40.193176 1.3244629

1492573502875 GRAVITY -1.8298361 9.62362 0.45610082

1492573502884 LINEAR_ACCELERATION -2.1782022 0.5342159 -3.3120334

1492573502887 ROTATION_VECTOR 0.32688078 0.60818934 0.56198245

1492573502995 ACCELEROMETER -2.3839874 7.996582 -0.82899475

1492573503001 GYROSCOPE 0.82865906 -2.035736 0.29115295

1492573503003 MAGNETIC_FIELD 18.28003 -39.068604 1.4846802

1492573503075 GRAVITY -1.5591074 9.676445 -0.32555938

1492573503084 LINEAR_ACCELERATION -0.24665475 -0.49820042 -0.38730577

1492573503087 ROTATION_VECTOR 0.46167096 0.55087095 0.45505157

1492573503191 ACCELEROMETER -1.6758575 8.552292 -2.548706

1492573503197 GYROSCOPE 0.95918274 -2.884735 0.18443298

1492573503200 MAGNETIC_FIELD 16.45813 -39.657593 -2.7694702

1492573503275 GRAVITY -1.8136454 9.544673 -1.3342773

1492573503284 LINEAR_ACCELERATION -0.12727189 -0.7435446 -0.77769923

1492573503286 ROTATION_VECTOR 0.62622494 0.4193704 0.25733975

1492573503374 MAGNETIC_FIELD 13.839722 -41.719055 -8.389282

1492573503475 GRAVITY -2.6177144 9.256534 -1.9064499

1492573503486 LINEAR_ACCELERATION 0.533952 0.164814 -1.0536153

1492573503489 ROTATION_VECTOR 0.7344405 0.24041426 0.025855422

1492573503492 ACCELEROMETER -3.4945068 10.0620575 -4.0056

1492573503494 GYROSCOPE 0.8227844 -2.5718842 0.12538147

1492573503582 MAGNETIC_FIELD 10.160828 -42.50641 -11.816406

1492573503675 GRAVITY -3.0153806 9.122993 -1.961849

1492573503686 LINEAR_ACCELERATION -0.8651941 -0.82768536 -0.9341706

1492573503689 ROTATION_VECTOR 0.7671801 0.10705677 -0.11357964

1492573503692 ACCELEROMETER -4.00618 8.076157 -2.4261017

1492573503694 GYROSCOPE 0.40478516 -1.4565125 0.15551758

1492573503773 MAGNETIC_FIELD 7.2143555 -44.8761 -11.395264

1492573503881 GRAVITY -3.0653837 9.109733 -1.945911

1492573503887 LINEAR_ACCELERATION -1.2942803 0.7787361 -0.21322286

1492573503890 ROTATION_VECTOR 0.7738664 0.018564636 -0.18745519

1492573503892 ACCELEROMETER -3.9287415 9.687286 -2.3995667

1492573503895 GYROSCOPE 0.12924194 -0.6756592 0.14328003

1492573503971 MAGNETIC_FIELD 6.402588 -43.629456 -15.953064

1492573504077 GRAVITY -2.9506178 9.298241 -1.0034808

1492573504085 LINEAR_ACCELERATION 2.837172 -2.4597826 -1.0664359

1492573504088 ROTATION_VECTOR 0.74229556 -0.012671165 -0.21350804

1492573504091 ACCELEROMETER -1.4035339 9.032486 -2.2521973

1492573504093 GYROSCOPE -0.18226624 -0.67852783 0.16796875

1492573504171 MAGNETIC_FIELD 2.180481 -43.85376 -13.781738

1492573504263 ACCELEROMETER -2.0683594 8.814285 -1.4152832

1492573504270 GYROSCOPE 0.55700684 -0.82218933 0.21438599

1492573504272 GRAVITY -2.7315562 9.224438 -1.9022985

1492573504274 LINEAR_ACCELERATION 1.1212478 -0.7161541 -1.7824521

1492573504276 ROTATION_VECTOR 0.768237 -0.082475 -0.24419512

1492573504350 MAGNETIC_FIELD -1.9500732 -45.729065 -12.0224

1492573504462 ACCELEROMETER -2.4634552 9.101822 -0.74116516

1492573504467 GYROSCOPE 0.26419067 -0.9039917 0.0043029785

1492573504470 GRAVITY -2.785316 9.225223 -1.8187004

1492573504473 LINEAR_ACCELERATION 0.18417478 -0.2130394 0.6472063

1492573504475 ROTATION_VECTOR 0.7529813 -0.16045903 -0.30773792

1492573504546 MAGNETIC_FIELD -2.5268555 -45.518494 -10.350037

1492573504670 ACCELEROMETER -3.260559 9.378159 -2.5028229

1492573504676 GYROSCOPE -0.12075806 -1.5606384 -0.09786987

1492573504679 GRAVITY -3.5354314 9.071729 -1.1725423

1492573504681 LINEAR_ACCELERATION -1.2797456 5.041459 -3.3715525

1492573504684 ROTATION_VECTOR 0.7167352 -0.21464784 -0.4081534

1492573504753 MAGNETIC_FIELD -5.3848267 -46.066284 -11.607361

1492573504864 ACCELEROMETER -2.354889 8.145294 -1.9457245

1492573504873 GYROSCOPE 0.38793945 -0.42730713 0.3464508

1492573504875 GRAVITY -3.0916786 9.271196 -0.81045073

1492573504878 LINEAR_ACCELERATION 0.844476 1.538291 -1.3803897

1492573504881 ROTATION_VECTOR 0.6717366 -0.3001524 -0.45771116

1492573504945 MAGNETIC_FIELD -7.914734 -45.617676 -9.896851

1492573505050 ACCELEROMETER -3.1928406 8.585342 -0.69203186

1492573505056 GYROSCOPE 0.07984924 0.21917725 0.3257599

1492573505072 GRAVITY -2.4229171 9.3984165 -1.4034346

1492573505075 LINEAR_ACCELERATION -0.9568896 -1.4699383 0.3857013

1492573505076 ROTATION_VECTOR 0.6931928 -0.30172676 -0.4027893

1492573505136 MAGNETIC_FIELD -10.61554 -45.117188 -10.68573

1492573505247 ACCELEROMETER -2.5319977 10.68721 -1.8100128

1492573505247 GYROSCOPE -0.45845032 0.7419739 -0.13444519

1492573505271 GRAVITY -2.5109951 9.437061 -0.89842623

1492573505272 LINEAR_ACCELERATION -0.70725894 2.0124846 -0.5587629

1492573505272 ROTATION_VECTOR 0.69208527 -0.25850528 -0.3902217

1492573505332 MAGNETIC_FIELD -6.5856934 -43.815613 -14.920044

1492573505442 ACCELEROMETER -1.6996918 8.421204 -1.1318512

1492573505443 GYROSCOPE 0.2627716 0.78323364 -0.2954712

1492573505471 GRAVITY -2.650859 9.406962 -0.8077115

1492573505472 LINEAR_ACCELERATION 3.2932098 -0.53980255 -1.373306

1492573505472 ROTATION_VECTOR 0.70939064 -0.1947993 -0.34980568

1492573505637 ACCELEROMETER -2.5684967 9.0078125 -0.51408386

1492573505638 GYROSCOPE 0.088516235 -0.24183655 -0.08204651

1492573505644 MAGNETIC_FIELD -2.9541016 -45.20111 -10.876465

1492573505676 GRAVITY -2.8676634 9.241257 -1.5956416

1492573505682 LINEAR_ACCELERATION 1.4771731 -1.2173233 0.8269143

1492573505685 ROTATION_VECTOR 0.741981 -0.17555395 -0.32888922

1492573505841 ACCELEROMETER -3.9322968 10.276596 -1.5588684

1492573505864 GYROSCOPE 0.14649963 -1.1386566 -0.27844238

1492573505871 MAGNETIC_FIELD -3.4378052 -45.462036 -10.498047

1492573505874 GRAVITY -3.4988298 9.049412 -1.4271395

1492573505895 LINEAR_ACCELERATION 0.22812414 0.9608288 1.3321912

1492573505897 ROTATION_VECTOR 0.7324177 -0.19059943 -0.38165373

1492573506028 ACCELEROMETER -2.5857391 8.800995 -1.9963074

1492573506029 GYROSCOPE 0.094177246 -0.3432312 0.40812683

1492573506029 MAGNETIC_FIELD -3.6437988 -45.6604 -11.669922

1492573506071 GRAVITY -3.5978913 9.107522 -0.52783066

1492573506072 LINEAR_ACCELERATION 0.76142955 -2.1642141 -1.5195022

1492573506072 ROTATION_VECTOR 0.6774864 -0.26062244 -0.46554318

1492573506223 ACCELEROMETER -2.9432983 8.196976 -0.89160156

1492573506224 GYROSCOPE -0.051498413 0.40802002 0.35279846

1492573506224 MAGNETIC_FIELD -8.174133 -45.298767 -9.57489

1492573506275 GRAVITY -2.748187 9.37571 -0.84493846

1492573506282 LINEAR_ACCELERATION 0.1553173 -1.5881472 -0.21642959

1492573506285 ROTATION_VECTOR 0.68090355 -0.28186917 -0.4237841

1492573506427 ACCELEROMETER -3.267334 11.464737 -0.75953674

1492573506433 GYROSCOPE -0.28874207 0.76860046 -0.062026978

1492573506436 MAGNETIC_FIELD -9.947205 -45.658875 -11.061096

1492573506475 GRAVITY -2.329134 9.479827 -0.9372339

1492573506484 LINEAR_ACCELERATION -1.0836003 0.3510399 0.294154

1492573506487 ROTATION_VECTOR 0.69358397 -0.2583156 -0.37828377

1492573506612 ACCELEROMETER -0.18525696 8.218918 -1.8974304

1492573506616 GYROSCOPE 0.013793945 1.2512054 -0.2982788

1492573506618 MAGNETIC_FIELD -5.732727 -44.981384 -14.183044

1492573506670 GRAVITY -2.3979418 9.464478 -0.91865784

1492573506674 LINEAR_ACCELERATION 3.1129959 -2.9019012 -1.0500044

1492573506676 ROTATION_VECTOR 0.7186323 -0.17437367 -0.31454518

1492573506806 ACCELEROMETER -2.4601288 9.029556 -0.18978882

1492573506810 GYROSCOPE 0.11451721 0.3018036 -0.13858032

1492573506813 MAGNETIC_FIELD -1.2298584 -45.799255 -11.56311

1492573506876 GRAVITY -2.6696274 9.285229 -1.6816659

1492573506885 LINEAR_ACCELERATION -0.6222651 0.40876865 1.2577461

1492573506887 ROTATION_VECTOR 0.75991523 -0.09093913 -0.25008723

1492573507004 MAGNETIC_FIELD -0.1663208 -44.496155 -12.078857

1492573507070 GRAVITY -2.9095616 9.185287 -1.8262937

1492573507074 LINEAR_ACCELERATION -0.48883224 -0.5816841 1.5170748

1492573507076 ROTATION_VECTOR 0.7655273 -0.08416041 -0.2579215

1492573507088 ACCELEROMETER -3.6801758 10.852386 -1.1776886

1492573507092 GYROSCOPE 0.02331543 -0.94433594 -0.2527008

1492573507192 MAGNETIC_FIELD -2.0385742 -45.73822 -14.230347

1492573507265 GRAVITY -3.4177592 9.15894 -0.77660644

1492573507266 LINEAR_ACCELERATION 0.028823614 -0.64080524 -2.9458647

1492573507268 ROTATION_VECTOR 0.72000283 -0.14557424 -0.35850045

1492573507277 ACCELEROMETER -2.6771393 9.147446 -1.8416443

1492573507279 GYROSCOPE -0.06903076 -0.3801422 0.36463928

1492573507393 MAGNETIC_FIELD -6.1813354 -44.126892 -13.9678955

1492573507482 GRAVITY -2.5818572 9.4146185 -0.93239844

1492573507489 LINEAR_ACCELERATION 0.2707796 -1.6254301 -0.64137936

1492573507492 ROTATION_VECTOR 0.7195409 -0.17262682 -0.32432738

1492573507499 ACCELEROMETER -2.5976868 8.061386 -0.8161926

1492573507502 GYROSCOPE -0.0033874512 0.32643127 0.46925354

1492573507584 MAGNETIC_FIELD -8.241272 -45.35675 -13.371277

1492573507674 GRAVITY -1.8336354 9.571687 -1.0913233

1492573507678 LINEAR_ACCELERATION -1.1250305 -0.5488043 0.5148536

1492573507681 ACCELEROMETER -3.0617065 10.647049 -0.67840576

1492573507684 ROTATION_VECTOR 0.72437054 -0.17586741 -0.27634305

1492573507687 GYROSCOPE -0.3660431 0.56970215 -0.09031677

1492573507779 MAGNETIC_FIELD -5.5648804 -43.551636 -18.084717

1492573507865 ACCELEROMETER 0.8611908 7.8812103 -1.9238434

1492573507872 GYROSCOPE -0.0030822754 0.75590515 -0.15545654

1492573507874 GRAVITY -2.330361 9.466631 -1.0595748

1492573507877 LINEAR_ACCELERATION -0.12830806 -0.9433174 -1.0140936

1492573507882 ROTATION_VECTOR 0.74215454 -0.056832444 -0.2086741

1492573507975 MAGNETIC_FIELD -0.076293945 -45.413208 -15.541077

1492573508060 ACCELEROMETER -3.0406647 7.6622467 -0.5359802

1492573508063 GYROSCOPE 1.000946 -0.23735046 0.12400818

1492573508069 GRAVITY -2.281615 9.158225 -2.662993

1492573508072 LINEAR_ACCELERATION -0.61094165 -3.4917946 1.5265045

1492573508079 ROTATION_VECTOR 0.78566176 -0.13605323 -0.24367848

1492573508169 MAGNETIC_FIELD -7.055664 -45.195007 -1.0131836

1492573508254 ACCELEROMETER -1.5947723 1.1009216 -0.92700195

1492573508255 GYROSCOPE 2.6487427 -1.457962 1.541626

1492573508280 GRAVITY -0.92635363 6.989949 -6.8156343

1492573508284 LINEAR_ACCELERATION -0.63232636 -6.8307714 4.432479

1492573508288 ROTATION_VECTOR 0.82626504 -0.40593928 -0.21675171

1492573508372 MAGNETIC_FIELD -19.53125 -35.746765 20.20111

1492573508457 ACCELEROMETER 0.99775696 3.479538 -10.697662

1492573508464 GYROSCOPE 2.452118 0.1899414 1.5876007

1492573508473 GRAVITY 1.5743561 3.1389341 -9.156358

1492573508476 LINEAR_ACCELERATION 1.2969791 -2.3402798 -10.335432

1492573508479 ROTATION_VECTOR 0.79972374 -0.5720894 -0.028302519

1492573508563 MAGNETIC_FIELD -38.552856 -9.043884 27.584839

1492573508652 ACCELEROMETER 4.872711 2.5449219 -13.309601

1492573508657 GYROSCOPE 0.8401642 0.5356903 1.8273773

1492573508672 GRAVITY 3.1261694 0.9072971 -9.250636

1492573508674 LINEAR_ACCELERATION 7.3457527 2.0369172 -6.9354362

1492573508678 ROTATION_VECTOR 0.66823167 -0.72465 0.075117335

1492573508759 MAGNETIC_FIELD -35.394287 -12.660217 29.6875

1492573508840 ACCELEROMETER 4.5613556 2.1945038 -12.94046

1492573508841 GYROSCOPE -1.0966644 -1.7120972 0.10102844

1492573508865 GRAVITY 0.4802191 2.9459662 -9.341363

1492573508866 LINEAR_ACCELERATION 4.3564997 2.0202637 -0.38287926

1492573508871 ROTATION_VECTOR 0.6493459 -0.74473274 -0.09829371

1492573508951 MAGNETIC_FIELD -23.54126 -23.614502 32.652283

1492573509035 ACCELEROMETER -2.1256104 -0.33465576 -9.062988

1492573509036 GYROSCOPE -0.82614136 -2.7968445 0.3311615

1492573509065 GRAVITY -3.5581803 4.5452657 -7.9278183

1492573509066 LINEAR_ACCELERATION -4.056358 -1.6467905 1.4665399

1492573509067 ROTATION_VECTOR 0.59105796 -0.74488705 -0.309499

1492573509235 ACCELEROMETER -3.3888397 4.3040314 -3.3758545

1492573509240 GYROSCOPE -2.2972565 -2.713623 -1.3535461

1492573509243 MAGNETIC_FIELD -1.3290405 -24.16687 36.297607

1492573509269 GRAVITY -7.8417234 5.2543926 -2.658783

1492573509273 LINEAR_ACCELERATION 2.7819405 2.6836996 -1.8188651

1492573509276 ROTATION_VECTOR -0.5518038 0.5753892 0.5896637

1492573509433 ACCELEROMETER -9.211243 -0.0834198 3.312973

1492573509436 GYROSCOPE -2.7416077 -2.0051727 -2.2404175

1492573509439 MAGNETIC_FIELD 26.670837 -32.896423 4.853821

1492573509469 GRAVITY -9.225664 2.0532823 2.6156352

1492573509473 LINEAR_ACCELERATION 0.35514164 -1.4829857 4.404637

1492573509475 ROTATION_VECTOR -0.5624315 0.22430013 0.78561306

1492573509626 ACCELEROMETER -8.78978 -1.568634 8.466537

1492573509648 GYROSCOPE -0.32102966 -1.6948395 -0.95780945

1492573509653 MAGNETIC_FIELD 38.659668 -22.3526 -14.595032

1492573509672 GRAVITY -7.694282 -0.14633873 6.078404

1492573509677 LINEAR_ACCELERATION 3.7192144 0.17705226 -1.8579946

1492573509686 ROTATION_VECTOR -0.42612547 0.09222107 0.87580967

1492573509816 MAGNETIC_FIELD 33.744812 -17.166138 -23.417664

1492573509865 GRAVITY -6.3029375 0.04165724 7.5127645

1492573509865 LINEAR_ACCELERATION 0.6402583 -0.31991294 0.52565

1492573509867 ROTATION_VECTOR -0.33237574 0.08051075 0.91473496

1492573509926 ACCELEROMETER -6.853958 -0.03515625 7.4228516

1492573509927 GYROSCOPE 0.287323 -0.87667847 0.19630432

1492573510013 MAGNETIC_FIELD 30.784607 -22.51587 -26.89972

1492573510067 GRAVITY -6.4391937 0.6885728 7.364309

1492573510072 LINEAR_ACCELERATION 1.3328772 0.18931842 1.6393905

1492573510075 ROTATION_VECTOR -0.34037292 0.09311835 0.92364067

1492573510123 ACCELEROMETER -5.0981903 0.8479767 7.779114

1492573510126 GYROSCOPE -0.13459778 0.3296814 0.66342163

1492573510210 MAGNETIC_FIELD 28.178406 -29.199219 -22.32666

1492573510265 GRAVITY -6.2338367 3.4210958 6.7532043

1492573510265 LINEAR_ACCELERATION 0.04182434 -2.2036405 1.3264914

1492573510267 ROTATION_VECTOR -0.33142787 0.21409804 0.9165112

1492573510317 ACCELEROMETER -6.3821716 1.975769 8.043243

1492573510317 GYROSCOPE 1.1747131 0.14678955 1.3139191

1492573510402 MAGNETIC_FIELD 21.385193 -40.211487 -10.9375

1492573510466 GRAVITY -5.7880573 6.6508408 4.2936115

1492573510468 LINEAR_ACCELERATION -1.4403076 -1.4570193 3.2372427

1492573510469 ROTATION_VECTOR -0.3421401 0.40500233 0.8477961

1492573510514 ACCELEROMETER -6.8585815 5.1106873 7.311447

1492573510517 GYROSCOPE 2.3969421 0.56007385 1.0070953

1492573510600 MAGNETIC_FIELD 15.232849 -40.756226 20.469666

1492573510667 GRAVITY -5.358243 7.7089524 -2.8340194

1492573510672 LINEAR_ACCELERATION -0.9275532 0.6057849 4.6657324

1492573510675 ROTATION_VECTOR -0.29361412 0.74718505 0.580133

1492573510709 ACCELEROMETER -4.845169 5.638336 1.9967346

1492573510712 GYROSCOPE 5.325424 -0.60227966 0.17276001

1492573510794 MAGNETIC_FIELD 27.435303 -6.8740845 37.519836

1492573510867 GRAVITY -8.9904375 2.7590563 -2.7802942

1492573510873 LINEAR_ACCELERATION 3.183055 -4.1830206 1.3411984

1492573510876 ROTATION_VECTOR -0.13843544 0.7890445 0.27183828

1492573510906 ACCELEROMETER -5.620743 -0.9925842 -2.240921

1492573510908 GYROSCOPE 3.2523804 -4.0678253 -0.9724884

1492573510990 MAGNETIC_FIELD 42.86194 11.140442 -8.621216

1492573511067 GRAVITY -8.233114 1.34078 5.156406

1492573511072 LINEAR_ACCELERATION -4.135574 -1.2334734 -2.4270387

1492573511074 ROTATION_VECTOR 0.05823354 0.48343077 0.03628432

1492573511100 ACCELEROMETER -9.985306 -0.2188263 1.2366638

1492573511103 GYROSCOPE 1.4773712 -6.5120087 -0.6500702

1492573511185 MAGNETIC_FIELD 12.927246 8.8394165 -45.933533

1492573511267 GRAVITY -1.2719834 2.2572055 9.458196

1492573511273 LINEAR_ACCELERATION -3.8677268 -0.832953 0.47140026

1492573511276 ROTATION_VECTOR 0.12723972 0.039702386 -0.20728791

1492573511296 ACCELEROMETER -4.6660767 0.89538574 9.891998

1492573511299 GYROSCOPE 0.90763855 -1.3086853 -1.0308533

1492573511381 MAGNETIC_FIELD 0.5859375 6.878662 -48.724365

1492573511467 GRAVITY 0.045018792 1.9850291 9.603542

1492573511473 LINEAR_ACCELERATION -1.7479118 -1.0684144 0.6787729

1492573511476 ROTATION_VECTOR 0.09490187 -0.036732346 -0.33796

1492573511493 ACCELEROMETER -3.271515 0.7740021 9.863937

1492573511496 GYROSCOPE -0.46983337 -0.981781 -0.8976135

1492573511577 MAGNETIC_FIELD -4.33197 12.464905 -48.724365

1492573511667 GRAVITY 0.59632045 1.1130126 9.7250185

1492573511673 LINEAR_ACCELERATION -2.3134212 -0.32140732 1.199975

1492573511676 ROTATION_VECTOR 0.041511197 -0.049384788 -0.3701022

1492573511687 ACCELEROMETER -1.7851105 0.79963684 9.947479

1492573511689 GYROSCOPE -0.26504517 -0.17611694 0.019958496

1492573511772 MAGNETIC_FIELD -3.9505005 14.025879 -49.290466

1492573511867 GRAVITY 0.45669937 0.9409214 9.750717

1492573511873 LINEAR_ACCELERATION -1.8969299 0.039146423 0.32285118

1492573511876 ROTATION_VECTOR 0.036548804 -0.038935687 -0.35656074

1492573511882 ACCELEROMETER -1.2134247 0.9806366 9.480438

1492573511885 GYROSCOPE -0.005584717 0.056259155 0.06288147

1492573512065 GRAVITY 0.4415851 1.0564512 9.739574

1492573512066 LINEAR_ACCELERATION -1.4678571 -0.34466934 -0.8148165

1492573512068 ROTATION_VECTOR 0.04310237 -0.03952367 -0.33874103

1492573512075 ACCELEROMETER -1.1470032 1.1710663 9.133896

1492573512076 GYROSCOPE 0.15896606 -0.16055298 0.024993896

1492573512077 MAGNETIC_FIELD -5.2246094 14.331055 -48.310852

