1499175996370 ACCELEROMETER -2.699829 2.894394 9.166901

1499175996372 GYROSCOPE 0.079071045 0.8192749 1.5397339

1499175996373 MAGNETIC_FIELD -7.4890137 -27.793884 -41.093445

1499175996374 GRAVITY -2.760504 2.9704425 8.928968

1499175996374 LINEAR_ACCELERATION 0.0 0.0 -0.0

1499175996374 ROTATION_VECTOR 0.0 0.0 0.0

1499175996570 ACCELEROMETER -0.6937256 2.5978851 9.161621

1499175996571 GYROSCOPE -0.3866272 0.28735352 0.9255676

1499175996572 MAGNETIC_FIELD -13.058472 -24.935913 -41.586304

1499175996572 GRAVITY -1.8787342 2.8907454 9.18065

1499175996573 LINEAR_ACCELERATION 1.1020476 -0.43839264 0.27554226

1499175996573 ROTATION_VECTOR 0.15943085 -0.08061592 -0.85074794

1499175996771 ACCELEROMETER 0.119384766 3.7678986 7.47287

1499175996772 GYROSCOPE -0.05871582 3.0517578E-5 0.44812012

1499175996773 MAGNETIC_FIELD -13.565063 -19.721985 -43.063354

1499175996774 GRAVITY -1.2057635 3.2709548 9.1661

1499175996774 LINEAR_ACCELERATION 1.1924965 0.7277808 -1.2972097

1499175996775 ROTATION_VECTOR 0.1592818 -0.08537159 -0.7357773

1499175996971 ACCELEROMETER 0.7290802 2.9407043 10.999786

1499175996973 GYROSCOPE 0.44223022 -0.71240234 -0.4790039

1499175996973 MAGNETIC_FIELD -15.420532 -17.5354 -43.226624

1499175996974 LINEAR_ACCELERATION 0.9334462 -0.31795144 1.8604155

1499175996974 GRAVITY -0.22189139 3.3132398 9.227328

1499175996975 ROTATION_VECTOR 0.120652415 -0.122393526 -0.7462019

1499175997207 ACCELEROMETER -0.056289673 3.3832092 8.411835

1499175997208 GYROSCOPE -0.13134766 0.25637817 1.0986023

1499175997208 MAGNETIC_FIELD -18.46466 -15.324402 -42.837524

1499175997209 LINEAR_ACCELERATION -0.35764244 -0.18662119 -0.36942863

1499175997209 GRAVITY 0.42208463 3.6488683 9.092744

1499175997210 ROTATION_VECTOR 0.10741308 -0.15767536 -0.74239326

1499175997407 ACCELEROMETER 0.2831726 3.3265533 11.211121

1499175997408 GYROSCOPE 0.8619995 -0.002105713 1.0986023

1499175997409 MAGNETIC_FIELD -18.39447 -15.596008 -42.4942

1499175997409 LINEAR_ACCELERATION -0.44314295 -0.69839334 2.7101212

1499175997410 GRAVITY 0.85540193 3.8119159 8.994885

1499175997410 ROTATION_VECTOR 0.11103152 -0.1704713 -0.6835059

1499175997608 ACCELEROMETER 1.1696167 2.4455414 9.6502075

1499175997608 GYROSCOPE 0.6558533 -1.1150818 0.24090576

1499175997609 MAGNETIC_FIELD -17.707825 -14.0686035 -43.80493

1499175997610 GRAVITY 2.1579845 4.6733456 8.347055

1499175997610 LINEAR_ACCELERATION -0.9348028 -2.296358 0.62399006

1499175997611 ROTATION_VECTOR 0.105093926 -0.2517417 -0.6506497

1499175997809 ACCELEROMETER 2.7125854 0.43463135 5.159317

1499175997810 GYROSCOPE -1.7110901 -0.6515198 -1.462738

1499175997811 MAGNETIC_FIELD -21.885681 -13.215637 -41.963196

1499175997812 GRAVITY 3.2518342 3.7230058 8.469663

1499175997813 LINEAR_ACCELERATION -0.15382409 -3.3137026 -2.7289352

1499175997813 ROTATION_VECTOR -0.0028841493 -0.2610729 -0.7340045

1499175998009 ACCELEROMETER 2.1896362 3.4345245 13.235214

1499175998011 GYROSCOPE 0.14743042 0.60565186 -0.06991577

1499175998012 MAGNETIC_FIELD -20.118713 -13.865662 -41.667175

1499175998013 GRAVITY 2.4729557 2.807048 9.0650625

1499175998013 LINEAR_ACCELERATION -0.7031207 1.0702641 3.8193045

1499175998014 ROTATION_VECTOR -0.01631191 -0.19376369 -0.78782684

1499175998209 ACCELEROMETER -2.4666748 3.0996094 6.2786407

1499175998211 GYROSCOPE 1.3330383 0.61846924 1.828125

1499175998212 MAGNETIC_FIELD -15.322876 -16.035461 -42.34314

1499175998213 GRAVITY 1.4500289 3.6879683 8.970323

1499175998214 LINEAR_ACCELERATION -4.003363 -0.63246655 -1.9829473

1499175998214 ROTATION_VECTOR 0.08005419 -0.19034745 -0.70058036

1499175998410 ACCELEROMETER 0.7852478 1.603714 12.746811

1499175998411 GYROSCOPE -0.1484375 -0.69104004 -0.080596924

1499175998412 MAGNETIC_FIELD -17.78717 -19.985962 -41.581726

1499175998413 GRAVITY 2.010565 4.0737247 8.69096

1499175998413 LINEAR_ACCELERATION -0.7876291 -2.539775 3.6346035

1499175998414 ROTATION_VECTOR 0.08181008 -0.22403456 -0.67058986

1499175998610 ACCELEROMETER 4.937973 0.13012695 7.5516357

1499175998612 GYROSCOPE 0.027801514 -1.218689 -2.83313

1499175998613 MAGNETIC_FIELD -14.23645 -23.072815 -38.050842

1499175998613 GRAVITY 2.6734624 4.0556636 8.519071

1499175998614 LINEAR_ACCELERATION 2.6612263 -3.914836 -0.08156872

1499175998614 ROTATION_VECTOR 0.002422246 -0.2562077 -0.8019831

1499175998810 ACCELEROMETER -3.6267548 5.3499756 8.015564

1499175998811 GYROSCOPE -0.857666 1.0467834 -0.2397461

1499175998812 MAGNETIC_FIELD -17.098999 -26.612854 -31.588745

1499175998812 GRAVITY 1.0004009 4.1333046 8.836593

1499175998813 LINEAR_ACCELERATION -5.6674557 1.5893593 -1.3836145

1499175998813 ROTATION_VECTOR 0.046712555 -0.21743295 -0.8782837

1499175999016 GRAVITY -0.28123868 3.8883708 8.998437

1499175999017 LINEAR_ACCELERATION -2.0116127 2.1436765 2.6323538

1499175999017 ROTATION_VECTOR 0.11326418 -0.1684596 -0.8498841

1499175999018 ACCELEROMETER -2.8795166 5.767151 10.56189

1499175999018 GYROSCOPE 0.66119385 0.70391846 1.3442688

1499175999018 MAGNETIC_FIELD -21.401978 -23.106384 -27.816772

1499175999217 GRAVITY 1.8149173 5.319 8.036461

1499175999217 LINEAR_ACCELERATION -0.706203 -3.2399 -0.6589651

1499175999218 ROTATION_VECTOR 0.08539493 -0.28803167 -0.77791435

1499175999218 ACCELEROMETER 1.1240692 2.3968964 8.389221

1499175999218 GYROSCOPE 1.2059326 -2.2141724 0.9576111

1499175999219 MAGNETIC_FIELD -24.240112 -17.156982 -31.23169

1499175999418 GRAVITY 5.175411 6.356958 5.382805

1499175999418 LINEAR_ACCELERATION 1.5623074 -3.0082688 0.018347263

1499175999419 ROTATION_VECTOR -0.07169539 -0.46948174 -0.7585096

1499175999419 ACCELEROMETER 6.1338654 2.8108368 4.843689

1499175999419 GYROSCOPE 0.33755493 -2.905243 -1.0589905

1499175999420 MAGNETIC_FIELD -37.73346 -16.325378 -9.915161

1499175999617 ACCELEROMETER 5.3913116 8.959824 10.898285

1499175999617 GYROSCOPE 3.2834167 1.7880554 1.0622864

1499175999618 MAGNETIC_FIELD -38.38806 -19.999695 -1.4480591

1499175999618 GRAVITY 5.3335724 7.789239 2.6553988

1499175999618 LINEAR_ACCELERATION -0.38900518 1.2104316 8.121285

1499175999619 ROTATION_VECTOR -0.053804398 -0.60142946 -0.6952137

1499175999817 GRAVITY 6.3139105 7.366864 1.4262624

1499175999817 LINEAR_ACCELERATION -4.1953707 0.44548845 6.8256884

1499175999817 ROTATION_VECTOR 0.11630806 -0.6432366 -0.47781536

1499175999818 ACCELEROMETER 1.6387634 7.301956 7.8717346

1499175999818 GYROSCOPE 2.3146362 1.932251 0.41394043

1499175999818 MAGNETIC_FIELD -41.098022 -16.89148 -13.639832

1499176000014 ACCELEROMETER 7.6292725 5.1300507 3.5390015

1499176000015 GRAVITY 7.1218963 6.7379994 0.21986747

1499176000016 LINEAR_ACCELERATION 0.7800188 -2.0658708 2.8929458

1499176000016 GYROSCOPE 0.7754822 -0.88116455 0.5720215

1499176000016 MAGNETIC_FIELD -36.177063 -18.569946 -22.624207

1499176000017 ROTATION_VECTOR 0.18995829 -0.6728341 -0.33177894

1499176000216 ACCELEROMETER 9.22435 3.3812866 1.1231537

1499176000218 GRAVITY 6.74895 7.1022553 0.424294

1499176000219 LINEAR_ACCELERATION 2.9372725 -3.0415196 1.0794154

1499176000219 ROTATION_VECTOR 0.17389163 -0.6694242 -0.38165632

1499176000220 GYROSCOPE -1.8520813 -0.09609985 -1.4317627

1499176000221 MAGNETIC_FIELD -41.085815 -6.8374634 -22.486877

1499176000421 GRAVITY 3.5027623 8.759056 2.6795466

1499176000427 LINEAR_ACCELERATION -2.3504047 -0.42883492 3.8433301

1499176000429 ROTATION_VECTOR 0.28917632 -0.5289217 -0.50791174

1499176000431 ACCELEROMETER 1.5899048 8.292679 6.7242584

1499176000434 GYROSCOPE 0.3493042 1.9365234 -1.9337769

1499176000436 MAGNETIC_FIELD -43.86902 -8.9782715 -10.955811

1499176000628 ACCELEROMETER 6.718811 12.003738 10.630005

1499176000632 GYROSCOPE 3.1157227 2.4299927 0.045440674

1499176000635 MAGNETIC_FIELD -32.373047 -27.601624 -21.705627

1499176000637 GRAVITY 2.1121638 9.548496 0.731695

1499176000639 LINEAR_ACCELERATION 4.998888 2.8739166 10.370598

1499176000642 ROTATION_VECTOR 0.5048517 -0.45587134 -0.36215675

1499176000831 ACCELEROMETER 5.232132 -1.0117645 -1.543335

1499176000837 GYROSCOPE -1.3746338 -2.1169739 1.309021

1499176000840 MAGNETIC_FIELD -31.221008 -29.382324 -23.5672

1499176000842 GRAVITY 3.6670427 9.053634 -0.8688458

1499176000844 LINEAR_ACCELERATION 1.5698473 -10.102095 -1.1643684

1499176000847 ROTATION_VECTOR 0.53006965 -0.513152 -0.25311258

1499176001029 ACCELEROMETER 11.909622 6.648346 5.2164307

1499176001037 GYROSCOPE -1.0670166 0.356781 -2.120697

1499176001040 MAGNETIC_FIELD -40.37628 -7.9299927 -32.32422

1499176001043 GRAVITY 3.5690212 9.065878 1.1146023

1499176001045 LINEAR_ACCELERATION 8.714256 -1.6721516 4.418183

1499176001047 ROTATION_VECTOR 0.43002674 -0.50818115 -0.3534649

1499176001232 ACCELEROMETER -2.103714 3.2422943 -0.79841614

1499176001239 GYROSCOPE -3.9605408 2.7376099 -1.9647522

1499176001242 MAGNETIC_FIELD -48.51837 -12.666321 -8.630371

1499176001245 GRAVITY -2.1541402 8.046425 5.1754336

1499176001247 LINEAR_ACCELERATION -0.38985503 -4.3831015 -5.8431067

1499176001249 ROTATION_VECTOR 0.4555565 -0.16909935 -0.50569385

1499176001418 GRAVITY -7.5059805 4.0599413 4.831927

1499176001419 LINEAR_ACCELERATION 18.065434 5.8520436 -1.7903094

1499176001419 ACCELEROMETER 11.546814 9.240677 2.2668762

1499176001420 GYROSCOPE -1.2881165 2.535736 -1.2480469

1499176001420 MAGNETIC_FIELD -42.93213 -20.054626 -10.914612

1499176001420 ROTATION_VECTOR 0.40345487 0.30143732 -0.3627351

1499176001622 ACCELEROMETER 1.6869202 -2.770111 -2.5043488

1499176001623 GYROSCOPE -4.9570923 -1.3158875 0.4897766

1499176001623 MAGNETIC_FIELD -41.23993 -24.095154 -6.970215

1499176001624 GRAVITY -8.503698 -0.20446478 4.8801327

1499176001624 LINEAR_ACCELERATION 8.439064 -2.623728 -6.3950953

1499176001624 ROTATION_VECTOR 0.11729655 0.48726174 -0.22268921

1499176001829 ACCELEROMETER 6.0031586 4.9904327 5.1320953

1499176001836 GYROSCOPE -0.2050476 -1.5198975 1.6924744

1499176001838 GRAVITY -6.220688 -0.6516391 7.5530653

1499176001840 LINEAR_ACCELERATION 10.685471 5.5064554 -0.51276827

1499176001843 ROTATION_VECTOR -0.03943918 0.33666807 0.011516205

1499176002029 ACCELEROMETER 0.7359314 1.0230103 0.14024353

1499176002036 GYROSCOPE 0.7060547 -0.653656 0.8027344

1499176002039 MAGNETIC_FIELD -34.838867 -29.80194 -15.092468

1499176002041 GRAVITY -4.3643327 1.3663687 8.675023

1499176002046 LINEAR_ACCELERATION 3.8071232 -0.046915412 -6.193093

1499176002048 ROTATION_VECTOR 0.05103035 0.23471862 0.08659984

1499176002229 ACCELEROMETER 10.356842 12.8759 12.78775

1499176002238 GYROSCOPE 1.0478516 0.34609985 1.3506775

1499176002241 MAGNETIC_FIELD -34.809875 -31.489563 -15.184021

1499176002243 GRAVITY -2.6933835 4.2853174 8.399531

1499176002245 LINEAR_ACCELERATION 12.401693 9.815503 6.6550016

1499176002248 ROTATION_VECTOR 0.19870484 0.17960922 0.16664848

1499176002431 ACCELEROMETER 8.121811 -2.1613922 -8.820389

1499176002440 GYROSCOPE -4.1730957 -2.2408752 -1.0600586

1499176002442 MAGNETIC_FIELD -32.35016 -30.599976 -20.466614

1499176002445 GRAVITY -0.20642412 1.486773 9.691093

1499176002447 LINEAR_ACCELERATION 8.084848 -3.3977706 -15.4993305

1499176002449 ROTATION_VECTOR 0.0736566 0.021598209 0.14630966

1499176002635 ACCELEROMETER 8.896851 10.88266 9.013397

1499176002641 GYROSCOPE -0.9399109 -1.0360413 -1.6080017

1499176002643 MAGNETIC_FIELD -38.41858 -26.945496 -9.391785

1499176002645 GRAVITY 2.9327362 -2.486822 9.021372

1499176002648 LINEAR_ACCELERATION 7.289703 12.814214 3.307526

1499176002650 ROTATION_VECTOR -0.13308401 -0.14942111 -0.023834372

1499176002836 ACCELEROMETER -2.261322 5.4872894 3.319687

1499176002845 GRAVITY 2.6906924 -1.1313009 9.362196

1499176002848 LINEAR_ACCELERATION -4.3890452 5.9269314 -3.0409088

1499176002851 ROTATION_VECTOR -0.08141331 -0.12662035 -0.17057438

1499176002853 GYROSCOPE 1.3618774 1.4580078 -0.12545776

1499176002855 MAGNETIC_FIELD -28.677368 -37.94403 -14.352417

1499176003037 ACCELEROMETER 9.754166 4.5437317 5.0793

1499176003043 GYROSCOPE -1.6907959 -3.9733582 -0.30810547

1499176003046 MAGNETIC_FIELD -21.858215 -42.67273 -15.077209

1499176003048 GRAVITY 5.3711867 -0.8417605 8.161629

1499176003050 LINEAR_ACCELERATION 6.4269485 5.5513015 0.29473782

1499176003053 ROTATION_VECTOR -0.09668342 -0.27299282 -0.17599168

1499176003224 ACCELEROMETER 12.78447 5.02829 6.710144

1499176003225 GYROSCOPE 0.66012573 -0.8373718 -1.2192078

1499176003226 MAGNETIC_FIELD -20.239258 -44.55414 -6.552124

1499176003227 GRAVITY 8.617854 -0.42517886 4.6607075

1499176003227 LINEAR_ACCELERATION 7.154588 5.0079675 3.2202716

1499176003228 ROTATION_VECTOR -0.20970653 -0.4673256 -0.31258088

1499176003430 ACCELEROMETER -2.892395 3.7569122 2.4066315

1499176003434 GYROSCOPE 0.43795776 0.10256958 0.21633911

1499176003437 MAGNETIC_FIELD -16.534424 -35.287476 -29.055786

1499176003439 GRAVITY 8.797522 1.2367105 4.1526566

1499176003441 LINEAR_ACCELERATION -8.65194 2.7975357 -0.4156096

1499176003443 ROTATION_VECTOR -0.21356848 -0.4926073 -0.4400581

1499176003638 ACCELEROMETER 6.131378 6.01857 12.937561

1499176003643 GYROSCOPE 2.5827332 0.13781738 0.8892517

1499176003645 MAGNETIC_FIELD -10.708618 -40.61737 -27.986145

1499176003648 GRAVITY 8.405589 1.8245811 4.710346

1499176003650 LINEAR_ACCELERATION -0.044704914 5.2065306 10.157026

1499176003652 ROTATION_VECTOR -0.2177555 -0.46089232 -0.52416396

1499176003831 ACCELEROMETER 8.378662 -4.3868866 -7.1414948

1499176003839 GYROSCOPE -6.3135986 -6.491974 1.2609558

1499176003842 MAGNETIC_FIELD -11.506653 -46.931458 -10.699463

1499176003847 GRAVITY 9.402984 -1.9353547 -2.0021715

1499176003849 LINEAR_ACCELERATION 1.3432164 -3.6319928 -6.7885675

1499176003852 ROTATION_VECTOR -0.64028823 -0.43830732 -0.43800643

1499176004029 ACCELEROMETER 8.252899 9.1073 10.030777

1499176004030 GYROSCOPE -2.7418213 -0.4923706 -1.79599

1499176004030 MAGNETIC_FIELD -15.301514 -45.78247 -2.2506714

1499176004030 GRAVITY 6.5407906 1.4306945 -7.1653023

1499176004031 LINEAR_ACCELERATION 5.0171633 8.689848 15.693316

1499176004031 ROTATION_VECTOR -0.87388015 -0.31884515 -0.363661

1499176004232 ACCELEROMETER -0.93588257 3.226654 -0.64923096

1499176004235 GYROSCOPE 2.4769897 -0.1409607 -0.8560486

1499176004237 MAGNETIC_FIELD -3.9031982 -35.04181 -12.30011

1499176004240 GRAVITY 5.253797 3.4507961 -7.5272846

1499176004245 LINEAR_ACCELERATION -5.463193 0.08229351 2.9669003

1499176004248 ROTATION_VECTOR 0.80127287 0.49167722 0.34074217

1499176004436 GRAVITY 5.368911 3.3868146 -7.474936

1499176004443 LINEAR_ACCELERATION 11.084887 8.151761 15.355263

1499176004446 ROTATION_VECTOR -0.7038883 -0.62101287 -0.34038362

1499176004448 ACCELEROMETER 13.061584 8.481186 9.310852

1499176004451 GYROSCOPE -0.36740112 -0.34603882 -0.74176025

1499176004453 MAGNETIC_FIELD 4.0481567 -30.929565 -14.781189

1499176004635 ACCELEROMETER 5.548874 -6.4423676 -1.5920868

1499176004639 GRAVITY 4.4597087 5.6165366 -6.688491

1499176004641 LINEAR_ACCELERATION 2.2862806 -11.383493 0.51598287

1499176004644 ROTATION_VECTOR 0.72459877 0.56211627 0.38730472

1499176004647 GYROSCOPE -2.3562317 -0.49023438 -1.3954468

1499176004649 MAGNETIC_FIELD 10.188293 -39.015198 4.031372

1499176004828 ACCELEROMETER 1.9934692 9.838318 5.402008

1499176004829 GYROSCOPE -0.2883606 -0.6173401 -0.276062

1499176004830 MAGNETIC_FIELD -2.6138306 -29.472351 -16.604614

1499176004831 GRAVITY 2.993503 8.303248 -4.2738023

1499176004831 LINEAR_ACCELERATION 1.1719135 6.0774393 9.291865

1499176004837 ROTATION_VECTOR 0.65454257 0.5380309 0.45643276

1499176005038 ACCELEROMETER 4.667755 10.647842 8.98172

1499176005045 GYROSCOPE 2.4257202 0.6793518 0.08175659

1499176005060 MAGNETIC_FIELD 2.34375 -18.333435 -27.607727

1499176005063 GRAVITY 3.0895946 7.8826485 -4.9486

1499176005065 LINEAR_ACCELERATION 2.0469499 5.8991027 11.450851

1499176005069 ROTATION_VECTOR 0.6680493 0.5531894 0.43541107

1499176005235 ACCELEROMETER 5.225403 -1.4383392 -0.50572205

1499176005242 GYROSCOPE -1.5829163 -2.47052 1.5877991

1499176005244 MAGNETIC_FIELD 9.492493 -21.444702 -29.455566

1499176005246 GRAVITY 3.725192 6.666981 -6.151804

1499176005249 LINEAR_ACCELERATION 2.917961 -4.63235 3.58815

1499176005265 ROTATION_VECTOR 0.79029393 0.43484503 0.3661445

1499176005438 ACCELEROMETER 14.006653 6.698471 6.375885

1499176005441 GYROSCOPE 0.056640625 1.4302368 -1.4563293

1499176005443 MAGNETIC_FIELD 1.6571045 -22.047424 -26.73645

1499176005445 GRAVITY 4.4189973 7.5029488 -4.5109425

1499176005447 LINEAR_ACCELERATION 12.97282 1.9930735 8.550287

1499176005453 ROTATION_VECTOR 0.7925905 0.31905234 0.41182125

1499176005639 ACCELEROMETER -4.6892242 5.545349 2.3883514

1499176005642 GYROSCOPE 3.9915771 1.9610901 0.8027344

1499176005644 MAGNETIC_FIELD -8.717346 -13.223267 -30.02472

1499176005646 GRAVITY 5.6324215 5.8963737 -5.4478436

1499176005648 LINEAR_ACCELERATION -8.326159 2.205321 3.7280612

1499176005652 ROTATION_VECTOR 0.8024498 0.36583742 0.43769723

1499176005831 ACCELEROMETER 10.266403 6.6397247 6.192383

1499176005832 GYROSCOPE 0.31939697 0.5661316 1.3004761

1499176005833 MAGNETIC_FIELD -7.2738647 -20.736694 -24.201965

1499176005834 GRAVITY 8.6417265 2.50143 -3.9030497

1499176005834 LINEAR_ACCELERATION 5.994467 6.541097 9.747486

1499176005835 ROTATION_VECTOR -0.7114276 -0.43917066 -0.5285687

1499176006041 ACCELEROMETER 2.6486664 -5.281296 -1.2373352

1499176006044 GYROSCOPE -4.418762 -1.1877136 2.3803406

1499176006047 MAGNETIC_FIELD 2.7618408 -37.039185 -1.008606

1499176006049 GRAVITY 8.692476 0.27554396 -4.5315924

1499176006051 LINEAR_ACCELERATION -3.5309515 -5.875656 0.8706515

1499176006056 ROTATION_VECTOR -0.8401387 -0.158789 -0.51238066

1499176006247 ACCELEROMETER 14.26239 6.3277283 6.6083374

1499176006250 GYROSCOPE -3.1626587 3.0527039 -1.5652771

1499176006252 MAGNETIC_FIELD -8.483887 -33.052063 -10.014343

1499176006256 GRAVITY 9.2960005 2.9395576 -1.0553523

1499176006260 LINEAR_ACCELERATION 10.503663 4.2984457 7.2259955

1499176006264 ROTATION_VECTOR 0.7432812 -0.036620706 0.6262099

1499176006433 ACCELEROMETER 1.5188293 3.3812714 3.2344055

1499176006434 GRAVITY 8.75703 3.9598496 1.9504907

1499176006434 LINEAR_ACCELERATION -5.2472396 0.07436919 0.1740328

1499176006435 ROTATION_VECTOR 0.6319083 0.035278022 0.7221512

1499176006435 GYROSCOPE 2.0679016 -0.28408813 0.75146484

1499176006435 MAGNETIC_FIELD -5.1864624 -23.760986 -29.058838

1499176006637 ACCELEROMETER 10.009857 6.5793915 8.468567

1499176006640 GYROSCOPE 0.20831299 -2.5794678 -0.40530396

1499176006642 MAGNETIC_FIELD 12.06665 -21.194458 -32.788086

1499176006644 GRAVITY 8.813938 4.2829266 -0.37605774

1499176006647 LINEAR_ACCELERATION 6.439247 6.1362123 11.266561

1499176006649 ROTATION_VECTOR 0.71420556 0.09531026 0.65828955

1499176006841 ACCELEROMETER 7.391205 -2.8870697 1.907135

1499176006848 GYROSCOPE -1.85849 -0.6899719 -2.0309753

1499176006850 MAGNETIC_FIELD 16.227722 -23.944092 -30.072021

1499176006852 GRAVITY 7.7365427 5.7450514 -1.819527

1499176006854 LINEAR_ACCELERATION 2.1098137 -7.799738 0.33471704

1499176006856 ROTATION_VECTOR 0.76938516 0.028575556 0.52610147

1499176007041 ACCELEROMETER 3.7780304 5.5220795 5.861435

1499176007048 GYROSCOPE -0.6237488 0.03955078 -0.22265625

1499176007050 MAGNETIC_FIELD 2.305603 -8.853149 -41.000366

1499176007053 GRAVITY 6.2602253 7.542272 0.30676275

1499176007055 LINEAR_ACCELERATION 1.7955999 2.0017376 7.451023

1499176007057 ROTATION_VECTOR 0.68957794 -0.094030574 0.37976333

1499176007244 ACCELEROMETER 5.7770386 9.129562 11.157669

1499176007249 GYROSCOPE 1.1429138 3.368866 -0.45443726

1499176007251 MAGNETIC_FIELD -6.022644 2.0248413 -42.07306

1499176007254 GRAVITY 5.2804236 7.8604803 2.549581

1499176007256 LINEAR_ACCELERATION 1.8186004 4.2262464 9.744085

1499176007258 ROTATION_VECTOR 0.6043883 -0.06871926 0.36533478

1499176007445 ACCELEROMETER 6.033203 -1.587204 -2.3664093

1499176007449 GYROSCOPE -1.274231 -2.2002869 0.114868164

1499176007451 MAGNETIC_FIELD 3.3065796 -8.201599 -42.16156

1499176007453 GRAVITY 5.0469594 7.804495 3.1286492

1499176007456 LINEAR_ACCELERATION 2.5398107 -5.273471 -2.272886

1499176007458 ROTATION_VECTOR 0.5808619 0.05552204 0.50387955

1499176007645 ACCELEROMETER 12.260803 4.920227 4.5079193

1499176007649 GYROSCOPE -1.1321716 -0.048034668 -2.5575562

1499176007652 MAGNETIC_FIELD -1.1779785 -14.6484375 -38.423157

1499176007654 GRAVITY 4.831577 7.4300504 4.197691

1499176007656 LINEAR_ACCELERATION 10.772498 -0.7237601 0.3308184

1499176007658 ROTATION_VECTOR 0.5289512 -0.07866339 0.35143694

1499176007839 ACCELEROMETER -3.37677 2.8833466 1.5088196

1499176007841 GRAVITY 2.4242458 8.014472 5.105061

1499176007841 LINEAR_ACCELERATION -6.0817947 -3.1415997 -3.3861187

1499176007846 ROTATION_VECTOR 0.48496804 -0.06723335 0.13545251

1499176007848 GYROSCOPE 0.18374634 0.59710693 0.3626709

1499176007849 MAGNETIC_FIELD -9.191895 3.036499 -41.885376

1499176008049 ACCELEROMETER 11.052673 6.8960266 9.355743

1499176008055 GYROSCOPE 3.2417603 -1.9482117 2.0278625

1499176008058 MAGNETIC_FIELD -12.89978 0.45318604 -42.00287

1499176008060 GRAVITY 4.817298 8.170228 2.4922693

1499176008063 LINEAR_ACCELERATION 7.7879825 4.210826 10.453692

1499176008065 ROTATION_VECTOR 0.59687227 -0.12912455 0.24887061

1499176008247 ACCELEROMETER 6.1921997 -4.1436768 -3.3286133

1499176008256 GRAVITY 7.51735 6.168666 1.2678288

1499176008258 LINEAR_ACCELERATION -0.09569073 -11.028142 -7.879748

1499176008260 ROTATION_VECTOR 0.55036765 -0.3639425 0.2216075

1499176008263 GYROSCOPE -4.998749 -0.8907776 -0.23547363

1499176008265 MAGNETIC_FIELD -8.236694 -15.982056 -36.727905

1499176008447 ACCELEROMETER 5.882904 8.680237 8.496506

1499176008454 GYROSCOPE -0.32040405 -1.3650208 0.037963867

1499176008457 MAGNETIC_FIELD -20.211792 -5.554199 -35.121155

1499176008459 GRAVITY 7.839738 5.0306826 3.0661256

1499176008462 LINEAR_ACCELERATION 4.27697 7.760315 9.144015

1499176008464 ROTATION_VECTOR 0.27647257 -0.5169468 -0.06425655

1499176008651 ACCELEROMETER 1.4166718 4.9397583 3.4359894

1499176008674 GYROSCOPE 3.823883 -0.13989258 0.70339966

1499176008676 MAGNETIC_FIELD -23.550415 0.96435547 -35.29663

1499176008678 GRAVITY 8.142113 5.4638715 0.14997123

1499176008680 LINEAR_ACCELERATION -7.1803327 -0.46475387 0.6234957

1499176008682 ROTATION_VECTOR 0.34797627 -0.6093161 -0.05135958

1499176008847 ACCELEROMETER 10.326538 2.5418396 4.68219

1499176008851 GYROSCOPE 0.38882446 -0.9634094 0.26333618

1499176008854 MAGNETIC_FIELD -23.66333 -4.573059 -33.25348

1499176008856 GRAVITY 8.619215 4.325914 -1.779324

1499176008858 LINEAR_ACCELERATION 7.958196 2.8075972 9.696128

1499176008860 ROTATION_VECTOR 0.4136052 -0.64780474 0.065821365

1499176009050 ACCELEROMETER 1.5081024 -1.7563782 -1.2098236

1499176009057 GYROSCOPE -6.308258 4.779846 -0.78341675

1499176009060 MAGNETIC_FIELD -22.137451 -18.099976 -26.498413

1499176009062 GRAVITY 7.5441136 4.8266535 3.9950156

1499176009064 LINEAR_ACCELERATION -6.2980433 -7.204364 -7.6586847

1499176009067 ROTATION_VECTOR 0.26456442 -0.47572738 -0.051666558

1499176009251 ACCELEROMETER 2.70607 4.9487762 4.0422363

1499176009257 GYROSCOPE 1.8233032 1.8339844 1.7490845

1499176009260 MAGNETIC_FIELD -29.563904 11.048889 -30.975342

1499176009263 GRAVITY 3.3041651 2.3333688 8.933548

1499176009265 LINEAR_ACCELERATION 4.955287 5.4053087 1.3857379

1499176009267 ROTATION_VECTOR 0.09904895 -0.18629318 -0.123028606

1499176009439 ACCELEROMETER 9.474945 4.336731 11.281082

1499176009440 GYROSCOPE 5.361969 3.2364197 -0.5548401

1499176009441 GRAVITY 0.9625173 7.0432353 6.755501

1499176009443 LINEAR_ACCELERATION 6.3486505 0.8166232 6.856376

1499176009445 ROTATION_VECTOR 0.39334506 0.029069053 0.19118747

1499176009447 MAGNETIC_FIELD -23.153687 5.74646 -36.8927

1499176009646 ACCELEROMETER 4.3558044 -4.4296417 -2.3272095

1499176009649 GYROSCOPE 0.85665894 -0.19116211 0.2654724

1499176009651 MAGNETIC_FIELD -20.074463 -6.4056396 -36.332703

1499176009653 GRAVITY 0.8712489 9.642417 1.5604855

1499176009655 LINEAR_ACCELERATION 5.814192 -10.705143 -1.1912696

1499176009658 ROTATION_VECTOR 0.6301438 0.15282728 0.24528207

1499176009849 ACCELEROMETER 9.284714 7.56868 6.240906

1499176009852 GYROSCOPE 2.6510925 0.52767944 0.9458618

1499176009854 MAGNETIC_FIELD -17.985535 -26.73645 -23.394775

1499176009857 GRAVITY 2.716783 9.35672 -1.1141255

1499176009859 LINEAR_ACCELERATION 7.3094935 0.8256445 6.663576

1499176009861 ROTATION_VECTOR 0.71914715 0.19907776 0.3494698

1499176010048 ACCELEROMETER -2.5765839 2.1103668 4.1951904

1499176010051 GYROSCOPE 2.294342 2.3231812 4.403351

1499176010055 MAGNETIC_FIELD -13.606262 -18.571472 -34.39026

1499176010065 GRAVITY 7.8067446 5.5975094 -1.973072

1499176010068 LINEAR_ACCELERATION -7.551008 -0.98176026 1.4223899

1499176010070 ROTATION_VECTOR 0.76635224 0.115338504 0.56268936

1499176010248 ACCELEROMETER 9.216156 2.2871246 9.476898

1499176010251 GYROSCOPE 2.25589 -0.88116455 0.11593628

1499176010254 MAGNETIC_FIELD -18.603516 -26.185608 -22.10846

1499176010256 GRAVITY 9.77089 0.83173114 0.091215834

1499176010258 LINEAR_ACCELERATION 3.8363423 2.9035969 12.483388

1499176010260 ROTATION_VECTOR 0.70312643 0.0310245 0.70979583

1499176010449 ACCELEROMETER 3.6891632 -0.45088196 1.9394379

1499176010454 GYROSCOPE -5.4046326 1.9023438 4.4450073

1499176010456 MAGNETIC_FIELD -23.46344 -31.234741 -6.5078735

1499176010458 GRAVITY 9.132102 -3.5631766 -0.28084213

1499176010460 LINEAR_ACCELERATION -4.628421 0.18916619 -1.9606435

1499176010463 ROTATION_VECTOR 0.63446534 -0.33432427 0.6924673

1499176010649 ACCELEROMETER 8.1035 0.6810303 4.95784

1499176010654 GYROSCOPE -0.2050476 0.24569702 1.4350586

1499176010656 MAGNETIC_FIELD -26.342773 -28.390503 -5.229187

1499176010658 GRAVITY 7.3391027 -6.1428304 -2.1385977

1499176010660 LINEAR_ACCELERATION 8.755019 5.654355 11.241337

1499176010662 ROTATION_VECTOR 0.14839272 -0.7661708 0.48517424

1499176010850 ACCELEROMETER 1.5738983 2.006363 1.6086121

1499176010854 GYROSCOPE 7.512085 -5.3480225 2.663391

1499176010857 MAGNETIC_FIELD -27.619934 -25.419617 -10.296631

1499176010859 GRAVITY 5.5172753 -8.012232 1.2386307

1499176010861 LINEAR_ACCELERATION -6.06786 3.051355 -3.6637797

1499176010863 ROTATION_VECTOR 0.14793931 -0.64417493 0.6976526

1499176011051 ACCELEROMETER 8.4758 1.6037292 3.7157593

1499176011055 GYROSCOPE 1.6748352 -0.20184326 0.4758911

1499176011058 MAGNETIC_FIELD -40.46936 1.4953613 -1.6189575

1499176011060 GRAVITY 7.0984297 -3.7418234 5.6375027

1499176011062 LINEAR_ACCELERATION 8.330179 6.820278 4.796667

1499176011064 ROTATION_VECTOR 0.33853742 -0.31298527 0.8573023

1499176011250 GRAVITY 6.0328426 -1.4209701 7.59974

1499176011255 LINEAR_ACCELERATION -1.0212946 -2.3442822 -7.4281178

1499176011258 ROTATION_VECTOR -0.32652244 0.07683884 -0.94206095

1499176011260 ACCELEROMETER 3.4921265 -1.059021 -1.0855255

1499176011262 GYROSCOPE -1.3992004 3.3613892 -3.7378235

1499176011265 MAGNETIC_FIELD -40.76996 -1.0635376 -5.1086426

1499176011451 ACCELEROMETER 3.0106812 2.1410675 -1.6744995

1499176011456 GYROSCOPE -2.3252563 0.08761597 -0.5270691

1499176011458 MAGNETIC_FIELD -39.709473 3.4622192 -13.415527

1499176011460 GRAVITY 3.6024694 -1.2930849 9.0288725

1499176011463 LINEAR_ACCELERATION 2.7889738 3.9141226 -4.5065413

1499176011465 ROTATION_VECTOR 0.11705346 -0.16110285 0.81000125

1499176011651 GRAVITY 1.1659788 -0.9463851 9.690988

1499176011654 LINEAR_ACCELERATION 2.4163878 6.1333494 -0.30280638

1499176011657 ROTATION_VECTOR 0.0042964662 -0.07667269 0.67066926

1499176011659 ACCELEROMETER 3.7337952 5.8919067 5.101761

1499176011661 GYROSCOPE 1.4291687 2.9576416 -0.82507324

1499176011663 MAGNETIC_FIELD -39.959717 -9.082031 -4.9484253

1499176011854 ACCELEROMETER 4.936203 -2.8686066 -4.2194366

1499176011857 GYROSCOPE -0.9057312 -3.1348877 -0.3935547

1499176011859 MAGNETIC_FIELD -36.254883 -9.341431 -11.827087

1499176011861 GRAVITY 1.9473478 -0.39135945 9.603388

1499176011864 LINEAR_ACCELERATION 3.7514963 -0.7916368 -5.010203

1499176011866 ROTATION_VECTOR 0.058083195 -0.083605185 0.71743745

1499176012050 GRAVITY 6.334994 -0.6460807 7.4579363

1499176012056 LINEAR_ACCELERATION 9.911857 3.6948526 0.2374115

1499176012058 ROTATION_VECTOR 0.21762158 -0.26905745 0.6609849

1499176012060 ACCELEROMETER 10.786407 5.3851624 6.592392

1499176012063 GYROSCOPE -0.39944458 -1.0050659 -2.2638245

1499176012065 MAGNETIC_FIELD -38.217163 -12.461853 -7.7285767

1499176012251 ACCELEROMETER 0.90156555 3.3371124 3.5422363

1499176012255 GYROSCOPE -0.7796936 2.275116 -0.84643555

1499176012257 MAGNETIC_FIELD -28.971863 -22.346497 -9.689331

1499176012259 GRAVITY 5.150223 0.73408127 8.313045

1499176012262 LINEAR_ACCELERATION -1.830018 2.5595694 -1.7947314

1499176012264 ROTATION_VECTOR 0.21577677 -0.17202634 0.6594896

1499176012451 ACCELEROMETER 0.707016 1.0744781 10.351257

1499176012456 GYROSCOPE -0.9142761 2.8070374 -1.1059875

1499176012458 MAGNETIC_FIELD -18.121338 -26.86615 -21.673584

1499176012460 GRAVITY 0.25768062 0.49636382 9.79069

1499176012462 LINEAR_ACCELERATION 1.1891637 2.2470007 7.5886106

1499176012465 ROTATION_VECTOR 0.028079456 0.0050284136 0.6097348

1499176012654 ACCELEROMETER 3.1302795 1.6569672 0.3839264

1499176012657 GYROSCOPE -0.21359253 -0.6515198 -1.8995972

1499176012659 MAGNETIC_FIELD -7.7529907 -22.979736 -33.091736

1499176012661 GRAVITY -1.9936907 -0.5476306 9.586224

1499176012664 LINEAR_ACCELERATION 1.8262393 0.58870536 -8.042514

1499176012666 ROTATION_VECTOR -0.076993026 0.072874516 0.5153282

1499176012856 GRAVITY -0.48374137 -1.7771994 9.632131

1499176012859 LINEAR_ACCELERATION 1.680511 4.334147 8.546407

1499176012861 ROTATION_VECTOR -0.09296595 -0.015979443 0.4204126

1499176012864 ACCELEROMETER -0.925354 3.5363922 10.513031

1499176012866 GYROSCOPE -1.1086731 -0.41760254 -1.2437744

1499176012868 MAGNETIC_FIELD -3.5934448 -30.639648 -24.816895

1499176013055 ACCELEROMETER -3.922821 3.3628845 6.8793793

1499176013058 GYROSCOPE -0.2541809 1.6833801 1.3998108

1499176013060 MAGNETIC_FIELD 3.3813477 -32.39441 -26.545715

1499176013062 GRAVITY -2.1377912 -2.7136676 9.17803

1499176013064 LINEAR_ACCELERATION -3.9397912 4.06223 -1.9478741

1499176013066 ROTATION_VECTOR -0.17511101 0.03723999 0.43475226

1499176013256 ACCELEROMETER 2.304184 3.302124 10.000504

1499176013260 GYROSCOPE -1.5722351 -0.5404358 0.5869751

1499176013262 MAGNETIC_FIELD -3.65448 -33.306885 -22.705078

1499176013267 GRAVITY -3.1900218 -3.0768895 8.747966

1499176013269 LINEAR_ACCELERATION 2.627997 6.33813 8.179289

1499176013271 ROTATION_VECTOR -0.2255382 0.05577108 0.51750094

1499176013453 GRAVITY -1.2760447 -4.6466346 8.541129

1499176013456 LINEAR_ACCELERATION 6.6610546 3.7353039 0.3838482

1499176013459 ROTATION_VECTOR -0.2448742 -0.06752962 0.49486005

1499176013466 ACCELEROMETER 6.1451874 2.503189 8.356522

1499176013468 GYROSCOPE -0.44003296 -0.86087036 -1.0429688

1499176013470 MAGNETIC_FIELD -14.199829 -18.197632 -34.014893

1499176013659 ACCELEROMETER -0.35014343 4.8362885 4.877243

1499176013672 GYROSCOPE 0.7701416 -0.64297485 0.23556519

1499176013674 MAGNETIC_FIELD -18.577576 -21.67511 -26.431274

1499176013676 GRAVITY 0.6741859 -3.6505468 9.0768585

1499176013679 LINEAR_ACCELERATION 2.4746127 7.2967916 4.455876

1499176013681 ROTATION_VECTOR -0.15371712 -0.11653346 0.44091642

1499176013853 ACCELEROMETER 1.4170074 7.030197 13.013824

1499176013857 GRAVITY -2.1339765 -0.27854738 9.567598

1499176013860 LINEAR_ACCELERATION -0.516075 6.2830644 6.3360815

1499176013863 ROTATION_VECTOR -0.071715795 0.083934985 0.54239327

1499176013867 GYROSCOPE 2.1683044 2.859375 1.8078308

1499176013870 MAGNETIC_FIELD -20.669556 -27.479553 -16.523743

1499176014058 ACCELEROMETER 4.822571 0.7204132 2.7265625

1499176014061 GYROSCOPE 1.4088745 -0.2467041 0.9949951

1499176014067 MAGNETIC_FIELD -21.14563 -24.578857 -19.815063

1499176014071 GRAVITY -3.791129 3.8309956 8.192753

1499176014073 LINEAR_ACCELERATION 6.503202 0.96815825 0.66478205

1499176014075 ROTATION_VECTOR -0.003419194 0.28683475 0.6889071

1499176014258 ACCELEROMETER 3.078064 4.7784424 11.978485

1499176014261 GYROSCOPE 0.28414917 1.691925 -1.1903687

1499176014265 MAGNETIC_FIELD -24.412537 -19.763184 -17.922974

1499176014267 GRAVITY -4.2095037 5.059035 7.270257

1499176014269 LINEAR_ACCELERATION 7.31906 -0.5931792 4.449956

1499176014272 ROTATION_VECTOR -0.0066768085 0.35954902 0.7282297

1499176014458 GRAVITY -4.841643 7.8874846 3.242911

1499176014461 LINEAR_ACCELERATION 1.3279841 2.8357453 5.4399023

1499176014466 ROTATION_VECTOR -0.12173168 0.56554306 0.7693928

1499176014468 ACCELEROMETER -3.4082642 5.2888947 4.085724

1499176014470 GYROSCOPE 4.2180176 1.4473267 1.5813904

1499176014473 MAGNETIC_FIELD -22.901917 -20.262146 -16.98761

1499176014659 GRAVITY -1.5362246 9.514213 -1.8138801

1499176014664 LINEAR_ACCELERATION -2.605508 2.4925637 12.023724

1499176014666 ROTATION_VECTOR 0.25697142 -0.7255673 -0.62802356

1499176014669 ACCELEROMETER 0.98417664 7.3403625 10.764191

1499176014671 GYROSCOPE 1.7987366 1.5423889 1.6251831

1499176014674 MAGNETIC_FIELD -25.108337 -19.792175 -10.888672

1499176014860 GRAVITY 0.40840298 9.490335 2.436621

1499176014864 LINEAR_ACCELERATION 6.5923057 -8.687578 -2.9216084

1499176014873 ROTATION_VECTOR 0.28876594 -0.5407228 -0.6802833

1499176014875 ACCELEROMETER 6.142334 -2.9024658 -0.14813232

1499176014878 GYROSCOPE -6.224945 -0.29263306 0.02835083

1499176014880 MAGNETIC_FIELD -26.773071 -11.526489 -19.595337

1499176015059 ACCELEROMETER 3.2845917 8.847137 9.440216

1499176015066 GYROSCOPE 0.6248779 0.1954956 0.070007324

1499176015075 MAGNETIC_FIELD -33.372498 1.7822266 -17.410278

1499176015077 GRAVITY 1.0517973 6.5619626 7.2114325

1499176015079 LINEAR_ACCELERATION 5.6694975 4.8918953 8.403749

1499176015082 ROTATION_VECTOR 0.15983443 -0.3267602 -0.7614293

1499176015260 ACCELEROMETER 0.30012512 6.942108 7.9668274

1499176015263 GYROSCOPE 2.849762 3.8270874 1.2011414

1499176015265 MAGNETIC_FIELD -31.924438 0.5844116 -21.655273

1499176015267 GRAVITY -0.3626109 8.499129 4.8789043

1499176015269 LINEAR_ACCELERATION -2.9521606 -0.5185218 -1.4546237

1499176015271 ROTATION_VECTOR 0.42627397 -0.26369607 -0.48617736

1499176015457 ACCELEROMETER 4.9913025 2.014389 5.8445435

1499176015460 GYROSCOPE -1.0734253 0.34823608 0.02835083

1499176015474 MAGNETIC_FIELD -18.333435 -5.6137085 -33.190918

1499176015476 GRAVITY -0.15284626 8.957889 3.9878883

1499176015479 LINEAR_ACCELERATION 5.8214216 2.327177 9.360088

1499176015481 ROTATION_VECTOR 0.49804166 -0.22051932 -0.3525684

1499176015659 ACCELEROMETER 6.4682007 4.7683716 7.418686

1499176015663 GYROSCOPE -2.4320679 -0.62268066 -1.4499207

1499176015666 MAGNETIC_FIELD -12.423706 -7.434082 -38.294983

1499176015668 GRAVITY -0.82814324 6.8627133 6.956129

1499176015670 LINEAR_ACCELERATION 4.960605 -4.551031 -2.4273074

1499176015672 ROTATION_VECTOR 0.3812099 0.003890288 -0.10138444

1499176015861 ACCELEROMETER 0.14030457 5.979843 4.814453

1499176015865 GYROSCOPE 0.060913086 1.5445251 -0.19381714

1499176015868 MAGNETIC_FIELD -19.091797 5.3710938 -37.332153

1499176015870 GRAVITY -2.066432 5.136328 8.094342

1499176015890 LINEAR_ACCELERATION 5.3800097 6.591115 4.853566

1499176015891 ROTATION_VECTOR 0.29097524 0.051349826 -0.19712052

1499176016055 ACCELEROMETER 4.404953 8.7752075 9.525558

1499176016055 LINEAR_ACCELERATION 2.5159166 2.4408338 3.3375719

1499176016056 GRAVITY -3.637081 6.3404202 6.5376678

1499176016056 GYROSCOPE 1.70047 0.6174011 -0.6541748

1499176016057 MAGNETIC_FIELD -16.897583 1.6372681 -39.375305

1499176016057 ROTATION_VECTOR 0.3814679 0.14544396 -0.14232375

1499176016253 ACCELEROMETER 5.703003 0.527771 -0.15472412

1499176016255 GYROSCOPE 1.9301147 -3.2064514 0.17468262

1499176016255 MAGNETIC_FIELD -6.852722 -12.284851 -41.778564

1499176016256 GRAVITY -2.0002136 8.132575 5.102035

1499176016256 LINEAR_ACCELERATION 9.12261 0.45475292 3.4040077

1499176016256 ROTATION_VECTOR 0.48888043 0.029403368 -0.15702456

1499176016462 GRAVITY -1.7058301 8.013304 5.389572

1499176016477 ACCELEROMETER 9.073517 7.6692047 7.8219604

1499176016479 GYROSCOPE -0.44110107 0.10684204 -3.018982

1499176016480 LINEAR_ACCELERATION 12.710486 -0.6759939 2.511943

1499176016480 ROTATION_VECTOR 0.44048333 -0.17658634 -0.49046674

1499176016481 MAGNETIC_FIELD -13.774109 -19.197083 -33.90808

1499176016655 ACCELEROMETER -2.9954834 -0.06713867 -1.0394135

1499176016656 GYROSCOPE -0.46566772 -1.3425903 1.2406616

1499176016656 MAGNETIC_FIELD -17.791748 -11.431885 -34.37805

1499176016657 GRAVITY -2.79524 7.10559 6.1536674

1499176016657 LINEAR_ACCELERATION -4.098914 -2.3522596 -5.093707

1499176016657 ROTATION_VECTOR 0.37912977 -0.20618176 -0.69116163

1499176016869 ACCELEROMETER 3.9015045 0.59114075 8.214081

1499176016877 GYROSCOPE -3.5941772 -0.8982544 -2.2926636

1499176016890 MAGNETIC_FIELD -18.093872 -1.4602661 -37.704468

1499176016890 GRAVITY -1.2907538 3.7426763 8.971996

1499176016891 LINEAR_ACCELERATION 3.5829833 -1.7244213 -2.506075

1499176016893 ROTATION_VECTOR 0.18188733 -0.0973268 -0.717704

1499176017056 ACCELEROMETER 11.319366 -1.5544739 9.153839

1499176017057 GYROSCOPE 1.0115356 0.2926941 -1.0440369

1499176017057 GRAVITY -1.0282042 0.5403415 9.737618

1499176017058 MAGNETIC_FIELD -30.36499 5.4656982 -23.638916

1499176017058 LINEAR_ACCELERATION 8.254883 -1.5357281 5.9029584

1499176017059 ROTATION_VECTOR 0.05919382 0.003965538 -0.850633

1499176017266 ACCELEROMETER -7.307373 -5.1726227 -9.469513

1499176017292 GRAVITY -3.495873 -1.6394011 9.014523

1499176017296 LINEAR_ACCELERATION 0.71575177 -8.502075 -9.476664

1499176017299 ROTATION_VECTOR 0.14227867 0.14192967 -0.9216547

1499176017307 GYROSCOPE -2.0219116 1.9781799 -1.5716858

1499176017309 MAGNETIC_FIELD -29.826355 -10.716248 -15.887451

1499176017457 ACCELEROMETER 6.351593 4.4074097 3.2196503

1499176017457 GYROSCOPE 1.4857788 -0.366333 1.2662964

1499176017458 MAGNETIC_FIELD -25.473022 -20.166016 -18.533325

1499176017459 GRAVITY -4.523552 -1.4211186 8.584188

1499176017459 LINEAR_ACCELERATION 6.8806844 9.270419 -3.729465

1499176017459 ROTATION_VECTOR 0.20574959 0.1414048 -0.92573184

1499176017667 ACCELEROMETER 0.599411 3.9105835 10.285416

1499176017676 GRAVITY -4.2513824 0.17019053 8.835563

1499176017680 LINEAR_ACCELERATION 4.7563405 3.0207806 4.833259

1499176017682 ROTATION_VECTOR 0.21125315 0.06988406 -0.9126103

1499176017686 GYROSCOPE -0.6248169 0.61206055 -0.13079834

1499176017689 MAGNETIC_FIELD -22.341919 -10.997009 -29.73175

1499176017870 GRAVITY -3.6457217 0.27979147 9.099496

1499176017876 LINEAR_ACCELERATION 0.75208855 2.9517288 3.2483082

1499176017879 ROTATION_VECTOR 0.17957413 0.06170888 -0.9013752

1499176017881 ACCELEROMETER 0.9684601 2.7736511 8.158691

1499176017885 GYROSCOPE 0.7402344 -1.0787659 -0.5687256

1499176017887 MAGNETIC_FIELD -20.176697 -7.0892334 -34.14154

1499176018070 GRAVITY -1.5826657 -0.99116087 9.62721

1499176018075 LINEAR_ACCELERATION 3.9363556 2.6915324 3.6954575

1499176018077 ROTATION_VECTOR 0.050955586 0.08094733 -0.8965483

1499176018081 ACCELEROMETER 3.580124 1.8704224 11.154816

1499176018086 GYROSCOPE -2.313507 -0.66433716 0.17254639

1499176018089 MAGNETIC_FIELD -21.557617 -9.309387 -30.673218

1499176018271 ACCELEROMETER 4.0951233 2.0902405 9.183487

1499176018277 GYROSCOPE 1.6705627 0.7263489 0.35198975

1499176018280 MAGNETIC_FIELD -27.682495 -3.2852173 -28.076172

1499176018284 GRAVITY -1.1159872 -1.2139715 9.667018

1499176018287 LINEAR_ACCELERATION 5.2704887 2.5960295 5.2078238

1499176018294 ROTATION_VECTOR 0.014387528 0.083140045 -0.83781403

1499176018464 ACCELEROMETER 3.8356323 2.773941 9.333832

1499176018475 GRAVITY -1.4816502 2.0095825 9.483495

1499176018487 LINEAR_ACCELERATION 4.644776 0.5636662 6.3345456

1499176018487 ROTATION_VECTOR 0.12323775 -0.03589962 -0.78828543

1499176018488 GYROSCOPE 1.5487976 0.05984497 0.9576111

1499176018489 MAGNETIC_FIELD -26.1734 -4.0496826 -29.919434

1499176018660 ACCELEROMETER 3.2004242 4.3927 7.8906403

1499176018661 GYROSCOPE -0.26486206 -0.035217285 -0.087005615

1499176018661 MAGNETIC_FIELD -24.638367 -7.3379517 -28.295898

1499176018662 GRAVITY -0.93154067 3.5100195 9.109467

1499176018662 LINEAR_ACCELERATION 4.125032 2.4896097 1.2002501

1499176018663 ROTATION_VECTOR 0.15175211 -0.11188281 -0.7660452

1499176018867 ACCELEROMETER 2.9633636 4.0324707 8.150436

1499176018871 GYROSCOPE 0.040618896 -0.08969116 0.03262329

1499176018877 MAGNETIC_FIELD -25.531006 -5.2474976 -29.386902

1499176018880 GRAVITY -0.5171692 3.3949335 9.185715

1499176018882 LINEAR_ACCELERATION 3.356937 2.1130128 2.7278805

1499176018885 ROTATION_VECTOR 0.13375247 -0.117342174 -0.7529629

1499176019069 ACCELEROMETER 3.5262299 4.264801 7.979721

1499176019076 GYROSCOPE -0.05871582 0.027801514 -0.003692627

1499176019078 MAGNETIC_FIELD -26.222229 -5.1574707 -28.953552

1499176019081 GRAVITY -0.15649667 3.4641242 9.173099

1499176019084 ROTATION_VECTOR 0.12693954 -0.127234 -0.7270443

1499176019086 LINEAR_ACCELERATION 3.289035 2.0250335 2.577261

1499176019270 GRAVITY 0.12598786 3.588315 9.125706

1499176019275 LINEAR_ACCELERATION 3.45767 1.9101319 2.21351

1499176019282 ROTATION_VECTOR 0.12498214 -0.13819535 -0.70511246

1499176019286 ACCELEROMETER 3.4071045 4.069153 8.051895

1499176019289 GYROSCOPE 0.10897827 -0.0042419434 0.03475952

1499176019291 MAGNETIC_FIELD -27.030945 -5.6884766 -28.097534

