1499175951463 GYROSCOPE -0.10784912 0.01071167 0.042236328

1499175951465 MAGNETIC_FIELD 4.6951294 46.035767 -16.993713

1499175951466 GRAVITY -4.855716 -5.370823 6.614126

1499175951466 LINEAR_ACCELERATION 0.0 0.0 -0.0

1499175951467 ROTATION_VECTOR 0.0 0.0 0.0

1499175951663 ACCELEROMETER -4.907913 -5.4060974 6.655243

1499175951664 GYROSCOPE -0.46139526 1.0563965 0.39471436

1499175951665 MAGNETIC_FIELD 9.420776 45.36438 -14.369202

1499175951665 GRAVITY -5.625492 -5.537878 5.818602

1499175951666 LINEAR_ACCELERATION 0.34326077 0.21713829 -0.15579462

1499175951666 ROTATION_VECTOR -0.2524577 0.37362945 -0.16271505

1499175951864 ACCELEROMETER -5.1073456 -5.099716 5.4145355

1499175951865 GYROSCOPE -1.2090759 1.2668152 -1.147644

1499175951866 MAGNETIC_FIELD 8.070374 49.736023 -1.8997192

1499175951866 LINEAR_ACCELERATION 0.039180756 0.5758915 -0.48738694

1499175951867 GRAVITY -6.3238716 -6.745026 3.2685878

1499175951867 ROTATION_VECTOR -0.32681164 0.47596487 -0.17492653

1499175952064 ACCELEROMETER -5.786026 -5.774002 2.5861816

1499175952065 GYROSCOPE -1.1332397 0.03527832 -1.323883

1499175952066 MAGNETIC_FIELD -2.5604248 52.2583 9.4192505

1499175952066 GRAVITY -4.380971 -8.625733 1.6044333

1499175952067 LINEAR_ACCELERATION 0.38476896 -0.48232174 2.6212068

1499175952068 ROTATION_VECTOR -0.46956426 0.44464153 -0.2167965

1499175952264 ACCELEROMETER -3.9018097 -8.774887 4.160019

1499175952266 GYROSCOPE -1.3319092 -1.6897278 0.009124756

1499175952266 MAGNETIC_FIELD -22.642517 51.41754 12.864685

1499175952267 GRAVITY -3.6406121 -9.103393 0.2110992

1499175952268 LINEAR_ACCELERATION -1.6622036 -0.15645885 1.3494807

1499175952268 ROTATION_VECTOR -0.5766985 0.39579764 -0.15669405

1499175952399 ACCELEROMETER -5.002548 -9.024841 1.4644318

1499175952500 ACCELEROMETER 0.92419434 -10.292419 2.0673218

1499175952501 GYROSCOPE 1.2807007 -1.7388611 -4.7760315

1499175952503 MAGNETIC_FIELD -32.86438 46.67816 15.220642

1499175952503 GRAVITY 1.6229813 -9.671412 -0.009942529

1499175952504 LINEAR_ACCELERATION -0.18658173 -1.0565176 2.6691935

1499175952504 ROTATION_VECTOR -0.70551366 0.05251064 -0.16837692

1499175952700 ACCELEROMETER 3.7549744 -6.971863 1.1014404

1499175952701 GYROSCOPE 2.5581665 -1.543396 0.910614

1499175952703 MAGNETIC_FIELD -56.718445 28.985596 3.2989502

1499175952703 GRAVITY 5.904212 -7.7324233 1.2330052

1499175952704 LINEAR_ACCELERATION -1.2204676 1.8113885 -0.6184759

1499175952704 ROTATION_VECTOR -0.60112953 -0.27527714 -0.16569814

1499175952901 ACCELEROMETER 7.6134186 -1.3369598 5.1432037

1499175952902 GYROSCOPE 2.4022217 -3.1327515 -0.15963745

1499175952903 MAGNETIC_FIELD -50.743103 36.550903 7.2891235

1499175952904 GRAVITY 7.3357944 -5.940419 2.6585577

1499175952904 LINEAR_ACCELERATION 1.6795559 4.8178043 3.8800366

1499175952905 ROTATION_VECTOR -0.3936711 -0.45768368 -0.023650669

1499175953102 ACCELEROMETER 10.007507 -6.5316772 1.1411438

1499175953103 GYROSCOPE -2.859314 1.9440002 -1.564209

1499175953104 MAGNETIC_FIELD -52.441406 33.589172 4.248047

1499175953105 GRAVITY 8.371445 -4.962557 1.2092655

1499175953105 LINEAR_ACCELERATION 1.2878323 -3.1997585 -1.4641441

1499175953106 ROTATION_VECTOR -0.3977092 -0.5293128 -0.08172901

1499175953302 ACCELEROMETER 7.3191376 -6.8740387 0.38209534

1499175953303 GYROSCOPE 3.1862183 -1.1332397 -0.30703735

1499175953304 MAGNETIC_FIELD -52.74353 23.077393 20.887756

1499175953305 GRAVITY 8.897756 -3.6448495 1.9275379

1499175953305 LINEAR_ACCELERATION -1.3906593 -3.0712328 -1.1948252

1499175953306 ROTATION_VECTOR -0.3708312 -0.51401085 -0.18099414

1499175953503 ACCELEROMETER 9.812683 -5.305359 4.4293976

1499175953504 GYROSCOPE -2.108429 -0.88009644 -0.20236206

1499175953505 MAGNETIC_FIELD -44.351196 28.121948 29.039001

1499175953506 GRAVITY 9.256479 -3.1085443 0.90825975

1499175953506 LINEAR_ACCELERATION 1.0984917 -2.0877676 5.1541467

1499175953507 ROTATION_VECTOR -0.35289317 -0.57372296 -0.16667114

1499175953704 ACCELEROMETER 10.743713 -6.6053314 0.2797699

1499175953704 GYROSCOPE 3.155243 2.015564 -0.014373779

1499175953705 MAGNETIC_FIELD -53.20282 27.542114 15.684509

1499175953706 GRAVITY 9.118105 -3.0756292 1.8897213

1499175953707 LINEAR_ACCELERATION 1.7096844 -3.648903 -3.6754181

1499175953707 ROTATION_VECTOR -0.32549557 -0.5456223 -0.16291304

1499175953904 ACCELEROMETER 7.3882904 -3.6068573 -1.8533325

1499175953905 GYROSCOPE 2.0102234 -1.1321716 0.8401184

1499175953906 MAGNETIC_FIELD -55.773926 27.966309 -6.1569214

1499175953906 GRAVITY 8.614732 -2.5210893 3.949795

1499175953907 LINEAR_ACCELERATION -1.7041721 -0.69490767 -5.669156

1499175953908 ROTATION_VECTOR -0.1349257 -0.529539 0.029481096

1499175954104 ACCELEROMETER 8.849564 -0.90937805 4.4379883

1499175954105 GYROSCOPE -0.44750977 0.34396362 0.08389282

1499175954106 GRAVITY 8.66722 -2.5061471 3.8430347

1499175954106 MAGNETIC_FIELD -52.331543 31.970215 -5.8258057

1499175954107 LINEAR_ACCELERATION 0.1648264 1.7793272 1.3167946

1499175954107 ROTATION_VECTOR -0.06709909 -0.54731846 0.1324864

1499175954311 ACCELEROMETER 7.219757 -4.853897 0.5230713

1499175954312 GRAVITY 8.012144 -3.4797091 4.4573045

1499175954320 LINEAR_ACCELERATION -0.096224785 -2.4262006 -4.1745186

1499175954320 ROTATION_VECTOR -0.18092209 -0.48990604 0.04769867

1499175954321 GYROSCOPE -1.933258 1.5220947 -0.17245483

1499175954321 MAGNETIC_FIELD -54.421997 31.04248 -1.2924194

1499175954518 ACCELEROMETER 7.8992767 -5.1019135 1.1680145

1499175954521 GYROSCOPE 2.2334595 -0.6600647 -0.19381714

1499175954523 MAGNETIC_FIELD -48.820496 32.64923 16.964722

1499175954525 GRAVITY 7.7923236 -3.1875782 5.0288596

1499175954527 LINEAR_ACCELERATION 0.4517703 -1.7235322 -3.4408545

1499175954529 ROTATION_VECTOR -0.17983913 -0.45962748 0.013339587

1499175954713 ACCELEROMETER 9.80722 -7.329651 -0.500412

1499175954716 GYROSCOPE -0.8704834 1.6481323 -0.93722534

1499175954718 MAGNETIC_FIELD -45.16754 33.53424 24.375916

1499175954720 GRAVITY 7.7365336 -1.9689063 5.6955996

1499175954723 ROTATION_VECTOR -0.12072941 -0.44162163 -0.01569319

1499175954725 LINEAR_ACCELERATION 2.5883088 -5.8946767 -6.066647

1499175954914 ACCELEROMETER 10.358795 -5.600342 -1.9846497

1499175954916 GYROSCOPE 2.2024841 1.8040771 0.19177246

1499175954918 MAGNETIC_FIELD -49.839783 36.52954 4.1137695

1499175954919 GRAVITY 5.885851 -0.8919414 7.7930474

1499175954921 LINEAR_ACCELERATION 5.022402 -4.140463 -9.4056

1499175954925 ROTATION_VECTOR -0.051139373 -0.3163067 -0.009372092

1499175955111 ACCELEROMETER 7.2993927 -2.934723 0.47494507

1499175955113 GYROSCOPE 2.404358 -1.0627441 0.7920532

1499175955113 MAGNETIC_FIELD -51.24359 32.965088 -18.563843

1499175955114 GRAVITY 5.4689703 1.944584 7.904387

1499175955115 LINEAR_ACCELERATION 1.8753719 -4.4973316 -6.3294454

1499175955115 ROTATION_VECTOR 0.16115986 -0.2664881 0.19091474

1499175955313 ACCELEROMETER 10.79599 -1.0696716 6.220001

1499175955314 GYROSCOPE 1.1514587 1.2080688 -0.11264038

1499175955315 MAGNETIC_FIELD -51.020813 31.655884 -19.53888

1499175955315 GRAVITY 5.7745314 3.939349 6.877987

1499175955316 LINEAR_ACCELERATION 5.767792 -4.3812256 -0.03879738

1499175955317 ROTATION_VECTOR 0.31329834 -0.22619553 0.31348363

1499175955519 GRAVITY 4.9057918 2.8778808 7.9888296

1499175955523 LINEAR_ACCELERATION 2.627976 -9.98328 -8.120634

1499175955525 ROTATION_VECTOR 0.23724836 -0.19077808 0.33823714

1499175955527 ACCELEROMETER 7.0062103 -6.4937286 -1.168747

1499175955530 GYROSCOPE -2.1564941 0.36105347 -0.03466797

1499175955532 MAGNETIC_FIELD -50.92163 33.946228 -17.095947

1499175955721 ACCELEROMETER 9.664612 -4.044647 4.649948

1499175955730 GYROSCOPE 2.637207 -1.3030701 0.34344482

1499175955732 MAGNETIC_FIELD -49.54834 40.507507 -4.9438477

1499175955735 GRAVITY 6.002444 2.751753 7.250442

1499175955737 LINEAR_ACCELERATION 4.6056995 -5.900234 -1.659152

1499175955739 ROTATION_VECTOR 0.249749 -0.26068327 0.30583128

1499175955920 ACCELEROMETER 11.600281 -6.231613 13.520599

1499175955953 GRAVITY 5.439694 5.634802 5.9016213

1499175955957 LINEAR_ACCELERATION 7.0242896 -11.581917 9.16288

1499175955960 ROTATION_VECTOR 0.42345354 -0.14067048 0.38688758

1499175955963 GYROSCOPE 2.8636475 2.8454895 -0.86032104

1499175955977 MAGNETIC_FIELD -47.576904 39.4516 -3.7612915

1499175956117 ACCELEROMETER 10.239868 -8.040726 2.563324

1499175956118 GYROSCOPE 3.7640686 -0.2808838 0.5015259

1499175956118 GRAVITY 5.4174266 7.7842937 2.495326

1499175956119 LINEAR_ACCELERATION 5.551177 -14.21942 0.22227287

1499175956119 ROTATION_VECTOR 0.6016814 0.10369796 0.5562303

1499175956119 MAGNETIC_FIELD -41.770935 25.978088 -33.428955

1499175956317 ACCELEROMETER 7.0938416 -0.09017944 -1.2811432

1499175956318 GYROSCOPE -1.4889221 -1.7324524 0.4406433

1499175956319 GRAVITY 6.407632 7.404944 -0.52862275

1499175956319 LINEAR_ACCELERATION 1.7913151 -5.7058616 -1.1331927

1499175956319 ROTATION_VECTOR 0.71620226 0.11834953 0.5288232

1499175956319 MAGNETIC_FIELD -40.856934 2.7130127 -39.390564

1499175956518 ACCELEROMETER 14.910187 -2.282135 3.3834229

1499175956519 GYROSCOPE -2.8550415 -0.7284241 0.058258057

1499175956519 GRAVITY 7.6598287 6.0536427 0.92240494

1499175956519 LINEAR_ACCELERATION 9.447847 -7.385976 2.4878721

1499175956520 ROTATION_VECTOR 0.66517764 -0.10251408 0.50365144

1499175956520 MAGNETIC_FIELD -50.70038 16.19873 -27.149963

1499175956715 ACCELEROMETER 8.196289 -5.569229 -1.0521545

1499175956717 GYROSCOPE -2.367981 1.6022034 0.20672607

1499175956718 MAGNETIC_FIELD -48.80371 30.05066 -21.38977

1499175956718 GRAVITY 7.7969255 4.159056 4.252128

1499175956719 LINEAR_ACCELERATION 1.2516413 -9.056258 -4.3998795

1499175956720 ROTATION_VECTOR 0.49854642 -0.18615389 0.5604271

1499175956925 ACCELEROMETER 8.277664 -5.2241974 -1.089035

1499175956931 GYROSCOPE 1.1503906 -2.4299316 0.6008606

1499175956934 MAGNETIC_FIELD -48.87085 32.292175 -16.217041

1499175956940 GRAVITY 8.69971 2.5353377 3.7493322

1499175956943 LINEAR_ACCELERATION 1.5407567 -7.1351733 -4.038835

1499175956945 ROTATION_VECTOR 0.47067565 -0.2954686 0.55232847

1499175957126 ACCELEROMETER 9.949966 -6.70253 -1.1208649

1499175957133 GYROSCOPE 0.5266113 1.0852356 0.3348999

1499175957136 MAGNETIC_FIELD -53.0365 34.906006 -5.7876587

1499175957143 GRAVITY 9.437952 1.7560401 2.002939

1499175957145 LINEAR_ACCELERATION 2.5880055 -8.268051 -2.6959796

1499175957148 ROTATION_VECTOR 0.4939372 -0.39230672 0.50909746

1499175957323 ACCELEROMETER 10.928986 -5.026947 -0.42251587

1499175957331 GYROSCOPE 3.3571167 1.1856384 -0.8218689

1499175957334 MAGNETIC_FIELD -46.60492 23.777771 -29.47998

1499175957336 GRAVITY 9.066411 2.344909 2.910666

1499175957344 LINEAR_ACCELERATION 3.62215 -6.75369 -2.5269277

1499175957347 ROTATION_VECTOR 0.51925856 -0.28630036 0.5853353

1499175957524 ACCELEROMETER 6.401657 -2.9271545 -0.22644043

1499175957532 GRAVITY 9.452349 2.1332633 1.5075386

1499175957534 LINEAR_ACCELERATION -0.9348731 -4.4671397 -1.4684589

1499175957536 ROTATION_VECTOR 0.6248086 -0.18097273 0.665113

1499175957539 GYROSCOPE -0.67822266 -2.0208435 1.5386658

1499175957543 MAGNETIC_FIELD -44.81964 7.3394775 -36.120605

1499175957721 ACCELEROMETER 5.449829 0.21087646 -2.1982422

1499175957745 GYROSCOPE -2.3092346 2.7269287 0.26119995

1499175957748 MAGNETIC_FIELD -48.57788 7.8094482 -32.424927

1499175957750 GRAVITY 9.597118 -0.04131066 2.0159352

1499175957755 LINEAR_ACCELERATION -1.9543653 0.278836 -3.8753

1499175957757 ROTATION_VECTOR 0.5169081 -0.36058554 0.63867366

1499175957922 ACCELEROMETER 8.634048 -6.311493 -0.37243652

1499175957925 GYROSCOPE -2.0037537 -2.2793274 0.3210144

1499175957930 MAGNETIC_FIELD -47.073364 27.13623 -26.47705

1499175957933 GRAVITY 9.473585 -1.7210121 1.860026

1499175957935 LINEAR_ACCELERATION 1.4344721 -5.068431 -1.7585936

1499175957937 ROTATION_VECTOR 0.32547233 -0.5470218 0.5064818

1499175958126 ACCELEROMETER 8.924973 -5.160553 0.41064453

1499175958139 GRAVITY 7.9881873 -2.9075809 -4.8892975

1499175958141 LINEAR_ACCELERATION 2.7777224 -2.9289153 4.2095623

1499175958144 ROTATION_VECTOR 0.2265365 -0.8354436 0.28842887

1499175958149 GYROSCOPE -0.62054443 -4.8107605 0.3146057

1499175958151 MAGNETIC_FIELD -52.215576 27.684021 -14.590454

1499175958319 ACCELEROMETER 11.865433 -7.177902 -1.128067

1499175958320 GYROSCOPE 2.8433533 3.6081238 0.73010254

1499175958321 MAGNETIC_FIELD -53.39966 27.88086 -14.759827

1499175958322 GRAVITY 7.277736 -4.7748194 -4.517305

1499175958323 LINEAR_ACCELERATION 6.0619335 -3.3669584 2.462084

1499175958323 ROTATION_VECTOR -0.18391436 -0.8345621 0.18475367

1499175958524 ACCELEROMETER 6.746521 -2.9216766 -0.7004242

1499175958525 GRAVITY 7.068021 -6.5872197 1.6798832

1499175958526 LINEAR_ACCELERATION 0.9923601 2.3572407 -2.0450034

1499175958526 ROTATION_VECTOR 0.07602358 -0.63919497 0.5842242

1499175958527 GYROSCOPE 2.6072998 0.5800171 -0.31558228

1499175958528 MAGNETIC_FIELD -44.573975 10.263062 -36.839294

1499175958730 ACCELEROMETER 11.820587 -1.6755524 5.6643677

1499175958736 GYROSCOPE 4.862091 -0.40585327 -0.4640503

1499175958739 MAGNETIC_FIELD -49.24774 8.309937 -32.470703

1499175958741 GRAVITY 7.5921655 -3.137184 5.35607

1499175958744 LINEAR_ACCELERATION 5.6439214 0.9419606 1.3677368

1499175958746 ROTATION_VECTOR 0.36491227 -0.30619514 0.83833224

1499175958930 ACCELEROMETER 13.954605 -4.700241 -2.6367493

1499175958940 GRAVITY 7.349618 -1.1503831 6.3898454

1499175958943 LINEAR_ACCELERATION 7.8417835 -3.7624078 -7.9929886

1499175958946 ROTATION_VECTOR 0.39974096 -0.1200655 0.9002752

1499175958948 GYROSCOPE -2.720459 2.0743103 -0.85284424

1499175958950 MAGNETIC_FIELD -49.50409 10.139465 -31.57196

1499175959125 ACCELEROMETER 8.361954 -5.066803 1.0664368

1499175959127 GRAVITY 9.41167 -2.386081 1.3774942

1499175959128 LINEAR_ACCELERATION 0.53524876 -3.077508 -0.07139075

1499175959128 ROTATION_VECTOR 0.59662896 -0.2716638 0.74307394

1499175959129 GYROSCOPE 0.41125488 -7.421234 0.32315063

1499175959130 MAGNETIC_FIELD -49.09668 23.927307 -26.734924

1499175959321 GYROSCOPE -1.9482117 -1.4109497 -0.06564331

1499175959322 GRAVITY 7.1470394 -2.9911416 -6.0119286

1499175959323 LINEAR_ACCELERATION 4.746599 -1.7305536 11.950647

1499175959324 ROTATION_VECTOR -0.8965092 0.052861243 -0.41505006

1499175959423 ACCELEROMETER 10.557465 -4.169754 7.051239

1499175959424 MAGNETIC_FIELD -59.588623 16.937256 -9.959412

1499175959525 GRAVITY 8.282243 -3.783779 -3.6411333

1499175959526 LINEAR_ACCELERATION 4.576254 -4.377655 1.7316635

1499175959526 ROTATION_VECTOR -0.81126773 -0.16580358 -0.45299304

1499175959527 GYROSCOPE 3.1082458 3.6679382 -0.003692627

1499175959628 ACCELEROMETER 11.5052185 -7.539459 -1.2744751

1499175959637 MAGNETIC_FIELD -55.348206 14.376831 -21.318054

1499175959731 GYROSCOPE 2.730133 -1.1257629 0.5453186

1499175959742 GRAVITY 7.973631 -5.5320225 1.4100766

1499175959744 LINEAR_ACCELERATION -0.21267414 0.19153833 0.63561785

1499175959747 ROTATION_VECTOR -0.6530216 -0.04085202 -0.5932133

1499175959835 ACCELEROMETER 6.478363 -4.417282 1.8197021

1499175959841 MAGNETIC_FIELD -46.801758 -2.9663086 -34.822083

1499175959935 GYROSCOPE 2.2900696 -0.3236084 0.3776245

1499175959941 GRAVITY 8.034077 -4.636985 3.1815677

1499175959944 LINEAR_ACCELERATION 2.4012046 1.7425568 1.4302363

1499175959946 ROTATION_VECTOR -0.5692395 -0.117267154 -0.60822606

1499175960022 ACCELEROMETER 9.246948 -2.1913605 4.0758667

1499175960023 MAGNETIC_FIELD -54.078674 -7.839966 -23.85254

1499175960123 GYROSCOPE -1.0499268 -0.81707764 -1.3901062

1499175960124 GRAVITY 8.888415 -3.3686953 2.4121253

1499175960132 ROTATION_VECTOR -0.58125883 -0.19787368 -0.60854405

1499175960133 LINEAR_ACCELERATION 4.032271 -0.84891605 -2.940785

1499175960222 ACCELEROMETER 11.540939 -3.8350525 -0.8542023

1499175960223 MAGNETIC_FIELD -53.807068 -8.258057 -29.768372

1499175960324 GRAVITY 9.387206 -2.499318 1.3431882

1499175960325 LINEAR_ACCELERATION -0.83562756 -3.0313716 -0.38087213

1499175960325 ROTATION_VECTOR -0.63172144 -0.18012346 -0.647479

1499175960326 GYROSCOPE 0.7637329 -0.2253418 0.159729

1499175960423 ACCELEROMETER 7.3768616 -5.1385193 0.7449188

1499175960425 MAGNETIC_FIELD -64.123535 -6.980896 -17.202759

1499175960530 GYROSCOPE 0.23394775 2.081787 -0.5783386

1499175961226 ACCELEROMETER 14.449661 -2.1686249 3.5217438

1499175961227 MAGNETIC_FIELD -62.11853 -14.605713 5.1651

1499175961326 GYROSCOPE -1.7399292 -3.7757568 0.25585938

1499175961327 GRAVITY 8.5907135 -2.9017117 -3.734984

1499175961327 LINEAR_ACCELERATION 2.3636694 -1.508647 2.410564

1499175961327 ROTATION_VECTOR -0.77010894 -0.3120311 -0.4216892

1499175961425 ACCELEROMETER 10.194214 -4.155472 -0.2995758

1499175961426 MAGNETIC_FIELD -62.147522 -9.596252 2.5772095

1499175961527 GYROSCOPE 1.3031311 -1.0157471 0.46307373

1499175961527 LINEAR_ACCELERATION 5.435589 -0.15635586 11.454851

1499175961528 GRAVITY 6.1096134 -3.4593296 -6.846609

1499175961528 ROTATION_VECTOR -0.8487515 -0.35874903 -0.23686127

1499175961626 ACCELEROMETER 10.640259 -3.3075867 4.848282

1499175961626 MAGNETIC_FIELD -58.543396 -2.8564453 20.631409

1499175961727 GYROSCOPE 0.43795776 1.4612122 -0.767395

1499175961727 LINEAR_ACCELERATION 4.403357 -2.9388506 6.152235

1499175961728 GRAVITY 6.7174144 -4.566821 -5.4946227

1499175961728 ROTATION_VECTOR -0.78566295 -0.40358585 -0.22445971

1499175961828 ACCELEROMETER 10.466324 -6.9826813 1.2311859

1499175961829 MAGNETIC_FIELD -53.910828 -0.68969727 26.753235

1499175961937 GYROSCOPE 2.8059692 2.2783203 -0.2963562

1499175961941 GRAVITY 8.176565 -5.309031 -1.0622461

1499175961942 LINEAR_ACCELERATION 3.3727126 -0.42617893 -0.33499086

1499175961942 ROTATION_VECTOR -0.65840274 -0.34736913 -0.32563373

1499175962032 ACCELEROMETER 10.243042 -5.0264587 -1.1926422

1499175962040 MAGNETIC_FIELD -60.86731 2.4353027 6.3934326

1499175962138 GRAVITY 8.061442 -5.566214 0.44809353

1499175962143 LINEAR_ACCELERATION 0.42080307 3.771112 1.1449339

1499175962145 ROTATION_VECTOR -0.60485494 -0.33362266 -0.32259122

1499175962148 GYROSCOPE -0.4635315 -2.1607666 0.7012634

1499175962236 ACCELEROMETER 7.5265503 -1.2006836 1.7008514

1499175962239 MAGNETIC_FIELD -60.687256 7.635498 5.404663

1499175962334 GRAVITY 7.0588026 -6.780945 -0.6020617

1499175962339 GYROSCOPE -1.5647583 2.7151794 1.1413269

1499175962348 LINEAR_ACCELERATION 0.122309685 3.64471 -0.24751216

1499175962349 ROTATION_VECTOR -0.69314075 -0.2241707 -0.3240223

1499175962433 ACCELEROMETER 6.399002 -2.3615265 -0.8773651

1499175962434 MAGNETIC_FIELD -59.976196 10.68573 8.296204

1499175962547 GRAVITY 6.5113726 -7.0348983 -2.069448

1499175962552 GYROSCOPE -1.5562134 -1.553009 0.13516235

1499175962554 LINEAR_ACCELERATION 1.6681457 0.17463827 1.821663

1499175962556 ROTATION_VECTOR -0.77154845 -0.101121284 -0.36312106

1499175962633 ACCELEROMETER 7.294586 -5.870224 0.03529358

1499175962636 MAGNETIC_FIELD -61.0672 7.3150635 10.38208

1499175962737 GRAVITY 4.2503667 -6.986276 -5.4126444

1499175962740 LINEAR_ACCELERATION 5.4536676 1.0492358 4.0250125

1499175962742 ROTATION_VECTOR -0.8710648 -0.13120288 -0.18303904

1499175962750 GYROSCOPE -0.19543457 -2.9971008 0.59765625

1499175962835 ACCELEROMETER 9.342743 -5.268036 -0.6460266

1499175962838 MAGNETIC_FIELD -52.96631 11.679077 26.42212

1499175962938 GYROSCOPE 2.8198547 2.8796692 0.27508545

1499175962941 GRAVITY 3.9702878 -8.372072 -3.211793

1499175962945 LINEAR_ACCELERATION 6.9281297 0.79598665 1.9226463

1499175962947 ROTATION_VECTOR -0.7940461 -0.18233675 -0.124903955

1499175963035 ACCELEROMETER 10.258377 -6.141861 -0.7787323

1499175963038 MAGNETIC_FIELD -58.35266 4.827881 22.923279

1499175963137 GRAVITY 2.9550607 -9.148342 1.9354191

1499175963140 LINEAR_ACCELERATION 5.219741 3.7498827 -2.003835

1499175963144 ROTATION_VECTOR -0.6330382 -0.024160482 -0.20957813

1499175963146 GYROSCOPE 1.867096 0.44543457 0.7258301

1499175963236 ACCELEROMETER 7.5798035 -3.9151764 -0.56489563

1499175963239 MAGNETIC_FIELD -63.01117 18.521118 8.914185

1499175963340 GYROSCOPE 0.9816284 -1.0360413 0.59017944

1499175963343 GRAVITY 2.4543638 -8.277621 4.6505337

1499175963345 LINEAR_ACCELERATION 6.943333 6.4573874 2.2659237

1499175963347 ROTATION_VECTOR -0.5092243 -0.059827812 -0.14634848

1499175963437 ACCELEROMETER 9.210815 -0.6679077 6.740631

1499175963440 MAGNETIC_FIELD -50.883484 37.171936 8.250427

1499175963539 GRAVITY 2.0460293 -9.004697 3.3014517

1499175963545 LINEAR_ACCELERATION 7.674026 4.599989 -1.2271748

1499175963547 ROTATION_VECTOR -0.57477 -0.036225814 -0.13063303

1499175963549 GYROSCOPE -2.5570374 1.3415833 0.3968506

1499175963635 ACCELEROMETER 9.314545 -3.3355103 1.1116638

1499175963638 MAGNETIC_FIELD -54.3869 28.96576 5.1116943

1499175963738 GRAVITY 1.922223 -9.380172 2.1184492

1499175963742 LINEAR_ACCELERATION 6.638569 0.54805374 -0.24572861

1499175963746 ROTATION_VECTOR -0.6210687 -0.07913765 -0.058727365

1499175963748 GYROSCOPE 1.6139526 -3.5888367 0.762146

1499175963835 ACCELEROMETER 8.06395 -7.029602 1.2935638

1499175963838 MAGNETIC_FIELD -54.203796 24.01886 15.1474

1499175963939 GRAVITY 3.6746619 -8.826166 2.183126

1499175963944 LINEAR_ACCELERATION 8.669509 3.640955 -3.7904387

1499175963947 ROTATION_VECTOR -0.52511495 -0.33607414 0.13597731

1499175963949 GYROSCOPE 0.020324707 -1.6512756 -0.2824707

1499175964040 ACCELEROMETER 12.262939 -4.093704 -1.6233063

1499175964043 MAGNETIC_FIELD -37.75482 34.869385 29.429626

1499175964141 GYROSCOPE 2.1020813 3.0484314 -0.087005615

1499175964145 GRAVITY 3.9138968 -7.990082 4.1243653

1499175964147 LINEAR_ACCELERATION 9.164326 -1.8901081 -4.511916

1499175964149 ROTATION_VECTOR -0.43459073 -0.31756386 0.14719748

1499175964240 ACCELEROMETER 11.983444 -7.9262085 -0.67988586

1499175964245 MAGNETIC_FIELD -51.457214 28.746033 17.288208

1499175964342 GRAVITY 2.324452 -5.380075 7.8627033

1499175964345 LINEAR_ACCELERATION 5.246567 0.8190727 -4.833174

1499175964348 ROTATION_VECTOR -0.2577352 -0.18079345 0.19218081

1499175964350 GYROSCOPE 2.487671 -0.48168945 0.076416016

1499175964439 ACCELEROMETER 7.118881 -3.1203918 1.2178192

1499175964442 MAGNETIC_FIELD -55.421448 27.775574 -6.6818237

1499175964544 GYROSCOPE 3.7640686 -1.1887817 -0.064575195

1499175964547 GRAVITY 4.330656 0.20227103 8.7963

1499175964549 LINEAR_ACCELERATION 6.0709615 -1.3985599 -5.0884666

1499175964551 ROTATION_VECTOR 0.08252181 -0.21143244 0.31138402

1499175964642 ACCELEROMETER 10.339935 -1.8074036 1.7503357

1499175964645 MAGNETIC_FIELD -54.50592 29.754639 -3.489685

1499175964744 GRAVITY 5.501067 0.87752104 8.070849

1499175964748 LINEAR_ACCELERATION 6.8963914 -6.162792 -7.288046

1499175964750 GYROSCOPE -2.850769 0.44970703 -0.53881836

1499175964752 ROTATION_VECTOR 0.12806705 -0.2685145 0.27012214

1499175964844 ACCELEROMETER 10.664261 -5.3916626 -0.38102722

1499175964847 MAGNETIC_FIELD -53.186035 30.207825 0.17089844

1499175964945 GRAVITY 6.9918504 0.34735098 6.867588

1499175964948 LINEAR_ACCELERATION 3.474393 -4.9164615 -3.2887998

1499175964951 GYROSCOPE 2.0112915 -2.2141724 -0.33587646

1499175964953 ROTATION_VECTOR 0.051142085 -0.38371208 0.07631517

1499175965038 ACCELEROMETER 8.999649 -4.73201 1.6757202

1499175965041 MAGNETIC_FIELD -50.776672 30.958557 17.054749

1499175965145 GRAVITY 8.51051 0.9584723 4.7773347

1499175965146 LINEAR_ACCELERATION 4.764776 -3.138596 4.949419

1499175965154 ROTATION_VECTOR -0.033959243 -0.505243 -0.15375292

1499175965154 GYROSCOPE -1.1695557 -0.51052856 -0.06350708

1499175965240 ACCELEROMETER 11.95047 -2.5289154 9.406418

1499175965241 MAGNETIC_FIELD -44.439697 33.62274 23.132324

1499175965338 GYROSCOPE 2.2409363 1.7111511 0.21954346

1499175965339 GRAVITY 8.173327 0.9093726 5.342297

1499175965339 LINEAR_ACCELERATION 4.6981072 -6.5490465 -4.415779

1499175965340 ROTATION_VECTOR -0.048843317 -0.47458717 -0.18609394

1499175965448 ACCELEROMETER 11.211777 -5.5437775 -0.4222107

1499175965457 MAGNETIC_FIELD -53.103638 34.513855 2.8503418

1499175965548 GYROSCOPE 3.2513733 -0.8779602 0.38723755

1499175965557 GRAVITY 8.037277 2.852619 4.8409843

1499175965560 LINEAR_ACCELERATION 1.0229197 -5.6102138 -4.0039177

1499175965562 ROTATION_VECTOR 0.21792762 -0.45352623 0.09219451

1499175965651 ACCELEROMETER 7.5531464 -3.0809784 0.56484985

1499175965657 MAGNETIC_FIELD -52.130127 30.322266 -20.501709

1499175965751 GYROSCOPE 0.23501587 -1.1663513 0.28149414

1499175965759 GRAVITY 8.927097 3.5024457 2.0518775

1499175965762 LINEAR_ACCELERATION 0.7718358 -5.4806414 0.51589096

1499175965764 ROTATION_VECTOR 0.40741438 -0.47895396 0.25268534

1499175965849 ACCELEROMETER 8.181427 -2.373932 1.5341034

1499175965856 MAGNETIC_FIELD -53.74298 29.841614 -19.599915

1499175965951 GYROSCOPE -1.5658264 0.44436646 -0.19595337

1499175965959 GRAVITY 9.303404 2.6072154 1.6791357

1499175965962 LINEAR_ACCELERATION 1.3027935 -8.370662 -2.6917114

1499175965965 ROTATION_VECTOR 0.33653522 -0.54875493 0.20919074

1499175966050 ACCELEROMETER 8.683304 -6.4480133 -0.16235352

1499175966059 MAGNETIC_FIELD -51.849365 33.995056 -15.275574

1499175966155 GYROSCOPE 1.9450684 -1.3169556 0.3348999

1499175966169 GRAVITY 9.502707 2.2227693 0.96345603

1499175966173 LINEAR_ACCELERATION 1.0175157 -4.7845044 3.075856

1499175966175 ROTATION_VECTOR 0.22854078 -0.6313846 0.08688417

1499175966250 ACCELEROMETER 8.560196 -3.2313843 2.6377716

1499175966260 MAGNETIC_FIELD -50.00763 37.79602 -4.9728394

1499175966351 GYROSCOPE -0.96554565 1.4078064 -0.47686768

1499175966362 GRAVITY 9.574158 1.9992617 0.71333146

1499175966365 LINEAR_ACCELERATION 1.4671512 -6.760042 -1.5376532

1499175966367 ROTATION_VECTOR 0.22363837 -0.64312994 0.09406511

1499175966449 ACCELEROMETER 9.066406 -5.527176 0.88327026

1499175966455 MAGNETIC_FIELD -46.972656 39.518738 0.7034302

1499175966547 GRAVITY 8.980306 1.636444 3.58421

1499175966556 GYROSCOPE 1.376831 1.7357178 0.3840332

1499175966559 LINEAR_ACCELERATION 4.429235 -6.705979 1.6882896

1499175966561 ROTATION_VECTOR 0.2116074 -0.5219947 0.16811475

1499175966655 ACCELEROMETER 11.808273 -4.462204 2.743042

1499175966669 MAGNETIC_FIELD -43.592834 39.53247 -14.532471

1499175966747 GRAVITY 8.270345 3.1168842 4.2493315

1499175966750 LINEAR_ACCELERATION 0.704556 -4.330685 -4.6664476

1499175966754 ROTATION_VECTOR 0.37498996 -0.37779218 0.34616724

1499175966756 GYROSCOPE 1.8104858 0.384552 -1.1668701

1499175966852 ACCELEROMETER 7.2176666 -2.5192719 -0.007980347

1499175966856 MAGNETIC_FIELD -39.997864 28.578186 -33.22754

1499175966944 GRAVITY 7.6328874 4.190153 4.511323

1499175966945 LINEAR_ACCELERATION 1.3803473 -6.2721252 1.6556993

1499175966946 ROTATION_VECTOR 0.43719673 -0.28079453 0.40800145

1499175966946 GYROSCOPE -1.0670166 0.20831299 -0.26431274

1499175967045 ACCELEROMETER 7.012909 -2.4450836 3.5699158

1499175967046 MAGNETIC_FIELD -43.452454 34.69391 -24.27063

1499175967149 GRAVITY 7.887577 2.3060308 5.3515177

1499175967153 LINEAR_ACCELERATION 1.5875144 -5.9222593 -6.107903

1499175967155 ROTATION_VECTOR 0.29124644 -0.3772586 0.3203628

1499175967158 GYROSCOPE -2.7033691 -0.58743286 -0.33267212

1499175967251 ACCELEROMETER 7.932373 -5.1164856 -1.1702118

1499175967258 MAGNETIC_FIELD -41.63513 40.063477 -13.763428

1499175967354 GRAVITY 7.9910045 0.5764146 5.655261

1499175967359 LINEAR_ACCELERATION 1.4648638 -6.358798 -3.1970139

1499175967361 ROTATION_VECTOR 0.13612077 -0.43946907 0.20099905

1499175967364 GYROSCOPE -0.007446289 0.5746765 0.04437256

1499175967451 ACCELEROMETER 8.017685 -5.6117554 0.873703

1499175967456 MAGNETIC_FIELD -43.511963 43.063354 8.654785

1499175967551 GRAVITY 7.9799404 0.021103736 5.7000427

1499175967573 LINEAR_ACCELERATION 4.648449 -4.0467343 -1.8745484

1499175967575 ROTATION_VECTOR 0.044861443 -0.45537475 0.0848344

1499175967577 GYROSCOPE -0.27020264 -0.24029541 0.10632324

1499175967646 ACCELEROMETER 11.187332 -4.0015717 2.6649475

1499175967649 MAGNETIC_FIELD -42.26532 40.777588 12.414551

1499175967749 GRAVITY 8.012924 1.19747 5.52535

1499175967752 LINEAR_ACCELERATION 2.7321725 -8.474099 -1.2725186

1499175967756 ROTATION_VECTOR 0.16108672 -0.43856198 0.17882675

1499175967758 GYROSCOPE 3.94458 0.4828186 0.29431152

1499175967855 ACCELEROMETER 8.368149 -6.851059 2.8345337

1499175967859 MAGNETIC_FIELD -43.19153 37.306213 -17.12799

1499175967956 GRAVITY 8.385857 2.873247 4.194311

1499175967960 LINEAR_ACCELERATION 0.7248626 -2.2133667 -2.7527335

1499175967963 ROTATION_VECTOR 0.3919104 -0.36408228 0.39919296

1499175967965 GYROSCOPE 1.0382385 -0.8640747 0.7055359

1499175968055 ACCELEROMETER 7.313507 0.09979248 0.9302063

1499175968060 MAGNETIC_FIELD -39.408875 19.140625 -36.69281

1499175968156 GRAVITY 9.628053 1.8376231 0.30681422

1499175968161 LINEAR_ACCELERATION 1.1173944 -2.3899446 2.9588664

1499175968163 ROTATION_VECTOR 0.54401964 -0.43405005 0.46740064

1499175968166 GYROSCOPE 1.3501282 -3.1017761 1.4072876

1499175968247 ACCELEROMETER 10.860031 -0.9329834 3.7875977

1499175968251 MAGNETIC_FIELD -48.24524 22.624207 -25.053406

1499175968354 GYROSCOPE -1.7815857 -1.3009338 0.47909546

1499175968358 GRAVITY 9.184635 -0.17593919 -3.4324787

1499175968361 LINEAR_ACCELERATION 7.1731105 -2.4946594 5.288602

1499175968363 ROTATION_VECTOR 0.42483705 -0.70322204 0.30407572

1499175968451 ACCELEROMETER 12.567474 -3.1594543 2.582428

1499175968452 MAGNETIC_FIELD -49.157715 25.24414 -23.703003

1499175968554 GYROSCOPE -3.2320862 0.7626648 0.4758911

1499175968560 GRAVITY 9.107412 0.42090708 -3.6122391

1499175968563 LINEAR_ACCELERATION 1.4909801 -4.74959 6.468853

1499175968565 ROTATION_VECTOR -0.09184938 -0.82203203 -0.08812273

1499175968660 ACCELEROMETER 8.528076 -4.6458893 2.756897

1499175968666 MAGNETIC_FIELD -43.522644 39.183044 -7.989502

1499175968762 GRAVITY 9.396056 2.6030872 -1.0528346

1499175968771 LINEAR_ACCELERATION -0.59401464 -7.534847 1.4544793

1499175968774 ROTATION_VECTOR -0.37572396 -0.6422703 -0.47904748

1499175968777 GYROSCOPE -1.5572815 0.70391846 -1.7094727

1499175968860 ACCELEROMETER 6.7297974 -5.475601 0.6190033

1499175968867 MAGNETIC_FIELD -42.26532 41.07361 6.843567

1499175968959 GRAVITY 8.977476 3.9394078 0.2374418

1499175968966 LINEAR_ACCELERATION 1.7929263 -8.583053 0.24085382

1499175968969 ROTATION_VECTOR -0.45342925 -0.53131515 -0.64411986

1499175968971 GYROSCOPE -0.99331665 -0.53616333 -0.20129395

1499175969059 ACCELEROMETER 9.24823 -6.3617554 1.3071136

1499175969068 MAGNETIC_FIELD -42.10663 35.16693 19.802856

1499175969157 GRAVITY 9.309037 3.0835068 -0.06480463

1499175969164 LINEAR_ACCELERATION 4.0709143 -9.911819 1.4919186

1499175969167 GYROSCOPE 3.9638062 1.3544006 0.28149414

1499175969169 ROTATION_VECTOR -0.46206713 -0.53832895 -0.6038969

1499175969258 ACCELEROMETER 11.610611 -7.0265656 0.49641418

1499175969265 MAGNETIC_FIELD -43.24646 38.14392 6.0165405

1499175969359 GRAVITY 9.473967 2.0347452 1.5080328

1499175969366 LINEAR_ACCELERATION 1.4284954 -6.2358274 -0.8471596

1499175969369 ROTATION_VECTOR -0.38481593 -0.5244315 -0.56790394

1499175969372 GYROSCOPE 0.17520142 1.5071411 0.11166382

1499175969456 ACCELEROMETER 6.837082 -4.0386353 -0.4414673

1499175969466 MAGNETIC_FIELD -42.07611 31.053162 -25.93689

1499175969559 GYROSCOPE 3.5653992 -1.4814453 0.9789734

1499175969566 GRAVITY 9.658312 1.2600824 1.1399993

1499175969568 LINEAR_ACCELERATION 2.421885 -2.8974714 1.322584

1499175969570 ROTATION_VECTOR -0.6502097 -0.13821551 -0.7447042

1499175969657 ACCELEROMETER 13.1358795 -1.0849457 1.2732697

1499175969664 MAGNETIC_FIELD -44.0567 25.260925 -28.49121

1499175969754 GRAVITY 9.68625 0.81387955 1.2979022

1499175969757 LINEAR_ACCELERATION 5.999798 -4.5109696 -5.8668838

1499175969760 ROTATION_VECTOR 0.6162085 -0.23262098 0.6792332

1499175969762 GYROSCOPE -3.2438354 2.1319885 -0.81973267

1499175969854 ACCELEROMETER 10.973236 -4.799698 -3.4065704

1499175969857 MAGNETIC_FIELD -44.178772 27.719116 -27.252197

1499175969958 GYROSCOPE 1.2379761 -5.482605 -0.13934326

1499175969972 GRAVITY 9.638229 1.1066891 -1.4318401

1499175969974 LINEAR_ACCELERATION 0.29269648 -5.3303213 3.1710358

1499175969976 ROTATION_VECTOR 0.61015195 -0.44801572 0.47915426

1499175970056 ACCELEROMETER 9.360382 -4.4466705 2.3302155

1499175970059 MAGNETIC_FIELD -48.960876 35.069275 -8.703613

1499175970158 GYROSCOPE -2.3615723 2.785675 -0.730011

1499175970163 GRAVITY 9.004496 1.674433 -3.505101

1499175970172 LINEAR_ACCELERATION 2.2937846 -6.381823 3.0413795

1499175970174 ROTATION_VECTOR 0.81612813 0.1124512 0.5662

1499175970259 ACCELEROMETER 9.8376465 -6.019333 -0.39990234

1499175970263 MAGNETIC_FIELD -53.723145 31.74591 -7.0877075

1499175970357 GYROSCOPE 0.36853027 1.6961975 0.12875366

1499175970360 GRAVITY 9.465158 2.370681 0.9803264

1499175970365 LINEAR_ACCELERATION 3.4040904 -7.296232 -2.660092

1499175970370 ROTATION_VECTOR 0.65902513 0.12531218 0.74038213

1499175970457 ACCELEROMETER 10.497482 -4.495102 -1.7113953

1499175970488 MAGNETIC_FIELD -45.770264 24.38507 -30.897522

1499175970556 GYROSCOPE 1.5477295 -1.1684875 0.6553345

1499175970559 LINEAR_ACCELERATION 0.377728 -3.672139 -1.965173

1499175970561 GRAVITY 9.629055 1.5416671 1.0367979

1499175970563 ROTATION_VECTOR 0.5732339 -0.3442977 0.5688703

1499175970656 ACCELEROMETER 8.111145 -2.8085022 0.76797485

1499175970658 MAGNETIC_FIELD -44.6167 9.77478 -36.497498

1499175970757 GYROSCOPE -0.049102783 -0.3738098 0.24197388

1499175970759 GRAVITY 9.78601 0.5372855 -0.34017536

1499175970761 LINEAR_ACCELERATION 0.6649637 -4.3158693 3.667977

1499175970767 ROTATION_VECTOR 0.6253618 -0.3553403 0.5843086

1499175970859 ACCELEROMETER 7.854004 -2.4044952 1.4464417

1499175970869 MAGNETIC_FIELD -48.446655 12.39624 -31.591797

1499175970960 GYROSCOPE -2.6339417 -1.0456543 0.0027160645

1499175970969 GRAVITY 9.673812 0.14395112 -1.6021937

1499175970972 LINEAR_ACCELERATION 0.2804432 -3.5619786 0.53385377

1499175970974 ROTATION_VECTOR 0.56160605 -0.5160308 0.46968722

1499175971052 ACCELEROMETER 8.170425 -4.940277 -0.05355835

1499175971053 MAGNETIC_FIELD -46.4386 20.3125 -31.260681

1499175971153 GYROSCOPE 2.3787231 0.3642578 0.32208252

1499175971154 GRAVITY 9.56777 -0.45991948 -2.1015794

1499175971155 LINEAR_ACCELERATION -0.37241888 -5.0167246 2.6475642

1499175971155 ROTATION_VECTOR 0.49350402 -0.6029963 0.419799

1499175971253 ACCELEROMETER 8.25647 -4.807373 0.3904419

1499175971253 MAGNETIC_FIELD -54.197693 25.688171 -16.687012

1499175971365 GYROSCOPE -1.4259033 3.3955688 -0.73535156

1499175971372 GRAVITY 9.683189 -0.57913816 1.4390358

1499175971377 LINEAR_ACCELERATION 2.073794 -4.928026 -1.9015923

1499175971380 ROTATION_VECTOR 0.40282458 -0.5141614 0.5017436

1499175971459 ACCELEROMETER 9.585144 -5.6410065 1.0351868

1499175971467 MAGNETIC_FIELD -54.612732 25.785828 -9.646606

1499175971553 GYROSCOPE 1.079895 3.0740662 -0.052825928

1499175971554 GRAVITY 7.1951814 -0.04989514 6.663127

1499175971555 LINEAR_ACCELERATION 6.0835977 -2.8895917 -4.5257006

1499175971556 ROTATION_VECTOR 0.2652873 -0.29982948 0.6119727

1499175971653 ACCELEROMETER 11.856171 -2.531067 -0.5782623

1499175971654 MAGNETIC_FIELD -44.69452 23.634338 -29.153442

1499175971770 GYROSCOPE -1.414154 1.4302368 0.09777832

1499175971787 GRAVITY 3.8931472 -0.4880955 8.987522

1499175971800 LINEAR_ACCELERATION 2.8582559 -2.5319352 -7.783318

1499175971800 ROTATION_VECTOR 0.11391971 -0.16966498 0.6425356

1499175971854 ACCELEROMETER 4.341614 -3.5848541 4.5228424

1499175971855 MAGNETIC_FIELD -37.657166 17.260742 -37.478638

1499175971955 GYROSCOPE -2.7909546 1.6876526 0.26760864

1499175971956 GRAVITY 1.6709896 -4.2985725 8.654505

1499175971956 LINEAR_ACCELERATION 6.372399 -0.86350274 -1.2996502

1499175971957 ROTATION_VECTOR -0.12639382 -0.20680344 0.58825636

1499175972055 ACCELEROMETER 7.434662 -2.5901794 2.1926117

1499175972056 MAGNETIC_FIELD -12.850952 1.2466431 -44.73419

1499175972156 GYROSCOPE 2.8198547 3.8740845 5.79834E-4

1499175972157 GRAVITY -2.9405642 -4.200464 8.359401

1499175972157 LINEAR_ACCELERATION 5.2886133 2.2778466 1.6787858

1499175972158 ROTATION_VECTOR -0.2712708 0.014189755 0.5099919

1499175972255 ACCELEROMETER 0.57473755 0.60517883 6.851074

1499175972256 MAGNETIC_FIELD 19.05365 -11.004639 -30.448914

1499175972369 GYROSCOPE -0.30545044 -0.41867065 -4.92984

1499175972381 GRAVITY -4.3624187 -2.417059 8.443786

1499175972399 LINEAR_ACCELERATION -9.659756 6.0322504 -1.5233798

1499175972399 ROTATION_VECTOR -0.18169402 0.19098176 0.242879

1499175972456 ACCELEROMETER -11.8394165 1.8290558 7.5264435

1499175972457 MAGNETIC_FIELD 50.01526 0.730896 -13.887024

1499175972557 GYROSCOPE 0.1954956 2.0636292 0.98324585

1499175972558 GRAVITY -4.51274 -3.7591295 7.853312

1499175972558 LINEAR_ACCELERATION -0.330837 4.371849 -0.43584967

1499175972559 ROTATION_VECTOR -0.20645785 0.23867904 0.017644282

1499175972657 ACCELEROMETER -5.429474 2.27034 3.1228638

1499175972658 MAGNETIC_FIELD 51.123047 -3.6865234 -10.604858

1499175972757 GYROSCOPE 0.43688965 -1.719635 0.65426636

1499175972758 GRAVITY -5.525781 -2.1922398 7.7993727

1499175972758 LINEAR_ACCELERATION -1.4707246 4.5565195 -2.4768662

1499175972759 ROTATION_VECTOR -0.14879993 0.28319824 0.10033361

1499175972858 ACCELEROMETER -3.7243958 2.8614044 4.9565277

1499175972859 MAGNETIC_FIELD 48.643494 -4.5425415 -19.017029

1499175972963 GYROSCOPE -0.6675415 -0.74017334 -1.508667

1499175972978 GRAVITY -3.4022896 -2.5989072 8.822726

1499175972983 LINEAR_ACCELERATION -3.4221878 2.4076629 3.9312797

1499175973001 ROTATION_VECTOR -0.15729812 0.15944739 0.12275824

1499175973058 ACCELEROMETER -6.8898926 1.1087952 11.482666

1499175973059 MAGNETIC_FIELD 36.224365 1.9378662 -34.99298

1499175973158 GYROSCOPE 0.6985779 -0.7497864 0.57522583

1499175973159 GRAVITY -1.8975207 -2.6043398 9.262139

1499175973160 LINEAR_ACCELERATION -1.5363672 4.030982 1.1002808

1499175973160 ROTATION_VECTOR -0.1399724 0.09038845 0.05545944

1499175973267 ACCELEROMETER -2.2437897 1.1980591 8.531387

1499175973276 MAGNETIC_FIELD 34.28192 1.1138916 -37.123108

1499175973370 GYROSCOPE -0.3171997 -0.67715454 0.2644043

1499175973377 GRAVITY -0.86477405 -1.9202259 9.577854

1499175973380 LINEAR_ACCELERATION -2.2221093 1.1175784 6.646542

1499175973385 ROTATION_VECTOR -0.10253749 0.033932634 0.10277025

1499175973467 ACCELEROMETER -3.150406 -0.50961304 13.843063

1499175973471 MAGNETIC_FIELD 34.62982 -0.3692627 -36.384583

1499175973570 GYROSCOPE 0.6505127 -0.4987793 0.23129272

1499175973581 LINEAR_ACCELERATION -1.9299811 2.5218053 0.3868084

1499175973594 ROTATION_VECTOR -0.06992435 -0.013430388 0.1459154

1499175973597 GRAVITY 0.05980382 -1.3916862 9.707214

1499175973660 ACCELEROMETER -1.4323883 2.1123352 9.361588

1499175973660 MAGNETIC_FIELD 31.504822 -9.063721 -38.616943

1499175973760 GYROSCOPE 0.6772156 -0.5746155 0.023010254

1499175973761 GRAVITY 0.980237 0.12435757 9.756743

1499175973762 LINEAR_ACCELERATION -1.1995032 3.4578648 2.9957132

1499175973763 ROTATION_VECTOR 0.0154992705 -0.048002783 0.18481667

1499175973861 ACCELEROMETER 0.59558105 4.0727234 10.594147

1499175973861 MAGNETIC_FIELD 22.36023 -16.390991 -40.470886

1499175973969 GRAVITY 7.9199424 1.9517164 5.4438686

1499175973976 LINEAR_ACCELERATION -0.043250084 4.000513 -3.5459557

1499175973981 ROTATION_VECTOR 0.20526223 -0.42462614 0.18266217

1499175973984 GYROSCOPE 0.9613342 -7.8709106 0.3477173

1499175974066 ACCELEROMETER 8.750702 5.2297363 -2.5920868

1499175974070 MAGNETIC_FIELD -12.275696 -28.401184 -31.814575

1499175974171 GYROSCOPE 0.099365234 4.2735596 0.39151

1499175974177 GRAVITY 9.349552 2.0672076 2.11729

1499175974182 LINEAR_ACCELERATION 0.6002116 2.4246175 0.7790345

1499175974186 ROTATION_VECTOR 0.25211564 -0.5731369 0.15246722

1499175974267 ACCELEROMETER 6.0894165 4.051834 1.5983276

1499175974271 MAGNETIC_FIELD -16.271973 -25.086975 -34.38568

1499175974370 GYROSCOPE 3.082611 0.82247925 1.1221008

1499175974376 GRAVITY 7.5814404 1.4508755 6.0487275

1499175974380 LINEAR_ACCELERATION -0.66305685 2.459397 -5.297256

1499175974386 ROTATION_VECTOR 0.23824918 -0.367203 0.3388857

1499175974469 ACCELEROMETER 6.838684 3.0094604 2.6725311

1499175974472 MAGNETIC_FIELD -22.094727 -28.067017 -32.070923

1499175974569 GYROSCOPE -0.06298828 2.2879333 0.4118042

1499175974576 GRAVITY 5.7115474 2.1263633 7.6829157

1499175974580 LINEAR_ACCELERATION 1.0058823 0.67408144 -2.6803398

1499175974585 ROTATION_VECTOR 0.29521662 -0.1453529 0.64841944

1499175974670 ACCELEROMETER 5.9819183 3.4060974 4.0313416

1499175974680 MAGNETIC_FIELD -19.108582 -27.970886 -34.71985

1499175974775 GYROSCOPE -1.3094788 4.527771 0.35839844

1499175974779 GRAVITY 0.031118179 0.8788902 9.767138

1499175974781 LINEAR_ACCELERATION 6.9729214 4.093919 -1.33951

1499175974787 ROTATION_VECTOR 0.028370509 0.034780875 0.7959791

1499175974863 ACCELEROMETER 5.887497 4.724182 7.7649536

1499175974864 MAGNETIC_FIELD 6.478882 -20.291138 -42.22412

1499175974964 GYROSCOPE -0.9260254 1.598999 -0.15856934

1499175974964 GRAVITY -5.2366643 -1.078286 8.221012

1499175974965 LINEAR_ACCELERATION 5.5664387 3.7000086 2.5433893

1499175974965 ROTATION_VECTOR -0.25520858 0.12535404 0.75759655

1499175975064 ACCELEROMETER -1.2002258 1.1750946 9.412048

1499175975065 MAGNETIC_FIELD 31.976318 -10.769653 -36.834717

1499175975164 GYROSCOPE 1.0660095 -0.76153564 -0.10836792

1499175975166 LINEAR_ACCELERATION 1.5183315 0.47602725 2.401538

1499175975173 GRAVITY -5.7411733 -1.0641978 7.878883

1499175975173 ROTATION_VECTOR -0.27149945 0.15676992 0.72202253

1499175975264 ACCELEROMETER -3.7730103 -0.26002502 8.5482025

1499175975265 MAGNETIC_FIELD 38.186646 -7.9559326 -32.00836

1499175975366 GYROSCOPE -0.48382568 0.5298157 0.098846436

1499175975367 GRAVITY -5.521491 -0.61238533 8.0813675

1499175975368 LINEAR_ACCELERATION -1.2046762 -0.26919752 2.821126

1499175975369 ROTATION_VECTOR -0.2451915 0.16687134 0.7254657

1499175975465 ACCELEROMETER -5.38591 -0.80267334 9.209778

1499175975465 MAGNETIC_FIELD 42.767334 -4.5272827 -28.549194

1499175975566 GYROSCOPE -0.58529663 0.5896301 -0.0368042

1499175975568 GRAVITY -6.3030753 -1.3516239 7.3901787

1499175975568 LINEAR_ACCELERATION -0.16891956 1.0441849 2.958747

1499175975569 ROTATION_VECTOR -0.31313756 0.15858945 0.72807664

1499175975666 ACCELEROMETER -5.33226 -0.11705017 8.269089

1499175975668 MAGNETIC_FIELD 45.00122 -3.2730103 -24.468994

1499175975766 GYROSCOPE 0.4059143 -0.4293518 0.17895508

1499175975768 GRAVITY -6.3978777 -1.3847703 7.302052

1499175975769 LINEAR_ACCELERATION 0.17873669 0.048782706 1.1466818

1499175975769 ROTATION_VECTOR -0.31851256 0.16201459 0.7240488

1499175975867 ACCELEROMETER -4.733383 -0.47857666 7.898178

1499175975867 MAGNETIC_FIELD 43.814087 -4.2495728 -26.22528

1499175975968 GYROSCOPE 0.4828186 -0.67715454 0.04650879

1499175975969 GRAVITY -5.491758 -0.5250081 8.107734

1499175975969 LINEAR_ACCELERATION 0.7243061 0.864853 1.5955954

1499175975970 ROTATION_VECTOR -0.24633603 0.16105647 0.7465123

1499175976067 ACCELEROMETER -3.9871674 0.24749756 8.669571

1499175976068 MAGNETIC_FIELD 41.333008 -7.989502 -30.145264

1499175976168 GYROSCOPE 1.394989 -1.9161682 -0.28460693

1499175976169 GRAVITY -3.245788 0.8282626 9.21679

1499175976169 LINEAR_ACCELERATION -0.9888582 -0.5472289 1.436111

1499175976170 ROTATION_VECTOR -0.104910925 0.13808754 0.7711858

1499175976268 ACCELEROMETER -2.9540405 0.9176636 9.304642

1499175976269 MAGNETIC_FIELD 35.27832 -11.805725 -34.587097

1499175976369 GYROSCOPE -0.338562 0.39950562 -0.053894043

1499175976370 GRAVITY -1.8638034 1.7317253 9.47089

1499175976371 LINEAR_ACCELERATION -0.37379467 0.93835366 1.1750107

1499175976371 ROTATION_VECTOR -0.023663227 0.12868205 0.7950477

1499175976468 ACCELEROMETER -2.1216888 1.662323 9.593399

1499175976469 MAGNETIC_FIELD 34.049988 -12.147522 -34.26819

1499175976569 GYROSCOPE 0.15704346 -0.6654053 -0.22799683

1499175976570 LINEAR_ACCELERATION -0.04651618 -0.30519593 1.0957918

1499175976571 GRAVITY -1.6497777 1.4768333 9.553407

1499175976571 ROTATION_VECTOR -0.023185302 0.11123962 0.7997567

1499175976669 ACCELEROMETER -1.9243317 0.9572296 8.99147

1499175976670 MAGNETIC_FIELD 39.146423 -10.948181 -32.502747

1499175976770 GYROSCOPE 0.87908936 -1.339386 0.020874023

1499175976770 GRAVITY 0.077998735 2.3654325 9.516776

1499175976771 LINEAR_ACCELERATION -2.2862215 -0.783236 0.95921326

1499175976771 ROTATION_VECTOR 0.07882227 0.09255539 0.7764812

1499175976870 ACCELEROMETER -1.066803 1.8778229 8.966553

1499175976871 MAGNETIC_FIELD 32.62329 -13.850403 -36.52191

1499175976970 GYROSCOPE -0.2189331 0.21258545 -0.080596924

1499175976971 GRAVITY 1.0428749 2.9700203 9.287723

1499175976971 LINEAR_ACCELERATION -1.1473764 -0.15223432 0.8142586

1499175976972 ROTATION_VECTOR 0.1359535 0.08930073 0.7843233

1499175977070 ACCELEROMETER 0.019882202 3.101944 8.904266

1499175977071 MAGNETIC_FIELD 28.033447 -14.764404 -38.391113

1499175977171 GYROSCOPE -1.1385803 1.8606873 0.037963867

1499175977172 GRAVITY -0.93825346 1.7399442 9.605346

1499175977173 LINEAR_ACCELERATION 0.5746582 1.1220164 0.96267796

1499175977173 ROTATION_VECTOR 0.015565233 0.10010697 0.7927109

1499175977271 ACCELEROMETER -1.7627869 1.7664642 9.739944

1499175977271 MAGNETIC_FIELD 33.60901 -13.496399 -36.743164

1499175977372 GRAVITY -3.1765316 0.30710793 9.272848

1499175977373 GYROSCOPE -0.42401123 0.52874756 0.29858398

1499175977374 LINEAR_ACCELERATION -0.6040423 0.950505 1.2485266

1499175977374 ROTATION_VECTOR -0.11995939 0.11325218 0.7790074

1499175977472 ACCELEROMETER -3.3204956 0.73687744 9.109924

1499175977472 MAGNETIC_FIELD 38.175964 -10.295105 -33.953857

1499175977573 GYROSCOPE 0.5928345 -0.9815674 0.042236328

1499175977574 GRAVITY -2.7154453 0.6153608 9.403089

1499175977575 LINEAR_ACCELERATION 0.07796049 0.7788591 1.1745377

1499175977575 ROTATION_VECTOR -0.0904985 0.11129211 0.7786384

1499175977673 ACCELEROMETER -1.7320709 1.8700562 9.544342

1499175977674 MAGNETIC_FIELD 34.033203 -12.451172 -36.87439

1499175977773 GYROSCOPE -0.5489807 -0.09716797 -0.13720703

1499175977774 LINEAR_ACCELERATION -0.66655076 0.6545101 0.72667027

1499175977775 GRAVITY -1.7189475 0.6661798 9.631813

1499175977775 ROTATION_VECTOR -0.049186427 0.080591165 0.79065955

1499175977873 ACCELEROMETER -2.311432 0.9669342 8.71785

1499175977874 MAGNETIC_FIELD 35.35309 -12.449646 -35.1593

1499175977974 GYROSCOPE 0.21044922 0.9389038 0.092437744

1499175977975 LINEAR_ACCELERATION -0.1379013 0.9096302 -0.4022627

1499175977975 GRAVITY -2.5413153 0.38602254 9.4637785

1499175977976 ROTATION_VECTOR -0.092062265 0.0949008 0.7891949

1499175978074 ACCELEROMETER -3.2913513 1.5690765 8.564362

1499175978075 MAGNETIC_FIELD 39.72168 -12.399292 -29.57611

1499175978175 GYROSCOPE 1.2251587 1.478302 -0.9276123

1499175978176 GRAVITY -4.7189293 1.5343459 8.458598

1499175978177 LINEAR_ACCELERATION -0.7068138 0.40530074 1.7889271

1499175978177 ROTATION_VECTOR -0.13926342 0.22211987 0.7403147

1499175978275 ACCELEROMETER -6.0532074 1.6986542 9.248535

1499175978275 MAGNETIC_FIELD 46.82007 -11.37085 -20.021057

1499175978376 GYROSCOPE -1.0018616 -0.046966553 1.8259888

1499175978377 GRAVITY -5.7891636 2.1871862 7.607377

1499175978377 LINEAR_ACCELERATION -2.3435855 1.1978222 0.426219

1499175978378 ROTATION_VECTOR -0.1743659 0.28588152 0.7432951

1499175978475 ACCELEROMETER -7.3431244 3.6236725 6.2304688

1499175978476 MAGNETIC_FIELD 50.157166 -12.164307 -11.94458

1499175978576 GYROSCOPE -0.6098633 0.045959473 0.61154175

1499175978577 LINEAR_ACCELERATION -1.4249368 0.786829 -1.6524572

1499175978578 GRAVITY -5.1837277 2.3044763 7.999296

1499175978578 ROTATION_VECTOR -0.18616463 0.23977517 0.8396712

1499175978676 ACCELEROMETER -5.787674 2.1059418 4.7825165

1499175978677 MAGNETIC_FIELD 47.183228 -18.377686 -13.331604

1499175978776 GYROSCOPE -0.17086792 0.14529419 -0.035736084

1499175978777 LINEAR_ACCELERATION -1.7314496 -1.9172726 0.3878827

1499175978778 GRAVITY -5.2712145 1.8455362 8.060935

1499175978779 ROTATION_VECTOR -0.21810636 0.20355909 0.8737745

1499175978876 ACCELEROMETER -6.711334 1.1074371 8.81218

1499175978877 MAGNETIC_FIELD 46.076965 -21.646118 -16.699219

1499175978977 GYROSCOPE 0.45932007 1.1343689 0.045440674

1499175978978 GRAVITY -6.201689 2.148801 7.2864323

1499175978979 LINEAR_ACCELERATION -0.5992985 1.644572 2.1650481

1499175978980 ROTATION_VECTOR -0.26193193 0.24471822 0.8532084

1499175979078 ACCELEROMETER -6.5104523 2.7922668 8.781509

1499175979081 MAGNETIC_FIELD 47.12372 -23.913574 -6.452942

