1499175921203 ACCELEROMETER 1.2646484 4.5829926 9.512497

1499175921206 GYROSCOPE -1.2518005 -0.24990845 -0.414917

1499175921206 MAGNETIC_FIELD 15.339661 -12.208557 -36.520386

1499175921207 GRAVITY 0.84385914 3.8769414 8.968144

1499175921207 LINEAR_ACCELERATION 0.0 0.0 -0.0

1499175921209 ROTATION_VECTOR 0.0 0.0 0.0

1499175921403 ACCELEROMETER 4.2377777 3.3482666 9.596542

1499175921405 GYROSCOPE 0.021392822 -1.6437988 -1.0782166

1499175921405 MAGNETIC_FIELD 11.795044 -7.331848 -42.590332

1499175921406 LINEAR_ACCELERATION 0.9140904 0.70983386 -0.34889317

1499175921407 GRAVITY 2.80859 3.420872 8.750991

1499175921407 ROTATION_VECTOR 0.23092838 -0.022264838 0.54223746

1499175921604 ACCELEROMETER 2.9896545 1.8316345 7.585846

1499175921605 GYROSCOPE -0.41012573 -1.2411194 -1.4371033

1499175921606 MAGNETIC_FIELD 6.227112 0.5706787 -44.065857

1499175921606 GRAVITY 4.1388974 3.1569192 8.311064

1499175921607 LINEAR_ACCELERATION -1.0058489 -1.5960743 -0.44620132

1499175921607 ROTATION_VECTOR 0.2337021 -0.14709528 0.33625674

1499175921804 ACCELEROMETER 5.134903 3.3692627 10.118744

1499175921805 GYROSCOPE -0.8565979 -1.7506104 -1.0718079

1499175921806 MAGNETIC_FIELD -14.866638 5.784607 -44.558716

1499175921806 GRAVITY 5.22253 2.9211419 7.7693305

1499175921806 LINEAR_ACCELERATION -1.6267858 -0.38279033 0.7809658

1499175921807 ROTATION_VECTOR 0.16990493 -0.2738735 0.042855404

1499175922040 ACCELEROMETER 8.310425 3.5442963 7.791794

1499175922040 GYROSCOPE 0.19869995 -0.98690796 0.2996521

1499175922041 GRAVITY 7.0032043 2.818362 6.2595806

1499175922042 LINEAR_ACCELERATION 0.34333992 0.69656706 2.070942

1499175922043 ROTATION_VECTOR 0.0028712482 -0.42525518 -0.33222216

1499175922240 ACCELEROMETER 8.318771 2.590744 4.6828156

1499175922241 GYROSCOPE -1.1193542 -0.5350952 -0.9778137

1499175922242 MAGNETIC_FIELD -35.671997 5.845642 -33.311462

1499175922242 GRAVITY 7.790152 2.6889153 5.3154163

1499175922243 LINEAR_ACCELERATION 0.06595039 -0.17097282 -0.86391115

1499175922243 ROTATION_VECTOR -0.09633661 -0.4687307 -0.44772863

1499175922420 ACCELEROMETER 8.170395 1.8501129 5.4500275

1499175922421 MAGNETIC_FIELD -39.552307 7.885742 -29.05426

1499175922440 MAGNETIC_FIELD -42.321777 11.903381 -25.534058

1499175922442 GYROSCOPE -0.2958374 -1.7815857 0.5891113

1499175922442 GRAVITY 8.701009 2.1600084 3.974569

1499175922443 LINEAR_ACCELERATION -0.91247845 -0.41306853 1.1806984

1499175922443 ROTATION_VECTOR -0.2025444 -0.5062896 -0.4896932

1499175922641 ACCELEROMETER 10.421539 1.0462341 4.2140045

1499175922642 GYROSCOPE 0.81607056 -0.9121399 0.65960693

1499175922643 GRAVITY 9.597339 1.166067 1.6437031

1499175922644 LINEAR_ACCELERATION 0.39915466 -0.6509856 1.9537354

1499175922644 ROTATION_VECTOR -0.276203 -0.5830149 -0.40802035

1499175922842 ACCELEROMETER 8.51268 1.1719818 2.3368378

1499175922844 GYROSCOPE 0.47854614 -0.13134766 0.6905823

1499175922845 GRAVITY 9.770116 0.19246534 0.823522

1499175922846 LINEAR_ACCELERATION -1.800849 0.99061 1.5385027

1499175922846 MAGNETIC_FIELD -47.17865 30.08728 -10.745239

1499175922847 ROTATION_VECTOR -0.24580508 -0.6305489 -0.28084904

1499175923042 ACCELEROMETER 10.740036 0.8753662 1.7978973

1499175923044 GYROSCOPE -0.5350952 0.3076477 0.41073608

1499175923045 MAGNETIC_FIELD -45.887756 30.34668 -22.929382

1499175923046 GRAVITY 9.727683 -0.6986008 1.0269046

1499175923046 LINEAR_ACCELERATION 0.015282631 1.8323703 0.33850574

1499175923047 ROTATION_VECTOR -0.2320899 -0.6275163 -0.20721711

1499175923243 ACCELEROMETER 11.316864 -1.1293945 4.747513

1499175923244 GYROSCOPE 2.283661 -0.34069824 -0.35617065

1499175923245 MAGNETIC_FIELD -42.529297 22.431946 -24.516296

1499175923245 GRAVITY 9.685322 -0.603181 1.414605

1499175923246 LINEAR_ACCELERATION 1.4412613 -0.562342 3.50175

1499175923246 ROTATION_VECTOR -0.15277752 -0.6360301 -0.1306068

1499175923444 ACCELEROMETER 8.330551 -0.96281433 1.8915558

1499175923444 GYROSCOPE -0.18582153 -0.26379395 -0.30490112

1499175923445 MAGNETIC_FIELD -42.807007 19.934082 -18.502808

1499175923446 GRAVITY 9.763891 0.25319603 0.8790429

1499175923446 LINEAR_ACCELERATION -2.101636 -1.0148361 0.93622

1499175923447 ROTATION_VECTOR -0.047526114 -0.6729952 -0.0710649

1499175923644 ACCELEROMETER 9.847824 -1.8450012 3.53656

1499175923645 GYROSCOPE -1.0168152 0.56933594 0.32635498

1499175923645 MAGNETIC_FIELD -46.376038 12.640381 -19.093323

1499175923646 GRAVITY 9.7128 -0.028233815 1.353181

1499175923647 LINEAR_ACCELERATION -0.42807198 -1.9460727 1.9342526

1499175923647 ROTATION_VECTOR -0.10414341 -0.64819837 -0.11749296

1499175923854 ACCELEROMETER 10.094513 0.084747314 1.7006531

1499175923859 GYROSCOPE 0.37387085 0.31619263 0.24304199

1499175923859 MAGNETIC_FIELD -46.55304 14.334106 -16.812134

1499175923860 GRAVITY 9.546443 -0.6204937 2.156569

1499175923861 LINEAR_ACCELERATION 0.09229565 0.66718066 -0.15751314

1499175923861 ROTATION_VECTOR -0.11904965 -0.6130846 -0.09883367

1499175924049 GRAVITY 9.454293 -1.037707 2.3895376

1499175924050 LINEAR_ACCELERATION -1.6433334 0.8853413 -1.3083112

1499175924051 ROTATION_VECTOR -0.068094306 -0.61117154 -0.0012897962

1499175924054 ACCELEROMETER 8.48851 -0.16921997 1.2828369

1499175924057 GYROSCOPE 0.66012573 -0.14309692 0.48336792

1499175924059 MAGNETIC_FIELD -44.177246 17.182922 -20.570374

1499175924252 ACCELEROMETER 11.330658 -1.5578156 4.1692657

1499175924255 GYROSCOPE 1.8703003 -0.3588562 -0.15750122

1499175924257 MAGNETIC_FIELD -41.40625 18.59436 -21.469116

1499175924268 GRAVITY 9.521257 -0.72504187 2.2339115

1499175924269 LINEAR_ACCELERATION 1.125783 -0.44453877 1.259516

1499175924270 ROTATION_VECTOR 0.044836067 -0.6197515 0.11570999

1499175924454 GRAVITY 9.52159 1.3559517 1.916011

1499175924457 LINEAR_ACCELERATION 1.1143332 -2.3278682 2.3297546

1499175924459 ROTATION_VECTOR 0.2236643 -0.59353596 0.16789943

1499175924461 ACCELEROMETER 10.624939 -0.9711609 4.0360565

1499175924473 GYROSCOPE 1.3041992 0.29055786 -1.4873047

1499175924475 MAGNETIC_FIELD -41.6214 18.101501 -22.099304

1499175924649 GRAVITY 9.326103 2.3601227 1.9036819

1499175924650 LINEAR_ACCELERATION -2.4075403 -5.034889 0.7263155

1499175924650 ROTATION_VECTOR 0.32441396 -0.5456142 0.21989228

1499175924651 ACCELEROMETER 7.49057 -2.5255127 2.6691284

1499175924651 GYROSCOPE 0.10043335 -0.012786865 0.43743896

1499175924651 MAGNETIC_FIELD -43.632507 4.0237427 -27.433777

1499175924862 ACCELEROMETER 9.734116 -1.803421 2.7945404

1499175924868 GYROSCOPE 1.3714905 -0.96875 1.5162354

1499175924870 MAGNETIC_FIELD -45.715332 -6.3583374 -28.381348

1499175924873 GRAVITY 9.739731 0.6091874 0.967949

1499175924875 LINEAR_ACCELERATION -0.9303322 -3.0052178 2.0620975

1499175924877 ROTATION_VECTOR 0.37653545 -0.5557602 0.37661546

1499175925054 GRAVITY 9.789599 -0.4795773 0.32270712

1499175925055 LINEAR_ACCELERATION 0.86683464 1.1112937 1.5561603

1499175925056 ROTATION_VECTOR 0.3802269 -0.5822148 0.4219222

1499175925056 ACCELEROMETER 10.381958 0.51483154 2.1995087

1499175925057 GYROSCOPE 0.5041809 0.10897827 -0.14575195

1499175925058 MAGNETIC_FIELD -44.99054 3.1799316 -26.78833

1499175925251 GRAVITY 9.787285 -0.26193348 0.5575163

1499175925260 LINEAR_ACCELERATION -1.709197 1.3409299 1.977515

1499175925263 ROTATION_VECTOR 0.42174625 -0.5419453 0.4616329

1499175925265 ACCELEROMETER 8.558044 0.8872223 2.4892426

1499175925268 GYROSCOPE 1.2539978 -0.04055786 0.053985596

1499175925270 MAGNETIC_FIELD -46.813965 7.348633 -26.094055

1499175925457 ACCELEROMETER 10.43074 0.56547546 4.635086

1499175925460 GYROSCOPE 3.0794067 -0.54364014 0.92770386

1499175925462 MAGNETIC_FIELD -46.697998 0.8605957 -27.482605

1499175925464 GRAVITY 9.751544 -0.81180084 0.6471142

1499175925467 LINEAR_ACCELERATION 0.06004238 1.2395978 3.857896

1499175925469 ROTATION_VECTOR 0.5408558 -0.4177096 0.61283416

1499175925651 ACCELEROMETER 8.691788 -0.802063 4.0691986

1499175925656 GRAVITY 9.581992 -1.6386864 1.2924894

1499175925657 LINEAR_ACCELERATION -0.65339565 1.2240483 2.5958157

1499175925658 ROTATION_VECTOR 0.60863334 -0.25232288 0.73353064

1499175925659 GYROSCOPE 1.617157 0.09509277 0.5431824

1499175925660 MAGNETIC_FIELD -44.84253 -4.550171 -25.587463

1499175925861 GRAVITY 9.249232 -1.7083913 2.7755141

1499175925868 LINEAR_ACCELERATION -0.9955416 0.15640736 1.9439175

1499175925871 ROTATION_VECTOR 0.5761562 -0.162887 0.79749244

1499175925874 ACCELEROMETER 9.203766 -1.8031006 4.6856995

1499175925876 GYROSCOPE -0.36312866 1.1236877 -0.2814026

1499175925878 MAGNETIC_FIELD -45.91217 -12.928772 -21.832275

1499175926066 ACCELEROMETER 9.276733 -2.968277 4.464081

1499175926072 GYROSCOPE 0.61206055 0.39416504 -0.013305664

1499175926074 MAGNETIC_FIELD -42.671204 -14.36615 -26.731873

1499175926076 GRAVITY 8.751084 -1.4483238 4.182256

1499175926079 LINEAR_ACCELERATION 0.8555231 -1.8274077 0.29297638

1499175926081 ROTATION_VECTOR 0.5111862 -0.15953991 0.83644545

1499175926265 ACCELEROMETER 7.929077 -0.53144836 3.4871216

1499175926271 GYROSCOPE 0.006439209 0.30337524 -0.17565918

1499175926273 MAGNETIC_FIELD -39.024353 -16.242981 -29.698181

1499175926276 GRAVITY 8.490158 -1.0048609 4.803943

1499175926278 LINEAR_ACCELERATION -0.63848686 0.47635365 -1.7127104

1499175926280 ROTATION_VECTOR 0.48248562 -0.14924715 0.84881073

1499175926466 ACCELEROMETER 8.368637 -1.5442352 5.5827484

1499175926473 GYROSCOPE 0.38882446 -0.2883606 0.27722168

1499175926477 MAGNETIC_FIELD -38.128662 -18.174744 -31.303406

1499175926479 GRAVITY 8.469807 -0.9006272 4.860209

1499175926481 LINEAR_ACCELERATION -0.2125225 0.004379213 -0.018159866

1499175926484 ROTATION_VECTOR 0.4830498 -0.13733608 0.8521333

1499175926668 ACCELEROMETER 8.808548 -2.309555 4.245392

1499175926674 GYROSCOPE 0.10684204 0.20297241 -0.17459106

1499175926676 MAGNETIC_FIELD -36.66687 -18.347168 -31.239319

1499175926678 GRAVITY 8.498468 -0.8547965 4.8182716

1499175926681 LINEAR_ACCELERATION 0.09242916 -2.1733222 -0.1454544

1499175926683 ROTATION_VECTOR 0.49190938 -0.1111831 0.85709524

1499175926866 ACCELEROMETER 7.7563477 -1.0123444 3.1848297

1499175926872 GYROSCOPE -0.3374939 -0.3022461 0.3210144

1499175926875 MAGNETIC_FIELD -43.745422 -19.589233 -21.037292

1499175926877 GRAVITY 8.545542 -1.0688744 4.690588

1499175926879 LINEAR_ACCELERATION -1.1229362 0.5435028 -1.1587105

1499175926882 ROTATION_VECTOR 0.49878266 -0.10982906 0.8560806

1499175927056 ACCELEROMETER 10.742737 -2.6072693 3.2595062

1499175927058 LINEAR_ACCELERATION 1.4168024 -0.25694966 -0.66854763

1499175927058 ROTATION_VECTOR 0.51082593 -0.19617851 0.83428866

1499175927059 GRAVITY 8.617789 -2.5355196 3.9338565

1499175927060 GYROSCOPE -1.460083 -0.06832886 0.44918823

1499175927061 MAGNETIC_FIELD -46.42334 -18.734741 -17.419434

1499175927261 ACCELEROMETER 8.481033 -1.5906525 2.6943207

1499175927269 GYROSCOPE -0.5617981 0.21365356 0.14477539

1499175927271 MAGNETIC_FIELD -50.404358 -12.255859 -13.562012

1499175927274 GRAVITY 8.464613 -3.6617002 3.3335664

1499175927276 LINEAR_ACCELERATION 0.76986694 2.2844942 -0.7774074

1499175927278 ROTATION_VECTOR 0.50093716 -0.28124255 0.81415063

1499175927459 GRAVITY 8.17802 -4.1523256 3.4711044

1499175927464 LINEAR_ACCELERATION -0.50739574 2.5161128 -0.6935091

1499175927466 ROTATION_VECTOR 0.49175474 -0.28495649 0.8215255

1499175927468 ACCELEROMETER 8.5438385 -1.5898132 2.886612

1499175927471 GYROSCOPE 0.74664307 -0.13775635 0.6275635

1499175927473 MAGNETIC_FIELD -48.90747 -7.5775146 -14.700317

1499175927656 ACCELEROMETER 12.614212 -3.523819 4.160736

1499175927657 GYROSCOPE 1.5317078 -0.62268066 -1.0792847

1499175927658 MAGNETIC_FIELD -49.923706 -1.5563965 -15.354919

1499175927658 GRAVITY 8.687698 -2.860872 3.5369053

1499175927659 LINEAR_ACCELERATION 3.3340492 -0.14750671 0.11436701

1499175927660 ROTATION_VECTOR -0.53803986 0.17372718 -0.82480854

1499175927867 ACCELEROMETER 9.242416 -3.0761108 3.497757

1499175927877 GRAVITY 9.425108 0.07760675 2.707711

1499175927880 LINEAR_ACCELERATION 0.6997013 -3.1759813 1.2928987

1499175927882 ROTATION_VECTOR -0.598443 -0.06173483 -0.7952147

1499175927884 GYROSCOPE 1.682312 -0.44430542 -1.0771484

1499175927887 MAGNETIC_FIELD -49.08905 -3.2470703 -13.304138

1499175928063 ACCELEROMETER 7.266342 -3.5067596 2.2722015

1499175928078 GYROSCOPE 0.16879272 -0.77542114 0.8379822

1499175928079 MAGNETIC_FIELD -47.721863 -19.151306 -8.155823

1499175928080 GRAVITY 9.67343 0.59389615 1.4974753

1499175928081 LINEAR_ACCELERATION -3.5046234 -4.2170596 0.62375355

1499175928081 ROTATION_VECTOR -0.62436306 -0.18390428 -0.74001956

1499175928257 ACCELEROMETER 10.457809 -2.2369385 3.0733185

1499175928258 GYROSCOPE 0.588562 -0.39624023 1.0889893

1499175928270 MAGNETIC_FIELD -47.953796 -23.754883 -0.970459

1499175928273 GRAVITY 9.71054 -1.2324923 0.5972995

1499175928275 LINEAR_ACCELERATION 0.59837055 -1.5948503 2.8195176

1499175928277 ROTATION_VECTOR -0.6583888 -0.18992214 -0.6688021

1499175928461 ACCELEROMETER 8.542343 -1.1364899 1.0045319

1499175928471 GYROSCOPE -0.38235474 -0.06939697 0.7397156

1499175928474 MAGNETIC_FIELD -50.84839 -15.45105 -6.1813354

1499175928476 GRAVITY 9.370705 -2.879682 0.2602133

1499175928479 LINEAR_ACCELERATION -0.4217291 2.0016766 0.6893278

1499175928481 ROTATION_VECTOR -0.6755399 -0.1742946 -0.6105285

1499175928665 ACCELEROMETER 11.944443 -1.3169403 3.231247

1499175928669 GYROSCOPE -0.039489746 -0.27874756 0.15011597

1499175928671 MAGNETIC_FIELD -50.794983 -10.075378 -7.6522827

1499175928674 LINEAR_ACCELERATION 1.0895319 2.3419094 2.081722

1499175928676 ROTATION_VECTOR -0.6912472 -0.16581164 -0.5765853

1499175928678 GRAVITY 9.1270275 -3.5856493 -0.10426846

1499175928868 ACCELEROMETER 11.265167 -2.5985565 4.3419952

1499175928872 GYROSCOPE 2.25589 -0.8277588 -1.1401672

1499175928875 MAGNETIC_FIELD -50.55847 -2.8762817 -6.2438965

1499175928877 GRAVITY 9.457086 -2.5811353 -0.26770917

1499175928879 LINEAR_ACCELERATION 2.9606829 -0.07276726 5.700116

1499175928881 ROTATION_VECTOR -0.6538067 -0.29357487 -0.5385304

1499175929069 ACCELEROMETER 8.471054 -2.7982178 2.3840485

1499175929073 GYROSCOPE -0.5180054 -0.17727661 -1.072876

1499175929075 MAGNETIC_FIELD -51.150513 -8.804321 1.8478394

1499175929077 GRAVITY 9.737571 -0.5649564 -1.0153439

1499175929082 LINEAR_ACCELERATION -1.2530241 -1.6339171 3.2124512

1499175929084 ROTATION_VECTOR -0.6138669 -0.41825292 -0.5305194

1499175929265 ACCELEROMETER 8.790604 -3.993103 4.135895

1499175929269 GYROSCOPE 0.22540283 0.7188721 0.77175903

1499175929271 MAGNETIC_FIELD -47.265625 -19.291687 7.2799683

1499175929275 GRAVITY 9.792851 -0.44447687 -0.26997212

1499175929277 LINEAR_ACCELERATION -0.7708702 -3.8996613 4.3267984

1499175929279 ROTATION_VECTOR -0.61528397 -0.36768246 -0.5817384

1499175929469 ACCELEROMETER 10.002121 -1.4712524 0.84121704

1499175929477 GYROSCOPE 0.8417053 0.24356079 1.0227661

1499175929479 MAGNETIC_FIELD -47.44568 -24.1333 3.9962769

1499175929481 GRAVITY 9.510278 -2.200457 0.9396769

1499175929483 LINEAR_ACCELERATION -0.07859516 0.5620003 0.6967025

1499175929486 ROTATION_VECTOR -0.605435 -0.2924693 -0.57677954

1499175929669 ACCELEROMETER 10.377869 -0.9372406 0.20381165

1499175929673 GYROSCOPE -1.2272339 -0.7508545 0.42141724

1499175929676 MAGNETIC_FIELD -50.987244 -15.2282715 5.3237915

1499175929678 GRAVITY 9.176976 -3.4419832 0.32594028

1499175929680 LINEAR_ACCELERATION 0.21760178 2.6309361 -0.43085438

1499175929682 ROTATION_VECTOR -0.64190274 -0.2671003 -0.524367

1499175929868 ACCELEROMETER 12.156494 -3.4803772 5.6157227

1499175929875 GYROSCOPE 2.6393433 -1.0007935 -0.41278076

1499175929877 MAGNETIC_FIELD -54.96521 -12.226868 13.088989

1499175929879 GRAVITY 9.222558 -3.293113 -0.5198326

1499175929882 LINEAR_ACCELERATION 3.4348574 0.57365894 5.254026

1499175929884 ROTATION_VECTOR -0.6311107 -0.3580549 -0.4494599

1499175930065 ACCELEROMETER 8.76683 -2.7673798 3.0829773

1499175930071 GYROSCOPE 1.7891235 -0.73376465 -0.7791443

1499175930075 MAGNETIC_FIELD -57.522583 -13.166809 36.750793

1499175930077 GRAVITY 9.502476 -2.22936 -0.9504212

1499175930079 LINEAR_ACCELERATION -0.28456306 -0.66812825 4.76433

1499175930081 ROTATION_VECTOR -0.4995547 -0.5467203 -0.3279861

1499175930268 ACCELEROMETER 8.7969055 -3.7716064 2.953476

1499175930271 GYROSCOPE 0.050231934 -0.2680664 -0.43948364

1499175930279 MAGNETIC_FIELD -34.98993 5.671692 50.99182

1499175930283 GRAVITY 9.595433 -1.3366593 -1.5203236

1499175930285 LINEAR_ACCELERATION -1.6356134 -2.2095006 4.027519

1499175930287 ROTATION_VECTOR -0.40239573 -0.6446647 -0.26480722

1499175930469 ACCELEROMETER 7.7322083 -3.1069183 2.5463104

1499175930472 GYROSCOPE 0.8684082 0.27560425 1.4863281

1499175930474 MAGNETIC_FIELD -31.61621 9.0408325 42.81006

1499175930476 GRAVITY 9.422979 -2.5096636 -1.0389557

1499175930478 LINEAR_ACCELERATION -0.7865324 -0.57020926 4.985691

1499175930480 ROTATION_VECTOR -0.42271167 -0.6117899 -0.22569664

1499175930669 ACCELEROMETER 10.277695 -1.9441833 0.75419617

1499175930675 GYROSCOPE 0.32901 0.04168701 0.910614

1499175930678 MAGNETIC_FIELD -42.41028 7.458496 30.659485

1499175930680 GRAVITY 8.602477 -4.7047644 -0.18154252

1499175930682 LINEAR_ACCELERATION 0.42824268 1.4647822 0.31195807

1499175930684 ROTATION_VECTOR -0.43891284 -0.5626825 -0.11297831

1499175930869 ACCELEROMETER 11.113098 -2.4755402 3.1810455

1499175930875 GYROSCOPE 0.24569702 -0.47634888 0.4684143

1499175930877 MAGNETIC_FIELD -40.24353 24.926758 25.338745

1499175930879 GRAVITY 8.031207 -5.626619 -0.10605826

1499175930882 LINEAR_ACCELERATION 2.6789045 4.448584 1.5572269

1499175930885 ROTATION_VECTOR -0.42576203 -0.56932783 -0.021789426

1499175931070 ACCELEROMETER 11.31015 -2.8911285 4.711624

1499175931075 GYROSCOPE 1.7859192 -0.6824951 -1.2747498

1499175931079 MAGNETIC_FIELD -37.960815 30.511475 20.370483

1499175931082 GRAVITY 8.567258 -4.7678866 0.19932453

1499175931084 LINEAR_ACCELERATION 3.3366823 0.89353514 5.4889746

1499175931086 ROTATION_VECTOR -0.3208399 -0.6220121 0.02258326

1499175931267 ACCELEROMETER 7.9165955 -3.7294922 3.8826904

1499175931268 GYROSCOPE 0.7968445 -0.38449097 -0.850708

1499175931269 MAGNETIC_FIELD -35.569763 32.70874 12.158203

1499175931269 GRAVITY 9.426477 -2.7022784 0.09799982

1499175931270 LINEAR_ACCELERATION -0.61522865 0.10885692 3.537603

1499175931271 ROTATION_VECTOR -0.17271286 -0.6820364 0.022142967

1499175931471 ACCELEROMETER 9.038666 -4.157364 3.1243896

1499175931475 GYROSCOPE -0.1836853 1.1984558 0.56988525

1499175931477 MAGNETIC_FIELD -42.82379 22.229004 6.083679

1499175931479 GRAVITY 9.406333 -2.505525 1.1889657

1499175931481 LINEAR_ACCELERATION -0.47187424 -1.6218555 3.2584894

1499175931486 ROTATION_VECTOR -0.17279004 -0.63994 -0.0025453332

1499175931671 ACCELEROMETER 9.056183 -3.8853912 -0.033981323

1499175931674 GYROSCOPE -0.27767944 -0.09396362 1.8302612

1499175931676 MAGNETIC_FIELD -45.811462 19.87915 1.248169

1499175931679 GRAVITY 8.4042 -4.7224917 1.7994134

1499175931684 LINEAR_ACCELERATION -0.017536163 0.09973574 -2.1515446

1499175931686 ROTATION_VECTOR -0.2569508 -0.58500576 0.07533423

1499175931871 ACCELEROMETER 11.188797 -0.39315796 1.9895172

1499175931876 GYROSCOPE 0.2926941 -0.71987915 1.0067444

1499175931878 MAGNETIC_FIELD -40.068054 29.194641 1.0070801

1499175931880 GRAVITY 7.080536 -6.6648865 1.2710962

1499175931886 LINEAR_ACCELERATION 2.8416052 5.4393344 0.09479189

1499175931889 ROTATION_VECTOR -0.3126195 -0.5809141 0.19427125

1499175932074 ACCELEROMETER 13.620575 -1.8057709 4.927475

1499175932077 GYROSCOPE 1.4558716 -0.043762207 -1.6710205

1499175932079 MAGNETIC_FIELD -30.107117 39.5813 3.8024902

1499175932082 GRAVITY 7.891537 -5.515675 1.8631572

1499175932088 LINEAR_ACCELERATION 6.3483667 5.119344 2.6592183

1499175932090 ROTATION_VECTOR -0.20512319 -0.60243666 0.21452874

1499175932274 ACCELEROMETER 9.72673 -2.6617126 3.0968018

1499175932277 GYROSCOPE 1.274292 -0.4154663 -1.5695496

1499175932279 MAGNETIC_FIELD -37.20703 32.157898 2.5756836

1499175932281 GRAVITY 9.328124 -2.1212244 2.157983

1499175932284 LINEAR_ACCELERATION 1.0006733 -0.6155002 1.4589543

1499175932289 ROTATION_VECTOR -0.006160662 -0.6244482 0.16566643

1499175932478 ACCELEROMETER 7.8901978 -3.5089264 2.9365387

1499175932488 GYROSCOPE 0.5447693 -0.3439026 0.05505371

1499175932490 MAGNETIC_FIELD -46.23413 25.292969 -3.5263062

1499175932492 ROTATION_VECTOR 0.10186433 -0.6392734 0.15262519

1499175932494 GRAVITY 9.66807 -0.4216948 1.587759

1499175932497 LINEAR_ACCELERATION -2.3690224 -2.643057 1.1120491

1499175932671 ACCELEROMETER 9.546234 -3.0498352 1.1106567

1499175932675 GYROSCOPE -0.28729248 -0.53616333 1.1562805

1499175932678 MAGNETIC_FIELD -51.145935 17.36145 -16.30249

1499175932680 GRAVITY 9.628733 -1.6448214 0.8674366

1499175932683 LINEAR_ACCELERATION -0.49570942 -1.9460382 1.5878911

1499175932693 ROTATION_VECTOR 0.078679696 -0.67050916 0.20812275

1499175932868 ACCELEROMETER 9.266083 -0.6177521 1.3319092

1499175932869 GYROSCOPE -1.079834 0.523407 1.5760498

1499175932870 MAGNETIC_FIELD -46.307373 23.301697 -20.347595

1499175932870 GRAVITY 8.872596 -4.1678243 0.27690938

1499175932871 LINEAR_ACCELERATION 0.57394695 2.1256251 0.028770715

1499175932875 ROTATION_VECTOR -0.06384668 -0.69412184 0.24412963

1499175933083 ACCELEROMETER 14.024551 0.82418823 4.2343445

1499175933089 GYROSCOPE 0.099365234 0.8000488 -1.2373657

1499175933091 GRAVITY 8.825055 -4.1332884 1.0975953

1499175933093 ROTATION_VECTOR -0.12920198 -0.6537163 0.17932871

1499175933095 LINEAR_ACCELERATION 3.515585 6.2333426 2.0423224

1499175933098 MAGNETIC_FIELD -35.66742 34.106445 -20.114136

1499175933275 ACCELEROMETER 11.781601 -1.8669586 2.6329498

1499175933284 GRAVITY 9.513627 -1.5448478 1.8096216

1499175933290 LINEAR_ACCELERATION 3.6219082 -0.58032525 2.0058732

1499175933294 ROTATION_VECTOR 0.027016379 -0.6379695 0.15538141

1499175933296 GYROSCOPE 1.49646 -0.39944458 -1.3452454

1499175933298 MAGNETIC_FIELD -37.72583 26.861572 -17.027283

1499175933470 ACCELEROMETER 7.510025 -2.8751526 0.98350525

1499175933471 GRAVITY 9.682699 0.47805524 1.4789178

1499175933473 LINEAR_ACCELERATION -0.82960033 -2.8043776 -0.2610439

1499175933474 ROTATION_VECTOR 0.13749479 -0.63693905 0.1233023

1499175933475 GYROSCOPE -0.74871826 0.105773926 -0.7641907

1499175933476 MAGNETIC_FIELD -46.907043 9.645081 -15.09552

1499175933677 GRAVITY 9.644416 -1.7691479 0.16047366

1499175933682 LINEAR_ACCELERATION -3.8402672 -1.5011742 0.9957148

1499175933684 ROTATION_VECTOR -0.0063291444 -0.7012689 0.122287564

1499175933687 ACCELEROMETER 8.944183 -4.723709 1.6499023

1499175933689 GYROSCOPE -1.8221741 -1.1214905 2.6195984

1499175933691 MAGNETIC_FIELD -49.443054 -0.81481934 -13.113403

1499175933880 ACCELEROMETER 11.005585 -3.0919342 4.1119537

1499175933884 GYROSCOPE -1.8894653 0.034210205 -0.007965088

1499175933886 MAGNETIC_FIELD -46.037292 13.790894 -6.062317

1499175933888 GRAVITY 8.764952 -3.939258 -1.9565909

1499175933891 LINEAR_ACCELERATION 5.168749 -0.6809392 6.5510063

1499175933893 ROTATION_VECTOR -0.3031177 -0.7126556 0.0127960015

1499175934080 ACCELEROMETER 9.4049835 -0.52786255 4.064575

1499175934083 GYROSCOPE -0.54364014 -0.41867065 1.0804443

1499175934085 MAGNETIC_FIELD -43.32733 17.06543 2.571106

1499175934087 GRAVITY 8.268916 -4.2162 -3.1652918

1499175934089 LINEAR_ACCELERATION -1.6475916 2.3287811 5.741663

1499175934092 ROTATION_VECTOR -0.46763033 -0.6653622 -0.081830144

1499175934281 ACCELEROMETER 14.65239 -2.9795532 3.9978943

1499175934286 GYROSCOPE 0.6227417 0.46466064 -2.157013

1499175934288 MAGNETIC_FIELD -37.478638 21.835327 11.460876

1499175934290 GRAVITY 8.877828 -3.1811452 -2.6897745

1499175934292 LINEAR_ACCELERATION 5.280407 2.1219778 7.2761908

1499175934294 ROTATION_VECTOR -0.44365215 -0.6635609 -0.14626452

1499175934479 ACCELEROMETER 10.676147 -3.1292267 0.9766693

1499175934486 GYROSCOPE 1.49646 -0.23602295 -2.0683594

1499175934488 MAGNETIC_FIELD -40.58075 16.053772 6.7352295

1499175934490 GRAVITY 9.534832 0.0040329453 -2.2928913

1499175934492 LINEAR_ACCELERATION 2.9087114 -3.0988433 4.988001

1499175934495 ROTATION_VECTOR -0.2779313 -0.7346149 -0.21926376

1499175934679 ACCELEROMETER 6.035507 -3.571991 0.15774536

1499175934686 GYROSCOPE -0.6451111 -0.4987793 0.585907

1499175934688 MAGNETIC_FIELD -48.368835 -2.9586792 2.104187

1499175934690 GRAVITY 9.281368 1.00025 -3.0043461

1499175934693 LINEAR_ACCELERATION -2.3820314 -4.5366096 2.825314

1499175934695 ROTATION_VECTOR -0.31577265 -0.7439534 -0.28685838

1499175934877 GRAVITY 9.141769 -0.5183385 -3.5113778

1499175934882 LINEAR_ACCELERATION -0.12988663 -4.5837293 4.9516726

1499175934885 ROTATION_VECTOR -0.53796846 -0.62419575 -0.34497893

1499175934887 ACCELEROMETER 12.097794 -4.476303 2.721634

1499175934890 GYROSCOPE -2.313507 -0.06085205 1.7747192

1499175934892 MAGNETIC_FIELD -49.17755 -6.92749 4.475403

1499175935071 ACCELEROMETER 9.198837 -1.1928253 2.7262726

1499175935072 GYROSCOPE -1.3308411 0.002166748 0.87323

1499175935073 GRAVITY 8.831622 -1.4737322 -4.0001183

1499175935073 LINEAR_ACCELERATION 2.7396984 -0.3587358 7.011162

1499175935073 MAGNETIC_FIELD -44.569397 8.207703 8.363342

1499175935074 ROTATION_VECTOR -0.66904426 -0.50628954 -0.37391883

1499175935276 GRAVITY 8.996594 -1.4500347 -3.6234086

1499175935277 LINEAR_ACCELERATION 0.91714 1.1531001 6.5003395

1499175935277 ROTATION_VECTOR -0.6674178 -0.48917875 -0.39427683

1499175935277 ACCELEROMETER 12.16304 -0.19369507 2.7579498

1499175935278 GYROSCOPE 0.28842163 0.27667236 -0.36151123

1499175935278 MAGNETIC_FIELD -43.185425 11.329651 10.270691

1499175935479 ACCELEROMETER 13.353043 -1.8229675 2.3835602

1499175935484 GYROSCOPE 2.099945 -0.31079102 -2.0138855

1499175935486 MAGNETIC_FIELD -43.296814 12.22229 9.3185425

1499175935488 GRAVITY 9.2103 -0.21082748 -3.3609962

1499175935490 LINEAR_ACCELERATION 4.574095 -0.8661158 5.9509706

1499175935493 ROTATION_VECTOR -0.5536105 -0.60405177 -0.3775594

1499175935678 ACCELEROMETER 7.5359955 -3.9318542 0.5842285

1499175935680 GYROSCOPE 0.35891724 -0.06298828 -0.88168335

1499175935683 MAGNETIC_FIELD -46.224976 -4.8294067 5.1971436

1499175935685 GRAVITY 8.897782 1.2832375 -3.9183106

1499175935688 LINEAR_ACCELERATION 2.44244 -4.937296 5.2733307

1499175935690 ROTATION_VECTOR -0.49210402 -0.67647016 -0.38227478

1499175935880 ACCELEROMETER 7.073883 -5.3891296 0.94906616

1499175935883 GYROSCOPE -2.043274 -0.43896484 2.31839

1499175935885 MAGNETIC_FIELD -46.644592 -20.37201 6.124878

1499175935887 GRAVITY 8.838581 0.46775326 -4.2226863

1499175935889 LINEAR_ACCELERATION -3.6528435 -3.6969059 3.885209

1499175935891 ROTATION_VECTOR -0.63467795 -0.559 -0.41848925

1499175936080 GRAVITY 8.941439 0.032297373 -4.027408

1499175936084 LINEAR_ACCELERATION 5.3149967 -3.679327 8.403301

1499175936086 ROTATION_VECTOR -0.7159161 -0.43909544 -0.4637469

1499175936088 ACCELEROMETER 13.70874 -1.3768768 4.280945

1499175936090 GYROSCOPE -1.422699 0.31726074 -0.34335327

1499175936093 MAGNETIC_FIELD -49.075317 -7.966614 5.314636

1499175936281 GRAVITY 9.157469 0.5109291 -3.4713268

1499175936281 LINEAR_ACCELERATION -0.4642563 -3.0637908 5.6693864

1499175936282 ROTATION_VECTOR -0.7261864 -0.38683552 -0.51571673

1499175936282 ACCELEROMETER 8.484268 -1.666687 3.4019318

1499175936283 GYROSCOPE -1.0039978 -0.0362854 0.73010254

1499175936283 MAGNETIC_FIELD -49.653625 3.3096313 1.197815

1499175936475 ACCELEROMETER 12.026184 -2.6522675 3.4060364

1499175936477 GYROSCOPE -0.29263306 0.58535767 -0.9115906

1499175936478 GRAVITY 9.424422 1.0121391 -2.5152009

1499175936478 LINEAR_ACCELERATION 1.9608717 -1.8786867 6.0830164

1499175936479 ROTATION_VECTOR -0.7071289 -0.35806188 -0.5702625

1499175936480 MAGNETIC_FIELD -48.020935 5.1361084 0.8758545

1499175936680 GRAVITY 9.052425 3.042967 -2.2280762

1499175936686 LINEAR_ACCELERATION 4.2977486 -6.7680087 5.380271

1499175936696 ROTATION_VECTOR -0.65174 -0.43455178 -0.6001096

1499175936703 ACCELEROMETER 12.404327 -3.4884186 1.9744568

1499175936705 GYROSCOPE 1.5402527 -0.09075928 -2.0982666

1499175936709 MAGNETIC_FIELD -48.709106 -1.1199951 -4.786682

1499175936884 GRAVITY 8.103683 4.573873 -3.0952199

1499175936887 LINEAR_ACCELERATION 2.0636415 -8.105253 3.3325977

1499175936889 ROTATION_VECTOR -0.6496902 -0.48550484 -0.5801889

1499175936891 ACCELEROMETER 7.189453 -3.5766754 -0.22944641

1499175936894 GYROSCOPE -0.48062134 -0.48062134 -0.41171265

1499175936896 MAGNETIC_FIELD -46.383667 -24.061584 -2.1072388

1499175937087 ACCELEROMETER 8.547302 -5.8436127 1.5959473

1499175937092 GYROSCOPE -3.4457092 -0.77542114 1.4906006

1499175937094 MAGNETIC_FIELD -41.430664 -32.954407 -3.6956787

1499175937097 GRAVITY 8.482387 4.2660074 -2.4537082

1499175937099 LINEAR_ACCELERATION -1.1858978 -7.762603 2.3075843

1499175937101 ROTATION_VECTOR 0.7397428 0.27907863 0.6089003

1499175937285 ACCELEROMETER 12.565765 -2.5593567 6.2875977

1499175937288 GYROSCOPE -1.830719 0.17733765 0.40646362

1499175937291 GRAVITY 9.276424 3.0218163 -0.9934615

1499175937293 LINEAR_ACCELERATION 4.322651 -7.4778605 6.2263165

1499175937295 ROTATION_VECTOR 0.7395373 0.061131436 0.6523071

1499175937297 MAGNETIC_FIELD -46.01288 -19.830322 -11.437988

1499175937488 ACCELEROMETER 9.433853 -0.027923584 2.8930817

1499175937496 GYROSCOPE -0.83843994 0.10043335 0.7055359

1499175937504 MAGNETIC_FIELD -48.228455 0.4043579 -18.424988

1499175937506 GRAVITY 9.604906 1.9786671 0.03238208

1499175937508 LINEAR_ACCELERATION 0.84001446 -3.1682892 3.5129054

1499175937510 ROTATION_VECTOR 0.70568806 -0.018796254 0.6896553

1499175937683 ACCELEROMETER 12.943634 0.09088135 3.1048126

1499175937685 GYROSCOPE 1.2785645 0.28842163 -0.7011719

1499175937688 MAGNETIC_FIELD -44.628906 10.157776 -18.457031

1499175937690 GRAVITY 9.614301 1.8752677 0.46793836

1499175937692 LINEAR_ACCELERATION 2.4411917 -1.281547 2.6980646

1499175937694 ROTATION_VECTOR 0.68985397 -0.015596584 0.70708

1499175937885 GRAVITY 9.074813 3.709018 -0.24767618

1499175937889 LINEAR_ACCELERATION 4.215522 -5.665886 2.9712481

1499175937891 ROTATION_VECTOR 0.7065819 0.11562877 0.6804004

1499175937895 ACCELEROMETER 11.0624695 -3.4515686 1.923996

1499175937897 GYROSCOPE 1.4345093 -0.03201294 -1.6720886

1499175937899 MAGNETIC_FIELD -44.2688 2.380371 -23.545837

1499175938087 ACCELEROMETER 7.228134 -3.0181122 2.0957794

1499175938090 GYROSCOPE 0.4614563 0.33755493 -0.43414307

1499175938092 MAGNETIC_FIELD -42.5354 -24.325562 -22.08252

1499175938094 GRAVITY 8.366787 5.034576 -0.90570694

1499175938097 LINEAR_ACCELERATION 1.1407285 -7.9762683 2.68934

1499175938099 ROTATION_VECTOR 0.6882085 0.26934597 0.66410565

1499175938289 ACCELEROMETER 9.941696 -0.48355103 2.742752

1499175938297 GYROSCOPE -0.78930664 0.22647095 0.94158936

1499175938310 MAGNETIC_FIELD -38.352966 -32.556152 -15.744019

1499175938312 GRAVITY 8.781752 4.362224 -0.14907666

1499175938314 LINEAR_ACCELERATION 0.2892847 -5.704979 2.0521173

1499175938317 ROTATION_VECTOR 0.6729471 0.23397219 0.69611126

1499175938484 ACCELEROMETER 10.435913 0.5070343 1.4259644

1499175938487 GYROSCOPE -1.2582092 0.56292725 -1.0557861

1499175938491 MAGNETIC_FIELD -45.124817 -23.728943 -11.46698

1499175938493 GRAVITY 8.756066 4.16358 1.4718335

1499175938495 LINEAR_ACCELERATION 3.8864322 -3.0973887 0.73782325

1499175938497 ROTATION_VECTOR 0.636154 0.14235689 0.73941886

1499175938687 ACCELEROMETER 8.128189 0.7621918 1.6382904

1499175938690 GYROSCOPE -0.18475342 -0.15484619 -0.050689697

1499175938693 MAGNETIC_FIELD -46.20514 -24.562073 -1.8005371

1499175938695 GRAVITY 8.255373 4.6514993 2.5264134

1499175938697 LINEAR_ACCELERATION -0.009812832 -4.3922286 -0.6265991

1499175938700 ROTATION_VECTOR 0.6011023 0.099321626 0.7450744

1499175938895 ACCELEROMETER 11.566452 1.4799957 3.739212

1499175938902 GRAVITY 8.436052 4.2403736 2.650026

1499175938904 ROTATION_VECTOR 0.6019493 0.050431743 0.7394443

1499175938906 LINEAR_ACCELERATION 2.8491697 -2.6620293 0.028432608

1499175938908 GYROSCOPE -0.58102417 -0.09289551 0.070007324

1499175938910 MAGNETIC_FIELD -42.762756 -22.044373 -2.671814

1499175939089 GRAVITY 8.761781 3.566096 2.5854483

1499175939093 LINEAR_ACCELERATION 2.039791 -2.5784411 0.6760936

1499175939095 ROTATION_VECTOR 0.60675836 0.004805763 0.73857814

1499175939097 ACCELEROMETER 8.719147 -0.5734253 0.99383545

1499175939099 GYROSCOPE -0.09075928 -0.30651855 0.2996521

1499175939102 MAGNETIC_FIELD -40.87677 -21.458435 -10.360718

1499175939296 LINEAR_ACCELERATION -0.23360729 -2.5926225 -1.0118796

1499175939301 ROTATION_VECTOR 0.6172199 -0.08307684 0.7263896

1499175939304 GRAVITY 9.26711 2.3353255 2.199392

1499175939306 ACCELEROMETER 8.004211 -1.8281555 1.9006958

1499175939309 GYROSCOPE -1.1086731 -0.4143982 0.56240845

1499175939311 MAGNETIC_FIELD -39.001465 -20.629883 -13.870239

1499175939489 GYROSCOPE -2.693756 1.1824341 0.23449707

1499175939500 MAGNETIC_FIELD -42.541504 -11.367798 -14.370728

1499175939510 GRAVITY 9.218844 0.4333638 3.3159456

1499175939518 LINEAR_ACCELERATION 2.0545197 -3.676134 -0.03267193

1499175939521 ROTATION_VECTOR 0.5245504 -0.23617944 0.72925776

1499175939684 ACCELEROMETER 11.607803 -1.7142334 3.7472534

1499175939685 GYROSCOPE -0.57247925 0.671875 -0.25683594

1499175939685 MAGNETIC_FIELD -42.373657 -0.78125 -18.49823

1499175939685 GRAVITY 8.524905 -0.63448745 4.8056016

1499175939686 LINEAR_ACCELERATION 2.725719 -0.124978006 -1.3069329

1499175939686 ROTATION_VECTOR 0.37551382 -0.33759722 0.68294096

1499175939890 ACCELEROMETER 8.593903 -1.7470856 1.1406403

1499175939896 GYROSCOPE -0.4154663 -0.1836853 1.1092834

1499175939898 MAGNETIC_FIELD -42.022705 0.61950684 -23.390198

1499175939900 GRAVITY 8.296788 -1.862984 4.884975

1499175939902 LINEAR_ACCELERATION -0.2995963 -0.007157922 -4.187679

1499175939904 ROTATION_VECTOR 0.29554752 -0.40445924 0.6513222

1499175940088 ACCELEROMETER 10.2343445 -1.571518 1.4047852

1499175940091 GYROSCOPE 0.7498474 -0.32788086 -1.4403076

1499175940093 MAGNETIC_FIELD -40.164185 10.125732 -22.943115

1499175940095 GRAVITY 8.6912155 -1.4236122 4.313524

1499175940098 LINEAR_ACCELERATION 5.6408615 -0.6392592 -1.3097878

1499175940100 ROTATION_VECTOR 0.31427392 -0.42579737 0.6075944

1499175940287 GRAVITY 8.963679 1.8417288 3.5257456

1499175940288 LINEAR_ACCELERATION 3.3797073 -4.128002 -1.1718111

1499175940288 ROTATION_VECTOR 0.4671112 -0.3194435 0.5729599

1499175940288 ACCELEROMETER 13.855377 -2.632553 2.9425507

1499175940289 GYROSCOPE 0.66119385 -0.16339111 -1.8953247

1499175940289 MAGNETIC_FIELD -40.64331 1.1184692 -25.039673

1499175940486 GRAVITY 8.785048 3.0496805 3.1133225

1499175940488 LINEAR_ACCELERATION -1.0192966 -6.2007313 -1.2662811

1499175940489 ROTATION_VECTOR 0.5480914 -0.20213985 0.6272735

1499175940490 ACCELEROMETER 9.598419 -2.7013245 1.7660675

1499175940491 GYROSCOPE -0.15377808 -0.10891724 0.3968506

1499175940491 MAGNETIC_FIELD -37.67395 -18.435669 -24.401855

1499175940685 GRAVITY 9.308333 0.34885895 3.0665305

1499175940686 LINEAR_ACCELERATION 0.09874916 -5.2504144 -1.2290859

1499175940687 ROTATION_VECTOR 0.50716496 -0.29399693 0.6851951

1499175940688 ACCELEROMETER 6.925812 -3.7530365 1.2277069

1499175940689 GYROSCOPE -1.4857178 -0.03842163 1.6775208

1499175940689 MAGNETIC_FIELD -38.49182 -18.733215 -24.560547

1499175940884 ACCELEROMETER 11.166946 -4.695709 2.5939636

1499175940885 GYROSCOPE -1.0563354 -0.12921143 0.5794983

1499175940886 MAGNETIC_FIELD -39.152527 1.5487671 -27.726746

1499175940886 GRAVITY 9.1963215 -2.4422808 2.3734627

1499175940887 LINEAR_ACCELERATION 2.4346972 -0.26659656 0.59682035

1499175940887 ROTATION_VECTOR 0.38034075 -0.48407435 0.62960625

1499175941084 ACCELEROMETER 8.613144 -1.6043091 2.1712189

1499175941085 GYROSCOPE -0.4293518 -0.04055786 0.26226807

1499175941086 MAGNETIC_FIELD -36.038208 17.263794 -27.128601

1499175941086 GRAVITY 9.028516 -3.4169266 1.7265267

1499175941087 LINEAR_ACCELERATION 0.6509514 1.9597447 0.13359559

1499175941087 ROTATION_VECTOR 0.25181612 -0.59038997 0.5310371

1499175941285 ACCELEROMETER 12.742935 -0.4698639 3.264145

1499175941286 GYROSCOPE 1.9397278 -0.33963013 -0.9361572

1499175941286 MAGNETIC_FIELD -35.147095 22.406006 -27.282715

1499175941287 GRAVITY 9.332776 -2.3515751 1.8814313

1499175941287 LINEAR_ACCELERATION 3.9693756 1.8602698 2.6182609

1499175941288 ROTATION_VECTOR 0.27830234 -0.5715081 0.4973083

1499175941497 ACCELEROMETER 10.654175 -1.776535 4.508148

1499175941504 GYROSCOPE 1.4622803 0.03314209 -0.76953125

1499175941508 MAGNETIC_FIELD -38.989258 7.53479 -32.16858

1499175941512 GRAVITY 9.625916 -0.21632653 1.8615445

1499175941514 LINEAR_ACCELERATION -0.014652252 -2.928394 2.6655247

1499175941517 ROTATION_VECTOR 0.48459202 -0.41262358 0.5983436

1499175941698 ACCELEROMETER 6.70726 -3.7205048 3.5900116

1499175941704 GYROSCOPE 0.2852173 1.1493225 0.9223633

1499175941736 GRAVITY 9.311668 -0.19068517 3.0703187

1499175941739 LINEAR_ACCELERATION -4.7160435 -2.7768676 -0.5461955

1499175941747 ROTATION_VECTOR 0.5298612 -0.25040844 0.73951846

1499175941750 MAGNETIC_FIELD -38.404846 -11.003113 -30.804443

1499175941886 ACCELEROMETER 2.144104 -0.95181274 4.514618

1499175941888 GYROSCOPE 0.47106934 3.027069 5.79834E-4

1499175941888 MAGNETIC_FIELD -32.19452 -5.8166504 -39.52484

1499175941888 GRAVITY 7.1041207 -0.85963255 6.7054377

1499175941889 LINEAR_ACCELERATION -4.2022324 -0.4617681 -1.3596745

1499175941889 ROTATION_VECTOR 0.3542128 -0.18069625 0.8615026

1499175942102 ACCELEROMETER 5.8681946 -0.87223816 4.7794647

1499175942108 GYROSCOPE 1.7581482 1.8649597 -0.8581848

1499175942111 MAGNETIC_FIELD -7.015991 -9.237671 -53.701782

1499175942113 GRAVITY 3.4788876 1.0882037 9.10404

1499175942116 LINEAR_ACCELERATION 5.3416376 -2.6148791 -0.13353157

1499175942118 ROTATION_VECTOR 0.18888016 -0.012142513 0.91641027

1499175942287 ACCELEROMETER 7.482437 -3.8384705 14.754425

1499175942288 GYROSCOPE 3.9851685 4.6174927 -3.2828064

1499175942289 MAGNETIC_FIELD 26.470947 -27.861023 -48.017883

1499175942289 GRAVITY -0.96804243 6.440888 7.331319

1499175942290 LINEAR_ACCELERATION 11.69751 -8.181149 12.207609

1499175942290 ROTATION_VECTOR 0.073759906 0.34751436 0.87539744

1499175942498 GRAVITY -7.6113667 6.157328 0.5699102

1499175942511 ACCELEROMETER -1.3190918 -8.56517 -0.43260193

1499175942534 ROTATION_VECTOR -0.30554906 0.6144774 0.6614005

1499175942537 LINEAR_ACCELERATION 6.863472 -5.580124 -4.052557

1499175942539 GYROSCOPE -2.6051025 4.639923 -1.7041321

1499175942551 MAGNETIC_FIELD 34.59778 -40.979004 -39.95056

1499175942688 ACCELEROMETER -1.4865112 1.7298431 6.471756

1499175942689 GYROSCOPE -0.36419678 -0.54364014 0.9736328

1499175942690 MAGNETIC_FIELD 45.806885 -20.588684 -39.004517

1499175942690 GRAVITY -8.622344 4.6142526 -0.7309266

1499175942691 LINEAR_ACCELERATION -4.253196 -10.449326 8.207031

1499175942691 ROTATION_VECTOR -0.5124832 0.5240495 0.64881164

1499175942900 ACCELEROMETER -3.647705 -0.65200806 12.729095

1499175942906 GYROSCOPE -2.1255188 -2.109497 -0.6659241

1499175942909 MAGNETIC_FIELD 36.624146 -29.714966 -45.046997

1499175942914 GRAVITY -7.851388 4.8148313 3.3680112

1499175942917 LINEAR_ACCELERATION 7.3285027 -4.048827 9.120052

1499175942921 ROTATION_VECTOR -0.37121174 0.43644136 0.779034

1499175943098 ACCELEROMETER 2.2318573 0.41688538 12.5824585

1499175943101 GYROSCOPE 0.33862305 1.7453308 3.9162903

1499175943104 MAGNETIC_FIELD 21.694946 -16.479492 -50.834656

1499175943107 GRAVITY -5.5562234 6.02766 5.382015

1499175943109 LINEAR_ACCELERATION 4.0911784 -6.795376 8.23382

1499175943112 ROTATION_VECTOR -0.28564525 0.37947384 0.8756537

1499175943297 ACCELEROMETER 2.5304413 -1.6180115 11.518463

1499175943300 GYROSCOPE -1.1492615 4.111206 -0.10836792

1499175943307 MAGNETIC_FIELD 26.210022 -29.02069 -42.845154

1499175943316 GRAVITY -5.3910127 7.167285 3.9670393

1499175943319 LINEAR_ACCELERATION 8.245108 -4.197834 7.362359

1499175943321 ROTATION_VECTOR 0.44545165 -0.3151351 -0.7980152

1499175943498 ACCELEROMETER -1.0297241 2.40625 8.130432

1499175943501 GYROSCOPE 0.87908936 -2.9821472 0.12875366

1499175943504 MAGNETIC_FIELD 50.35858 -20.976257 -21.025085

1499175943506 GRAVITY -5.9218545 6.7997417 3.8555856

1499175943509 LINEAR_ACCELERATION -0.48128653 -5.4704833 4.2436686

1499175943511 ROTATION_VECTOR 0.46630135 -0.29322842 -0.7990581

1499175943701 ACCELEROMETER -7.012314 -1.483078 3.9228973

1499175943706 GYROSCOPE -0.13027954 -0.03414917 0.3765564

1499175943709 MAGNETIC_FIELD 50.645447 -18.443298 -21.966553

1499175943714 GRAVITY -4.7770524 7.100092 4.7894526

1499175943717 LINEAR_ACCELERATION -4.500046 -7.235685 -2.724254

1499175943720 ROTATION_VECTOR 0.3477948 -0.36721203 -0.8508082

1499175943899 ACCELEROMETER -8.952148 -2.2360077 2.768814

1499175943906 GRAVITY -4.668888 6.9781904 5.067221

1499175943909 LINEAR_ACCELERATION -4.6225405 -7.3148847 -0.7550156

1499175943914 ROTATION_VECTOR 0.3788938 -0.31318226 -0.83437437

1499175943918 GYROSCOPE -0.34817505 0.40698242 0.6211548

1499175943921 MAGNETIC_FIELD 51.72882 -17.89856 -20.184326

1499175944102 GRAVITY -4.7698236 6.755041 5.2714887

1499175944108 LINEAR_ACCELERATION -5.001639 -6.685674 -0.19413924

1499175944111 ROTATION_VECTOR 0.37565586 -0.30018586 -0.84221476

1499175944117 ACCELEROMETER -7.5410614 -1.2667084 3.243393

1499175944119 GYROSCOPE 0.007507324 -0.11959839 0.061462402

1499175944123 MAGNETIC_FIELD 50.39978 -18.875122 -22.671509

1499175944303 ACCELEROMETER -9.214478 -2.613556 3.3639069

1499175944311 GRAVITY -5.1368623 6.4505196 5.307903

1499175944314 LINEAR_ACCELERATION -4.7764435 -6.8657556 -0.6525326

1499175944317 ROTATION_VECTOR 0.3766298 -0.2958416 -0.85424393

1499175944320 GYROSCOPE 0.007507324 0.13568115 0.058258057

1499175944325 MAGNETIC_FIELD 50.25482 -18.501282 -22.679138

1499175944412 ACCELEROMETER -8.615982 -2.2870483 3.256256

1499175944501 GYROSCOPE 0.006439209 0.07373047 0.011260986

1499175944506 MAGNETIC_FIELD 51.237488 -19.851685 -20.932007

1499175944508 GRAVITY -5.6340613 6.0988207 5.218441

1499175944511 LINEAR_ACCELERATION -4.7735043 -6.642402 -0.6799159

1499175944514 ROTATION_VECTOR 0.38685924 -0.29029897 -0.86091757

1499175944702 GRAVITY -7.9107885 3.0326738 4.938897

1499175944709 ACCELEROMETER -8.807907 -2.2641296 3.0162964

1499175944712 LINEAR_ACCELERATION -3.1336918 -4.3555517 -0.26646543

1499175944714 ROTATION_VECTOR 0.48416978 -0.11732846 -0.8599416

1499175944718 GYROSCOPE 0.002166748 0.07159424 -0.012237549

1499175944721 MAGNETIC_FIELD 51.512146 -18.026733 -21.35315

1499175944894 ACCELEROMETER -8.725876 -2.1902924 3.1690216

1499175944895 GYROSCOPE 0.1463623 -0.08862305 -0.031463623

1499175944896 MAGNETIC_FIELD 51.184082 -20.051575 -20.272827

1499175944896 GRAVITY -8.691991 0.948221 4.4407835

1499175944897 LINEAR_ACCELERATION -2.0511293 -2.913204 -0.17852545

1499175944897 ROTATION_VECTOR 0.522596 -0.021827748 -0.85039335

