1499175516263 ACCELEROMETER 0.45713806 4.6542816 6.9860077

1499175516265 GYROSCOPE -0.29797363 -0.100372314 -0.6050415

1499175516266 MAGNETIC_FIELD 20.5719 -25.561523 -38.03711

1499175516266 GRAVITY 0.4221923 5.132603 8.34557

1499175516267 LINEAR_ACCELERATION 0.0 0.0 -0.0

1499175516267 ROTATION_VECTOR 0.0 0.0 0.0

1499175516463 ACCELEROMETER -0.123809814 5.98468 8.102554

1499175516464 GYROSCOPE 0.46038818 0.11752319 -0.7738037

1499175516464 MAGNETIC_FIELD 24.453735 -23.376465 -36.56006

1499175516466 GRAVITY 0.061922 5.9508343 7.794493

1499175516466 LINEAR_ACCELERATION 0.30167204 1.1245136 0.37913275

1499175516467 ROTATION_VECTOR 0.24807183 0.20261247 0.6068485

1499175516663 ACCELEROMETER -1.6013336 5.300232 8.406006

1499175516664 GYROSCOPE -0.532959 1.0670776 0.40646362

1499175516664 MAGNETIC_FIELD 21.078491 -26.06659 -37.872314

1499175516665 GRAVITY -1.4818529 5.56172 7.939885

1499175516666 LINEAR_ACCELERATION -0.93181765 0.18210602 1.436903

1499175516666 ROTATION_VECTOR 0.17686321 0.2527804 0.6127223

1499175516863 ACCELEROMETER 2.8890076 0.76268005 6.2775574

1499175516864 GYROSCOPE -1.3981323 -1.0947876 -0.087005615

1499175516865 MAGNETIC_FIELD 19.221497 -24.217224 -40.005493

1499175516865 GRAVITY -0.47934994 3.6194532 9.101658

1499175516866 LINEAR_ACCELERATION 2.4850652 -2.094232 -1.9636402

1499175516866 ROTATION_VECTOR 0.11574657 0.15015775 0.69221413

1499175517099 ACCELEROMETER -0.9709625 3.1609955 13.142136

1499175517100 GYROSCOPE -0.61413574 -0.20718384 -0.6552429

1499175517101 MAGNETIC_FIELD 10.362244 -18.16101 -44.189453

1499175517101 GRAVITY 0.5802396 1.4734721 9.677943

1499175517102 LINEAR_ACCELERATION -0.17534941 1.1167418 3.844594

1499175517103 ROTATION_VECTOR 0.07854581 0.019818481 0.5809904

1499175517299 ACCELEROMETER -1.5330048 3.7071533 2.864502

1499175517300 GYROSCOPE 1.0959167 0.89938354 1.0024719

1499175517301 MAGNETIC_FIELD 10.116577 -7.8323364 -46.844482

1499175517301 GRAVITY -0.32632366 2.501072 9.476737

1499175517302 LINEAR_ACCELERATION -1.2319887 1.3085449 -6.611292

1499175517303 ROTATION_VECTOR 0.10402653 0.07745568 0.48429647

1499175517499 ACCELEROMETER 0.6055145 5.349823 12.240387

1499175517500 GYROSCOPE -1.4184265 -0.802124 -0.24935913

1499175517501 MAGNETIC_FIELD 19.197083 -17.803955 -41.949463

1499175517501 GRAVITY -0.13446885 2.6214886 9.448815

1499175517503 LINEAR_ACCELERATION 0.41972452 3.5087245 4.507455

1499175517503 ROTATION_VECTOR 0.10986968 0.07856954 0.5343104

1499175517700 ACCELEROMETER 4.826233 0.018676758 2.5126038

1499175517701 GYROSCOPE 0.35464478 -2.7834778 -0.88275146

1499175517702 MAGNETIC_FIELD 14.27002 -14.987183 -44.73114

1499175517703 GRAVITY 3.4865537 1.398262 9.058653

1499175517703 LINEAR_ACCELERATION 1.0503814 -1.991302 -6.5761147

1499175517704 ROTATION_VECTOR 0.15640675 -0.11693661 0.5104464

1499175517900 ACCELEROMETER 3.7177734 6.318802 12.175034

1499175517901 GYROSCOPE 0.5159302 -2.3946838 -0.442688

1499175517902 MAGNETIC_FIELD 7.8323364 -10.0616455 -46.14868

1499175517903 GRAVITY 6.56324 3.000408 6.6401677

1499175517903 LINEAR_ACCELERATION -1.1652861 4.118558 7.271964

1499175517904 ROTATION_VECTOR 0.27024895 -0.2973402 0.27840567

1499175518101 ACCELEROMETER -0.6016693 3.0391235 4.2970734

1499175518102 GYROSCOPE 0.33328247 2.3338623 1.0548096

1499175518103 MAGNETIC_FIELD -1.3809204 -16.526794 -46.868896

1499175518103 GRAVITY 6.4877806 3.3559728 6.543435

1499175518104 LINEAR_ACCELERATION -6.548225 -0.4268725 -2.643395

1499175518105 ROTATION_VECTOR 0.28367043 -0.29310197 0.26254755

1499175518301 ACCELEROMETER 3.5484924 4.748352 12.479767

1499175518303 GYROSCOPE -2.0795898 0.83529663 -0.57406616

1499175518303 MAGNETIC_FIELD 9.52301 -20.44983 -43.73474

1499175518304 GRAVITY 3.872871 2.155212 8.747932

1499175518304 LINEAR_ACCELERATION 0.12959194 3.866261 5.610248

1499175518305 ROTATION_VECTOR 0.17121035 -0.15705605 0.30658454

1499175518501 ACCELEROMETER 6.92984 0.2937622 6.0414124

1499175518502 GYROSCOPE -0.7508545 -2.7428894 -1.7340393

1499175518503 MAGNETIC_FIELD 10.449219 -13.566589 -45.651245

1499175518503 GRAVITY 5.2215304 0.3407166 8.293969

1499175518504 LINEAR_ACCELERATION 2.2166195 -0.8418677 -2.0205793

1499175518505 ROTATION_VECTOR 0.097187504 -0.26015353 0.27687848

1499175518701 ACCELEROMETER -0.048706055 7.107132 5.0482025

1499175518702 GYROSCOPE 0.8684082 -1.5903931 -0.29956055

1499175518703 MAGNETIC_FIELD 5.004883 -10.827637 -47.9187

1499175518704 GRAVITY 7.769525 2.0890071 5.60722

1499175518705 LINEAR_ACCELERATION -6.164239 5.717707 0.19630289

1499175518705 ROTATION_VECTOR 0.14869289 -0.43818006 0.057129633

1499175518903 ACCELEROMETER 0.50679016 3.3376617 12.164841

1499175518903 GYROSCOPE 0.29162598 1.4355774 0.8945923

1499175518904 MAGNETIC_FIELD -1.5533447 -18.914795 -45.368958

1499175518904 LINEAR_ACCELERATION -7.2446074 0.80695987 6.376081

1499175518905 GRAVITY 7.449942 2.3731163 5.919212

1499175518905 ROTATION_VECTOR 0.14320648 -0.42154014 0.017110538

1499175519106 GRAVITY 6.2321324 1.6455922 7.3907332

1499175519107 ACCELEROMETER 3.9488983 3.9049988 9.45842

1499175519107 LINEAR_ACCELERATION -0.8859792 3.214022 4.3637705

1499175519109 ROTATION_VECTOR 0.12497018 -0.32796332 0.09898389

1499175519110 GYROSCOPE -0.47955322 0.3695984 0.21420288

1499175519110 MAGNETIC_FIELD 10.136414 -23.605347 -42.201233

1499175519310 ACCELEROMETER 8.09967 2.8671417 9.66716

1499175519316 GYROSCOPE -1.5017395 -0.05230713 -2.1826477

1499175519318 MAGNETIC_FIELD 9.873962 -22.512817 -42.840576

1499175519320 GRAVITY 5.6720057 1.3999447 7.8764772

1499175519323 LINEAR_ACCELERATION 3.5255685 1.4676138 1.0004721

1499175519325 ROTATION_VECTOR 0.112580016 -0.2928091 0.118454635

1499175519510 ACCELEROMETER -2.5885468 2.820404 5.5209045

1499175519518 GYROSCOPE 0.94210815 -0.11746216 -0.14788818

1499175519520 MAGNETIC_FIELD 10.765076 -15.44342 -44.955444

1499175519523 GRAVITY 4.9611487 2.3161645 8.135894

1499175519525 LINEAR_ACCELERATION -7.030042 0.4381857 0.22078466

1499175519527 ROTATION_VECTOR 0.12569772 -0.2634102 0.008082399

1499175519710 GRAVITY 4.3444133 3.1599295 8.204347

1499175519717 LINEAR_ACCELERATION -3.7194908 2.6008794 2.5719666

1499175519719 ROTATION_VECTOR 0.20230564 -0.2019088 0.15033469

1499175519722 ACCELEROMETER 0.5906067 5.734009 10.734985

1499175519724 GYROSCOPE 0.8748169 0.8951111 1.6091614

1499175519726 MAGNETIC_FIELD 7.3165894 -18.153381 -45.716858

1499175519909 ACCELEROMETER 4.960663 2.6420898 5.3718567

1499175519913 GYROSCOPE 2.395813 -1.1011963 -0.4362793

1499175519915 MAGNETIC_FIELD 2.5100708 -28.634644 -41.09497

1499175519920 GRAVITY 4.826787 5.05707 6.877395

1499175519922 LINEAR_ACCELERATION 0.12097645 -1.0167441 1.0125332

1499175519924 ROTATION_VECTOR 0.34934723 -0.16524814 0.29036507

1499175520106 GRAVITY 4.7122407 6.182411 5.9785423

1499175520108 LINEAR_ACCELERATION 2.3877325 0.13885593 -7.339386

1499175520108 ROTATION_VECTOR 0.42169854 -0.1317176 0.30636874

1499175520109 ACCELEROMETER 5.476364 6.4322968 0.17146301

1499175520110 GYROSCOPE -1.8755798 0.4475708 -0.9959717

1499175520110 MAGNETIC_FIELD 1.0513306 -31.872559 -38.659668

1499175520310 GRAVITY 3.33919 6.033022 6.9730086

1499175520314 LINEAR_ACCELERATION -4.8922396 -0.77488756 3.8559508

1499175520317 ROTATION_VECTOR 0.37245053 -0.0758691 0.27736858

1499175520325 ACCELEROMETER -1.7460938 4.1214905 8.888596

1499175520328 GYROSCOPE 0.9389038 0.032073975 -0.16390991

1499175520330 MAGNETIC_FIELD 4.3670654 -20.222473 -44.836426

1499175520511 ACCELEROMETER 1.0718689 8.159668 5.5947876

1499175520515 GYROSCOPE -1.3842468 0.16772461 1.1498718

1499175520517 MAGNETIC_FIELD 8.811951 -26.05133 -42.93976

1499175520528 GRAVITY 3.6198165 5.554584 7.2259197

1499175520529 LINEAR_ACCELERATION -2.4235227 3.4331474 -0.9443917

1499175520530 ROTATION_VECTOR 0.35493687 -0.07483618 0.33677384

1499175520711 GRAVITY 4.4247727 4.327314 7.6069794

1499175520712 LINEAR_ACCELERATION 0.2124188 -2.0111928 1.0107002

1499175520712 ROTATION_VECTOR 0.31199223 -0.12170806 0.38816065

1499175520712 ACCELEROMETER 5.2562256 1.7300873 7.824341

1499175520713 GYROSCOPE 0.27667236 -0.7102661 -0.48861694

1499175520713 MAGNETIC_FIELD 7.5531006 -21.574402 -43.52112

1499175520918 ACCELEROMETER 4.9729614 3.7993317 11.068771

1499175520924 GYROSCOPE 0.8320923 -0.08328247 -0.58154297

1499175520930 MAGNETIC_FIELD 4.283142 -16.31012 -46.473694

1499175520933 GRAVITY 4.503858 5.3307414 6.889764

1499175520935 LINEAR_ACCELERATION 2.6333628 -1.4051647 6.5438585

1499175520937 ROTATION_VECTOR 0.3659255 -0.12173059 0.3425441

1499175521116 GRAVITY 3.630406 7.2625227 5.4996643

1499175521125 LINEAR_ACCELERATION -3.69162 -1.3917251 -4.6125484

1499175521136 ROTATION_VECTOR 0.46855405 -0.0072298357 0.38275826

1499175521138 ACCELEROMETER -0.17602539 5.083679 2.8864136

1499175521141 GYROSCOPE 2.1010132 1.4430542 0.502594

1499175521143 MAGNETIC_FIELD -1.5182495 -10.656738 -48.939514

1499175521314 ACCELEROMETER 4.0536804 4.644745 11.077393

1499175521318 GYROSCOPE -0.4421692 -0.84698486 1.4660339

1499175521320 MAGNETIC_FIELD 3.753662 -18.893433 -45.7489

1499175521323 GRAVITY 4.572981 7.0401034 5.0690413

1499175521325 LINEAR_ACCELERATION -0.56371546 -0.53852606 8.793408

1499175521327 ROTATION_VECTOR 0.48424467 0.08401152 0.59225893

1499175521513 GRAVITY 5.078458 5.788523 6.072286

1499175521515 LINEAR_ACCELERATION 0.5321412 -4.6483583 -5.4209356

1499175521515 ROTATION_VECTOR 0.43609136 -0.014963638 0.5698571

1499175521516 ACCELEROMETER 5.5069275 1.259201 2.7771149

1499175521517 GYROSCOPE -1.9353943 -0.17514038 -1.972229

1499175521517 MAGNETIC_FIELD -1.1245728 -18.4906 -46.07086

1499175521725 ACCELEROMETER 4.0762787 4.9659576 10.30719

1499175521731 GYROSCOPE -2.8272705 0.5191345 -1.1049194

1499175521734 MAGNETIC_FIELD -5.8151245 -15.170288 -46.7453

1499175521736 GRAVITY 2.912467 3.5385375 8.669872

1499175521739 LINEAR_ACCELERATION 3.668361 2.828998 4.618627

1499175521741 ROTATION_VECTOR 0.22997737 -0.07120376 0.36756885

1499175521919 GRAVITY 2.6031349 2.9169872 8.993624

1499175521926 LINEAR_ACCELERATION -4.8360662 -1.7455444 -2.5029464

1499175521929 ROTATION_VECTOR 0.18719749 -0.080061994 0.3121183

1499175521932 ACCELEROMETER 0.4494934 2.2564545 7.6509705

1499175521934 GYROSCOPE 2.4823303 -0.06298828 2.031067

1499175521936 MAGNETIC_FIELD -3.2363892 -11.045837 -47.729492

1499175522122 GRAVITY 3.1569772 3.8833125 8.433491

1499175522129 LINEAR_ACCELERATION 3.4557674 1.6176851 4.798778

1499175522131 ROTATION_VECTOR 0.26131544 -0.041543785 0.48329377

1499175522134 ACCELEROMETER 4.215088 3.6164246 9.618317

1499175522136 GYROSCOPE -0.36846924 0.35357666 0.7642822

1499175522138 MAGNETIC_FIELD -1.3076782 -18.988037 -46.624756

1499175522319 GRAVITY 4.296697 1.2173096 8.7308035

1499175522326 LINEAR_ACCELERATION 2.982021 -2.0772295 -5.134832

1499175522328 ROTATION_VECTOR 0.17283866 -0.15804964 0.5114486

1499175522331 ACCELEROMETER 7.8471527 -1.0988312 5.546051

1499175522386 GYROSCOPE -2.5922852 -1.4109497 -0.9756775

1499175522395 MAGNETIC_FIELD -3.314209 -18.992615 -46.063232

1499175522510 ACCELEROMETER 2.0776367 2.3271637 9.729797

1499175522511 GRAVITY 4.6674013 -0.5004281 8.610188

1499175522511 LINEAR_ACCELERATION -0.34264946 2.1752996 4.5997114

1499175522512 ROTATION_VECTOR 0.037482854 -0.24412633 0.24832796

1499175522512 GYROSCOPE -0.7145386 0.29910278 -1.7201538

1499175522513 MAGNETIC_FIELD -9.475708 -6.074524 -47.546387

1499175522711 ACCELEROMETER 0.41851807 3.3241272 11.194443

1499175522712 GRAVITY 3.6478136 -0.33196682 9.096903

1499175522712 LINEAR_ACCELERATION -4.562825 3.3632557 1.5960369

1499175522713 ROTATION_VECTOR -1.1939951E-4 -0.19022888 0.08836121

1499175522713 GYROSCOPE -0.0095825195 0.59710693 0.4459839

1499175522713 MAGNETIC_FIELD -0.41809082 -2.9830933 -49.986267

1499175522916 GRAVITY 3.619131 0.9093351 9.068924

1499175522919 LINEAR_ACCELERATION 2.3489819 1.9403598 -0.2796135

1499175522922 ROTATION_VECTOR 0.07725464 -0.1778912 0.15972322

1499175522924 ACCELEROMETER 5.515457 2.0767822 5.4432373

1499175522926 GYROSCOPE 1.0724182 -0.42080688 -0.8998413

1499175522928 MAGNETIC_FIELD 3.4301758 -6.513977 -48.327637

1499175523119 ACCELEROMETER 6.4681396 3.9513092 8.018555

1499175523123 GYROSCOPE -0.9901123 0.20617676 -2.8395386

1499175523125 MAGNETIC_FIELD -0.24414063 -8.030701 -48.66028

1499175523127 GRAVITY 3.5042243 2.316806 8.861332

1499175523129 LINEAR_ACCELERATION 4.9043636 1.3051009 -1.7260933

1499175523132 ROTATION_VECTOR 0.13546701 -0.17276138 0.07875888

1499175523318 GRAVITY 2.8119218 2.8105206 8.9646225

1499175523321 LINEAR_ACCELERATION -4.7991047 -0.012034178 -3.0857534

1499175523330 ROTATION_VECTOR 0.14107206 -0.15175684 -0.035428897

1499175523333 ACCELEROMETER -1.9250946 2.4284668 4.7417603

1499175523335 GYROSCOPE 0.6376953 -0.3577881 0.5378418

1499175523337 MAGNETIC_FIELD -1.0467529 0.13275146 -48.846436

1499175523521 ACCELEROMETER 6.494385 5.5335693 13.185379

1499175523527 GYROSCOPE 0.412323 0.33328247 0.56134033

1499175523529 MAGNETIC_FIELD -0.53863525 -2.8152466 -48.506165

1499175523547 GRAVITY 3.1507542 3.4211364 8.6335945

1499175523549 LINEAR_ACCELERATION 2.5439405 2.435029 5.6047163

1499175523552 ROTATION_VECTOR 0.19008884 -0.15386815 0.061820865

1499175523721 ACCELEROMETER 6.017929 -0.74157715 3.611786

1499175523727 GYROSCOPE -0.83309937 -1.2550049 -1.286499

1499175523729 MAGNETIC_FIELD -1.1917114 -8.451843 -49.16382

1499175523731 GRAVITY 3.856679 3.1736634 8.439447

1499175523734 LINEAR_ACCELERATION 1.2896142 -3.0820749 -4.154188

1499175523736 ROTATION_VECTOR 0.18253377 -0.19075994 0.0720934

1499175523920 ACCELEROMETER 5.38974 2.7141113 11.687775

1499175523927 GYROSCOPE -0.4015808 -1.0680847 -1.7019958

1499175523929 MAGNETIC_FIELD -10.287476 -2.7770996 -49.334717

1499175523931 LINEAR_ACCELERATION 2.9654965 -0.92005944 5.5750346

1499175523934 ROTATION_VECTOR 0.12509419 -0.27012584 -0.11698322

1499175523936 GRAVITY 4.73273 2.9444098 8.068588

1499175524125 ACCELEROMETER -0.11254883 3.3804474 3.1440735

1499175524129 GYROSCOPE 0.8171387 0.26385498 -0.4992981

1499175524132 MAGNETIC_FIELD -18.566895 -0.340271 -47.724915

1499175524134 GRAVITY 4.567527 4.308152 7.533121

1499175524136 LINEAR_ACCELERATION -3.5306544 -1.7055833 -5.3242326

1499175524138 ROTATION_VECTOR 0.1516929 -0.30480647 -0.27283192

1499175524325 ACCELEROMETER 3.4679108 5.130829 11.749908

1499175524330 GYROSCOPE 0.23822021 -0.09609985 0.5036621

1499175524333 MAGNETIC_FIELD -16.93573 -2.1514893 -47.206116

1499175524335 GRAVITY 4.2104144 5.064536 7.2658973

1499175524337 LINEAR_ACCELERATION -1.7771392 2.4600916 6.638127

1499175524339 ROTATION_VECTOR 0.19149151 -0.30475125 -0.29013652

1499175524525 ACCELEROMETER 8.319946 1.7352142 3.3015137

1499175524529 GYROSCOPE -1.0552673 -2.3978882 -0.67126465

1499175524532 MAGNETIC_FIELD -17.4057 -6.059265 -47.21985

1499175524534 GRAVITY 6.058729 4.4367123 6.3069625

1499175524538 LINEAR_ACCELERATION -1.0431376 -4.4921265 -5.9300165

1499175524540 ROTATION_VECTOR 0.13517118 -0.4002039 -0.27334556

1499175524721 ACCELEROMETER 3.386322 2.2012787 10.393372

1499175524729 GYROSCOPE -1.3351135 -2.749298 -1.9006653

1499175524731 MAGNETIC_FIELD -25.172424 -7.6568604 -44.37256

1499175524734 GRAVITY 7.6396165 4.063651 4.6144757

1499175524736 LINEAR_ACCELERATION 1.4243178 0.4331739 9.43437

1499175524738 ROTATION_VECTOR -0.075044535 -0.50901425 -0.508798

1499175524926 ACCELEROMETER -0.7732239 3.4745789 5.1488037

1499175524934 GRAVITY 7.210004 5.382601 3.9004924

1499175524947 LINEAR_ACCELERATION -7.5972333 -3.770917 -1.3306842

1499175524950 ROTATION_VECTOR -0.13411513 -0.5321122 -0.648665

1499175524952 GYROSCOPE 0.29803467 0.70925903 -0.62213135

1499175524954 MAGNETIC_FIELD -32.284546 -13.720703 -38.61847

1499175525119 ACCELEROMETER 3.25885 5.8621063 11.313034

1499175525126 GYROSCOPE -0.60879517 0.23822021 -0.048553467

1499175525128 MAGNETIC_FIELD -27.949524 -18.299866 -39.370728

1499175525130 GRAVITY 6.0720277 5.737003 5.1368923

1499175525133 LINEAR_ACCELERATION -2.159256 3.6018777 10.286169

1499175525135 ROTATION_VECTOR -0.07671857 -0.4818772 -0.6917636

1499175525325 ACCELEROMETER 5.287903 1.395462 1.1293182

1499175525331 GYROSCOPE -0.79571533 -1.533783 -0.69155884

1499175525333 MAGNETIC_FIELD -32.521057 -20.645142 -35.897827

1499175525336 GRAVITY 6.4745007 5.314378 5.0998645

1499175525338 LINEAR_ACCELERATION -2.2673965 -4.8426423 -4.6798315

1499175525340 ROTATION_VECTOR -0.14845571 -0.46684062 -0.73131526

1499175525526 ACCELEROMETER 2.9291382 5.0924835 10.383957

1499175525532 GYROSCOPE -0.4432373 -1.0883789 -0.87527466

1499175525534 MAGNETIC_FIELD -34.576416 -21.730042 -31.52771

1499175525536 GRAVITY 6.699391 5.503614 4.5824437

1499175525539 LINEAR_ACCELERATION -0.8939166 0.55962896 8.090456

1499175525541 ROTATION_VECTOR -0.20752174 -0.47254115 -0.7639348

1499175525724 ACCELEROMETER -0.7792511 4.4816895 7.097397

1499175525732 LINEAR_ACCELERATION -7.7237883 -1.9327979 -2.310849

1499175525734 ROTATION_VECTOR -0.19300056 -0.47546896 -0.7476023

1499175525736 GRAVITY 6.7618637 5.375752 4.642077

1499175525739 GYROSCOPE 0.39309692 1.0296936 1.2192993

1499175525741 MAGNETIC_FIELD -30.284119 -25.92163 -33.851624

1499175525917 ACCELEROMETER 2.949936 4.8917847 8.542557

1499175525920 GYROSCOPE 0.3642578 -1.1973267 0.89138794

1499175525925 MAGNETIC_FIELD -25.102234 -23.486328 -38.227844

1499175525932 GRAVITY 7.4606643 4.357852 4.63875

1499175525934 LINEAR_ACCELERATION -2.892118 4.3447657 8.598005

1499175525936 ROTATION_VECTOR -0.18671842 -0.4781483 -0.6727574

1499175526122 ACCELEROMETER 6.0637665 3.2763062 6.0947266

1499175526125 GYROSCOPE -3.2043152 -1.0435181 -1.1647339

1499175526127 MAGNETIC_FIELD -32.110596 -22.798157 -33.935547

1499175526132 GRAVITY 8.441516 3.022398 3.9719396

1499175526134 LINEAR_ACCELERATION -3.7098503 -2.2063358 -1.5055141

1499175526136 ROTATION_VECTOR -0.31868103 -0.44263965 -0.69034857

1499175526321 ACCELEROMETER 0.89302063 4.281357 5.2655945

1499175526326 GYROSCOPE -1.9567566 -0.25524902 -0.05923462

1499175526328 MAGNETIC_FIELD -31.114197 -24.316406 -33.395386

1499175526333 GRAVITY 8.394831 1.853566 4.7182097

1499175526335 LINEAR_ACCELERATION -1.7088919 5.3901815 7.0562496

1499175526337 ROTATION_VECTOR -0.37949005 -0.33974338 -0.74983513

1499175526524 ACCELEROMETER 0.58325195 4.1366577 8.812363

1499175526528 GYROSCOPE 2.5870056 1.1824341 3.8351135

1499175526530 MAGNETIC_FIELD -32.2464 -16.184998 -37.643433

1499175526537 GRAVITY 7.8653846 -1.0034689 5.7705426

1499175526539 LINEAR_ACCELERATION -9.252159 2.3045783 -1.8400664

1499175526542 ROTATION_VECTOR -0.34777325 -0.2912696 -0.60530853

1499175526726 ACCELEROMETER 2.2795563 2.6472168 8.142136

1499175526729 GYROSCOPE 0.9880371 0.22113037 0.9042053

1499175526732 MAGNETIC_FIELD -29.759216 -11.268616 -41.563416

1499175526737 GRAVITY 5.298591 -1.6773084 8.079725

1499175526739 LINEAR_ACCELERATION -0.97249556 7.1064763 7.0940495

1499175526741 ROTATION_VECTOR -0.19068067 -0.22735338 -0.36422953

1499175526926 ACCELEROMETER 6.3223267 2.3100128 6.201187

1499175526929 GYROSCOPE -2.2697144 0.028869629 -2.6932068

1499175526931 MAGNETIC_FIELD -29.32434 -15.737915 -40.020752

1499175526933 GRAVITY 5.4822803 -1.710418 7.9491796

1499175526938 LINEAR_ACCELERATION -0.29058218 1.3092673 -6.0350575

1499175526940 ROTATION_VECTOR -0.22798228 -0.20670924 -0.4825399

1499175527127 ACCELEROMETER -0.41537476 4.3126526 4.4542847

1499175527130 GYROSCOPE -1.6427307 -0.5692749 -1.0846252

1499175527132 MAGNETIC_FIELD -28.773499 -21.714783 -36.34796

1499175527135 GRAVITY 6.0389395 -2.1173198 7.4309187

1499175527139 LINEAR_ACCELERATION -0.88440037 7.760638 4.1906962

1499175527142 ROTATION_VECTOR -0.30095452 -0.17479977 -0.60921836

1499175527327 ACCELEROMETER -0.960495 6.5620117 8.020966

1499175527330 GYROSCOPE -0.13668823 1.1204834 -0.54415894

1499175527333 MAGNETIC_FIELD -28.555298 -23.233032 -35.57129

1499175527335 GRAVITY 5.709789 -2.1662848 7.6730638

1499175527340 LINEAR_ACCELERATION -7.161861 5.3161945 -2.3239198

1499175527342 ROTATION_VECTOR -0.29458967 -0.14832246 -0.6377694

1499175527523 ACCELEROMETER 3.0707855 1.8150482 7.185089

1499175527523 GYROSCOPE 0.43795776 -0.3930359 0.15545654

1499175527524 MAGNETIC_FIELD -25.72174 -16.033936 -40.18402

1499175527524 GRAVITY 5.0741525 -1.2673397 8.295614

1499175527524 LINEAR_ACCELERATION -1.7203717 6.401489 2.942544

1499175527525 ROTATION_VECTOR -0.22219834 -0.1663409 -0.60664195

1499175527723 ACCELEROMETER 6.562805 1.9986877 12.17955

1499175527724 GYROSCOPE -1.4098816 -1.3425903 -2.27771

1499175527724 MAGNETIC_FIELD -33.439636 -22.618103 -32.965088

1499175527724 GRAVITY 6.5385623 -0.8951353 7.253711

1499175527725 LINEAR_ACCELERATION 1.411128 0.88895255 2.7603402

1499175527725 ROTATION_VECTOR -0.3198215 -0.16696666 -0.7605803

1499175527927 ACCELEROMETER -2.5306396 4.6763916 3.2149963

1499175527930 GYROSCOPE -1.1439209 -1.0221558 -1.026947

1499175527932 MAGNETIC_FIELD -30.15747 -29.934692 -31.373596

1499175527934 GRAVITY 7.767947 -0.20148923 5.982373

1499175527936 LINEAR_ACCELERATION -5.788571 5.993404 3.8538747

1499175527938 ROTATION_VECTOR -0.4119585 -0.15897822 -0.8284021

1499175528131 ACCELEROMETER -0.45689392 4.3606415 12.681946

1499175528136 GYROSCOPE 0.1954956 1.2059326 0.7279663

1499175531524 ACCELEROMETER 2.1712494 1.7518005 15.117859

1499175531525 GYROSCOPE -0.9495239 0.11325073 -1.6592712

1499175531525 MAGNETIC_FIELD -16.096497 -0.036621094 -47.12982

1499175531526 GRAVITY 6.3253336 -1.5706819 7.327585

1499175531526 LINEAR_ACCELERATION -0.14518213 1.804712 6.222592

1499175531526 ROTATION_VECTOR -0.092655085 -0.3432378 -0.018941388

1499175531725 ACCELEROMETER -2.829132 2.4263153 4.624817

1499175531726 GYROSCOPE 1.394989 0.09509277 0.8678894

1499175531726 MAGNETIC_FIELD -10.900879 3.0349731 -48.10486

1499175531727 LINEAR_ACCELERATION -6.3924537 3.0208015 5.890467

1499175531727 GRAVITY 5.781789 -0.5134811 7.90428

1499175531728 ROTATION_VECTOR -0.051658478 -0.3071242 -0.07410543

1499175531924 ACCELEROMETER -0.80792236 4.1561737 8.450073

1499175531926 GRAVITY 4.8479414 -1.1262203 8.449821

1499175531926 LINEAR_ACCELERATION -6.1827064 3.2907338 -0.032369614

1499175531927 GYROSCOPE -0.6119995 0.26278687 1.6914063

1499175531927 MAGNETIC_FIELD -8.691406 -8.1466675 -48.66028

1499175531928 ROTATION_VECTOR -0.044076424 -0.2592996 0.057743892

1499175532127 ACCELEROMETER 4.6587677 0.96936035 6.274933

1499175532128 GYROSCOPE 1.0211487 -0.5917053 0.9426575

1499175532129 MAGNETIC_FIELD -8.453369 3.8619995 -49.19281

1499175532130 GRAVITY 4.57553 -1.7246559 8.500616

1499175532130 LINEAR_ACCELERATION -0.8178768 3.5773597 2.1436505

1499175532131 ROTATION_VECTOR -0.035684552 -0.2555696 0.2124706

1499175532330 ACCELEROMETER 1.0812988 3.8677979 13.257477

1499175532335 GYROSCOPE -0.8865051 0.17092896 -1.6186829

1499175532337 MAGNETIC_FIELD -11.491394 1.1764526 -49.458313

1499175532339 GRAVITY 5.0902076 -0.9380474 8.329481

1499175532342 LINEAR_ACCELERATION 2.111398 4.530091 2.4715943

1499175532344 ROTATION_VECTOR 0.00651545 -0.27435786 0.19667724

1499175532535 ACCELEROMETER -2.3783875 2.5575867 1.9359894

1499175532542 GRAVITY 5.2632203 0.27578464 8.269997

1499175532544 LINEAR_ACCELERATION -6.0845404 2.4931874 2.1534123

1499175532546 ROTATION_VECTOR 0.05215686 -0.27500397 0.1292882

1499175532548 GYROSCOPE 1.7271729 -0.7914429 0.98965454

1499175532550 MAGNETIC_FIELD -15.185547 4.8553467 -47.624207

1499175532738 ACCELEROMETER -0.107788086 6.171051 12.259888

1499175532742 GYROSCOPE -0.3791504 1.4216919 0.8251648

1499175532744 MAGNETIC_FIELD -11.886597 -4.701233 -49.606323

1499175532746 GRAVITY 4.2020984 0.77156866 8.8270855

1499175532748 LINEAR_ACCELERATION -5.7784643 4.614784 4.756767

1499175532751 ROTATION_VECTOR 0.07664633 -0.20992674 0.1634425

1499175532938 ACCELEROMETER 5.6439056 0.20524597 6.8464966

1499175532942 GYROSCOPE 0.9944458 -1.3885193 0.49938965

1499175532944 MAGNETIC_FIELD -5.6533813 2.7267456 -49.362183

1499175532947 GRAVITY 4.213511 0.7837535 8.820569

1499175532949 LINEAR_ACCELERATION -0.4485886 0.4081841 -0.11757612

1499175532951 ROTATION_VECTOR 0.10589948 -0.19763966 0.29541984

1499175533135 ACCELEROMETER 0.22373962 4.6896515 9.388916

1499175533142 GRAVITY 5.96267 2.0433521 7.5127664

1499175533144 LINEAR_ACCELERATION -0.09570742 0.986325 7.41474

1499175533146 ROTATION_VECTOR 0.17944606 -0.29112646 0.20711763

1499175533148 GYROSCOPE -0.03201294 -1.2603455 -1.5503235

1499175533150 MAGNETIC_FIELD -14.979553 -0.49591064 -47.084045

1499175533338 ACCELEROMETER -4.2550354 2.844925 11.314056

1499175533343 GYROSCOPE 0.7509155 0.8609314 1.0986023

1499175533345 MAGNETIC_FIELD -16.2323 -0.6500244 -47.8714

1499175533347 GRAVITY 5.9063854 3.076246 7.1987295

1499175533349 LINEAR_ACCELERATION -6.97759 1.4116325 -2.6039615

1499175533352 ROTATION_VECTOR 0.18924975 -0.3116913 0.060946204

1499175533536 GYROSCOPE -0.83096313 -0.736969 1.095398

1499175533540 GRAVITY 5.890584 1.9120008 7.6036615

1499175533542 LINEAR_ACCELERATION -1.7456822 4.8337874 9.962878

1499175533545 ROTATION_VECTOR 0.1278381 -0.3098041 0.072944224

1499175533738 GRAVITY 5.0872116 0.9767748 8.3268585

1499175533743 LINEAR_ACCELERATION 1.8901227 -1.1882054 -5.021711

1499175533745 ROTATION_VECTOR 0.09868323 -0.2563396 0.17004855

1499175533747 ACCELEROMETER 7.6274567 3.7070618 6.955948

1499175533749 GYROSCOPE -0.6333618 1.9119568 -1.546051

1499175533752 MAGNETIC_FIELD -9.9823 -8.164978 -47.070313

1499175533940 ACCELEROMETER 4.370041 3.0021057 9.168976

1499175533947 ACCELEROMETER 0.29415894 3.2509613 7.36174

1499175533949 GYROSCOPE -1.7644958 -0.20077515 -0.6274719

1499175533951 MAGNETIC_FIELD -11.335754 -3.189087 -49.020386

1499175533953 MAGNETIC_FIELD -13.850403 -0.3479004 -48.205566

1499175533956 GRAVITY 3.1745167 0.43002734 9.268652

1499175533958 LINEAR_ACCELERATION 1.8748226 6.323617 6.4337926

1499175533960 ROTATION_VECTOR 0.033261724 -0.16224653 0.06657913

1499175534139 GYROSCOPE 2.2825928 0.99871826 1.6860657

1499175534146 GRAVITY 2.183345 0.6637645 9.537442

1499175534148 LINEAR_ACCELERATION -4.8780384 1.1083759 -2.717332

1499175534150 ROTATION_VECTOR 0.045623068 -0.1079088 0.103952706

1499175534338 ACCELEROMETER -1.5513611 4.8510284 7.9605865

1499175534344 GYROSCOPE -1.0210876 -0.41012573 0.79312134

1499175534346 MAGNETIC_FIELD -15.461731 1.2313843 -47.21985

1499175534349 GRAVITY 1.6844527 1.5422518 9.537005

1499175534351 LINEAR_ACCELERATION 0.16283011 4.040171 3.5197024

1499175534353 ROTATION_VECTOR 0.09768265 -0.064855 0.23927398

1499175534541 ACCELEROMETER 3.5767365 2.0511017 8.2517395

1499175534546 GYROSCOPE -0.88757324 0.16131592 -1.5310974

1499175534548 MAGNETIC_FIELD -10.75592 1.8737793 -48.516846

1499175534550 GRAVITY 2.0618172 -0.1338614 9.586521

1499175534553 LINEAR_ACCELERATION 3.2699366 0.75772434 -3.0120234

1499175534555 ROTATION_VECTOR 0.019750351 -0.104083635 0.24828294

1499175534741 ACCELEROMETER 4.0533752 3.2619934 9.101868

1499175534745 GYROSCOPE 0.39416504 0.0032348633 1.1018066

1499175534747 MAGNETIC_FIELD -8.355713 -2.1820068 -47.86377

1499175534749 GRAVITY 1.9164805 -0.045305584 9.617455

1499175534751 LINEAR_ACCELERATION 0.59067917 6.8594337 2.4832048

1499175534754 ROTATION_VECTOR 0.013129493 -0.09733394 0.15630504

1499175534938 GRAVITY 0.80421704 1.0805073 9.713708

1499175534945 LINEAR_ACCELERATION -2.76598 1.3582349 -0.88904047

1499175534947 ROTATION_VECTOR 0.06548381 -0.021227207 0.31984508

1499175534949 ACCELEROMETER -0.56500244 5.2490845 5.828171

1499175534952 GYROSCOPE 1.3939209 0.80859375 2.6228027

1499175534954 MAGNETIC_FIELD -11.886597 0.2593994 -48.8266

1499175535148 GRAVITY -0.21416451 1.9719112 9.603962

1499175535154 ACCELEROMETER -0.8966217 3.52182 13.115189

1499175535157 LINEAR_ACCELERATION 1.8299294 2.2708592 3.9642339

1499175535159 ROTATION_VECTOR 0.082425594 0.05949991 0.49176985

1499175535161 GYROSCOPE -0.2467041 0.699646 0.6361084

1499175535188 MAGNETIC_FIELD -9.413147 -8.612061 -47.946167

1499175535334 ACCELEROMETER 4.538925 0.74038696 5.54541

1499175535334 GYROSCOPE -1.7879944 0.4262085 -1.2544556

1499175535334 MAGNETIC_FIELD -1.5579224 -9.455872 -48.63434

1499175535335 GRAVITY -1.1160821 -0.00870572 9.742929

1499175535335 LINEAR_ACCELERATION 4.811577 0.120883584 -0.20643902

1499175535335 ROTATION_VECTOR -0.031137887 0.047741897 0.53886336

1499175535537 GRAVITY -2.2665362 -1.962027 9.337218

1499175535541 LINEAR_ACCELERATION 0.49025595 6.9949074 3.2755575

1499175535544 ROTATION_VECTOR -0.14163578 0.062238716 0.42372218

1499175535546 ACCELEROMETER 0.06654358 2.9184418 13.315414

1499175535550 GYROSCOPE -0.6248169 0.86413574 0.3413086

1499175535555 MAGNETIC_FIELD 4.522705 -14.103699 -46.351624

1499175535736 ACCELEROMETER -4.089432 3.9559174 4.785507

1499175535737 GYROSCOPE -0.24456787 0.5437012 1.994751

1499175535738 MAGNETIC_FIELD 4.9987793 -8.892822 -47.703552

1499175535738 GRAVITY -3.985928 -1.8661861 8.763568

1499175535739 LINEAR_ACCELERATION -1.5671389 4.5848866 2.2533193

1499175535740 ROTATION_VECTOR -0.18829247 0.13314788 0.4813056

1499175535930 ACCELEROMETER 1.3292999 4.5263824 12.27092

1499175535931 GYROSCOPE 1.0692139 -0.06726074 0.8475952

1499175535932 MAGNETIC_FIELD 8.1604 -17.77649 -45.584106

1499175535933 GRAVITY -4.362549 0.17667355 8.781078

1499175535933 LINEAR_ACCELERATION 6.6009607 2.1532347 2.0589108

1499175535933 ROTATION_VECTOR -0.13707092 0.18303323 0.61459947

1499175536130 ACCELEROMETER 3.169632 0.049575806 5.9382477

1499175536131 GYROSCOPE 0.48602295 -0.09182739 -0.63067627

1499175536132 MAGNETIC_FIELD 10.079956 -12.043762 -46.824646

1499175536140 GRAVITY -3.6355014 1.6856492 8.950537

1499175536144 LINEAR_ACCELERATION 8.395433 1.0547154 4.955423

1499175536147 ROTATION_VECTOR -0.06336251 0.199085 0.6610594

1499175536354 ACCELEROMETER 2.5532532 4.8194885 12.596863

1499175536385 LINEAR_ACCELERATION 0.9847969 1.0701766 -1.6074557

1499175536388 ROTATION_VECTOR 0.055738445 0.23066421 0.67370135

1499175536388 GRAVITY -2.429758 3.812988 8.702171

1499175536388 GYROSCOPE 1.691925 -1.1898499 0.9811096

1499175536390 MAGNETIC_FIELD 11.936951 -12.199402 -46.202087

1499175536531 ACCELEROMETER -2.4925232 2.1892395 4.2379456

1499175536532 GYROSCOPE -0.34710693 0.73168945 0.7845764

1499175536532 MAGNETIC_FIELD 8.154297 -8.773804 -47.1756

1499175536533 LINEAR_ACCELERATION 0.11962223 -2.134594 4.6050234

1499175536533 GRAVITY -1.320306 5.0752115 8.2867

1499175536534 ROTATION_VECTOR 0.09738812 0.26079 0.7861986

1499175536731 ACCELEROMETER 2.8062134 0.6348419 10.094757

1499175536732 GYROSCOPE -0.07366943 -0.51693726 0.7268982

1499175536733 MAGNETIC_FIELD 4.2800903 -18.527222 -45.41931

1499175536733 GRAVITY -0.51935405 4.7141905 8.583534

1499175536734 LINEAR_ACCELERATION 3.4233863 -4.8574524 -3.1532245

1499175536734 ROTATION_VECTOR 0.09216024 0.23209487 0.85541844

1499175536935 GRAVITY 1.5108625 5.146975 8.209527

1499175536937 ACCELEROMETER 5.3099976 0.07879639 4.774597

1499175536939 GYROSCOPE 0.9645386 -0.95806885 0.1308899

1499175536940 MAGNETIC_FIELD -3.993225 -9.492493 -49.160767

1499175536941 LINEAR_ACCELERATION 6.734379 -3.6604319 4.627107

1499175536943 ROTATION_VECTOR 0.2034365 0.20011051 0.8373357

1499175537139 ACCELEROMETER 6.768402 0.94155884 10.31041

1499175537143 GYROSCOPE 1.9429321 -2.0144348 0.35092163

1499175537145 MAGNETIC_FIELD -5.606079 -1.3397217 -49.720764

1499175537148 GRAVITY 3.6904943 7.0166817 5.7720714

1499175537150 LINEAR_ACCELERATION 1.0396018 -4.7751336 0.83723736

1499175537154 ROTATION_VECTOR 0.37248665 0.25876617 0.79074925

1499175537339 ACCELEROMETER 5.163849 -1.5604248 8.172791

1499175537343 GYROSCOPE 3.0484314 -4.613159 1.8751221

1499175537345 MAGNETIC_FIELD -15.849304 -7.3410034 -46.76361

1499175537347 GRAVITY 5.7797546 7.8716416 -0.8955914

1499175537354 LINEAR_ACCELERATION 1.6538019 -8.264853 9.025335

1499175537356 ROTATION_VECTOR 0.58308446 0.45351404 0.64846087

1499175537533 ACCELEROMETER 6.3655853 -2.9721527 9.600891

1499175537534 GYROSCOPE -0.3439026 -3.2801514 -2.2296448

1499175537534 MAGNETIC_FIELD -31.08368 -15.663147 -37.226868

1499175537535 GRAVITY 2.5468802 7.6574283 -5.572036

1499175537535 LINEAR_ACCELERATION 8.265626 -9.450524 14.765902

1499175537536 ROTATION_VECTOR 0.65719205 0.5934588 0.4043361

1499175537743 LINEAR_ACCELERATION 10.379288 -14.271996 2.9135962

1499175537750 ROTATION_VECTOR 0.5332238 0.7098236 0.27582374

1499175537753 ACCELEROMETER 15.0668335 -7.9668884 4.978363

1499175537756 GYROSCOPE 0.27560425 1.8553467 -3.500702

1499175537759 MAGNETIC_FIELD -48.01483 -17.236328 -6.6711426

1499175537763 GRAVITY -2.2446995 7.693206 -5.6521053

1499175537943 ACCELEROMETER -4.287491 -5.883148 -6.258301

1499175537949 GRAVITY -3.0676088 7.049557 -6.088013

1499175537954 LINEAR_ACCELERATION -3.834644 -2.9728246 -1.1212728

1499175537957 ROTATION_VECTOR 0.40538725 0.80378073 0.27825242

1499175537960 GYROSCOPE -1.2902527 1.0510559 0.66067505

1499175537963 MAGNETIC_FIELD -16.056824 -46.255493 -14.164734

1499175538143 GRAVITY -4.199678 6.000673 -6.5211205

1499175538150 LINEAR_ACCELERATION 3.2726579 4.715702 13.9127865

1499175538154 ROTATION_VECTOR 0.38371238 0.82779795 0.2055318

1499175538158 ACCELEROMETER -1.9976044 8.0 8.484039

1499175538160 GYROSCOPE 3.730957 -1.7986755 -1.4413757

1499175538164 MAGNETIC_FIELD 12.086487 -45.02411 -17.24701

1499175538334 ACCELEROMETER 7.4418335 10.506073 -0.67526245

1499175538334 GYROSCOPE 1.8532104 -0.4507141 -0.97994995

1499175538335 MAGNETIC_FIELD 9.260559 -50.733948 0.21362305

1499175538335 GRAVITY -6.1527905 1.8882945 -7.3991823

1499175538336 LINEAR_ACCELERATION 12.551221 12.260987 -5.270365

1499175538336 ROTATION_VECTOR 0.39648905 0.8485575 -0.048657205

1499175538538 GRAVITY -6.3161697 0.7850238 -7.4605713

1499175538541 LINEAR_ACCELERATION 5.470178 5.5476613 -0.7521918

1499175538545 ROTATION_VECTOR 0.42572182 0.83614844 -0.1177106

1499175538547 ACCELEROMETER 3.8746796 8.746475 -8.653946

1499175538550 GYROSCOPE 0.3140564 -0.24884033 0.90527344

1499175538553 MAGNETIC_FIELD 11.853027 -48.843384 14.030457

1499175538742 GRAVITY -5.8899665 1.5777808 -7.680449

1499175538745 LINEAR_ACCELERATION 7.953262 9.002801 1.1602612

1499175538757 ROTATION_VECTOR 0.4424074 0.834188 -0.073745735

1499175538761 ACCELEROMETER 4.9149475 9.219986 -3.0638428

1499175538764 GYROSCOPE 0.042755127 0.11859131 -0.8304138

1499175538767 MAGNETIC_FIELD 7.9330444 -47.447205 21.36383

1499175538942 GRAVITY -5.5290146 1.6172686 -7.936298

1499175538945 LINEAR_ACCELERATION 4.2731476 7.422212 -0.44338703

1499175538948 ROTATION_VECTOR 0.44747365 0.83928895 -0.06293953

1499175538950 ACCELEROMETER 2.661438 8.613373 -4.2943726

1499175538953 GYROSCOPE 0.36853027 -0.018127441 0.03048706

1499175538955 MAGNETIC_FIELD 10.064697 -47.7417 21.977234

1499175539144 ACCELEROMETER 1.8517761 8.279205 -4.1323547

1499175539147 GYROSCOPE -0.006378174 -0.09716797 -0.08807373

1499175539149 MAGNETIC_FIELD 10.220337 -47.70508 17.692566

1499175539152 LINEAR_ACCELERATION 4.6931524 7.4584265 -0.6528747

1499175539155 ROTATION_VECTOR 0.4853786 0.8219205 -0.041598175

1499175539157 GRAVITY -5.154279 2.1393716 -8.063925

1499175539342 GRAVITY -4.7659645 2.971766 -8.038941

1499175539345 ROTATION_VECTOR 0.5198785 0.7997489 -0.005662793

1499175539348 LINEAR_ACCELERATION 4.137533 7.095747 0.09157252

1499175539350 ACCELEROMETER 2.2030334 8.478928 -3.7852325

1499175539353 GYROSCOPE 0.0128479 0.009643555 0.15652466

1499175539355 MAGNETIC_FIELD 11.120605 -49.15161 18.341064

1499175539542 GRAVITY -4.2089677 3.7780194 -8.011338

1499175539547 LINEAR_ACCELERATION 4.294268 6.7507114 -0.33415914

1499175539549 ROTATION_VECTOR 0.56095326 0.7705816 0.030881042

1499175539552 ACCELEROMETER 2.1457367 8.442871 -4.1847687

1499175539554 GYROSCOPE -0.020263672 -0.012786865 -0.0015563965

1499175539557 MAGNETIC_FIELD 10.73761 -48.29712 19.509888

1499175539742 GRAVITY -3.7710788 4.381837 -7.9214177

1499175539747 LINEAR_ACCELERATION 3.6512017 6.477862 0.15976667

1499175539749 ACCELEROMETER 1.7321167 8.6896515 -3.7210999

1499175539752 ROTATION_VECTOR 0.59774303 0.73931265 0.055584818

1499175539754 GYROSCOPE 0.16238403 -0.06085205 0.123413086

1499175539757 MAGNETIC_FIELD 11.451721 -47.573853 18.466187

1499175539943 GRAVITY -3.2789075 4.871833 -7.8539414

1499175539948 LINEAR_ACCELERATION 4.0878 6.08324 -0.90035844

1499175539950 ROTATION_VECTOR 0.6296965 0.7098746 0.07891433

1499175539953 ACCELEROMETER 2.3888702 8.419846 -4.198471

1499175539955 GYROSCOPE -0.06085205 -0.007446289 -0.07632446

1499175539987 MAGNETIC_FIELD 9.265137 -48.646545 18.536377

1499175540136 ACCELEROMETER 2.2877808 8.541 -4.704941

1499175540138 GYROSCOPE 0.06304932 0.03314209 0.017669678

1499175540138 MAGNETIC_FIELD 10.571289 -48.2666 19.361877

1499175540139 GRAVITY -2.8353064 5.3455677 -7.717275

1499175540139 LINEAR_ACCELERATION 3.5537393 5.856724 -0.43254542

1499175540139 ROTATION_VECTOR 0.651488 0.68486124 0.103504434

1499175540337 ACCELEROMETER 2.150772 8.489609 -4.1480255

1499175540337 GYROSCOPE -0.05444336 -0.008514404 0.016601563

1499175540338 MAGNETIC_FIELD 9.320068 -49.458313 19.856262

1499175540339 GRAVITY -2.3861208 5.76267 -7.5675917

1499175540339 LINEAR_ACCELERATION 3.3457294 5.379262 -0.32738686

1499175540339 ROTATION_VECTOR 0.7092392 0.61872417 0.107813224

1499175540538 ACCELEROMETER 2.21875 8.2955475 -4.300644

1499175540540 GYROSCOPE 0.007507324 -0.0031738281 0.03048706

1499175540541 MAGNETIC_FIELD 9.738159 -48.23761 19.326782

1499175540541 GRAVITY -1.9666755 6.1606984 -7.3721347

1499175540545 LINEAR_ACCELERATION 3.3921554 5.1314487 -0.39924836

1499175540546 ROTATION_VECTOR 0.75472885 0.5534064 0.1120605

1499175540747 ACCELEROMETER 2.2844849 8.417999 -4.403946

1499175540750 GYROSCOPE -0.10998535 -0.01171875 -4.8828125E-4

1499175540752 MAGNETIC_FIELD 9.7717285 -48.684692 19.68689

1499175540754 GRAVITY 0.069990404 7.6140194 -6.1799836

1499175540756 LINEAR_ACCELERATION 2.1698766 3.368456 -0.35873222

1499175540758 ROTATION_VECTOR 0.700069 0.5700832 0.2745808

1499175540943 GRAVITY 1.1251308 8.195786 -5.2662654

1499175540943 LINEAR_ACCELERATION 1.6126258 2.277638 0.05191064

1499175540944 ROTATION_VECTOR 0.6756678 0.5585497 0.35414308

1499175540944 ACCELEROMETER 2.387268 8.414795 -4.036087

1499175540944 GYROSCOPE -0.0042419434 -0.002105713 0.0037841797

1499175540945 MAGNETIC_FIELD 9.156799 -48.538208 18.299866

1499175541142 ACCELEROMETER 2.4814758 8.486359 -4.2383423

1499175541142 GYROSCOPE -0.16445923 -0.08648682 0.0892334

1499175541143 MAGNETIC_FIELD 9.486389 -48.805237 19.42749

1499175541143 GRAVITY 1.692795 8.369924 -4.821745

1499175541144 LINEAR_ACCELERATION 1.0841829 1.50425 -0.30628967

1499175541144 ROTATION_VECTOR 0.67908967 0.53355205 0.38386637

