1499175416380 ACCELEROMETER -2.5054016 2.1977997 8.499451

1499175416391 GYROSCOPE -0.9772949 0.24676514 -0.19702148

1499175416392 MAGNETIC_FIELD -7.1243286 -3.2241821 -55.233765

1499175416393 GRAVITY -2.632403 2.1647422 9.195365

1499175416393 LINEAR_ACCELERATION 0.0 0.0 -0.0

1499175416395 ROTATION_VECTOR 0.0 0.0 0.0

1499175416580 ACCELEROMETER 0.2371521 1.1824799 7.261673

1499175416581 GYROSCOPE -0.16445923 -3.267334 -0.5121155

1499175416581 MAGNETIC_FIELD -11.84845 -3.5614014 -54.249573

1499175416582 GRAVITY -0.37292773 1.491601 9.685372

1499175416582 LINEAR_ACCELERATION -0.4363598 0.4109373 -0.9008465

1499175416583 ROTATION_VECTOR 0.07397854 -0.026657436 -0.55534434

1499175416780 ACCELEROMETER 4.9524536 -0.45584106 11.490616

1499175416780 GYROSCOPE -1.5401917 1.2604065 -0.7161255

1499175416781 MAGNETIC_FIELD -32.774353 8.546448 -39.811707

1499175416782 GRAVITY 2.6407614 -0.24080351 9.441334

1499175416782 LINEAR_ACCELERATION 2.8361022 -0.08847861 2.263917

1499175416783 ROTATION_VECTOR -0.09228874 -0.10054227 -0.6008532

1499175416980 ACCELEROMETER 3.720932 -4.2957 1.9490814

1499175416980 GYROSCOPE 0.11218262 -5.13974 1.828125

1499175416981 MAGNETIC_FIELD -33.78601 9.892273 -39.15558

1499175416982 GRAVITY 5.966547 -2.6689322 7.31078

1499175416982 LINEAR_ACCELERATION -2.3716521 -1.2317972 -3.9628081

1499175416983 ROTATION_VECTOR -0.31204882 -0.17285685 -0.56113124

1499175417215 ACCELEROMETER 15.538605 -7.010895 2.315155

1499175417216 GYROSCOPE 2.7974243 -0.7508545 -0.11050415

1499175417216 MAGNETIC_FIELD -19.277954 42.767334 10.505676

1499175417217 LINEAR_ACCELERATION 5.643342 -4.8790812 0.33386207

1499175417217 GRAVITY 9.225194 -2.1711633 2.5203621

1499175417218 ROTATION_VECTOR -0.32403344 -0.516236 -0.2564322

1499175417416 ACCELEROMETER 7.572525 -5.7013855 -1.1031342

1499175417417 GYROSCOPE 1.1877747 -2.8988342 -1.2330933

1499175417417 MAGNETIC_FIELD -14.3081665 50.47455 -4.1900635

1499175417418 GRAVITY 9.722842 -0.8466303 -0.95914084

1499175417419 LINEAR_ACCELERATION -2.1650867 -4.7800074 -0.24910271

1499175417419 ROTATION_VECTOR -0.18937294 -0.7162684 -0.1146993

1499175417615 ACCELEROMETER 7.0205383 -4.725891 -3.680603

1499175417616 GYROSCOPE 0.6024475 -0.9740906 0.1244812

1499175417617 MAGNETIC_FIELD -27.220154 45.274353 -8.74176

1499175417618 GRAVITY 8.646534 -0.67351115 -4.577578

1499175417619 LINEAR_ACCELERATION -1.111372 -4.1603756 0.60209656

1499175417619 ROTATION_VECTOR -0.14434335 -0.84413064 -0.047241896

1499175417815 ACCELEROMETER 11.121124 -4.5734253 -2.2192535

1499175417816 GYROSCOPE 0.13140869 0.21899414 -0.87527466

1499175417817 MAGNETIC_FIELD -25.726318 44.19098 -1.7883301

1499175417817 GRAVITY 8.541471 -0.89480704 -4.734235

1499175417818 LINEAR_ACCELERATION 2.8845367 -3.689705 2.3917818

1499175417819 ROTATION_VECTOR -0.16252404 -0.8455559 -0.04343512

1499175418015 ACCELEROMETER 10.294342 -3.3637238 -0.3573761

1499175418016 GYROSCOPE 0.44329834 -1.8104248 2.5864868

1499175418018 GRAVITY 7.8203197 -2.714365 -5.257872

1499175418018 MAGNETIC_FIELD -28.70636 41.860962 -3.378296

1499175418019 LINEAR_ACCELERATION 2.7507076 -0.7349808 4.7361393

1499175418020 ROTATION_VECTOR -0.2317791 -0.8451954 0.031967968

1499175418215 ACCELEROMETER 6.586609 -7.5394135 -4.9016876

1499175418216 GYROSCOPE -0.38342285 0.4272766 0.22702026

1499175418217 MAGNETIC_FIELD -20.39032 43.060303 7.926941

1499175418217 GRAVITY 5.9779067 -5.035834 -5.9224486

1499175418218 LINEAR_ACCELERATION 0.7525945 -2.6219497 0.8821602

1499175418219 ROTATION_VECTOR -0.3404601 -0.82828003 0.1357892

1499175418415 ACCELEROMETER 6.436737 -6.544052 -5.0750732

1499175418416 GYROSCOPE -0.996521 0.90045166 0.5656128

1499175418417 MAGNETIC_FIELD -10.644531 48.495483 7.1380615

1499175418417 LINEAR_ACCELERATION 0.15613985 -1.8581429 0.5584221

1499175418418 GRAVITY 6.3599725 -4.783379 -5.730657

1499175418419 ROTATION_VECTOR -0.41213053 -0.78887933 0.07416793

1499175418615 ACCELEROMETER 7.5886993 -5.5790405 -1.6313629

1499175418616 GYROSCOPE -1.4494019 -1.7431335 0.215271

1499175418617 MAGNETIC_FIELD -14.923096 46.5271 10.217285

1499175418618 GRAVITY 5.663676 -3.9488425 -6.9641805

1499175418618 LINEAR_ACCELERATION 2.117629 -1.7470272 5.1227355

1499175418619 ROTATION_VECTOR -0.50868666 -0.77221256 0.010035847

1499175418817 ACCELEROMETER 7.1969604 -5.700531 -3.1984558

1499175418819 GYROSCOPE -0.012786865 -1.2208252 -0.029327393

1499175418819 LINEAR_ACCELERATION 3.861396 -2.5821493 4.872177

1499175418820 ROTATION_VECTOR -0.5690767 -0.7815568 0.029215667

1499175418821 GRAVITY 3.5659783 -3.2817845 -8.525496

1499175418821 MAGNETIC_FIELD -14.051819 44.474792 8.987427

1499175419019 GRAVITY 3.8276112 -3.556684 -8.298781

1499175419020 LINEAR_ACCELERATION 3.0963624 -2.9213662 3.604045

1499175419020 ROTATION_VECTOR -0.59901303 -0.75120133 0.020932764

1499175419021 ACCELEROMETER 6.6657715 -6.493561 -4.3122253

1499175419021 GYROSCOPE -0.36740112 1.6000671 1.0249023

1499175419021 MAGNETIC_FIELD -9.231567 51.080322 2.5756836

1499175419220 ACCELEROMETER 5.7686157 -11.873047 -2.3650665

1499175419221 GYROSCOPE -2.1233826 0.6387634 0.3840332

1499175419221 MAGNETIC_FIELD 2.5726318 50.361633 -1.5335083

1499175419226 GRAVITY 5.3275633 -2.6313517 -7.8015027

1499175419229 LINEAR_ACCELERATION 0.85663223 -9.543713 4.627824

1499175419232 ROTATION_VECTOR -0.6796301 -0.66020364 -0.10697001

1499175419420 ACCELEROMETER 3.171646 -8.217529 -0.6782379

1499175419421 GYROSCOPE -0.15911865 -0.83096313 0.51968384

1499175419422 MAGNETIC_FIELD 11.04126 45.632935 10.092163

1499175419429 GRAVITY 5.0222 -1.799284 -8.228637

1499175419431 LINEAR_ACCELERATION -1.1822982 -6.5798445 6.880883

1499175419434 ROTATION_VECTOR -0.75539356 -0.5906981 -0.15142006

1499175419562 ACCELEROMETER -0.58769226 -8.328812 -2.9237366

1499175419565 MAGNETIC_FIELD 14.700317 43.06488 9.002686

1499175419619 GYROSCOPE 0.551178 0.49349976 -0.2055664

1499175419622 GRAVITY 4.502958 -2.7562616 -8.264186

1499175419626 LINEAR_ACCELERATION -4.5217185 -5.720973 4.118354

1499175419628 ROTATION_VECTOR -0.7626676 -0.58283305 -0.1011475

1499175419825 ACCELEROMETER -0.47575378 -13.760422 -2.5515137

1499175419827 GYROSCOPE 0.119659424 -0.8630066 1.5301208

1499175419830 MAGNETIC_FIELD 19.812012 44.366455 3.8497925

1499175419833 GRAVITY 3.5849636 -4.554602 -7.910374

1499175419835 LINEAR_ACCELERATION -3.1778662 -10.061548 3.8286614

1499175419838 ROTATION_VECTOR -0.7825277 -0.5394138 -0.019671356

1499175420016 ACCELEROMETER -3.5793152 -7.174652 0.9291687

1499175420019 GRAVITY 0.5968297 -6.7413454 -7.097073

1499175420020 LINEAR_ACCELERATION -3.9822047 -1.2921658 7.109425

1499175420021 ROTATION_VECTOR -0.7843449 -0.4966418 0.17037156

1499175420024 GYROSCOPE 1.5381165 -1.4825134 0.66708374

1499175420030 MAGNETIC_FIELD 38.087463 32.36084 -1.7669678

1499175420215 ACCELEROMETER -4.679123 -8.453476 -1.4270477

1499175420216 GYROSCOPE 0.94744873 -1.256073 0.009124756

1499175420216 GRAVITY -1.476644 -8.371166 -4.8901415

1499175420217 LINEAR_ACCELERATION -3.2962027 -1.4355941 2.4949403

1499175420217 MAGNETIC_FIELD 43.16101 26.316833 -7.8048706

1499175420217 ROTATION_VECTOR -0.70050883 -0.50854224 0.36004415

1499175420415 ACCELEROMETER -6.6627655 -9.336563 -2.288803

1499175420416 GYROSCOPE -3.129547 2.0935364 -0.08807373

1499175420417 GRAVITY -1.1846304 -7.2770114 -6.4662313

1499175420417 LINEAR_ACCELERATION -5.409294 -2.948216 3.1256862

1499175420417 MAGNETIC_FIELD 41.67328 23.20404 -10.795593

1499175420418 ROTATION_VECTOR -0.7208748 -0.55679935 0.30147123

1499175420615 ACCELEROMETER -6.123169 -5.6441345 -1.0764008

1499175420617 GYROSCOPE -1.2592773 -0.22106934 1.059082

1499175420617 GRAVITY -0.5839801 -3.9844015 -8.941694

1499175420617 LINEAR_ACCELERATION -5.965362 -2.6706617 6.385299

1499175420618 MAGNETIC_FIELD 41.41693 21.847534 10.777283

1499175420618 ROTATION_VECTOR -0.81962895 -0.53301775 0.13880712

1499175420815 ACCELEROMETER -5.5065155 -6.1899567 -1.023407

1499175420816 GYROSCOPE 1.6855164 0.0010986328 -0.48114014

1499175424214 ACCELEROMETER -8.129593 -11.079147 -1.765976

1499175424215 GYROSCOPE -2.8764038 1.5829773 0.078552246

1499175424215 GRAVITY -7.6818895 -4.810936 3.7435088

1499175424216 LINEAR_ACCELERATION -1.2058773 -6.7095613 -6.393239

1499175424216 MAGNETIC_FIELD 13.829041 38.053894 -10.076904

1499175424216 ROTATION_VECTOR 0.0059425267 0.5559666 -0.44867328

1499175424414 ACCELEROMETER -7.4576416 -6.8898926 0.65242004

1499175424414 GYROSCOPE -1.5231018 -0.4154663 0.9779053

1499175424414 MAGNETIC_FIELD 11.483765 35.176086 8.605957

1499175424415 GRAVITY -8.217918 -5.2983546 0.7507601

1499175424415 LINEAR_ACCELERATION -1.321435 -3.2968373 0.47783232

1499175424415 ROTATION_VECTOR -0.15905963 0.66062236 -0.24217086

1499175424615 ACCELEROMETER -5.2358856 -6.437561 -3.519165

1499175424616 GRAVITY -8.354019 -5.1041822 0.572774

1499175424616 GYROSCOPE -0.30651855 -0.52334595 -0.5366821

1499175424616 MAGNETIC_FIELD 15.563965 31.993103 12.391663

1499175424617 ROTATION_VECTOR -0.269788 0.6308812 -0.10464929

1499175424617 LINEAR_ACCELERATION 1.9569592 -1.4179306 -1.039501

1499175424815 ACCELEROMETER -4.373001 -4.879364 -4.936325

1499175424816 GYROSCOPE 2.617981 -1.4889221 -0.16497803

1499175424817 LINEAR_ACCELERATION 0.33474874 -2.4033637 -6.7785473

1499175424817 GRAVITY -7.481656 -5.58363 3.0030448

1499175424818 ROTATION_VECTOR -0.24016932 0.5377788 -0.17724332

1499175424819 MAGNETIC_FIELD 13.243103 34.544373 9.225464

1499175425014 GRAVITY -6.923062 -4.4873595 5.301434

1499175425016 ACCELEROMETER -3.0124664 -7.389801 -3.4910278

1499175425017 GYROSCOPE 1.2294312 0.33862305 0.043304443

1499175425017 ROTATION_VECTOR -0.0547066 0.47613996 -0.39018643

1499175425018 LINEAR_ACCELERATION 3.6815434 -2.002763 -11.163029

1499175425019 MAGNETIC_FIELD 11.428833 39.549255 -7.1746826

1499175425216 ACCELEROMETER -5.4220886 -8.427353 -0.16790771

1499175425218 GYROSCOPE 2.237732 -2.673462 0.078552246

1499175425219 MAGNETIC_FIELD 12.161255 38.435364 -16.323853

1499175425219 GRAVITY -5.437264 -2.783176 7.6720586

1499175425220 LINEAR_ACCELERATION -0.65704966 -5.9975824 -6.3373413

1499175425221 ROTATION_VECTOR 0.06235993 0.32395235 -0.58122766

1499175425418 GRAVITY -5.0312786 -3.7551544 7.5336204

1499175425420 LINEAR_ACCELERATION -1.6110544 -5.8328357 -6.784683

1499175425420 ROTATION_VECTOR 0.037137218 0.33839783 -0.6412515

1499175425421 ACCELEROMETER -5.546768 -8.605148 -0.7209625

1499175425422 GYROSCOPE -2.9789429 1.8628235 -4.8828125E-4

1499175425425 MAGNETIC_FIELD 12.727356 35.520935 -26.46637

1499175425623 ACCELEROMETER -6.2090607 -7.1607056 1.030426

1499175425638 GYROSCOPE -2.2547607 -0.13562012 0.83584595

1499175425644 MAGNETIC_FIELD 18.588257 37.495422 -6.6986084

1499175425656 GRAVITY -6.1175714 -6.733457 3.6614563

1499175425658 LINEAR_ACCELERATION -1.748342 -2.758319 -2.5308754

1499175425660 ROTATION_VECTOR -0.122306034 0.5462224 -0.47675458

1499175425814 ACCELEROMETER -5.89592 -6.0204315 -1.427002

1499175425815 GRAVITY -6.059351 -7.056829 3.1073806

1499175425816 LINEAR_ACCELERATION -0.79387474 0.24396133 -1.1932931

1499175425816 ROTATION_VECTOR -0.20756781 0.54633623 -0.387755

1499175425816 GYROSCOPE 1.1012573 -0.39196777 -0.76846313

1499175425817 MAGNETIC_FIELD 22.998047 33.444214 0.37231445

1499175426015 ACCELEROMETER -6.483429 -6.159317 -0.73172

1499175426015 GYROSCOPE 1.135437 1.385376 -0.67874146

1499175426016 GRAVITY -5.586776 -7.0833592 3.8450418

1499175426016 LINEAR_ACCELERATION -2.8902235 -2.3259382 -5.6652336

1499175426016 ROTATION_VECTOR -0.14985289 0.53056717 -0.48996904

1499175426017 MAGNETIC_FIELD 21.133423 36.836243 -6.0775757

1499175426221 ACCELEROMETER -3.8404999 -7.791626 -0.67311096

1499175426224 GYROSCOPE 2.6105042 -0.32574463 0.29537964

1499175426227 MAGNETIC_FIELD 26.972961 34.542847 -19.935608

1499175426229 GRAVITY -5.9755297 -5.520106 5.4764833

1499175426231 LINEAR_ACCELERATION 0.5076661 -1.6357617 -3.6788607

1499175426234 ROTATION_VECTOR 0.032788586 0.46872377 -0.6427775

1499175426416 GRAVITY -5.134295 -3.9542584 7.360247

1499175426418 LINEAR_ACCELERATION -0.19810653 -5.289522 -7.556529

1499175426418 ROTATION_VECTOR 0.12434122 0.3305618 -0.79526204

1499175426419 ACCELEROMETER -4.988861 -8.12265 -1.0072174

1499175426420 GYROSCOPE 0.45184326 -1.2272339 -0.050689697

1499175426420 MAGNETIC_FIELD 30.220032 29.301453 -33.9386

1499175426624 ACCELEROMETER -6.3847656 -8.444931 -1.5606232

1499175426628 GYROSCOPE -2.535675 1.3041992 -0.35083008

1499175426630 MAGNETIC_FIELD 21.687317 27.67334 -44.776917

1499175426632 GRAVITY -5.1256213 -5.8689666 5.954295

1499175426634 LINEAR_ACCELERATION -1.7867329 -4.259732 -4.6514754

1499175426637 ROTATION_VECTOR 0.10254752 0.4311606 -0.7933035

1499175426819 ACCELEROMETER -8.75946 -7.265259 -1.3009491

1499175426823 GYROSCOPE -2.4470215 2.5581665 1.818512

1499175426825 MAGNETIC_FIELD 23.53363 40.327454 -23.808289

1499175426827 GRAVITY -6.657746 -7.1966543 0.23016766

1499175426831 LINEAR_ACCELERATION -4.234705 -1.7001061 -2.383463

1499175426833 ROTATION_VECTOR 0.08825534 0.6931636 -0.5822639

1499175427020 GRAVITY -6.988551 -6.4416757 -2.415648

1499175427026 LINEAR_ACCELERATION 0.5229945 -1.264761 1.1150281

1499175427028 ROTATION_VECTOR 0.10846244 0.7819205 -0.47412306

1499175427030 ACCELEROMETER -4.981125 -5.844116 -3.611618

1499175427032 GYROSCOPE 1.0339661 -0.05871582 -0.68408203

1499175427034 MAGNETIC_FIELD 28.431702 38.902283 -15.200806

1499175427222 ACCELEROMETER -11.8246765 -9.234467 -1.5781097

1499175427227 GYROSCOPE 2.404358 -1.4408569 0.5592041

1499175427229 MAGNETIC_FIELD 24.467468 38.793945 -13.407898

1499175427231 GRAVITY -6.967398 -6.877725 0.5680215

1499175427233 LINEAR_ACCELERATION -5.8596463 -2.6747932 -5.614036

1499175427235 ROTATION_VECTOR 0.116002716 0.67644835 -0.5910685

1499175427416 GRAVITY -6.6395464 -5.939995 4.0991793

1499175427416 LINEAR_ACCELERATION 0.4983797 -4.123993 -2.849562

1499175427417 ROTATION_VECTOR 0.23142835 0.48727912 -0.7763535

1499175427417 ACCELEROMETER -4.0626984 -8.9670105 -0.764801

1499175427417 GYROSCOPE 2.275116 0.26919556 -0.26431274

1499175427418 MAGNETIC_FIELD 26.300049 33.35266 -26.557922

1499175427625 ACCELEROMETER -5.6568146 -8.073807 -0.49710083

1499175427635 GRAVITY -6.04001 -4.6878047 6.141104

1499175427638 LINEAR_ACCELERATION -0.49968672 -4.42028 -7.0047235

1499175427640 ROTATION_VECTOR 0.26911494 0.33833116 -0.8761279

1499175427644 GYROSCOPE 1.3309021 -1.0499268 -0.11050415

1499175427646 MAGNETIC_FIELD 23.35205 30.244446 -33.86383

1499175427820 ACCELEROMETER -5.1234894 -8.127167 -0.35430908

1499175427824 GYROSCOPE -2.7439575 1.5252991 -0.49822998

1499175427827 MAGNETIC_FIELD 25.985718 23.216248 -35.110474

1499175427829 GRAVITY -6.0124154 -6.0740213 4.809108

1499175427831 LINEAR_ACCELERATION -0.37411547 -3.379621 -4.2946844

1499175427833 ROTATION_VECTOR 0.2748117 0.42341736 -0.84524107

1499175428034 ACCELEROMETER -8.55423 -7.655197 1.8013763

1499175428041 GRAVITY -6.857976 -7.007966 -0.16418724

1499175428044 LINEAR_ACCELERATION -2.7526827 -2.6597233 2.4223363

1499175428046 ROTATION_VECTOR 0.34259355 0.62530065 -0.67512727

1499175428048 GYROSCOPE -2.1319275 1.4665527 1.5888672

1499175428051 MAGNETIC_FIELD 32.75757 29.412842 -10.575867

1499175428220 ACCELEROMETER -5.1410675 -5.564331 -2.6614227

1499175428226 GYROSCOPE 1.2507935 -0.7604675 -0.63067627

1499175428235 MAGNETIC_FIELD 37.849426 22.157288 -3.8085938

1499175428238 GRAVITY -7.3977966 -6.3348594 -1.1456637

1499175428240 LINEAR_ACCELERATION 1.3560324 -0.03691244 1.6826217

1499175428244 ROTATION_VECTOR 0.4460634 0.5995332 -0.6480681

1499175428418 GRAVITY -6.97048 -6.7869616 -1.2328596

1499175428421 LINEAR_ACCELERATION -1.20471 0.42088318 -5.544831

1499175428425 ROTATION_VECTOR 0.49926513 0.55999345 -0.6595195

1499175428427 ACCELEROMETER -6.12265 -5.357544 -4.483917

1499175428429 GYROSCOPE 0.36639404 1.969635 0.025146484

1499175428431 MAGNETIC_FIELD 37.246704 23.400879 -9.754944

1499175428626 ACCELEROMETER -4.899399 -9.06282 0.1416626

1499175428632 GYROSCOPE 3.4746094 0.17733765 -0.1489563

1499175428635 MAGNETIC_FIELD 37.91504 20.013428 -9.944153

1499175428637 GRAVITY -6.9248977 -6.942219 -0.1475697

1499175428639 LINEAR_ACCELERATION 0.81318474 -2.6297994 -1.3299638

1499175428641 ROTATION_VECTOR -0.5725757 -0.423888 0.6939521

1499175428819 GRAVITY -6.3600836 -6.8543816 2.9558709

1499175428825 LINEAR_ACCELERATION 0.64259434 -2.9301238 -2.9651022

1499175428827 ROTATION_VECTOR -0.50444037 -0.3079488 0.77641994

1499175428829 ACCELEROMETER -5.189987 -8.237549 -0.6018219

1499175428831 GYROSCOPE 0.26919556 -1.2250977 -0.13827515

1499175428833 MAGNETIC_FIELD 36.183167 17.546082 -17.765808

1499175429019 GRAVITY -6.4458547 -7.366461 0.5971646

1499175429024 LINEAR_ACCELERATION -0.80041313 -2.019135 -3.3203883

1499175429026 ROTATION_VECTOR -0.5428682 -0.41814736 0.7144281

1499175429028 ACCELEROMETER -6.230545 -9.782608 -3.8020477

1499175429031 GYROSCOPE -2.350891 2.2622986 0.12554932

1499175429033 MAGNETIC_FIELD 37.05902 15.371704 -23.692322

1499175429222 ACCELEROMETER -9.23085 -9.592468 0.25483704

1499175429229 GYROSCOPE -3.0611877 -0.09075928 1.1658936

1499175429232 MAGNETIC_FIELD 39.660645 17.4469 -4.547119

1499175429234 GRAVITY -6.5319414 -6.0592823 -4.0974665

1499175429236 LINEAR_ACCELERATION -3.1458325 -6.683123 1.9050276

1499175429238 ROTATION_VECTOR -0.6697335 -0.51026434 0.5369989

1499175429418 ACCELEROMETER -4.281189 -5.463684 -0.95513916

1499175429419 GRAVITY -7.1901064 -4.9371223 -4.483033

1499175429420 ROTATION_VECTOR -0.7051131 -0.48102653 0.520986

1499175429421 LINEAR_ACCELERATION 0.7652621 -1.4029126 5.482436

1499175429422 GYROSCOPE 1.0563965 -0.4923706 -0.64456177

1499175429422 MAGNETIC_FIELD 41.9693 11.134338 3.7506104

1499175429617 GRAVITY -6.6259127 -5.758357 -4.371383

1499175429621 LINEAR_ACCELERATION -2.0781202 -0.06688452 -0.014229059

1499175429623 ROTATION_VECTOR -0.7206311 -0.4511865 0.520025

1499175429625 ACCELEROMETER -9.260895 -4.5694885 -1.9947662

1499175429628 GYROSCOPE 0.5757446 1.70047 0.34344482

1499175429630 MAGNETIC_FIELD 40.548706 13.122559 -2.5680542

1499175429821 ACCELEROMETER -5.0936737 -9.535721 0.7550812

1499175429826 GYROSCOPE 3.3816833 0.5244751 -0.4010315

1499175429828 MAGNETIC_FIELD 36.442566 13.793945 2.822876

1499175429830 GRAVITY -6.078773 -7.087118 -2.9986103

1499175429835 LINEAR_ACCELERATION -1.1269045 -1.3258867 3.3042367

1499175429838 ROTATION_VECTOR -0.74667054 -0.3088198 0.5253687

1499175430026 GRAVITY -5.6404653 -8.021478 0.10691437

1499175430033 LINEAR_ACCELERATION 0.17857122 -1.5308967 -0.5373601

1499175430036 ROTATION_VECTOR -0.6534568 -0.25989056 0.59491384

1499175430038 ACCELEROMETER -5.129837 -8.195404 -1.0125427

1499175430040 GYROSCOPE 0.19122314 -1.1257629 -0.13400269

1499175430043 MAGNETIC_FIELD 35.720825 18.121338 -5.4214478

1499175430217 ACCELEROMETER -7.4688416 -10.177429 -2.3243713

1499175430220 GYROSCOPE 0.0032348633 1.2475891 -0.1703186

1499175430223 MAGNETIC_FIELD 33.717346 16.80603 -7.948303

1499175430225 GRAVITY -5.372304 -8.202891 0.14597884

1499175430227 LINEAR_ACCELERATION -0.2970147 -1.4165425 -0.877392

1499175430229 ROTATION_VECTOR -0.63142896 -0.30635703 0.6112662

1499175430418 GRAVITY -5.6281633 -7.9199443 -1.3299065

1499175430422 LINEAR_ACCELERATION -4.3056116 -3.3869958 0.3503852

1499175430428 ROTATION_VECTOR -0.694436 -0.29251498 0.55897903

1499175430429 ACCELEROMETER -8.233627 -7.529373 -0.641449

1499175430430 GYROSCOPE -1.1054688 -0.075805664 0.54104614

1499175430430 MAGNETIC_FIELD 30.711365 18.533325 10.154724

1499175430615 ACCELEROMETER -4.825058 -5.2046356 -0.9116974

1499175430617 LINEAR_ACCELERATION -0.6467719 1.3157215 0.7088499

1499175430617 ROTATION_VECTOR -0.7493395 -0.22576334 0.5349428

1499175430618 GRAVITY -6.452348 -7.047751 -2.2060804

1499175430619 GYROSCOPE 0.32366943 0.61099243 0.60513306

1499175430619 MAGNETIC_FIELD 36.05194 6.5063477 20.985413

1499175430815 ACCELEROMETER -6.764694 -5.2320404 -7.0910797

1499175430817 GRAVITY -6.3824143 -6.7099605 -3.226703

1499175430817 LINEAR_ACCELERATION 0.9838853 -0.033627033 -3.6383264

1499175430818 ROTATION_VECTOR -0.80112785 -0.15069899 0.4698955

1499175430819 GYROSCOPE 0.2232666 1.1685486 0.041168213

1499175430819 MAGNETIC_FIELD 35.910034 10.56366 20.741272

1499175431015 ACCELEROMETER -4.412796 -6.741745 2.3206024

1499175431016 GYROSCOPE 3.1499023 1.9674988 -0.042144775

1499175431017 MAGNETIC_FIELD 33.543396 18.418884 20.840454

1499175431018 GRAVITY -5.9587617 -7.326652 -2.642673

1499175431019 LINEAR_ACCELERATION -0.71016455 3.4334397 2.688688

1499175431019 ROTATION_VECTOR -0.79525894 0.047979657 0.35240695

1499175431219 ACCELEROMETER -5.1045074 -8.521469 -1.2992096

1499175431222 GYROSCOPE -0.2328186 -0.6622009 -0.021850586

1499175431224 MAGNETIC_FIELD 26.031494 31.889343 8.686829

1499175431227 GRAVITY -5.730293 -7.8781056 -1.1267574

1499175431229 LINEAR_ACCELERATION 0.46768236 -2.2696042 0.6850287

1499175431231 ROTATION_VECTOR -0.73606557 0.1251243 0.29561952

1499175431415 ACCELEROMETER -5.3836517 -8.178024 0.5130005

1499175431416 GYROSCOPE 2.1597595 1.5188904 -0.2397461

1499175431416 MAGNETIC_FIELD 26.872253 33.22754 5.6259155

1499175431417 GRAVITY -5.5526676 -8.083036 -0.052732904

1499175431417 LINEAR_ACCELERATION -0.7872553 -0.6491909 -0.097966984

1499175431417 ROTATION_VECTOR -0.69121104 0.15784779 0.25987184

1499175431612 GYROSCOPE -2.8262024 3.1605835 -0.24508667

1499175431615 GRAVITY -4.391812 -8.33707 -2.715813

1499175431615 LINEAR_ACCELERATION -2.5024033 -2.9114523 1.7482116

1499175431616 ROTATION_VECTOR -0.74821675 0.28042755 0.07571059

1499175431820 ACCELEROMETER -8.849503 -11.315765 0.79611206

1499175431823 ACCELEROMETER -5.4687653 -5.8410187 0.18382263

1499175431825 GYROSCOPE -0.8074646 -0.09503174 1.0580139

1499175431827 MAGNETIC_FIELD 23.286438 32.341003 13.415527

1499175431829 MAGNETIC_FIELD 21.798706 15.133667 33.114624

1499175431832 GRAVITY -3.503304 -6.6044707 -6.3465114

1499175431834 LINEAR_ACCELERATION -5.376712 -2.0388823 6.939288

1499175431836 ROTATION_VECTOR -0.8127771 0.40370217 0.011215523

1499175432017 GYROSCOPE -0.2669983 -0.3300171 -0.21411133

1499175432021 GRAVITY -4.445313 -5.6820216 -6.642606

1499175432025 LINEAR_ACCELERATION -0.2295475 0.51400375 5.419961

1499175432027 ROTATION_VECTOR -0.8316124 0.3835354 0.0922547

1499175432219 ACCELEROMETER -7.8774414 -5.367279 -7.32518

1499175432226 GYROSCOPE 2.5474854 0.7776184 0.27722168

1499175432228 MAGNETIC_FIELD 28.355408 12.30011 30.830383

1499175432230 GRAVITY -4.563127 -6.9866824 -5.1511674

1499175432233 LINEAR_ACCELERATION -7.0177126 -1.997736 2.2170763

1499175432236 ROTATION_VECTOR -0.7910529 0.36996186 0.068517275

1499175432418 ACCELEROMETER -9.005463 -8.982407 5.3518677

1499175432446 GYROSCOPE 1.1995239 -1.9065552 -0.23226929

1499175432448 MAGNETIC_FIELD 29.51355 16.630554 26.167297

1499175432450 GRAVITY -4.8134046 -8.40497 -1.5355787

1499175432453 LINEAR_ACCELERATION -0.07141161 -0.90985346 3.0326447

1499175432455 ROTATION_VECTOR -0.68239117 0.33561146 0.040893227

1499175432616 ACCELEROMETER -4.486603 -8.894867 -2.9712372

1499175432619 GYROSCOPE 1.6214294 -0.55966187 0.26760864

1499175432624 MAGNETIC_FIELD 26.92871 29.563904 13.68103

1499175432626 GRAVITY -4.5829315 -8.494591 1.7346616

1499175432628 LINEAR_ACCELERATION -1.7487559 -0.43516636 -4.613316

1499175432630 ROTATION_VECTOR -0.5817397 0.27043623 0.045692373

1499175432818 ACCELEROMETER -6.195572 -7.96904 -0.03163147

1499175432821 GYROSCOPE -2.738617 1.1215515 0.1105957

1499175432825 MAGNETIC_FIELD 27.62146 30.773926 11.38916

1499175432827 GRAVITY -5.0040517 -8.423114 0.42545146

1499175432829 LINEAR_ACCELERATION -2.0013924 -0.8422122 -1.5702636

1499175432832 ROTATION_VECTOR -0.60249096 0.33957717 0.016479626

1499175433027 ACCELEROMETER -7.0417023 -8.360245 -0.65927124

1499175433032 GRAVITY -5.936705 -7.318938 -2.7127604

1499175433035 LINEAR_ACCELERATION -2.1663327 -0.8999891 3.9558194

1499175433037 ROTATION_VECTOR -0.7392346 0.30305845 0.17337497

1499175433040 GYROSCOPE -1.4910583 -0.9046631 0.99713135

1499175433042 MAGNETIC_FIELD 25.003052 32.5531 4.6417236

1499175433219 ACCELEROMETER -7.1675873 -5.5060577 0.5789032

1499175433225 GYROSCOPE 1.3917847 -0.18154907 -0.7802124

1499175433245 MAGNETIC_FIELD 21.342468 21.263123 23.027039

1499175433247 GRAVITY -6.39582 -7.117467 -2.1460514

1499175433249 LINEAR_ACCELERATION 0.0021824837 1.5008807 -0.4569335

1499175433252 ROTATION_VECTOR -0.75422096 0.20141716 0.28364146

1499175433418 ACCELEROMETER -6.0910797 -5.6771545 -4.833664

1499175433420 GYROSCOPE 1.1664124 1.0296936 0.2505188

1499175433423 MAGNETIC_FIELD 27.32544 16.725159 20.884705

1499175433425 GRAVITY -6.129523 -7.604231 -0.8803483

1499175433428 LINEAR_ACCELERATION -2.5618982 2.7507052 -3.0898838

1499175433430 ROTATION_VECTOR -0.6943261 0.2505923 0.21992387

1499175433619 ACCELEROMETER -8.281479 -5.0638275 0.059173584

1499175433622 GYROSCOPE 2.8903503 1.0510559 -0.14361572

1499175433626 MAGNETIC_FIELD 23.864746 24.702454 19.699097

1499175433628 GRAVITY -6.527509 -7.2649336 0.8847309

1499175433631 LINEAR_ACCELERATION -0.1079154 -0.063827515 0.73406434

1499175433634 ROTATION_VECTOR -0.551862 0.38773656 0.08803083

1499175433819 ACCELEROMETER -4.96994 -8.683105 0.059295654

1499175433823 GYROSCOPE 1.6064758 0.820343 -0.63601685

1499175433825 MAGNETIC_FIELD 18.989563 32.5058 8.453369

1499175433827 GRAVITY -6.5535164 -6.742134 2.7866526

1499175433829 LINEAR_ACCELERATION 1.1129866 -2.3674045 -3.4475968

1499175433833 ROTATION_VECTOR -0.3922897 0.45169574 -0.06759494

1499175434019 ACCELEROMETER -6.242874 -7.6262817 -0.18400574

1499175434024 GYROSCOPE 0.78723145 0.8246155 -0.40957642

1499175434026 MAGNETIC_FIELD 14.193726 38.08441 -6.842041

1499175434028 GRAVITY -6.4723034 -6.603823 3.266374

1499175434030 LINEAR_ACCELERATION -0.46812248 -1.882451 -3.0095901

1499175434034 ROTATION_VECTOR -0.2097209 0.538032 -0.33571836

1499175434216 ACCELEROMETER -7.2024994 -9.586426 -0.3655548

1499175434219 GYROSCOPE -1.9118958 -0.2189331 0.651062

1499175434221 MAGNETIC_FIELD 13.102722 37.48474 -15.338135

1499175434225 GRAVITY -6.738036 -6.8434744 1.983964

1499175434227 LINEAR_ACCELERATION -1.6409278 -3.5108867 -1.7435416

1499175434229 ROTATION_VECTOR -0.12944408 0.61813444 -0.42926285

1499175434418 ACCELEROMETER -7.464142 -7.482254 -0.29083252

1499175434421 GYROSCOPE -0.3513794 -0.31292725 -0.24081421

1499175434424 MAGNETIC_FIELD 16.072083 36.33423 2.180481

1499175434426 GRAVITY -6.979862 -6.8455024 0.7687731

1499175434428 LINEAR_ACCELERATION 0.81580544 0.7063508 -1.2417862

1499175434430 ROTATION_VECTOR -0.35650918 0.57767177 -0.1622138

1499175434621 ACCELEROMETER -5.4759827 -4.6324463 -1.0885315

1499175434625 GYROSCOPE 0.13995361 0.78616333 0.10952759

1499175434627 MAGNETIC_FIELD 20.977783 30.05371 10.296631

1499175434630 GRAVITY -6.9494863 -6.9191303 -0.025687845

1499175434632 LINEAR_ACCELERATION -0.68504333 0.57550526 -5.724009

1499175434634 ROTATION_VECTOR -0.43557298 0.5581988 -0.084948435

1499175434815 ACCELEROMETER -9.20929 -7.2367554 -3.8266296

1499175434828 GYROSCOPE 1.2497253 1.0916443 -0.303833

1499175434830 MAGNETIC_FIELD 18.174744 35.855103 6.0302734

1499175434848 GRAVITY -6.938139 -6.9246483 -0.28611943

1499175434857 LINEAR_ACCELERATION -2.2851238 0.04208803 0.85122025

1499175434858 ROTATION_VECTOR -0.36869743 0.6153456 -0.16873246

1499175435009 ACCELEROMETER -4.942459 -7.1058807 -0.4711609

1499175435010 GRAVITY -6.6256304 -7.2240486 0.29074416

1499175435011 LINEAR_ACCELERATION 2.0691051 -0.81314516 -0.53204584

1499175435011 ROTATION_VECTOR -0.14087655 0.682151 -0.41977045

1499175435011 GYROSCOPE 1.617157 1.1557312 -0.3518982

1499175435012 MAGNETIC_FIELD 19.978333 37.00714 -3.4606934

1499175435217 GRAVITY -6.5348125 -7.2899337 0.5687538

1499175435221 LINEAR_ACCELERATION 0.56924677 -1.023932 -1.8055415

1499175435223 ROTATION_VECTOR 0.19737886 0.65729994 -0.6583216

1499175435225 ACCELEROMETER -5.398346 -7.79422 -1.0422821

1499175435228 GYROSCOPE 0.9784241 1.2604065 -0.18954468

1499175435230 MAGNETIC_FIELD 14.43634 38.72986 -20.783997

1499175435416 ACCELEROMETER -6.008148 -8.182434 -1.3517303

1499175435419 GYROSCOPE -2.044342 2.03479 1.0484009

1499175435421 MAGNETIC_FIELD 13.500977 34.62677 -31.047058

1499175435425 GRAVITY -6.6750903 -6.7281065 -2.5191557

1499175435427 LINEAR_ACCELERATION -0.68282366 -1.2796144 -1.6023812

1499175435429 ROTATION_VECTOR 0.3899443 0.6902062 -0.58792865

1499175435620 ACCELEROMETER -9.263184 -7.7229004 -1.5839844

1499175435625 GYROSCOPE 0.3354187 0.3503723 0.6766968

1499175435627 MAGNETIC_FIELD 24.485779 35.969543 -16.923523

1499175435629 GRAVITY -6.8027644 -5.0949745 -4.89224

1499175435631 LINEAR_ACCELERATION -2.102285 -2.4255533 4.3068924

1499175435634 ROTATION_VECTOR 0.5570179 0.6626959 -0.48749807

1499175435814 GRAVITY -7.3697724 -4.9281154 -4.191721

1499175435815 LINEAR_ACCELERATION 2.3022208 0.46897984 1.3832679

1499175435816 ACCELEROMETER -5.1754 -4.6700134 -2.6443634

1499175435817 ROTATION_VECTOR 0.6426445 0.54838514 -0.5313939

1499175435817 GYROSCOPE -0.07901001 -1.1278992 -0.19168091

1499175435818 MAGNETIC_FIELD 31.948853 30.94635 -9.197998

1499175436007 ACCELEROMETER -9.744568 -4.9278564 -6.729065

1499175436008 GYROSCOPE 2.711975 0.8459778 0.31674194

1499175436009 LINEAR_ACCELERATION -4.9791512 -0.8371477 -3.3985734

1499175436010 GRAVITY -7.5591145 -5.635932 -2.6956356

1499175436011 MAGNETIC_FIELD 31.010437 34.701538 -18.365479

1499175436011 ROTATION_VECTOR 0.49368572 0.62746596 -0.5813483

1499175436217 ACCELEROMETER -8.226395 -8.20076 -0.3894043

1499175436232 GYROSCOPE 1.0403748 -1.5978699 -0.27392578

1499175436250 MAGNETIC_FIELD 27.062988 39.556885 -25.37384

1499175436255 GRAVITY -7.497793 -6.319731 0.120311275

1499175436255 LINEAR_ACCELERATION 1.898088 -2.1145215 0.16340414

1499175436256 ROTATION_VECTOR 0.47752735 0.5155904 -0.7060247

1499175436408 ACCELEROMETER -5.4698944 -7.682602 -1.1774445

1499175436409 GYROSCOPE 0.8470459 -0.45391846 -0.331604

1499175436409 MAGNETIC_FIELD 20.674133 37.12921 -39.726257

1499175436410 GRAVITY -6.676333 -6.6923757 2.6094196

1499175436410 LINEAR_ACCELERATION 0.28175068 -0.95709515 -3.7411711

1499175436410 ROTATION_VECTOR 0.36653048 0.4822987 -0.78847045

1499175436622 ACCELEROMETER -7.024872 -7.480011 -0.7844391

1499175436668 GYROSCOPE -1.4814453 1.2433167 1.1968689

1499175436668 LINEAR_ACCELERATION -0.9187422 -1.3667426 -2.8476868

1499175436669 ROTATION_VECTOR 0.3604812 0.54300827 -0.7288027

1499175436669 GRAVITY -7.387866 -6.278113 1.4748285

1499175436670 MAGNETIC_FIELD 9.944153 37.20703 -44.006348

1499175436807 ACCELEROMETER -9.577209 -9.184219 -2.3091278

1499175436809 GYROSCOPE -0.22320557 1.2689514 0.94799805

1499175436809 MAGNETIC_FIELD 18.704224 35.52246 -26.902771

1499175436810 GRAVITY -8.338775 -4.949383 -1.4624745

1499175436810 LINEAR_ACCELERATION -0.4354267 -5.202943 -0.48177314

1499175436810 ROTATION_VECTOR 0.4930548 0.5757277 -0.6177028

1499175437021 ACCELEROMETER -6.512802 -6.6330566 -2.923996

1499175437050 LINEAR_ACCELERATION 2.0505857 0.31186438 0.8927891

1499175437068 ROTATION_VECTOR 0.6239048 0.48154187 -0.6090699

1499175437068 GRAVITY -8.292226 -4.6652145 -2.3759515

1499175437069 GYROSCOPE 1.4024658 0.467865 -0.40316772

1499175437069 MAGNETIC_FIELD 38.331604 25.506592 -1.3015747

1499175437208 ACCELEROMETER -10.592499 -2.673111 -1.9729004

1499175437209 GYROSCOPE 1.9407959 2.5592346 1.6444092

1499175437209 MAGNETIC_FIELD 38.101196 24.433899 2.0462036

1499175437210 GRAVITY -8.154843 -4.085712 -3.6022046

1499175437210 LINEAR_ACCELERATION -3.4558468 0.6784525 -0.26849127

1499175437210 ROTATION_VECTOR -0.7666977 -0.30957386 0.56060934

1499175437415 ACCELEROMETER -2.1388702 -3.0218506 -0.39196777

1499175437419 GRAVITY -5.9015245 -3.9014263 -6.7912645

1499175437422 LINEAR_ACCELERATION 4.6972976 0.15417194 7.5821395

1499175437425 ROTATION_VECTOR -0.9097277 -0.13657834 0.35556456

1499175437427 GYROSCOPE -0.0031738281 2.7888794 -0.46832275

1499175437430 MAGNETIC_FIELD 42.427063 15.621948 8.2092285

1499175437615 GRAVITY -2.8568625 -4.706859 -8.11506

1499175437618 LINEAR_ACCELERATION 3.8440313 0.7034316 -0.29989195

1499175437621 ACCELEROMETER -0.5620575 -4.510895 -5.5717773

1499175437624 GYROSCOPE -0.11959839 0.081207275 -1.1412354

1499175437626 MAGNETIC_FIELD 27.160645 20.280457 18.023682

1499175437628 ROTATION_VECTOR -0.94743025 -0.12699912 0.18438224

1499175437818 ACCELEROMETER 0.9423065 -3.4014587 -6.988022

1499175437824 GYROSCOPE 1.21875 -0.11853027 -3.0392761

1499175437827 MAGNETIC_FIELD 25.11139 15.82489 25.314331

1499175437831 GRAVITY -0.70898634 -6.244368 -7.5283194

1499175437833 LINEAR_ACCELERATION 0.35913765 2.1778321 -0.18426323

1499175437836 ROTATION_VECTOR -0.9112093 -0.23137663 0.120613754

1499175438015 ACCELEROMETER 0.19265747 -10.777725 -7.9291534

1499175438020 GRAVITY 2.6183574 -7.5722766 -5.6546636

1499175438022 LINEAR_ACCELERATION -3.02503 -4.468752 -0.10656738

1499175438025 ROTATION_VECTOR -0.8570561 -0.23186745 -0.031583

1499175438028 GYROSCOPE 1.6876526 -0.21359253 -3.111908

1499175438030 MAGNETIC_FIELD 9.776306 36.17859 16.82434

1499175438215 GRAVITY 3.5812573 -7.5775847 -5.091679

1499175438220 LINEAR_ACCELERATION -4.5500164 2.7020497 4.957632

1499175438222 ACCELEROMETER -3.37294 -6.115814 2.7752533

1499175438225 ROTATION_VECTOR -0.8607182 -0.13699493 -0.13722093

1499175438227 GYROSCOPE 0.2649231 -1.9022827 0.15545654

1499175438230 MAGNETIC_FIELD -7.6446533 35.542297 16.838074

1499175438415 GRAVITY 3.1212666 -8.392262 -3.9997516

1499175438418 LINEAR_ACCELERATION 5.6738234 -1.2831359 -1.163394

1499175438421 ROTATION_VECTOR -0.8361216 -0.069507234 -0.14677507

1499175438423 ACCELEROMETER 7.1658936 -7.96138 -5.0109863

1499175438426 GYROSCOPE 1.5263672 0.69537354 0.18856812

1499175438428 MAGNETIC_FIELD -12.107849 43.32428 5.290222

1499175438621 ACCELEROMETER 6.502548 -6.3288727 -3.4872437

1499175438628 GYROSCOPE 0.21792603 0.45184326 -0.36471558

1499175438631 MAGNETIC_FIELD -14.302063 42.84668 1.5304565

1499175438635 GRAVITY 3.7034225 -8.822898 -2.1474457

1499175438637 ROTATION_VECTOR -0.77994674 -0.034238905 -0.21635982

1499175438640 LINEAR_ACCELERATION 2.6832561 2.2628174 -0.5527711

1499175438816 ACCELEROMETER 7.3245087 -6.3707275 -2.3693085

1499175438822 GRAVITY 3.755074 -8.81051 -2.108251

1499175438826 LINEAR_ACCELERATION 4.1581755 1.0492077 -0.37912488

1499175438828 ROTATION_VECTOR 0.0 0.0 0.0

1499175438831 GYROSCOPE -0.029876709 -0.7732849 0.4822998

1499175438835 MAGNETIC_FIELD -17.497253 41.011047 -4.7042847

1499175438940 ACCELEROMETER 8.158203 -6.606949 -3.0669098

1499175438944 MAGNETIC_FIELD -19.384766 40.270996 0.090026855

1499175439016 GRAVITY 3.7323446 -8.529466 -3.0802927

1499175439020 LINEAR_ACCELERATION 4.872511 2.8759527 -0.7684822

1499175439023 ROTATION_VECTOR -0.01940867 -0.8103546 0.53072727

1499175439026 GYROSCOPE 0.16986084 -1.951416 -0.91693115

1499175439218 ACCELEROMETER 7.585846 -5.134308 -4.128433

1499175439223 GYROSCOPE 1.3533325 -1.1321716 -0.6798096

1499175439226 MAGNETIC_FIELD -15.560913 41.348267 -0.920105

1499175439228 GRAVITY 4.3831983 -8.111452 -3.3410017

1499175439232 LINEAR_ACCELERATION 2.706695 1.3743362 -0.87722063

1499175439235 ROTATION_VECTOR 0.03976862 -0.81777877 0.51778734

1499175439416 ACCELEROMETER 5.980942 -7.387207 -5.781494

1499175439421 GYROSCOPE -0.26593018 0.20724487 -0.5067749

1499175439426 MAGNETIC_FIELD -21.011353 39.375305 -2.8625488

1499175439428 GRAVITY 5.054424 -7.797486 -3.134071

1499175439431 LINEAR_ACCELERATION 1.2810779 -1.0977468 -3.5035467

1499175439435 ROTATION_VECTOR 0.43121463 -0.6883655 0.5832026

1499175439613 GRAVITY 6.2120533 -6.4931393 -3.9268222

1499175439617 LINEAR_ACCELERATION 0.29696655 1.4294219 4.1703243

1499175439624 ROTATION_VECTOR -0.60278094 0.58040273 -0.547068

1499175439627 ACCELEROMETER 5.7881775 -5.815735 -0.6594696

1499175439630 GYROSCOPE -0.57888794 -0.8630066 -1.2854309

1499175439632 MAGNETIC_FIELD -26.46637 37.10327 -4.43573

1499175439816 ACCELEROMETER 6.1686096 -4.9566956 -3.6476288

1499175439832 GRAVITY 7.394028 -4.223209 -4.8644867

1499175439836 LINEAR_ACCELERATION -0.48179913 -1.3530753 -0.18502188

1499175439845 ROTATION_VECTOR -0.76080704 0.41133007 -0.5018399

1499175439848 GYROSCOPE -0.14416504 0.04168701 -1.6154785

1499175439852 MAGNETIC_FIELD -32.40204 33.354187 -3.7719727

1499175440018 GRAVITY 8.013136 -0.9483338 -5.5732126

1499175440031 LINEAR_ACCELERATION -0.8588834 -2.4152107 -2.2625508

1499175440031 ROTATION_VECTOR 0.8685615 -0.17249832 0.46316978

1499175440032 ACCELEROMETER 6.978348 -3.6971436 -7.5006104

1499175440032 GYROSCOPE -0.082214355 -0.7497864 -2.4838562

1499175440033 MAGNETIC_FIELD -38.99231 21.7453 7.095337

1499175440207 ACCELEROMETER 6.1738586 -0.5427704 -6.619766

1499175440209 GYROSCOPE 0.44543457 -2.5004272 0.07321167

1499175440209 MAGNETIC_FIELD -43.89038 6.147766 11.134338

1499175440210 GRAVITY 5.8417687 0.7585526 -7.8401995

1499175440210 LINEAR_ACCELERATION 0.91411495 -0.5726235 0.4526124

1499175440210 ROTATION_VECTOR 0.9485159 0.007515666 0.31431738

1499175440406 ACCELEROMETER 6.6076202 2.0707703 -7.870102

1499175440407 GYROSCOPE -0.7861023 2.2035522 -1.1893005

1499175440407 MAGNETIC_FIELD -42.730713 -12.075806 13.891602

1499175440408 GRAVITY 5.510411 1.6911762 -7.933832

1499175440408 LINEAR_ACCELERATION 0.97673464 0.5759374 -0.4726076

1499175440409 ROTATION_VECTOR 0.9405184 0.14120194 0.3055971

1499175440610 GRAVITY 7.233916 3.929796 -5.3289356

1499175440615 LINEAR_ACCELERATION -1.6115627 -1.359484 -2.755208

1499175440625 ACCELEROMETER 5.0857697 2.1768494 -8.0186615

1499175440632 GYROSCOPE -0.9837036 1.2604065 -0.59542847

1499175440635 MAGNETIC_FIELD -42.030334 -20.533752 10.562134

1499175440638 ROTATION_VECTOR 0.86960614 0.12443996 0.44792986

1499175440813 ACCELEROMETER 3.3947296 4.312607 -5.4550476

1499175440816 GYROSCOPE 0.3781433 -0.8063965 -0.36151123

1499175440818 MAGNETIC_FIELD -40.600586 -33.459473 -5.6915283

1499175440820 GRAVITY 6.9515467 4.978873 -4.8017917

1499175440823 LINEAR_ACCELERATION -2.9631734 0.16452646 -0.51632786

1499175440825 ROTATION_VECTOR 0.8576807 0.09595374 0.4408375

1499175441011 ACCELEROMETER 6.521698 6.4331665 -5.0183105

1499175441011 GYROSCOPE -0.26913452 0.3001709 -0.17993164

1499175441011 MAGNETIC_FIELD -39.90631 -36.116028 -5.8181763

1499175441012 GRAVITY 6.395189 5.340068 -5.172583

1499175441012 LINEAR_ACCELERATION 0.4386449 1.5206685 -0.3745842

1499175441012 ROTATION_VECTOR 0.8715417 0.06436923 0.3950409

1499175441214 GRAVITY 5.1218867 5.9561033 -5.870391

1499175441218 LINEAR_ACCELERATION 0.19037724 0.11865425 1.2997413

1499175441220 ROTATION_VECTOR 0.88554305 0.122964114 0.33603525

1499175441222 ACCELEROMETER 4.9417114 5.7855225 -4.320053

1499175441225 GYROSCOPE 1.1023254 -0.75405884 -1.5877075

1499175441227 MAGNETIC_FIELD -38.720703 -37.605286 -7.824707

1499175441416 ACCELEROMETER 6.591034 6.021347 -4.201782

1499175441419 GYROSCOPE 1.153595 0.79577637 -0.38928223

1499175441421 MAGNETIC_FIELD -33.433533 -42.910767 -2.796936

1499175441424 GRAVITY 4.0372524 5.4240317 -7.102877

1499175441426 LINEAR_ACCELERATION 2.7257564 1.0856624 2.5370874

1499175441428 ROTATION_VECTOR 0.8891797 0.26740488 0.29807192

1499175441616 GRAVITY 6.166207 5.105814 -5.663828

1499175441619 LINEAR_ACCELERATION -0.4655199 1.1814871 -4.28696

1499175441621 ROTATION_VECTOR 0.84374684 0.27724734 0.4278013

1499175441624 ACCELEROMETER 5.345932 6.391159 -8.90535

1499175441626 GYROSCOPE -0.95700073 2.395813 0.7845764

1499175441628 MAGNETIC_FIELD -31.491089 -43.64319 3.755188

1499175441814 ACCELEROMETER 7.493225 5.5009155 -4.740082

1499175441821 GYROSCOPE -2.6072388 3.4318848 -0.4779358

1499175441824 MAGNETIC_FIELD -38.679504 -37.815857 -9.225464

1499175441826 GRAVITY 7.2770214 6.567364 0.2916752

1499175441828 LINEAR_ACCELERATION 0.11567831 -0.7998476 -4.0915117

1499175441830 ROTATION_VECTOR 0.6688607 0.19430414 0.6456538

1499175442021 ACCELEROMETER 8.041916 4.332443 5.526657

1499175442028 GYROSCOPE 1.9845886 2.8486938 -0.014373779

1499175442030 MAGNETIC_FIELD -27.757263 -33.361816 -39.30359

1499175442033 GRAVITY 5.3309407 6.7201986 4.752935

1499175442035 LINEAR_ACCELERATION 3.0925508 -2.297494 1.9740663

1499175442040 ROTATION_VECTOR 0.4249232 0.27768332 0.81748325

1499175442220 ACCELEROMETER 5.337509 5.247772 6.577423

1499175442226 GYROSCOPE 0.18695068 0.076934814 -1.0718079

1499175442229 MAGNETIC_FIELD -2.3117065 -32.458496 -36.78589

1499175442231 GRAVITY 3.6095107 7.988032 4.3969507

1499175442233 LINEAR_ACCELERATION 2.3277373 -1.5995178 2.6276927

1499175442235 ROTATION_VECTOR 0.32829082 0.40993056 0.82435393

1499175442420 ACCELEROMETER 4.102707 4.9028625 6.6772003

1499175442427 GYROSCOPE -0.29370117 1.8510742 -0.32946777

1499175442430 MAGNETIC_FIELD 4.563904 -35.214233 -34.17816

1499175442432 GRAVITY 1.6743693 8.256749 5.0192604

1499175442434 LINEAR_ACCELERATION 1.8954705 -3.450708 1.7448645

1499175442437 ROTATION_VECTOR 0.2235916 0.440563 0.83803344

1499175442617 ACCELEROMETER 1.901947 8.511597 4.9938354

1499175442620 GYROSCOPE 0.34609985 -0.20825195 -0.2472229

1499175442632 MAGNETIC_FIELD 10.650635 -37.939453 -29.307556

1499175442634 GRAVITY 0.4552374 8.376194 5.079618

1499175442636 LINEAR_ACCELERATION 1.7038232 1.0038571 0.05957842

1499175442638 ROTATION_VECTOR 0.17038287 0.4604142 0.8322523

1499175442812 ACCELEROMETER 1.9015656 7.753433 5.4134674

1499175442815 GYROSCOPE 0.26919556 0.0043029785 0.067871094

1499175442817 MAGNETIC_FIELD 15.490723 -37.654114 -27.137756

1499175442819 GRAVITY 0.46475163 8.645225 4.605918

1499175442821 LINEAR_ACCELERATION 1.2112718 -0.49761963 1.0660129

1499175442828 ROTATION_VECTOR 0.20005973 0.47448882 0.806625

1499175443014 ACCELEROMETER 1.147644 7.898041 4.5418243

1499175443019 GRAVITY 0.64338446 8.831433 4.214526

1499175443021 LINEAR_ACCELERATION 0.61099577 -0.47075176 0.39402962

1499175443024 ROTATION_VECTOR 0.2238568 0.4847753 0.79134274

1499175443026 GYROSCOPE 0.19976807 -0.14523315 0.03048706

1499175443028 MAGNETIC_FIELD 17.677307 -39.213562 -24.221802

1499175443221 ACCELEROMETER 1.3741608 8.414185 4.6013794

1499175443227 GYROSCOPE 0.1602478 0.10897827 -0.09448242

1499175443230 MAGNETIC_FIELD 16.638184 -39.389038 -22.927856

1499175443233 GRAVITY 0.6384983 8.960504 3.9334557

1499175443235 LINEAR_ACCELERATION 0.69917023 -0.12287998 0.8863394

1499175443237 ROTATION_VECTOR 0.23664312 0.49340612 0.7784969

1499175443413 ACCELEROMETER 0.97683716 8.372131 3.9781036

1499175443419 GYROSCOPE 0.125 0.020324707 -0.05496216

1499175443426 MAGNETIC_FIELD 17.396545 -41.42151 -21.3974

1499175443429 GRAVITY 0.48509553 9.066035 3.7070293

1499175443431 LINEAR_ACCELERATION 0.49799165 -0.25977516 0.41303158

1499175443433 ROTATION_VECTOR 0.2431178 0.5018843 0.76529944

1499175443612 ACCELEROMETER 0.5895996 8.329697 4.4406433

1499175443615 GYROSCOPE 0.0010986328 0.006439209 0.07107544

1499175443617 MAGNETIC_FIELD 17.977905 -40.335083 -20.948792

1499175443619 GRAVITY 0.4953187 9.089601 3.6474938

1499175443621 LINEAR_ACCELERATION 0.09771553 -0.33744907 0.9934771

1499175443627 ROTATION_VECTOR 0.2532742 0.49988174 0.75808704

1499175443820 ACCELEROMETER 0.9833374 8.491287 4.128311

1499175443827 GYROSCOPE -0.012786865 0.03100586 -0.010101318

1499175443829 MAGNETIC_FIELD 18.339539 -42.6239 -20.007324

1499175443831 GRAVITY 0.5626943 9.068498 3.690001

1499175443834 LINEAR_ACCELERATION 0.46759284 -0.1453228 0.58065367

1499175443836 ROTATION_VECTOR 0.26375166 0.49223712 0.75405055

1499175444009 ACCELEROMETER 0.9012146 8.485291 4.2417145

1499175444015 GYROSCOPE 0.076934814 -0.0501709 -0.013305664

1499175444016 MAGNETIC_FIELD 16.651917 -41.133118 -19.163513

1499175444017 GRAVITY 0.6759054 8.977827 3.887436

1499175444018 LINEAR_ACCELERATION 0.25014228 -0.1252594 0.53016734

1499175444018 ROTATION_VECTOR 0.27028117 0.4782719 0.75627047

1499175444214 ACCELEROMETER 1.2924347 8.722183 3.991928

1499175444218 GYROSCOPE 0.009643555 0.022460938 -0.07525635

1499175444220 MAGNETIC_FIELD 18.000793 -41.241455 -19.612122

1499175444222 GRAVITY 0.8478012 8.963191 3.8875225

1499175444224 LINEAR_ACCELERATION 0.4766754 0.052659035 0.22025108

1499175444226 ROTATION_VECTOR 0.29865545 0.46108183 0.7409816

1499175444417 GRAVITY 0.8097393 8.930384 3.9702604

1499175444420 LINEAR_ACCELERATION 0.13997334 -0.0064468384 0.1914599

1499175444423 ROTATION_VECTOR 0.3117322 0.4476562 0.72821784

1499175444425 ACCELEROMETER 0.9406128 8.669403 4.0547485

1499175444427 GYROSCOPE -0.006378174 0.028869629 -0.02078247

1499175444429 MAGNETIC_FIELD 18.605042 -41.93573 -19.883728

1499175444615 ACCELEROMETER 0.99794006 8.750977 3.865738

1499175444618 GYROSCOPE 0.028869629 0.038482666 -0.06991577

1499175444620 MAGNETIC_FIELD 18.934631 -41.44287 -19.711304

1499175444623 GRAVITY 0.81192464 8.9391365 3.9500656

1499175444625 LINEAR_ACCELERATION 0.2174874 0.040999413 0.014514208

1499175444627 ROTATION_VECTOR 0.32872668 0.4365106 0.7118361

1499175444816 ACCELEROMETER 0.74964905 8.646194 3.932251

1499175444819 GYROSCOPE 3.0517578E-5 0.008575439 0.03048706

1499175444822 MAGNETIC_FIELD 17.590332 -40.797424 -19.662476

1499175444824 GRAVITY 0.7591069 8.93555 3.9686394

1499175444826 LINEAR_ACCELERATION -2.219677E-4 -0.058265686 0.06935549

1499175444828 ROTATION_VECTOR 0.33651254 0.4294357 0.70104235

1499175445015 ACCELEROMETER 0.6629181 8.630005 4.1576996

1499175445019 GRAVITY 0.70785993 8.929387 3.9919133

1499175445021 ROTATION_VECTOR 0.33662313 0.42796487 0.6981822

1499175445024 LINEAR_ACCELERATION -0.028891146 -0.078066826 0.26608825

1499175445026 GYROSCOPE 0.125 0.060913086 -0.040008545

1499175445028 MAGNETIC_FIELD 18.70575 -42.530823 -16.592407

