1499534717009 GYROSCOPE 0.17733765 -0.12814331 -0.28781128

1499534717011 MAGNETIC_FIELD 14.030457 -9.919739 -44.9234

1499534717012 GRAVITY 0.7067853 3.8123744 9.007588

1499534717012 LINEAR_ACCELERATION 0.0 0.0 -0.0

1499534717013 ROTATION_VECTOR 0.0 0.0 0.0

1499534717209 ACCELEROMETER 1.0170441 3.3834534 8.56543

1499534717211 GYROSCOPE 0.21365356 -0.20291138 -0.18634033

1499534717211 MAGNETIC_FIELD 9.980774 -7.901001 -46.235657

1499534717212 GRAVITY 1.4024494 3.603425 9.012151

1499534717213 LINEAR_ACCELERATION 0.6232202 -0.31173182 0.73630905

1499534717213 ROTATION_VECTOR 0.19414473 0.05306642 0.5833846

1499534717410 ACCELEROMETER 1.9461365 3.648697 8.196854

1499534717411 GYROSCOPE -0.9110718 -1.0082703 0.4897766

1499534717412 MAGNETIC_FIELD 0.19378662 -9.919739 -48.20404

1499534717413 GRAVITY 2.357759 3.2709897 8.93935

1499534717413 LINEAR_ACCELERATION -0.39275813 0.8605232 0.37689114

1499534717414 ROTATION_VECTOR 0.21008454 -0.009190583 0.536454

1499534717611 ACCELEROMETER 2.846695 3.6576385 10.02327

1499534717613 GYROSCOPE -1.9204407 0.099365234 0.6019287

1499534717613 MAGNETIC_FIELD -7.4005127 0.6744385 -50.993347

1499534717614 LINEAR_ACCELERATION 0.623173 1.7199868 0.86440945

1499534717615 GRAVITY 3.618532 0.8947938 9.07061

1499534717615 ROTATION_VECTOR 0.12784757 -0.1455425 0.45159194

1499534717812 ACCELEROMETER 4.536087 2.0227814 11.269516

1499534717813 GYROSCOPE 1.0542603 -0.15805054 0.31781006

1499534717813 MAGNETIC_FIELD -7.23114 5.8883667 -49.845886

1499534717814 GRAVITY 3.7737117 -0.07752143 9.051159

1499534717815 LINEAR_ACCELERATION 0.031407356 0.64422804 -0.32182693

1499534717815 ROTATION_VECTOR 0.07002723 -0.18334535 0.36860228

1499534718048 ACCELEROMETER 4.0199738 0.35281372 8.445984

1499534718049 GYROSCOPE 0.058776855 0.23394775 0.15332031

1499534718050 GRAVITY 3.6555798 0.8023829 9.064398

1499534718051 LINEAR_ACCELERATION -0.3217168 -0.5511277 -0.3444376

1499534718052 ROTATION_VECTOR 0.11548767 -0.15654692 0.39954576

1499534718249 ACCELEROMETER 3.2157898 0.082458496 8.931854

1499534718250 GYROSCOPE -0.1270752 0.2371521 -0.089141846

1499534718252 MAGNETIC_FIELD -2.067566 6.97937 -50.273132

1499534718252 GRAVITY 3.3093836 0.6396247 9.209193

1499534718253 LINEAR_ACCELERATION 0.3956871 -0.49484682 -0.44725704

1499534718253 ROTATION_VECTOR 0.1082998 -0.1368684 0.4533571

1499534718450 ACCELEROMETER 3.5959473 0.17111206 8.993515

1499534718452 GYROSCOPE -0.2616577 0.72528076 -0.646698

1499534718452 MAGNETIC_FIELD -2.2872925 6.5994263 -49.882507

1499534718453 GRAVITY 2.3112636 0.40153292 9.521934

1499534718453 LINEAR_ACCELERATION -0.27335882 -0.8653637 0.005569458

1499534718453 ROTATION_VECTOR 0.07077107 -0.09750877 0.43698764

1499534718651 ACCELEROMETER 1.981369 -0.43696594 9.610031

1499534718652 GYROSCOPE 0.16558838 0.12072754 -0.026123047

1499534718653 MAGNETIC_FIELD 3.2989502 9.695435 -48.869324

1499534718653 GRAVITY 1.5460653 0.43997625 9.674011

1499534718654 LINEAR_ACCELERATION 0.5838207 -0.23197886 -0.74562263

1499534718654 ROTATION_VECTOR 0.05359369 -0.062373288 0.41779983

1499534718852 ACCELEROMETER 1.995758 0.13439941 9.295181

1499534718853 GYROSCOPE 0.1111145 0.11859131 0.061462402

1499534718854 MAGNETIC_FIELD 5.230713 8.265686 -50.001526

1499534718855 LINEAR_ACCELERATION 0.046955228 -0.72038627 -0.20703125

1499534718855 GRAVITY 1.3237746 0.625801 9.69672

1499534718856 ROTATION_VECTOR 0.05834463 -0.046912428 0.43552512

1499534719053 ACCELEROMETER 1.408432 0.0018463135 9.376709

1499534719054 GYROSCOPE 0.013916016 0.006439209 0.0069885254

1499534719061 MAGNETIC_FIELD 6.907654 8.406067 -50.13275

1499534719061 GRAVITY 1.2325277 0.68426555 9.704795

1499534719062 LINEAR_ACCELERATION 0.19475424 -0.5850013 -0.5455618

1499534719063 ROTATION_VECTOR 0.059712984 -0.040342707 0.45155028

1499534719254 ACCELEROMETER 1.3853912 0.065322876 9.281921

1499534719256 GYROSCOPE -0.07260132 0.017120361 0.011260986

1499534719257 MAGNETIC_FIELD 6.4697266 7.839966 -48.399353

1499534719258 GRAVITY 1.2157532 0.5734984 9.714085

1499534719258 LINEAR_ACCELERATION 0.03592992 -0.5743306 -0.121170044

1499534719259 ROTATION_VECTOR 0.054610796 -0.041679885 0.45902282

1499534719455 ACCELEROMETER 1.262146 -0.010284424 9.637894

1499534719456 GYROSCOPE 0.032073975 0.032073975 0.0069885254

1499534719456 MAGNETIC_FIELD 6.867981 8.937073 -49.16382

1499534719457 LINEAR_ACCELERATION 0.17655766 -0.44429907 -0.04356575

1499534719458 GRAVITY 1.1839204 0.4949158 9.722334

1499534719458 ROTATION_VECTOR 0.050321124 -0.042032283 0.45986155

1499534719655 ACCELEROMETER 1.3244171 0.044387817 9.635666

1499534719656 GYROSCOPE 0.011779785 0.076934814 -0.12332153

1499534719657 MAGNETIC_FIELD 7.2143555 7.5698853 -48.898315

1499534719658 LINEAR_ACCELERATION 0.124436736 -0.27367517 0.05237007

1499534719658 GRAVITY 1.1306939 0.41369107 9.73246

1499534719659 ROTATION_VECTOR 0.045811985 -0.04103542 0.46937978

1499534719864 GRAVITY 1.0537076 0.40144938 9.741608

1499534719867 LINEAR_ACCELERATION -0.16486943 -0.2382577 -0.17171574

1499534719869 ROTATION_VECTOR 0.04383573 -0.03734511 0.47965592

1499534719872 ACCELEROMETER 1.1407776 0.1510315 9.843582

1499534719874 GYROSCOPE 0.09509277 -0.07046509 0.14263916

1499534719876 MAGNETIC_FIELD 7.3654175 7.2875977 -48.616028

1499534720066 ACCELEROMETER 1.0557098 0.22175598 9.45845

1499534720069 GYROSCOPE -0.020263672 0.018188477 -0.03466797

1499534720071 MAGNETIC_FIELD 9.228516 6.8344116 -49.03412

1499534720073 GRAVITY 1.2932689 0.46151567 9.710038

1499534720076 LINEAR_ACCELERATION 0.34692276 -0.0100982785 -0.1863451

1499534720078 ROTATION_VECTOR 0.05359859 -0.045310255 0.50103635

1499534720267 ACCELEROMETER 1.5642395 0.44178772 9.382675

1499534720270 GYROSCOPE -0.048034668 0.032073975 0.027282715

1499534720274 MAGNETIC_FIELD 7.03125 6.541443 -50.047302

1499534720861 ACCELEROMETER 1.339508 0.2637787 9.879562

1499534720862 GYROSCOPE -0.025604248 0.0043029785 -0.009033203

1499534720863 MAGNETIC_FIELD 8.512878 7.192993 -49.276733

1499534720863 GRAVITY 1.2475799 0.23457399 9.72414

1499534720864 LINEAR_ACCELERATION 0.07680106 0.024059772 0.034194946

1499534720864 ROTATION_VECTOR 0.04254572 -0.04895598 0.50412697

1499534721063 ACCELEROMETER 1.3076324 0.24243164 9.675018

1499534721064 GYROSCOPE -0.0053100586 0.006439209 -4.8828125E-4

1499534721064 MAGNETIC_FIELD 7.675171 6.9259644 -49.48883

1499534721064 GRAVITY 1.2652874 0.22548644 9.722067

1499534721065 LINEAR_ACCELERATION 0.06781685 0.041584298 0.07937908

1499534721065 ROTATION_VECTOR 0.04248516 -0.050075356 0.5020471

1499534721263 ACCELEROMETER 1.3230438 0.25604248 9.727692

1499534721264 GYROSCOPE -0.006378174 -0.007446289 -0.012237549

1499534721264 MAGNETIC_FIELD 8.984375 6.9763184 -49.320984

1499534721265 GRAVITY 1.2909257 0.2152337 9.718928

1499534721265 LINEAR_ACCELERATION 0.04633665 -0.0014708638 -0.032068253

1499534721265 ROTATION_VECTOR 0.042808056 -0.051381193 0.50390166

1499534721465 ACCELEROMETER 1.3141174 0.21853638 9.632584

1499534721466 GYROSCOPE -0.015991211 -0.006378174 0.0037841797

1499534721466 MAGNETIC_FIELD 8.834839 6.9503784 -48.843384

1499534721467 GRAVITY 1.31031 0.22664283 9.716075

1499534721467 LINEAR_ACCELERATION -1.8501282E-4 0.062017888 -0.09348488

1499534721467 ROTATION_VECTOR 0.04358313 -0.052139934 0.50002813

1499534721667 ACCELEROMETER 1.3278351 0.28225708 9.563049

1499534721668 LINEAR_ACCELERATION 0.04340446 0.034866273 -0.019592285

1499534721669 GYROSCOPE -0.0362854 0.018188477 0.035827637

1499534721670 GRAVITY 1.3224548 0.18810669 9.715252

1499534721671 MAGNETIC_FIELD 6.587219 5.9387207 -49.861145

1499534721675 ROTATION_VECTOR 0.04243945 -0.053468823 0.50401765

1499534721869 ACCELEROMETER 1.3426666 0.22706604 9.5776825

1499534721871 GRAVITY 1.3818299 0.19509245 9.706847

1499534721872 LINEAR_ACCELERATION 0.07202852 0.04264261 -0.052687645

1499534721873 GYROSCOPE 0.03100586 -0.037353516 0.037963867

1499534721875 MAGNETIC_FIELD 8.192444 6.2820435 -50.44403

1499534721875 ROTATION_VECTOR 0.04432542 -0.055891126 0.5044539

1499534722073 ACCELEROMETER 1.45047 0.24230957 9.558884

1499534722074 GRAVITY 1.4388541 0.2445974 9.697435

1499534722074 LINEAR_ACCELERATION -0.009425759 0.0274373 -0.030500412

1499534722075 ROTATION_VECTOR 0.048350945 -0.05683816 0.5097078

1499534722076 GYROSCOPE 0.013916016 -0.022399902 0.02407837

1499534722077 MAGNETIC_FIELD 7.1273804 6.890869 -50.14496

1499534722287 GRAVITY 1.4785734 0.2618764 9.691008

1499534722294 LINEAR_ACCELERATION 0.032163262 -0.0065104663 0.013411522

1499534722297 ROTATION_VECTOR 0.05055801 -0.057792876 0.5155468

1499534722305 ACCELEROMETER 1.4034576 0.26261902 9.537186

1499534722308 GYROSCOPE 0.013916016 -0.002105713 0.018737793

1499534722326 MAGNETIC_FIELD 7.1151733 6.0531616 -49.50714

1499534722474 ACCELEROMETER 1.505722 0.23838806 9.579254

1499534722475 GRAVITY 1.491786 0.2853115 9.688321

1499534722475 LINEAR_ACCELERATION 0.006279111 0.01063627 0.011177063

1499534722475 ROTATION_VECTOR 0.052198764 -0.05751877 0.51938593

1499534722475 GYROSCOPE 0.008575439 -0.008514404 0.00592041

1499534722476 MAGNETIC_FIELD 7.4554443 6.0531616 -50.335693

1499534722675 ACCELEROMETER 1.4658356 0.30187988 9.557373

1499534722676 GRAVITY 1.4894496 0.29271418 9.688459

1499534722677 LINEAR_ACCELERATION -0.057364583 0.016317308 0.01498127

1499534722678 ROTATION_VECTOR 0.05233512 -0.05733312 0.51753885

1499534722678 GYROSCOPE -0.008514404 -0.019195557 -4.8828125E-4

1499534722679 MAGNETIC_FIELD 8.111572 5.706787 -50.187683

1499534722879 ACCELEROMETER 1.4176941 0.28492737 9.600693

1499534722882 GYROSCOPE 0.01071167 0.026733398 0.047576904

1499534722884 MAGNETIC_FIELD 6.781006 6.8969727 -49.804688

1499534722886 GRAVITY 1.5395038 0.28461584 9.680873

1499534722888 LINEAR_ACCELERATION 0.10533202 -0.0073147416 -0.0510149

1499534722891 ROTATION_VECTOR 0.053655706 -0.059446592 0.5222245

1499534723080 GRAVITY 1.4834741 0.29388973 9.689341

1499534723085 LINEAR_ACCELERATION -0.09725618 0.055755705 0.119729996

1499534723088 ROTATION_VECTOR 0.05254455 -0.056746762 0.52230334

1499534723090 ACCELEROMETER 1.5762787 0.31654358 9.562744

1499534723092 GYROSCOPE -0.014923096 -0.025604248 0.037963867

1499534723094 MAGNETIC_FIELD 7.121277 5.392456 -49.830627

1499534723280 GRAVITY 1.537699 0.3010624 9.680662

1499534723287 LINEAR_ACCELERATION 0.010746121 0.033128798 -0.078642845

1499534723289 ROTATION_VECTOR 0.05463941 -0.058635376 0.52676725

1499534723292 ACCELEROMETER 1.4695129 0.3454895 9.6540985

1499534723294 GYROSCOPE 0.011779785 -0.017059326 0.013397217

1499534723296 MAGNETIC_FIELD 7.196045 5.128479 -49.760437

1499534723479 ACCELEROMETER 1.5251923 0.33354187 9.508331

1499534723483 GYROSCOPE -0.012786865 0.006439209 -0.009033203

1499534723485 MAGNETIC_FIELD 7.533264 4.7943115 -49.4339

1499534723487 GRAVITY 1.552115 0.30732542 9.6781645

1499534723490 LINEAR_ACCELERATION 0.009799242 0.01603347 0.010525703

1499534723492 ROTATION_VECTOR 0.055444885 -0.058964275 0.52874285

1499534723682 ACCELEROMETER 1.5422668 0.3278656 9.57988

1499534723685 GYROSCOPE 0.0128479 0.0043029785 0.009124756

1499534723687 MAGNETIC_FIELD 7.6049805 5.5633545 -49.55139

1499534723689 GRAVITY 1.545983 0.32867578 9.678445

1499534723693 LINEAR_ACCELERATION 0.002310276 0.040810615 -0.041690826

1499534723695 ROTATION_VECTOR 0.056048393 -0.05826856 0.52648705

1499534723886 ACCELEROMETER 1.4845734 0.39842224 9.514114

1499534723889 GYROSCOPE -0.01171875 0.011779785 0.004852295

1499534723892 MAGNETIC_FIELD 5.9906006 6.0058594 -49.650574

1499534723894 GRAVITY 1.5120416 0.36706746 9.682426

1499534723899 LINEAR_ACCELERATION -0.036807775 0.077905655 0.0031166077

1499534723901 ROTATION_VECTOR 0.056312494 -0.056236614 0.5192577

1499534724087 GRAVITY 1.4994015 0.36015245 9.684651

1499534724090 LINEAR_ACCELERATION 0.0022461414 0.008320183 -0.053196907

1499534724093 ROTATION_VECTOR 0.05575944 -0.055777147 0.5206406

1499534724095 ACCELEROMETER 1.4793396 0.40464783 9.537155

1499534724097 GYROSCOPE -0.0010375977 0.006439209 -0.0068969727

1499534724099 MAGNETIC_FIELD 6.277466 5.041504 -50.004578

1499534724288 ACCELEROMETER 1.4768219 0.37849426 9.4758

1499534724291 GYROSCOPE -0.007446289 0.0128479 0.0069885254

1499534724293 MAGNETIC_FIELD 7.0220947 5.2948 -49.438477

1499534724295 GRAVITY 1.4871517 0.3732598 9.686044

1499534724297 LINEAR_ACCELERATION 0.00904119 0.041119695 -0.028036118

1499534724299 ROTATION_VECTOR 0.05587033 -0.05502472 0.5186222

1499534724487 ACCELEROMETER 1.4852142 0.40779114 9.513077

1499534724490 GYROSCOPE 0.019256592 -0.026672363 0.037963867

1499534724494 MAGNETIC_FIELD 6.352234 5.975342 -50.253296

1499534724496 GRAVITY 1.5223964 0.40036562 9.679483

1499534724499 LINEAR_ACCELERATION 0.037379146 0.04332897 -0.021800995

1499534724501 ROTATION_VECTOR 0.0580566 -0.05579533 0.5193713

1499534724689 ACCELEROMETER 1.5400238 0.42156982 9.506119

1499534724712 GYROSCOPE -0.015991211 0.01071167 -0.025054932

1499534724715 MAGNETIC_FIELD 6.866455 5.241394 -50.349426

1499534724731 GRAVITY 1.5235381 0.41192785 9.678819

1499534724733 LINEAR_ACCELERATION -0.018040895 0.023344457 0.07363415

1499534724735 ROTATION_VECTOR 0.058422163 -0.055717442 0.51675

1499534724886 GRAVITY 1.5234845 0.4286693 9.678101

1499534724887 LINEAR_ACCELERATION 0.03222716 -0.08711955 -0.003955841

1499534724887 ROTATION_VECTOR 0.059691567 -0.054691277 0.5250468

1499534724887 ACCELEROMETER 1.4238892 0.4203186 9.610596

1499534724888 GYROSCOPE 0.09082031 0.009643555 0.10525513

1499534724888 MAGNETIC_FIELD 6.877136 6.1584473 -50.4364

1499534725087 ACCELEROMETER 1.571991 0.36094666 9.555283

1499534725089 GYROSCOPE -0.019195557 0.011779785 0.00592041

1499534725093 MAGNETIC_FIELD 6.515503 5.1101685 -50.398254

1499534725095 GRAVITY 1.5011716 0.46989852 9.679673

1499534725097 LINEAR_ACCELERATION -0.004458308 -0.01948896 0.0536623

1499534725099 ROTATION_VECTOR 0.061666355 -0.051684633 0.5377752

1499534725294 GRAVITY 1.4818112 0.44016954 9.684052

1499534725299 LINEAR_ACCELERATION -0.006829858 -0.008693457 0.034438133

1499534725301 ROTATION_VECTOR 0.060033318 -0.05144647 0.54089856

1499534725303 ACCELEROMETER 1.4550934 0.44325256 9.599152

1499534725305 GYROSCOPE -0.0053100586 0.002166748 -0.0015563965

1499534725308 MAGNETIC_FIELD 7.847595 4.521179 -49.90692

1499534725492 ACCELEROMETER 1.4640961 0.4302826 9.593674

1499534725495 GYROSCOPE -0.002105713 -0.007446289 0.014465332

1499534725497 MAGNETIC_FIELD 7.2036743 5.255127 -49.806213

1499534725499 GRAVITY 1.4847118 0.43614164 9.68379

1499534725502 LINEAR_ACCELERATION -0.014649987 0.007348746 -0.059256554

1499534725504 ROTATION_VECTOR 0.059717964 -0.05194096 0.5372826

1499534725703 ACCELEROMETER 1.4530792 0.41481018 9.480194

1499534725709 GYROSCOPE -0.0138549805 -0.0138549805 0.010192871

1499534725723 MAGNETIC_FIELD 7.911682 4.888916 -49.80316

1499534725725 GRAVITY 1.5210992 0.41376555 9.679124

1499534725728 LINEAR_ACCELERATION 0.028204799 -0.0062182844 -0.0068950653

1499534725730 ROTATION_VECTOR 0.059938326 -0.053939026 0.5399211

1499534725892 GRAVITY 1.5527005 0.426289 9.673561

1499534725895 LINEAR_ACCELERATION 0.014014006 0.027395427 -0.038095474

1499534725897 ROTATION_VECTOR 0.061078534 -0.055272613 0.53554076

1499534725899 ACCELEROMETER 1.5545807 0.42834473 9.571793

1499534725902 GYROSCOPE 0.016052246 -0.007446289 0.017669678

1499534725904 MAGNETIC_FIELD 7.194519 5.130005 -50.334167

1499534726092 ACCELEROMETER 1.5170746 0.44308472 9.493439

1499534726095 GRAVITY 1.5475585 0.42943007 9.674246

1499534726097 LINEAR_ACCELERATION -0.019167542 -0.030821592 0.021819115

1499534726100 ROTATION_VECTOR 0.061090007 -0.054943006 0.5358313

1499534726102 GYROSCOPE 0.01071167 0.0032348633 0.0262146

1499534726104 MAGNETIC_FIELD 6.515503 5.5526733 -49.7406

1499534726296 GRAVITY 1.5114926 0.41508186 9.6805725

1499534726299 LINEAR_ACCELERATION -0.0045354366 -0.01719302 0.026159286

1499534726301 ROTATION_VECTOR 0.059606828 -0.053620856 0.53806716

1499534726303 ACCELEROMETER 1.538681 0.3812256 9.565277

1499534726306 GYROSCOPE -0.010650635 0.03100586 0.0069885254

1499534726308 MAGNETIC_FIELD 6.70166 5.696106 -50.17395

1499534726498 ACCELEROMETER 1.4662018 0.4004364 9.68219

1499534726505 GYROSCOPE -0.002105713 0.036346436 -0.0058288574

1499534726505 MAGNETIC_FIELD 8.155823 4.4265747 -50.756836

1499534726506 GRAVITY 1.445807 0.4116573 9.690746

1499534726507 LINEAR_ACCELERATION 0.028347969 0.026209682 0.18821621

1499534726507 ROTATION_VECTOR 0.05765179 -0.050849907 0.53855616

1499534726689 ACCELEROMETER 1.433075 0.43067932 9.742859

1499534726691 GRAVITY 1.3903055 0.411767 9.69886

1499534726692 LINEAR_ACCELERATION -0.009812474 -0.014338821 -0.056609154

1499534726693 GYROSCOPE 0.008575439 0.020324707 0.0069885254

1499534726694 ROTATION_VECTOR 0.05611968 -0.04843912 0.5388051

1499534726694 MAGNETIC_FIELD 7.209778 4.9484253 -49.319458

1499534726894 ACCELEROMETER 1.3683167 0.40750122 9.549072

1499534726902 GYROSCOPE -0.037353516 0.03955078 0.00592041

1499534726906 MAGNETIC_FIELD 7.9956055 5.39093 -49.804688

1499534726908 GRAVITY 1.3071218 0.40351692 9.710767

1499534726911 LINEAR_ACCELERATION -0.058666468 0.040370196 -0.056620598

1499534726914 ROTATION_VECTOR 0.053301927 -0.045250297 0.53620267

1499534727101 GRAVITY 1.281214 0.33332697 9.716881

1499534727107 LINEAR_ACCELERATION 0.21269333 0.038986623 -0.12789345

1499534727111 ROTATION_VECTOR 0.049717993 -0.045881238 0.53922516

1499534727115 ACCELEROMETER 1.3513794 0.43855286 9.524475

1499534727117 GYROSCOPE -0.06619263 0.10043335 -0.07846069

1499534727125 MAGNETIC_FIELD 9.80072 5.393982 -50.73242

1499534727291 ACCELEROMETER 1.2075195 0.2710266 9.627029

1499534727292 GYROSCOPE -0.028808594 -0.1270752 0.06893921

1499534727292 MAGNETIC_FIELD 9.220886 4.0390015 -50.41809

1499534727293 GRAVITY 1.2475063 0.28377575 9.722838

1499534727293 LINEAR_ACCELERATION -0.11231887 0.083716035 0.05009365

1499534727294 ROTATION_VECTOR 0.046206795 -0.046240047 0.53120786

1499534727503 GRAVITY 1.388281 -0.06070752 9.707697

1499534727507 LINEAR_ACCELERATION -0.034914613 0.40139508 -0.3423233

1499534727510 ROTATION_VECTOR 0.034212023 -0.06224751 0.5181715

1499534727515 ACCELEROMETER 1.19133 0.40844727 9.264557

1499534727518 GYROSCOPE -0.4848938 3.0517578E-5 0.2846985

1499534727523 MAGNETIC_FIELD 8.070374 4.7348022 -49.250793

1499534727692 ACCELEROMETER 1.1575623 0.3062744 9.384491

1499534727694 GYROSCOPE -0.05444336 -0.60131836 0.6275635

1499534727694 MAGNETIC_FIELD 7.5653076 7.1228027 -49.980164

1499534727695 GRAVITY 1.905005 -0.6194064 9.599879

1499534727695 LINEAR_ACCELERATION -1.148704 1.7675481 -0.49945354

1499534727695 ROTATION_VECTOR 0.025226586 -0.09952893 0.53056574

1499534727893 ACCELEROMETER 0.67141724 1.7621918 8.065445

1499534727895 GYROSCOPE 0.78189087 -1.5743713 1.3143616

1499534727895 MAGNETIC_FIELD 5.1651 9.545898 -49.13025

1499534727895 GRAVITY 3.6963673 -0.18200955 9.081527

1499534727896 LINEAR_ACCELERATION -2.643384 1.7135434 -1.0629234

1499534727896 ROTATION_VECTOR 0.10503 -0.16105807 0.5758242

1499534728106 GRAVITY 4.5865765 0.22477965 8.665055

1499534728124 LINEAR_ACCELERATION -3.1507988 -0.63621074 -0.39580345

1499534728127 ACCELEROMETER 1.0001221 0.80659485 7.7634583

1499534728131 ROTATION_VECTOR 0.18237355 -0.15793999 0.70162225

1499534728133 GYROSCOPE 1.0948486 0.10470581 2.2649841

1499534728137 MAGNETIC_FIELD -7.4676514 3.7963867 -50.953674

1499534728308 ACCELEROMETER 0.8229065 -1.0765076 8.723038

1499534728313 GYROSCOPE 2.0978088 2.3189087 3.3875732

1499534728316 MAGNETIC_FIELD -14.001465 -4.9575806 -49.412537

1499534728320 GRAVITY 1.6559248 0.4746166 9.654172

1499534728322 LINEAR_ACCELERATION -0.8025888 -1.6380239 1.894021

1499534728325 ROTATION_VECTOR 0.08765361 -0.0095425695 0.92222285

1499534728503 GRAVITY -3.269648 1.8405932 9.060464

1499534728508 LINEAR_ACCELERATION 0.21060371 -9.304393 2.8336868

1499534728511 ROTATION_VECTOR 0.17258637 -0.09087826 -0.9804074

1499534728513 ACCELEROMETER -0.36683655 -2.7334137 12.906326

1499534728516 GYROSCOPE 0.86413574 2.934143 2.2681885

1499534728518 MAGNETIC_FIELD -0.25634766 -13.008118 -49.723816

1499534728709 ACCELEROMETER -2.2618103 -9.285873 -0.10241699

1499534728715 LINEAR_ACCELERATION 9.661682 -4.8330064 -3.431204

1499534728718 ROTATION_VECTOR 0.44730362 0.29651433 -0.8310507

1499534728721 GRAVITY -8.1407175 -3.551082 4.1579947

1499534728724 GYROSCOPE -7.3667603 5.6364746 1.8238525

1499534728726 MAGNETIC_FIELD 2.998352 -26.725769 -49.95575

1499534728902 ACCELEROMETER 4.0843964 -3.1463318 8.617615

1499534728905 GYROSCOPE 1.3170166 1.636383 0.80059814

1499534728906 MAGNETIC_FIELD 5.2200317 -28.193665 -47.717285

1499534728908 GRAVITY -8.446367 -3.2675738 -3.7619443

1499534728910 LINEAR_ACCELERATION 9.982965 7.811284 7.390689

1499534728921 ROTATION_VECTOR 0.6630193 0.5022063 -0.53366625

1499534729107 ACCELEROMETER -0.76582336 5.7430573 2.9875946

1499534729111 GYROSCOPE -0.5126648 -5.0809937 1.35495

1499534729113 MAGNETIC_FIELD 29.63562 -26.004028 -41.56952

1499534729116 GRAVITY -9.694814 -1.4650204 -0.18629836

1499534729118 LINEAR_ACCELERATION 0.08856583 3.466136 3.2122097

1499534729121 ROTATION_VECTOR 0.6496762 0.29566768 -0.6736399

1499534729307 ACCELEROMETER -7.8018646 1.8465271 2.3565826

1499534729312 GYROSCOPE 1.2401123 -3.2694702 1.5322571

1499534729315 MAGNETIC_FIELD 34.45587 -25.99945 -36.262512

1499534729318 GRAVITY -6.647269 1.5685716 7.037314

1499534729321 LINEAR_ACCELERATION 3.4408698 2.8334718 -2.629744

1499534729323 ROTATION_VECTOR 0.37312943 0.04439917 -0.87047875

1499534729510 GRAVITY -4.750989 1.130845 8.504098

1499534729514 LINEAR_ACCELERATION -7.0877876 3.3437607 1.4897442

1499534729517 ROTATION_VECTOR 0.25696376 0.019527059 -0.92030853

1499534729520 ACCELEROMETER -0.52360535 4.070053 6.6805573

1499534729522 GYROSCOPE -1.4611511 0.39309692 -2.2168274

1499534729525 MAGNETIC_FIELD 13.162231 -29.386902 -44.67163

1499534729702 ACCELEROMETER -10.419815 3.409546 6.8479156

1499534729705 GRAVITY -8.114977 -1.184501 5.3772197

1499534729705 LINEAR_ACCELERATION 1.2224889 0.58494896 -0.9438205

1499534729706 GYROSCOPE 1.3212891 4.323761 -2.3503418

1499534729707 MAGNETIC_FIELD 6.373596 -30.212402 -45.47119

1499534729707 ROTATION_VECTOR 0.46139202 0.11382224 -0.8757352

1499534729903 ACCELEROMETER -6.4210663 1.0743561 3.3785095

1499534729905 GRAVITY -9.1388235 -2.5202057 2.5101492

1499534729906 LINEAR_ACCELERATION 1.2177811 5.3376465 1.8797698

1499534729907 GYROSCOPE 0.33007813 -0.053375244 -0.95217896

1499534729908 MAGNETIC_FIELD 33.070374 -37.48932 -27.2995

1499534729908 ROTATION_VECTOR -0.60993165 0.0011900952 0.76352465

1499534730114 ACCELEROMETER -7.499634 3.27182 2.0719147

1499534730118 GYROSCOPE 0.0010986328 0.33221436 0.38510132

1499534730125 MAGNETIC_FIELD 41.874695 -37.869263 -16.964722

1499534730127 GRAVITY -9.165195 -2.6076787 2.3172371

1499534730130 LINEAR_ACCELERATION -0.63094616 5.6907005 -0.9160094

1499534730132 ROTATION_VECTOR -0.6051834 0.12492734 0.6970979

1499534730247 ACCELEROMETER -8.876678 2.8012085 1.884018

1499534730255 MAGNETIC_FIELD 45.40863 -36.315918 -11.62262

1499534730310 GYROSCOPE 0.19122314 0.5244751 -0.11798096

1499534730317 GRAVITY -9.469814 -2.0273972 1.543592

1499534730321 LINEAR_ACCELERATION -1.6000566 4.3426547 -0.17212415

1499534730323 ROTATION_VECTOR -0.633096 0.14313693 0.6904351

1499534730513 ACCELEROMETER -8.980103 2.9826202 1.1431274

1499534730521 GRAVITY -9.536708 -1.9301178 1.2232031

1499534730523 LINEAR_ACCELERATION -1.5344338 4.627789 0.86505306

1499534730526 ROTATION_VECTOR -0.6459969 0.14255515 0.68568444

1499534730530 GYROSCOPE 0.013916016 -0.084350586 -0.13613892

1499534730535 MAGNETIC_FIELD 44.69452 -38.124084 -8.848572

1499534730706 ACCELEROMETER -9.534012 2.9183655 1.6042786

1499534730709 GRAVITY -9.550681 -1.7557251 1.3683258

1499534730709 LINEAR_ACCELERATION -1.0707884 4.5497303 -0.6267054

1499534730710 GYROSCOPE 0.15704346 -0.07366943 -0.010101318

1499534730722 MAGNETIC_FIELD 45.388794 -37.713623 -8.833313

1499534730740 ROTATION_VECTOR -0.64228386 0.13306469 0.6992648

