1499534737780 ACCELEROMETER -0.9796753 -2.942871 11.707397

1499534737784 GYROSCOPE -0.64404297 -0.20397949 -0.12652588

1499534737784 MAGNETIC_FIELD 28.373718 9.75647 -31.962585

1499534737785 GRAVITY -0.97825813 -2.371314 9.465214

1499534737785 LINEAR_ACCELERATION 0.0 0.0 -0.0

1499534737786 ROTATION_VECTOR 0.0 0.0 0.0

1499534737988 ACCELEROMETER -0.66667175 -1.6876068 8.541077

1499534737989 GYROSCOPE 0.054504395 0.21899414 -0.57406616

1499534737990 MAGNETIC_FIELD 29.21753 10.26001 -34.42383

1499534737991 LINEAR_ACCELERATION -0.048152566 0.9931314 -1.5453691

1499534737993 GRAVITY -1.0015731 -2.570912 9.410507

1499534737995 ROTATION_VECTOR -0.13488817 -0.04475306 0.6314809

1499534738182 ACCELEROMETER 1.7536926 -2.8929749 5.5820923

1499534738183 GYROSCOPE -0.48062134 -1.6598206 -2.908966

1499534738183 MAGNETIC_FIELD 25.167847 16.98761 -36.064148

1499534738184 GRAVITY 1.5957533 -3.2612443 9.109789

1499534738185 LINEAR_ACCELERATION 0.27026808 0.6384504 -2.5991964

1499534738186 ROTATION_VECTOR -0.10598634 -0.1558748 0.48677912

1499534738382 ACCELEROMETER 3.043518 -3.9920654 9.209869

1499534738383 GYROSCOPE 2.4620361 4.7745056 -1.2939758

1499534738383 MAGNETIC_FIELD 6.436157 31.280518 -41.149902

1499534738384 GRAVITY 0.7058138 -1.4469173 9.673606

1499534738385 LINEAR_ACCELERATION 2.719717 -2.8259535 -0.23614979

1499534738385 ROTATION_VECTOR -0.055851135 -0.06053129 0.36200842

1499534738618 ACCELEROMETER 0.7544708 -1.8330688 8.541046

1499534738619 GYROSCOPE -0.21038818 -0.76260376 -0.4085083

1499534738620 GRAVITY -2.8917863 0.6842214 9.345576

1499534738621 LINEAR_ACCELERATION 3.0923839 -2.550717 -0.83235455

1499534738621 ROTATION_VECTOR -0.036587216 0.14889456 0.45042533

1499534738819 ACCELEROMETER 1.3581848 -2.062683 9.670212

1499534738821 GYROSCOPE 0.10043335 0.6590576 -0.12973022

1499534738821 MAGNETIC_FIELD 12.04071 23.76709 -44.232178

1499534738822 GRAVITY -2.0938125 -0.016870145 9.580503

1499534738823 LINEAR_ACCELERATION 3.333149 -2.0117025 0.97960186

1499534738823 ROTATION_VECTOR -0.056058213 0.09158458 0.51219183

1499534739020 ACCELEROMETER 0.20050049 -2.302719 9.000137

1499534739021 GYROSCOPE 0.13674927 0.15063477 0.11380005

1499534739022 LINEAR_ACCELERATION 2.434364 -2.1855667 0.3888607

1499534739023 GRAVITY -2.4358234 -0.19087403 9.497406

1499534739024 MAGNETIC_FIELD 13.900757 24.786377 -43.762207

1499534739024 ROTATION_VECTOR -0.07248179 0.10253516 0.5076296

1499534739221 ACCELEROMETER 0.48439026 -1.9025574 9.398041

1499534739222 GYROSCOPE 0.022460938 0.06304932 0.017669678

1499534739223 MAGNETIC_FIELD 17.211914 23.710632 -44.078064

1499534739224 GRAVITY -2.239836 -0.2619895 9.54384

1499534739224 LINEAR_ACCELERATION 2.5402157 -1.6243299 0.69492435

1499534739225 ROTATION_VECTOR -0.072206624 0.09047534 0.5251983

1499534739422 ACCELEROMETER 0.21896362 -1.8800049 9.027588

1499534739423 GYROSCOPE 0.036346436 0.09509277 0.056121826

1499534739424 MAGNETIC_FIELD 17.370605 22.26715 -42.807007

1499534739424 GRAVITY -2.106574 -0.40515456 9.569147

1499534739425 LINEAR_ACCELERATION 2.1132813 -1.5695845 0.32379913

1499534739426 ROTATION_VECTOR -0.07553003 0.08002802 0.5334081

1499534739623 ACCELEROMETER 0.38146973 -1.4550629 8.172363

1499534739624 GYROSCOPE -0.019195557 0.20083618 -0.029327393

1499534739625 MAGNETIC_FIELD 17.784119 21.653748 -42.337036

1499534739625 GRAVITY -2.1334922 -0.50687206 9.558331

1499534739626 LINEAR_ACCELERATION 2.2819376 -0.9733976 -0.3066616

1499534739627 ROTATION_VECTOR -0.08047233 0.078644715 0.5308649

1499534739824 ACCELEROMETER 0.885025 -1.9754944 8.727158

1499534739825 GYROSCOPE 0.043823242 0.2371521 0.043304443

1499534739825 MAGNETIC_FIELD 16.47644 23.309326 -43.49518

1499534739826 GRAVITY -2.2401295 -0.63902336 9.525957

1499534739827 LINEAR_ACCELERATION 2.9296718 -1.3935635 0.09657097

1499534739827 ROTATION_VECTOR -0.089294896 0.07961024 0.5313963

1499534740024 ACCELEROMETER 0.17633057 -2.1100159 9.452805

1499534740025 GYROSCOPE 0.047027588 0.044891357 0.16293335

1499534740034 MAGNETIC_FIELD 18.389893 23.628235 -44.02008

1499534740035 GRAVITY -2.2814972 -0.6549805 9.515049

1499534740035 LINEAR_ACCELERATION 2.2631445 -1.5003729 0.9395914

1499534740036 ROTATION_VECTOR -0.091032356 0.08112108 0.53002995

1499534740226 ACCELEROMETER -0.11665344 -2.0588226 9.010757

1499534740226 GYROSCOPE -0.022399902 0.09295654 0.117004395

1499534740227 MAGNETIC_FIELD 19.430542 21.806335 -43.988037

1499534740228 GRAVITY -2.2550826 -0.70250124 9.517956

1499534740228 LINEAR_ACCELERATION 1.8855462 -1.4657419 0.4110422

1499534740228 ROTATION_VECTOR -0.092746444 0.07821391 0.534148

1499534740428 GRAVITY -2.219989 -0.78136003 9.520059

1499534740429 LINEAR_ACCELERATION 2.0625222 -1.3354645 0.979022

1499534740429 ACCELEROMETER 0.025024414 -2.0550385 9.583405

1499534740430 GYROSCOPE 0.022460938 0.056640625 0.021942139

1499534740430 MAGNETIC_FIELD 20.188904 22.90039 -41.067505

1499534740431 ROTATION_VECTOR -0.09505278 0.07467985 0.53268903

1499534740628 ACCELEROMETER -0.27626038 -1.9001465 9.407654

1499534740629 GRAVITY -2.187427 -0.82271785 9.524111

1499534740629 LINEAR_ACCELERATION 1.719094 -1.1584659 0.78867245

1499534740630 GYROSCOPE 0.017120361 0.056640625 0.019805908

1499534740630 MAGNETIC_FIELD 23.312378 21.005249 -42.341614

1499534740631 ROTATION_VECTOR -0.09527325 0.07299663 0.5250512

1499534740834 ACCELEROMETER -0.36965942 -1.9459991 9.376144

1499534740834 GYROSCOPE -0.019195557 0.01071167 -0.007965088

1499534740835 MAGNETIC_FIELD 21.562195 21.315002 -42.521667

1499534740835 GRAVITY -1.611764 -1.2381715 9.593724

1499534740835 LINEAR_ACCELERATION 1.1063213 -0.79807496 0.4905548

1499534740836 ROTATION_VECTOR -0.098467335 0.03406475 0.54726946

1499534741034 GRAVITY -1.1611866 -1.517359 9.618713

1499534741035 LINEAR_ACCELERATION 0.8243396 -0.52230203 0.43455982

1499534741035 ROTATION_VECTOR -0.09770232 0.006028803 0.5549897

1499534741035 ACCELEROMETER -0.28208923 -1.9508514 9.508377

1499534741036 GYROSCOPE -0.0095825195 0.01071167 0.0016479492

1499534741036 MAGNETIC_FIELD 23.20404 21.144104 -42.29889

1499534741236 ACCELEROMETER -0.31958008 -1.9426575 9.457108

1499534741238 GYROSCOPE -0.01171875 0.007507324 -4.8828125E-4

1499534741240 MAGNETIC_FIELD 21.255493 21.284485 -42.04254

1499534741246 GRAVITY -0.8877908 -1.6875746 9.619475

1499534741248 LINEAR_ACCELERATION 0.5274159 -0.32502484 0.25264454

1499534741250 ROTATION_VECTOR -0.09714322 -0.010317571 0.5537847

1499534741439 ACCELEROMETER -0.3373108 -1.950592 9.469269

1499534741444 GYROSCOPE -0.0042419434 0.017120361 0.0069885254

1499534741446 MAGNETIC_FIELD 21.354675 21.258545 -41.86859

1499534741448 GRAVITY -0.71722645 -1.79744 9.613802

1499534741450 LINEAR_ACCELERATION 0.36040896 -0.21590734 0.18191147

1499534741453 ROTATION_VECTOR -0.09704881 -0.020348536 0.5505942

1499534741640 GRAVITY -0.6210245 -1.8644882 9.607726

1499534741642 LINEAR_ACCELERATION 0.22435248 -0.14365053 0.13279343

1499534741642 ROTATION_VECTOR -0.09727233 -0.026084509 0.5481626

1499534741643 ACCELEROMETER -0.37879944 -1.9568787 9.486252

1499534741646 GYROSCOPE -0.0031738281 0.006439209 0.0016479492

1499534741648 MAGNETIC_FIELD 22.702026 21.534729 -41.870117

1499534741843 ACCELEROMETER -0.35365295 -1.9545135 9.480774

1499534741847 GYROSCOPE -0.0053100586 0.021392822 0.0037841797

1499534741849 GRAVITY -0.5524174 -1.9070206 9.603567

1499534741851 LINEAR_ACCELERATION 0.18177849 -0.08675146 0.09466267

1499534741853 ROTATION_VECTOR -0.09725349 -0.029935421 0.54564774

1499534741856 MAGNETIC_FIELD 22.251892 21.453857 -42.29889

1499534742045 ACCELEROMETER -0.3598175 -1.9476929 9.474808

1499534742048 GYROSCOPE -0.0053100586 0.009643555 -0.003692627

1499534742050 MAGNETIC_FIELD 22.575378 21.250916 -41.801453

1499534742053 GRAVITY -0.5069553 -1.9367925 9.600116

1499534742055 LINEAR_ACCELERATION 0.14463809 -0.04879248 0.05289173

1499534742059 ROTATION_VECTOR -0.09749027 -0.032030925 0.5396697

1499534742247 ACCELEROMETER -0.38412476 -1.9705963 9.505081

1499534742250 GYROSCOPE 0.0010986328 0.0010986328 -0.0058288574

1499534742252 MAGNETIC_FIELD 21.647644 20.709229 -41.218567

1499534742254 GRAVITY -0.47365588 -1.9585443 9.597403

1499534742257 LINEAR_ACCELERATION 0.07896501 -0.04622519 0.05837345

1499534742259 ROTATION_VECTOR -0.0975976 -0.03381349 0.5374162

1499534742445 GRAVITY -0.43863264 -1.9655385 9.597637

1499534742448 LINEAR_ACCELERATION 0.0709354 -0.013220787 0.012169838

1499534742450 ROTATION_VECTOR -0.09713925 -0.034937695 0.53240734

1499534742453 ACCELEROMETER -0.36720276 -1.9467468 9.462982

1499534742455 GYROSCOPE -0.002105713 0.002166748 -0.003692627

1499534742457 MAGNETIC_FIELD 21.617126 19.955444 -42.425537

1499534742806 ACCELEROMETER -0.40852356 -1.9341431 9.472

1499534742809 ACCELEROMETER -0.38323975 -1.9851685 9.47998

1499534742812 GYROSCOPE -0.0043640137 0.013763428 -0.003540039

1499534742815 GRAVITY -0.4454369 -1.9728192 9.59583

1499534742817 LINEAR_ACCELERATION 0.032577842 0.0054115057 0.010293007

1499534742820 ROTATION_VECTOR -0.097663246 -0.034795344 0.53195983

1499534742903 MAGNETIC_FIELD 22.636414 21.191406 -41.477966

1499534743014 ACCELEROMETER -0.4099884 -1.9656372 9.486694

1499534743018 GYROSCOPE -0.005722046 -0.003768921 -1.8310547E-4

1499534743021 MAGNETIC_FIELD 22.636414 21.5271 -41.477966

1499534743024 GRAVITY -0.43261352 -1.985719 9.593756

1499534743026 LINEAR_ACCELERATION 0.037592113 -0.015455723 0.04409504

1499534743029 ROTATION_VECTOR -0.0980734 -0.035159536 0.5272329

1499534743207 ACCELEROMETER -0.42518616 -1.9454193 9.447952

1499534743212 GYROSCOPE -0.006439209 -0.0010986328 2.746582E-4

1499534743215 GRAVITY -0.43131208 -1.9935968 9.59218

1499534743217 LINEAR_ACCELERATION -0.00900951 0.0049996376 -0.0035333633

1499534743220 ROTATION_VECTOR -0.098577425 -0.034891184 0.5225758

1499534743304 MAGNETIC_FIELD 23.480225 20.68634 -42.29889

1499534743410 ACCELEROMETER -0.3806305 -1.9286652 9.491379

1499534743411 GYROSCOPE -0.0066833496 0.0048217773 8.087158E-4

1499534743412 MAGNETIC_FIELD 22.131348 20.68634 -40.985107

1499534743413 GRAVITY -0.4270974 -1.9876035 9.593613

1499534743413 LINEAR_ACCELERATION 0.018657506 0.040498376 -0.005176544

1499534743414 ROTATION_VECTOR -0.09828783 -0.034660973 0.5204288

1499534743607 ACCELEROMETER -0.3675232 -1.9594727 9.479507

1499534743610 GYROSCOPE -0.0051727295 0.0048065186 -3.0517578E-4

1499534743614 GRAVITY -0.40971607 -1.9960461 9.592618

1499534743616 LINEAR_ACCELERATION 0.050602227 0.0050190687 0.017543793

1499534743618 ROTATION_VECTOR -0.09829244 -0.03537228 0.51803756

1499534743704 MAGNETIC_FIELD 21.961975 20.518494 -42.134094

1499534743813 ACCELEROMETER -0.40574646 -1.9208679 9.494858

1499534743828 GYROSCOPE -0.004928589 0.0058898926 9.918213E-4

1499534743840 MAGNETIC_FIELD 23.480225 21.02356 -40.985107

1499534743842 GRAVITY -0.41107506 -1.9840955 9.595038

1499534743844 LINEAR_ACCELERATION 0.014021933 0.041622877 0.017271996

1499534743850 ROTATION_VECTOR -0.09793476 -0.03461155 0.5147699

1499534744008 ACCELEROMETER -0.37065125 -1.9392853 9.432953

1499534744012 GYROSCOPE -0.0037841797 0.0014038086 0.0023040771

1499534744014 GRAVITY -0.41666776 -1.9851143 9.594587

1499534744019 LINEAR_ACCELERATION 0.006168723 0.015092492 -0.010260582

1499534744022 ROTATION_VECTOR -0.09820854 -0.034165807 0.5127872

1499534744107 MAGNETIC_FIELD 21.455383 21.02356 -43.28308

1499534744216 ACCELEROMETER -0.3617859 -1.935852 9.437347

1499534744223 GYROSCOPE -0.0025024414 0.012863159 0.0021820068

1499534744227 MAGNETIC_FIELD 21.287537 21.191406 -43.118286

1499534744229 GRAVITY -0.40406296 -1.9832994 9.595501

1499534744231 LINEAR_ACCELERATION 0.065695316 0.019699693 -0.024616241

1499534744233 ROTATION_VECTOR -0.097898126 -0.034373775 0.51021093

1499534744411 ACCELEROMETER -0.42071533 -1.9264832 9.462219

1499534744416 GYROSCOPE -0.005645752 7.171631E-4 7.6293945E-5

1499534744418 GRAVITY -0.41826496 -1.981481 9.595268

1499534744420 ROTATION_VECTOR -0.09832956 -0.0332982 0.5067019

1499534744432 LINEAR_ACCELERATION -0.004985541 0.021864295 -0.0038280487

1499534744510 MAGNETIC_FIELD 21.287537 21.5271 -41.477966

1499534744616 ACCELEROMETER -0.41256714 -1.9420471 9.509338

1499534744619 GYROSCOPE -0.008087158 0.0039520264 -1.8310547E-4

1499534744622 MAGNETIC_FIELD 21.455383 22.032166 -40.657043

1499534744624 GRAVITY -0.420045 -1.9794313 9.5956135

1499534744626 LINEAR_ACCELERATION -0.0011024773 0.021894455 0.04934311

1499534744634 ROTATION_VECTOR -0.098450966 -0.03266918 0.5023786

1499534744813 ACCELEROMETER -0.39326477 -1.9457397 9.48082

1499534744816 GYROSCOPE -0.0055999756 0.0013427734 1.0681152E-4

1499534744819 GRAVITY -0.41962844 -1.9894738 9.5935545

1499534744821 LINEAR_ACCELERATION 0.011611044 0.004587531 0.0030212402

1499534744823 ROTATION_VECTOR -0.099053256 -0.032454476 0.49805346

1499534744914 MAGNETIC_FIELD 21.792603 19.342041 -41.970825

1499534745020 ACCELEROMETER -0.41915894 -1.9205017 9.486786

1499534745024 GYROSCOPE -0.009994507 5.187988E-4 -8.239746E-4

1499534745027 MAGNETIC_FIELD 21.961975 19.509888 -42.134094

1499534745029 GRAVITY -0.414008 -1.9864539 9.594424

1499534745032 LINEAR_ACCELERATION 0.009609252 0.039576173 0.007484436

1499534745035 ROTATION_VECTOR -0.09869736 -0.032852978 0.5000457

1499534745216 ACCELEROMETER -0.43650818 -1.9089966 9.488342

1499534745219 GYROSCOPE -0.007843018 -0.01272583 -3.6621094E-4

1499534745221 GRAVITY -0.42017886 -1.9855261 9.594349

1499534745223 LINEAR_ACCELERATION -0.038004816 0.036776304 -9.889603E-4

1499534745226 ROTATION_VECTOR -0.098771766 -0.032688048 0.5011962

1499534745313 MAGNETIC_FIELD 25.0 21.864319 -42.134094

1499534745418 ACCELEROMETER -0.40953064 -1.9247589 9.468262

1499534745419 GYROSCOPE -0.008331299 0.008758545 -0.0033569336

1499534745419 MAGNETIC_FIELD 21.961975 21.191406 -41.80603

1499534745419 GRAVITY -0.40634808 -1.9761541 9.596879

1499534745420 LINEAR_ACCELERATION 0.022367239 0.047679186 0.022080421

1499534745420 ROTATION_VECTOR -0.098004915 -0.03302116 0.5009217

1499534745616 ACCELEROMETER -0.4515381 -1.950531 9.484711

1499534745619 GRAVITY -0.43260247 -1.981558 9.594617

1499534745621 LINEAR_ACCELERATION -0.03265342 0.006557584 -4.8828125E-4

1499534745625 ROTATION_VECTOR -0.099052854 -0.031610545 0.4975095

1499534745627 GYROSCOPE -0.0026855469 0.0016021729 -0.0019836426

1499534745809 ACCELEROMETER -0.4249115 -1.9101257 9.526001

1499534746020 ACCELEROMETER -0.41810608 -1.9099579 9.552826

1499534746026 GYROSCOPE 0.0043029785 -0.010650635 5.79834E-4

1499534746029 MAGNETIC_FIELD 21.295166 21.951294 -41.255188

1499534746031 GRAVITY -0.4129751 -1.9568998 9.60054

1499534746033 LINEAR_ACCELERATION -0.010622621 0.02476275 0.050317764

1499534746036 ROTATION_VECTOR -0.09764961 -0.031196319 0.49185

1499534746216 ACCELEROMETER -0.38713074 -1.9005585 9.499374

1499534746219 GYROSCOPE -0.0095825195 -0.015991211 0.0037841797

1499534746221 MAGNETIC_FIELD 22.381592 21.102905 -41.96167

1499534746223 GRAVITY -0.38933346 -1.9488037 9.603175

1499534746225 LINEAR_ACCELERATION -0.0019985437 0.026880264 -5.9604645E-4

1499534746228 ROTATION_VECTOR -0.09672383 -0.03191932 0.49078393

1499534746418 ACCELEROMETER -0.38220215 -1.88237 9.485336

1499534746427 GRAVITY -0.37613484 -1.9477977 9.603906

1499534746429 LINEAR_ACCELERATION -0.008339405 0.042725682 -0.014263153

1499534746432 ROTATION_VECTOR -0.09641586 -0.03226607 0.48885617

1499534746434 GYROSCOPE -0.0095825195 -0.0031738281 -4.8828125E-4

1499534746436 MAGNETIC_FIELD 20.907593 21.159363 -42.29889

1499534746617 ACCELEROMETER -0.4089508 -1.91893 9.462433

1499534746624 GYROSCOPE 3.0517578E-5 0.009643555 -4.8828125E-4

1499534746627 MAGNETIC_FIELD 22.317505 21.296692 -42.304993

1499534746629 GRAVITY -0.39248952 -1.9540548 9.601979

1499534746632 LINEAR_ACCELERATION -0.019792318 0.00844264 -0.011274338

1499534746634 ROTATION_VECTOR -0.09718768 -0.03146201 0.48675078

1499534746819 ACCELEROMETER -0.38215637 -1.9153595 9.468674

1499534746822 GYROSCOPE -0.01171875 0.0032348633 0.012329102

1499534746824 MAGNETIC_FIELD 22.131348 20.013428 -42.329407

1499534746826 GRAVITY -0.40043616 -1.9579482 9.600858

1499534746828 LINEAR_ACCELERATION 0.013919175 0.016673803 -0.01201725

1499534746830 ROTATION_VECTOR -0.09746765 -0.031504445 0.48939526

1499534747176 GRAVITY -0.4038403 -1.960956 9.600101

1499534747181 LINEAR_ACCELERATION 0.0069699585 0.037073493 0.027934074

1499534747183 ROTATION_VECTOR -0.09770817 -0.03137126 0.48887384

1499534747185 ACCELEROMETER -0.36709595 -1.9167938 9.505005

1499534747188 MAGNETIC_FIELD 21.792603 21.694946 -42.955017

1499534747367 ACCELEROMETER -0.40074158 -1.8896179 9.487259

1499534747369 GRAVITY -0.38325277 -1.9716994 9.598745

1499534747370 LINEAR_ACCELERATION 0.0346348 0.030485988 -0.034046173

1499534747374 ROTATION_VECTOR -0.09771553 -0.032432802 0.4877104

1499534747379 GYROSCOPE -0.0077667236 -0.0048065186 -0.002090454

1499534747388 MAGNETIC_FIELD 21.624756 19.845581 -41.80603

1499534747575 ACCELEROMETER -0.34272766 -1.9227753 9.426758

1499534747579 GYROSCOPE -0.017028809 -0.0046539307 0.008728027

1499534747581 MAGNETIC_FIELD 23.312378 20.1828 -41.80603

1499534747585 GRAVITY -0.38031292 -1.990591 9.594962

1499534747587 LINEAR_ACCELERATION 0.0013027191 0.022934198 -0.031018257

1499534747590 ROTATION_VECTOR -0.098433286 -0.033226162 0.48928183

1499534747768 ACCELEROMETER -0.37239075 -1.9316254 9.42337

1499534747769 GYROSCOPE -0.0093688965 3.0517578E-5 1.8310547E-4

1499534747770 MAGNETIC_FIELD 21.961975 20.854187 -43.118286

1499534747770 GRAVITY -0.37581787 -1.9899808 9.595265

1499534747770 LINEAR_ACCELERATION 0.012586236 0.033091784 0.019849777

1499534747771 ROTATION_VECTOR -0.09821295 -0.033642568 0.49132404

1499534747980 ACCELEROMETER -0.33944702 -1.9312134 9.440582

1499534747986 GYROSCOPE -0.0077209473 -0.0029144287 0.0019226074

1499534747990 MAGNETIC_FIELD 22.468567 22.705078 -42.29889

1499534747994 GRAVITY -0.10786587 -2.0140018 9.597007

1499534747996 LINEAR_ACCELERATION 0.033168226 -0.0051441193 -0.23742199

1499534747999 ROTATION_VECTOR -0.09229135 -0.046595283 0.49511853

1499534748256 ACCELEROMETER -0.05696106 -1.8979187 9.063873

1499534748265 ACCELEROMETER 0.37721252 -1.23143 9.403961

1499534748308 GRAVITY 0.23953028 -2.0115373 9.595141

1499534748309 LINEAR_ACCELERATION 0.4402992 0.7972971 0.18441677

1499534748309 ROTATION_VECTOR -0.08145833 -0.064408906 0.5203045

1499534748309 GYROSCOPE -0.0501709 -0.061920166 0.4887085

1499534748446 ACCELEROMETER 0.7093506 -1.6405792 9.787842

1499534748447 GYROSCOPE -0.34603882 0.67507935 0.18215942

1499534748447 MAGNETIC_FIELD 18.736267 18.87207 -43.850708

1499534748448 GRAVITY -0.44052312 -2.364361 9.507162

1499534748448 LINEAR_ACCELERATION 0.74645644 0.665833 0.41315842

1499534748449 ROTATION_VECTOR -0.11397084 -0.04775257 0.5446324

1499534748659 ACCELEROMETER -1.4288177 -0.916626 12.4758

1499534748669 GYROSCOPE -1.636322 0.8951111 2.283142

1499534748673 GRAVITY -2.3065464 -3.8301094 8.728144

1499534748675 LINEAR_ACCELERATION 0.9396341 2.528359 4.3807898

1499534748678 ROTATION_VECTOR -0.23227087 -0.032229982 0.6112044

1499534748680 MAGNETIC_FIELD 21.243286 20.90149 -44.026184

1499534748847 ACCELEROMETER 0.2427826 -2.940277 9.101196

1499534748850 GYROSCOPE 0.11645508 -0.4069214 1.6679077

1499534748850 MAGNETIC_FIELD 29.597473 20.336914 -41.55121

1499534748851 GRAVITY -3.8514616 -3.9249969 8.119792

1499534748851 LINEAR_ACCELERATION 3.6338527 0.9922304 -0.042910576

1499534748851 ROTATION_VECTOR -0.29110232 -0.035570376 0.7474151

1499534749060 ACCELEROMETER -1.6277313 -1.292099 6.491806

1499534749066 GYROSCOPE -0.043762207 0.2446289 1.9146423

1499534749069 MAGNETIC_FIELD 31.758118 11.515808 -41.497803

1499534749073 GRAVITY -4.7732625 -2.233337 8.270342

1499534749076 LINEAR_ACCELERATION 2.939293 1.1340604 -1.5090942

1499534749079 ROTATION_VECTOR -0.27976537 0.007826111 0.85784566

1499534749259 ACCELEROMETER -5.0370636 -1.0384521 7.755844

1499534749268 GYROSCOPE -0.62161255 1.9386597 4.738739

1499534749271 GRAVITY -6.8076425 0.5012242 7.040963

1499534749274 LINEAR_ACCELERATION -0.6115141 -2.672037 1.3235373

1499534749278 ROTATION_VECTOR -0.37166756 0.053609725 0.9245625

1499534749280 MAGNETIC_FIELD 30.375671 -2.2155762 -42.066956

1499534749459 ACCELEROMETER -5.7878876 0.16026306 -5.293228

1499534749469 GYROSCOPE 3.4831543 1.7517395 -0.1980896

1499534749479 GRAVITY -7.7445674 5.2896714 2.865561

1499534749483 ROTATION_VECTOR 0.56235254 -0.19405329 -0.775333

1499534749488 LINEAR_ACCELERATION 1.330687 -3.1889224 -8.634635

1499534749491 MAGNETIC_FIELD 38.124084 -21.115112 -29.508972

1499534749658 ACCELEROMETER 1.1325989 8.51178 7.942978

1499534749664 GYROSCOPE -0.71881104 -0.8266907 0.7407837

1499534749667 MAGNETIC_FIELD 0.8392334 -47.279358 -22.325134

1499534749669 GRAVITY -7.1621575 6.640291 0.8834128

1499534749671 ROTATION_VECTOR 0.59929276 -0.30952653 -0.7113534

1499534749674 LINEAR_ACCELERATION 9.503292 3.7857313 6.469722

1499534749858 ACCELEROMETER -0.54582214 8.973602 5.2839355

1499534749862 GYROSCOPE 2.6329346 0.26065063 0.7984619

1499534749866 MAGNETIC_FIELD -9.1293335 -50.056458 -10.968018

1499534749868 GRAVITY -5.818549 7.893528 0.08422516

1499534749871 LINEAR_ACCELERATION 5.6056743 2.0498528 5.8476176

1499534749873 ROTATION_VECTOR 0.53625727 -0.4562169 -0.6913296

1499534750060 ACCELEROMETER 4.308716 9.133179 2.6853638

1499534750071 GRAVITY -3.4110546 8.988792 -1.9330578

1499534750074 LINEAR_ACCELERATION 8.090107 1.2186775 4.041637

1499534750078 ROTATION_VECTOR 0.5338996 -0.5599194 -0.5838441

1499534750080 GYROSCOPE -1.0307007 1.7164917 1.1498718

1499534750083 MAGNETIC_FIELD -14.883423 -49.38202 -0.869751

1499534750264 ACCELEROMETER 4.774414 7.9370728 3.912445

1499534750272 GRAVITY -3.2691607 8.83236 -2.7335656

1499534750275 LINEAR_ACCELERATION 8.110346 -0.74863005 6.603903

1499534750278 ROTATION_VECTOR 0.6780184 -0.4238681 -0.4752954

1499534750281 GYROSCOPE 0.22113037 2.5645752 -2.4742432

1499534750284 MAGNETIC_FIELD -23.310852 -43.338013 -5.0201416

1499534750463 ACCELEROMETER 2.3433228 6.889023 5.6824036

1499534750465 GYROSCOPE -0.5628662 2.6147766 0.24197388

1499534750470 MAGNETIC_FIELD -24.029541 -35.775757 -19.558716

1499534750473 GRAVITY -3.106927 8.293827 -4.2106795

1499534750475 LINEAR_ACCELERATION 4.1372385 0.31455803 10.435786

1499534750478 ROTATION_VECTOR 0.81385046 -0.2287627 -0.3157443

1499534750669 ACCELEROMETER 0.38720703 2.8054657 7.5479584

1499534750678 GYROSCOPE -7.5622253 5.7358093 -0.40423584

1499534750681 GRAVITY -4.511814 8.705356 0.17520954

1499534750684 LINEAR_ACCELERATION 2.6278198 -5.8252363 7.7981224

1499534750687 ROTATION_VECTOR 0.65053165 0.26052898 -0.069260724

1499534750690 MAGNETIC_FIELD 2.3269653 -24.040222 -39.060974

1499534750859 GRAVITY -6.539519 6.5470324 3.246758

1499534750868 LINEAR_ACCELERATION 4.38536 -3.725213 0.47107887

1499534750870 ROTATION_VECTOR 0.36563703 0.44807473 0.08269489

1499534750876 ACCELEROMETER -1.3353271 0.57688904 4.0740356

1499534750879 GYROSCOPE 0.5650635 -0.9890442 0.48550415

1499534750881 MAGNETIC_FIELD 0.7827759 2.218628 -44.076538

1499534751069 ACCELEROMETER -0.17951965 1.6959076 10.093582

1499534751078 GYROSCOPE -0.44430542 0.81607056 -1.2256165

1499534751081 GRAVITY -6.7135434 5.9997444 3.8861027

1499534751084 LINEAR_ACCELERATION 5.011054 -2.569429 7.756379

1499534751086 ROTATION_VECTOR 0.25214317 0.48814723 0.20876184

1499534751089 MAGNETIC_FIELD 8.702087 6.8466187 -40.942383

1499534751270 ACCELEROMETER 3.2433014 1.3662109 10.624191

1499534751274 GYROSCOPE 0.018188477 -2.1767883 -1.0408325

1499534751279 MAGNETIC_FIELD 5.418396 11.239624 -41.970825

1499534751282 GRAVITY -6.81101 4.1886115 5.6776805

1499534751285 LINEAR_ACCELERATION 9.461458 -1.3792558 5.806769

1499534751288 ROTATION_VECTOR 0.2016092 0.41215602 0.08554175

1499534751470 ACCELEROMETER 5.212204 3.1909637 9.831055

1499534751485 GYROSCOPE 3.8901062 -0.52975464 -4.7482605

1499534751494 MAGNETIC_FIELD -21.998596 10.258484 -37.472534

1499534751497 GRAVITY -5.73739 2.0971324 7.6716866

1499534751499 LINEAR_ACCELERATION 8.677373 1.5730296 3.6372743

1499534751502 ROTATION_VECTOR 0.22399963 0.24223337 -0.36402395

1499534751667 ACCELEROMETER -4.3326263 2.5223236 5.5729218

1499534751670 GYROSCOPE 0.9175415 -3.184021 -2.714569

1499534751675 MAGNETIC_FIELD -13.897705 -22.813416 -38.591003

1499534751679 GRAVITY -2.652282 1.5037041 9.320658

1499534751682 LINEAR_ACCELERATION -4.2446012 0.79449177 0.03212738

1499534751685 ROTATION_VECTOR 0.15425439 0.031373523 -0.74476403

1499534751866 ACCELEROMETER -2.5908203 4.430969 7.3298798

1499534751868 GYROSCOPE 0.040618896 -0.084350586 -0.27392578

1499534751869 MAGNETIC_FIELD -0.9765625 -34.32007 -35.88257

1499534751870 GRAVITY 0.029138474 1.833462 9.633689

1499534751871 LINEAR_ACCELERATION -1.6819408 4.0572386 -0.37540674

1499534751872 ROTATION_VECTOR 0.05039779 -0.07923792 -0.8314633

1499534752068 ACCELEROMETER -1.5426941 6.184067 7.401886

1499534752078 GYROSCOPE 0.33007813 -0.08648682 0.043304443

1499534752083 MAGNETIC_FIELD -4.9560547 -38.13629 -32.792664

1499534752085 GRAVITY 0.03228077 2.4764135 9.488768

1499534752088 LINEAR_ACCELERATION -1.6416215 4.294442 0.33510733

1499534752090 ROTATION_VECTOR 0.049958937 -0.11709644 -0.9071495

1499534752268 ACCELEROMETER -1.4942932 6.512985 7.527832

1499534752269 GRAVITY -0.2083575 3.0484688 9.318466

1499534752269 LINEAR_ACCELERATION -1.2879604 4.3396807 0.77927256

1499534752269 ROTATION_VECTOR 0.069233246 -0.14176464 -0.9147993

1499534752270 GYROSCOPE -0.0053100586 0.24035645 -0.06991577

1499534752280 MAGNETIC_FIELD -10.139465 -36.087036 -35.43701

1499534752464 ACCELEROMETER -1.5044403 6.6466827 7.157669

1499534752464 GYROSCOPE -0.029876709 -0.05657959 -0.027191162

1499534752465 MAGNETIC_FIELD -10.168457 -36.96289 -35.36377

1499534752465 GRAVITY -0.48368332 3.2734308 9.231526

1499534752466 LINEAR_ACCELERATION -1.1218183 4.208738 0.12638378

1499534752466 ROTATION_VECTOR 0.084867015 -0.14873035 -0.91790277

