1499534686509 GYROSCOPE -0.010650635 -0.162323 -0.04321289

1499534686512 MAGNETIC_FIELD 52.85492 5.4244995 -3.3187866

1499534686513 GRAVITY -8.14511 -4.3884444 3.251019

1499534686513 LINEAR_ACCELERATION 0.0 0.0 -0.0

1499534686514 ROTATION_VECTOR 0.0 0.0 0.0

1499534686710 ACCELEROMETER -8.47757 -4.6281433 3.222519

1499534686712 GYROSCOPE -0.075805664 0.12820435 -1.1305542

1499534686713 MAGNETIC_FIELD 53.19214 6.097412 -2.0065308

1499534686713 GRAVITY -8.0058975 -4.740635 3.09877

1499534686714 LINEAR_ACCELERATION -0.23581648 0.7348275 -0.21467638

1499534686714 ROTATION_VECTOR -0.5836428 0.03698357 0.67044413

1499534686911 ACCELEROMETER -7.3772125 -4.04274 3.0491943

1499534686912 GYROSCOPE -0.71240234 -0.21252441 -3.1482239

1499534686913 MAGNETIC_FIELD 47.624207 20.72754 -4.7943115

1499534686914 GRAVITY -5.6136355 -7.6572456 2.4543989

1499534686914 LINEAR_ACCELERATION -0.9051089 0.04706478 -0.033428907

1499534686915 ROTATION_VECTOR -0.6097056 -0.05585307 0.5236961

1499534687112 ACCELEROMETER -6.6796875 -8.735001 2.331665

1499534687113 GYROSCOPE -0.394104 0.14102173 -1.4210815

1499534687113 MAGNETIC_FIELD 36.824036 35.18982 -6.764221

1499534687114 GRAVITY -1.9997339 -9.406487 1.9207926

1499534687115 LINEAR_ACCELERATION -0.96492517 1.2301788 1.3740469

1499534687115 ROTATION_VECTOR -0.6337659 -0.020189527 0.1847961

1499534687313 ACCELEROMETER -2.718521 -8.2335205 2.3246918

1499534687314 GYROSCOPE -0.95913696 4.7360535 1.1274414

1499534687315 MAGNETIC_FIELD 26.023865 43.93463 -2.4978638

1499534687315 GRAVITY -2.0045097 -9.5991535 0.092669696

1499534687316 LINEAR_ACCELERATION -0.6070111 0.8955374 1.3973176

1499534687317 ROTATION_VECTOR -0.65874803 0.24764132 -0.10877934

1499534687549 ACCELEROMETER 0.032470703 -7.0962677 1.4233704

1499534687550 GYROSCOPE 1.7122192 -3.9883118 -4.8401184

1499534687551 MAGNETIC_FIELD 3.9093018 48.869324 5.003357

1499534687552 GRAVITY 2.827211 -9.3114 1.2145337

1499534687552 LINEAR_ACCELERATION 2.9718173 1.5262079 0.30102324

1499534687553 ROTATION_VECTOR -0.65692437 0.08078603 -0.30370802

1499534687751 ACCELEROMETER 6.6657257 -7.2730255 1.8357544

1499534687751 GYROSCOPE -0.41653442 0.35998535 -0.22265625

1499534687752 MAGNETIC_FIELD -24.989319 41.874695 -1.6418457

1499534687752 GRAVITY 7.504721 -6.2984443 -0.42326203

1499534687753 LINEAR_ACCELERATION 1.5781736 1.0516047 0.72710806

1499534687753 ROTATION_VECTOR -0.6987508 -0.18255877 -0.40020806

1499534687885 ACCELEROMETER 8.719681 -4.957184 0.32196045

1499534687886 MAGNETIC_FIELD -25.637817 41.748047 -1.020813

1499534687951 GYROSCOPE -0.83096313 0.52874756 -0.24829102

1499534687952 GRAVITY 7.9327 -5.7572017 -0.31192082

1499534687952 LINEAR_ACCELERATION 0.7425132 0.30429745 0.9873514

1499534687953 ROTATION_VECTOR -0.7025691 -0.14933243 -0.4658299

1499534688152 ACCELEROMETER 8.398514 -5.149643 0.66989136

1499534688153 GYROSCOPE -1.5978699 1.0061951 -0.04321289

1499534688153 MAGNETIC_FIELD -28.335571 38.867188 2.1377563

1499534688154 GRAVITY 8.303318 -5.2066708 -0.3404175

1499534688154 LINEAR_ACCELERATION 0.6247549 0.42987585 0.24337786

1499534688155 ROTATION_VECTOR -0.713871 -0.08800359 -0.53900224

1499534688354 ACCELEROMETER 8.337128 -4.83902 -0.06730652

1499534688355 GYROSCOPE -0.16445923 -0.19970703 0.47802734

1499534688355 MAGNETIC_FIELD -29.803467 37.742615 8.786011

1499534688356 GRAVITY 8.176827 -5.3938594 -0.4649321

1499534688357 LINEAR_ACCELERATION 1.0519562 -0.32572556 1.6210392

1499534688357 ROTATION_VECTOR -0.7227962 -0.035645317 -0.55667317

1499534688555 ACCELEROMETER 9.184937 -5.2822266 1.0114746

1499534688555 GYROSCOPE -1.0915833 2.043335 -0.38394165

1499534688556 MAGNETIC_FIELD -26.84784 39.083862 11.734009

1499534688557 GRAVITY 8.127782 -5.482324 0.23168664

1499534688557 LINEAR_ACCELERATION -0.4128723 -1.2822165 -1.3043697

1499534688558 ROTATION_VECTOR -0.69826484 0.024768777 -0.60690933

1499534688756 ACCELEROMETER 7.2823486 -6.9908447 -1.0074463

1499534688757 GYROSCOPE -0.9399109 -1.3992004 0.30926514

1499534688757 MAGNETIC_FIELD -32.235718 33.63495 11.872864

1499534688758 GRAVITY 8.068193 -5.569115 -0.24412528

1499534688758 LINEAR_ACCELERATION -1.2672396 -2.4449973 1.0442713

1499534688759 ROTATION_VECTOR -0.7099326 0.09188364 -0.6208063

1499534688957 ACCELEROMETER 6.8208466 -7.62204 0.75180054

1499534688958 GYROSCOPE -0.71347046 0.4625244 -0.02078247

1499534688958 MAGNETIC_FIELD -32.388306 32.10907 15.093994

1499534688959 GRAVITY 7.7392664 -5.737994 -1.8301824

1499534688959 LINEAR_ACCELERATION 0.09625101 -0.8845329 1.2027997

1499534688960 ROTATION_VECTOR -0.76282877 0.10679701 -0.5599922

1499534689159 ACCELEROMETER 7.6496124 -6.6022034 -0.42739868

1499534689161 GYROSCOPE -0.6739502 0.6013794 -0.07632446

1499534689162 MAGNETIC_FIELD -32.810974 30.859375 16.673279

1499534689163 GRAVITY 8.00164 -5.4415603 -1.5917189

1499534689163 LINEAR_ACCELERATION -0.123431206 -1.2834358 2.001153

1499534689164 ROTATION_VECTOR -0.7553462 0.10299152 -0.57942

1499534689366 GRAVITY 8.226996 -5.128274 -1.4790994

1499534689370 LINEAR_ACCELERATION -0.9338589 -1.8014212 0.7627399

1499534689372 ROTATION_VECTOR -0.7445504 0.14511283 -0.6086961

1499534689374 ACCELEROMETER 7.5787506 -6.6213226 0.2675171

1499534689376 GYROSCOPE -0.75619507 0.3642578 -0.12225342

1499534689378 MAGNETIC_FIELD -34.539795 27.886963 15.696716

1499534689568 ACCELEROMETER 7.2319794 -6.8514557 -0.5372009

1499534689572 GYROSCOPE -0.35565186 -0.035217285 -0.1628418

1499534689574 MAGNETIC_FIELD -36.750793 23.501587 19.078064

1499534689576 GRAVITY 8.388681 -4.8216 -1.5976824

1499534689578 LINEAR_ACCELERATION -0.6505861 -1.8618264 2.056054

1499534689580 ROTATION_VECTOR -0.7464537 0.15577547 -0.6149285

1499534689768 GRAVITY 8.5961075 -4.507207 -1.4008601

1499534689774 LINEAR_ACCELERATION 0.24931526 -1.3054438 -0.23002589

1499534689776 ROTATION_VECTOR -0.7411411 0.14877455 -0.62828285

1499534689778 ACCELEROMETER 7.7138824 -6.5239105 0.26203918

1499534689780 GYROSCOPE -0.0501709 0.4828186 -0.19381714

1499534689782 MAGNETIC_FIELD -39.067078 22.886658 17.684937

1499534689973 GRAVITY 8.651108 -4.406478 -1.3826319

1499534689976 LINEAR_ACCELERATION -0.045402527 -1.0932837 0.3979504

1499534689978 ROTATION_VECTOR -0.7417646 0.14240728 -0.62958467

1499534689981 ACCELEROMETER 8.733917 -5.6798553 -1.7741241

1499534689983 GYROSCOPE 0.025665283 -0.48062134 0.018737793

1499534689985 MAGNETIC_FIELD -40.12451 20.918274 13.119507

1499534690171 GRAVITY 8.573296 -4.474009 -1.6285686

1499534690174 LINEAR_ACCELERATION -0.07297802 -0.7203469 2.2679753

1499534690176 ROTATION_VECTOR -0.7551021 0.113378644 -0.61047983

1499534690178 ACCELEROMETER 8.474091 -5.3506775 -0.45780945

1499534690180 GYROSCOPE 0.30978394 -0.120666504 -0.042144775

1499534690184 MAGNETIC_FIELD -41.73584 20.529175 7.183838

1499534690373 GRAVITY 8.481627 -4.6541424 -1.6035424

1499534690377 LINEAR_ACCELERATION -0.3586502 -0.85839987 2.0946374

1499534690379 ROTATION_VECTOR -0.7583167 0.08193702 -0.59710705

1499534690381 ACCELEROMETER 8.283585 -5.221512 0.66070557

1499534690383 GYROSCOPE 0.06945801 -0.18154907 0.12234497

1499534690385 MAGNETIC_FIELD -40.472412 20.326233 9.7213745

1499534690577 ACCELEROMETER 8.184418 -5.3995056 0.4336548

1499534690581 GYROSCOPE 0.03955078 -0.2467041 0.05078125

1499534690583 MAGNETIC_FIELD -40.652466 21.568298 11.021423

1499534690585 GRAVITY 8.334682 -4.8469143 -1.7918928

1499534690587 LINEAR_ACCELERATION 0.5795698 -0.6933265 2.2379

1499534690589 ROTATION_VECTOR -0.76674217 0.058886264 -0.57558686

1499534690777 GRAVITY 8.160082 -5.01842 -2.0973582

1499534690782 LINEAR_ACCELERATION 0.19224262 -0.7308936 2.6047604

1499534690784 ROTATION_VECTOR -0.7786009 0.026761621 -0.5450053

1499534690786 ACCELEROMETER 8.688583 -5.5167694 0.39356995

1499534690789 GYROSCOPE -0.026672363 -0.3033142 0.10525513

1499534690791 MAGNETIC_FIELD -38.539124 21.794128 13.078308

1499534690976 GRAVITY 7.952534 -5.221691 -2.3793974

1499534690980 LINEAR_ACCELERATION 0.11902475 -0.7309284 2.0832021

1499534690984 ROTATION_VECTOR -0.7882167 -0.005470967 -0.51204073

1499534690986 ACCELEROMETER 8.204178 -5.7171783 0.4890747

1499534690989 GYROSCOPE 0.052368164 -0.20291138 0.0892334

1499534690991 MAGNETIC_FIELD -38.659668 22.862244 15.478516

1499534691170 ACCELEROMETER 8.013397 -5.89032 -0.19146729

1499534691172 GYROSCOPE 0.04916382 -0.03842163 0.02835083

1499534691172 MAGNETIC_FIELD -37.026978 25.00763 14.683533

1499534691172 GRAVITY 7.844188 -5.379243 -2.3880634

1499534691173 LINEAR_ACCELERATION 0.2333231 -0.74914074 2.3952222

1499534691173 ROTATION_VECTOR -0.7876435 -0.037081387 -0.49029067

1499534691373 GRAVITY 7.837543 -5.4409137 -2.267105

1499534691373 LINEAR_ACCELERATION 0.2484889 -0.6692653 2.0695953

1499534691374 ACCELEROMETER 7.9857635 -6.052719 -0.00491333

1499534691374 GYROSCOPE -0.0715332 0.06625366 0.014465332

1499534691374 MAGNETIC_FIELD -37.47711 25.035095 14.941406

1499534691375 ROTATION_VECTOR -0.7818898 -0.06510373 -0.47821668

1499534691577 GRAVITY 7.8440056 -5.667894 -1.5864884

1499534691579 LINEAR_ACCELERATION 0.11330414 -0.5297084 1.3580828

1499534691580 ROTATION_VECTOR -0.755881 -0.09763342 -0.47184178

1499534691585 ACCELEROMETER 7.976059 -6.0811768 -0.18788147

1499534691587 GYROSCOPE -0.049102783 -0.0031738281 0.014465332

1499534691590 MAGNETIC_FIELD -38.168335 25.064087 14.468384

1499534691786 ACCELEROMETER 7.910385 -6.159012 -0.2115326

1499534691793 GYROSCOPE 0.028869629 0.027801514 0.004852295

1499534691795 MAGNETIC_FIELD -37.617493 24.128723 14.898682

1499534691797 GRAVITY 7.8297486 -5.794332 -1.1362844

1499534691799 LINEAR_ACCELERATION 0.11357546 -0.3221612 0.8612952

1499534691802 ROTATION_VECTOR -0.73802716 -0.115109734 -0.46711266

1499534691980 ACCELEROMETER 7.9740753 -6.1273956 -0.28616333

1499534691983 GYROSCOPE -0.044830322 -0.019195557 -0.012237549

1499534691985 MAGNETIC_FIELD -37.62207 24.232483 16.065979

1499534691987 GRAVITY 7.8068576 -5.8790855 -0.8122234

1499534691990 LINEAR_ACCELERATION 0.031741142 -0.25158644 0.64568573

1499534691992 ROTATION_VECTOR -0.72378546 -0.13246305 -0.45878017

1499534692176 ACCELEROMETER 7.9088135 -6.168152 -0.16897583

1499534692177 GYROSCOPE 0.007507324 0.04168701 -0.010101318

1499534692178 GRAVITY 7.805056 -5.908485 -0.584204

1499534692178 LINEAR_ACCELERATION 0.011841297 -0.135571 0.4650873

1499534692178 ROTATION_VECTOR -0.71297777 -0.14645423 -0.45227358

1499534692179 MAGNETIC_FIELD -37.120056 23.597717 15.8203125

1499534692379 ACCELEROMETER 7.899811 -6.1191864 -0.11502075

1499534692380 GYROSCOPE 0.007507324 0.029937744 0.0037841797

1499534692381 MAGNETIC_FIELD -37.87079 24.549866 14.564514

1499534692382 GRAVITY 7.7991066 -5.9343586 -0.35737684

1499534692382 LINEAR_ACCELERATION 0.036032677 -0.10900259 0.32404464

1499534692383 ROTATION_VECTOR -0.7031396 -0.15432397 -0.44943276

1499534692587 GRAVITY 7.7819347 -5.9631224 -0.2303274

1499534692595 LINEAR_ACCELERATION -0.008609772 -0.06577206 0.10018782

1499534692597 ROTATION_VECTOR -0.69791335 -0.15703622 -0.4478131

1499534692600 ACCELEROMETER 7.952423 -6.135025 -0.04020691

1499534692602 GYROSCOPE 0.027801514 0.04168701 0.0016479492

1499534692607 MAGNETIC_FIELD -37.46338 23.718262 14.599609

1499534692787 GRAVITY 7.77078 -5.9803324 -0.14486071

1499534692793 LINEAR_ACCELERATION -0.007405758 -0.059785366 0.10989258

1499534692795 ROTATION_VECTOR -0.69302756 -0.16461655 -0.4422347

1499534692797 ACCELEROMETER 7.9029083 -6.129059 -0.12236023

1499534692799 GYROSCOPE 0.03527832 -0.0501709 -0.007965088

1499534692802 MAGNETIC_FIELD -36.920166 24.160767 14.250183

1499534692988 GRAVITY 7.7929444 -5.952718 -0.07454078

1499534692994 LINEAR_ACCELERATION 0.062465668 0.056470394 0.18234311

1499534692996 ROTATION_VECTOR -0.6861883 -0.18151082 -0.43182492

1499534692998 ACCELEROMETER 7.917801 -6.1343994 -0.0013122559

1499534693001 GYROSCOPE 0.007507324 -0.007446289 0.012329102

1499534693003 MAGNETIC_FIELD -37.953186 24.964905 13.948059

1499534693187 GRAVITY 7.772872 -5.9793606 0.0096507175

1499534693193 LINEAR_ACCELERATION -0.021403313 -0.026194572 0.054893985

1499534693195 ROTATION_VECTOR -0.6819414 -0.18564461 -0.4277439

1499534693197 ACCELEROMETER 7.992096 -6.0224915 0.10240173

1499534693200 GYROSCOPE 0.0032348633 0.07266235 0.004852295

1499534693202 MAGNETIC_FIELD -38.46283 24.308777 14.564514

1499534693388 ACCELEROMETER 7.907501 -6.1174316 0.061065674

1499534693393 GYROSCOPE -0.025604248 -0.0031738281 -0.0015563965

1499534693395 MAGNETIC_FIELD -37.99591 24.302673 13.424683

1499534693398 GRAVITY 7.773573 -5.9780803 0.06719609

1499534693400 LINEAR_ACCELERATION 0.029241562 -0.010154247 0.03424155

1499534693402 ROTATION_VECTOR -0.679022 -0.18842249 -0.42630956

1499534693590 GRAVITY 7.773374 -5.978116 0.08468876

1499534693595 LINEAR_ACCELERATION -0.011931896 -0.0038323402 0.056885958

1499534693598 ROTATION_VECTOR -0.6782452 -0.18885332 -0.42617595

1499534693600 ACCELEROMETER 7.9544983 -6.104538 0.09454346

1499534693602 GYROSCOPE -0.022399902 0.026733398 -0.003692627

1499534693604 MAGNETIC_FIELD -38.908386 24.090576 14.364624

1499534693793 ACCELEROMETER 7.9161835 -6.117523 0.16067505

1499534693798 GRAVITY 7.779644 -5.9697666 0.09702084

1499534693801 LINEAR_ACCELERATION 0.003068924 0.014408112 0.046715282

1499534693803 ROTATION_VECTOR -0.6774192 -0.1901487 -0.42585942

1499534693805 GYROSCOPE -0.006378174 -0.018127441 -4.8828125E-4

1499534693807 MAGNETIC_FIELD -38.34076 23.136902 13.293457

1499534693995 GRAVITY 7.7796464 -5.970348 0.049294665

1499534693999 LINEAR_ACCELERATION 0.014737129 -0.0014014244 0.008472867

1499534694001 ROTATION_VECTOR -0.67869246 -0.19199793 -0.42364892

1499534694003 ACCELEROMETER 7.9400787 -6.0679016 0.12062073

1499534694006 GYROSCOPE -0.020263672 -0.027740479 0.004852295

1499534694008 MAGNETIC_FIELD -38.438416 23.416138 12.92572

1499534694192 ACCELEROMETER 7.9552917 -6.098633 0.030410767

1499534694195 GYROSCOPE -0.008514404 0.0010986328 -0.004760742

1499534694197 MAGNETIC_FIELD -38.671875 24.53003 14.463806

1499534694199 GRAVITY 7.774399 -5.9772153 -0.044788726

1499534694214 LINEAR_ACCELERATION -0.013981342 -0.011120796 -0.1145209

1499534694216 ROTATION_VECTOR -0.6812168 -0.19551799 -0.41896397

1499534694388 GRAVITY 7.789045 -5.9579177 -0.06623284

1499534694389 LINEAR_ACCELERATION 0.05197239 0.008707523 -0.016348585

1499534694389 ACCELEROMETER 7.930191 -6.099411 -0.14598083

1499534694390 GYROSCOPE -0.026672363 0.008575439 -4.8828125E-4

1499534694390 MAGNETIC_FIELD -38.493347 24.267578 13.752747

1499534694391 ROTATION_VECTOR -0.68091875 -0.19931534 -0.41691998

1499534694599 GRAVITY 7.777974 -5.9723406 -0.06824849

1499534694606 LINEAR_ACCELERATION -0.020656109 -0.03466177 0.013101868

1499534694608 ROTATION_VECTOR -0.68149054 -0.19761156 -0.4172612

1499534694611 ACCELEROMETER 7.993042 -6.093048 -0.07044983

1499534694613 GYROSCOPE -0.022399902 0.018188477 -4.8828125E-4

1499534694615 MAGNETIC_FIELD -37.968445 23.405457 15.538025

1499534694800 GRAVITY 7.791546 -5.954107 -0.10398461

1499534694808 LINEAR_ACCELERATION 0.03229475 0.044157982 -0.095568724

1499534694810 ROTATION_VECTOR -0.68107927 -0.20355044 -0.41316214

1499534694813 ACCELEROMETER 7.9488525 -6.119751 -0.07524109

1499534694815 GYROSCOPE -0.0010375977 0.013916016 0.004852295

1499534694817 MAGNETIC_FIELD -37.039185 24.681091 14.927673

1499534694996 ACCELEROMETER 7.9845886 -6.0621185 -0.23965454

1499534694999 GYROSCOPE -0.01171875 -0.020263672 -0.0058288574

1499534695008 MAGNETIC_FIELD -38.041687 22.799683 14.952087

1499534695016 GRAVITY 7.785844 -5.9606533 -0.14705999

1499534695018 LINEAR_ACCELERATION -0.015317917 -0.01322937 -0.06226845

1499534695024 ROTATION_VECTOR -0.6833214 -0.20141946 -0.4138801

1499534695196 GRAVITY 7.78832 -5.9581976 -0.11107926

1499534695197 LINEAR_ACCELERATION 0.012075901 -0.016357422 0.13432972

1499534695204 ROTATION_VECTOR -0.6814504 -0.20319642 -0.41306528

1499534695205 ACCELEROMETER 7.960251 -6.1046753 -0.15615845

1499534695205 GYROSCOPE -0.007446289 -0.0031738281 -4.8828125E-4

1499534695205 MAGNETIC_FIELD -38.607788 23.138428 15.055847

1499534695399 GRAVITY 7.7876453 -5.9595723 -0.080405645

1499534695408 LINEAR_ACCELERATION -0.0020337105 0.003856659 0.07317544

1499534695411 ROTATION_VECTOR -0.6800078 -0.20417862 -0.41254368

1499534695413 ACCELEROMETER 7.972397 -6.105942 0.013183594

1499534695416 GYROSCOPE 0.017120361 -0.010650635 0.0027160645

1499534695418 MAGNETIC_FIELD -38.607788 22.88208 14.161682

1499534695600 GRAVITY 7.794926 -5.950453 -0.040240254

1499534695605 LINEAR_ACCELERATION 0.013354301 0.028248787 -0.0012444817

1499534695607 ROTATION_VECTOR -0.67798465 -0.20588464 -0.41228586

1499534695609 ACCELEROMETER 7.958191 -6.0917816 -0.0019683838

1499534695612 GYROSCOPE 0.009643555 0.042755127 5.79834E-4

1499534695614 MAGNETIC_FIELD -38.171387 23.216248 14.341736

1499534695805 GRAVITY 7.7925944 -5.9536295 0.012692412

1499534695808 LINEAR_ACCELERATION -0.033296585 0.004732132 -0.0113106575

1499534695810 ROTATION_VECTOR -0.6770658 -0.20232339 -0.41571963

1499534695812 ACCELEROMETER 7.9763947 -6.055313 -0.05757141

1499534695814 GYROSCOPE 0.011779785 0.014984131 -0.004760742

1499534695817 MAGNETIC_FIELD -38.775635 23.327637 13.252258

1499534696006 GRAVITY 7.7934594 -5.9521365 0.06680268

1499534696009 LINEAR_ACCELERATION -0.028037071 -9.212494E-4 0.05134566

1499534696011 ROTATION_VECTOR -0.6754226 -0.20099339 -0.41761827

1499534696014 ACCELEROMETER 7.919464 -6.0704803 0.026733398

1499534696016 GYROSCOPE 0.0043029785 0.009643555 -0.0058288574

1499534696018 MAGNETIC_FIELD -38.827515 23.475647 13.743591

1499534696195 ACCELEROMETER 7.927704 -6.082855 0.118499756

1499534696196 GYROSCOPE 0.022460938 0.034210205 -0.004760742

1499534696197 MAGNETIC_FIELD -37.686157 24.711609 14.564514

1499534696197 GRAVITY 7.791164 -5.954371 0.116694376

1499534696198 LINEAR_ACCELERATION 0.002732277 -0.036488056 3.1751394E-4

1499534696198 ROTATION_VECTOR -0.672816 -0.20339346 -0.41599151

1499534696408 LINEAR_ACCELERATION 0.026380062 0.022576809 0.09822863

1499534696416 ROTATION_VECTOR -0.6688538 -0.20655273 -0.4156607

1499534696419 ACCELEROMETER 7.971939 -6.1044617 0.15464783

1499534696449 GYROSCOPE -0.0031738281 -0.0095825195 -0.003692627

1499534696450 MAGNETIC_FIELD -37.99591 23.439026 13.43689

1499534696450 GRAVITY 7.805282 -5.9337783 0.19555564

1499534696598 ACCELEROMETER 7.9832306 -6.0312195 0.29588318

1499534696602 GYROSCOPE 0.0043029785 -0.0010375977 -0.0015563965

1499534696602 MAGNETIC_FIELD -37.950134 23.110962 13.160706

1499534696603 GRAVITY 7.8029485 -5.935543 0.23174661

1499534696603 LINEAR_ACCELERATION -0.033083916 0.00429821 0.08895035

1499534696603 ROTATION_VECTOR -0.6676358 -0.20602581 -0.41636482

1499534696805 GRAVITY 7.792352 -5.936941 0.4498517

1499534696811 LINEAR_ACCELERATION 0.025785923 -0.03548336 -0.02499938

1499534696814 ROTATION_VECTOR -0.66149116 -0.1987294 -0.42479566

1499534696817 ACCELEROMETER 7.9199066 -6.0444183 0.33753967

1499534696821 GYROSCOPE 0.05343628 0.2521057 -0.0015563965

1499534696823 MAGNETIC_FIELD -38.209534 23.518372 12.365723

1499534697009 GRAVITY 7.4345245 -5.830407 2.6276574

1499534697018 LINEAR_ACCELERATION -0.07134724 0.5546789 -1.3398249

1499534697059 ROTATION_VECTOR -0.5905271 -0.13154644 -0.50471133

1499534697068 ACCELEROMETER 7.986374 -6.066269 0.50109863

1499534697068 GYROSCOPE 0.47320557 2.2462769 -0.0859375

1499534697069 MAGNETIC_FIELD -40.190125 25.23346 9.80072

1499534697201 ACCELEROMETER 7.046295 -5.329773 1.8380737

1499534697202 GYROSCOPE 2.0967407 0.848114 -0.2194519

1499534697202 MAGNETIC_FIELD -40.859985 24.876404 -9.494019

1499534697203 GRAVITY 5.96447 -4.8200526 6.112493

1499534697203 LINEAR_ACCELERATION -2.2286825 -0.72369766 -0.86585

1499534697204 ROTATION_VECTOR -0.42790794 -0.07241804 -0.59639734

1499534697407 ACCELEROMETER 3.546585 -4.3509827 6.6549225

1499534697412 GRAVITY 1.6777463 -1.1365297 9.594992

1499534697414 LINEAR_ACCELERATION 2.4471686 0.7472794 0.20590973

1499534697417 ROTATION_VECTOR -0.10138961 -0.022621952 -0.68220824

1499534697419 GYROSCOPE 3.164856 3.9926453 0.41607666

1499534697422 MAGNETIC_FIELD -27.093506 11.029053 -38.172913

1499534697617 GRAVITY -5.056183 3.824632 7.4818177

1499534697624 LINEAR_ACCELERATION -3.1511059 -0.09546256 -1.3850951

1499534697628 ROTATION_VECTOR 0.342754 0.032452494 -0.6920533

1499534697634 ACCELEROMETER 2.5440521 0.34313965 7.9568787

1499534697637 GYROSCOPE 1.8478699 3.74057 -1.7383118

1499534697641 MAGNETIC_FIELD 9.4314575 -14.953613 -44.358826

1499534697813 GRAVITY -7.300579 3.4302247 5.57723

1499534697818 LINEAR_ACCELERATION -4.106796 6.7064896 -1.0779052

1499534697822 ROTATION_VECTOR 0.43948925 0.1499654 -0.63699293

1499534697824 ACCELEROMETER -11.548126 6.151657 7.1171417

1499534697827 GYROSCOPE -2.3978882 -0.7433777 1.2780457

1499534697830 MAGNETIC_FIELD 32.862854 -25.55542 -29.959106

1499534698014 GRAVITY -5.9404893 3.4517589 6.997595

1499534698031 LINEAR_ACCELERATION 1.8276858 0.2230494 3.0669656

1499534698034 ROTATION_VECTOR 0.35366616 0.13469304 -0.58241004

1499534698042 ACCELEROMETER -8.830627 7.658798 5.9344025

1499534698049 GYROSCOPE 0.6665344 -0.21038818 0.23129272

1499534698058 MAGNETIC_FIELD 16.001892 -20.069885 -43.15033

1499534698206 ACCELEROMETER -4.6496124 4.2714386 9.651428

1499534698206 GYROSCOPE -0.38983154 0.42514038 -1.1551208

1499534698207 MAGNETIC_FIELD 14.398193 -20.788574 -43.493652

1499534698207 GRAVITY -6.388481 3.109064 6.759543

1499534698208 LINEAR_ACCELERATION -0.7063236 0.86780024 0.24249935

1499534698208 ROTATION_VECTOR 0.3570216 0.16701739 -0.5781083

1499534698413 GRAVITY -4.8129816 1.6499805 8.383506

1499534698417 LINEAR_ACCELERATION 0.1585083 0.6476636 -1.1392441

1499534698419 ROTATION_VECTOR 0.22443894 0.14895421 -0.5863415

1499534698422 ACCELEROMETER -7.338028 3.4404602 7.35968

1499534698424 GYROSCOPE -1.6683655 -2.4683838 1.0847168

1499534698427 MAGNETIC_FIELD 16.860962 -18.527222 -42.388916

1499534698614 GRAVITY -1.6378696 0.766055 9.638513

1499534698618 LINEAR_ACCELERATION 2.6723127 3.7700498 0.70609665

1499534698621 ROTATION_VECTOR 0.071865216 0.05837814 -0.43407968

1499534698624 ACCELEROMETER -4.0077515 2.4040222 10.1819

1499534698627 GYROSCOPE -0.85339355 -0.2050476 1.35495

1499534698629 MAGNETIC_FIELD -2.2003174 -14.108276 -46.640015

1499534698816 GRAVITY 1.2864941 2.1665895 9.477405

1499534698819 LINEAR_ACCELERATION -2.7918282 1.6051073 0.3152485

1499534698822 ROTATION_VECTOR 0.07795591 -0.10348767 -0.37639296

1499534698826 ACCELEROMETER 1.1613464 4.671936 8.78067

1499534698828 GYROSCOPE 1.9546814 -2.832611 0.32635498

1499534698831 MAGNETIC_FIELD -11.000061 -15.312195 -45.239258

1499534699019 GRAVITY 4.55242 4.4457917 7.461957

1499534699029 LINEAR_ACCELERATION -0.3992834 0.6555896 0.1974349

1499534699032 ROTATION_VECTOR 0.08731455 -0.33454785 -0.46481022

1499534699036 ACCELEROMETER -0.62049866 4.6943207 10.28215

1499534699038 GYROSCOPE 0.505249 -1.1716919 -0.31344604

1499534699041 MAGNETIC_FIELD -29.652405 -21.557617 -31.370544

1499534699219 ACCELEROMETER 5.809372 5.368637 7.37619

1499534699228 GRAVITY 5.9854703 5.074994 5.8812385

1499534699231 LINEAR_ACCELERATION 0.938303 0.9273448 -0.89931965

1499534699234 ROTATION_VECTOR 0.0015331475 -0.4473678 -0.5760446

1499534699237 GYROSCOPE -0.24029541 -1.553009 -0.60076904

1499534699239 MAGNETIC_FIELD -34.57794 -22.579956 -24.665833

1499534699422 ACCELEROMETER 5.793579 6.3852844 4.7174683

1499534699434 GRAVITY 5.173704 5.722607 6.0543327

1499534699438 LINEAR_ACCELERATION -2.4411564 0.19422579 -0.39276886

1499534699441 GYROSCOPE 0.058776855 1.636383 -0.6392212

1499534699444 ROTATION_VECTOR 0.007813406 -0.43732587 -0.6561864

1499534699447 MAGNETIC_FIELD -33.02307 -22.01538 -26.760864

1499534699624 GRAVITY 3.1284027 5.953412 7.1372523

1499534699628 LINEAR_ACCELERATION -2.318608 -1.1430249 -1.4221258

1499534699634 ROTATION_VECTOR 0.09943052 -0.3552675 -0.6758059

1499534699637 ACCELEROMETER 2.3408966 5.5982666 6.0615387

1499534699639 GYROSCOPE -0.31185913 0.6366272 -0.10089111

1499534699643 MAGNETIC_FIELD -28.359985 -21.025085 -33.363342

1499534699814 ACCELEROMETER 0.9472656 4.9227905 7.0286865

1499534699814 GYROSCOPE 0.05557251 -0.29263306 0.09777832

1499534699815 MAGNETIC_FIELD -19.750977 -17.771912 -40.15503

1499534699815 GRAVITY 2.750363 5.714472 7.48002

1499534699816 LINEAR_ACCELERATION -2.3644438 -0.9790969 1.8430171

1499534699816 ROTATION_VECTOR 0.111406185 -0.32590455 -0.6687634

1499534700016 ACCELEROMETER 0.79145813 4.9812317 9.488464

1499534700020 GYROSCOPE -0.0053100586 -0.15805054 0.019805908

1499534700020 MAGNETIC_FIELD -15.644836 -15.608215 -42.562866

1499534700021 GRAVITY 3.0460997 5.655057 7.410263

1499534700021 LINEAR_ACCELERATION -2.2431207 -1.554481 1.4699636

1499534700021 ROTATION_VECTOR 0.11056451 -0.331598 -0.64197266

1499534700216 ACCELEROMETER 1.0328064 4.1996 8.876816

1499534700217 GYROSCOPE 0.058776855 -0.17514038 -0.20343018

1499534700224 MAGNETIC_FIELD -15.544128 -15.266418 -43.078613

1499534700224 GRAVITY 3.1325727 5.6747065 7.3590136

1499534700224 LINEAR_ACCELERATION -1.0498691 -1.4579339 1.6357851

1499534700225 ROTATION_VECTOR 0.11150723 -0.33520272 -0.63443756

1499534700417 ACCELEROMETER 1.5413208 4.5330505 9.827469

1499534700418 GYROSCOPE -0.48916626 0.72314453 -0.3102417

1499534700419 MAGNETIC_FIELD -15.855408 -16.859436 -42.018127

1499534700419 GRAVITY 2.2269785 5.4641585 7.8328743

1499534700420 LINEAR_ACCELERATION -3.8012624 -1.1995707 1.0803556

1499534700420 ROTATION_VECTOR 0.13351937 -0.28776228 -0.6459873

1499534700618 ACCELEROMETER -1.166626 4.317444 8.697189

1499534700618 GYROSCOPE -0.0501709 1.6620178 -0.40423584

1499534700619 MAGNETIC_FIELD -7.2296143 -16.952515 -44.493103

1499534700619 GRAVITY -0.19600773 5.1703534 8.330631

1499534700620 LINEAR_ACCELERATION -0.8193197 -0.9792123 -1.2961178

1499534700621 ROTATION_VECTOR 0.21689208 -0.16796981 -0.6171843

1499534700820 ACCELEROMETER -1.7852478 4.3633575 6.4438934

1499534700822 GYROSCOPE 0.34075928 0.89297485 0.11807251

1499534700822 MAGNETIC_FIELD 6.564331 -19.908142 -43.411255

1499534700823 GRAVITY -2.498902 5.3817196 7.8078785

1499534700824 LINEAR_ACCELERATION -1.4945059 -0.9018235 -0.9363141

1499534700824 ROTATION_VECTOR 0.31390962 -0.058049396 -0.5487546

1499534701020 ACCELEROMETER -4.3318787 4.565384 6.824997

1499534701021 GYROSCOPE -0.09396362 0.2713318 -0.3882141

1499534701021 MAGNETIC_FIELD 8.895874 -20.999146 -43.008423

1499534701021 GRAVITY -3.5562215 5.4750338 7.317628

1499534701022 LINEAR_ACCELERATION -0.17613769 -1.2821655 -0.8604326

1499534701022 ROTATION_VECTOR 0.356213 -0.004135591 -0.5180407

1499534701220 ACCELEROMETER -3.6857605 4.0285797 6.878311

1499534701221 GYROSCOPE -0.23602295 1.0179443 -0.8923645

1499534701222 MAGNETIC_FIELD 7.7651978 -18.753052 -44.125366

1499534701222 GRAVITY -5.1479125 4.697771 6.8992996

1499534701222 LINEAR_ACCELERATION 0.5511427 -0.86002254 0.15910769

1499534701223 ROTATION_VECTOR 0.37262434 0.09687487 -0.5032559

1499534701421 ACCELEROMETER -4.9755554 3.6944885 7.854553

1499534701422 GRAVITY -7.438779 2.7026339 5.7905726

1499534701423 LINEAR_ACCELERATION -1.512434 -1.3552039 0.9485278

1499534701423 GYROSCOPE -0.28729248 0.83743286 -1.7853088

1499534701423 MAGNETIC_FIELD 17.274475 -14.715576 -42.707825

1499534701424 ROTATION_VECTOR 0.34701797 0.2904161 -0.4473274

1499534701623 ACCELEROMETER -9.772293 0.9894562 6.0895844

1499534701623 GYROSCOPE -2.0646362 0.49777222 -1.0483093

1499534701624 MAGNETIC_FIELD 19.444275 -10.270691 -43.43872

1499534701624 GRAVITY -8.57292 -0.7856983 4.696606

1499534701625 LINEAR_ACCELERATION 0.6481962 1.5602115 0.99344444

1499534701625 ROTATION_VECTOR 0.13318577 0.4927487 -0.29920343

1499534701824 ACCELEROMETER -7.4560394 -0.20976257 6.0222473

1499534701824 GYROSCOPE -1.0958557 -0.7572632 0.35946655

1499534701825 MAGNETIC_FIELD 23.28186 -1.411438 -43.629456

1499534701825 GRAVITY -8.297389 -2.781979 4.425417

1499534701826 LINEAR_ACCELERATION 2.0615702 -0.039690495 3.1821246

1499534701826 ROTATION_VECTOR -0.09462904 0.5151814 -0.12042777

1499534702025 ACCELEROMETER -2.9992065 -1.2230225 5.8536224

1499534702026 GYROSCOPE -0.9901123 0.38775635 0.66815186

1499534702026 MAGNETIC_FIELD 18.572998 1.0162354 -45.57953

1499534702027 GRAVITY -8.265093 -2.7169943 4.525103

1499534702027 LINEAR_ACCELERATION 10.665764 4.14639 0.82035446

1499534702028 ROTATION_VECTOR -0.15647274 0.4947729 -0.009662574

1499534702226 ACCELEROMETER -1.041153 0.9864807 6.6714478

1499534702227 GYROSCOPE 0.5404968 2.4737854 1.457489

1499534702228 MAGNETIC_FIELD 22.460938 -1.6677856 -42.793274

1499534702228 GRAVITY -9.530265 -0.98946416 2.0893555

1499534702229 LINEAR_ACCELERATION 1.9861565 2.2892547 4.1693053

1499534702229 ROTATION_VECTOR -0.09061087 0.62069494 0.032315757

1499534702427 ACCELEROMETER -7.020996 1.7580414 5.7173767

1499534702429 GYROSCOPE 1.1215515 1.7485352 1.3357239

1499534702429 MAGNETIC_FIELD 29.330444 -18.302917 -35.505676

1499534702429 GRAVITY -9.362356 2.1215396 -2.0039325

1499534702430 LINEAR_ACCELERATION 1.9139786 1.3123227 5.275201

1499534702430 ROTATION_VECTOR -0.012125191 0.77590275 0.14898747

1499534702613 ACCELEROMETER -6.514633 3.1425323 2.3035583

1499534702613 MAGNETIC_FIELD 28.521729 -31.378174 -30.856323

1499534702628 ACCELEROMETER -6.3021393 3.3616943 0.7295227

1499534702629 GYROSCOPE 0.50097656 0.66226196 1.049469

1499534702629 GRAVITY -7.849201 3.969684 -4.3361316

1499534702630 LINEAR_ACCELERATION 0.3410859 -0.3335538 7.365824

1499534702630 ROTATION_VECTOR 0.03394968 0.84848607 0.21931638

1499534702829 GYROSCOPE -0.4154663 -1.3511353 0.2846985

1499534702830 MAGNETIC_FIELD 25.22583 -40.878296 -20.149231

1499534702831 LINEAR_ACCELERATION 1.4361238 3.4088597 5.9726734

1499534702832 GRAVITY -7.521491 5.1914306 -3.5562072

1499534702833 ROTATION_VECTOR -0.36806333 0.7388136 0.49419704

1499534703031 ACCELEROMETER -5.0944824 8.4548645 2.4560852

1499534703032 GYROSCOPE -0.15484619 -0.34283447 0.5228882

1499534703032 MAGNETIC_FIELD 21.020508 -43.65387 -20.045471

1499534703033 GRAVITY -7.392702 6.187233 -1.7990245

1499534703034 LINEAR_ACCELERATION 2.3102121 3.424487 2.9518118

1499534703035 ROTATION_VECTOR -0.5774121 0.5082519 0.6387659

1499534703232 ACCELEROMETER -4.2685394 8.784409 1.1689453

1499534703233 GYROSCOPE 0.644104 0.45077515 0.19711304

1499534703234 MAGNETIC_FIELD 16.729736 -46.9162 -18.836975

1499534703234 GRAVITY -6.769061 6.7825847 -2.0848851

1499534703235 LINEAR_ACCELERATION 2.5231395 2.7461205 2.0770218

1499534703236 ROTATION_VECTOR 0.7235218 -0.28777722 -0.57599264

