1499534666437 ACCELEROMETER -0.64527893 3.6058197 8.630676

1499534666440 GYROSCOPE -0.134552 0.60565186 0.73757935

1499534666441 GRAVITY -0.7031586 3.7472289 9.035167

1499534666441 LINEAR_ACCELERATION 0.0 0.0 -0.0

1499534666442 MAGNETIC_FIELD -12.5946045 -8.566284 -46.284485

1499534666443 ROTATION_VECTOR 0.0 0.0 0.0

1499534666638 ACCELEROMETER -1.2814636 3.1948395 8.300827

1499534666639 GYROSCOPE 0.05984497 0.73168945 1.1274414

1499534666641 MAGNETIC_FIELD -8.544922 -2.848816 -48.58246

1499534666641 GRAVITY -1.3283999 3.6100006 9.020734

1499534666642 LINEAR_ACCELERATION -0.08265102 -0.21953988 -0.1897173

1499534666643 ROTATION_VECTOR 0.19953421 -0.016021488 -0.4108564

1499534666839 ACCELEROMETER -1.6528625 2.4471436 9.6961975

1499534666841 GYROSCOPE 0.2521057 0.3642578 0.92022705

1499534666842 MAGNETIC_FIELD -5.000305 -1.6723633 -48.417664

1499534666842 GRAVITY -1.5477141 3.4855244 9.034716

1499534666843 LINEAR_ACCELERATION -0.117884636 -0.89984274 1.0485592

1499534666843 ROTATION_VECTOR 0.19675885 0.025370466 -0.27994224

1499534667040 ACCELEROMETER -1.1480255 3.015396 9.203232

1499534667042 GYROSCOPE 0.05770874 0.105773926 -0.03253174

1499534667043 MAGNETIC_FIELD -2.3010254 -3.3538818 -49.72992

1499534667043 GRAVITY -1.5274816 3.6709433 8.96445

1499534667044 LINEAR_ACCELERATION 0.3245194 -0.55384994 0.5230551

1499534667044 ROTATION_VECTOR 0.20314036 0.040917635 -0.1900817

1499534667241 ACCELEROMETER -0.95480347 3.7622833 7.4969482

1499534667243 GYROSCOPE 0.50631714 -0.17086792 -0.01651001

1499534667243 MAGNETIC_FIELD -4.3258667 -5.708313 -47.761536

1499534667244 GRAVITY -1.42132 4.2259145 8.734523

1499534667245 LINEAR_ACCELERATION 0.40148687 -0.18418694 -0.93523216

1499534667245 ROTATION_VECTOR 0.2314709 0.032931995 -0.1770558

1499534667478 ACCELEROMETER -0.31677246 5.33255 8.003387

1499534667479 GYROSCOPE -0.37808228 -0.48275757 0.2013855

1499534667479 GRAVITY -0.559698 4.5436516 8.672505

1499534667480 LINEAR_ACCELERATION 0.4176554 1.0566831 0.26015568

1499534667481 ROTATION_VECTOR 0.23918013 -0.024862451 -0.21763977

1499534667679 ACCELEROMETER 0.9248352 5.098526 7.90152

1499534667681 GYROSCOPE 0.5255432 -0.66326904 -0.27285767

1499534667681 MAGNETIC_FIELD -6.919861 -3.2806396 -48.745728

1499534667682 GRAVITY 0.5188533 4.807169 8.53184

1499534667682 LINEAR_ACCELERATION 0.6522707 0.637094 -0.7763605

1499534667683 ROTATION_VECTOR 0.23862664 -0.089747004 -0.24130411

1499534667880 ACCELEROMETER 1.990036 5.7669373 8.068466

1499534667881 GYROSCOPE -0.05871582 -0.74871826 0.502594

1499534667882 MAGNETIC_FIELD -9.986877 -3.8772583 -48.27118

1499534667882 GRAVITY 1.7728438 5.273642 8.075649

1499534667883 LINEAR_ACCELERATION -0.029797554 0.91993904 0.19535065

1499534667884 ROTATION_VECTOR 0.24201974 -0.17228734 -0.2770181

1499534668081 ACCELEROMETER 1.4546509 5.1090546 6.619934

1499534668082 GYROSCOPE 1.1226196 -0.15698242 -0.7876892

1499534668082 MAGNETIC_FIELD -14.857483 -4.940796 -47.026062

1499534668083 GRAVITY 2.3042526 6.1170354 7.31045

1499534668084 LINEAR_ACCELERATION -0.22075582 -1.1077166 -0.7701931

1499534668084 ROTATION_VECTOR 0.26717496 -0.23640707 -0.33269444

1499534668282 ACCELEROMETER 2.0879974 4.8273926 7.826828

1499534668284 GYROSCOPE -0.5671387 -0.22640991 0.24731445

1499534668284 MAGNETIC_FIELD -19.9646 -7.8796387 -44.151306

1499534668285 GRAVITY 2.2154982 6.4329686 7.0624967

1499534668286 LINEAR_ACCELERATION -0.052745104 -1.3736386 2.0099807

1499534668286 ROTATION_VECTOR 0.26489446 -0.2640905 -0.4052299

1499534668483 ACCELEROMETER 0.35627747 4.191345 10.448853

1499534668484 GYROSCOPE -0.44857788 -0.006378174 0.31140137

1499534668485 MAGNETIC_FIELD -17.288208 -5.9936523 -44.883728

1499534668485 GRAVITY 2.4734051 5.3524027 7.8360987

1499534668486 LINEAR_ACCELERATION -2.2975657 -1.1050258 3.3166013

1499534668486 ROTATION_VECTOR 0.1943133 -0.25042465 -0.43630326

1499534668684 ACCELEROMETER -0.13937378 3.7662659 8.876465

1499534668685 GYROSCOPE 0.19763184 -0.025604248 0.22595215

1499534668686 MAGNETIC_FIELD -17.118835 -0.9674072 -46.24939

1499534668686 LINEAR_ACCELERATION -2.6973999 -1.1033487 0.37309408

1499534668687 GRAVITY 2.55534 4.9551325 8.067669

1499534668687 ROTATION_VECTOR 0.18320763 -0.23473032 -0.3996375

1499534668886 ACCELEROMETER 0.46009827 2.8173065 7.284775

1499534668887 GYROSCOPE 0.79577637 -1.5198975 0.87750244

1499534668888 MAGNETIC_FIELD -15.78064 1.6708374 -47.035217

1499534668889 GRAVITY 4.051656 5.336836 7.1604924

1499534668889 LINEAR_ACCELERATION -3.0708814 -2.4286985 0.0055475235

1499534668890 ROTATION_VECTOR 0.18692735 -0.31618768 -0.35148194

1499534669091 ACCELEROMETER 4.6368103 3.2768097 7.5733643

1499534669092 GRAVITY 6.1698613 4.9025555 5.8367934

1499534669092 LINEAR_ACCELERATION -0.17536068 -1.1971259 2.6509094

1499534669093 ROTATION_VECTOR 0.12789145 -0.4313353 -0.33390942

1499534669093 GYROSCOPE -0.32254028 -0.7668762 0.55599976

1499534669093 MAGNETIC_FIELD -23.625183 -0.36621094 -43.424988

1499534669293 ACCELEROMETER 6.367813 3.2405396 6.853073

1499534669293 GYROSCOPE 0.2574463 -1.5092163 1.1274414

1499534669294 MAGNETIC_FIELD -35.894775 3.4835815 -35.60028

1499534669294 GRAVITY 7.981279 3.711151 4.3239956

1499534669294 LINEAR_ACCELERATION -0.69350004 -0.43112922 2.5793657

1499534669295 ROTATION_VECTOR 0.040842164 -0.5271333 -0.29735568

1499534669494 ACCELEROMETER 9.727844 1.6344299 7.152359

1499534669495 GYROSCOPE -0.100372314 -0.89398193 0.5933838

1499534669495 MAGNETIC_FIELD -41.926575 7.347107 -29.263306

1499534669495 GRAVITY 9.237138 2.2478108 2.4068696

1499534669496 LINEAR_ACCELERATION 1.263999 -0.9531107 4.4947577

1499534669496 ROTATION_VECTOR -0.042372096 -0.6127711 -0.23903282

1499534669695 GRAVITY 9.514363 1.6955568 1.665039

1499534669695 LINEAR_ACCELERATION -0.14995098 -1.735191 3.1626687

1499534669696 ROTATION_VECTOR -0.08526148 -0.6386213 -0.23263545

1499534669696 ACCELEROMETER 9.335663 0.07965088 5.080414

1499534669696 GYROSCOPE -0.1975708 -0.16552734 -0.20022583

1499534669697 MAGNETIC_FIELD -42.871094 18.193054 -24.441528

1499534669896 GRAVITY 9.565609 1.5290883 1.5268922

1499534669896 LINEAR_ACCELERATION -1.0780859 -1.318725 2.739036

1499534669897 ROTATION_VECTOR -0.10283524 -0.6415412 -0.23728408

1499534669897 ACCELEROMETER 8.154648 0.03274536 4.218582

1499534669897 GYROSCOPE -0.14950562 -0.22106934 0.2366333

1499534669898 MAGNETIC_FIELD -43.040466 20.179749 -23.246765

1499534670096 GRAVITY 9.776382 0.14947383 0.75525105

1499534670097 LINEAR_ACCELERATION -0.8177471 -0.84110767 3.4939017

1499534670097 ROTATION_VECTOR -0.12721978 -0.66731405 -0.14842956

1499534670097 ACCELEROMETER 8.156479 -0.37319946 4.208954

1499534670098 GYROSCOPE 0.77334595 -0.7658081 1.2331848

1499534670098 MAGNETIC_FIELD -42.84973 21.82312 -21.463013

1499534670302 ACCELEROMETER 9.820374 -1.4376984 4.6249847

1499534670308 GRAVITY 9.665637 -1.6545577 0.091087356

1499534670311 LINEAR_ACCELERATION 0.72957134 0.13280904 4.80512

1499534670313 ROTATION_VECTOR -0.11491587 -0.6943703 0.003925732

1499534670315 GYROSCOPE 1.0072632 -0.5180054 0.7963257

1499534670318 MAGNETIC_FIELD -41.14685 27.954102 -18.281555

1499534670503 ACCELEROMETER 8.834442 -2.0276337 4.810318

1499534670506 GYROSCOPE 1.3009949 -0.3930359 0.36587524

1499534670508 MAGNETIC_FIELD -38.24463 32.936096 -19.247437

1499534670510 GRAVITY 9.436863 -2.6652932 0.11049994

1499534670513 LINEAR_ACCELERATION -0.42624283 0.3078959 4.4988503

1499534670515 ROTATION_VECTOR -0.046553675 -0.70156884 0.14753959

1499534670702 ACCELEROMETER 9.056946 -2.206253 4.764328

1499534670705 GRAVITY 9.434296 -2.6472788 0.39542684

1499534670710 LINEAR_ACCELERATION 0.10193348 0.2737918 4.4437733

1499534670713 ROTATION_VECTOR 0.05690882 -0.6903624 0.25124007

1499534670713 GYROSCOPE 1.0734863 -0.2531128 -0.25576782

1499534670714 MAGNETIC_FIELD -36.66382 30.491638 -22.30072

1499534670902 ACCELEROMETER 8.334579 -2.7315063 4.3767395

1499534670905 GYROSCOPE 0.42407227 -0.10144043 -0.08380127

1499534670908 MAGNETIC_FIELD -37.765503 25.241089 -27.305603

1499534670910 GRAVITY 9.518537 -2.2805216 0.60585696

1499534670922 LINEAR_ACCELERATION -0.91748714 -0.62536836 3.696322

1499534670925 ROTATION_VECTOR 0.14154167 -0.6701312 0.3125294

1499534671100 ACCELEROMETER 9.63028 -1.4559021 3.8471222

1499534671100 GYROSCOPE -1.5134888 1.1770935 -0.4223938

1499534671101 MAGNETIC_FIELD -38.945007 20.619202 -28.590393

1499534671101 GRAVITY 9.516201 -1.7805594 1.562662

1499534671101 LINEAR_ACCELERATION 1.0846395 0.9976698 2.342413

1499534671102 ROTATION_VECTOR 0.12572226 -0.6360191 0.2824929

1499534671304 GRAVITY 8.740076 -0.23827502 4.441247

1499534671305 LINEAR_ACCELERATION -0.4215145 -0.087208286 3.7268143

1499534671305 ROTATION_VECTOR 0.095026016 -0.5143243 0.17763536

1499534671306 ACCELEROMETER 8.870468 0.20075989 7.1445313

1499534671306 GYROSCOPE -0.2050476 1.7186279 -1.4467163

1499534671306 MAGNETIC_FIELD -36.697388 22.032166 -30.142212

1499534671506 ACCELEROMETER 6.5709076 -1.0385132 6.1815033

1499534671508 GYROSCOPE 0.5864258 -0.1270752 -0.23760986

1499534671512 MAGNETIC_FIELD -27.720642 23.190308 -37.677002

1499534671514 GRAVITY 7.8450613 1.3009409 5.738724

1499534671517 LINEAR_ACCELERATION -0.8529377 -1.9104146 0.030614376

1499534671519 ROTATION_VECTOR 0.15374905 -0.42868137 0.15941332

1499534671708 ACCELEROMETER 5.740616 0.13336182 4.9256134

1499534671715 GYROSCOPE -0.31185913 -1.2998657 0.3199463

1499534671718 MAGNETIC_FIELD -26.37024 14.99939 -40.96222

1499534671720 GRAVITY 8.555893 1.3472365 4.5991354

1499534671723 LINEAR_ACCELERATION -2.7382088 -1.1818693 0.39979553

1499534671726 ROTATION_VECTOR 0.1920306 -0.47815648 0.19180037

1499534671856 MAGNETIC_FIELD -30.78003 15.544128 -38.183594

1499534671909 ACCELEROMETER 6.690689 -2.3160248 3.4134064

1499534671914 GRAVITY 9.259097 -1.6251069 2.7925868

1499534671917 LINEAR_ACCELERATION 0.111641884 -1.912681 0.7094214

1499534671920 ROTATION_VECTOR 0.08221019 -0.5923337 0.24576306

1499534671925 GYROSCOPE -0.80532837 -0.58102417 2.4070435

1499534672112 ACCELEROMETER 12.275406 -2.1974792 4.1287384

1499534672118 GYROSCOPE -0.92922974 0.9997864 -0.5751343

1499534672121 MAGNETIC_FIELD -35.095215 34.2453 -19.129944

1499534672123 GRAVITY 8.758435 -3.574364 2.5853655

1499534672125 LINEAR_ACCELERATION 3.6791105 1.5417752 1.4667237

1499534672127 ROTATION_VECTOR -0.06107663 -0.60369915 0.22473909

1499534672309 GRAVITY 8.742311 -2.7399433 3.4978724

1499534672310 LINEAR_ACCELERATION 0.47145176 -0.09548354 -0.4553969

1499534672317 ROTATION_VECTOR -0.09600308 -0.5589647 0.10972694

1499534672319 ACCELEROMETER 9.184982 -2.6656494 2.9536438

1499534672322 GYROSCOPE -0.30438232 0.40164185 -0.6830139

1499534672325 MAGNETIC_FIELD -30.97229 40.12451 -16.27655

1499534672517 ACCELEROMETER 9.452087 -3.7035675 4.9551086

1499534672523 GYROSCOPE -0.075805664 0.9677429 -1.11026

1499534672526 MAGNETIC_FIELD -33.62274 37.472534 -14.553833

1499534672528 GRAVITY 8.511267 -1.3785299 4.672086

1499534672531 LINEAR_ACCELERATION 1.2636728 -2.4804323 0.9418907

1499534672533 ROTATION_VECTOR -0.06617966 -0.50735605 0.026513005

1499534672716 GRAVITY 7.598838 -0.35569543 6.1888237

1499534672722 LINEAR_ACCELERATION -0.59817123 -3.8067193 -2.704298

1499534672724 ROTATION_VECTOR -0.048743952 -0.4267105 -0.060428105

1499534672727 ACCELEROMETER 7.3561554 -4.0021973 3.775055

1499534672729 GYROSCOPE -0.86727905 0.9805603 -0.83255005

1499534672731 MAGNETIC_FIELD -36.720276 33.9386 -17.271423

1499534672910 GRAVITY 7.2109156 -0.72157305 6.606998

1499534672914 LINEAR_ACCELERATION 0.605937 -3.6525064 -1.666441

1499534672916 ROTATION_VECTOR -0.11334326 -0.38767275 -0.16801026

1499534672917 ACCELEROMETER 7.4245605 -4.012451 4.286667

1499534672919 GYROSCOPE -1.4931946 -0.38128662 -0.8912964

1499534672920 MAGNETIC_FIELD -37.730408 27.490234 -21.881104

1499534673117 ACCELEROMETER 6.8927765 -4.4678497 6.6321106

1499534673120 GYROSCOPE -1.0082703 -0.89505005 0.037963867

1499534673124 MAGNETIC_FIELD -39.598083 28.385925 -20.031738

1499534673126 GRAVITY 7.9366236 -1.8620013 5.4509945

1499534673129 LINEAR_ACCELERATION -0.6617036 -2.225504 1.6165199

1499534673131 ROTATION_VECTOR -0.2461186 -0.40187344 -0.27666602

1499534673317 ACCELEROMETER 8.579025 -3.2913208 6.0546722

1499534673320 GYROSCOPE -0.5906372 0.9250183 -0.9842224

1499534673322 MAGNETIC_FIELD -42.051697 29.512024 -8.821106

1499534673324 GRAVITY 8.052139 -2.0150902 5.222341

1499534673326 LINEAR_ACCELERATION 1.0138245 -1.3559735 0.6227875

1499534673328 ROTATION_VECTOR -0.31261212 -0.36879313 -0.38698196

1499534673519 ACCELEROMETER 8.397919 -3.5393982 3.5650024

1499534673522 GYROSCOPE -0.7871704 0.6387634 -1.0322876

1499534673524 MAGNETIC_FIELD -43.751526 24.989319 -9.065247

1499534673526 GRAVITY 7.4700823 -1.193957 6.240411

1499534673528 LINEAR_ACCELERATION 0.9067488 -2.29412 -2.9512787

1499534673532 ROTATION_VECTOR -0.30080438 -0.30223224 -0.5288992

1499534673723 GRAVITY 6.5662265 -1.0692091 7.2049875

1499534673728 LINEAR_ACCELERATION 1.4684944 -1.8643433 -1.3519373

1499534673732 ROTATION_VECTOR -0.3017096 -0.20400782 -0.6776308

1499534673740 ACCELEROMETER 7.872528 -2.9899445 4.992523

1499534673742 GYROSCOPE -1.4536743 0.9239502 -1.1177368

1499534673751 MAGNETIC_FIELD -46.16394 17.10205 -13.928223

1499534673913 ACCELEROMETER 7.301285 -2.8849945 6.247635

1499534673914 GYROSCOPE -0.56073 1.0040588 -0.78234863

1499534673914 MAGNETIC_FIELD -46.28296 12.380981 -18.76831

1499534673914 GRAVITY 5.2831135 -1.343084 8.152008

1499534673915 LINEAR_ACCELERATION 1.9316149 -1.5815648 -1.8709736

1499534673915 ROTATION_VECTOR -0.27379507 -0.09695128 -0.7955051

1499534674119 GRAVITY 4.809015 -1.508173 8.412442

1499534674125 LINEAR_ACCELERATION 0.83953476 -1.337311 -0.93071365

1499534674127 ROTATION_VECTOR -0.2623247 -0.04765064 -0.85328573

1499534674129 ACCELEROMETER 5.775345 -2.615219 6.460663

1499534674132 GYROSCOPE -0.4923706 -0.20611572 -0.6413574

1499534674134 MAGNETIC_FIELD -44.503784 9.487915 -24.420166

1499534674320 GRAVITY 4.6982155 -1.5936273 8.4591675

1499534674327 LINEAR_ACCELERATION 1.5346808 -1.8662118 -1.0112314

1499534674329 ROTATION_VECTOR -0.26181293 -0.012509759 -0.89805794

1499534674331 ACCELEROMETER 5.93631 -3.4618378 7.5588074

1499534674334 GYROSCOPE -0.31506348 0.6238098 -0.767395

1499534674336 MAGNETIC_FIELD -39.14337 7.1273804 -33.163452

1499534674522 GRAVITY 2.8739178 -1.2564503 9.291519

1499534674525 LINEAR_ACCELERATION 2.1413496 -2.1081963 -0.48215866

1499534674527 ROTATION_VECTOR -0.15865254 0.033072222 -0.96578807

1499534674529 ACCELEROMETER 5.1367645 -3.4298706 8.027527

1499534674533 GYROSCOPE -0.5468445 1.8233032 -1.6592712

1499534674535 MAGNETIC_FIELD -37.609863 4.2129517 -35.658264

1499534674723 GRAVITY 0.8343542 -1.3831697 9.672698

1499534674726 LINEAR_ACCELERATION 2.3735943 -2.0302997 -1.7665691

1499534674728 ROTATION_VECTOR 0.038507115 -0.073122315 0.99489933

1499534674731 ACCELEROMETER 3.492569 -3.3123322 7.974121

1499534674734 GYROSCOPE -0.46246338 0.70925903 -1.4114685

1499534674736 MAGNETIC_FIELD -28.260803 -0.4119873 -42.67273

1499534674927 ACCELEROMETER 3.0099335 -2.848755 8.138077

1499534674930 GYROSCOPE -0.6622009 -0.0031738281 -1.1017151

1499534674933 MAGNETIC_FIELD -19.6167 -4.652405 -46.25702

1499534674935 GRAVITY 0.61238945 -2.2547781 9.52425

1499534674937 LINEAR_ACCELERATION 2.438414 -0.5841813 -0.8407154

1499534674939 ROTATION_VECTOR -0.0012489603 -0.119986795 0.95530736

1499534675126 GRAVITY 1.1968386 -3.0076823 9.256987

1499534675130 LINEAR_ACCELERATION 2.329799 1.0603669 0.23772907

1499534675134 ROTATION_VECTOR 0.0034150118 -0.1673719 0.9232725

1499534675136 ACCELEROMETER 3.2236023 -2.1198883 9.015854

1499534675138 GYROSCOPE -0.32040405 -0.134552 -0.38607788

1499534675141 MAGNETIC_FIELD -18.339539 -3.8528442 -47.825623

1499534675325 GRAVITY 2.013072 -3.4857597 8.94245

1499534675326 LINEAR_ACCELERATION 2.3872843 1.1058712 -0.40015888

1499534675326 ROTATION_VECTOR 0.028288567 -0.2079945 0.90484315

1499534675327 ACCELEROMETER 4.3671265 -2.04776 8.560577

1499534675328 GYROSCOPE -0.43255615 -0.24456787 -0.76846313

1499534675328 MAGNETIC_FIELD -20.132446 -3.4103394 -45.846558

1499534675529 ACCELEROMETER 5.8154755 -2.407074 7.9802094

1499534675534 GYROSCOPE -0.47634888 0.16986084 -0.83895874

1499534675536 MAGNETIC_FIELD -20.179749 -2.2491455 -46.89789

1499534675539 GRAVITY 2.8115873 -3.849304 8.570193

1499534675541 LINEAR_ACCELERATION 3.6837978 1.2074552 -0.37234688

1499534675544 ROTATION_VECTOR 0.04735989 -0.24657407 0.87532

1499534675728 GRAVITY 3.1005988 -4.104652 8.349162

1499534675733 LINEAR_ACCELERATION 3.3960137 2.4492552 -0.8312588

1499534675735 ROTATION_VECTOR 0.036249373 -0.27017993 0.83800983

1499534675738 ACCELEROMETER 6.7766724 -1.6516571 6.988388

1499534675740 GYROSCOPE -0.5489807 0.4048462 -0.7289429

1499534675743 MAGNETIC_FIELD -25.370789 -4.483032 -44.055176

1499534675930 ACCELEROMETER 6.34964 -0.7630768 6.9831543

1499534675933 GYROSCOPE -0.8704834 0.30230713 -0.81866455

1499534675935 MAGNETIC_FIELD -22.109985 -3.8452148 -45.640564

1499534675937 GRAVITY 3.3350294 -4.5577326 8.017172

1499534675940 LINEAR_ACCELERATION 3.153984 3.631937 -0.6732087

1499534675942 ROTATION_VECTOR 0.0024691487 -0.3020462 0.77390176

1499534676129 GRAVITY 3.3826878 -4.8895445 7.7987285

1499534676134 LINEAR_ACCELERATION 2.9268258 3.5706139 0.36318684

1499534676135 ROTATION_VECTOR -0.037875928 -0.317712 0.7098607

1499534676137 ACCELEROMETER 6.1024323 -1.1048431 7.7769775

1499534676139 GYROSCOPE -0.3524475 0.54904175 -0.38607788

1499534676140 MAGNETIC_FIELD -20.510864 -1.9943237 -46.777344

1499534676330 ACCELEROMETER 5.997574 -1.6966858 8.137878

1499534676335 GYROSCOPE 0.002166748 0.2798767 -0.35617065

1499534676338 MAGNETIC_FIELD -18.544006 -0.4928589 -46.627808

1499534676341 GRAVITY 3.2505052 -4.744318 7.9433017

1499534676344 LINEAR_ACCELERATION 2.972933 2.6048326 0.7044544

1499534676346 ROTATION_VECTOR -0.053647142 -0.30352315 0.6792236

1499534676530 GRAVITY 3.5758126 -4.4227386 7.9889503

1499534676547 LINEAR_ACCELERATION 2.327442 1.8185973 -0.11466408

1499534676562 ROTATION_VECTOR -0.026692789 -0.3032563 0.685358

1499534676564 ACCELEROMETER 5.729553 -2.370224 7.5908813

1499534676567 GYROSCOPE 0.058776855 -0.22213745 -0.15856934

1499534676569 MAGNETIC_FIELD -17.048645 -0.61950684 -46.868896

1499534676736 GRAVITY 4.0666223 -4.5539455 7.6742787

1499534676745 LINEAR_ACCELERATION 1.3237321 1.6465435 -0.7843766

1499534676758 ROTATION_VECTOR -0.008426395 -0.3296205 0.68787587

1499534676758 ACCELEROMETER 5.257736 -2.6476746 6.6953735

1499534676758 GYROSCOPE -0.62054443 0.07373047 -0.49395752

1499534676759 MAGNETIC_FIELD -15.553284 -2.1392822 -48.21472

1499534676927 ACCELEROMETER 4.44545 -1.4951935 5.950989

1499534676928 GYROSCOPE -1.1471252 0.40805054 -0.46084595

1499534676928 MAGNETIC_FIELD -14.854431 0.2319336 -48.509216

1499534676929 GRAVITY 4.2181053 -5.3000946 7.0913305

1499534676929 LINEAR_ACCELERATION 0.2533605 3.631112 -0.60338163

1499534676929 ROTATION_VECTOR -0.055443093 -0.36792502 0.6320334

1499534677133 GRAVITY 4.0396547 -6.130092 6.501811

1499534677138 LINEAR_ACCELERATION -0.7656019 4.692469 -2.1114526

1499534677148 ROTATION_VECTOR -0.10495045 -0.39684418 0.6078141

1499534677157 ACCELEROMETER 2.9557037 -0.93811035 4.1469574

1499534677160 GYROSCOPE 0.014984131 -0.35565186 0.84866333

1499534677163 MAGNETIC_FIELD -10.369873 7.3394775 -49.601746

1499534677340 ACCELEROMETER 5.4972076 -4.5904846 7.5979004

1499534677350 GRAVITY 2.7826133 -6.437838 6.8543186

1499534677354 LINEAR_ACCELERATION 3.2827148 0.3965807 2.9245148

1499534677357 ROTATION_VECTOR -0.16307415 -0.35204235 0.6139621

1499534677360 GYROSCOPE -0.23602295 1.7506714 -0.09234619

1499534677363 MAGNETIC_FIELD -10.159302 11.29303 -48.864746

1499534677530 ACCELEROMETER 3.770172 -7.6705475 14.423172

1499534677531 GYROSCOPE 1.8745728 1.42276 -0.6520386

1499534677531 MAGNETIC_FIELD -7.5134277 9.635925 -46.987915

1499534677532 GRAVITY 0.76142687 -4.9771533 8.415376

1499534677532 LINEAR_ACCELERATION 2.3699627 -2.935275 5.9858236

1499534677533 ROTATION_VECTOR -0.17415166 -0.20151035 0.62557364

1499534677737 GRAVITY -4.7686105 -1.0670929 8.502474

1499534677740 LINEAR_ACCELERATION 7.9131885 12.460736 0.41052294

1499534677745 ROTATION_VECTOR -0.17849515 0.18610208 0.5003813

1499534677748 ACCELEROMETER 4.3850403 8.120346 10.457687

1499534677750 GYROSCOPE 1.2796326 6.260254 -2.1474

1499534677753 MAGNETIC_FIELD 8.01239 -4.396057 -43.91632

1499534677939 ACCELEROMETER -0.12940979 6.0063477 10.51207

1499534677945 GYROSCOPE -0.20184326 -2.953308 -2.593872

1499534677948 MAGNETIC_FIELD 39.19983 -5.49469 -26.527405

1499534677950 GRAVITY -6.0623765 -1.8508102 7.482812

1499534677953 LINEAR_ACCELERATION 7.0406637 6.4182463 5.994134

1499534677956 ROTATION_VECTOR -0.18066473 0.2929898 0.23796372

1499534678139 GRAVITY -6.5056224 -4.657382 5.6706314

1499534678145 LINEAR_ACCELERATION -6.5534525 5.7614264 6.4171715

1499534678148 ROTATION_VECTOR -0.25886285 0.37929973 -0.019941809

1499534678151 ACCELEROMETER -9.437271 1.4271393 13.169052

1499534678154 GYROSCOPE -0.85339355 5.6888123 -2.0064087

1499534678156 MAGNETIC_FIELD 44.075012 -1.0482788 -19.334412

1499534678334 ACCELEROMETER 0.9058075 6.105957 2.4169006

1499534678338 GRAVITY -8.778528 -4.284386 0.8671086

1499534678345 LINEAR_ACCELERATION 10.739809 9.735274 0.26266646

1499534678346 GYROSCOPE 2.1853943 1.4932556 0.99819946

1499534678347 MAGNETIC_FIELD 45.93048 -4.7210693 -10.769653

1499534678348 ROTATION_VECTOR -0.1767432 0.6515763 -0.13871619

1499534678536 ACCELEROMETER -7.9407043 1.5723419 -2.2089539

1499534678538 GYROSCOPE 1.4163513 -0.9463196 -0.20343018

1499534678539 MAGNETIC_FIELD 50.950623 -5.5618286 9.461975

1499534678539 GRAVITY -9.288767 -2.8177485 1.3962407

1499534678540 LINEAR_ACCELERATION -0.85157394 3.7338586 -3.0535097

1499534678550 ROTATION_VECTOR -0.017969405 0.6545904 -0.19946207

1499534678743 GRAVITY -9.259518 -2.3093402 2.2580233

1499534678748 LINEAR_ACCELERATION -1.2396374 4.1331444 -3.1457684

1499534678750 ROTATION_VECTOR 0.011443324 0.6202757 -0.20379695

1499534678753 ACCELEROMETER -9.389221 1.92836 -1.3610077

1499534678755 GYROSCOPE -0.21572876 0.16452026 0.28897095

1499534678758 MAGNETIC_FIELD 48.57788 -0.5645752 18.52417

1499534678945 GRAVITY -9.632536 -1.0640925 1.5007824

1499534678948 LINEAR_ACCELERATION 0.118943214 4.7440867 -3.007493

1499534678950 ROTATION_VECTOR 0.037739243 0.6496593 -0.12699723

1499534678953 ACCELEROMETER -8.578857 3.460205 -1.5507202

1499534678955 GYROSCOPE -0.11532593 0.40270996 0.81555176

1499534678958 MAGNETIC_FIELD 48.75946 -3.8711548 18.876648

1499534679145 ACCELEROMETER -7.233139 4.8167725 -1.9082184

1499534679149 GYROSCOPE 0.1816101 0.1463623 -0.2333374

1499534679151 MAGNETIC_FIELD 47.80426 -9.52301 19.992065

1499534679154 GRAVITY -9.771735 -0.19072786 0.8044956

1499534679156 LINEAR_ACCELERATION 1.0136986 4.891208 -2.776394

1499534679168 ROTATION_VECTOR 0.053814344 0.6753415 -0.07272325

