1505927538601 ACCELEROMETER 1.0527496 5.878296 4.8893127

1505927538603 GYROSCOPE 0.30685425 -0.96920776 -0.18218994

1505927538604 MAGNETIC_FIELD 12.973022 -45.269775 -24.539185

1505927538605 GRAVITY 1.3023728 7.0557475 6.685106

1505927538605 LINEAR_ACCELERATION 0.0 0.0 -0.0

1505927538606 ROTATION_VECTOR 0.0 0.0 0.0

1505927538808 ACCELEROMETER 5.342499 7.516815 6.1799316

1505927538809 GYROSCOPE -0.22399902 0.02734375 1.7959595

1505927538810 MAGNETIC_FIELD 5.7174683 -41.06598 -31.921387

1505927538811 GRAVITY 3.5086663 6.61024 6.337537

1505927538812 LINEAR_ACCELERATION 0.9121368 0.77290297 0.8794975

1505927538814 ROTATION_VECTOR 0.3267936 0.26472908 0.83494896

1505927539003 ACCELEROMETER 4.140579 5.819031 6.7294006

1505927539005 GYROSCOPE -1.7268372 0.1010437 0.6840515

1505927539005 MAGNETIC_FIELD -1.03302 -40.730286 -35.203552

1505927539006 GRAVITY 4.8648715 5.119493 6.803984

1505927539006 LINEAR_ACCELERATION -0.7938862 1.174706 -2.0475717

1505927539007 ROTATION_VECTOR 0.35543492 0.16358288 0.854776

1505927539204 ACCELEROMETER 3.6155548 3.2530365 5.329239

1505927539205 GYROSCOPE 0.55892944 0.58917236 -0.2644348

1505927539206 MAGNETIC_FIELD 0.4852295 -38.879395 -35.038757

1505927539206 LINEAR_ACCELERATION -0.28895235 0.15793419 -0.36328554

1505927539207 GRAVITY 4.5116215 4.1876397 7.6340904

1505927539207 ROTATION_VECTOR 0.3227545 0.0812358 0.8268276

1505927539440 ACCELEROMETER 2.2295685 0.37225342 4.784561

1505927539441 GYROSCOPE -0.3276062 -4.520691 5.249176

1505927539442 LINEAR_ACCELERATION -6.2223825 0.37525368 0.0715394

1505927539442 GRAVITY 8.415935 1.5087733 4.802711

1505927539443 ROTATION_VECTOR 0.50470835 0.019983789 0.85487527

1505927539641 ACCELEROMETER 17.651398 -4.4743958 4.119034

1505927539641 GYROSCOPE -4.2240906 1.9221802 2.9003906

1505927539642 MAGNETIC_FIELD -21.318054 -42.486572 -17.367554

1505927539642 LINEAR_ACCELERATION 10.233973 0.6027918 3.349554

1505927539643 GRAVITY 8.090296 -5.4729214 0.87443763

1505927539644 ROTATION_VECTOR -0.6448144 -0.19907407 -0.46206045

1505927539842 ACCELEROMETER 12.037781 -1.237915 4.4622498

1505927539842 GYROSCOPE -2.7597046 0.3670044 -1.2278748

1505927539843 MAGNETIC_FIELD -46.67206 -10.664368 -9.378052

1505927539843 GRAVITY 8.367386 -5.031036 -0.9197407

1505927539844 LINEAR_ACCELERATION 4.2897186 3.6700072 6.0737157

1505927539844 ROTATION_VECTOR -0.57322776 -0.46722978 -0.22801407

1505927540042 ACCELEROMETER 6.388611 -4.3799286 3.304947

1505927540043 GYROSCOPE -1.7001343 -0.03353882 0.98739624

1505927540044 MAGNETIC_FIELD -47.636414 5.9921265 -12.799072

1505927540044 GRAVITY 8.678604 -4.1054077 -1.9994603

1505927540045 LINEAR_ACCELERATION -1.8050728 0.1357534 4.8967404

1505927540045 ROTATION_VECTOR -0.6678988 -0.39478514 -0.35368764

1505927540243 ACCELEROMETER 15.450928 -7.55455 3.2232056

1505927540245 GYROSCOPE -1.7321777 0.5272217 -2.2286987

1505927540246 MAGNETIC_FIELD -46.447754 5.1742554 -20.368958

1505927540246 GRAVITY 9.298598 -2.6923943 -1.5676343

1505927540247 LINEAR_ACCELERATION 5.7107267 -5.6622267 5.5925164

1505927540247 ROTATION_VECTOR -0.68857366 -0.32525897 -0.4859246

1505927540444 ACCELEROMETER 8.2881775 -4.1399384 1.1154327

1505927540445 GYROSCOPE 1.5501404 -0.6850891 -0.13626099

1505927540445 MAGNETIC_FIELD -40.28473 13.249207 -28.533936

1505927540446 GRAVITY 9.656217 -0.7516317 -1.5371763

1505927540446 LINEAR_ACCELERATION -0.29145718 -3.1468823 1.7927349

1505927540447 ROTATION_VECTOR -0.6846111 -0.33118245 -0.5608184

1505927540645 ACCELEROMETER 5.8267975 -3.856598 2.3485718

1505927540646 GYROSCOPE 0.9552002 -0.059173584 -0.25482178

1505927540646 MAGNETIC_FIELD -46.63086 -1.2420654 -16.54663

1505927540647 GRAVITY 9.58572 -1.0858719 -1.7621678

1505927540647 LINEAR_ACCELERATION -3.6517448 -2.9758806 4.274089

1505927540648 ROTATION_VECTOR -0.69974047 -0.31655785 -0.55007994

1505927540846 ACCELEROMETER 7.5594482 -4.7056885 1.1592407

1505927540846 GYROSCOPE -1.0314941 0.37875366 0.014343262

1505927540847 MAGNETIC_FIELD -48.32306 -5.467224 -15.393066

1505927540848 GRAVITY 9.668243 -1.0668888 -1.2478834

1505927540848 LINEAR_ACCELERATION -2.302905 -2.1241295 2.5390277

1505927540849 ROTATION_VECTOR -0.70243883 -0.26496044 -0.588778

1505927541046 ACCELEROMETER 14.742432 -8.266357 1.6376038

1505927541047 GYROSCOPE -3.227539 0.62976074 -1.1029053

1505927541048 MAGNETIC_FIELD -44.995117 -8.999634 -19.541931

1505927541049 GRAVITY 9.801527 -0.3162696 0.02074003

1505927541049 LINEAR_ACCELERATION 5.7695913 -9.497141 1.9128969

1505927541050 ROTATION_VECTOR -0.7029348 -0.06946395 -0.70181155

1505927541249 ACCELEROMETER 7.048355 -4.7833557 1.8384705

1505927541250 GRAVITY 9.755133 -0.41125417 0.91578096

1505927541250 LINEAR_ACCELERATION -2.5251389 -4.3114614 -0.07936591

1505927541251 GYROSCOPE -2.4072266 0.30718994 0.84854126

1505927541252 MAGNETIC_FIELD -44.049072 -4.521179 -24.658203

1505927541253 ROTATION_VECTOR 0.6548725 -0.15636563 0.7257641

1505927541455 ACCELEROMETER 7.67128 -2.6060333 3.9882813

1505927541455 GYROSCOPE -0.15563965 0.5058594 0.16708374

1505927541456 MAGNETIC_FIELD -45.690918 4.0527344 -19.43512

1505927541456 GRAVITY 9.536139 -1.6885163 1.5431696

1505927541457 LINEAR_ACCELERATION -1.2445631 -1.2402024 2.9952588

1505927541457 ROTATION_VECTOR 0.59493744 -0.25955668 0.7396001

1505927541650 ACCELEROMETER 10.700256 -4.6384735 1.5132599

1505927541651 GYROSCOPE -1.62323 0.9768982 0.28030396

1505927541651 MAGNETIC_FIELD -43.54248 10.83374 -22.569275

1505927541652 GRAVITY 9.176683 -2.4454436 2.445134

1505927541652 LINEAR_ACCELERATION 0.67233086 -1.482269 -1.0654051

1505927541652 ROTATION_VECTOR 0.4904831 -0.36709562 0.7333706

1505927541853 GRAVITY 9.5382595 -1.4426361 1.7637428

1505927541854 LINEAR_ACCELERATION 5.1398077 -2.158205 -4.8805575

1505927541854 ROTATION_VECTOR 0.45966887 -0.445846 0.6251017

1505927541855 ACCELEROMETER 13.435852 -2.971695 -3.265503

1505927541855 GYROSCOPE -0.058441162 -1.1048584 -1.879425

1505927541855 MAGNETIC_FIELD -42.166138 12.980652 -23.805237

1505927542055 ACCELEROMETER 6.8070984 -1.8369598 1.9946136

1505927542058 GRAVITY 9.674808 1.3335263 0.888925

1505927542059 LINEAR_ACCELERATION -2.7070293 -3.5210428 1.4337748

1505927542060 ROTATION_VECTOR 0.5934912 -0.32007128 0.5960141

1505927542061 GYROSCOPE 1.2008667 0.2623291 -0.9875488

1505927542062 MAGNETIC_FIELD -44.569397 -0.692749 -23.069763

1505927542252 ACCELEROMETER 11.4075165 -3.1781616 0.95518494

1505927542259 GRAVITY 9.60657 1.5948598 1.1578457

1505927542260 LINEAR_ACCELERATION 0.9138632 -3.959434 -0.48629904

1505927542262 ROTATION_VECTOR 0.64066166 -0.17469676 0.6793938

1505927542263 GYROSCOPE 0.44677734 0.34991455 0.61035156

1505927542264 MAGNETIC_FIELD -44.433594 -11.766052 -21.209717

1505927542459 ACCELEROMETER 10.910858 -2.2655334 -1.0850525

1505927542462 GYROSCOPE 0.11993408 -0.6893616 -0.3904724

1505927542465 MAGNETIC_FIELD -38.389587 -19.468689 -26.721191

1505927542468 GRAVITY 9.713179 1.1910583 0.63711727

1505927542470 LINEAR_ACCELERATION 2.3996878 -4.533599 -1.957874

1505927542475 ROTATION_VECTOR 0.6623381 -0.16977735 0.6795541

1505927542654 ACCELEROMETER 11.110489 -0.09289551 -0.74684143

1505927542654 GYROSCOPE -4.8243713 -1.2319641 -0.31784058

1505927542655 MAGNETIC_FIELD -40.60974 -11.11908 -28.425598

1505927542655 GRAVITY 9.703496 1.3466843 -0.446094

1505927542656 LINEAR_ACCELERATION 1.0214758 -0.54590094 -0.05291304

1505927542656 ROTATION_VECTOR 0.62976664 -0.35515973 0.54937977

1505927542858 GRAVITY 9.710301 0.17408314 -1.3601928

1505927542859 LINEAR_ACCELERATION -0.3274393 -2.6103756 4.165509

1505927542859 ROTATION_VECTOR 0.507872 -0.5580471 0.43292838

1505927542859 ACCELEROMETER 8.250122 -2.1468506 2.5056915

1505927542860 GYROSCOPE -0.35217285 -0.03353882 1.5855408

1505927542860 MAGNETIC_FIELD -43.66913 -3.4057617 -26.028442

1505927543068 GRAVITY 9.318843 -2.8655913 -1.0573292

1505927543099 LINEAR_ACCELERATION -1.2848778 -1.6117144 2.2452116

1505927543118 ACCELEROMETER 8.928146 -4.2994537 1.8321838

1505927543119 GYROSCOPE 0.5781555 0.16833496 1.4328003

1505927543119 MAGNETIC_FIELD -43.55011 10.858154 -22.984314

1505927543119 ROTATION_VECTOR 0.35524237 -0.65399665 0.47722247

1505927543256 ACCELEROMETER 10.300308 -3.0013428 1.8343048

1505927543257 GYROSCOPE -2.9626465 2.6698608 -3.5809326

1505927543257 MAGNETIC_FIELD -24.516296 34.43451 -26.068115

1505927543258 GRAVITY 9.656832 -0.6178818 1.5919235

1505927543258 LINEAR_ACCELERATION 1.0987816 -1.6497269 0.8224293

1505927543259 ROTATION_VECTOR 0.24925546 -0.59724885 0.33793542

1505927543469 ACCELEROMETER 4.4420624 -8.806732 5.3228455

1505927543475 GYROSCOPE 10.861969 3.5745544 3.171692

1505927543478 MAGNETIC_FIELD -26.789856 35.542297 -22.201538

1505927543480 GRAVITY 7.0259957 0.5902365 6.815966

1505927543484 LINEAR_ACCELERATION -1.4443421 -7.343515 1.6349826

1505927543506 ROTATION_VECTOR 0.31833282 -0.22615628 0.7032235

1505927543657 ACCELEROMETER 11.239319 -1.2267761 -7.8259277

1505927543658 GYROSCOPE -5.83374 18.66809 -0.9555054

1505927543658 MAGNETIC_FIELD -30.59082 29.08783 -23.883057

1505927543658 GRAVITY -9.493354 2.29925 0.8718177

1505927543659 LINEAR_ACCELERATION 16.972095 -7.343107 -14.749675

1505927543659 ROTATION_VECTOR -0.63243467 0.23574582 0.7326343

1505927543858 ACCELEROMETER 9.116241 -11.067352 16.236008

1505927543858 GYROSCOPE -23.060303 -1.0760193 33.10669

1505927543859 MAGNETIC_FIELD -1.1993408 34.570313 -9.843445

1505927543859 GRAVITY 0.27140418 2.1984916 9.553185

1505927543860 LINEAR_ACCELERATION 8.8021145 -8.498309 10.663825

1505927543860 ROTATION_VECTOR 0.04269904 0.105355926 0.95955485

1505927544059 ACCELEROMETER 17.149124 -18.110535 0.16255188

1505927544059 GYROSCOPE -4.6118164 -3.6533813 -0.048675537

1505927544060 MAGNETIC_FIELD 14.526367 21.920776 38.938904

1505927544061 LINEAR_ACCELERATION 23.043182 -17.424824 7.649355

1505927544061 GRAVITY -4.011604 -2.6218348 -8.555899

1505927544062 ROTATION_VECTOR -0.96498835 -0.07090092 0.22094108

1505927544259 ACCELEROMETER 7.7388916 -6.2668915 7.8860016

1505927544261 LINEAR_ACCELERATION 13.379084 -7.866348 14.845494

1505927544262 GRAVITY -6.73964 1.2084032 -7.0204988

1505927544263 GYROSCOPE -0.10864258 0.29864502 -0.048675537

1505927544263 MAGNETIC_FIELD -0.63171387 -21.717834 42.03186

1505927544264 ROTATION_VECTOR 0.9251425 0.045355737 -0.36728263

1505927544461 ACCELEROMETER 0.92141724 -2.5501862 -12.987427

1505927544462 GYROSCOPE 0.3250122 0.7878418 4.702301

1505927544463 MAGNETIC_FIELD -5.3482056 15.960693 39.624023

1505927544463 GRAVITY -4.412802 3.4074051 -8.067661

1505927544464 LINEAR_ACCELERATION 3.770957 -7.9068384 -5.250583

1505927544465 ROTATION_VECTOR 0.9511996 -0.080966175 -0.25026643

1505927544661 ACCELEROMETER 1.3084412 2.6239777 -6.105057

1505927544662 GYROSCOPE -0.49316406 -1.5150146 -0.04333496

1505927544663 MAGNETIC_FIELD 21.16394 1.8508911 43.03589

1505927544664 GRAVITY -2.6587265 5.1166887 -7.9322796

1505927544665 LINEAR_ACCELERATION 3.8676581 0.40513444 -3.7562957

1505927544665 ROTATION_VECTOR 0.88288057 -0.35349056 -0.23428917

1505927544862 ACCELEROMETER -0.008590698 0.43911743 -3.5800781

1505927544863 GYROSCOPE -1.5260315 -0.97561646 -0.049743652

1505927544864 MAGNETIC_FIELD 28.717041 -11.595154 38.64746

1505927544865 GRAVITY -4.272457 6.58085 -5.8829336

1505927544865 LINEAR_ACCELERATION 3.3101995 -4.7382836 3.9303355

1505927544866 ROTATION_VECTOR 0.81970894 -0.35780355 -0.3732937

1505927545063 ACCELEROMETER -0.19979858 0.6582489 -12.277695

1505927545064 GYROSCOPE -0.008239746 0.00491333 -0.049743652

1505927545065 MAGNETIC_FIELD 24.603271 -5.3222656 42.43164

1505927545066 GRAVITY -4.5534077 7.037043 -5.0908637

1505927545066 LINEAR_ACCELERATION 2.7470155 -3.808241 -10.1398325

1505927545067 ROTATION_VECTOR 0.83711416 -0.24249057 -0.3704067

1505927545263 ACCELEROMETER 0.24533081 -0.23666382 -9.834885

1505927545265 GYROSCOPE -0.008239746 0.0027770996 -0.049743652

1505927545266 MAGNETIC_FIELD 24.900818 -4.8843384 42.04254

1505927545267 GRAVITY -4.431576 6.7243404 -5.59596

1505927545267 LINEAR_ACCELERATION 3.3496659 -4.948257 -5.8979664

1505927545268 ROTATION_VECTOR 0.86651593 -0.1856466 -0.33035842

1505927545464 ACCELEROMETER 0.253891 -0.22096252 -9.880722

1505927545465 GYROSCOPE -0.010375977 0.0017089844 -0.046539307

1505927545467 MAGNETIC_FIELD 25.134277 -4.6707153 41.864014

1505927545467 GRAVITY -4.290273 6.399288 -6.067376

1505927545468 LINEAR_ACCELERATION 3.2326813 -4.67116 -5.6756177

1505927545469 ROTATION_VECTOR 0.88492835 -0.16202436 -0.3044864

1505927545665 ACCELEROMETER 0.114349365 -0.9050293 -6.419586

1505927545666 GYROSCOPE 0.16265869 -0.2994995 -0.34988403

1505927545666 MAGNETIC_FIELD 24.737549 -5.142212 43.26935

1505927545667 GRAVITY -4.520518 5.8353577 -6.4563074

1505927545667 LINEAR_ACCELERATION 2.9283972 -4.205716 -5.3575945

1505927545668 ROTATION_VECTOR 0.9026358 -0.12011939 -0.2940007

1505927545866 ACCELEROMETER 6.8349915 -1.6167908 -5.699539

1505927545867 GYROSCOPE -1.0496521 -2.371643 -5.2407837

1505927545867 MAGNETIC_FIELD 25.038147 -5.506897 42.196655

1505927545868 GRAVITY -8.105463 3.149539 -4.5334606

1505927545868 LINEAR_ACCELERATION 13.536616 -3.4285321 0.83283615

1505927545869 ROTATION_VECTOR 0.8338567 0.18927544 -0.42975008

1505927546067 ACCELEROMETER -10.197968 -2.8380432 0.040771484

1505927546068 GYROSCOPE -6.954193 -7.210205 0.58044434

1505927546069 MAGNETIC_FIELD 32.670593 1.5899658 37.493896

1505927546069 GRAVITY -8.570385 2.2336166 4.210682

1505927546070 LINEAR_ACCELERATION -6.3908143 -5.248105 -8.782364

1505927546070 ROTATION_VECTOR 0.42681944 0.32115436 -0.5254982

1505927546268 ACCELEROMETER -4.236023 3.5296173 6.558319

1505927546270 GYROSCOPE 1.1634827 -2.0447998 -0.044403076

1505927546270 MAGNETIC_FIELD 46.38977 -11.022949 -11.743164

1505927546271 GRAVITY -1.167069 0.116831265 9.736257

1505927546271 LINEAR_ACCELERATION -1.883451 2.1789298 3.484046

1505927546272 ROTATION_VECTOR 0.01957059 0.05662223 -0.23048879

1505927546469 ACCELEROMETER -5.084442 6.8990784 5.1644745

1505927546470 GYROSCOPE 0.91781616 0.33389282 0.23010254

1505927546471 MAGNETIC_FIELD 25.344849 -17.189026 -39.47296

1505927546471 GRAVITY 0.030118944 2.5680418 9.464388

1505927546472 LINEAR_ACCELERATION -5.43382 5.0166383 -1.1927896

1505927546472 ROTATION_VECTOR 0.12820755 -0.03183295 -0.22756498

1505927546670 ACCELEROMETER -2.2119598 8.965561 5.137207

1505927546671 GYROSCOPE 1.695404 1.4212341 -0.09567261

1505927546672 MAGNETIC_FIELD 20.054626 -24.076843 -37.90741

1505927546672 GRAVITY -1.6083348 5.25567 8.121674

1505927546673 LINEAR_ACCELERATION -2.8667624 5.860081 0.16884899

1505927546673 ROTATION_VECTOR 0.2930461 0.0058217915 -0.2615578

1505927546874 ACCELEROMETER -0.75894165 5.8552856 0.56570435

1505927546875 GYROSCOPE 2.203827 0.9363098 3.2080078

1505927546876 MAGNETIC_FIELD 28.901672 -32.618713 -22.276306

1505927546877 GRAVITY -1.0445551 8.23605 5.219844

1505927546877 LINEAR_ACCELERATION 1.9421318 -0.7960429 -1.6345596

1505927546878 ROTATION_VECTOR 0.0 0.0 0.0

1505927547079 ACCELEROMETER -6.67865 11.181473 -3.697464

1505927547093 GYROSCOPE -0.17166138 -2.8405457 1.1871338

1505927547101 MAGNETIC_FIELD 28.89862 -41.35742 -7.4157715

1505927547107 GRAVITY 2.4809456 9.1418085 2.5382338

1505927547125 LINEAR_ACCELERATION -8.416815 5.877617 -4.807124

1505927547125 ROTATION_VECTOR 0.2833626 -0.5387873 -0.5809358

1505927547273 ACCELEROMETER -4.82312 6.5538483 -4.582794

1505927547274 GYROSCOPE 4.560089 -1.5865784 -1.6647339

1505927547286 MAGNETIC_FIELD 10.417175 -47.888184 -6.013489

1505927547287 GRAVITY 0.6908751 9.445337 -2.5453253

1505927547287 LINEAR_ACCELERATION -5.4755588 1.174304 -2.6097007

1505927547287 ROTATION_VECTOR 0.22325724 -0.7615324 -0.5698431

1505927547477 ACCELEROMETER -3.6804657 1.8591003 -3.8125305

1505927547478 GYROSCOPE 1.0395813 -1.0226135 -0.284729

1505927547479 MAGNETIC_FIELD 14.224243 -43.151855 18.304443

1505927547487 GRAVITY -3.117532 6.5114145 -6.6372333

1505927547489 LINEAR_ACCELERATION -1.6675134 -1.3830099 0.08148575

1505927547492 ROTATION_VECTOR -0.04487689 0.91454405 0.37064725

1505927547683 ACCELEROMETER -7.129425 0.33013916 -4.653885

1505927547687 GYROSCOPE -0.6170654 -0.2001648 0.42022705

1505927547689 GRAVITY -4.1753945 6.001257 -6.5361595

1505927547692 LINEAR_ACCELERATION -3.5288064 -4.1460752 0.24556541

1505927547694 ROTATION_VECTOR 0.26355022 0.8739523 0.2535908

1505927547696 MAGNETIC_FIELD 29.837036 -26.116943 32.177734

1505927547884 ACCELEROMETER -7.8917847 2.5744019 -5.6931763

1505927547887 GYROSCOPE -0.36392212 -0.21191406 0.039978027

1505927547890 MAGNETIC_FIELD 31.144714 -28.549194 29.051208

1505927547892 GRAVITY -4.4622617 6.5373898 -5.789745

1505927547894 LINEAR_ACCELERATION -4.9112654 -2.1000328 -1.8049603

1505927547896 ROTATION_VECTOR 0.3854503 0.80412865 0.2267782

1505927548085 ACCELEROMETER -7.263611 3.1714325 -5.4213104

1505927548088 GYROSCOPE -0.10543823 0.15231323 0.19699097

1505927548090 MAGNETIC_FIELD 29.064941 -32.107544 25.048828

1505927548092 GRAVITY -4.598924 6.6853433 -5.5069475

1505927548095 LINEAR_ACCELERATION -4.243477 -1.4468808 -1.9119692

1505927548097 ROTATION_VECTOR 0.53767955 0.70119673 0.14464228

