1505927481074 ACCELEROMETER 0.067733765 6.4522247 6.454483

1505927481076 GYROSCOPE -0.6854248 0.8038635 0.035705566

1505927481076 MAGNETIC_FIELD -16.137695 -21.603394 -41.682434

1505927481079 GRAVITY 0.554998 6.922866 6.9236035

1505927481079 LINEAR_ACCELERATION 0.0 0.0 -0.0

1505927481080 ROTATION_VECTOR 0.0 0.0 0.0

1505927481275 ACCELEROMETER -1.8153992 5.138565 7.2100525

1505927481275 GYROSCOPE -0.28701782 -1.4797668 0.31982422

1505927481276 MAGNETIC_FIELD -8.543396 -13.363647 -47.424316

1505927481276 GRAVITY 0.084932715 6.1705494 7.6215153

1505927481277 LINEAR_ACCELERATION -1.1652446 0.22822046 0.42901182

1505927481277 ROTATION_VECTOR 0.29390138 -0.15821773 -0.4353637

1505927481475 ACCELEROMETER 0.3234558 4.617401 7.946747

1505927481476 GYROSCOPE -0.095825195 0.9929199 -0.18753052

1505927481476 MAGNETIC_FIELD -24.406433 -10.336304 -42.175293

1505927481477 GRAVITY 0.09604081 5.587941 8.058292

1505927481478 LINEAR_ACCELERATION -0.9155259 -1.4028611 -0.7702527

1505927481478 ROTATION_VECTOR 0.26121992 -0.14458765 -0.44776848

1505927481676 ACCELEROMETER 2.4563446 6.089386 10.102234

1505927481677 GYROSCOPE 1.9100952 0.9512634 0.43197632

1505927481677 MAGNETIC_FIELD -16.137695 -8.822632 -45.620728

1505927481677 GRAVITY -0.35821626 6.4504485 7.3779254

1505927481678 LINEAR_ACCELERATION 2.037191 -0.7262182 2.2590604

1505927481678 ROTATION_VECTOR 0.32776532 -0.12806402 -0.38846776

1505927481912 ACCELEROMETER 3.376648 6.2902985 4.519333

1505927481912 GYROSCOPE -1.095581 -0.63809204 4.2248535

1505927481913 MAGNETIC_FIELD -24.194336 -12.158203 -41.033936

1505927481914 LINEAR_ACCELERATION -1.0908177 0.47452736 -0.28531885

1505927481914 GRAVITY 2.5359943 6.5269823 6.865685

1505927481915 ROTATION_VECTOR 0.33229062 -0.19882265 -0.15471953

1505927482113 ACCELEROMETER 8.948257 3.8876953 -2.3274384

1505927482114 GYROSCOPE 2.074585 -6.3076477 0.6616211

1505927482114 MAGNETIC_FIELD -38.66272 -2.9388428 -28.419495

1505927482115 GRAVITY 8.316758 5.06048 1.1804553

1505927482115 LINEAR_ACCELERATION 2.222125 0.24687481 -1.1325027

1505927482116 ROTATION_VECTOR 0.37400708 -0.5476607 0.03931055

1505927482314 ACCELEROMETER 8.580185 -3.8974 1.1247253

1505927482314 GYROSCOPE -1.521759 -0.6551819 4.15329

1505927482315 MAGNETIC_FIELD -46.357727 4.9362183 8.898926

1505927482316 GRAVITY 8.458173 0.23543446 -4.9572444

1505927482316 LINEAR_ACCELERATION -1.4212985 -2.748959 4.2129326

1505927482317 ROTATION_VECTOR 0.29228783 -0.8168947 0.15442374

1505927482515 ACCELEROMETER 16.364151 -3.681244 2.6300507

1505927482515 GYROSCOPE 2.5541687 -0.1723938 -1.2086487

1505927482516 MAGNETIC_FIELD -27.366638 35.92682 14.933777

1505927482516 GRAVITY 8.521202 -2.863199 -3.9193869

1505927482517 LINEAR_ACCELERATION 8.5158205 -1.9585791 7.702165

1505927482518 ROTATION_VECTOR 0.096214145 -0.831009 0.2330756

1505927482716 ACCELEROMETER 9.678253 -3.8855438 -0.33512878

1505927482717 GYROSCOPE 0.35705566 0.18435669 -0.63827515

1505927482717 MAGNETIC_FIELD -27.18811 42.385864 2.0019531

1505927482718 GRAVITY 8.975951 -2.3944805 -3.1415198

1505927482718 LINEAR_ACCELERATION 1.3297262 -0.80773973 1.6240063

1505927482719 ROTATION_VECTOR 0.2103465 -0.78481036 0.29095024

1505927482916 ACCELEROMETER 8.964752 -4.570404 0.8511505

1505927482917 GYROSCOPE 0.65185547 -0.21298218 -1.6358948

1505927482917 MAGNETIC_FIELD -32.577515 36.723328 -4.9179077

1505927482918 GRAVITY 9.384585 -1.0074857 -2.6617503

1505927482918 LINEAR_ACCELERATION 0.044161797 -3.362099 4.3657827

1505927482919 ROTATION_VECTOR 0.358028 -0.7124096 0.32704172

1505927483117 ACCELEROMETER 8.764252 -7.9844666 -0.114349365

1505927483118 GYROSCOPE -2.504425 0.40011597 1.6763306

1505927483118 MAGNETIC_FIELD -40.1474 29.02069 -5.8502197

1505927483119 GRAVITY 9.407248 -1.2197642 -2.4872203

1505927483119 LINEAR_ACCELERATION -0.1045208 -6.732211 1.3892822

1505927483120 ROTATION_VECTOR 0.34888852 -0.71069664 0.3374822

1505927483318 ACCELEROMETER 8.138443 -4.0457916 0.8770447

1505927483319 GYROSCOPE -1.9062805 0.39157104 0.6263733

1505927483319 MAGNETIC_FIELD -32.209778 37.890625 3.0700684

1505927483320 GRAVITY 9.178987 -2.2080922 -2.6534748

1505927483321 LINEAR_ACCELERATION -1.0090847 -2.3920512 3.7813582

1505927483322 ROTATION_VECTOR 0.063275486 -0.7945349 0.18741475

1505927483519 ACCELEROMETER 8.38797 -3.5576935 2.098938

1505927483520 GYROSCOPE 0.6315613 -0.34222412 0.60821533

1505927483520 MAGNETIC_FIELD -26.37024 41.36505 9.204102

1505927483521 LINEAR_ACCELERATION -0.80112934 -0.6854644 4.863139

1505927483521 GRAVITY 8.932594 -3.0696278 -2.637522

1505927483522 ROTATION_VECTOR -0.16584826 -0.77908313 0.073129825

1505927483725 ACCELEROMETER 12.701324 -4.6953735 -0.86161804

1505927483726 GYROSCOPE 1.0876465 -0.0741272 -1.3261414

1505927483726 MAGNETIC_FIELD -22.634888 43.73169 8.602905

1505927483726 GRAVITY 9.058813 -2.902631 -2.3839083

1505927483727 LINEAR_ACCELERATION 4.208355 -2.0761409 1.1937339

1505927483727 ROTATION_VECTOR -0.13296606 -0.77708787 0.08622121

1505927483924 ACCELEROMETER 10.86879 -6.344055 0.9245758

1505927483924 GYROSCOPE 0.19470215 -0.64450073 -1.6188049

1505927483925 MAGNETIC_FIELD -29.490662 40.742493 3.5766602

1505927483925 GRAVITY 9.375976 -0.73211974 -2.7794733

1505927483925 LINEAR_ACCELERATION 0.5376835 -4.0367255 3.5044513

1505927483926 ROTATION_VECTOR 0.0388405 -0.80012816 0.07547655

1505927484127 ACCELEROMETER 7.547699 -5.910858 2.2838287

1505927484127 GYROSCOPE 3.0187988 -0.3828125 0.18417358

1505927484128 MAGNETIC_FIELD -36.98578 33.79669 2.1774292

1505927484128 GRAVITY 9.17222 -0.75035346 -3.3878796

1505927484128 LINEAR_ACCELERATION 0.51130486 -6.6304865 6.3117604

1505927484129 ROTATION_VECTOR 0.17963982 -0.8002895 0.17038849

1505927484328 ACCELEROMETER 10.6189575 -4.125946 -0.28564453

1505927484328 GYROSCOPE 2.4142456 -1.638916 0.14678955

1505927484328 MAGNETIC_FIELD -35.231018 32.911682 -5.5023193

1505927484329 GRAVITY 8.526483 -2.7703192 -3.9742692

1505927484329 LINEAR_ACCELERATION 0.002831459 -1.4974442 2.9673028

1505927484329 ROTATION_VECTOR 0.402716 -0.73515385 0.39695188

1505927484530 ACCELEROMETER 11.103149 -2.8181458 -0.8753052

1505927484535 GYROSCOPE -1.474762 1.067688 -1.7160034

1505927484537 MAGNETIC_FIELD -35.099792 27.798462 -6.7718506

1505927484549 GRAVITY 8.78076 -1.8514565 -3.954841

1505927484554 LINEAR_ACCELERATION 5.883321 -2.1102862 4.6465774

1505927484571 ROTATION_VECTOR 0.52743787 -0.6507304 0.42408952

1505927484726 ACCELEROMETER 8.670441 2.468628 2.1544342

1505927484728 GRAVITY 8.59024 -1.4286803 -4.5096617

1505927484730 LINEAR_ACCELERATION -3.05237 4.193508 3.6524267

1505927484736 ROTATION_VECTOR 0.59736705 -0.61080384 0.4193936

1505927484752 GYROSCOPE 2.7955627 -1.9978027 0.8805847

1505927484754 MAGNETIC_FIELD -35.609436 17.178345 -2.2354126

1505927484932 ACCELEROMETER 11.364883 -3.9149017 -0.5182648

1505927484938 GRAVITY 7.921739 -3.7174647 -4.426839

1505927484941 LINEAR_ACCELERATION 5.4338655 1.1600552 5.0902705

1505927484943 ROTATION_VECTOR 0.604507 -0.60023093 0.49320894

1505927484946 GYROSCOPE -0.19302368 0.6340332 0.66696167

1505927484948 MAGNETIC_FIELD -40.023804 17.303467 -1.7242432

1505927485134 ACCELEROMETER 7.5982056 -5.692337 2.8986511

1505927485138 GYROSCOPE 3.4695435 -0.33261108 2.1697998

1505927485141 MAGNETIC_FIELD -36.125183 22.949219 -9.14917

1505927485172 GRAVITY 6.7286854 -6.866398 -1.9359149

1505927485175 LINEAR_ACCELERATION 1.1018972 1.8103309 3.5096064

1505927485178 ROTATION_VECTOR 0.45241222 -0.627716 0.62629306

1505927485331 ACCELEROMETER 8.47879 -2.788971 0.17262268

1505927485331 GYROSCOPE 2.8884888 4.4632263 1.198883

1505927485332 MAGNETIC_FIELD -28.923035 28.242493 -13.362122

1505927485332 GRAVITY 2.7262614 -8.036256 4.9149237

1505927485332 LINEAR_ACCELERATION 7.3488173 4.7824783 -2.3878188

1505927485333 ROTATION_VECTOR 0.07984023 -0.49298495 0.8543852

1505927485527 ACCELEROMETER 14.118408 -4.527115 -4.7324677

1505927485527 GYROSCOPE -7.5320435 1.8324585 -2.2895813

1505927485527 MAGNETIC_FIELD -12.669373 37.805176 -21.569824

1505927485528 GRAVITY 2.8230155 -9.074113 2.4210424

1505927485528 LINEAR_ACCELERATION 7.026717 5.1839485 -9.481424

1505927485529 ROTATION_VECTOR -0.1759495 -0.5878801 0.6550283

1505927485728 ACCELEROMETER 9.360168 -13.855698 7.131439

1505927485729 GYROSCOPE 13.955231 -1.8728333 1.8728638

1505927485729 MAGNETIC_FIELD -29.917908 40.922546 -6.842041

1505927485730 GRAVITY 3.4153209 -5.788289 7.1415462

1505927485730 LINEAR_ACCELERATION 6.3049335 -7.017845 3.5750937

1505927485731 ROTATION_VECTOR 0.020017192 -0.36807853 0.82507473

1505927485928 ACCELEROMETER 18.312622 -5.3716736 0.5389862

1505927485929 GYROSCOPE 3.5827637 4.4931335 -10.310059

1505927485929 MAGNETIC_FIELD -37.368774 -0.090026855 -38.75885

1505927485930 GRAVITY 7.0443754 6.6217833 1.6429083

1505927485932 LINEAR_ACCELERATION 12.404934 -11.242598 -0.072200656

1505927485933 ROTATION_VECTOR 0.56373507 0.31374797 0.74092644

1505927486129 ACCELEROMETER 5.654709 -16.92517 -0.02444458

1505927486130 GYROSCOPE -2.5813293 7.934601 8.653259

1505927486130 MAGNETIC_FIELD 9.893799 -10.458374 -49.2157

1505927486131 GRAVITY 1.4208839 7.642196 5.97899

1505927486131 LINEAR_ACCELERATION 3.2881005 -23.244005 -12.706932

1505927486132 ROTATION_VECTOR 0.120879374 0.42490533 0.8932259

1505927486330 ACCELEROMETER 4.5046387 -8.932053 9.254196

1505927486331 GYROSCOPE 12.913818 -9.785431 -6.7308044

1505927486332 MAGNETIC_FIELD 18.978882 34.15222 -42.43164

1505927486332 GRAVITY 3.0740306 8.716774 -3.276976

1505927486333 LINEAR_ACCELERATION 7.987506 -16.983881 12.069784

1505927486333 ROTATION_VECTOR -0.17832065 -0.7970452 -0.57291657

1505927486531 ACCELEROMETER 10.92337 -2.2875519 19.161057

1505927486531 GYROSCOPE -0.04989624 -0.11364746 0.7748413

1505927486532 MAGNETIC_FIELD -1.0467529 23.602295 -51.278687

1505927486533 GRAVITY -9.505409 -1.2086129 -2.0873046

1505927486534 LINEAR_ACCELERATION 15.44578 -5.1907425 20.075823

1505927486535 ROTATION_VECTOR -0.11043516 0.7708612 0.009925932

1505927486732 ACCELEROMETER 1.3701935 -0.355896 11.731155

1505927486734 GYROSCOPE -0.0018310547 -0.0025634766 -6.1035156E-4

1505927486735 GRAVITY -9.760631 -0.5342098 -0.7842815

1505927486735 LINEAR_ACCELERATION 8.385784 -0.36766148 15.102409

1505927486736 MAGNETIC_FIELD 0.4348755 23.091125 -51.29547

1505927486736 ROTATION_VECTOR -0.05512901 0.73276734 0.013846032

1505927486933 ACCELEROMETER 0.37626648 -0.06806946 9.458832

1505927486935 GYROSCOPE -0.0050354004 -4.272461E-4 -0.0016784668

1505927486936 MAGNETIC_FIELD 0.36773682 22.962952 -51.36566

1505927486936 GRAVITY -9.79062 -0.551605 0.09944779

1505927486937 LINEAR_ACCELERATION 5.696158 0.16836932 9.535995

1505927486937 ROTATION_VECTOR 7.7342345E-5 0.7035123 -0.0400546

1505927487134 ACCELEROMETER 0.35820007 -0.040649414 9.617065

1505927487135 GYROSCOPE -0.0018310547 -0.0014953613 -6.1035156E-4

1505927487136 MAGNETIC_FIELD 0.90789795 24.853516 -51.228333

1505927487137 GRAVITY -9.737684 -0.5522204 1.0212498

1505927487137 LINEAR_ACCELERATION 5.349088 0.290037 8.953269

1505927487138 ROTATION_VECTOR 0.041566532 0.66798425 -0.088059306

1505927487335 ACCELEROMETER 0.3993988 -0.10827637 9.598724

1505927487335 GYROSCOPE -0.0018310547 -4.272461E-4 -0.0016784668

1505927487336 MAGNETIC_FIELD 0.5157471 24.09668 -51.034546

1505927487337 GRAVITY -9.587683 -0.55866593 1.9835881

1505927487337 LINEAR_ACCELERATION 5.1312256 0.17618343 8.639336

1505927487338 ROTATION_VECTOR 0.06842963 0.62783957 -0.12870076

1505927487535 ACCELEROMETER 0.42256165 -0.14221191 9.543152

1505927487536 GYROSCOPE -0.00289917 6.4086914E-4 -6.1035156E-4

1505927487536 MAGNETIC_FIELD 0.090026855 23.6969 -51.17035

1505927487537 GRAVITY -9.340802 -0.5639493 2.932877

1505927487537 LINEAR_ACCELERATION 4.924373 0.13719633 8.110353

1505927487538 ROTATION_VECTOR 0.08459667 0.58592516 -0.16303024

1505927487735 ACCELEROMETER 0.37339783 -0.12542725 9.614227

1505927487737 GYROSCOPE -0.003967285 -0.0025634766 -0.0016784668

1505927487738 GRAVITY -5.57393 -0.4403711 8.056536

1505927487738 LINEAR_ACCELERATION 3.2382596 0.0927961 5.4643736

1505927487739 MAGNETIC_FIELD 0.7369995 24.51477 -51.44348

1505927487739 ROTATION_VECTOR -0.02868095 0.2973355 0.016528998

1505927487936 ACCELEROMETER 0.39709473 -0.11256409 9.578445

1505927487937 GYROSCOPE -0.00289917 -0.0014953613 -0.0016784668

1505927487938 MAGNETIC_FIELD 0.35247803 25.314331 -51.3916

1505927487938 GRAVITY -2.8014262 -0.305798 9.393023

1505927487939 LINEAR_ACCELERATION 2.1719456 0.07234588 3.633515

1505927487939 ROTATION_VECTOR -0.03168026 0.1417232 0.10978791

1505927488138 ACCELEROMETER 0.41285706 -0.11216736 9.582275

1505927488138 GYROSCOPE -0.00289917 -4.272461E-4 4.5776367E-4

1505927488139 MAGNETIC_FIELD -0.40893555 23.225403 -50.58441

1505927488139 GRAVITY -1.4216732 -0.2264435 9.70041

1505927488140 LINEAR_ACCELERATION 1.4527334 0.061008573 2.405528

1505927488141 ROTATION_VECTOR -0.02156741 0.070367485 0.1386252

1505927488338 ACCELEROMETER 0.38728333 -0.1235199 9.651871

1505927488339 GYROSCOPE -0.003967285 -0.0014953613 -0.0016784668

1505927488339 MAGNETIC_FIELD 0.34942627 23.750305 -50.68512

1505927488340 GRAVITY -0.6923695 -0.1897064 9.780338

1505927488340 LINEAR_ACCELERATION 0.9651751 0.034521505 1.6559968

1505927488341 ROTATION_VECTOR -0.014763921 0.033519287 0.14682774

1505927488539 ACCELEROMETER 0.40270996 -0.10499573 9.632492

1505927488540 GYROSCOPE -0.00289917 -0.0014953613 -6.1035156E-4

1505927488541 MAGNETIC_FIELD 0.3250122 24.279785 -51.031494

1505927488542 GRAVITY -0.2802439 -0.16710535 9.801221

1505927488542 LINEAR_ACCELERATION 0.63785964 0.029946938 1.1047506

1505927488543 ROTATION_VECTOR -0.010509466 0.012898773 0.1454573

1505927488740 ACCELEROMETER 1.3753204 0.77130127 10.115601

1505927488741 GYROSCOPE -0.044555664 -0.110443115 0.10513306

1505927488742 MAGNETIC_FIELD 18.138123 23.27118 -51.397705

1505927488743 GRAVITY -0.047327768 -0.11996432 9.805802

1505927488743 LINEAR_ACCELERATION 2.056014 1.5006952 0.5110693

1505927488744 ROTATION_VECTOR -0.006448596 0.0012851312 0.17809884

1505927489021 ACCELEROMETER -1.4185638 -0.043380737 10.315582

1505927489021 GYROSCOPE 0.18829346 -2.50943 -0.58914185

1505927489022 MAGNETIC_FIELD 22.172546 40.21454 -82.2525

1505927489023 GRAVITY 3.1898336 0.034455515 9.273304

1505927489023 LINEAR_ACCELERATION -4.6784105 -0.6696566 2.6642132

1505927489024 ROTATION_VECTOR 0.019199012 -0.16378187 0.10424455

1505927489224 ACCELEROMETER 5.3637543 0.8746338 11.761261

1505927489225 GYROSCOPE 2.0019531 -0.68081665 -0.80062866

1505927489226 MAGNETIC_FIELD -23.106384 25.184631 -50.55847

1505927489227 GRAVITY 5.71591 2.361218 7.6107435

1505927489227 LINEAR_ACCELERATION 0.7042489 -1.1980488 4.937638

1505927489228 ROTATION_VECTOR 0.10784925 -0.31674695 -0.05986229

1505927489428 ACCELEROMETER 5.1405334 1.6950836 5.362808

1505927489429 GYROSCOPE 0.84198 1.2364502 -0.5079651

1505927489429 MAGNETIC_FIELD -41.12549 4.5700073 -39.83307

1505927489430 GRAVITY 5.0723643 5.0073943 6.735541

1505927489436 LINEAR_ACCELERATION 0.50870657 -2.667078 -0.92995787

1505927489438 ROTATION_VECTOR 0.23176235 -0.3207323 -0.14016108

1505927489633 GRAVITY 3.0489633 4.004408 8.416587

1505927489638 LINEAR_ACCELERATION 5.199966 1.8880308 -5.8539

1505927489651 ROTATION_VECTOR 0.2035462 -0.17158806 -0.047842234

1505927489653 ACCELEROMETER 7.6535797 5.138077 1.8350067

1505927489656 GYROSCOPE -2.123108 2.0450134 1.0429382

1505927489658 MAGNETIC_FIELD -34.379578 -5.305481 -43.20221

1505927489832 ACCELEROMETER 1.6109467 4.037079 6.984482

1505927489835 GYROSCOPE -0.9567261 1.6284485 0.18203735

1505927489837 MAGNETIC_FIELD -11.825562 -5.999756 -53.266907

1505927489839 GRAVITY 0.07309469 1.0493394 9.750073

1505927489841 LINEAR_ACCELERATION 1.2475847 2.8860633 -1.1244249

1505927489843 ROTATION_VECTOR 0.05368646 0.0015414773 0.0979506

1505927490033 ACCELEROMETER 1.0203094 3.1149597 9.35199

1505927490037 GRAVITY -1.2974892 0.4433495 9.710321

1505927490039 LINEAR_ACCELERATION 1.8766159 2.6074665 0.9444485

1505927490042 ROTATION_VECTOR 0.010667508 0.069264576 0.17510366

1505927490044 GYROSCOPE 0.18295288 -0.092285156 -0.01876831

1505927490046 MAGNETIC_FIELD -4.724121 -6.504822 -54.771423

1505927490236 ACCELEROMETER 1.3584747 4.017685 8.683472

1505927490239 GYROSCOPE 0.8505249 -0.7246094 0.3251648

1505927490242 MAGNETIC_FIELD -6.6741943 -6.147766 -54.821777

1505927490244 GRAVITY -0.37771153 1.6438276 9.660515

1505927490246 LINEAR_ACCELERATION 1.8727487 2.723794 0.26816082

1505927490249 ROTATION_VECTOR 0.07853739 0.035814695 0.19987474

1505927490443 ACCELEROMETER 3.6119385 4.8050995 7.2868958

1505927490449 GYROSCOPE 0.7511902 -0.14569092 0.3038025

1505927490451 MAGNETIC_FIELD -11.071777 -9.153748 -53.790283

1505927490454 GRAVITY 0.72523594 3.3153412 9.200703

1505927490456 LINEAR_ACCELERATION 3.0737882 1.959779 -0.95598793

1505927490458 ROTATION_VECTOR 0.17575496 -0.0022156348 0.19823213

