1 2 2 9.163446325 1.10632905715 9.22998984473 3.6193234 0 0 3.139861699999999 391.0 391.0129008104381 0.4794617 0.0 0.00385011191531 13
2 2 2 9.2137603875 1.02536421821 9.27063925834 3.2654574 0.6771544000000009 64.0 2.585937199999999 424.0 424.0082234733093 0.3385772 32.0 31.9973144612 13
1 2 2 9.47276535714 0.855961408798 9.51135917968 2.579956 0.680282 68.0 1.9072189999999987 422.0 422.00435126330336 0.340141 34.0 34.0011866712 13
1 2 2 9.163446325 1.10632905715 9.22998984473 3.6193234 0 0 3.139861699999999 391.0 391.0129008104381 0.4794617 0.0 0.00385011191531 14
2 2 2 9.2137603875 1.02536421821 9.27063925834 3.2654574 0.6771544000000009 64.0 2.585937199999999 424.0 424.0082234733093 0.3385772 32.0 31.9973144612 14
1 2 2 9.47276535714 0.855961408798 9.51135917968 2.579956 0.680282 68.0 1.9072189999999987 422.0 422.00435126330336 0.340141 34.0 34.0011866712 14
1 2 2 8.718883475 1.17347221219 8.79749771716 3.5634917 0 0 3.0206220999999993 391.0 391.01204437675085 0.5428696 0.0 0.00419374271141 13
1 1 1 8.65355355714 1.51780409156 8.78565412628 4.3979794 0 0 3.0167544 396.0 396.0114907513542 0.0 0.0 0.0 13
1 2 2 8.70347594286 1.53706094115 8.83815873498 4.3979794 0.057357800000000125 133.0 4.3693005000000005 443.5 443.52197492056257 0.0286789 66.5 66.4969876904 13
1 2 2 8.718883475 1.17347221219 8.79749771716 3.5634917 0 0 3.0206220999999993 391.0 391.01204437675085 0.5428696 0.0 0.00419374271141 14
1 1 1 8.65355355714 1.51780409156 8.78565412628 4.3979794 0 0 3.0167544 396.0 396.0114907513542 0.0 0.0 0.0 14
1 2 2 8.70347594286 1.53706094115 8.83815873498 4.3979794 0.057357800000000125 133.0 4.3693005000000005 443.5 443.52197492056257 0.0286789 66.5 66.4969876904 14
0 0 0 7.573860175 3.84250623471 8.49283298519 11.6748195 1
0 0 0 8.2775458625 4.39068427155 9.36994524414 11.6748195 1
1 1 1 8.83557347143 3.00914526546 9.33393345796 9.1486055 0 0 7.6937105 381.0 381.0776734226998 0.0 0.0 0.0 1
0 0 0 8.0556466 3.60375575524 8.82499278682 9.8099824 1
0 0 0 8.5998305875 3.73428462997 9.37560493149 10.2847744 1
1 1 1 10.0911387625 3.46537479715 10.6695784363 11.561691 0 0 3.0994416000000005 402.0 402.01194825307346 0.0 0.0 0.0 1
0 0 0 8.80217622857 4.29445574973 9.79390915545 13.616363 1
1 1 1 8.06812608571 2.91023213928 8.57695223488 8.595886 0 0 3.783538400000001 449.0 449.0159408782992 0.0 0.0 0.0 1
0 0 0 8.5565013625 3.51165586159 9.24907792467 10.5518498 1
0 0 0 7.8946799375 4.10536075548 8.89831210108 11.4122166 1
1 1 1 8.07716365714 3.6743425864 8.87363320104 11.9409336 0 0 5.695068 459.0 459.03532957662924 0.0 0.0 0.0 1
0 0 0 8.0493884 3.6440859102 8.83583701383 10.2167057 1
1 0 0 7.639284175 2.81650584673 8.14195111082 8.0945587 1
1 1 1 8.83818051429 3.87150340993 9.64893638989 10.960861 0 0 4.577468999999999 393.0 393.0266571397492 0.0 0.0 0.0 1
1 0 0 8.65814638571 3.78071537009 9.44760856228 10.960861 1
1 1 1 7.6999988375 2.82864703402 8.20312295047 8.286194 0 0 1.4150692999999999 392.0 392.00255410025557 0.0 0.0 0.0 1
0 0 0 8.87121357143 5.00926176622 10.1877933662 14.890426 1
1 1 1 8.49303328571 4.390344376 9.56068711611 14.890426 0 0 0.6252290000000009 387.0 387.0005050530328 0.0 0.0 0.0 1
1 1 1 7.880922375 3.04871446832 8.45006493408 8.849625 0 0 0.6252290000000009 387.0 387.0005050530328 0.0 0.0 0.0 1
0 1 0 9.05850025 3.06066204567 9.56159395379 8.849625 1
1 1 1 8.4954158 3.63753991194 9.24141689493 10.4531404 0 0 3.242935000000001 461.0 461.0114061792986 0.0 0.0 0.0 1
1 1 1 8.28964884286 3.95840049742 9.18625127219 10.4531404 0 0 6.6858212 400.0 400.05587135438765 0.0 0.0 0.0 1
1 1 1 8.7385329625 3.53955948798 9.42817265994 9.43959 0 0 6.6858212 400.0 400.05587135438765 0.0 0.0 0.0 1
1 0 0 7.6483745 3.27102774359 8.31848874445 9.43959 1
1 1 1 8.01586592 2.44203795619 8.37959759337 6.0248256 0 0 4.9095001 391.0 391.03082128040995 0.0 0.0 0.0 1
0 0 0 7.573860175 3.84250623471 8.49283298519 11.6748195 2
0 0 0 8.2775458625 4.39068427155 9.36994524414 11.6748195 2
1 1 1 8.83557347143 3.00914526546 9.33393345796 9.1486055 0 0 7.6937105 381.0 381.0776734226998 0.0 0.0 0.0 2
0 0 0 8.0556466 3.60375575524 8.82499278682 9.8099824 2
0 0 0 8.5998305875 3.73428462997 9.37560493149 10.2847744 2
1 1 1 10.0911387625 3.46537479715 10.6695784363 11.561691 0 0 3.0994416000000005 402.0 402.01194825307346 0.0 0.0 0.0 2
0 0 0 8.80217622857 4.29445574973 9.79390915545 13.616363 2
1 1 1 8.06812608571 2.91023213928 8.57695223488 8.595886 0 0 3.783538400000001 449.0 449.0159408782992 0.0 0.0 0.0 2
0 0 0 8.5565013625 3.51165586159 9.24907792467 10.5518498 2
0 0 0 7.8946799375 4.10536075548 8.89831210108 11.4122166 2
1 1 1 8.07716365714 3.6743425864 8.87363320104 11.9409336 0 0 5.695068 459.0 459.03532957662924 0.0 0.0 0.0 2
0 0 0 8.0493884 3.6440859102 8.83583701383 10.2167057 2
1 0 0 7.639284175 2.81650584673 8.14195111082 8.0945587 2
1 1 1 8.83818051429 3.87150340993 9.64893638989 10.960861 0 0 4.577468999999999 393.0 393.0266571397492 0.0 0.0 0.0 2
1 0 0 8.65814638571 3.78071537009 9.44760856228 10.960861 2
1 1 1 7.6999988375 2.82864703402 8.20312295047 8.286194 0 0 1.4150692999999999 392.0 392.00255410025557 0.0 0.0 0.0 2
0 0 0 8.87121357143 5.00926176622 10.1877933662 14.890426 2
1 1 1 8.49303328571 4.390344376 9.56068711611 14.890426 0 0 0.6252290000000009 387.0 387.0005050530328 0.0 0.0 0.0 2
1 1 1 7.880922375 3.04871446832 8.45006493408 8.849625 0 0 0.6252290000000009 387.0 387.0005050530328 0.0 0.0 0.0 2
0 1 0 9.05850025 3.06066204567 9.56159395379 8.849625 2
1 1 1 8.4954158 3.63753991194 9.24141689493 10.4531404 0 0 3.242935000000001 461.0 461.0114061792986 0.0 0.0 0.0 2
1 1 1 8.28964884286 3.95840049742 9.18625127219 10.4531404 0 0 6.6858212 400.0 400.05587135438765 0.0 0.0 0.0 2
1 1 1 8.7385329625 3.53955948798 9.42817265994 9.43959 0 0 6.6858212 400.0 400.05587135438765 0.0 0.0 0.0 2
1 0 0 7.6483745 3.27102774359 8.31848874445 9.43959 2
1 1 1 8.01586592 2.44203795619 8.37959759337 6.0248256 0 0 4.9095001 391.0 391.03082128040995 0.0 0.0 0.0 2
0 0 0 8.8205547625 3.01582793501 9.32187773208 8.273666 1
0 1 0 8.62388391429 2.46031227847 8.96797135782 6.798019 1
1 1 1 8.62898257143 2.5033551584 8.98477196523 7.794113 0 0 4.421173 510.0 510.0191631406568 0.0 0.0 0.0 1
0 0 0 8.1463986375 2.67712543708 8.57501086687 8.6148376 1
1 0 0 7.7412471375 2.10156091102 8.02143787027 5.8771516 1
1 2 1 8.939729625 2.43606904802 9.26570009092 9.479446 0 0 4.707611000000001 592.0 592.0187172727965 0.0 0.0 0.0 1
1 1 1 9.36877014286 4.16251050761 10.2518460638 11.79924 0 0 1.2209320000000012 390.0 390.00191111704646 0.0 0.0 0.0 1
0 0 0 8.68780525714 4.40851981651 9.74233068411 12.7617952 1
1 1 1 8.6541881875 2.72784920658 9.07392607852 8.6815342 0 0 3.984344 400.0 400.0198432541945 0.0 0.0 0.0 1
0 0 0 8.7894478375 2.25144999495 9.07322546661 5.438782 1
0 1 0 8.82653595714 1.89337029161 9.02732452413 5.16388 1
1 1 1 8.81807171429 2.33130794459 9.12104081182 7.143906 0 0 0.9448393000000008 497.0 497.00089810915114 0.0 0.0 0.0 1
1 0 0 8.9700737875 2.65639309107 9.35514019176 7.322861 1
1 1 1 8.599468225 3.04314203854 9.12203744892 9.6926422 0 0 5.8117527 766.0 766.022046986538 0.0 0.0 0.0 1
0 0 0 8.18818874286 2.99932204706 8.72022749879 9.6926422 1
1 1 1 8.58117462857 4.29703564514 9.59693041246 12.705994 0 0 9.5675816 398.0 398.1149816543867 0.0 0.0 0.0 1
1 1 1 9.054588375 4.23910245947 9.99777776821 12.705994 0 0 6.478897 404.0 404.051947286901 0.0 0.0 0.0 1
1 1 1 8.68943127143 2.2715010548 8.98142153909 6.478897 0 0 6.478897 404.0 404.051947286901 0.0 0.0 0.0 1
1 1 1 9.22023878571 1.84006459848 9.40205514726 4.6927796 0 0 3.3079833999999995 399.0 399.0137124889001 0.0 0.0 0.0 1
1 1 1 9.12421087143 1.84515235194 9.30891031368 5.680069 0 0 3.3079833999999995 399.0 399.0137124889001 0.0 0.0 0.0 1
0 1 0 9.04309507143 2.00849128368 9.26345538703 7.07637 1
1 1 1 9.0161323375 2.67790117933 9.40541317825 8.2158353 0 0 1.1256249999999994 381.0 381.00166276755357 0.0 0.0 0.0 1
1 1 1 8.29877475 4.15182420334 9.27940227421 13.4036867 0 0 3.9750820000000004 383.0 383.02062774334587 0.0 0.0 0.0 1
0 0 0 8.7520861 4.49463661771 9.83873820299 13.4036867 1
0 1 0 9.72963335 3.24607179786 10.2568390473 8.9490056 1
0 0 0 8.8205547625 3.01582793501 9.32187773208 8.273666 2
0 1 0 8.62388391429 2.46031227847 8.96797135782 6.798019 2
1 1 1 8.62898257143 2.5033551584 8.98477196523 7.794113 0 0 4.421173 510.0 510.0191631406568 0.0 0.0 0.0 2
0 0 0 8.1463986375 2.67712543708 8.57501086687 8.6148376 2
1 0 0 7.7412471375 2.10156091102 8.02143787027 5.8771516 2
1 2 1 8.939729625 2.43606904802 9.26570009092 9.479446 0 0 4.707611000000001 592.0 592.0187172727965 0.0 0.0 0.0 2
1 1 1 9.36877014286 4.16251050761 10.2518460638 11.79924 0 0 1.2209320000000012 390.0 390.00191111704646 0.0 0.0 0.0 2
0 0 0 8.68780525714 4.40851981651 9.74233068411 12.7617952 2
1 1 1 8.6541881875 2.72784920658 9.07392607852 8.6815342 0 0 3.984344 400.0 400.0198432541945 0.0 0.0 0.0 2
0 0 0 8.7894478375 2.25144999495 9.07322546661 5.438782 2
0 1 0 8.82653595714 1.89337029161 9.02732452413 5.16388 2
1 1 1 8.81807171429 2.33130794459 9.12104081182 7.143906 0 0 0.9448393000000008 497.0 497.00089810915114 0.0 0.0 0.0 2
1 0 0 8.9700737875 2.65639309107 9.35514019176 7.322861 2
1 1 1 8.599468225 3.04314203854 9.12203744892 9.6926422 0 0 5.8117527 766.0 766.022046986538 0.0 0.0 0.0 2
0 0 0 8.18818874286 2.99932204706 8.72022749879 9.6926422 2
1 1 1 8.58117462857 4.29703564514 9.59693041246 12.705994 0 0 9.5675816 398.0 398.1149816543867 0.0 0.0 0.0 2
1 1 1 9.054588375 4.23910245947 9.99777776821 12.705994 0 0 6.478897 404.0 404.051947286901 0.0 0.0 0.0 2
1 1 1 8.68943127143 2.2715010548 8.98142153909 6.478897 0 0 6.478897 404.0 404.051947286901 0.0 0.0 0.0 2
1 1 1 9.22023878571 1.84006459848 9.40205514726 4.6927796 0 0 3.3079833999999995 399.0 399.0137124889001 0.0 0.0 0.0 2
1 1 1 9.12421087143 1.84515235194 9.30891031368 5.680069 0 0 3.3079833999999995 399.0 399.0137124889001 0.0 0.0 0.0 2
0 1 0 9.04309507143 2.00849128368 9.26345538703 7.07637 2
1 1 1 9.0161323375 2.67790117933 9.40541317825 8.2158353 0 0 1.1256249999999994 381.0 381.00166276755357 0.0 0.0 0.0 2
1 1 1 8.29877475 4.15182420334 9.27940227421 13.4036867 0 0 3.9750820000000004 383.0 383.02062774334587 0.0 0.0 0.0 2
0 0 0 8.7520861 4.49463661771 9.83873820299 13.4036867 2
0 1 0 9.72963335 3.24607179786 10.2568390473 8.9490056 2
2 2 2 -5.6523418375 0.193673230319 5.65565889779 0.6404877 0.013412599999999664 66.0 0.2645493999999995 424.0 424.00008275979724 0.0067063 33.0 32.9999977431 9
1 1 1 -4.9995575125 0.573856134756 5.03238374771 1.4952087 0 0 1.4952087 785.0 785.0014239789992 0.0 0.0 0.0 9
1 1 1 -4.4141628 0.147032220582 4.41661088379 0.4475554 0 0 0.44428999999999963 382.0 382.0002583685044 0.0 0.0 0.0 9
1 1 1 -4.44686894286 0.144767679339 4.44922477247 0.3790588 0 0 0.3311156999999998 449.0 449.0001220908595 0.0 0.0 0.0 9
1 1 1 -4.55672455 0.122643299322 4.55837471073 0.3638914 0 0 0.16732790000000008 451.0 451.00003104060437 0.0 0.0 0.0 9
1 1 1 -4.5373554 0.0904047388802 4.53825594725 0.3035125 0 0 0.1244354999999997 398.0 398.00001945250415 0.0 0.0 0.0 9
0 1 0 -4.43606788571 0.0804867786312 4.43679799047 0.2101897 9
1 1 1 -4.35085844286 0.0386961335114 4.35103051937 0.132782 0 0 0.11247249999999998 588.0 588.0000107568565 0.0 0.0 0.0 9
2 1 2 -4.33527565 0.0203472035376 4.33532339857 0.0621491 0.008575399999999789 10.0 0.057861400000000174 392.0 392.0000043025557 0.0042877 5.0 4.99999931223 9
1 1 1 -4.31438118571 0.043526657915 4.31460074463 0.1301117 0 0 0.05357370000000028 397.0 397.00000361478754 0.0 0.0 0.0 9
1 2 2 -4.22687855714 0.0907098431068 4.22785177276 0.2702027 0.004623500000000114 9.0 0.18346424999999966 391.5 391.5000430123536 0.00231175 4.5 4.49999842228 9
2 2 2 -5.6523418375 0.193673230319 5.65565889779 0.6404877 0.013412599999999664 66.0 0.2645493999999995 424.0 424.00008275979724 0.0067063 33.0 32.9999977431 10
1 1 1 -4.9995575125 0.573856134756 5.03238374771 1.4952087 0 0 1.4952087 785.0 785.0014239789992 0.0 0.0 0.0 10
1 1 1 -4.4141628 0.147032220582 4.41661088379 0.4475554 0 0 0.44428999999999963 382.0 382.0002583685044 0.0 0.0 0.0 10
1 1 1 -4.44686894286 0.144767679339 4.44922477247 0.3790588 0 0 0.3311156999999998 449.0 449.0001220908595 0.0 0.0 0.0 10
1 1 1 -4.55672455 0.122643299322 4.55837471073 0.3638914 0 0 0.16732790000000008 451.0 451.00003104060437 0.0 0.0 0.0 10
1 1 1 -4.5373554 0.0904047388802 4.53825594725 0.3035125 0 0 0.1244354999999997 398.0 398.00001945250415 0.0 0.0 0.0 10
0 1 0 -4.43606788571 0.0804867786312 4.43679799047 0.2101897 10
1 1 1 -4.35085844286 0.0386961335114 4.35103051937 0.132782 0 0 0.11247249999999998 588.0 588.0000107568565 0.0 0.0 0.0 10
2 1 2 -4.33527565 0.0203472035376 4.33532339857 0.0621491 0.008575399999999789 10.0 0.057861400000000174 392.0 392.0000043025557 0.0042877 5.0 4.99999931223 10
1 1 1 -4.31438118571 0.043526657915 4.31460074463 0.1301117 0 0 0.05357370000000028 397.0 397.00000361478754 0.0 0.0 0.0 10
1 2 2 -4.22687855714 0.0907098431068 4.22785177276 0.2702027 0.004623500000000114 9.0 0.18346424999999966 391.5 391.5000430123536 0.00231175 4.5 4.49999842228 10
2 1 1 -3.4718169875 0.052551185473 3.47221468544 0.1405182 0 0 0.0959778 390.0 390.00001180992047 0.0 0.0 0.0 9
1 1 1 -3.5165252625 0.0510082189107 3.51689518755 0.162735 0 0 0.1378478999999997 393.0 393.0000241756272 0.0 0.0 0.0 9
1 1 1 -3.59997557143 0.0779173423658 3.60081868845 0.2203979 0 0 0.22039790000000004 651.0 651.0000373081666 0.0 0.0 0.0 9
1 1 1 -3.7294006 0.0614371989498 3.72990661608 0.1985016 0 0 0.09414679999999986 392.0 392.0000113056375 0.0 0.0 0.0 9
1 0 0 -3.78417748571 0.0427859221203 3.78441935817 0.1403046 9
2 2 2 -3.864170075 0.0559238859629 3.86457473075 0.1730042 0.046981699999999904 13.0 0.08983615 396.5 396.50001096328026 0.02349085 6.5 6.49999449788 9
2 1 1 -3.9257030625 0.0549539597372 3.9260876802 0.1942138 0 0 0.11332699999999996 390.0 390.00001646539573 0.0 0.0 0.0 9
1 1 1 -3.98094178571 0.0477184344452 3.9812277692 0.1309816 0 0 0.11865229999999993 395.0 395.00001782071894 0.0 0.0 0.0 9
1 1 1 -3.954675675 0.0611240458308 3.95514801789 0.187668 0 0 0.11039729999999981 407.0 407.0000149724369 0.0 0.0 0.0 9
2 2 2 -3.9368724625 0.0436964435642 3.93711495453 0.152954 0.004730299999999854 17.0 0.10803214999999988 398.5 398.5000146435996 0.00236515 8.5 8.50000032884 9
1 1 1 -3.97405354286 0.0303423188961 3.97416937458 0.0982361 0 0 0.09823609999999983 648.0 648.0000074462433 0.0 0.0 0.0 9
2 1 1 -3.4718169875 0.052551185473 3.47221468544 0.1405182 0 0 0.0959778 390.0 390.00001180992047 0.0 0.0 0.0 10
1 1 1 -3.5165252625 0.0510082189107 3.51689518755 0.162735 0 0 0.1378478999999997 393.0 393.0000241756272 0.0 0.0 0.0 10
1 1 1 -3.59997557143 0.0779173423658 3.60081868845 0.2203979 0 0 0.22039790000000004 651.0 651.0000373081666 0.0 0.0 0.0 10
1 1 1 -3.7294006 0.0614371989498 3.72990661608 0.1985016 0 0 0.09414679999999986 392.0 392.0000113056375 0.0 0.0 0.0 10
1 0 0 -3.78417748571 0.0427859221203 3.78441935817 0.1403046 10
2 2 2 -3.864170075 0.0559238859629 3.86457473075 0.1730042 0.046981699999999904 13.0 0.08983615 396.5 396.50001096328026 0.02349085 6.5 6.49999449788 10
2 1 1 -3.9257030625 0.0549539597372 3.9260876802 0.1942138 0 0 0.11332699999999996 390.0 390.00001646539573 0.0 0.0 0.0 10
1 1 1 -3.98094178571 0.0477184344452 3.9812277692 0.1309816 0 0 0.11865229999999993 395.0 395.00001782071894 0.0 0.0 0.0 10
1 1 1 -3.954675675 0.0611240458308 3.95514801789 0.187668 0 0 0.11039729999999981 407.0 407.0000149724369 0.0 0.0 0.0 10
2 2 2 -3.9368724625 0.0436964435642 3.93711495453 0.152954 0.004730299999999854 17.0 0.10803214999999988 398.5 398.5000146435996 0.00236515 8.5 8.50000032884 10
1 1 1 -3.97405354286 0.0303423188961 3.97416937458 0.0982361 0 0 0.09823609999999983 648.0 648.0000074462433 0.0 0.0 0.0 10
2 1 1 9.4082298125 0.0702175045786 9.40849183997 0.2183075 0 0 0.21830749999999988 586.0 586.0000406639615 0.0 0.0 0.0 7
2 1 2 9.38706985714 0.0491429953021 9.38719849246 0.160675 0.050537000000000276 297.0 0.10443149999999957 548.5 548.500009950486 0.0252685 148.5 148.500002117 7
1 1 1 9.35779471429 0.0463648810068 9.35790957516 0.121659 0 0 0.07881099999999996 388.0 388.00000800408975 0.0 0.0 0.0 7
1 1 1 9.358097 0.0335603817097 9.3581571776 0.102127 0 0 0.10212699999999941 367.0 367.0000142097056 0.0 0.0 0.0 7
2 1 2 9.3784965 0.0156215365236 9.3785095102 0.039428 0.0027004999999995505 201.0 0.038077749999999355 493.5 493.5000015123639 0.00135025 100.5 100.499999796 7
1 1 1 9.37646935714 0.014725380511 9.37648091995 0.0426175 0 0 0.039138499999999965 545.0 545.0000014053414 0.0 0.0 0.0 7
1 1 1 9.364082375 0.0202394910814 9.36410424775 0.058456 0 0 0.05342100000000016 391.0 391.00000364936477 0.0 0.0 0.0 7
0 0 0 9.345441875 0.0313819880164 9.3454945652 0.117401 7
0 0 0 9.35539042857 0.038923970807 9.35547140162 0.141205 7
1 1 1 9.36966814286 0.0284905271998 9.3697114586 0.094788 0 0 0.09478799999999943 391.0 391.0000114894691 0.0 0.0 0.0 7
1 1 1 9.388421875 0.04505891524 9.38853000255 0.143372 0 0 0.14337200000000117 777.0 777.000013227497 0.0 0.0 0.0 7
2 1 1 9.4082298125 0.0702175045786 9.40849183997 0.2183075 0 0 0.21830749999999988 586.0 586.0000406639615 0.0 0.0 0.0 8
2 1 2 9.38706985714 0.0491429953021 9.38719849246 0.160675 0.050537000000000276 297.0 0.10443149999999957 548.5 548.500009950486 0.0252685 148.5 148.500002117 8
1 1 1 9.35779471429 0.0463648810068 9.35790957516 0.121659 0 0 0.07881099999999996 388.0 388.00000800408975 0.0 0.0 0.0 8
1 1 1 9.358097 0.0335603817097 9.3581571776 0.102127 0 0 0.10212699999999941 367.0 367.0000142097056 0.0 0.0 0.0 8
2 1 2 9.3784965 0.0156215365236 9.3785095102 0.039428 0.0027004999999995505 201.0 0.038077749999999355 493.5 493.5000015123639 0.00135025 100.5 100.499999796 8
1 1 1 9.37646935714 0.014725380511 9.37648091995 0.0426175 0 0 0.039138499999999965 545.0 545.0000014053414 0.0 0.0 0.0 8
1 1 1 9.364082375 0.0202394910814 9.36410424775 0.058456 0 0 0.05342100000000016 391.0 391.00000364936477 0.0 0.0 0.0 8
0 0 0 9.345441875 0.0313819880164 9.3454945652 0.117401 8
0 0 0 9.35539042857 0.038923970807 9.35547140162 0.141205 8
1 1 1 9.36966814286 0.0284905271998 9.3697114586 0.094788 0 0 0.09478799999999943 391.0 391.0000114894691 0.0 0.0 0.0 8
1 1 1 9.388421875 0.04505891524 9.38853000255 0.143372 0 0 0.14337200000000117 777.0 777.000013227497 0.0 0.0 0.0 8
2 1 2 9.269033625 0.0506472260591 9.26917199554 0.18193 0.07598800000000061 1.0 0.06298799999999982 390.5 390.5000069205025 0.037994 0.5 0.500006119605 7
2 2 2 9.29592014286 0.0370305403087 9.29599389863 0.108474 0.022765999999998954 13.0 0.08959900000000065 397.5 397.5000103057856 0.011383 6.5 6.49999726568 7
1 1 1 9.27351585714 0.0341497034057 9.27357873504 0.111999 0 0 0.11199900000000085 699.0 699.0000089726581 0.0 0.0 0.0 7
1 1 1 9.2462310625 0.0279932720114 9.24627343768 0.095719 0 0 0.08743300000000076 382.0 382.0000100059285 0.0 0.0 0.0 7
0 0 0 9.2248974375 0.0288557916083 9.22494256834 0.090164 7
1 1 1 9.211052125 0.035394977682 9.21112013025 0.107834 0 0 0.09687800000000024 397.0 397.00001182033594 0.0 0.0 0.0 7
0 0 0 9.22543128571 0.0379434276926 9.22550931446 0.118225 7
1 2 1 9.23843828571 0.034033226163 9.23850097253 0.10765 0 0 0.06219399999999986 483.0 483.00000400423767 0.0 0.0 0.0 7
1 1 1 9.24177985714 0.0353856370355 9.24184760052 0.1147 0 0 0.11470000000000091 579.0 579.0000113610448 0.0 0.0 0.0 7
2 1 1 9.2392348125 0.0226201222421 9.23926250252 0.074692 0 0 0.05618300000000076 394.0 394.00000400574805 0.0 0.0 0.0 7
2 1 2 9.222991875 0.0262919114591 9.22302935 0.0877995 0.004516499999999368 76.0 0.0380862500000001 436.0 436.0000016647904 0.00225825 38.0 38.0000000522 7
2 1 2 9.269033625 0.0506472260591 9.26917199554 0.18193 0.07598800000000061 1.0 0.06298799999999982 390.5 390.5000069205025 0.037994 0.5 0.500006119605 8
2 2 2 9.29592014286 0.0370305403087 9.29599389863 0.108474 0.022765999999998954 13.0 0.08959900000000065 397.5 397.5000103057856 0.011383 6.5 6.49999726568 8
1 1 1 9.27351585714 0.0341497034057 9.27357873504 0.111999 0 0 0.11199900000000085 699.0 699.0000089726581 0.0 0.0 0.0 8
1 1 1 9.2462310625 0.0279932720114 9.24627343768 0.095719 0 0 0.08743300000000076 382.0 382.0000100059285 0.0 0.0 0.0 8
0 0 0 9.2248974375 0.0288557916083 9.22494256834 0.090164 8
1 1 1 9.211052125 0.035394977682 9.21112013025 0.107834 0 0 0.09687800000000024 397.0 397.00001182033594 0.0 0.0 0.0 8
0 0 0 9.22543128571 0.0379434276926 9.22550931446 0.118225 8
1 2 1 9.23843828571 0.034033226163 9.23850097253 0.10765 0 0 0.06219399999999986 483.0 483.00000400423767 0.0 0.0 0.0 8
1 1 1 9.24177985714 0.0353856370355 9.24184760052 0.1147 0 0 0.11470000000000091 579.0 579.0000113610448 0.0 0.0 0.0 8
2 1 1 9.2392348125 0.0226201222421 9.23926250252 0.074692 0 0 0.05618300000000076 394.0 394.00000400574805 0.0 0.0 0.0 8
2 1 2 9.222991875 0.0262919114591 9.22302935 0.0877995 0.004516499999999368 76.0 0.0380862500000001 436.0 436.0000016647904 0.00225825 38.0 38.0000000522 8
1 1 1 9.16984575 0.0838205593929 9.17022883929 0.276139 0 0 0.2761390000000006 392.0 392.00009726114524 0.0 0.0 0.0 5
1 1 1 9.15579228571 0.0820050241243 9.15615952259 0.247391 0 0 0.14559999999999995 393.0 393.000026971195 0.0 0.0 0.0 5
0 0 0 9.10823485714 0.0730128468567 9.10852749289 0.225189 5
0 0 0 9.110082625 0.0619365605679 9.11029316608 0.218109 5
0 0 0 9.11416825 0.0532725948982 9.11432393865 0.183304 5
1 0 0 9.092592375 0.0539290617314 9.09275230288 0.168472 5
1 1 1 9.09644657143 0.0717086549326 9.09672921209 0.237152 0 0 0.06321699999999986 587.0 587.0000034040793 0.0 0.0 0.0 5
2 1 1 9.13544785714 0.0708947774128 9.1357229391 0.24997 0 0 0.15174900000000058 403.0 403.00002857041954 0.0 0.0 0.0 5
2 2 2 9.141797875 0.0557355852137 9.14196777739 0.203186 0.10708600000000068 10.0 0.119873000000001 390.0 390.0000223125925 0.053543 5.0 4.99998325661 5
2 1 2 9.1346434375 0.0606376650902 9.13484469801 0.191864 0.03108199999999961 14.0 0.05078900000000086 388.0 388.0000035998378 0.015541 7.0 7.00000196936 5
1 1 1 9.0968365 0.0750719499066 9.09714626162 0.197159 0 0 0.19715900000000097 781.0 781.0000248858327 0.0 0.0 0.0 5
1 1 1 9.16984575 0.0838205593929 9.17022883929 0.276139 0 0 0.2761390000000006 392.0 392.00009726114524 0.0 0.0 0.0 6
1 1 1 9.15579228571 0.0820050241243 9.15615952259 0.247391 0 0 0.14559999999999995 393.0 393.000026971195 0.0 0.0 0.0 6
0 0 0 9.10823485714 0.0730128468567 9.10852749289 0.225189 6
0 0 0 9.110082625 0.0619365605679 9.11029316608 0.218109 6
0 0 0 9.11416825 0.0532725948982 9.11432393865 0.183304 6
1 0 0 9.092592375 0.0539290617314 9.09275230288 0.168472 6
1 1 1 9.09644657143 0.0717086549326 9.09672921209 0.237152 0 0 0.06321699999999986 587.0 587.0000034040793 0.0 0.0 0.0 6
2 1 1 9.13544785714 0.0708947774128 9.1357229391 0.24997 0 0 0.15174900000000058 403.0 403.00002857041954 0.0 0.0 0.0 6
2 2 2 9.141797875 0.0557355852137 9.14196777739 0.203186 0.10708600000000068 10.0 0.119873000000001 390.0 390.0000223125925 0.053543 5.0 4.99998325661 6
2 1 2 9.1346434375 0.0606376650902 9.13484469801 0.191864 0.03108199999999961 14.0 0.05078900000000086 388.0 388.0000035998378 0.015541 7.0 7.00000196936 6
1 1 1 9.0968365 0.0750719499066 9.09714626162 0.197159 0 0 0.19715900000000097 781.0 781.0000248858327 0.0 0.0 0.0 6
2 2 2 9.28972825 0.0240628703491 9.28975941457 0.070816 0.01046699999999845 110.0 0.04632550000000002 446.0 446.0000024061493 0.0052335 55.0 55.0000002469 5
0 1 0 9.29414807143 0.0315322417857 9.29420156097 0.090973 5
1 1 1 9.2325375 0.0705431131381 9.23280699569 0.21283 0 0 0.0899049999999999 391.0 391.00001033620066 0.0 0.0 0.0 5
1 1 1 9.250248 0.108967094524 9.25088978905 0.344605 0 0 0.06468199999999946 377.0 377.00000554875476 0.0 0.0 0.0 5
1 1 1 9.26181225 0.124544386357 9.26264959169 0.385727 0 0 0.2723999999999993 397.0 397.00009345308723 0.0 0.0 0.0 5
1 0 0 9.26271707143 0.101988492426 9.26327853397 0.332946 5
1 1 1 9.26413607143 0.060018308207 9.26433048565 0.1838685 0 0 0.1838684999999991 971.0 971.0000174086638 0.0 0.0 0.0 5
2 2 3 9.23928075 0.0510336548313 9.23942169247 0.158997 0.04605899999999963 4.0 0.12829099999999963 391.6666666666667 391.666688228541 0.0223008836297 4.49691252108 4.49691983439 5
1 2 1 9.23333314286 0.0446214209143 9.23344096197 0.128327 0 0 0.1191709999999997 389.0 389.0000182541477 0.0 0.0 0.0 5
1 1 1 9.20357828571 0.040069763726 9.20366551148 0.128937 0 0 0.08294700000000077 690.0 690.0000049856557 0.0 0.0 0.0 5
1 1 1 9.1921195 0.0515227773271 9.1922638941 0.152649 0 0 0.12893700000000052 589.0 589.0000141126908 0.0 0.0 0.0 5
2 2 2 9.28972825 0.0240628703491 9.28975941457 0.070816 0.01046699999999845 110.0 0.04632550000000002 446.0 446.0000024061493 0.0052335 55.0 55.0000002469 6
0 1 0 9.29414807143 0.0315322417857 9.29420156097 0.090973 6
1 1 1 9.2325375 0.0705431131381 9.23280699569 0.21283 0 0 0.0899049999999999 391.0 391.00001033620066 0.0 0.0 0.0 6
1 1 1 9.250248 0.108967094524 9.25088978905 0.344605 0 0 0.06468199999999946 377.0 377.00000554875476 0.0 0.0 0.0 6
1 1 1 9.26181225 0.124544386357 9.26264959169 0.385727 0 0 0.2723999999999993 397.0 397.00009345308723 0.0 0.0 0.0 6
1 0 0 9.26271707143 0.101988492426 9.26327853397 0.332946 6
1 1 1 9.26413607143 0.060018308207 9.26433048565 0.1838685 0 0 0.1838684999999991 971.0 971.0000174086638 0.0 0.0 0.0 6
2 2 3 9.23928075 0.0510336548313 9.23942169247 0.158997 0.04605899999999963 4.0 0.12829099999999963 391.6666666666667 391.666688228541 0.0223008836297 4.49691252108 4.49691983439 6
1 2 1 9.23333314286 0.0446214209143 9.23344096197 0.128327 0 0 0.1191709999999997 389.0 389.0000182541477 0.0 0.0 0.0 6
1 1 1 9.20357828571 0.040069763726 9.20366551148 0.128937 0 0 0.08294700000000077 690.0 690.0000049856557 0.0 0.0 0.0 6
1 1 1 9.1921195 0.0515227773271 9.1922638941 0.152649 0 0 0.12893700000000052 589.0 589.0000141126908 0.0 0.0 0.0 6
2 1 2 9.241088775 1.09324463525 9.30553091338 2.9672543 0 0 2.4919510000000002 391.0 391.0079954424973 0.206596 0.0 0.00131666644876 11
2 1 2 9.7707976 1.17118267396 9.84073953501 3.4896853 0.522431000000001 189.0 3.2284698 491.5 491.5114247606159 0.2612155 94.5 94.4960876469 11
1 1 1 9.74588447143 1.41678369796 9.84832677043 3.9068147 0 0 3.5816347000000004 706.0 706.0090850032485 0.0 0.0 0.0 11
2 1 2 9.241088775 1.09324463525 9.30553091338 2.9672543 0 0 2.4919510000000002 391.0 391.0079954424973 0.206596 0.0 0.00131666644876 12
2 1 2 9.7707976 1.17118267396 9.84073953501 3.4896853 0.522431000000001 189.0 3.2284698 491.5 491.5114247606159 0.2612155 94.5 94.4960876469 12
1 1 1 9.74588447143 1.41678369796 9.84832677043 3.9068147 0 0 3.5816347000000004 706.0 706.0090850032485 0.0 0.0 0.0 12
2 2 3 9.7183915375 1.08515751298 9.77878831472 3.1549527 0.5479963499999996 56.0 2.7896218000000004 427.3333333333333 427.3426756811552 0.493926973817 52.0917993119 52.0921954677 11
1 2 2 9.41853547143 1.06815685949 9.47891183117 3.1549527 0.7790837000000002 100.0 2.76541085 451.0 451.008486022294 0.38954185 50.0 50.001447738 11
1 2 2 9.21752942857 1.02543348404 9.27439284249 3.166809 0.898682 192.0 2.7174679999999998 486.0 486.0086383200378 0.449341 96.0 95.9957812509 11
2 2 3 9.7183915375 1.08515751298 9.77878831472 3.1549527 0.5479963499999996 56.0 2.7896218000000004 427.3333333333333 427.3426756811552 0.493926973817 52.0917993119 52.0921954677 12
1 2 2 9.41853547143 1.06815685949 9.47891183117 3.1549527 0.7790837000000002 100.0 2.76541085 451.0 451.008486022294 0.38954185 50.0 50.001447738 12
1 2 2 9.21752942857 1.02543348404 9.27439284249 3.166809 0.898682 192.0 2.7174679999999998 486.0 486.0086383200378 0.449341 96.0 95.9957812509 12
2 1 1 9.127756125 0.144134923629 9.12889405973 0.427582 0 0 0.20440699999999978 392.0 392.00005329364643 0.0 0.0 0.0 3
2 1 2 9.16802025 0.448862915901 9.17900175518 1.7184905 0.8166504999999997 248.0 0.8044432500000012 529.0 529.0009679763212 0.40832525 124.0 123.999152169 3
2 1 1 9.15687785714 0.513651144729 9.17127306262 1.7184905 0 0 1.7184904999999997 392.0 392.00376683087956 0.0 0.0 0.0 3
2 1 1 9.127756125 0.144134923629 9.12889405973 0.427582 0 0 0.20440699999999978 392.0 392.00005329364643 0.0 0.0 0.0 4
2 1 2 9.16802025 0.448862915901 9.17900175518 1.7184905 0.8166504999999997 248.0 0.8044432500000012 529.0 529.0009679763212 0.40832525 124.0 123.999152169 4
2 1 1 9.15687785714 0.513651144729 9.17127306262 1.7184905 0 0 1.7184904999999997 392.0 392.00376683087956 0.0 0.0 0.0 4
2 1 2 8.95242875 0.827328908007 8.99057582393 2.57605 0.6230770000000003 66.0 2.2645115000000002 423.0 423.00634487724426 0.3115385 33.0 32.9978372347 3
2 2 2 8.83197395 0.876559413868 8.87536592257 2.6335754 0.32618599999999986 63.0 2.116066 424.5 424.50539545930076 0.163093 31.5 31.4987866526 3
2 1 2 9.03118022857 0.864233492878 9.07243715058 2.6335754 0.33964500000000086 14.0 2.4637529000000002 391.0 391.0077823866183 0.1698225 7.0 7.00093073332 3
1 1 1 9.046304 0.910945329398 9.09205353336 2.788727 0 0 2.172409 398.0 398.0059288011465 0.0 0.0 0.0 3
2 1 2 8.91172975 0.80370332789 8.94789730475 2.788727 1.068085 44.0 2.2546844999999998 412.0 412.0063776084561 0.5340425 22.0 22.0025819745 3
1 2 2 9.03384975 0.567315073056 9.05164557954 1.708039 0.07309000000000054 1.0 1.671494000000001 386.5 386.50361586192014 0.036545 0.5 0.500153366786 3
2 1 2 9.43664128571 0.593223569229 9.45526905796 1.703201 0.06825199999999931 265.0 1.6690750000000003 518.5 518.502845260118 0.034126 132.5 132.499382765 3
2 1 1 9.36523228571 0.485053173212 9.37778504479 1.489044 0 0 0.7678370000000001 390.0 390.00075586293235 0.0 0.0 0.0 3
2 1 2 9.0796548125 0.324842243878 9.08546388456 0.816223 0.023620499999999822 5.0 0.8044127499999991 388.5 388.5008328483762 0.01181025 2.5 2.50001909441 3
1 1 1 9.05570107143 0.633675161694 9.07784479409 1.941925 0 0 1.6258540000000004 457.0 457.00289211473194 0.0 0.0 0.0 3
2 2 2 9.33161042857 0.871528918675 9.3722204331 2.044281 0.20929000000000286 21.0 1.8372799999999998 389.5 389.50436375487726 0.104645 10.5 10.4993887576 3
2 2 2 9.347772625 0.613453505385 9.36788013651 1.900558 0.07778899999999922 8.0 1.6937404999999988 396.0 396.0036227505392 0.0388945 4.0 4.00012976191 3
1 1 1 9.2601395 0.416023916871 9.26947999938 1.520172 0 0 0.7250060000000005 649.0 649.0004049564992 0.0 0.0 0.0 3
1 1 1 9.31197242857 0.548433416875 9.3281085823 1.811203 0 0 1.8112030000000008 402.0 402.0040801488303 0.0 0.0 0.0 3
2 2 2 9.16988464286 0.556937246298 9.18678199696 1.454605 0 0 1.3095092500000005 390.0 390.00222546418263 0.14509575 0.0 0.000487187544991 3
2 2 2 9.263172125 0.771556518088 9.29524917783 2.5344545 0.8851475000000004 1.0 1.6069872500000004 390.5 390.5035549896216 0.44257375 0.5 0.501816712984 3
1 1 1 9.4610959375 0.714694038333 9.48805163914 2.5344545 0 0 2.5344545000000007 390.0 390.0082351176864 0.0 0.0 0.0 3
1 0 0 9.57497525714 0.857290916244 9.61327721903 2.7897647 3
2 1 2 9.17624997143 1.07913127615 9.23948525889 2.7897647 0.46427899999999944 44.0 2.5576251999999995 423.0 423.00774377957856 0.2321395 22.0 22.0010008391 3
2 2 2 9.1764870625 0.678541005727 9.20153969207 2.238877 1.3181770000000004 2.0 1.5797885000000003 391.0 391.00375377648027 0.6590885 1.0 0.997327457347 3
2 2 2 9.18628164286 0.424464972241 9.19608291255 1.280304 0.10456850000000095 66.0 0.8684157499999996 425.0 425.0009041922941 0.05228425 33.0 32.9998229585 3
1 2 1 9.18238185714 0.854144315255 9.22202250494 2.470734 0 0 1.9984589999999987 390.0 390.00512027199676 0.0 0.0 0.0 3
1 2 2 9.3176880375 0.916299419084 9.36263397712 2.7329867 0.2622527000000012 25.0 2.285392849999999 392.5 392.5066578132671 0.13112635 12.5 12.5005514621 3
2 2 2 9.241470475 0.649572864916 9.2642712313 2.1717227 0.45130970000000126 2.0 1.6772538500000005 383.0 383.0037364605764 0.22565485 1.0 1.00097843433 3
1 1 1 9.0659669 0.677128241375 9.09121875697 1.987824 0 0 1.4515989999999999 382.0 382.0027580262436 0.0 0.0 0.0 3
2 1 2 8.95242875 0.827328908007 8.99057582393 2.57605 0.6230770000000003 66.0 2.2645115000000002 423.0 423.00634487724426 0.3115385 33.0 32.9978372347 4
2 2 2 8.83197395 0.876559413868 8.87536592257 2.6335754 0.32618599999999986 63.0 2.116066 424.5 424.50539545930076 0.163093 31.5 31.4987866526 4
2 1 2 9.03118022857 0.864233492878 9.07243715058 2.6335754 0.33964500000000086 14.0 2.4637529000000002 391.0 391.0077823866183 0.1698225 7.0 7.00093073332 4
1 1 1 9.046304 0.910945329398 9.09205353336 2.788727 0 0 2.172409 398.0 398.0059288011465 0.0 0.0 0.0 4
2 1 2 8.91172975 0.80370332789 8.94789730475 2.788727 1.068085 44.0 2.2546844999999998 412.0 412.0063776084561 0.5340425 22.0 22.0025819745 4
1 2 2 9.03384975 0.567315073056 9.05164557954 1.708039 0.07309000000000054 1.0 1.671494000000001 386.5 386.50361586192014 0.036545 0.5 0.500153366786 4
2 1 2 9.43664128571 0.593223569229 9.45526905796 1.703201 0.06825199999999931 265.0 1.6690750000000003 518.5 518.502845260118 0.034126 132.5 132.499382765 4
2 1 1 9.36523228571 0.485053173212 9.37778504479 1.489044 0 0 0.7678370000000001 390.0 390.00075586293235 0.0 0.0 0.0 4
2 1 2 9.0796548125 0.324842243878 9.08546388456 0.816223 0.023620499999999822 5.0 0.8044127499999991 388.5 388.5008328483762 0.01181025 2.5 2.50001909441 4
1 1 1 9.05570107143 0.633675161694 9.07784479409 1.941925 0 0 1.6258540000000004 457.0 457.00289211473194 0.0 0.0 0.0 4
2 2 2 9.33161042857 0.871528918675 9.3722204331 2.044281 0.20929000000000286 21.0 1.8372799999999998 389.5 389.50436375487726 0.104645 10.5 10.4993887576 4
2 2 2 9.347772625 0.613453505385 9.36788013651 1.900558 0.07778899999999922 8.0 1.6937404999999988 396.0 396.0036227505392 0.0388945 4.0 4.00012976191 4
1 1 1 9.2601395 0.416023916871 9.26947999938 1.520172 0 0 0.7250060000000005 649.0 649.0004049564992 0.0 0.0 0.0 4
1 1 1 9.31197242857 0.548433416875 9.3281085823 1.811203 0 0 1.8112030000000008 402.0 402.0040801488303 0.0 0.0 0.0 4
2 2 2 9.16988464286 0.556937246298 9.18678199696 1.454605 0 0 1.3095092500000005 390.0 390.00222546418263 0.14509575 0.0 0.000487187544991 4
2 2 2 9.263172125 0.771556518088 9.29524917783 2.5344545 0.8851475000000004 1.0 1.6069872500000004 390.5 390.5035549896216 0.44257375 0.5 0.501816712984 4
1 1 1 9.4610959375 0.714694038333 9.48805163914 2.5344545 0 0 2.5344545000000007 390.0 390.0082351176864 0.0 0.0 0.0 4
1 0 0 9.57497525714 0.857290916244 9.61327721903 2.7897647 4
2 1 2 9.17624997143 1.07913127615 9.23948525889 2.7897647 0.46427899999999944 44.0 2.5576251999999995 423.0 423.00774377957856 0.2321395 22.0 22.0010008391 4
2 2 2 9.1764870625 0.678541005727 9.20153969207 2.238877 1.3181770000000004 2.0 1.5797885000000003 391.0 391.00375377648027 0.6590885 1.0 0.997327457347 4
2 2 2 9.18628164286 0.424464972241 9.19608291255 1.280304 0.10456850000000095 66.0 0.8684157499999996 425.0 425.0009041922941 0.05228425 33.0 32.9998229585 4
1 2 1 9.18238185714 0.854144315255 9.22202250494 2.470734 0 0 1.9984589999999987 390.0 390.00512027199676 0.0 0.0 0.0 4
1 2 2 9.3176880375 0.916299419084 9.36263397712 2.7329867 0.2622527000000012 25.0 2.285392849999999 392.5 392.5066578132671 0.13112635 12.5 12.5005514621 4
2 2 2 9.241470475 0.649572864916 9.2642712313 2.1717227 0.45130970000000126 2.0 1.6772538500000005 383.0 383.0037364605764 0.22565485 1.0 1.00097843433 4
1 1 1 9.0659669 0.677128241375 9.09121875697 1.987824 0 0 1.4515989999999999 382.0 382.0027580262436 0.0 0.0 0.0 4
