1495823609773 GYROSCOPE -0.6446686 -0.62083435 0.26231384

1495823609776 GRAVITY -0.8757508 0.24928708 9.764287

1495823609776 LINEAR_ACCELERATION 0.0 0.0 -0.0

1495823609777 ROTATION_VECTOR 0.0 0.0 0.0

1495823609874 ACCELEROMETER -1.9048767 0.3727417 10.895355

1495823609875 MAGNETIC_FIELD -4.43573 11.805725 -47.37854

1495823609980 GYROSCOPE -0.67778015 0.7431488 0.118118286

1495823609981 MAGNETIC_FIELD -0.38604736 20.550537 -43.11371

1495823609982 LINEAR_ACCELERATION -1.0907838 0.7711302 -1.0627136

1495823609982 GRAVITY -1.9869173 -0.48536274 9.590984

1495823609983 ROTATION_VECTOR 0.009744271 0.10440772 -0.3247455

1495823610177 ACCELEROMETER -3.3460388 -0.14149475 10.028046

1495823610178 GYROSCOPE -0.8561554 2.7864532 0.029464722

1495823610179 GRAVITY -4.5392303 -1.7314432 8.518679

1495823610180 LINEAR_ACCELERATION 2.1276236 0.70848954 -0.74815655

1495823610180 ROTATION_VECTOR -0.042650364 0.25268406 -0.1893739

1495823610277 ACCELEROMETER -3.6651459 -1.4161682 8.173828

1495823610278 MAGNETIC_FIELD 7.8826904 24.417114 -40.3244

1495823610383 GYROSCOPE -2.3119965 0.9824066 0.41932678

1495823610384 MAGNETIC_FIELD 29.652405 35.34851 -19.488525

1495823610385 GRAVITY -7.182858 -3.9589348 5.3762226

1495823610386 LINEAR_ACCELERATION 0.32108593 0.9537821 0.026412487

1495823610386 ROTATION_VECTOR -0.20648335 0.42808124 -0.047761794

1495823610580 ACCELEROMETER -7.564926 -3.4912415 5.4427795

1495823610580 GYROSCOPE -0.97898865 0.30522156 0.35630798

1495823610582 GRAVITY -8.032283 -4.784851 2.9593968

1495823610582 LINEAR_ACCELERATION 0.38720417 1.1780949 -0.6869397

1495823610583 ROTATION_VECTOR -0.36815232 0.4621435 0.10892188

1495823610716 ACCELEROMETER -7.8229065 -3.7098541 3.767685

1495823610918 ACCELEROMETER -7.6112366 -3.4742126 9.773315

1495823610919 GYROSCOPE -0.26869202 0.9599762 -0.07521057

1495823610920 MAGNETIC_FIELD 35.769653 37.05139 0.12512207

1495823610921 GRAVITY -8.4130125 -4.7274127 1.7444715

1495823610922 LINEAR_ACCELERATION 1.0391474 1.39008 8.037092

1495823610922 ROTATION_VECTOR -0.46741086 0.4388437 0.23042633

1495823611120 ACCELEROMETER -5.7182465 -4.1630096 4.0170135

1495823611121 GYROSCOPE -0.55174255 -0.32496643 -1.1593475

1495823611122 MAGNETIC_FIELD 34.16748 39.04419 5.415344

1495823611122 GRAVITY -7.786403 -5.825871 1.2655196

1495823611123 LINEAR_ACCELERATION 2.0825934 1.5856528 2.7895923

1495823611123 ROTATION_VECTOR -0.5272363 0.39686063 0.20995061

1495823611321 ACCELEROMETER -7.831192 -7.015808 7.2452087

1495823611322 GYROSCOPE 0.3294525 -1.2894745 -1.4199677

1495823611323 MAGNETIC_FIELD 14.318848 48.349 2.5238037

1495823611324 GRAVITY -5.8773584 -7.389289 2.6505573

1495823611324 LINEAR_ACCELERATION -1.9183092 0.39974833 4.643675

1495823611325 ROTATION_VECTOR -0.5329126 0.28436482 0.14405409

1495823611523 ACCELEROMETER -3.4183502 -8.143677 3.3947144

1495823611524 GYROSCOPE -0.296463 -0.25767517 -0.058120728

1495823611525 MAGNETIC_FIELD 6.0409546 51.046753 -0.15563965

1495823611526 GRAVITY -4.162383 -8.211404 3.3790245

1495823611526 LINEAR_ACCELERATION 0.8876605 0.14364052 -0.18355298

1495823611527 ROTATION_VECTOR -0.5351923 0.20319177 0.08699725

1495823611725 ACCELEROMETER -4.474579 -8.42038 3.1715088

1495823611726 GYROSCOPE -0.5111542 -0.2181549 0.11705017

1495823611730 MAGNETIC_FIELD 9.014893 50.479126 0.8590698

1495823611730 LINEAR_ACCELERATION -0.33955765 0.096414566 0.22716403

1495823611731 GRAVITY -4.10817 -8.411753 2.9215984

1495823611734 ROTATION_VECTOR -0.5567648 0.20261516 0.084666885

1495823611927 ACCELEROMETER -3.82518 -7.732376 2.963379

1495823611927 GYROSCOPE 0.053878784 0.18772888 -0.2033844

1495823611928 MAGNETIC_FIELD 8.166504 50.31433 3.3294678

1495823611928 GRAVITY -4.033503 -8.553073 2.5973413

1495823611928 LINEAR_ACCELERATION 0.25714254 0.8851547 0.35728335

1495823611929 ROTATION_VECTOR -0.57236534 0.19992597 0.083039284

1495823612128 ACCELEROMETER -4.4740295 -9.2808075 2.4600372

1495823612129 GYROSCOPE 0.41490173 0.34474182 -0.5206146

1495823612130 MAGNETIC_FIELD 8.435059 51.92871 2.3223877

1495823612130 GRAVITY -3.6102483 -8.686263 2.7722435

1495823612131 LINEAR_ACCELERATION -0.866555 -0.5707197 -0.37712288

1495823612131 ROTATION_VECTOR -0.56007063 0.21207501 0.02556787

1495823612329 ACCELEROMETER -4.427704 -8.707855 2.0252075

1495823612330 GYROSCOPE -0.120224 -0.15620422 0.0070343018

1495823612331 MAGNETIC_FIELD 6.726074 51.226807 2.8015137

1495823612332 GRAVITY -3.304045 -8.765697 2.9010751

1495823612332 LINEAR_ACCELERATION -1.0839748 0.17364502 -0.9009321

1495823612332 ROTATION_VECTOR -0.54950106 0.2239083 -0.021306844

1495823612532 ACCELEROMETER -4.1986084 -9.436447 2.2369385

1495823612533 GYROSCOPE -0.0710907 -0.021621704 0.026260376

1495823612534 MAGNETIC_FIELD 7.7926636 51.234436 2.1774292

1495823612534 LINEAR_ACCELERATION -0.78339887 -0.4237156 -0.47013783

1495823612534 GRAVITY -3.330315 -8.806181 2.7441869

1495823612535 ROTATION_VECTOR -0.55463403 0.22905572 -0.02407094

1495823612733 ACCELEROMETER -4.018051 -8.22348 3.0699158

1495823612734 GYROSCOPE 0.016494751 0.030715942 -0.008987427

1495823612735 LINEAR_ACCELERATION -0.5898998 0.6551733 0.29874778

1495823612735 GRAVITY -3.3970287 -8.788317 2.7195733

1495823612736 MAGNETIC_FIELD 8.47168 51.60675 2.6428223

1495823612736 ROTATION_VECTOR -0.5539739 0.23335221 -0.023833213

1495823612935 ACCELEROMETER -4.0677643 -8.339615 2.963211

1495823612936 GYROSCOPE -0.031570435 0.031784058 0.028396606

1495823612936 MAGNETIC_FIELD 6.5734863 50.723267 3.012085

1495823612937 GRAVITY -3.47265 -8.763737 2.7033327

1495823612937 LINEAR_ACCELERATION -0.5585325 0.51362324 0.22841573

1495823612937 ROTATION_VECTOR -0.5514987 0.24086836 -0.027556824

1495823613137 ACCELEROMETER -3.984665 -8.345856 2.9094849

1495823613138 GYROSCOPE 0.0036773682 0.1471405 0.089279175

1495823613138 MAGNETIC_FIELD 6.977844 51.05133 4.9987793

1495823613138 GRAVITY -3.6477618 -8.713818 2.633175

1495823613139 LINEAR_ACCELERATION -0.29866004 0.45418262 0.25196052

1495823613139 ROTATION_VECTOR -0.5489303 0.25381294 -0.029178716

1495823613338 ACCELEROMETER -4.452591 -8.2825165 2.7453003

1495823613339 GYROSCOPE -0.06468201 -0.0034637451 -0.05278015

1495823613340 MAGNETIC_FIELD 9.434509 50.624084 4.273987

1495823613340 GRAVITY -3.7591379 -8.694726 2.5379152

1495823613340 LINEAR_ACCELERATION -0.6771147 0.48645973 0.1703937

1495823613341 ROTATION_VECTOR -0.54854107 0.26401708 -0.032125887

1495823613540 ACCELEROMETER -3.990738 -8.521271 2.5115662

1495823613542 GYROSCOPE 0.03465271 0.09907532 0.06364441

1495823613542 MAGNETIC_FIELD 7.496643 50.811768 3.4103394

1495823613542 GRAVITY -3.857779 -8.664472 2.4929624

1495823613543 LINEAR_ACCELERATION -0.089188814 0.16243362 0.009121418

1495823613543 ROTATION_VECTOR -0.5450916 0.27526242 -0.038579755

1495823613743 ACCELEROMETER -4.356903 -8.2854 2.5922546

1495823613743 GYROSCOPE 0.15855408 0.3020172 -0.065597534

1495823613744 MAGNETIC_FIELD 7.3013306 52.163696 3.3340454

1495823613744 GRAVITY -4.1193423 -8.529263 2.5402923

1495823613745 LINEAR_ACCELERATION -0.28030252 0.251338 0.050801277

1495823613745 ROTATION_VECTOR -0.5259996 0.30627695 -0.06131603

1495823613944 ACCELEROMETER -4.5337524 -8.233261 2.471405

1495823613946 GYROSCOPE 0.0410614 0.090530396 -0.04637146

1495823613946 MAGNETIC_FIELD 7.420349 51.867676 3.930664

1495823613947 GRAVITY -4.274261 -8.454964 2.5327196

1495823613948 LINEAR_ACCELERATION -0.26986456 0.1828003 -0.05105853

1495823613948 ROTATION_VECTOR -0.5104689 0.3320975 -0.08606009

1495823614146 ACCELEROMETER -4.4687347 -8.336685 2.3606415

1495823614146 GYROSCOPE 0.028244019 0.039260864 0.016647339

1495823614147 MAGNETIC_FIELD 7.218933 51.383972 2.671814

1495823614148 GRAVITY -4.3544674 -8.429525 2.4803433

1495823614148 LINEAR_ACCELERATION -0.13796902 0.051013947 -0.11397958

1495823614149 ROTATION_VECTOR -0.5029519 0.3472421 -0.10059615

1495823614347 ACCELEROMETER -4.587723 -8.217102 2.4643402

1495823614348 GYROSCOPE -0.05506897 -0.13163757 0.12879944

1495823614348 MAGNETIC_FIELD 7.977295 50.219727 3.138733

1495823614349 GRAVITY -4.5120745 -8.340957 2.4980028

1495823614349 LINEAR_ACCELERATION -0.10253048 0.08273697 -0.009228706

1495823614350 ROTATION_VECTOR -0.4978453 0.3532526 -0.0957974

1495823614549 ACCELEROMETER -4.145935 -8.471573 2.6884918

1495823614550 GYROSCOPE 0.09767151 0.18452454 -0.04423523

1495823614550 LINEAR_ACCELERATION 0.29226112 -0.16019154 0.13244557

1495823614551 GRAVITY -4.4413433 -8.356693 2.5710967

1495823614551 MAGNETIC_FIELD 7.7148438 51.828003 3.4469604

1495823614552 ROTATION_VECTOR -0.50030506 0.34439138 -0.09065603

1495823614751 ACCELEROMETER -4.535782 -8.321304 2.3022308

1495823614751 GYROSCOPE 0.11048889 0.16636658 -0.15211487

1495823614752 MAGNETIC_FIELD 7.8414917 50.85144 3.527832

1495823614753 GRAVITY -4.4424663 -8.381108 2.4883528

1495823614753 LINEAR_ACCELERATION -0.143219 0.015786171 -0.21307278

1495823614753 ROTATION_VECTOR -0.4911062 0.36324096 -0.117874295

1495823614952 ACCELEROMETER -4.3404846 -8.3719635 2.179947

1495823614953 GYROSCOPE -0.23130798 -0.29078674 -0.030349731

1495823614953 MAGNETIC_FIELD 6.263733 50.38147 2.9663086

1495823614953 LINEAR_ACCELERATION -0.032687187 0.050180435 -0.14956546

1495823614954 GRAVITY -4.2882147 -8.494536 2.3715937

1495823614954 ROTATION_VECTOR -0.49670112 0.3638274 -0.12919661

1495823615160 GRAVITY -4.025011 -8.6483 2.2752082

1495823615161 LINEAR_ACCELERATION 0.1601739 -0.1279192 0.012976646

1495823615161 ROTATION_VECTOR -0.51695293 0.3416962 -0.11609332

1495823615162 ACCELEROMETER -3.8501587 -8.71051 2.2805939

1495823615163 GYROSCOPE -0.08390808 -0.12736511 -0.06239319

1495823615163 MAGNETIC_FIELD 4.966736 50.99945 5.522156

1495823615360 ACCELEROMETER -3.6622467 -8.750961 2.2623596

1495823615361 GRAVITY -3.9124522 -8.714085 2.2198725

1495823615362 LINEAR_ACCELERATION 0.22438955 -0.07605362 0.051499844

1495823615363 ROTATION_VECTOR -0.52506244 0.3333578 -0.112119615

1495823615363 GYROSCOPE 0.007949829 0.16743469 0.04975891

1495823615364 MAGNETIC_FIELD 5.5908203 52.067566 5.21698

1495823615574 ACCELEROMETER -4.015915 -8.6779785 2.079132

1495823615580 GRAVITY -4.056092 -8.673019 2.12067

1495823615583 LINEAR_ACCELERATION -0.0019412041 -0.035633087 -0.04628873

1495823615586 ROTATION_VECTOR -0.5190996 0.3498736 -0.120862246

1495823615588 GYROSCOPE 0.07310486 0.188797 0.027328491

1495823615590 MAGNETIC_FIELD 5.9509277 51.116943 5.633545

1495823615772 ACCELEROMETER -4.321518 -8.502197 1.9546967

1495823615781 GRAVITY -4.2044454 -8.616842 2.059869

1495823615784 LINEAR_ACCELERATION -0.14576054 0.07273865 -0.09181762

1495823615786 ROTATION_VECTOR -0.51119983 0.36558262 -0.12919638

1495823615789 GYROSCOPE -0.017684937 -0.031234741 0.014511108

1495823615791 MAGNETIC_FIELD 5.4382324 52.79236 5.3237915

1495823615977 ACCELEROMETER -4.22493 -8.597641 1.9679108

1495823615983 GRAVITY -4.205274 -8.620646 2.0421836

1495823615986 LINEAR_ACCELERATION -0.028942585 -0.030428886 -0.06848216

1495823615988 ROTATION_VECTOR -0.5112583 0.36673224 -0.13027136

1495823615990 GYROSCOPE 0.006881714 -0.036575317 -0.0079193115

1495823615993 MAGNETIC_FIELD 4.4570923 51.61133 5.895996

1495823616181 ACCELEROMETER -4.066635 -8.633148 1.9506836

1495823616187 GRAVITY -4.158023 -8.645657 2.0331888

1495823616189 LINEAR_ACCELERATION 0.07749033 -0.03452301 -0.0696516

1495823616191 ROTATION_VECTOR -0.51351815 0.3641913 -0.13037339

1495823616194 GYROSCOPE 0.018630981 0.031784058 -0.004714966

1495823616196 MAGNETIC_FIELD 8.135986 50.987244 7.7575684

1495823616369 LINEAR_ACCELERATION -0.03143978 0.0037002563 -0.09436774

1495823616370 ROTATION_VECTOR -0.5108434 0.37069625 -0.13674721

1495823616371 GRAVITY -4.180929 -8.643929 1.993169

1495823616372 ACCELEROMETER -4.1753693 -8.592163 1.8937836

1495823616372 GYROSCOPE 0.011154175 0.014694214 -4.4250488E-4

1495823616373 MAGNETIC_FIELD 5.99823 52.59857 5.3878784

1495823616571 LINEAR_ACCELERATION -0.03568268 0.009799957 -0.04451394

1495823616572 ROTATION_VECTOR -0.50850505 0.37484998 -0.14060582

1495823616573 GRAVITY -4.2023244 -8.636765 1.9791806

1495823616573 ACCELEROMETER -4.2145233 -8.57309 1.916275

1495823616574 GYROSCOPE 0.002609253 -0.0055999756 0.0016937256

1495823616581 MAGNETIC_FIELD 6.201172 50.64392 6.0668945

1495823616771 ACCELEROMETER -4.165512 -8.574387 1.941864

1495823616773 GRAVITY -4.204874 -8.634916 1.981826

1495823616773 LINEAR_ACCELERATION 0.010454655 0.0033750534 -0.027964234

1495823616774 ROTATION_VECTOR -0.5081674 0.37512782 -0.14088719

1495823616775 GYROSCOPE 0.013290405 0.001876831 0.0048980713

1495823616776 MAGNETIC_FIELD 6.1172485 51.19934 5.911255

1495823616974 ROTATION_VECTOR -0.50765985 0.3751478 -0.14079434

1495823616983 LINEAR_ACCELERATION 0.0092206 0.0024204254 -0.034013867

1495823616985 GRAVITY -4.210041 -8.630138 1.9916447

1495823616988 ACCELEROMETER -4.1690826 -8.564468 1.9422455

1495823616990 GYROSCOPE 0.01008606 -0.014144897 0.0059661865

1495823616992 MAGNETIC_FIELD 6.1203003 51.634216 6.9015503

1495823617185 ACCELEROMETER -4.1410675 -8.626526 1.9919739

1495823617191 GYROSCOPE 0.011154175 -0.007736206 -0.004714966

1495823617193 MAGNETIC_FIELD 7.067871 51.463318 7.1762085

1495823617195 GRAVITY -4.187714 -8.635735 2.0143292

1495823617197 LINEAR_ACCELERATION 0.026142597 -0.044421196 -0.004550934

1495823617200 ROTATION_VECTOR -0.50901884 0.3717494 -0.13843165

1495823617377 GRAVITY -4.1782217 -8.635105 2.03662

1495823617379 LINEAR_ACCELERATION -0.0020217896 -0.010994911 -0.016727924

1495823617379 ROTATION_VECTOR -0.5083725 0.37110472 -0.13905162

1495823617380 ACCELEROMETER -4.154297 -8.595383 2.0082397

1495823617381 GYROSCOPE 0.0143585205 -0.014144897 -4.4250488E-4

1495823617382 MAGNETIC_FIELD 6.3446045 51.35956 6.378174

1495823617580 ACCELEROMETER -4.211319 -8.619293 1.9447632

1495823617581 GRAVITY -4.1885242 -8.633282 2.023142

1495823617581 LINEAR_ACCELERATION -0.045097828 -0.022737503 -0.075962305

1495823617582 ROTATION_VECTOR -0.5074482 0.37328914 -0.14097127

1495823617583 GYROSCOPE 0.0036773682 -0.013076782 -0.0015106201

1495823617583 MAGNETIC_FIELD 5.7495117 51.179504 7.763672

1495823617910 ACCELEROMETER -4.1888885 -8.587524 1.9393158

1495823617911 ACCELEROMETER -4.24382 -8.607849 1.9494324

1495823617912 GYROSCOPE 0.012863159 -0.0025634766 0.009567261

1495823617913 MAGNETIC_FIELD 7.208252 50.65155 6.5979004

1495823617914 GRAVITY -4.2035265 -8.6267395 2.0199313

1495823617917 LINEAR_ACCELERATION -0.01884842 -0.0042705536 -0.070103645

1495823617918 ROTATION_VECTOR -0.50628066 0.3750894 -0.1422466

1495823618116 ROTATION_VECTOR -0.5059387 0.3751075 -0.13991065

1495823618120 LINEAR_ACCELERATION -0.03367281 0.0017938614 -0.032018185

1495823618122 GRAVITY -4.2327075 -8.610927 2.0264535

1495823618124 ACCELEROMETER -4.240402 -8.559799 1.979248

1495823618128 GYROSCOPE 0.008102417 -0.008056641 0.0074157715

1495823618130 MAGNETIC_FIELD 6.364441 52.165222 6.4331055

1495823618320 GRAVITY -4.2463236 -8.602964 2.0317807

1495823618323 LINEAR_ACCELERATION -0.0020456314 0.008494377 -0.04285884

1495823618326 ACCELEROMETER -4.2307587 -8.549088 1.9767303

1495823618328 ROTATION_VECTOR -0.5053017 0.3756038 -0.13963342

1495823618330 GYROSCOPE 0.010650635 -0.014923096 0.0075683594

1495823618332 MAGNETIC_FIELD 7.7148438 51.15509 6.4331055

1495823618518 GRAVITY -4.254208 -8.601534 2.0213177

1495823618522 LINEAR_ACCELERATION -9.7084045E-4 0.0017938614 -0.06544495

1495823618523 ROTATION_VECTOR -0.50618637 0.37512246 -0.1378498

1495823618525 ACCELEROMETER -4.224945 -8.558517 1.9394531

1495823618526 GYROSCOPE 0.005279541 -0.0038604736 0.003112793

1495823618528 MAGNETIC_FIELD 6.364441 51.15509 6.4331055

1495823618723 ACCELEROMETER -4.2035065 -8.601944 1.9902191

1495823618730 GYROSCOPE 0.012359619 0.002319336 0.0026245117

1495823618733 GRAVITY -4.2433834 -8.608129 2.0159853

1495823618735 LINEAR_ACCELERATION 0.019681454 -0.040584564 -0.0406394

1495823618737 ROTATION_VECTOR -0.506488 0.3750776 -0.13856244

1495823618739 MAGNETIC_FIELD 7.3776245 51.49231 6.1050415

1495823618923 GRAVITY -4.2496753 -8.602737 2.0257213

1495823618931 LINEAR_ACCELERATION -0.0028858185 0.0046653748 -0.018689632

1495823618933 ROTATION_VECTOR -0.50601155 0.375059 -0.13830602

1495823618936 ACCELEROMETER -4.227707 -8.544617 2.0021515

1495823618938 GYROSCOPE 0.012191772 0.0010986328 0.0010070801

1495823618941 MAGNETIC_FIELD 7.3776245 50.483704 6.7611694

1495823619128 GRAVITY -4.252936 -8.600125 2.0299659

1495823619133 LINEAR_ACCELERATION 0.007900715 4.4727325E-4 -0.025538206

1495823619135 ROTATION_VECTOR -0.5065974 0.3739781 -0.13652764

1495823619137 ACCELEROMETER -4.2438965 -8.554916 1.9727631

1495823619140 GYROSCOPE 0.007598877 4.5776367E-4 0.0027923584

1495823619142 MAGNETIC_FIELD 6.8710327 52.33307 5.9417725

1495823619331 GRAVITY -4.277648 -8.593005 2.0080752

1495823619335 LINEAR_ACCELERATION -0.046625614 -0.012456894 -0.08374512

1495823619337 ROTATION_VECTOR -0.50455445 0.3782082 -0.13997926

1495823619339 ACCELEROMETER -4.296112 -8.545868 1.9112091

1495823619341 GYROSCOPE 0.016693115 0.0033111572 0.003753662

1495823619344 MAGNETIC_FIELD 6.196594 51.324463 5.6137085

1495823619520 ACCELEROMETER -4.218109 -8.541885 2.0481567

1495823619522 GYROSCOPE 0.010299683 -0.007949829 -0.0014038086

1495823619523 MAGNETIC_FIELD 6.8710327 51.324463 5.9417725

1495823619524 LINEAR_ACCELERATION 0.021552563 0.00452137 -0.0073952675

1495823619528 GRAVITY -4.2692814 -8.591501 2.0321734

1495823619530 ROTATION_VECTOR -0.5041073 0.37717882 -0.13999096

1495823619733 ACCELEROMETER -4.2233887 -8.55246 1.9826813

1495823619737 GYROSCOPE 0.016311646 0.0015411377 -0.0023345947

1495823619739 LINEAR_ACCELERATION 0.0041093826 -0.0037269592 -0.03254223

1495823619740 GRAVITY -4.264872 -8.591536 2.0412643

1495823619741 MAGNETIC_FIELD 6.364441 51.49231 5.7769775

1495823619742 ROTATION_VECTOR -0.5043577 0.37622836 -0.13925363

1495823620007 ACCELEROMETER -4.231247 -8.55542 1.9445038

1495823620014 GRAVITY -4.268829 -8.593281 2.0255919

1495823620019 LINEAR_ACCELERATION 0.017889977 -0.015633583 -0.04749942

1495823620022 ROTATION_VECTOR -0.50421685 0.37747708 -0.14025742

1495823620025 GYROSCOPE -0.0048675537 0.006149292 0.010238647

1495823620027 MAGNETIC_FIELD 7.0739746 50.785828 5.0567627

1495823620206 ACCELEROMETER -4.2313995 -8.570908 1.9378204

1495823620212 GYROSCOPE 0.015426636 -0.006668091 0.019851685

1495823620215 MAGNETIC_FIELD 6.993103 50.912476 5.9417725

1495823620217 GRAVITY -4.279233 -8.59221 2.008106

1495823620220 LINEAR_ACCELERATION 0.02832508 -0.033158302 -0.052149534

1495823620251 ROTATION_VECTOR -0.50516266 0.37739342 -0.13860723

1495823620401 ACCELEROMETER -4.1962585 -8.595779 2.0117493

1495823620402 GYROSCOPE -5.950928E-4 0.0050811768 0.052963257

1495823620403 MAGNETIC_FIELD 7.545471 51.072693 6.9259644

1495823620403 GRAVITY -4.29755 -8.579495 2.0232902

1495823620404 LINEAR_ACCELERATION 0.08022833 -0.059354782 0.0070734024

1495823620404 ROTATION_VECTOR -0.507153 0.37368006 -0.13188021

1495823620603 ACCELEROMETER -4.2491913 -8.531158 1.9177246

1495823620604 GYROSCOPE -0.025161743 -0.018417358 0.091415405

1495823620604 MAGNETIC_FIELD 7.1517944 51.19171 6.8344116

1495823620605 GRAVITY -4.379457 -8.548546 1.9781575

1495823620605 LINEAR_ACCELERATION 0.09138155 -0.030590057 -0.06310642

1495823620606 ROTATION_VECTOR -0.51042724 0.37229833 -0.12099584

1495823620812 ACCELEROMETER -4.3693542 -8.471283 2.0128174

1495823620819 LINEAR_ACCELERATION 0.09558439 -0.036453247 0.05695355

1495823620821 ROTATION_VECTOR -0.5150772 0.36581826 -0.09924034

1495823620822 GRAVITY -4.5133657 -8.478542 1.9784431

1495823620825 GYROSCOPE -0.037979126 -0.036575317 0.1330719

1495823620826 MAGNETIC_FIELD 8.558655 50.473022 6.5811157

1495823621017 GRAVITY -4.565403 -8.434441 2.0463874

1495823621029 LINEAR_ACCELERATION 0.15832281 -0.0873518 0.07815647

1495823621042 ROTATION_VECTOR -0.5188838 0.35555995 -0.0811874

1495823621047 ACCELEROMETER -4.382736 -8.467346 2.0948792

1495823621056 GYROSCOPE 0.103012085 0.08946228 0.013442993

1495823621059 MAGNETIC_FIELD 10.668945 49.81079 6.7611694

1495823621220 ACCELEROMETER -4.237335 -8.195953 1.759903

1495823621226 GYROSCOPE -0.11701965 0.047805786 0.044418335

1495823621229 GRAVITY -4.5795794 -8.460741 1.9009733

1495823621232 LINEAR_ACCELERATION 0.25407887 0.13936615 -0.19193506

1495823621234 ROTATION_VECTOR -0.52369153 0.35892132 -0.08075884

1495823621237 MAGNETIC_FIELD 9.773254 51.51825 7.5180054

1495823621421 GRAVITY -5.06813 -8.259262 1.5063334

1495823621426 LINEAR_ACCELERATION 3.5604382 3.8035989 0.29962885

1495823621429 ROTATION_VECTOR -0.520653 0.39002413 -0.07018697

1495823621432 ACCELEROMETER -1.8140869 -4.6041107 1.5894165

1495823621435 GYROSCOPE -0.03263855 0.5936127 0.47486877

1495823621437 MAGNETIC_FIELD 9.996033 50.634766 7.966614

1495823621623 ACCELEROMETER -3.1924896 -6.012314 0.67323303

1495823621629 GYROSCOPE -1.4329376 0.063827515 2.3419342

1495823621632 MAGNETIC_FIELD 9.674072 49.461365 9.01947

1495823621635 GRAVITY -7.119682 -6.74357 0.06921701

1495823621637 LINEAR_ACCELERATION 3.0150137 -0.044388294 0.2471016

1495823621641 ROTATION_VECTOR -0.5293393 0.46504927 0.064969406

1495823621825 LINEAR_ACCELERATION 4.182022 -10.6175 6.535779

1495823621831 ROTATION_VECTOR -0.5201603 0.5290268 0.40890124

1495823621835 ACCELEROMETER -4.8176727 -10.396988 5.5384216

1495823621837 GYROSCOPE -0.57951355 1.245163 4.6170197

1495823621841 MAGNETIC_FIELD 22.828674 41.85791 17.29126

1495823621843 GRAVITY -9.685204 -1.1784172 -0.98921824

1495823622027 GRAVITY -8.61898 4.1474204 2.1638982

1495823622030 LINEAR_ACCELERATION 1.3668885 -6.1869726 -9.791199

1495823622033 ROTATION_VECTOR -0.40378356 0.47605747 0.71369755

1495823622036 ACCELEROMETER -5.4548798 -5.653702 -5.2144165

1495823622040 GYROSCOPE -3.1365814 -3.5442657 1.0922394

1495823622042 MAGNETIC_FIELD 39.089966 10.856628 34.580994

1495823622228 ACCELEROMETER -3.8019257 3.5848541 -6.091217

1495823622236 GRAVITY -4.259204 2.308217 8.526529

1495823622239 LINEAR_ACCELERATION 0.66379786 1.5591749 -11.132195

1495823622241 ROTATION_VECTOR -0.20412093 0.15363151 0.9561657

1495823622245 GYROSCOPE -3.040451 -3.2580109 -1.1294403

1495823622250 MAGNETIC_FIELD 42.82379 -19.593811 31.184387

1495823622430 GRAVITY -0.8955511 0.19016343 9.763822

1495823622435 LINEAR_ACCELERATION 4.6723704 6.4242864 -2.1752415

1495823622437 ROTATION_VECTOR -0.041617785 0.021251014 0.96459186

1495823622441 ACCELEROMETER 1.5171356 6.4750214 4.329834

1495823622444 GYROSCOPE 1.3227997 -0.48091125 -1.1657562

1495823622447 MAGNETIC_FIELD 42.803955 -27.903748 -3.842163

1495823622631 GRAVITY 1.1024728 0.44340497 9.734389

1495823622636 LINEAR_ACCELERATION -12.805963 -2.141146 1.1841378

1495823622638 ROTATION_VECTOR 0.060637034 0.0027264329 0.9418585

1495823622641 ACCELEROMETER -7.7252197 -0.4141693 9.255173

1495823622644 GYROSCOPE -0.6094208 -2.3949738 -2.2552338

1495823622647 MAGNETIC_FIELD 44.81201 -17.321777 -17.07306

1495823622821 ACCELEROMETER -2.3553925 2.7345276 10.068436

1495823622823 GYROSCOPE 0.26216125 -0.4285736 0.18006897

1495823622831 MAGNETIC_FIELD 40.846252 -9.78241 -26.235962

1495823622831 GRAVITY 3.4104912 0.5049981 9.180627

1495823622832 LINEAR_ACCELERATION -3.9645946 2.881445 2.255076

1495823622832 ROTATION_VECTOR 0.1692153 -0.057310324 0.8756318

1495823623022 ACCELEROMETER -0.79901123 2.5385895 9.763641

1495823623023 GYROSCOPE -0.2462616 -2.593994E-4 -0.15852356

1495823623023 MAGNETIC_FIELD 34.724426 -7.1762085 -34.98535

1495823623024 LINEAR_ACCELERATION -3.235841 2.153908 2.6511388

1495823623024 GRAVITY 3.565546 0.6448528 9.112707

1495823623026 ROTATION_VECTOR 0.1718041 -0.076580636 0.81158286

1495823623224 ACCELEROMETER -1.303421 3.0213318 9.15242

1495823623225 GYROSCOPE 0.08592224 0.5049591 0.026260376

1495823623226 MAGNETIC_FIELD 30.19104 -6.336975 -37.55493

1495823623226 GRAVITY 2.8528624 0.6992344 9.356421

1495823623227 LINEAR_ACCELERATION -3.6485653 2.43566 1.1612401

1495823623227 ROTATION_VECTOR 0.13642819 -0.065898344 0.7621304

1495823623426 ACCELEROMETER -0.26535034 3.1461487 9.190323

1495823623427 GYROSCOPE -0.8497467 1.3039093 -2.2798004

1495823623427 MAGNETIC_FIELD 32.780457 -10.148621 -34.568787

1495823623428 GRAVITY 0.80042475 0.75534654 9.7446995

1495823623428 LINEAR_ACCELERATION -0.96109515 2.537675 1.16362

1495823623429 ROTATION_VECTOR 0.055933017 -0.0054886835 0.6557478

1495823623628 ACCELEROMETER -4.334549 -0.7869415 8.1418

1495823623629 GYROSCOPE 1.0269318 4.4366913 -1.6100922

1495823623630 MAGNETIC_FIELD 43.589783 -1.5396118 -25.544739

1495823623630 GRAVITY -4.974601 0.9942707 8.392566

1495823623631 LINEAR_ACCELERATION -0.97702837 -2.8155298 0.89831877

1495823623631 ROTATION_VECTOR -0.06163564 0.26134133 0.400582

1495823623829 ACCELEROMETER -10.238235 -4.1881866 5.390808

1495823623831 GYROSCOPE 10.68483 1.032608 0.5688629

1495823623832 MAGNETIC_FIELD 43.019104 28.050232 6.642151

1495823623832 GRAVITY -6.269915 7.540338 0.04303771

1495823623833 LINEAR_ACCELERATION -5.3308606 -9.996098 5.417648

1495823623833 ROTATION_VECTOR 0.45092946 0.5426493 0.12950844

1495823624031 ACCELEROMETER -8.468994 -6.7362976 -6.4189453

1495823624032 GYROSCOPE 0.4480133 2.8751068 -1.7339935

1495823624033 MAGNETIC_FIELD 47.27478 17.703247 -3.6560059

1495823624034 GRAVITY -4.5688434 2.3884628 -8.34214

1495823624034 LINEAR_ACCELERATION -4.9375362 -9.029401 0.25281858

1495823624035 ROTATION_VECTOR 0.72836983 0.6283376 -0.10067043

1495823624234 ACCELEROMETER -8.8641205 -1.5548553 0.19151306

1495823624235 GYROSCOPE 0.4554901 2.0259552 0.032669067

1495823624235 MAGNETIC_FIELD 45.92743 19.606018 8.135986

1495823624236 GRAVITY -0.8832902 0.76629645 -9.736682

1495823624237 LINEAR_ACCELERATION -8.189456 -1.1922187 7.7442236

1495823624237 ROTATION_VECTOR 0.6754753 0.7349597 -0.0017112575

1495823624435 ACCELEROMETER -7.475647 -2.3253174 -4.8148804

1495823624436 GYROSCOPE -1.1894073 1.272934 0.7579193

1495823624437 MAGNETIC_FIELD 42.03949 22.395325 22.14508

1495823624437 GRAVITY 1.8488226 1.3223661 -9.53958

1495823624438 LINEAR_ACCELERATION -8.302321 -3.771563 0.6713605

1495823624438 ROTATION_VECTOR -0.540508 -0.83320725 -0.10860557

