1495823569617 GYROSCOPE -0.04866028 -0.0771637 0.010238647

1495823569619 MAGNETIC_FIELD -13.041687 -44.19403 -16.371155

1495823569620 GRAVITY -0.71634346 7.4878597 6.291994

1495823569620 LINEAR_ACCELERATION 0.0 0.0 -0.0

1495823569621 ROTATION_VECTOR 0.0 0.0 0.0

1495823569818 ACCELEROMETER -0.6898651 7.3019104 6.1565857

1495823569819 GYROSCOPE -0.08818054 -0.008804321 -0.02607727

1495823569820 MAGNETIC_FIELD -13.378906 -44.19403 -17.355347

1495823569820 LINEAR_ACCELERATION 0.026375175 0.014719009 0.05343151

1495823569821 GRAVITY -0.6428195 7.380086 6.4258456

1495823569821 ROTATION_VECTOR 0.18504766 -0.37165898 -0.8464932

1495823570020 ACCELEROMETER -0.6011963 7.246475 6.3672485

1495823570021 GYROSCOPE -0.15119934 0.024307251 0.14268494

1495823570021 MAGNETIC_FIELD -13.548279 -44.361877 -17.192078

1495823570022 GRAVITY -0.52699816 7.222527 6.612697

1495823570023 LINEAR_ACCELERATION 0.068339825 0.104833126 0.13112116

1495823570023 ROTATION_VECTOR 0.17841879 -0.36195722 -0.84793735

1495823570222 ACCELEROMETER -0.44717407 7.2441864 6.67453

1495823570222 GYROSCOPE 0.1179657 -0.04725647 -0.038894653

1495823570223 MAGNETIC_FIELD -15.066528 -44.865417 -18.011475

1495823570224 GRAVITY -0.4307398 7.2250032 6.616962

1495823570224 LINEAR_ACCELERATION 0.015914291 0.05201769 -0.06764269

1495823570225 ROTATION_VECTOR 0.1787327 -0.3615017 -0.8429783

1495823570423 ACCELEROMETER -0.41055298 7.187027 6.458618

1495823570424 GYROSCOPE 0.30381775 -0.04298401 -0.2311554

1495823570425 MAGNETIC_FIELD -14.897156 -45.03479 -18.17627

1495823570426 GRAVITY -0.5225545 7.4972324 6.299907

1495823570426 LINEAR_ACCELERATION 0.103919804 -0.12346554 -0.14260387

1495823570427 ROTATION_VECTOR 0.18532234 -0.38006547 -0.8401757

1495823570660 ACCELEROMETER -0.404953 7.2198334 6.0302277

1495823570661 ACCELEROMETER -0.3286438 7.4007416 6.491333

1495823570662 GYROSCOPE -0.044387817 0.16850281 0.089279175

1495823570662 GRAVITY -0.59835696 7.5689836 6.2066774

1495823570663 LINEAR_ACCELERATION 0.26425236 -0.08011341 0.40257454

1495823570663 ROTATION_VECTOR 0.17026675 -0.39313707 -0.85487545

1495823570862 ACCELEROMETER -0.4945526 7.1437225 6.4360657

1495823570864 GYROSCOPE -0.22703552 0.17170715 -0.08161926

1495823570864 MAGNETIC_FIELD -13.870239 -44.815063 -17.008972

1495823570865 GRAVITY -0.7307284 7.358658 6.441007

1495823570866 LINEAR_ACCELERATION 0.16717583 -0.13103008 0.05555916

1495823570867 ROTATION_VECTOR 0.17164229 -0.3770132 -0.86156946

1495823571064 ACCELEROMETER -0.81074524 6.804138 6.7384644

1495823571065 GYROSCOPE -0.17042542 -0.05152893 0.0059661865

1495823571066 MAGNETIC_FIELD -13.5849 -43.637085 -18.797302

1495823571066 GRAVITY -0.8723079 7.0055075 6.8067856

1495823571067 LINEAR_ACCELERATION -0.008743703 -0.16072369 0.17470312

1495823571067 ROTATION_VECTOR 0.17161043 -0.3514262 -0.870578

1495823571266 ACCELEROMETER -0.67793274 6.6833496 6.9793243

1495823571266 GYROSCOPE -0.07002258 8.087158E-4 -0.05064392

1495823571267 MAGNETIC_FIELD -13.156128 -43.977356 -20.967102

1495823571267 GRAVITY -0.84049875 6.8294473 6.9873166

1495823571268 LINEAR_ACCELERATION 0.21713066 -0.033446312 0.070221424

1495823571269 ROTATION_VECTOR 0.1676359 -0.340065 -0.87373626

1495823571468 ACCELEROMETER -0.713501 6.576721 7.0354156

1495823571469 GYROSCOPE 0.035720825 0.021102905 -0.0025787354

1495823571470 MAGNETIC_FIELD -13.711548 -42.73987 -22.055054

1495823571471 GRAVITY -0.87758785 6.7889276 7.0221567

1495823571471 LINEAR_ACCELERATION 0.13348472 -0.09772205 0.12222004

1495823571472 ROTATION_VECTOR 0.17000124 -0.33625767 -0.87341565

1495823571669 ACCELEROMETER -0.7287445 6.5933685 6.9605103

1495823571671 GYROSCOPE 0.028244019 -0.015213013 -0.022872925

1495823571671 MAGNETIC_FIELD -13.21106 -43.824768 -20.898438

1495823571672 GRAVITY -0.8590427 6.7833047 7.02988

1495823571673 LINEAR_ACCELERATION 0.08010161 -0.105128765 0.09233999

1495823571673 ROTATION_VECTOR 0.16698052 -0.3371845 -0.87535816

1495823571871 ACCELEROMETER -0.5507965 6.706772 6.885956

1495823571872 GYROSCOPE -0.01234436 -0.025894165 0.008102417

1495823571873 MAGNETIC_FIELD -12.683105 -42.95349 -21.29364

1495823571874 LINEAR_ACCELERATION 0.23375559 0.053501606 -0.052646637

1495823571874 GRAVITY -0.72186846 6.827258 7.002702

1495823571875 ROTATION_VECTOR 0.15958343 -0.34277496 -0.875698

1495823572073 ACCELEROMETER -0.5992279 6.6194916 6.9812317

1495823572074 GYROSCOPE -0.024093628 -0.012008667 -0.0025787354

1495823572082 MAGNETIC_FIELD -13.102722 -42.35382 -21.57135

1495823572088 GRAVITY -0.6696706 6.76378 7.069173

1495823572089 LINEAR_ACCELERATION 0.0404976 -0.057971478 0.09349394

1495823572094 ROTATION_VECTOR 0.15643051 -0.33926684 -0.8765308

1495823572275 ACCELEROMETER -0.71528625 6.563751 7.0730743

1495823572276 GYROSCOPE 0.0058135986 -0.02482605 0.0016937256

1495823572277 MAGNETIC_FIELD -12.428284 -41.337585 -20.909119

1495823572277 GRAVITY -0.67564034 6.7171454 7.112936

1495823572277 LINEAR_ACCELERATION -0.06283963 -0.060215473 0.06288481

1495823572278 ROTATION_VECTOR 0.15781033 -0.33531642 -0.8757396

1495823572478 ACCELEROMETER -0.80596924 6.508316 7.1785736

1495823572478 GYROSCOPE 0.023971558 0.023239136 0.009170532

1495823572479 MAGNETIC_FIELD -12.748718 -42.10205 -22.235107

1495823572479 GRAVITY -0.7256409 6.6702566 7.1520286

1495823572479 LINEAR_ACCELERATION -0.1204626 -0.08635807 0.16936588

1495823572480 ROTATION_VECTOR 0.160702 -0.33094245 -0.87548554

1495823572688 ACCELEROMETER -0.7324524 6.564499 7.1194153

1495823572706 LINEAR_ACCELERATION 0.014361739 -0.026378632 0.022498608

1495823572707 GRAVITY -0.7489836 6.6815686 7.1390514

1495823572708 ROTATION_VECTOR 0.16298406 -0.33082607 -0.87438536

1495823572709 GYROSCOPE 0.01008606 0.008285522 -0.020736694

1495823572710 MAGNETIC_FIELD -13.131714 -42.34314 -21.861267

1495823572884 GRAVITY -0.7321428 6.6868076 7.135892

1495823572892 LINEAR_ACCELERATION 0.04792899 -0.02836895 -0.048418522

1495823572895 ROTATION_VECTOR 0.16261032 -0.33125314 -0.87393916

1495823572897 ACCELEROMETER -0.694458 6.5530853 6.99527

1495823572899 GYROSCOPE -0.008071899 -0.02482605 -0.004714966

1495823572901 MAGNETIC_FIELD -12.541199 -42.121887 -21.34552

1495823573091 GRAVITY -0.7354413 6.671749 7.149635

1495823573094 LINEAR_ACCELERATION -0.007206261 -0.044002056 0.081820965

1495823573097 ROTATION_VECTOR 0.16347502 -0.32976657 -0.8732905

1495823573099 ACCELEROMETER -0.72280884 6.5403748 7.1267242

1495823573101 GYROSCOPE 0.031448364 0.037124634 0.016647339

1495823573103 MAGNETIC_FIELD -13.267517 -42.173767 -22.38617

1495823573290 GRAVITY -0.73502755 6.633677 7.185016

1495823573293 LINEAR_ACCELERATION 0.01835525 -0.08430052 0.11595392

1495823573295 ROTATION_VECTOR 0.16193162 -0.32778695 -0.8748196

1495823573297 ACCELEROMETER -0.7060089 6.476532 7.1639557

1495823573299 GYROSCOPE -0.013412476 -0.016281128 -0.008987427

1495823573301 MAGNETIC_FIELD -12.542725 -42.337036 -22.219849

1495823573497 ACCELEROMETER -0.6926575 6.4767 7.122238

1495823573502 GRAVITY -0.70886505 6.6217513 7.1986327

1495823573504 LINEAR_ACCELERATION 0.03136599 -0.022034645 0.0069651604

1495823573507 ROTATION_VECTOR 0.16149734 -0.32694113 -0.87399817

1495823573509 GYROSCOPE 0.006881714 -2.593994E-4 0.0070343018

1495823573511 MAGNETIC_FIELD -13.305664 -42.279053 -22.203064

1495823573692 GRAVITY -0.74836695 6.620984 7.1953387

1495823573693 LINEAR_ACCELERATION -0.04678178 -0.065794945 0.03867054

1495823573694 ROTATION_VECTOR 0.16468915 -0.32560298 -0.87276465

1495823573699 ACCELEROMETER -0.7420044 6.497986 7.138138

1495823573702 GYROSCOPE 0.031448364 0.027511597 -4.4250488E-4

1495823573704 MAGNETIC_FIELD -12.809753 -41.860962 -23.240662

1495823573899 ACCELEROMETER -0.753952 6.4860535 7.048111

1495823573902 GRAVITY -0.7843434 6.65645 7.1586914

1495823573905 LINEAR_ACCELERATION 0.02018863 -0.05192995 -0.01206255

1495823573907 ROTATION_VECTOR 0.16846068 -0.32654142 -0.8707605

1495823573909 GYROSCOPE 0.030380249 0.049942017 0.017715454

1495823573911 MAGNETIC_FIELD -12.794495 -42.884827 -21.96045

1495823574101 ACCELEROMETER -0.59143066 6.600235 7.020859

1495823574102 GRAVITY -0.7310713 6.742075 7.0838084

1495823574103 LINEAR_ACCELERATION 0.15184897 -0.022819042 0.022785664

1495823574104 ROTATION_VECTOR 0.16654555 -0.33329996 -0.87000656

1495823574104 GYROSCOPE 0.098739624 -0.007736206 -0.0079193115

1495823574105 MAGNETIC_FIELD -13.160706 -41.737366 -21.850586

1495823574297 GRAVITY -0.7930184 6.8161564 7.0058203

1495823574298 LINEAR_ACCELERATION -0.091138065 -0.015900612 -0.09030628

1495823574299 ROTATION_VECTOR 0.17283507 -0.3360515 -0.8667578

1495823574300 ACCELEROMETER -0.8059845 6.638138 6.8079376

1495823574301 GYROSCOPE -0.018753052 0.039260864 0.021987915

1495823574301 MAGNETIC_FIELD -12.475586 -42.98401 -21.514893

1495823574503 GRAVITY -0.78504026 6.800357 7.022054

1495823574507 LINEAR_ACCELERATION 0.03172493 -0.019348145 0.05550623

1495823574509 ROTATION_VECTOR 0.17169517 -0.3354037 -0.8675056

1495823574511 ACCELEROMETER -0.7806854 6.6604614 6.8828735

1495823574514 GYROSCOPE 0.018630981 0.0050811768 0.010238647

1495823574518 MAGNETIC_FIELD -12.571716 -43.811035 -20.431519

1495823574699 GRAVITY -0.84280723 6.766374 7.048138

1495823574700 LINEAR_ACCELERATION -0.02902776 -0.08220148 0.0895133

1495823574700 ROTATION_VECTOR 0.17363992 -0.3324066 -0.86841464

1495823574701 ACCELEROMETER -0.8326111 6.571045 6.975586

1495823574702 GYROSCOPE -5.950928E-4 0.04032898 -0.027145386

1495823574702 MAGNETIC_FIELD -11.730957 -42.266846 -21.559143

1495823574909 GRAVITY -0.8752595 6.77874 7.0322824

1495823574912 ACCELEROMETER -0.8323059 6.5921326 6.876236

1495823574915 LINEAR_ACCELERATION 0.035437047 -0.026092052 -0.029655457

1495823574917 ROTATION_VECTOR 0.1755632 -0.33261234 -0.8680737

1495823574919 GYROSCOPE 0.020767212 -0.013076782 -0.015396118

1495823574921 MAGNETIC_FIELD -12.918091 -43.193054 -21.356201

1495823575110 GRAVITY -0.8758643 6.7369056 7.0722947

1495823575113 LINEAR_ACCELERATION -0.022979558 -0.043818474 0.1660862

1495823575115 ROTATION_VECTOR 0.1745606 -0.33006352 -0.86912555

1495823575118 ACCELEROMETER -0.88064575 6.586624 7.1083527

1495823575120 GYROSCOPE -0.0048675537 0.016830444 0.029464722

1495823575122 MAGNETIC_FIELD -12.716675 -43.006897 -21.539307

1495823575311 GRAVITY -0.806368 6.7213597 7.095314

1495823575315 LINEAR_ACCELERATION 0.08820701 0.004161358 0.08107233

1495823575317 ROTATION_VECTOR 0.17175737 -0.32975608 -0.86854184

1495823575319 ACCELEROMETER -0.7355957 6.6324615 7.093811

1495823575321 GYROSCOPE 4.7302246E-4 -0.0013275146 0.019851685

1495823575323 MAGNETIC_FIELD -13.780212 -43.507385 -22.131348

1495823575511 GRAVITY -0.7671298 6.707926 7.112357

1495823575514 LINEAR_ACCELERATION 0.070800245 0.008943081 -0.00484848

1495823575518 ROTATION_VECTOR 0.1699906 -0.32935375 -0.86838573

1495823575520 ACCELEROMETER -0.70422363 6.614029 7.035843

1495823575522 GYROSCOPE -0.027297974 -0.0013275146 -0.017532349

1495823575525 MAGNETIC_FIELD -11.685181 -42.152405 -22.532654

1495823575711 ACCELEROMETER -0.69677734 6.5765533 7.15625

1495823575714 GYROSCOPE 0.037857056 -0.020553589 0.003829956

1495823575718 MAGNETIC_FIELD -12.132263 -42.134094 -22.375488

1495823575720 GRAVITY -0.7477802 6.67437 7.145908

1495823575723 LINEAR_ACCELERATION 0.020775855 -0.03639078 0.12253666

1495823575726 ROTATION_VECTOR 0.16782793 -0.3278626 -0.86959743

1495823575911 ACCELEROMETER -0.7610016 6.587982 7.152237

1495823575912 GYROSCOPE -0.042251587 0.013626099 0.014511108

1495823575912 MAGNETIC_FIELD -13.777161 -41.70227 -22.47467

1495823575913 GRAVITY -0.7342895 6.653712 7.166542

1495823575914 LINEAR_ACCELERATION -0.010305464 -0.013551712 0.05956173

1495823575915 ROTATION_VECTOR 0.1684592 -0.32592875 -0.86827266

1495823576120 ACCELEROMETER -0.7504425 6.4690704 7.1387787

1495823576126 GRAVITY -0.7697337 6.569671 7.2399807

1495823576129 LINEAR_ACCELERATION -0.031760395 -0.057317734 -0.014937878

1495823576131 ROTATION_VECTOR 0.16999988 -0.31931767 -0.8683107

1495823576134 GYROSCOPE -0.0572052 0.025375366 0.0016937256

1495823576136 MAGNETIC_FIELD -13.441467 -42.41638 -22.75238

1495823576315 GRAVITY -0.8126583 6.5294485 7.271608

1495823576323 LINEAR_ACCELERATION -0.021643639 0.013856411 -0.05996895

1495823576326 ROTATION_VECTOR 0.17382161 -0.31470183 -0.86629194

1495823576328 ACCELEROMETER -0.7972412 6.480545 7.165512

1495823576330 GYROSCOPE -0.021957397 0.011489868 -0.0068511963

1495823576333 MAGNETIC_FIELD -12.85553 -41.607666 -21.801758

1495823576524 ACCELEROMETER -0.6548157 6.4881287 7.212204

1495823576530 GRAVITY -0.7443158 6.517246 7.2898483

1495823576532 LINEAR_ACCELERATION 0.14805424 0.047465324 0.06931925

1495823576535 ROTATION_VECTOR 0.16860147 -0.31606126 -0.86830103

1495823576537 GYROSCOPE 0.007949829 -0.020553589 -0.017532349

1495823576539 MAGNETIC_FIELD -13.270569 -42.285156 -22.639465

1495823576720 GRAVITY -0.72985953 6.541705 7.269373

1495823576726 LINEAR_ACCELERATION 0.05984229 0.014523029 -0.053496838

1495823576728 ROTATION_VECTOR 0.16840105 -0.31781474 -0.8678435

1495823576730 ACCELEROMETER -0.68029785 6.4582367 7.183731

1495823576733 GYROSCOPE 0.002609253 0.013626099 -0.012191772

1495823576737 MAGNETIC_FIELD -12.872314 -42.208862 -22.569275

1495823576922 GRAVITY -0.7447694 6.534052 7.2747416

1495823576930 ACCELEROMETER -0.71009827 6.443527 7.1633606

1495823576932 LINEAR_ACCELERATION 7.945895E-4 -0.019798756 -0.024529934

1495823576934 ROTATION_VECTOR 0.16889872 -0.31711924 -0.8680663

1495823576939 GYROSCOPE -0.014480591 0.011489868 0.01878357

1495823576941 MAGNETIC_FIELD -12.617493 -41.926575 -22.903442

1495823577127 ACCELEROMETER -0.65663147 6.5219116 7.0941467

1495823577133 GRAVITY -0.7142291 6.5471587 7.2660155

1495823577138 LINEAR_ACCELERATION 0.03409773 0.052024364 -0.0731554

1495823577140 ROTATION_VECTOR 0.16925512 -0.31763032 -0.8661076

1495823577143 GYROSCOPE -0.015548706 -0.015213013 -0.0015106201

1495823577145 MAGNETIC_FIELD -12.872314 -41.81366 -22.90802

1495823577329 ACCELEROMETER -0.77033997 6.4684753 7.0981293

1495823577337 GRAVITY -0.7302809 6.5787663 7.235808

1495823577340 LINEAR_ACCELERATION -0.067202866 -8.6164474E-4 -0.06712103

1495823577342 ROTATION_VECTOR 0.17092443 -0.3191572 -0.86527413

1495823577344 GYROSCOPE 0.037857056 -0.007736206 0.0059661865

1495823577349 MAGNETIC_FIELD -12.677002 -41.94336 -22.21222

1495823577530 ACCELEROMETER -0.7361603 6.4910126 7.087967

1495823577540 GRAVITY -0.72961116 6.6202054 7.1979814

1495823577542 LINEAR_ACCELERATION -0.0055652857 -0.025100708 0.03749895

1495823577544 ROTATION_VECTOR 0.17123231 -0.32200092 -0.8650562

1495823577547 GYROSCOPE 0.042129517 -2.593994E-4 -0.010055542

1495823577549 MAGNETIC_FIELD -12.974548 -43.118286 -22.407532

1495823577722 GRAVITY -0.7088263 6.6722713 7.1518354

1495823577723 LINEAR_ACCELERATION 0.021258473 -0.008610725 -0.04704857

1495823577724 ACCELEROMETER -0.6971283 6.530411 6.9970703

1495823577725 GYROSCOPE 0.015426636 -0.007736206 0.01878357

1495823577725 MAGNETIC_FIELD -12.733459 -42.79785 -21.91925

1495823577726 ROTATION_VECTOR 0.1706751 -0.3259262 -0.8647108

1495823577924 ACCELEROMETER -0.7348175 6.514633 7.0732574

1495823577924 GYROSCOPE -5.950928E-4 -0.021621704 0.01878357

1495823577925 MAGNETIC_FIELD -11.877441 -41.711426 -22.425842

1495823577925 GRAVITY -0.6858025 6.6641464 7.161649

1495823577926 LINEAR_ACCELERATION -0.047212005 -0.031140327 0.04687643

1495823577926 ROTATION_VECTOR 0.16936101 -0.32584408 -0.8648847

1495823578132 LINEAR_ACCELERATION -0.071146786 -0.046343327 -0.09366274

1495823578135 GRAVITY -0.7121664 6.684626 7.1399565

1495823578138 ROTATION_VECTOR 0.17344561 -0.3253923 -0.8619843

1495823578141 ACCELEROMETER -0.7123413 6.533386 6.928131

1495823578143 GYROSCOPE 0.015426636 0.009353638 -0.012191772

1495823578146 MAGNETIC_FIELD -13.1866455 -41.456604 -22.044373

1495823578332 ACCELEROMETER -0.7499237 6.5267487 6.9889984

1495823578335 GRAVITY -0.75077474 6.690871 7.1301455

1495823578337 LINEAR_ACCELERATION 0.0014217496 -0.007294178 0.01687479

1495823578339 ROTATION_VECTOR 0.1746834 -0.3254988 -0.8626991

1495823578342 GYROSCOPE 0.0047454834 0.02003479 -0.015396118

1495823578344 MAGNETIC_FIELD -12.161255 -41.63971 -22.338867

1495823578531 GRAVITY -0.7885071 6.648176 7.1659193

1495823578532 LINEAR_ACCELERATION 0.0071148872 -0.022342682 0.092654705

1495823578532 ROTATION_VECTOR 0.17344168 -0.32335398 -0.86584896

1495823578533 ACCELEROMETER -0.77371216 6.5107574 7.077484

1495823578533 GYROSCOPE -0.021957397 0.028579712 0.0027618408

1495823578533 MAGNETIC_FIELD -12.611389 -43.016052 -22.052002

1495823578741 ACCELEROMETER -0.7143707 6.49823 7.120819

1495823578750 GRAVITY -0.7737133 6.622934 7.190862

1495823578753 LINEAR_ACCELERATION 0.052814245 -0.013169289 0.042527676

1495823578755 ROTATION_VECTOR 0.17183053 -0.32224575 -0.86672163

1495823578758 GYROSCOPE 0.0047454834 -0.008804321 -4.4250488E-4

1495823578760 MAGNETIC_FIELD -13.310242 -42.948914 -21.551514

1495823578940 GRAVITY -0.79399884 6.5711493 7.2360168

1495823578949 ACCELEROMETER -0.7655029 6.4446716 7.192276

1495823578951 LINEAR_ACCELERATION -0.016903102 -0.038337708 0.10016823

1495823578954 ROTATION_VECTOR 0.17100444 -0.3190976 -0.86850804

1495823578956 GYROSCOPE -0.025161743 0.02003479 -0.0079193115

1495823578958 MAGNETIC_FIELD -12.109375 -42.108154 -22.39685

1495823579142 ACCELEROMETER -0.72673035 6.47847 7.1293335

1495823579154 GRAVITY -0.7767357 6.5812383 7.2287183

1495823579157 LINEAR_ACCELERATION 0.08441597 0.029035568 -0.040887356

1495823579159 ROTATION_VECTOR 0.17062429 -0.31988323 -0.8680439

1495823579161 GYROSCOPE 0.011154175 0.009353638 0.0027618408

1495823579163 MAGNETIC_FIELD -12.890625 -42.02423 -23.226929

1495823579337 ACCELEROMETER -0.80378723 6.415451 7.041733

1495823579337 GYROSCOPE 0.023971558 0.0040130615 0.0070343018

1495823579338 MAGNETIC_FIELD -12.068176 -42.626953 -22.761536

1495823579338 GRAVITY -0.8097941 6.593312 7.214073

1495823579339 LINEAR_ACCELERATION -0.052713454 -0.077156544 -0.035148144

1495823579339 ROTATION_VECTOR 0.17322138 -0.31965446 -0.8670352

1495823579534 ACCELEROMETER -0.7610016 6.437149 7.068329

1495823579552 GRAVITY -0.8101606 6.6021247 7.2059684

1495823579562 LINEAR_ACCELERATION 0.028724134 -0.026283741 0.032200813

1495823579576 ROTATION_VECTOR 0.17284162 -0.3205053 -0.86748224

1495823579594 GYROSCOPE 0.007949829 0.02003479 -0.0036468506

1495823579594 MAGNETIC_FIELD -11.169434 -41.71295 -23.08197

1495823579737 ACCELEROMETER -0.77679443 6.402893 7.214508

1495823579738 GYROSCOPE 0.0015411377 -0.0023956299 -4.4250488E-4

1495823579738 MAGNETIC_FIELD -11.886597 -41.319275 -23.072815

1495823579739 GRAVITY -0.79762334 6.5734777 7.233504

1495823579739 LINEAR_ACCELERATION 0.051514804 -0.040058613 0.101136684

1495823579739 ROTATION_VECTOR 0.17020987 -0.31972262 -0.8695397

1495823579950 GRAVITY -0.73583704 6.607922 7.2086267

1495823579956 LINEAR_ACCELERATION 0.58717567 0.08111143 -0.7994113

1495823579960 ROTATION_VECTOR 0.16592565 -0.32393056 -0.87089366

1495823579962 ACCELEROMETER -0.26164246 6.641464 6.3940277

1495823579965 GYROSCOPE 0.025039673 -0.15193176 -0.12007141

1495823579967 MAGNETIC_FIELD -12.852478 -42.219543 -23.716736

1495823580141 ACCELEROMETER 0.035751343 6.7473907 7.1008606

1495823580142 GYROSCOPE 0.16496277 -0.38264465 -0.6883087

1495823580143 MAGNETIC_FIELD -12.869263 -41.967773 -23.930359

1495823580143 GRAVITY -0.8623395 6.664643 7.1420794

1495823580143 LINEAR_ACCELERATION 0.4650436 0.07903814 0.07723951

1495823580144 ROTATION_VECTOR 0.15606365 -0.33391532 -0.8856984

1495823580350 GRAVITY -0.95262885 6.666808 7.128573

1495823580356 LINEAR_ACCELERATION 0.6098496 -0.011492729 0.5190315

1495823580359 ACCELEROMETER -0.77342224 6.2570496 7.2245636

1495823580362 GYROSCOPE 0.027175903 -0.3922577 -0.32728577

1495823580365 MAGNETIC_FIELD -10.639954 -42.355347 -23.878479

1495823580367 ROTATION_VECTOR 0.13413748 -0.34431246 -0.9048464

1495823580558 GRAVITY -0.5702273 6.485818 7.3334436

1495823580566 LINEAR_ACCELERATION 0.40082246 -1.7183719 -1.1729107

1495823580579 ROTATION_VECTOR 0.081714675 -0.34557366 -0.92508394

1495823580590 ACCELEROMETER -0.16067505 5.184494 6.498993

1495823580603 GYROSCOPE -0.078567505 -0.98612976 -0.63490295

1495823580603 MAGNETIC_FIELD -8.8897705 -41.31012 -24.006653

1495823580745 ACCELEROMETER 0.34213257 3.6203918 4.252838

1495823580746 GYROSCOPE 0.42771912 -1.8993683 -0.4907074

1495823580747 MAGNETIC_FIELD -9.277344 -42.755127 -21.939087

1495823580747 GRAVITY 0.7859391 6.6279907 7.1848745

1495823580748 LINEAR_ACCELERATION -0.34941602 -2.70928 -2.731761

1495823580748 ROTATION_VECTOR -0.03184681 -0.36422402 -0.9303249

1495823580947 ACCELEROMETER 1.6555939 5.6664734 1.7459106

1495823580947 GYROSCOPE 1.835495 -1.7829437 -2.304367

1495823580948 MAGNETIC_FIELD -9.25293 -44.865417 -16.482544

1495823580948 GRAVITY 1.051277 8.119223 5.3984647

1495823580949 LINEAR_ACCELERATION 0.74966335 -2.1046338 -4.687566

1495823580949 ROTATION_VECTOR 0.16799918 0.44331837 0.8565916

1495823581149 ACCELEROMETER 2.8802948 10.879974 3.5499878

1495823581149 GYROSCOPE -0.55815125 -3.6094208 -1.858963

1495823581150 MAGNETIC_FIELD -7.1609497 -50.52185 -4.562378

1495823581151 GRAVITY 0.5965852 8.588058 4.696779

1495823581151 LINEAR_ACCELERATION 6.622413 6.173774 -1.980587

1495823581151 ROTATION_VECTOR 0.34673357 0.37457547 0.6700231

1495823581350 ACCELEROMETER 12.78862 9.1154785 11.405716

1495823581351 GYROSCOPE -2.7296295 -1.3140411 -0.75346375

1495823581351 MAGNETIC_FIELD 5.0064087 -45.50934 -16.482544

1495823581352 GRAVITY 2.3173883 6.150107 7.2784805

1495823581352 LINEAR_ACCELERATION 8.207998 -1.029171 8.5484915

1495823581353 ROTATION_VECTOR 0.33743468 0.12263195 0.60762024

1495823581559 LINEAR_ACCELERATION 4.674016 -3.5508347 -20.73279

1495823581563 ROTATION_VECTOR 0.4705649 0.008067963 0.4509034

1495823581565 GRAVITY 4.041526 7.0709915 5.462374

1495823581568 ACCELEROMETER 7.838135 2.151886 -8.977798

1495823581571 GYROSCOPE 3.1418 -2.1396942 -1.015152

1495823581574 MAGNETIC_FIELD -10.629272 -51.271057 -7.936096

1495823581764 ACCELEROMETER 10.33548 5.3007813 -4.9245605

1495823581775 GYROSCOPE 1.41893 -1.2873383 -1.1678925

1495823581777 LINEAR_ACCELERATION 6.3819847 -2.2949142 -3.0038233

1495823581781 GRAVITY 3.110546 9.293291 0.36004874

1495823581784 MAGNETIC_FIELD -19.493103 -48.901367 4.006958

1495823581787 ROTATION_VECTOR 0.69039613 0.07068084 0.29686514

1495823581955 ACCELEROMETER 4.3109283 6.0135345 -8.834122

1495823581957 GRAVITY 1.396577 9.249533 -2.943826

1495823581958 LINEAR_ACCELERATION 1.874859 -3.328723 -5.3787155

1495823581958 GYROSCOPE 1.4007721 -0.42643738 -0.30271912

1495823581959 MAGNETIC_FIELD -11.158752 -48.138428 26.927185

1495823581959 ROTATION_VECTOR 0.7933807 0.14366777 0.19112046

1495823582156 ACCELEROMETER 4.1077576 5.402542 -7.210617

1495823582157 GYROSCOPE 0.27070618 -0.5813141 -0.19163513

1495823582157 MAGNETIC_FIELD -1.8341064 -45.687866 35.105896

1495823582158 GRAVITY 0.6887212 8.549168 -4.754763

1495823582158 LINEAR_ACCELERATION 3.678997 -2.3785048 -3.7552176

1495823582159 ROTATION_VECTOR 0.83484405 0.21321552 0.1646674

1495823582358 ACCELEROMETER 3.5210419 5.0955048 -7.327118

1495823582359 GYROSCOPE 0.68833923 -0.46702576 0.4342804

1495823582360 MAGNETIC_FIELD 1.7700195 -42.282104 37.339783

1495823582360 GRAVITY 0.5369901 7.9284697 -5.746425

1495823582360 LINEAR_ACCELERATION 4.0134687 -1.6853628 -2.2187643

1495823582361 ROTATION_VECTOR 0.8571336 0.24147074 0.15268785

1495823582560 ACCELEROMETER 4.230545 4.440399 -7.9500732

1495823582560 GYROSCOPE -0.1415863 -0.14979553 0.3296051

1495823582561 MAGNETIC_FIELD 2.1835327 -41.804504 39.448547

1495823582561 LINEAR_ACCELERATION 2.7392714 -2.6209831 -1.6801982

1495823582561 GRAVITY 0.92113894 7.4144554 -6.3519874

1495823582563 ROTATION_VECTOR 0.87635916 0.23633844 0.15840255

1495823582761 ACCELEROMETER 3.8730927 5.17157 -7.3724976

1495823582762 GYROSCOPE 0.15748596 0.0050811768 -0.2247467

1495823582762 MAGNETIC_FIELD 3.755188 -42.466736 38.381958

1495823582763 GRAVITY 1.0581028 7.304842 -6.4567866

1495823582763 LINEAR_ACCELERATION 2.6318908 -1.4366708 -1.4563537

1495823582764 ROTATION_VECTOR 0.87625456 0.24775477 0.16829018

1495823582963 ACCELEROMETER 3.4134674 5.1958923 -7.426178

1495823582964 GYROSCOPE -0.0037994385 -0.0023956299 0.015579224

1495823582964 MAGNETIC_FIELD 3.565979 -41.323853 38.494873

1495823582965 GRAVITY 1.0517839 7.1399126 -6.6397133

1495823582966 LINEAR_ACCELERATION 2.5633655 -1.2444787 -1.4127765

1495823582966 ROTATION_VECTOR 0.87348336 0.27487805 0.17519502

1495823583165 ACCELEROMETER 3.7866058 5.2102966 -7.5326996

1495823583166 GYROSCOPE -0.092453 -0.039779663 -0.043167114

1495823583166 MAGNETIC_FIELD 3.6560059 -41.82434 39.224243

1495823583167 GRAVITY 1.1632563 7.108415 -6.654897

1495823583167 LINEAR_ACCELERATION 2.8044066 -1.4040933 -1.6710558

1495823583168 ROTATION_VECTOR 0.86815494 0.29259586 0.18769678

1495823583367 ACCELEROMETER 3.6529999 5.0055237 -7.854416

1495823583368 GYROSCOPE 0.017562866 0.037124634 0.0027618408

1495823583375 MAGNETIC_FIELD 4.43573 -42.756653 37.989807

1495823583375 LINEAR_ACCELERATION 2.396881 -1.423212 -1.5039835

1495823583376 GRAVITY 1.268588 7.069538 -6.677028

1495823583376 ROTATION_VECTOR 0.8649989 0.3036621 0.19680545

1495823583568 ACCELEROMETER 3.5503693 4.944702 -7.544449

1495823583569 GYROSCOPE -0.09352112 -0.0045318604 0.02305603

1495823583570 MAGNETIC_FIELD 3.6483765 -41.778564 38.694763

1495823583570 GRAVITY 2.1411097 6.4333696 -7.0850406

1495823583570 LINEAR_ACCELERATION 1.5868766 -1.0572367 -1.0670085

1495823583571 ROTATION_VECTOR 0.8767693 0.30415803 0.22697671

1495823583770 ACCELEROMETER 3.5905762 5.022476 -7.51474

1495823583771 GYROSCOPE 0.1318512 0.13111877 -0.058120728

1495823583771 MAGNETIC_FIELD 2.8427124 -40.875244 38.404846

1495823583772 LINEAR_ACCELERATION 1.0937173 -0.5893612 -0.45200968

1495823583772 GRAVITY 2.7616448 6.019347 -7.232646

1495823583773 ROTATION_VECTOR 0.8776636 0.3137976 0.25310034

1495823583972 ACCELEROMETER 3.7691956 4.9594116 -7.304962

1495823583973 GYROSCOPE 0.03465271 -0.038711548 0.05189514

1495823583974 MAGNETIC_FIELD 2.2979736 -42.199707 39.10675

1495823583974 GRAVITY 3.1092327 5.575533 -7.4442253

1495823583975 LINEAR_ACCELERATION 0.6172457 -0.4575944 -0.4603095

1495823583976 ROTATION_VECTOR 0.87881607 0.3274632 0.26423156

1495823584174 ACCELEROMETER 3.7119904 4.957443 -7.6417847

1495823584175 GYROSCOPE 0.1179657 -0.070755005 0.0978241

1495823584176 MAGNETIC_FIELD 2.998352 -42.17987 39.07013

1495823584177 GRAVITY 3.32136 5.237266 -7.5967097

1495823584178 LINEAR_ACCELERATION 0.5325637 -0.13216496 -0.35712385

1495823584178 ROTATION_VECTOR 0.8789669 0.33873528 0.26968426

1495823584375 ACCELEROMETER 3.6834412 4.9379272 -7.875702

1495823584376 GYROSCOPE 0.029312134 -0.016281128 0.068984985

1495823584377 GRAVITY 3.4634595 5.018283 -7.6806035

1495823584378 MAGNETIC_FIELD 2.8182983 -41.6687 38.424683

1495823584378 LINEAR_ACCELERATION 0.31816912 0.02055645 -0.13618708

1495823584379 ROTATION_VECTOR 0.8777427 0.34809414 0.2737343

1495823584577 ACCELEROMETER 3.692337 4.876358 -7.5471954

1495823584578 GYROSCOPE 0.048538208 -0.035507202 0.050827026

1495823584579 MAGNETIC_FIELD 2.4765015 -42.173767 37.771606

1495823584579 GRAVITY 3.56379 4.899711 -7.7112007

1495823584580 LINEAR_ACCELERATION 0.17673469 -0.006067753 0.012629986

1495823584581 ROTATION_VECTOR 0.8750251 0.35706142 0.2778825

1495823584780 ACCELEROMETER 4.2144775 5.1305847 -7.899994

1495823584781 GYROSCOPE 0.19700623 -0.093185425 -0.0068511963

1495823584781 MAGNETIC_FIELD 2.886963 -42.637634 38.84735

1495823584782 LINEAR_ACCELERATION 0.55085826 0.35326242 -0.08375931

1495823584782 GRAVITY 3.6788826 4.762101 -7.743294

1495823584783 ROTATION_VECTOR 0.86774737 0.3765802 0.28408375

1495823584981 ACCELEROMETER 3.881546 4.891739 -7.8142395

1495823584983 GYROSCOPE -0.007003784 0.08091736 0.06791687

1495823584983 MAGNETIC_FIELD 1.8081665 -42.333984 38.594055

1495823584984 GRAVITY 3.6907032 4.6520195 -7.8043456

1495823584984 LINEAR_ACCELERATION -0.019646406 0.119565964 0.074849606

1495823584985 ROTATION_VECTOR 0.862797 0.3917808 0.2843053

1495823585183 ACCELEROMETER 3.548355 4.8594055 -7.7238464

1495823585183 GYROSCOPE 0.023971558 0.070236206 -0.04637146

1495823585184 MAGNETIC_FIELD 1.5548706 -41.755676 38.01422

1495823585184 GRAVITY 3.7434995 4.714737 -7.7413087

1495823585185 LINEAR_ACCELERATION -0.16561437 0.1544118 0.053159714

1495823585185 ROTATION_VECTOR 0.85801995 0.39811888 0.29000655

1495823585385 ACCELEROMETER 3.7138672 4.969452 -8.500763

1495823585386 GRAVITY 4.435646 4.8078704 -7.306149

1495823585386 GYROSCOPE -0.2676239 0.74742126 0.27726746

1495823585387 LINEAR_ACCELERATION -0.26383066 0.26958084 -1.1180086

1495823585388 MAGNETIC_FIELD 2.142334 -42.4942 37.76703

1495823585388 ROTATION_VECTOR 0.8529518 0.3807665 0.32806253

1495823585586 ACCELEROMETER 5.0530853 5.3124237 -8.511124

1495823585587 GYROSCOPE 0.19487 -0.52256775 -0.060256958

1495823585587 MAGNETIC_FIELD -0.17700195 -43.077087 37.50763

1495823585587 GRAVITY 4.692887 4.758549 -7.176588

1495823585588 LINEAR_ACCELERATION 0.29585838 0.40877056 -0.93955326

1495823585588 ROTATION_VECTOR 0.85798025 0.36024168 0.3380175

1495823585788 ACCELEROMETER 4.5770874 4.999283 -7.2494507

1495823585788 GYROSCOPE -0.10420227 0.054214478 0.032669067

1495823585789 MAGNETIC_FIELD -1.0696411 -43.026733 37.8067

1495823585789 GRAVITY 4.317545 4.7108135 -7.4389133

1495823585790 LINEAR_ACCELERATION -0.49270487 -0.10330105 0.20006037

1495823585790 ROTATION_VECTOR 0.8669879 0.3572269 0.31463677

1495823585989 ACCELEROMETER 4.0383606 4.9031982 -6.0119476

1495823585990 GYROSCOPE -0.5827179 1.0870819 0.46098328

1495823585991 MAGNETIC_FIELD -1.9058228 -43.52112 36.621094

1495823585991 GRAVITY 5.334862 5.0302324 -6.512019

1495823585991 LINEAR_ACCELERATION -0.6545882 0.06858826 1.3224697

1495823585992 ROTATION_VECTOR 0.847391 0.3375634 0.3810811

1495823586191 ACCELEROMETER 6.029114 4.8901215 -6.2577667

1495823586191 GRAVITY 5.93835 4.788996 -6.1621346

1495823586192 GYROSCOPE 0.5890045 -0.4424591 -0.045303345

1495823586192 MAGNETIC_FIELD -8.8897705 -45.265198 32.29065

1495823586193 LINEAR_ACCELERATION -0.25582123 -0.18739557 -0.379714

1495823586193 ROTATION_VECTOR 0.8521146 0.29678622 0.4058833

1495823586392 ACCELEROMETER 4.5686493 4.258148 -5.8146667

1495823586393 GYROSCOPE -0.15653992 -0.023757935 -0.055984497

1495823586394 MAGNETIC_FIELD -9.802246 -44.126892 33.847046

1495823586394 GRAVITY 5.5697846 4.593727 -6.636683

1495823586395 LINEAR_ACCELERATION -0.87363005 -0.16824579 0.7454996

1495823586396 ROTATION_VECTOR 0.86305153 0.3058082 0.37777078

1495823586596 ACCELEROMETER 5.3448486 5.217972 -5.771286

1495823586596 GYROSCOPE -0.20033264 0.4141693 1.1552582

1495823586597 MAGNETIC_FIELD -8.088684 -43.90869 33.802795

1495823586597 GRAVITY 6.2499714 4.239848 -6.255552

1495823586597 LINEAR_ACCELERATION -0.8307419 1.0829067 -0.21684408

1495823586598 ROTATION_VECTOR 0.86414963 0.26868165 0.40717205

1495823586765 ACCELEROMETER 6.6442566 4.8674774 -6.053543

1495823586766 MAGNETIC_FIELD -9.423828 -42.642212 36.16638

1495823586795 GYROSCOPE 0.15962219 0.44514465 -0.08589172

1495823586796 GRAVITY 7.171316 3.5990996 -5.6381817

1495823586797 LINEAR_ACCELERATION -0.114249706 0.62613654 -0.031157017

1495823586797 ROTATION_VECTOR 0.86057234 0.21652368 0.45003575

1495823586998 ACCELEROMETER 5.6394043 4.2095337 -6.481262

1495823586999 GYROSCOPE 0.16282654 0.039260864 -0.07841492

1495823587000 MAGNETIC_FIELD -12.033081 -42.19513 35.61554

1495823587000 LINEAR_ACCELERATION -1.9991541 0.6734896 -0.77764463

1495823587001 GRAVITY 7.3107758 3.583125 -5.4666414

1495823587001 ROTATION_VECTOR 0.8530612 0.22584878 0.46131402

1495823587201 ACCELEROMETER 6.1623535 4.3054657 -6.156296

1495823587201 GYROSCOPE -0.025161743 0.037124634 -0.02607727

1495823587202 MAGNETIC_FIELD -12.712097 -41.65802 36.465454

1495823587202 LINEAR_ACCELERATION -0.89682007 0.66751623 -0.5533018

1495823587202 GRAVITY 7.2721505 3.621002 -5.4931374

1495823587203 ROTATION_VECTOR 0.8480976 0.24658157 0.46146825

1495823587402 ACCELEROMETER 6.412796 4.1360474 -6.259445

1495823587403 GYROSCOPE 0.15107727 -0.07609558 -0.057052612

1495823587403 MAGNETIC_FIELD -13.401794 -42.848206 35.31952

1495823587404 LINEAR_ACCELERATION -0.71855927 0.4811914 -0.7747226

1495823587404 GRAVITY 7.178481 3.635335 -5.6057243

1495823587404 ROTATION_VECTOR 0.8464322 0.26337224 0.4563569

1495823587604 ACCELEROMETER 6.345215 4.316513 -6.4740295

1495823587604 GYROSCOPE -0.1341095 0.07557678 0.10102844

1495823587605 MAGNETIC_FIELD -11.679077 -41.389465 35.585022

1495823587605 GRAVITY 7.144858 3.6306915 -5.651501

1495823587605 LINEAR_ACCELERATION -0.96445847 0.6876557 -0.7263794

1495823587606 ROTATION_VECTOR 0.8446044 0.2734772 0.45461386

1495823587806 ACCELEROMETER 6.4265747 4.240555 -6.454315

1495823587807 GYROSCOPE 0.028244019 -0.018417358 0.0048980713

1495823587807 MAGNETIC_FIELD -12.696838 -41.529846 36.810303

1495823587808 GRAVITY 7.1712875 3.6423073 -5.610402

1495823587808 LINEAR_ACCELERATION -0.65785694 0.6270566 -0.88249636

1495823587808 ROTATION_VECTOR 0.84343123 0.27326673 0.45688432

1495823588008 ACCELEROMETER 6.4539185 4.964981 -7.6560516

1495823588009 GYROSCOPE 0.03465271 -0.07823181 0.04121399

1495823588010 GRAVITY 7.0115314 3.6362257 -5.812631

1495823588010 MAGNETIC_FIELD -12.17804 -41.69159 35.51178

1495823588011 LINEAR_ACCELERATION -0.6065664 2.0814688 -3.5046992

1495823588011 ROTATION_VECTOR 0.85012275 0.27139086 0.44480285

