1499175814166 ACCELEROMETER 2.154541 -2.2099152 8.048996

1499175814169 GYROSCOPE 0.44863892 -0.7786255 0.4395752

1499175814169 MAGNETIC_FIELD -2.4734497 27.812195 -42.321777

1499175814170 GRAVITY 2.4659288 -2.6500165 9.11411

1499175814170 LINEAR_ACCELERATION 0.0 0.0 -0.0

1499175814171 ROTATION_VECTOR 0.0 0.0 0.0

1499175814366 ACCELEROMETER 1.9317474 -2.361435 8.509644

1499175814368 GRAVITY 2.6440578 -2.2371707 9.174662

1499175814368 GYROSCOPE 0.41018677 -0.5201416 0.16079712

1499175814369 MAGNETIC_FIELD 1.0696411 27.644348 -41.500854

1499175814369 LINEAR_ACCELERATION -0.545285 -0.3578987 0.8303795

1499175814371 ROTATION_VECTOR -0.08282678 -0.15925507 0.21722227

1499175814567 ACCELEROMETER 3.2297363 -1.9220428 8.049438

1499175814568 GYROSCOPE -0.9110718 0.68362427 0.60406494

1499175814569 MAGNETIC_FIELD -6.3552856 25.62561 -43.470764

1499175814570 GRAVITY 2.6885371 -2.7298298 9.027191

1499175814570 LINEAR_ACCELERATION 0.54720163 0.44149256 -0.57352066

1499175814571 ROTATION_VECTOR -0.0965166 -0.17443016 0.27798286

1499175814746 ACCELEROMETER 0.8904114 -5.023468 5.8332825

1499175814748 GYROSCOPE 0.9463806 -4.6259766 1.6625671

1499175814748 MAGNETIC_FIELD -2.810669 26.130676 -42.64984

1499175814748 GRAVITY 4.2730627 -4.055592 7.839865

1499175814749 LINEAR_ACCELERATION -2.851772 -1.722764 -0.9481244

1499175814749 ROTATION_VECTOR -0.09049393 -0.3034616 0.42914224

1499175814998 ACCELEROMETER 9.2916565 -3.1436615 6.1278534

1499175815000 GYROSCOPE 2.1950073 0.23394775 -0.69903564

1499175815001 MAGNETIC_FIELD -36.772156 16.903687 -28.431702

1499175815001 GRAVITY 8.088409 -1.1699532 5.4202614

1499175815002 LINEAR_ACCELERATION 4.534217 -0.52893937 1.714138

1499175815003 ROTATION_VECTOR 0.07359605 -0.46714795 0.26030892

1499175815199 ACCELEROMETER 8.507675 -5.561508 -0.41000366

1499175815200 GYROSCOPE -2.0197754 5.5147095 -1.6688843

1499175815201 MAGNETIC_FIELD -40.386963 3.9367676 -29.440308

1499175815202 GRAVITY 5.2117333 -0.28069383 8.302375

1499175815202 LINEAR_ACCELERATION 3.6462712 -5.3775067 -7.726513

1499175815203 ROTATION_VECTOR 0.1004172 -0.2580951 0.39606678

1499175815399 ACCELEROMETER 11.91803 -1.8018799 1.6438446

1499175815401 GYROSCOPE -2.710846 -4.2286377 0.49084473

1499175815401 MAGNETIC_FIELD -27.970886 3.7216187 -40.977478

1499175815402 GRAVITY 5.6896067 -3.2790675 7.2833014

1499175815403 LINEAR_ACCELERATION 7.7057056 1.1157057 -4.468116

1499175815403 ROTATION_VECTOR 0.0067971153 -0.35862067 0.48135015

1499175815600 ACCELEROMETER 10.559952 -9.990509 -1.3263092

1499175815601 GYROSCOPE 0.17199707 -0.80532837 2.031067

1499175815602 MAGNETIC_FIELD -33.016968 23.570251 -28.172302

1499175815603 GRAVITY 7.0426764 -6.4458833 2.240912

1499175815603 LINEAR_ACCELERATION 3.6600418 -3.826232 -2.9120212

1499175815604 ROTATION_VECTOR -0.020740984 -0.62073755 0.50955105

1499175815800 ACCELEROMETER 6.8060913 -9.522049 -1.8398285

1499175815802 GYROSCOPE -0.9901123 -0.098236084 -0.61572266

1499175815803 MAGNETIC_FIELD -16.937256 40.808105 -17.723083

1499175815804 GRAVITY 6.1246367 -7.6278896 0.688848

1499175815804 LINEAR_ACCELERATION 1.1197648 -2.6109653 -2.6725774

1499175815805 ROTATION_VECTOR -0.09531657 -0.67512465 0.50077826

1499175816001 ACCELEROMETER 3.81398 -3.3463898 -3.5374146

1499175816002 GYROSCOPE -0.9142761 -4.3749695 -2.1164246

1499175816003 MAGNETIC_FIELD -13.90686 43.600464 -9.007263

1499175816004 GRAVITY 7.0095854 -5.648913 -3.8892

1499175816004 LINEAR_ACCELERATION -2.545051 2.6894765 0.8330302

1499175816005 ROTATION_VECTOR -0.014779742 -0.8355092 0.33704507

1499175816201 ACCELEROMETER 1.8169403 -10.082138 -7.542282

1499175816202 GYROSCOPE -3.2331543 5.0532837 -3.4814758

1499175816203 MAGNETIC_FIELD -18.190002 41.11786 -5.8792114

1499175816204 GRAVITY 8.892344 -0.48575637 -4.1061707

1499175816204 LINEAR_ACCELERATION -5.753191 -9.83728 -5.3662605

1499175816205 ROTATION_VECTOR 0.13045724 -0.8320681 0.112432495

1499175816402 ACCELEROMETER 8.434998 -7.5793304 2.0099792

1499175816403 GYROSCOPE 2.1715088 2.989685 0.24197388

1499175816404 MAGNETIC_FIELD -26.88446 34.78546 -8.724976

1499175816404 LINEAR_ACCELERATION 0.37582827 -9.699728 -0.567508

1499175816405 GRAVITY 8.948385 1.8389443 3.5658202

1499175816405 ROTATION_VECTOR 0.2996685 -0.47790435 0.28885734

1499175816603 ACCELEROMETER 8.307114 -4.94429 -5.5453644

1499175816604 GYROSCOPE 5.261566 -6.000641 -0.40316772

1499175816605 MAGNETIC_FIELD -23.345947 32.426453 -20.249939

1499175816605 LINEAR_ACCELERATION 0.26338577 -7.256935 -4.128032

1499175816606 GRAVITY 9.070576 3.2263522 -1.866999

1499175816606 ROTATION_VECTOR 0.66485035 -0.39136234 0.40843296

1499175816803 ACCELEROMETER 7.3203278 -9.988525 -1.4500427

1499175816804 GYROSCOPE 4.140045 -2.0699768 -0.88809204

1499175816805 GRAVITY 3.1845124 0.07440742 -9.274898

1499175816805 LINEAR_ACCELERATION 5.3813705 -10.7958765 5.843681

1499175816806 MAGNETIC_FIELD -34.721375 25.978088 4.0130615

1499175816806 ROTATION_VECTOR 0.9760535 -0.14215416 0.16233888

1499175817004 ACCELEROMETER 4.423416 -4.204834 4.774811

1499175817006 GYROSCOPE -0.46139526 -0.81066895 0.12982178

1499175817006 GRAVITY 0.8967723 -3.4570596 -9.133178

1499175817007 LINEAR_ACCELERATION 3.1121993 -1.1263037 11.166406

1499175817007 MAGNETIC_FIELD -36.038208 24.349976 2.2109985

1499175817008 ROTATION_VECTOR -0.98138976 0.05036461 -0.055660304

1499175817205 ACCELEROMETER 10.519363 -7.2727203 -7.8665314

1499175817206 GYROSCOPE 0.20297241 0.9442444 -0.033599854

1499175817206 MAGNETIC_FIELD -39.964294 22.457886 1.8936157

1499175817207 GRAVITY 1.8292112 -3.5907164 -8.940421

1499175817207 LINEAR_ACCELERATION 9.910719 -5.1999083 -0.011898994

1499175817208 ROTATION_VECTOR -0.9763971 0.049832527 -0.10481483

1499175817405 ACCELEROMETER 8.869156 -4.657898 -2.1764832

1499175817406 GYROSCOPE 0.5682678 -3.7917786 -0.22265625

1499175817407 MAGNETIC_FIELD -39.360046 20.062256 -8.36792

1499175817408 GRAVITY 0.05324396 -4.3980293 -8.76498

1499175817408 LINEAR_ACCELERATION 7.78349 -0.6513002 3.7551394

1499175817409 ROTATION_VECTOR -0.9723677 0.037292745 -0.01161919

1499175817606 ACCELEROMETER 7.4769135 -7.669113 0.3494568

1499175817607 GYROSCOPE 2.2879333 0.87161255 0.60513306

1499175817608 MAGNETIC_FIELD -39.01367 14.825439 18.04657

1499175817608 LINEAR_ACCELERATION 9.689245 -3.1930795 5.2612195

1499175817609 GRAVITY -1.4430072 -7.1308746 -6.5756173

1499175817609 ROTATION_VECTOR -0.9124694 -0.051602498 0.10283502

1499175817813 ACCELEROMETER 10.727158 -12.091736 -1.7270355

1499175817814 LINEAR_ACCELERATION 9.665115 -4.1202145 -0.5975244

1499175817815 GRAVITY 0.00810209 -9.620484 -1.9017378

1499175817815 ROTATION_VECTOR -0.7677539 0.08669248 -0.07176428

1499175817816 GYROSCOPE 3.7160034 3.897583 -0.46939087

1499175817816 MAGNETIC_FIELD -33.436584 19.915771 21.27533

1499175818022 ACCELEROMETER 9.082001 -6.292679 -4.252655

1499175818025 GYROSCOPE 0.018188477 -2.812317 -0.60717773

1499175818027 MAGNETIC_FIELD -40.21759 21.957397 3.0471802

1499175818029 GRAVITY 1.4837221 -9.5864 1.4387132

1499175818032 LINEAR_ACCELERATION 8.9902115 -0.34474277 -5.35062

1499175818035 ROTATION_VECTOR -0.6522493 -0.034884702 -0.07568627

1499175818209 ACCELEROMETER 8.928574 -9.319626 -0.44685364

1499175818212 GRAVITY 3.488833 -9.116022 0.9468729

1499175818213 LINEAR_ACCELERATION 5.9139447 -1.6131039 -1.3045082

1499175818215 ROTATION_VECTOR -0.66035575 -0.12511268 -0.13130589

1499175818221 GYROSCOPE 0.76052856 -1.0114746 -0.49716187

1499175818229 MAGNETIC_FIELD -35.769653 16.673279 21.06781

1499175818419 ACCELEROMETER 4.6163177 -4.625763 1.7994995

1499175818422 GYROSCOPE -1.729248 5.009491 -1.6646118

1499175818424 MAGNETIC_FIELD -28.031921 19.0979 31.637573

1499175818426 GRAVITY 4.959726 -8.155563 2.249066

1499175818429 LINEAR_ACCELERATION 0.480098 1.4517727 -0.24908042

1499175818431 ROTATION_VECTOR -0.61161447 -0.10610033 -0.28688166

1499175818617 ACCELEROMETER 10.443176 -8.472595 3.1520996

1499175818619 GRAVITY 5.159109 -7.1246576 4.3351164

1499175818620 LINEAR_ACCELERATION 6.2869363 -2.996901 0.5094471

1499175818622 ROTATION_VECTOR -0.4944147 0.1858082 -0.70813036

1499175818623 GYROSCOPE -0.6792908 1.5530701 -0.5623169

1499175818625 MAGNETIC_FIELD -28.2547 15.3793335 32.803345

1499175818822 GRAVITY 7.0422454 -6.5416594 1.9452158

1499175818828 LINEAR_ACCELERATION 1.3031759 1.8325119 -4.076103

1499175818830 ROTATION_VECTOR -0.52639294 0.35175574 -0.764244

1499175818832 ACCELEROMETER 7.6046143 -3.8055573 -2.2918549

1499175818835 GYROSCOPE -1.1086731 -3.0376892 -1.4648743

1499175818837 MAGNETIC_FIELD -40.737915 21.057129 15.7196045

1499175819019 ACCELEROMETER 11.181671 -7.853058 -1.1392517

1499175819028 GRAVITY 7.4614563 -6.363638 -0.03403609

1499175819031 LINEAR_ACCELERATION 6.9235744 -3.269803 -1.3498958

1499175819033 ROTATION_VECTOR -0.67437935 0.21667458 -0.65144753

1499175819036 GYROSCOPE 0.4764099 1.0158081 1.2043457

1499175819038 MAGNETIC_FIELD -32.17926 10.874939 31.402588

1499175819221 GRAVITY 6.3933363 -7.101688 -2.2049208

1499175819231 LINEAR_ACCELERATION 2.497374 4.803695 -7.086278

1499175819234 ROTATION_VECTOR -0.75330997 0.21199936 -0.5263023

1499175819236 ACCELEROMETER 8.799927 -2.4265137 -8.331924

1499175819238 GYROSCOPE -2.5463562 -1.2646179 0.52716064

1499175819241 MAGNETIC_FIELD -31.976318 13.554382 29.554749

1499175819421 GRAVITY 7.8849354 -4.683367 -3.4733632

1499175819431 LINEAR_ACCELERATION 5.419549 -9.6650715 7.0064716

1499175819434 ROTATION_VECTOR -0.789584 0.23162335 -0.5504961

1499175819436 ACCELEROMETER 11.361572 -11.464325 3.0818634

1499175819438 GYROSCOPE -3.9295654 3.9392395 -0.66378784

1499175819441 MAGNETIC_FIELD -39.648438 8.950806 18.147278

1499175819625 GRAVITY 7.9826965 -2.9019225 -4.901611

1499175819631 LINEAR_ACCELERATION -3.3982635 2.476979 1.3205552

1499175819634 ROTATION_VECTOR 0.7488164 -0.43495595 0.49222556

1499175819637 ACCELEROMETER 4.8368073 -2.604248 -3.3216858

1499175819639 GYROSCOPE 0.1388855 -3.851593 0.5442505

1499175819641 MAGNETIC_FIELD -43.833923 12.573242 4.966736

1499175819826 GRAVITY 6.5490007 -5.502127 -4.796622

1499175819833 ACCELEROMETER 8.316208 -11.00415 -1.7046204

1499175819835 ROTATION_VECTOR -0.7876696 0.3523298 -0.48598778

1499175819837 LINEAR_ACCELERATION 5.212589 -8.774618 1.573844

1499175819839 GYROSCOPE 1.5573425 2.3327942 1.467102

1499175819842 MAGNETIC_FIELD -32.939148 4.1778564 31.985474

1499175820021 GRAVITY 4.888576 -8.062053 -2.6973162

1499175820024 LINEAR_ACCELERATION -3.3734336 1.3919091 3.8974955

1499175820026 ROTATION_VECTOR -0.6253817 0.4964097 -0.5645654

1499175820029 ACCELEROMETER 2.3757477 -6.9314117 2.3852234

1499175820031 GYROSCOPE -0.9356384 0.92715454 2.6569824

1499175820034 MAGNETIC_FIELD -36.59668 5.395508 27.48413

1499175820216 ACCELEROMETER 13.672073 -3.6642303 -8.761673

1499175820218 GRAVITY 3.1376615 -8.249318 -4.274835

1499175820219 LINEAR_ACCELERATION 12.157591 1.4969721 -3.3589656

1499175820219 ROTATION_VECTOR -0.4249763 0.73304236 -0.52413017

1499175820220 GYROSCOPE -0.4368286 -1.8435364 -0.28674316

1499175820221 MAGNETIC_FIELD -46.463013 4.8080444 7.525635

1499175820418 GRAVITY 1.4993159 -7.8918905 -5.6249895

1499175820419 LINEAR_ACCELERATION 9.133895 -1.8080578 -1.4562316

1499175820419 ROTATION_VECTOR -0.54701066 0.69826496 -0.41024625

1499175820420 ACCELEROMETER 10.886505 -10.328232 -5.6458435

1499175820420 GYROSCOPE -0.38128662 -1.8371277 0.5378418

1499175820420 MAGNETIC_FIELD -50.5188 6.0897827 -0.9185791

1499175820615 GRAVITY -2.0670154 -4.124979 -8.6534605

1499175820616 LINEAR_ACCELERATION 3.4073927 -2.4556484 8.420216

1499175820617 ACCELEROMETER 2.2994843 -4.2616577 -0.40029907

1499175820617 ROTATION_VECTOR -0.8214139 0.51621985 -0.023375852

1499175820617 GYROSCOPE -5.0617676 -2.441681 -0.7513733

1499175820618 MAGNETIC_FIELD -48.258972 7.8552246 6.100464

1499175820828 GRAVITY 4.303466 2.4584033 -8.462081

1499175820837 ACCELEROMETER 10.453445 -10.94519 -3.9124146

1499175820840 LINEAR_ACCELERATION 6.271992 -11.177503 3.0725765

1499175820843 ROTATION_VECTOR 0.939209 -0.22210926 0.19135536

1499175820845 GYROSCOPE -2.729004 8.5802 0.10952759

1499175820847 MAGNETIC_FIELD -45.684814 17.163086 -13.7161255

1499175821027 GRAVITY 6.4064465 6.3753257 -3.8056612

1499175821034 LINEAR_ACCELERATION 1.7282605 -9.163951 -5.9750957

1499175821037 ROTATION_VECTOR 0.80335855 -0.22056691 0.2747871

1499175821040 ACCELEROMETER 5.8539886 -3.2161713 -7.478897

1499175821042 GYROSCOPE -2.3156433 -3.665741 -1.7286987

1499175821044 MAGNETIC_FIELD -27.380371 25.306702 -34.93805

1499175821230 ACCELEROMETER 5.9792175 -8.228485 0.3872223

1499175821242 GYROSCOPE 1.117279 -0.08862305 1.531189

1499175821246 MAGNETIC_FIELD -38.423157 27.975464 -6.965637

1499175821249 GRAVITY 5.2665257 6.442678 -5.189027

1499175821257 LINEAR_ACCELERATION 2.925984 -13.483676 3.6016853

1499175821259 ROTATION_VECTOR 0.78261644 -0.3899721 0.107311256

1499175821421 GRAVITY 7.83987 5.014031 -3.0929477

1499175821422 LINEAR_ACCELERATION -4.091203 -4.6206226 3.38617

1499175821422 ROTATION_VECTOR 0.68158805 -0.43947035 0.24342181

1499175821423 ACCELEROMETER 2.7073364 -3.8297424 0.17680359

1499175821423 GYROSCOPE 0.467865 4.294922 -0.71398926

1499175821423 MAGNETIC_FIELD -31.558228 34.38568 -12.11853

1499175821626 GRAVITY 8.395731 4.672275 1.9626338

1499175821632 LINEAR_ACCELERATION 5.0368967 -21.085142 -0.5595825

1499175821635 ROTATION_VECTOR 0.61209273 -0.15898427 0.560446

1499175821637 ACCELEROMETER 10.620834 -15.201096 1.119278

1499175821640 GYROSCOPE -0.4848938 2.191803 -0.5131836

1499175821642 MAGNETIC_FIELD -23.692322 34.617615 -21.272278

1499175821827 GRAVITY 8.386052 4.875484 1.4402002

1499175821835 LINEAR_ACCELERATION -1.7680364 -5.548937 -0.38236523

1499175821839 ACCELEROMETER 4.4984283 -5.1043854 -1.179596

1499175821841 ROTATION_VECTOR 0.5949 -0.26956293 0.43920812

1499175821843 GYROSCOPE -0.75512695 -3.6700134 -0.39996338

1499175821846 MAGNETIC_FIELD -17.76886 36.994934 -23.878479

1499175822029 GRAVITY 9.148042 3.4060035 0.93960166

1499175822035 LINEAR_ACCELERATION 0.47878838 -16.475151 -4.469946

1499175822038 ROTATION_VECTOR 0.56637317 -0.3623742 0.44512647

1499175822040 ACCELEROMETER 4.5586853 -10.552597 -2.0718994

1499175822043 GYROSCOPE 1.1920471 3.6711426 0.87323

1499175822045 MAGNETIC_FIELD -21.618652 47.505188 1.3442993

1499175822231 ACCELEROMETER 1.2017517 -5.573883 3.127884

1499175822241 GYROSCOPE 1.5188904 -2.238739 3.7069397

1499175822244 MAGNETIC_FIELD -13.1362915 49.006653 -6.2057495

1499175822246 GRAVITY 9.379148 -0.9021953 2.71809

1499175822248 LINEAR_ACCELERATION -5.3236 -1.5716455 0.47547626

1499175822251 ROTATION_VECTOR 0.39156866 -0.45616877 0.57615846

1499175822431 GRAVITY 8.494197 -4.877055 -0.4830425

1499175822437 LINEAR_ACCELERATION 2.7506456 -12.300636 2.6750462

1499175822440 ROTATION_VECTOR 0.44017237 -0.57521874 0.6360039

1499175822443 ACCELEROMETER 6.854019 -11.986237 1.4693451

1499175822445 GYROSCOPE -2.061432 -1.4461975 -0.2899475

1499175822447 MAGNETIC_FIELD 4.2922974 44.721985 -23.680115

1499175822629 GRAVITY 4.0391717 -7.7153893 -4.5086856

1499175822638 LINEAR_ACCELERATION 1.0483096 -4.4407105 2.7192175

1499175822641 ROTATION_VECTOR 0.14902624 -0.84123135 0.4954386

1499175822644 ACCELEROMETER 4.5829315 -10.875 0.3630066

1499175822646 GYROSCOPE -2.5613098 0.22006226 5.879486

1499175822648 MAGNETIC_FIELD 6.0897827 49.98169 -12.301636

1499175822831 GRAVITY -9.011756 -3.8408737 -0.45424113

1499175822844 LINEAR_ACCELERATION 6.264188 -0.90848994 4.2902327

1499175822855 ACCELEROMETER 1.0072174 -2.462143 4.157593

1499175822858 ROTATION_VECTOR 0.0057530534 0.723275 -0.27579018

1499175822860 GYROSCOPE -4.5586853 -13.749817 0.34985352

1499175822863 MAGNETIC_FIELD 22.442627 50.968933 3.7750244

1499175823028 GRAVITY -0.66626334 -3.8109763 9.011268

1499175823038 LINEAR_ACCELERATION 5.2889676 -8.589308 -1.1162105

1499175823040 ROTATION_VECTOR -0.18510856 0.07929725 -0.22488406

1499175823043 ACCELEROMETER 4.4834137 -11.969543 0.32112122

1499175823045 GYROSCOPE 6.1085815 -0.66967773 0.45239258

1499175823047 MAGNETIC_FIELD 28.13263 45.051575 -2.886963

1499175823233 GRAVITY -5.373704 -1.3625696 8.08932

1499175823245 LINEAR_ACCELERATION 4.99028 -4.790369 -9.879452

1499175823248 ROTATION_VECTOR -0.0146060875 0.2955438 -0.18878733

1499175823251 ACCELEROMETER -0.7301483 -8.200684 -2.0658875

1499175823255 GYROSCOPE -2.9874878 5.669586 -0.29849243

1499175823257 MAGNETIC_FIELD 31.512451 39.764404 -16.677856

1499175823431 GRAVITY -9.233444 -3.1900616 -0.8587219

1499175823443 LINEAR_ACCELERATION -0.58726263 -10.304409 1.152781

1499175823445 ACCELEROMETER -3.9458466 -8.591293 0.7165375

1499175823447 ROTATION_VECTOR 0.0113715315 0.7373285 -0.23038313

1499175823450 GYROSCOPE 3.1434937 5.536072 -1.8376465

1499175823452 MAGNETIC_FIELD 37.98523 40.67383 3.2348633

1499175823629 GRAVITY -2.3519645 -4.2377563 -8.525261

1499175823633 LINEAR_ACCELERATION -0.29828465 -1.115958 8.295441

1499175823636 ROTATION_VECTOR 0.42316732 0.86925066 -0.2552351

1499175823638 ACCELEROMETER -2.2659607 -6.9340515 3.7209625

1499175823640 GYROSCOPE 2.5004883 9.366333 0.89138794

1499175823643 MAGNETIC_FIELD 37.65869 39.93988 -0.41046143

1499175823835 ACCELEROMETER 0.37628174 -7.8078156 0.07817078

1499175823841 GYROSCOPE -2.1757202 0.099365234 0.041168213

1499175823843 MAGNETIC_FIELD 42.848206 33.77533 10.101318

1499175823846 GRAVITY 4.9458456 -5.053027 -6.795286

1499175823848 LINEAR_ACCELERATION -1.7963715 -9.437888 1.7857766

1499175823850 ROTATION_VECTOR -0.50806016 -0.76703197 0.08210166

1499175824037 ACCELEROMETER -8.257889 -9.010574 -6.813553

1499175824052 GYROSCOPE -1.7666321 -1.1300354 0.46627808

1499175824055 MAGNETIC_FIELD 49.794006 27.19574 14.0060425

1499175824058 GRAVITY 3.0215945 -2.908728 -8.864516

1499175824063 LINEAR_ACCELERATION -9.029273 -6.3356023 0.48623514

1499175824066 ROTATION_VECTOR -0.57010555 -0.79179806 0.031090574

1499175824233 ACCELEROMETER -2.5350494 -2.130722 -5.042679

1499175824241 GYROSCOPE -0.7166748 -0.25097656 -2.2253723

1499175824244 MAGNETIC_FIELD 51.1734 26.585388 15.72876

1499175824250 GRAVITY 1.635104 -0.30790523 -9.664472

1499175824253 LINEAR_ACCELERATION -6.8520646 -2.2748387 4.6650066

1499175824255 ROTATION_VECTOR -0.5659767 -0.820013 -0.03456115

1499175824424 ACCELEROMETER -6.504425 -12.004654 -3.2509308

1499175824425 GRAVITY 5.312922 -2.3592212 -7.897932

1499175824426 LINEAR_ACCELERATION -6.5598373 -6.9305663 -3.3768334

1499175824426 GYROSCOPE 2.229187 5.1985474 1.68927

1499175824426 MAGNETIC_FIELD 39.73236 39.648438 13.4552

1499175824427 ROTATION_VECTOR -0.5186994 -0.7960109 -0.049582858

1499175824625 ACCELEROMETER -0.16444397 -8.577591 -6.374405

1499175824627 GYROSCOPE -2.1618347 2.7899475 -0.15750122

1499175824627 MAGNETIC_FIELD 41.819763 37.71515 4.4189453

1499175824627 GRAVITY 8.569521 -4.112707 -2.412329

1499175824628 LINEAR_ACCELERATION -5.081614 -9.157465 -4.438916

1499175824628 ROTATION_VECTOR -0.54498667 -0.57095015 -0.19004239

1499175824836 ACCELEROMETER -10.488602 -12.966232 -2.689743

1499175824840 GYROSCOPE 0.81073 0.26171875 0.39257813

1499175824842 MAGNETIC_FIELD 45.718384 26.41449 23.622131

1499175824848 GRAVITY 8.152316 -5.398033 -0.755886

1499175824850 LINEAR_ACCELERATION -14.677222 -10.345008 -4.1661377

1499175824856 ROTATION_VECTOR -0.6414492 -0.3564862 -0.31289572

1499175825025 ACCELEROMETER 0.5951996 -3.2104797 -2.7317963

1499175825027 GYROSCOPE 1.8468018 3.2876892 -0.5057068

1499175825027 MAGNETIC_FIELD 51.419067 22.106934 16.790771

1499175825027 GRAVITY 7.4458313 -5.544332 3.1607547

1499175825028 LINEAR_ACCELERATION -2.9902246 -0.02723527 -4.1898103

1499175825028 ROTATION_VECTOR -0.51152545 -0.2778274 -0.34131816

1499175825228 ACCELEROMETER -3.593048 -13.053894 2.3639069

1499175825229 GRAVITY 6.0056224 -7.7153883 -0.7587292

1499175825229 LINEAR_ACCELERATION -7.644552 -10.213214 2.8537245

1499175825229 ROTATION_VECTOR -0.6914688 -0.2460799 -0.21334761

1499175825230 GYROSCOPE -5.5061035 -5.919464 1.170166

1499175825230 MAGNETIC_FIELD 46.86432 27.674866 21.170044

1499175825428 ACCELEROMETER -4.0476074 -6.0351563 -2.8009033

1499175825429 GRAVITY -2.9113743 -4.5237412 -8.199394

1499175825429 LINEAR_ACCELERATION -0.27648258 -0.20389795 4.1268673

1499175825430 ROTATION_VECTOR -0.93433887 -0.2122819 0.2044046

1499175825430 GYROSCOPE -4.5811157 -0.4645996 2.570465

1499175825430 MAGNETIC_FIELD 42.736816 35.266113 -1.499939

1499175825640 ACCELEROMETER -4.0654144 -8.878204 -0.68533325

1499175825646 GYROSCOPE 2.488739 0.33862305 -1.397583

1499175825649 MAGNETIC_FIELD 49.290466 22.399902 10.05249

1499175825651 GRAVITY -3.8016477 -3.5816765 -8.299967

1499175825654 LINEAR_ACCELERATION -4.184287 -12.48477 0.76916456

1499175825656 ROTATION_VECTOR -0.9381169 -0.20764694 0.23804083

1499175825835 ACCELEROMETER -1.6579285 -6.4830627 -0.07147217

1499175825845 GYROSCOPE 3.099701 6.131012 4.876526

1499175825848 MAGNETIC_FIELD 42.92755 29.956055 4.699707

1499175825850 GRAVITY -0.31194323 -6.144826 -7.636373

1499175825853 LINEAR_ACCELERATION -0.5871611 1.9118605 2.084717

1499175825855 ROTATION_VECTOR -0.93996567 0.07623115 -0.010044774

1499175826037 ACCELEROMETER 0.120391846 -12.310532 -3.9147644

1499175826040 GYROSCOPE -1.5636902 -1.5818481 -1.2352295

1499175826044 MAGNETIC_FIELD 38.39569 30.848694 4.7164917

1499175826046 GRAVITY 0.53019214 -7.418893 -6.3913465

1499175826049 LINEAR_ACCELERATION -1.1738526 -12.907489 0.49515343

1499175826051 ROTATION_VECTOR -0.85504395 0.3078438 -0.16898373

1499175826247 ACCELEROMETER -5.62619 -5.919647 -0.2484436

1499175826257 GRAVITY -4.811092 -3.0964499 -7.9646583

1499175826260 LINEAR_ACCELERATION -1.2610769 0.17775774 4.6105614

1499175826262 ROTATION_VECTOR -0.91814506 0.25118563 0.20479621

1499175826264 GYROSCOPE -3.907135 -3.7437134 1.596344

1499175826266 MAGNETIC_FIELD 38.737488 32.374573 3.327942

1499175826439 ACCELEROMETER -2.433014 -6.882477 -4.369156

1499175826448 GYROSCOPE 1.9995422 -2.960785 -1.7212219

1499175826450 MAGNETIC_FIELD 43.141174 26.23291 9.107971

1499175826452 GRAVITY -8.828892 -2.7101057 -3.2979364

1499175826455 LINEAR_ACCELERATION 0.012867928 -11.236955 2.391227

1499175826457 ROTATION_VECTOR -0.81369233 0.07779955 0.5321157

1499175826636 ACCELEROMETER -9.732361 -14.581345 -3.8880463

1499175826637 GYROSCOPE 3.33255 5.159027 0.9148865

1499175826639 MAGNETIC_FIELD 38.108826 27.285767 14.572144

1499175826640 GRAVITY -7.8271704 -4.846439 -3.3790264

1499175826642 LINEAR_ACCELERATION -3.9728503 -6.590705 -7.15626

1499175826643 ROTATION_VECTOR -0.80779135 0.14055428 0.42785314

1499175826840 ACCELEROMETER -0.7144928 -7.2813263 -2.895752

1499175826848 GYROSCOPE -0.6098633 4.2244263 0.41394043

1499175826851 MAGNETIC_FIELD 36.598206 29.200745 14.974976

1499175826853 GRAVITY -3.0038512 -5.161782 -7.7783847

1499175826856 LINEAR_ACCELERATION 0.026813388 -8.47869 0.94471407

1499175826858 ROTATION_VECTOR -0.8891757 0.3255054 0.056341298

1499175827039 ACCELEROMETER -8.515213 -12.090256 0.8594971

1499175827046 GYROSCOPE 0.16986084 -0.4015808 -0.6456299

1499175827048 MAGNETIC_FIELD 41.452026 22.731018 24.726868

1499175827050 GRAVITY -0.30659938 -5.614573 -8.034485

1499175827053 LINEAR_ACCELERATION -6.8009496 -8.19207 4.86107

1499175827055 ROTATION_VECTOR -0.8015667 0.5168515 -0.14887734

1499175827241 ACCELEROMETER -2.0406647 -2.490158 3.919754

1499175827248 GYROSCOPE 1.5327759 4.0492554 -0.8645935

1499175827250 MAGNETIC_FIELD 40.51361 29.786682 21.426392

1499175827253 GRAVITY 2.6912172 -7.1840634 -6.108762

1499175827256 LINEAR_ACCELERATION -4.99669 0.7250004 5.562333

1499175827258 ROTATION_VECTOR -0.76493084 0.47575307 -0.34409636

1499175827439 ACCELEROMETER -4.6157684 -13.045395 4.645096

1499175827455 GYROSCOPE 3.6390991 0.16986084 -0.25042725

1499175827465 MAGNETIC_FIELD 29.74701 36.647034 24.085999

1499175827467 GRAVITY 3.2150488 -9.257975 0.35178265

1499175827467 LINEAR_ACCELERATION -6.7082815 -6.144249 7.4087396

1499175827468 ROTATION_VECTOR -0.54377735 0.43170625 -0.6076231

1499175827635 ACCELEROMETER -1.4599915 -9.55542 -1.8268127

1499175827635 GYROSCOPE -4.86203 -5.1525574 -0.23760986

1499175827636 MAGNETIC_FIELD 22.598267 41.15143 21.089172

1499175827636 GRAVITY 2.7416854 -9.097404 -2.4270952

1499175827636 LINEAR_ACCELERATION -0.9653808 -1.0465827 -0.20548356

1499175827637 ROTATION_VECTOR -0.642437 0.45937148 -0.48557884

1499175827842 ACCELEROMETER -8.23317 -8.192963 1.2237701

1499175827848 GYROSCOPE 3.5162659 1.3789673 -1.0653992

1499175827855 MAGNETIC_FIELD 37.013245 20.222473 39.486694

1499175827858 GRAVITY 1.2336768 -8.688526 -4.3769794

1499175827860 LINEAR_ACCELERATION -11.015199 -8.597481 2.4077365

1499175827863 ROTATION_VECTOR -0.66402555 0.5312569 -0.3831905

1499175828044 ACCELEROMETER -1.021164 -5.844269 8.098129

1499175828047 GYROSCOPE 2.3295898 10.253937 1.5760498

1499175828049 MAGNETIC_FIELD 25.956726 31.002808 35.803223

1499175828056 GRAVITY -0.72815704 -9.594318 1.8945277

1499175828059 LINEAR_ACCELERATION 0.34087792 5.371737 7.2108088

1499175828061 ROTATION_VECTOR 0.0 0.0 0.0

1499175828241 ACCELEROMETER -0.008880615 -11.231827 -8.564148

1499175828244 GYROSCOPE -0.124938965 1.1770935 -0.9479065

1499175828246 MAGNETIC_FIELD 7.9925537 44.670105 23.617554

1499175828248 GRAVITY -3.6846614 -9.088016 -0.04046177

1499175828251 LINEAR_ACCELERATION 1.3286707 -11.054195 -4.931472

1499175828255 ROTATION_VECTOR 0.0 0.0 0.0

1499175828445 ACCELEROMETER -6.9546967 -9.607849 -1.5847473

1499175828448 GYROSCOPE -4.0043335 -1.4376526 1.3816528

1499175828451 GRAVITY -4.138243 -8.066378 -3.7388341

1499175828453 LINEAR_ACCELERATION -0.5133207 -0.7368822 -3.4221992

1499175828456 ROTATION_VECTOR 0.0062628677 0.8310164 -0.49678618

1499175828458 MAGNETIC_FIELD 17.30194 35.507202 36.325073

1499175828643 ACCELEROMETER -0.31069946 -4.7924805 -4.5583496

1499175828647 GYROSCOPE -0.7882385 6.3029785 -2.1217651

1499175828650 MAGNETIC_FIELD 39.616394 21.176147 39.823914

1499175828652 GRAVITY -0.31647104 -6.2702227 -7.533561

1499175828658 LINEAR_ACCELERATION -6.685466 -5.166025 7.9173827

1499175828660 ROTATION_VECTOR -0.9243236 -0.17242546 0.079218626

1499175828844 ACCELEROMETER -5.9228516 -14.993744 0.5141754

1499175828849 LINEAR_ACCELERATION -4.702334 -5.2715173 -1.0371614

1499175828852 ROTATION_VECTOR -0.8106971 0.29433122 -0.3239149

1499175828854 GRAVITY 2.9055297 -8.053077 -4.7829113

1499175828857 GYROSCOPE 3.0890198 0.06945801 1.874054

1499175828860 MAGNETIC_FIELD 20.446777 39.897156 29.87976

1499175829047 ACCELEROMETER -2.2251434 -6.4016113 -0.3241272

1499175829053 GRAVITY 2.2933512 -9.167504 -2.6206496

1499175829055 LINEAR_ACCELERATION -3.494924 -5.60552 -0.47168612

1499175829058 ROTATION_VECTOR -0.6896395 0.3975088 -0.42050558

1499175829061 GYROSCOPE -1.1759644 1.7079468 -0.9553833

1499175829064 MAGNETIC_FIELD 14.091492 46.62323 12.495422

1499175829247 ACCELEROMETER -10.440018 -12.709747 -1.4255524

1499175829250 GYROSCOPE 1.1717529 1.1706848 1.6828613

1499175829252 MAGNETIC_FIELD 19.648743 30.282593 34.805298

1499175829254 GRAVITY 1.4199111 -9.45866 -2.165177

1499175829257 LINEAR_ACCELERATION -10.801092 -3.23772 -1.6776528

1499175829259 ROTATION_VECTOR -0.6307792 0.460989 -0.43902978

1499175829449 ACCELEROMETER -0.31126404 -1.7625427 5.8389435

1499175829452 GYROSCOPE 0.8609314 -6.9704895 -0.75564575

1499175829454 MAGNETIC_FIELD 14.057922 37.63275 26.65863

1499175829457 GRAVITY 0.18480052 -9.801373 -0.2633107

1499175829459 LINEAR_ACCELERATION -2.0616221 1.7156606 2.3608289

1499175829463 ROTATION_VECTOR -0.69841886 0.16011317 -0.16865975

1499175829660 ACCELEROMETER -2.5823975 -14.8172455 -1.6257935

1499175829670 GYROSCOPE -3.9466553 -6.8690186 0.56881714

1499175829673 LINEAR_ACCELERATION 0.8563874 -3.7087822 8.140795

1499175829675 GRAVITY -2.9848678 -9.337015 -0.28477636

1499175829677 ROTATION_VECTOR -0.7146977 -0.061046842 0.26787823

1499175829680 MAGNETIC_FIELD 6.3186646 45.63446 9.6206665

1499175829848 ACCELEROMETER -3.4316254 -5.3983154 -2.335373

1499175829851 GYROSCOPE -4.6644287 -0.13348389 3.273285

1499175829854 MAGNETIC_FIELD 0.6713867 47.38159 11.155701

1499175829856 GRAVITY -8.413519 -4.9485183 -0.9461771

1499175829858 LINEAR_ACCELERATION 2.037755 -3.196853 -5.883281

1499175829860 ROTATION_VECTOR -0.6947271 -0.2561169 0.66145384

1499175830051 ACCELEROMETER -2.654068 -7.087372 0.88642883

1499175830058 GYROSCOPE 2.5592346 -0.27127075 -0.90197754

1499175830060 MAGNETIC_FIELD 15.855408 34.861755 36.38153

1499175830063 GRAVITY -9.199643 -3.2312093 -1.0470115

1499175830065 LINEAR_ACCELERATION 2.4085016 -8.604 1.1299798

1499175830068 ROTATION_VECTOR 0.5991865 0.4408609 -0.6391221

1499175830251 ACCELEROMETER -2.6598816 -7.240448 5.241806

1499175830260 GYROSCOPE 3.8110657 6.9780273 4.3841248

1499175830262 MAGNETIC_FIELD 8.381653 42.463684 31.286621

1499175830265 GRAVITY -7.2685466 -0.58009577 -6.5575986

1499175830268 LINEAR_ACCELERATION 4.312074 -0.016265899 9.122398

1499175830270 ROTATION_VECTOR -0.8920661 0.1963733 0.3892699

1499175830454 ACCELEROMETER 0.60466003 -11.086273 -7.5498962

1499175830459 GYROSCOPE -0.3738098 -1.2539368 -2.2328491

1499175830462 MAGNETIC_FIELD 2.935791 47.93091 12.219238

1499175830466 GRAVITY -2.4729779 -2.5685413 -9.1355

1499175830474 LINEAR_ACCELERATION -0.20389044 -15.967429 0.1667285

1499175830490 ROTATION_VECTOR -0.95996183 0.21036664 0.09680153

1499175830646 ACCELEROMETER -9.309296 -7.736267 -1.3501129

1499175830647 GRAVITY -5.9697814 1.9491333 -7.53213

1499175830647 LINEAR_ACCELERATION -0.7289169 -2.283184 2.9775329

1499175830648 ROTATION_VECTOR 0.90989286 -0.23691072 -0.33991042

1499175830648 GYROSCOPE -4.1453247 -2.1853333 4.004944

1499175830648 MAGNETIC_FIELD 4.7592163 44.400024 26.785278

1499175830847 ACCELEROMETER -1.9728699 -3.6261444 0.67430115

1499175830848 GYROSCOPE 3.1445618 2.8540344 -1.4979858

1499175830849 MAGNETIC_FIELD 10.820007 29.492188 45.843506

1499175830850 GRAVITY -5.4262056 3.1862528 -7.5216002

1499175830851 LINEAR_ACCELERATION -4.290148 -12.8268585 3.979146

1499175830855 ROTATION_VECTOR 0.93742913 -0.06871307 -0.30618328

1499175831055 ACCELEROMETER -6.3365326 -16.526123 4.8775635

1499175831059 GYROSCOPE 4.6239014 4.1229553 2.746704

1499175831061 MAGNETIC_FIELD -6.8252563 48.661804 19.50531

1499175831063 GRAVITY 0.8649283 -3.5023623 -9.118978

1499175831066 LINEAR_ACCELERATION -6.705748 -7.2517357 11.490229

1499175831068 ROTATION_VECTOR -0.9314572 0.31197095 -0.10030203

1499175831255 ACCELEROMETER 0.75701904 -6.5106354 -0.71917725

1499175831260 GYROSCOPE -1.3308411 3.5066528 -1.7062683

1499175831262 MAGNETIC_FIELD -6.713867 50.97351 -6.930542

1499175831265 GRAVITY 5.1330743 -6.951555 -4.636574

1499175831267 LINEAR_ACCELERATION -1.1848962 -10.342093 1.5630331

1499175831269 ROTATION_VECTOR -0.83417726 0.2013647 -0.39338112

1499175831456 ACCELEROMETER -8.746536 -11.56131 -3.9875946

1499175831460 GYROSCOPE 1.765625 1.6972656 0.419281

1499175831463 MAGNETIC_FIELD 8.38623 44.073486 26.417542

1499175831466 GRAVITY 6.5081897 -7.1986437 -1.4118718

1499175831468 LINEAR_ACCELERATION -12.108236 -5.3745513 -6.145505

1499175831470 ROTATION_VECTOR -0.6923695 0.30431864 -0.5969373

1499175831655 ACCELEROMETER 0.5727539 -1.4239044 4.7365723

1499175831660 GYROSCOPE 0.7562561 4.520294 -0.23120117

1499175831662 MAGNETIC_FIELD 1.3870239 50.01831 13.174438

1499175831665 GRAVITY 4.735377 -7.4470816 4.276397

1499175831667 LINEAR_ACCELERATION -2.5734699 1.5680785 0.6921952

1499175831669 ROTATION_VECTOR -0.3860968 0.36454588 -0.8215025

1499175831857 GRAVITY -0.6111835 -4.142892 8.867541

1499175831861 LINEAR_ACCELERATION -3.8162673 -7.0238323 -0.6953378

1499175831864 ROTATION_VECTOR 0.002185136 0.21880688 -0.96669173

1499175831866 ACCELEROMETER -3.0727997 -13.789459 -7.198639

1499175831868 GYROSCOPE 5.9408875 0.2093811 1.2876587

1499175831870 MAGNETIC_FIELD 3.2592773 50.31128 -4.333496

1499175832055 ACCELEROMETER -1.3128967 -8.531403 -7.752655

1499175832058 GRAVITY 1.3807592 -4.7576976 8.463345

1499175832060 LINEAR_ACCELERATION 0.90387416 -3.7486522 -15.37332

1499175832062 ROTATION_VECTOR 0.050107654 -0.25686327 0.96125895

1499175832064 GYROSCOPE -5.86499 -3.1113892 0.8379822

1499175832066 MAGNETIC_FIELD 6.385803 46.888733 -17.544556

1499175832258 ACCELEROMETER -2.7993164 -4.8187103 2.332199

1499175832262 GYROSCOPE 2.7739258 -0.6397705 -0.46939087

1499175832264 MAGNETIC_FIELD 16.261292 47.569275 17.027283

1499175832267 GRAVITY 2.779861 -8.025628 4.902251

1499175832269 LINEAR_ACCELERATION -6.777947 -9.062837 -6.6781955

1499175832271 ROTATION_VECTOR 0.118831865 -0.48573014 0.86221063

1499175832457 ACCELEROMETER -3.8395996 -8.033249 10.144684

1499175832461 GYROSCOPE -0.42614746 7.9735107 2.04068

1499175832466 MAGNETIC_FIELD 10.578918 51.290894 3.062439

1499175832468 GRAVITY -2.9862185 -6.494033 6.7141957

1499175832470 LINEAR_ACCELERATION 3.4391642 3.587664 8.068484

1499175832472 ROTATION_VECTOR -0.32328704 -0.23055755 0.79634285

1499175832657 ACCELEROMETER -1.905899 -9.956833 -9.9561615

1499175832661 GYROSCOPE -0.3439026 -0.505188 -2.964508

1499175832663 MAGNETIC_FIELD 16.366577 42.41638 -21.594238

1499175832665 GRAVITY -5.5577216 -7.7326775 2.3426087

1499175832668 LINEAR_ACCELERATION -3.8215508 -15.182001 -2.271753

1499175832670 ROTATION_VECTOR -0.61661875 -0.018480133 0.47827926

1499175832859 ACCELEROMETER -4.822525 -10.636734 -7.488739

1499175832867 GYROSCOPE -0.857666 2.3819275 1.9039612

1499175832876 MAGNETIC_FIELD 14.99176 48.48938 7.093811

1499175832879 GRAVITY -4.8782687 -8.442969 -1.043628

1499175832881 LINEAR_ACCELERATION -0.5456233 -0.19306803 -16.235

1499175832883 ROTATION_VECTOR -0.73688203 0.101069845 0.25265515

1499175833059 ACCELEROMETER -1.6927795 -3.0154877 -4.3532104

1499175833063 GYROSCOPE -1.6865234 -2.1511536 0.15011597

1499175833065 MAGNETIC_FIELD 20.277405 49.30725 5.5252075

1499175833067 GRAVITY -6.388664 -7.014039 -2.4816558

1499175833069 LINEAR_ACCELERATION 2.4761186 -0.672245 6.460977

1499175833072 ROTATION_VECTOR -0.7333078 0.29797474 0.2111642

1499175833260 GRAVITY -5.823997 -6.8728814 3.8749123

1499175833265 LINEAR_ACCELERATION -4.6063166 -8.608528 -10.370353

1499175833267 ROTATION_VECTOR -0.5485895 -0.038522653 0.58326

1499175833269 ACCELEROMETER -5.334778 -14.79837 0.95518494

1499175833271 GYROSCOPE 5.109894 -5.6353455 1.5600281

1499175833274 MAGNETIC_FIELD 22.81189 48.19641 3.8146973

1499175833461 GRAVITY -3.075638 -3.7622154 8.518015

1499175833466 LINEAR_ACCELERATION 1.0355774 -5.861869 -7.7547855

1499175833468 ROTATION_VECTOR -0.2508262 -0.052804675 0.75282204

1499175833471 ACCELEROMETER -2.3446655 -4.5552216 -4.4402466

1499175833473 GYROSCOPE -1.7399292 -0.8363037 1.7341309

1499175833475 MAGNETIC_FIELD 9.315491 46.54236 -20.5719

1499175833655 ACCELEROMETER -1.8279114 -13.704376 2.92424

1499175833657 GYROSCOPE -1.6032104 -0.080078125 -0.1489563

1499175833659 MAGNETIC_FIELD 20.03479 48.68622 11.62262

1499175833661 GRAVITY -2.8501759 -6.5124774 6.755333

1499175833664 LINEAR_ACCELERATION 1.1345696 -7.594388 -5.2188253

1499175833666 ROTATION_VECTOR 0.07606756 0.38702404 -0.89708513

1499175833863 ACCELEROMETER -5.5092926 -8.886322 5.686157

1499175833873 GYROSCOPE -2.5965576 -1.4814453 -0.27926636

1499175833876 GRAVITY -2.1716597 -8.682023 4.0095825

1499175833878 LINEAR_ACCELERATION -2.104619 0.2659688 2.3995461

1499175833881 ROTATION_VECTOR -0.37445825 -0.3941436 0.73056936

1499175833884 MAGNETIC_FIELD 13.206482 50.743103 5.3619385

1499175834049 ACCELEROMETER -3.895218 -9.717575 1.4581146

1499175834051 GYROSCOPE -0.0715332 -5.08313 -0.8923645

1499175834051 MAGNETIC_FIELD 9.547424 51.6922 1.0025024

1499175834052 GRAVITY -0.43927154 -9.570539 2.0933726

1499175834052 LINEAR_ACCELERATION -5.5256763 -9.519674 4.2876916

1499175834053 ROTATION_VECTOR -0.49696246 -0.38248664 0.5028867

1499175834262 ACCELEROMETER 0.019851685 -10.721863 -1.4231262

1499175834268 GYROSCOPE -2.8112488 0.68255615 2.9346924

1499175834272 MAGNETIC_FIELD 12.374878 51.88446 10.435486

1499175834279 GRAVITY -2.6128573 -9.445546 0.35357463

1499175834279 LINEAR_ACCELERATION -1.9309293 1.7555742 -1.0333587

1499175834280 ROTATION_VECTOR -0.5191814 -0.4608941 0.60403025

1499175834450 ACCELEROMETER -2.7042084 -7.2907715 6.1283417

1499175834452 GYROSCOPE 1.3875122 2.1223755 -1.4819641

1499175834452 MAGNETIC_FIELD 10.551453 44.79828 28.182983

1499175834453 GRAVITY -3.222925 -9.149975 -1.435652

1499175834453 LINEAR_ACCELERATION 1.652988 -8.627976 5.514788

1499175834453 ROTATION_VECTOR -0.64608616 -0.39467776 0.5064424

1499175834664 GRAVITY -3.2007208 -9.076545 -1.8820491

1499175834688 LINEAR_ACCELERATION -4.351167 -3.6720042 -1.5954396

1499175834688 ROTATION_VECTOR -0.5033748 -0.58529615 0.5923353

1499175834689 ACCELEROMETER -10.091492 -17.220734 -13.544281

1499175834689 GYROSCOPE -3.5471802 -11.352966 -1.5556641

1499175834690 MAGNETIC_FIELD 30.163574 34.52301 31.590271

1499175834851 ACCELEROMETER -0.95118713 -0.56092834 5.8596497

1499175834853 GYROSCOPE -3.0035095 -0.51586914 0.16293335

1499175834853 MAGNETIC_FIELD 47.1817 20.713806 28.834534

1499175834853 GRAVITY -7.1961274 -6.4697847 -1.5899742

1499175834854 LINEAR_ACCELERATION -0.20322275 -4.9065495 -9.318489

1499175834854 ROTATION_VECTOR 0.16804376 0.74352366 -0.5282005

1499175835059 ACCELEROMETER -6.6187134 -9.717545 -0.44989014

1499175835064 GYROSCOPE -0.43255615 0.85665894 0.06466675

1499175835066 MAGNETIC_FIELD 55.177307 15.344238 16.244507

1499175835069 GRAVITY -7.1839037 -5.779218 -3.3410404

1499175835071 LINEAR_ACCELERATION 3.2718005 -2.8140352 8.47706

1499175835074 ROTATION_VECTOR -0.05975451 0.81656295 -0.32627973

1499175835262 ACCELEROMETER -6.5086365 -7.8645477 8.338715

1499175835267 GYROSCOPE 3.4382935 6.890442 0.24090576

