1499175779556 GRAVITY 3.0281703 3.5248902 8.635723

1499175779558 LINEAR_ACCELERATION 0.0 0.0 -0.0

1499175779559 ROTATION_VECTOR 0.0 0.0 0.0

1499175779560 MAGNETIC_FIELD -0.5432129 -63.276672 -351.80206

1499175779655 ACCELEROMETER 2.2832031 2.656601 6.5277557

1499175779656 GYROSCOPE -0.09477234 0.18006897 -0.34661865

1499175779756 GRAVITY 2.656835 3.0639663 8.928814

1499175779757 LINEAR_ACCELERATION 0.28476572 0.35310364 3.6036272

1499175779758 ROTATION_VECTOR 0.20672339 -0.044973455 0.46868992

1499175779760 MAGNETIC_FIELD -0.5432129 -63.276672 -351.80206

1499175779856 ACCELEROMETER 3.1839752 3.716751 13.312683

1499175779856 GYROSCOPE 0.30815125 -1.2439423 -0.7393799

1499175779957 GRAVITY 4.8853745 5.1479425 6.767731

1499175779959 LINEAR_ACCELERATION -2.9512277 -0.7755394 -3.6381588

1499175779959 ROTATION_VECTOR 0.345894 -0.18788044 0.23778988

1499175779961 MAGNETIC_FIELD -0.5432129 -63.276672 -351.80206

1499175780056 ACCELEROMETER 1.3356781 3.7657928 2.416092

1499175780057 GYROSCOPE 0.96447754 -2.389557 -0.22200012

1499175780157 LINEAR_ACCELERATION 1.7719188 1.9586654 7.160459

1499175780158 GRAVITY 5.006562 5.3691216 6.5020967

1499175780159 ROTATION_VECTOR 0.32057425 -0.25635424 0.069170564

1499175780161 MAGNETIC_FIELD -0.5432129 -63.276672 -351.80206

1499175780287 ACCELEROMETER 7.2180634 7.7269745 14.061066

1499175780287 GYROSCOPE -0.028564453 0.8347626 -0.21076965

1499175780387 ACCELEROMETER 3.7052765 1.9012299 1.3055115

1499175780388 GYROSCOPE 0.6597595 -0.11425781 0.32453918

1499175780388 GRAVITY 5.312252 5.675435 5.978277

1499175780389 LINEAR_ACCELERATION -1.6995955 -4.058437 -5.8413887

1499175780390 ROTATION_VECTOR 0.39165744 -0.20444348 0.24038342

1499175780492 MAGNETIC_FIELD -1.335144 -51.052856 -20.149231

1499175780587 ACCELEROMETER 8.1992035 3.9577026 6.030609

1499175780588 GYROSCOPE -1.7411346 -0.250412 -1.1882629

1499175780589 GRAVITY 5.2580338 4.9975696 6.599073

1499175780590 LINEAR_ACCELERATION 3.363143 -0.47765303 1.7240658

1499175780590 ROTATION_VECTOR 0.37559462 -0.14989865 0.38214523

1499175780692 MAGNETIC_FIELD 0.52337646 -40.86914 -31.851196

1499175780788 ACCELEROMETER 1.049942 2.411316 1.6259613

1499175780789 GYROSCOPE -0.28479004 -1.1330719 -1.124939

1499175780789 GRAVITY 4.788924 4.7917233 7.0905557

1499175780790 LINEAR_ACCELERATION -3.7806525 -1.8976731 -6.1158237

1499175780791 ROTATION_VECTOR 0.32088444 -0.18845546 0.2333

1499175780893 MAGNETIC_FIELD 1.5426636 -37.641907 -35.4187

1499175780988 ACCELEROMETER 8.19751 7.852585 12.0000305

1499175780989 GYROSCOPE 0.12623596 -0.18952942 -0.40489197

1499175780989 GRAVITY 5.15961 5.2895675 6.4474244

1499175780990 LINEAR_ACCELERATION 4.89746 3.6770506 7.623796

1499175780991 ROTATION_VECTOR 0.3489834 -0.22244868 0.18574546

1499175781093 MAGNETIC_FIELD 5.656433 -37.63275 -31.60553

1499175781189 ACCELEROMETER 4.549103 1.6000519 1.0913696

1499175781190 GYROSCOPE 1.2062836 0.3950653 -0.112854004

1499175781190 GRAVITY 5.151834 6.378719 5.3796782

1499175781191 LINEAR_ACCELERATION -1.4474492 -5.281421 -5.996733

1499175781192 ROTATION_VECTOR 0.44819054 -0.15760072 0.29449308

1499175781294 MAGNETIC_FIELD 4.7317505 -43.49518 -24.771118

1499175781389 ACCELEROMETER 12.650558 6.1743927 6.202072

1499175781390 GYROSCOPE -2.1818237 -1.7880249 -0.8655548

1499175781391 GRAVITY 5.817417 5.6387606 5.5256147

1499175781391 LINEAR_ACCELERATION 8.711781 2.019514 3.1210952

1499175781392 ROTATION_VECTOR 0.43765226 -0.16350089 0.37936231

1499175781494 MAGNETIC_FIELD -0.9674072 -26.287842 -41.308594

1499175781590 ACCELEROMETER 2.1292877 3.7903748 3.0337067

1499175781590 GYROSCOPE -0.61431885 -1.3055267 -1.4148102

1499175781591 GRAVITY 6.2403383 5.1073165 5.5806704

1499175781592 LINEAR_ACCELERATION -5.484969 -1.9447107 -4.0817685

1499175781593 ROTATION_VECTOR 0.35914528 -0.29407427 0.17493169

1499175781695 MAGNETIC_FIELD -10.240173 -23.27118 -42.840576

1499175781790 ACCELEROMETER 8.752655 8.29837 11.121628

1499175781792 GYROSCOPE 1.3747253 -0.6173401 0.13233948

1499175781793 GRAVITY 6.323715 6.3100533 4.0452743

1499175781793 LINEAR_ACCELERATION 4.297138 3.3180919 9.057988

1499175781794 ROTATION_VECTOR 0.40344828 -0.3619087 0.046452228

1499175781895 MAGNETIC_FIELD -13.044739 -31.967163 -38.754272

1499175781994 ACCELEROMETER 5.9376373 1.9286346 0.74142456

1499175781995 GRAVITY 6.4263506 7.0615406 2.2376432

1499175781995 LINEAR_ACCELERATION -1.625258 -6.125246 -3.2848299

1499175781996 ROTATION_VECTOR 0.5424234 -0.30280155 0.17803626

1499175781996 GYROSCOPE 1.1652832 0.7597656 -0.28434753

1499175782100 MAGNETIC_FIELD -7.496643 -42.515564 -32.118225

1499175782195 ACCELEROMETER 11.316635 6.366226 6.297394

1499175782196 GYROSCOPE -2.4651184 -1.2272339 -0.5585327

1499175782197 GRAVITY 6.063694 6.7625785 3.6972332

1499175782198 LINEAR_ACCELERATION 6.8474693 1.1144252 4.4634857

1499175782199 ROTATION_VECTOR 0.4956309 -0.25660005 0.20788826

1499175782300 MAGNETIC_FIELD -12.231445 -21.154785 -43.902588

1499175782399 ACCELEROMETER 0.69651794 4.740814 5.1560974

1499175782404 GYROSCOPE -0.50175476 -1.1669464 -1.4094086

1499175782406 GRAVITY 5.6421475 6.5133414 4.6811266

1499175782408 LINEAR_ACCELERATION -6.3021064 -2.4625921 -0.54277277

1499175782410 ROTATION_VECTOR 0.37492678 -0.34750378 -0.028878715

1499175782501 MAGNETIC_FIELD -16.369629 -19.985962 -45.43457

1499175782599 ACCELEROMETER 2.8509064 6.5132446 10.808762

1499175782604 GYROSCOPE -1.2946625 0.6867218 -1.5632172

1499175782606 GRAVITY 3.611947 6.883286 5.978679

1499175782608 LINEAR_ACCELERATION -0.12811112 0.14347124 6.180686

1499175782610 ROTATION_VECTOR 0.30791116 -0.3168011 -0.2791227

1499175782700 MAGNETIC_FIELD 0.1876831 -4.634094 -48.8739

1499175782800 ACCELEROMETER 1.5865021 0.7044983 7.2123566

1499175782804 GYROSCOPE -0.61483765 0.7082062 -0.23060608

1499175782807 GRAVITY 1.3008237 5.9186654 7.71023

1499175782809 LINEAR_ACCELERATION 0.109169126 -5.209633 -1.206265

1499175782811 ROTATION_VECTOR 0.27123335 -0.18253809 -0.3470464

1499175782904 MAGNETIC_FIELD 1.8554688 -4.022217 -48.716736

1499175782998 ACCELEROMETER 3.0706482 2.7279358 13.912079

1499175783001 GYROSCOPE -0.68792725 -1.4205475 -1.2078094

1499175783005 GRAVITY 1.2158048 4.696447 8.522652

1499175783007 LINEAR_ACCELERATION 1.9456903 -1.8310828 6.706668

1499175783009 ROTATION_VECTOR 0.19570693 -0.16481656 -0.41753224

1499175783104 MAGNETIC_FIELD -9.564209 -1.5426636 -47.96295

1499175783197 ACCELEROMETER -0.8998871 2.9685364 5.5448

1499175783198 GYROSCOPE -0.09793091 -0.48423767 -0.6469879

1499175783198 GRAVITY 1.894291 4.2180653 8.64812

1499175783199 LINEAR_ACCELERATION -2.9269388 -1.0118027 -3.529807

1499175783200 ROTATION_VECTOR 0.1399201 -0.19872338 -0.4947464

1499175783305 MAGNETIC_FIELD -10.778809 -3.1906128 -49.713135

1499175783400 ACCELEROMETER 0.70350647 2.7327423 13.905991

1499175783403 GYROSCOPE 0.25779724 0.13804626 0.4533081

1499175783405 GRAVITY 1.9651713 4.3115406 8.585983

1499175783407 LINEAR_ACCELERATION -0.9706466 -1.3938012 6.2330437

1499175783409 ROTATION_VECTOR 0.12678789 -0.21485233 -0.55476606

1499175783505 MAGNETIC_FIELD -9.407043 -4.0496826 -50.51422

1499175783601 ACCELEROMETER 1.7502594 1.4742432 5.4750214

1499175783606 GYROSCOPE 0.054885864 -0.099594116 0.4875946

1499175783608 GRAVITY 2.3977737 4.30521 8.478576

1499175783610 LINEAR_ACCELERATION -0.6041839 -2.7381644 -3.3967438

1499175783612 ROTATION_VECTOR 0.1283316 -0.22637132 -0.50212973

1499175783708 MAGNETIC_FIELD -10.331726 -5.3771973 -49.24469

1499175783801 ACCELEROMETER 7.7966766 2.9619446 12.1406555

1499175783805 GYROSCOPE -0.47549438 -1.4615936 -0.9038086

1499175783808 GRAVITY 3.684833 3.8260593 8.243401

1499175783822 LINEAR_ACCELERATION 4.561016 -0.6727259 4.868579

1499175783824 ROTATION_VECTOR 0.060381092 -0.2757855 -0.5326582

1499175783906 MAGNETIC_FIELD -24.165344 -7.635498 -44.911194

1499175784001 GRAVITY 5.480389 4.673066 6.655688

1499175784001 LINEAR_ACCELERATION -3.95713 0.70845795 -6.061174

1499175784002 ROTATION_VECTOR 0.030467773 -0.39965746 -0.5397241

1499175784002 ACCELEROMETER 1.5860901 5.0637207 1.1248016

1499175784003 GYROSCOPE 0.6694946 -1.6902161 -0.50193787

1499175784107 MAGNETIC_FIELD -35.87799 -17.706299 -36.48529

1499175784201 ACCELEROMETER 6.7684784 6.8603363 13.431168

1499175784204 GYROSCOPE 1.0118256 -0.68974304 -0.109817505

1499175784208 GRAVITY 6.2646914 5.9382167 4.6542044

1499175784210 LINEAR_ACCELERATION 1.0581045 1.1866665 9.61595

1499175784213 ROTATION_VECTOR -0.020267306 -0.5121434 -0.61488986

1499175784315 MAGNETIC_FIELD -39.01825 -21.151733 -31.5094

1499175784412 ACCELEROMETER 4.300354 1.4674988 2.3285522

1499175784418 GYROSCOPE 0.6765747 0.9948273 0.018936157

1499175784420 GRAVITY 6.170858 6.608511 3.797168

1499175784423 LINEAR_ACCELERATION -1.9147005 -5.137336 -2.017523

1499175784425 ROTATION_VECTOR 0.009353794 -0.55345356 -0.59901714

1499175784515 MAGNETIC_FIELD -34.162903 -26.600647 -32.991028

1499175784606 ACCELEROMETER 10.978104 6.375183 7.5248413

1499175784609 GYROSCOPE -1.225357 -0.6438141 -0.37298584

1499175784612 GRAVITY 5.88309 6.415008 4.5174456

1499175784616 LINEAR_ACCELERATION 5.622112 0.41777515 3.6852517

1499175784618 ROTATION_VECTOR -0.024408052 -0.5187279 -0.6562874

1499175784705 MAGNETIC_FIELD -40.525818 -17.193604 -32.44171

1499175784799 ACCELEROMETER 3.0171661 4.937317 2.9772186

1499175784800 GYROSCOPE -0.2916565 -0.56562805 -0.87875366

1499175784801 GRAVITY 5.6043215 6.38175 4.902575

1499175784801 LINEAR_ACCELERATION -2.7455134 -1.3677816 -2.1205716

1499175784804 ROTATION_VECTOR -0.04480128 -0.4980272 -0.69928896

1499175784906 MAGNETIC_FIELD -38.909912 -25.354004 -29.092407

1499175785004 GRAVITY 4.023961 7.016272 5.545273

1499175785008 LINEAR_ACCELERATION 0.8754804 0.04597473 4.8560495

1499175785010 ROTATION_VECTOR -0.0010743976 -0.4661208 -0.7684731

1499175785013 ACCELEROMETER 4.690735 6.853943 10.093582

1499175785015 GYROSCOPE -0.3223877 0.6784363 -1.2593842

1499175785108 MAGNETIC_FIELD -32.15027 -31.90918 -32.12738

1499175785206 ACCELEROMETER 3.3539276 2.184494 1.193924

1499175785209 GYROSCOPE -0.23962402 -0.8725586 -0.79566956

1499175785212 GRAVITY 2.7762573 7.359246 5.856986

1499175785216 LINEAR_ACCELERATION 0.6315682 -4.8302608 -4.573

1499175785218 ROTATION_VECTOR 0.007277819 -0.44869128 -0.83091223

1499175785309 MAGNETIC_FIELD -33.813477 -34.417725 -25.405884

1499175785401 ACCELEROMETER 6.31987 5.174423 13.093338

1499175785401 GYROSCOPE -2.5085602 -1.0528107 -1.7853241

1499175785418 GRAVITY 2.455325 5.7488904 7.555927

1499175785425 LINEAR_ACCELERATION 3.9471326 -0.38020277 5.864396

1499175785427 ROTATION_VECTOR -0.08632576 -0.3275711 -0.9308687

1499175785506 MAGNETIC_FIELD -31.802368 -32.151794 -31.207275

1499175785612 ACCELEROMETER 1.2683563 4.706772 4.101181

1499175785619 GYROSCOPE -0.06059265 -0.20541382 -0.43954468

1499175785623 GRAVITY 2.2117174 4.127546 8.616384

1499175785625 LINEAR_ACCELERATION -0.84915733 0.76693153 -4.143958

1499175785627 ROTATION_VECTOR -0.104808904 -0.22293904 -0.9678491

1499175785719 MAGNETIC_FIELD -30.267334 -35.35309 -31.199646

1499175785809 GRAVITY 3.1170282 4.535665 8.116789

1499175785817 LINEAR_ACCELERATION 5.314414 2.6877694 2.7301903

1499175785819 ROTATION_VECTOR 0.16772385 0.24088928 0.95593244

1499175785910 ACCELEROMETER 8.382309 7.1393433 10.699036

1499175785920 GYROSCOPE 0.42370605 -0.80514526 0.09553528

1499175785923 MAGNETIC_FIELD -30.813599 -36.15265 -29.064941

1499175786007 GRAVITY 3.2409523 4.5356064 8.068141

1499175786021 LINEAR_ACCELERATION -3.0616958 -2.2452412 -4.1110992

1499175786029 ROTATION_VECTOR -0.1631795 -0.24902162 -0.9538751

1499175786103 ACCELEROMETER 0.046966553 2.0764313 3.5864258

1499175786110 GYROSCOPE -0.66493225 0.21992493 -0.7051544

1499175786114 MAGNETIC_FIELD -29.522705 -35.46295 -29.335022

1499175786205 GRAVITY 4.0319796 2.981173 8.4277

1499175786211 LINEAR_ACCELERATION 7.1541233 1.8884771 6.6542253

1499175786213 ROTATION_VECTOR 0.22209018 0.14485449 0.96254367

1499175786305 ACCELEROMETER 11.101776 4.8885956 14.986847

1499175786313 GYROSCOPE -1.4085388 -1.4277954 -0.2454071

1499175786315 MAGNETIC_FIELD -30.114746 -32.01294 -31.095886

1499175786409 GRAVITY 5.694917 2.7198133 7.506058

1499175786417 LINEAR_ACCELERATION -4.6645527 1.9571354 -5.73285

1499175786420 ROTATION_VECTOR 0.31516612 0.1340442 0.93863696

1499175786506 ACCELEROMETER 0.80352783 4.578079 1.5845642

1499175786514 GYROSCOPE 0.86434937 -0.6417084 0.19680786

1499175786516 MAGNETIC_FIELD -34.806824 -32.395935 -22.55249

1499175786611 GRAVITY 5.706021 4.444072 6.6228347

1499175786620 LINEAR_ACCELERATION 0.73051643 2.685557 7.488911

1499175786623 ROTATION_VECTOR -0.26476356 -0.30369335 -0.8984131

1499175786708 ACCELEROMETER 6.4836273 7.082672 14.044556

1499175786717 GYROSCOPE 2.2309418 0.74461365 0.6039276

1499175786815 MAGNETIC_FIELD -32.96051 -34.88617 -21.479797

1499175786821 GRAVITY 5.7476435 5.1843896 6.0213857

1499175786824 LINEAR_ACCELERATION -2.0301714 -5.7583137 -4.156083

1499175786826 ROTATION_VECTOR -0.18871337 -0.39671406 -0.8298964

1499175786909 ACCELEROMETER 3.5541382 -0.8054352 1.4222565

1499175786918 GYROSCOPE 0.93344116 0.578125 1.1417389

1499175787012 MAGNETIC_FIELD -39.183044 -28.660583 -17.036438

1499175787020 GRAVITY 6.3600764 4.108308 6.232305

1499175787025 LINEAR_ACCELERATION 5.844018 2.9245796 0.6412225

1499175787028 ROTATION_VECTOR -0.23352821 -0.35735902 -0.82627666

1499175787108 ACCELEROMETER 12.017517 7.1341248 7.1164856

1499175787117 GYROSCOPE -2.006546 -0.80722046 -0.4629364

1499175787211 MAGNETIC_FIELD -35.957336 -27.894592 -23.744202

1499175787218 GRAVITY 6.1859765 3.440343 6.78735

1499175787220 LINEAR_ACCELERATION -6.0627484 1.2533598 -1.0972333

1499175787225 ROTATION_VECTOR -0.23443645 -0.31461245 -0.83880144

1499175787308 ACCELEROMETER -0.022964478 4.56456 5.4266815

1499175787313 GYROSCOPE 0.03593445 0.24160767 -0.42070007

1499175787412 MAGNETIC_FIELD -34.492493 -31.776428 -21.199036

1499175787419 GRAVITY 5.5474944 4.8859434 6.443854

1499175787421 LINEAR_ACCELERATION 0.39551306 4.586338 5.095395

1499175787426 ROTATION_VECTOR -0.14326684 -0.38849646 -0.80080485

1499175787509 ACCELEROMETER 6.0252533 9.360504 11.392517

1499175787513 GYROSCOPE 1.9238892 0.5336914 0.34240723

1499175787611 MAGNETIC_FIELD -33.28705 -33.81195 -18.365479

1499175787617 GRAVITY 5.2434497 5.6065392 6.102732

1499175787620 LINEAR_ACCELERATION 0.87029696 -5.312864 -5.1428976

1499175787625 ROTATION_VECTOR -0.0759144 -0.42788348 -0.75514597

1499175787710 ACCELEROMETER 6.0444946 0.031692505 0.5097351

1499175787715 GYROSCOPE 0.4708557 1.227356 0.77349854

1499175787810 GRAVITY 5.571692 4.100587 6.9506707

1499175787817 LINEAR_ACCELERATION 6.6135035 1.8381834 1.2569246

1499175787817 ROTATION_VECTOR -0.16235033 -0.34533578 -0.81255674

1499175787818 MAGNETIC_FIELD -35.336304 -31.484985 -20.999146

1499175787908 ACCELEROMETER 11.791519 6.01915 8.368622

1499175787909 GYROSCOPE -2.7703094 -1.6527863 -1.0488434

1499175788006 GRAVITY 5.771496 3.1274445 7.285555

1499175788007 LINEAR_ACCELERATION -6.2677526 -0.6816995 -4.48667

1499175788018 ROTATION_VECTOR -0.22227517 -0.28130734 -0.8578151

1499175788024 MAGNETIC_FIELD -34.951782 -33.766174 -19.111633

1499175788111 ACCELEROMETER -0.754776 2.5305939 2.8128052

1499175788116 GYROSCOPE 0.19760132 0.03656006 -0.9994354

1499175788218 MAGNETIC_FIELD -30.671692 -40.704346 -17.152405

1499175788224 GRAVITY 4.8557777 4.7110443 7.0991464

1499175788226 LINEAR_ACCELERATION 5.0482383 6.283009 5.7176523

1499175788228 ROTATION_VECTOR -0.16810319 -0.33133912 -0.8780134

1499175788314 ACCELEROMETER 10.268478 10.683395 12.416367

1499175788317 GYROSCOPE 0.778595 0.6061554 -0.3986206

1499175788415 MAGNETIC_FIELD -27.122498 -43.170166 -17.42096

1499175788418 GRAVITY 5.778331 6.3289065 4.7672033

1499175788420 LINEAR_ACCELERATION -0.9402089 -9.407759 -12.297676

1499175788425 ROTATION_VECTOR -0.2604452 -0.43486616 -0.84476846

1499175788511 ACCELEROMETER 5.433975 -3.3073273 -6.5258484

1499175788514 GYROSCOPE 1.3960114 -1.6744843 0.7344055

1499175788615 MAGNETIC_FIELD -32.200623 -41.4032 0.36010742

1499175788619 GRAVITY 7.3105526 4.190378 5.016666

1499175788621 LINEAR_ACCELERATION 5.291407 -0.6605272 9.02165

1499175788623 ROTATION_VECTOR -0.37679252 -0.3197634 -0.8548026

1499175788711 ACCELEROMETER 11.030365 3.4585571 12.9015045

1499175788716 GYROSCOPE -4.435623 -0.6488342 -0.25769043

1499175788816 MAGNETIC_FIELD -26.130676 -43.850708 -16.682434

1499175788819 GRAVITY 8.223895 1.9416035 4.976757

1499175788821 LINEAR_ACCELERATION -9.220686 -0.060171008 -2.8341193

1499175788824 ROTATION_VECTOR -0.4736853 -0.14791295 -0.8660081

1499175788914 ACCELEROMETER 0.07458496 3.040985 3.0762787

1499175788917 GYROSCOPE -0.16345215 -1.5195618 -0.8515167

1499175789014 LINEAR_ACCELERATION 5.6582346 5.9577007 5.153879

1499175789019 GRAVITY 8.259719 3.0214067 4.3380337

1499175789021 ROTATION_VECTOR -0.48234555 -0.21485953 -0.8472374

1499175789023 MAGNETIC_FIELD -23.381042 -47.90039 -13.795471

1499175789114 ACCELEROMETER 12.653412 6.9758453 6.80513

1499175789117 GYROSCOPE 1.078659 0.76145935 0.36149597

1499175789216 MAGNETIC_FIELD -21.624756 -49.594116 -3.6224365

1499175789224 GRAVITY 9.451806 0.6254264 2.5382254

1499175789235 LINEAR_ACCELERATION -2.446248 -7.9518385 -9.366531

1499175789241 ROTATION_VECTOR -0.606143 -0.056366354 -0.7930741

1499175789310 ACCELEROMETER 7.392914 -6.14946 -4.067917

1499175789314 GYROSCOPE -2.1483612 -2.1757965 1.3062439

1499175789417 MAGNETIC_FIELD -28.315735 -42.929077 -10.51178

1499175789420 GRAVITY 9.712928 0.27672526 1.3239497

1499175789422 LINEAR_ACCELERATION -1.6414394 5.568333 7.8098016

1499175789424 ROTATION_VECTOR 0.65763503 0.0036756871 0.7531303

1499175789515 ACCELEROMETER 6.1553802 5.34993 7.227112

1499175789518 GYROSCOPE -1.4382629 0.5566406 -1.8264008

1499175789618 MAGNETIC_FIELD -14.349365 -49.057007 -21.000671

1499175789622 GRAVITY 8.976743 2.7864969 2.7971268

1499175789624 LINEAR_ACCELERATION -1.3399048 7.6767817 6.152122

1499175789626 ROTATION_VECTOR 0.59665173 0.037322383 0.7789385

1499175789716 ACCELEROMETER 8.409637 10.587219 8.474564

1499175789719 GYROSCOPE 0.46192932 -0.089157104 -0.5491028

1499175789817 MAGNETIC_FIELD -10.482788 -53.15094 -5.9036255

1499175789820 GRAVITY 8.675005 3.916142 2.3618863

1499175789823 LINEAR_ACCELERATION -0.44251728 -2.3066597 -6.4549227

1499175789825 ROTATION_VECTOR 0.6144977 0.044383463 0.73938984

1499175789916 ACCELEROMETER 7.231842 0.37806702 -4.6746674

1499175789919 GYROSCOPE 0.8411255 0.23117065 -0.29058838

1499175790018 GRAVITY 8.972855 3.1597748 2.3820345

1499175790021 LINEAR_ACCELERATION 3.0577555 2.4342306 2.532143

1499175790024 ROTATION_VECTOR 0.6144137 -0.032340307 0.7287726

1499175790026 MAGNETIC_FIELD -10.844421 -53.182983 -1.020813

1499175790117 ACCELEROMETER 11.450348 6.7513733 6.5828094

1499175790126 GYROSCOPE -3.9872131 -1.4311676 0.23852539

1499175790219 MAGNETIC_FIELD -8.166504 -41.7984 -26.359558

1499175790228 GRAVITY 9.279132 2.4390004 2.0296226

1499175790231 LINEAR_ACCELERATION -8.379013 1.8720918 1.4606684

1499175790233 ROTATION_VECTOR 0.57706594 -0.2520177 0.60948735

1499175790316 ACCELEROMETER 0.026153564 3.7299805 2.7798615

1499175790325 GYROSCOPE -0.7537842 -0.5696106 -1.1044006

1499175790419 GRAVITY 8.460064 4.0417423 2.874373

1499175790429 LINEAR_ACCELERATION 0.38118362 7.1797047 8.069849

1499175790432 MAGNETIC_FIELD -4.5913696 -40.023804 -28.14331

1499175790434 ROTATION_VECTOR 0.53942263 -0.24994195 0.5125804

1499175790518 ACCELEROMETER 9.1045685 10.9904785 10.627563

1499175790528 GYROSCOPE 0.5328522 1.2154999 -0.18530273

1499175790617 GRAVITY 8.509484 4.0090837 2.772419

1499175790626 LINEAR_ACCELERATION 0.88630867 -1.9103992 -9.770718

1499175790629 ROTATION_VECTOR 0.57507306 -0.16714339 0.6004187

1499175790632 MAGNETIC_FIELD 9.272766 -44.070435 -23.721313

1499175790719 ACCELEROMETER 9.312088 0.78645325 -6.272156

1499175790726 GYROSCOPE 1.0104065 -0.19381714 0.56217957

1499175790816 GRAVITY 8.012556 4.6342773 3.2392616

1499175790822 LINEAR_ACCELERATION -0.9512782 1.0433116 10.20437

1499175790830 ROTATION_VECTOR 0.56540406 -0.12313368 0.60293305

1499175790839 MAGNETIC_FIELD 3.4332275 -45.884705 -21.548462

1499175790916 ACCELEROMETER 5.722275 7.164627 11.599167

1499175790919 GYROSCOPE -2.7913666 -1.4078674 -2.0728455

1499175791017 GRAVITY 8.068209 5.312457 1.6888435

1499175791021 LINEAR_ACCELERATION -7.2972403 0.79247284 -3.8551633

1499175791024 ROTATION_VECTOR 0.5713918 -0.29564226 0.37442645

1499175791026 MAGNETIC_FIELD 5.204773 -35.751343 -32.414246

1499175791119 ACCELEROMETER 0.8819275 6.4600067 0.03529358

1499175791128 GYROSCOPE 0.09390259 -2.4871979 -0.1617279

1499175791223 MAGNETIC_FIELD -5.8425903 -33.81958 -30.943298

1499175791229 GRAVITY 7.3064423 6.4762883 0.91868347

1499175791231 LINEAR_ACCELERATION -0.14239979 6.511004 10.358675

1499175791234 ROTATION_VECTOR 0.5773317 -0.3461911 0.2223464

1499175791320 ACCELEROMETER 6.8683624 11.134811 9.94725

1499175791330 GYROSCOPE 0.391922 1.0509491 -0.8795929

1499175791420 GRAVITY 6.690824 7.1696067 -0.0020023456

1499175791428 LINEAR_ACCELERATION -0.15641975 -7.518522 -2.474473

1499175791431 MAGNETIC_FIELD 6.794739 -34.727478 -29.214478

1499175791434 ROTATION_VECTOR 0.66510653 -0.24028195 0.27805895

1499175791519 ACCELEROMETER 6.462097 0.25854492 -0.8879852

1499175791525 GYROSCOPE 0.60279846 -1.1694641 -0.20361328

1499175791619 GRAVITY 6.241834 7.545738 -0.5212714

1499175791626 LINEAR_ACCELERATION 0.9207506 3.6077933 11.622782

1499175791629 ROTATION_VECTOR 0.664027 -0.2926527 0.18749812

1499175791632 MAGNETIC_FIELD 2.7770996 -36.0672 -30.352783

1499175791721 ACCELEROMETER 5.3856506 9.723984 9.364777

1499175791728 GYROSCOPE -2.2381592 -2.0746613 -0.49606323

1499175791820 GRAVITY 5.4552083 8.148667 0.10148288

1499175791830 LINEAR_ACCELERATION -6.6353545 -3.7914886 1.3947486

1499175792415 GRAVITY 6.003968 7.753886 -0.0035389299

1499175792415 LINEAR_ACCELERATION 5.338148 1.512568 9.264511

1499175792416 ROTATION_VECTOR 0.47312206 -0.52567667 -0.1259331

1499175792419 MAGNETIC_FIELD -30.670166 -12.895203 -36.860657

1499175792514 ACCELEROMETER 8.203079 7.3025665 7.127289

1499175792515 GYROSCOPE -1.8981781 -0.7531128 -0.43052673

1499175792615 GRAVITY 5.575079 7.953676 1.352006

1499175792616 LINEAR_ACCELERATION -2.0900645 -1.9258828 1.0472035

1499175792616 ROTATION_VECTOR 0.35249338 -0.5539091 -0.28865027

1499175792619 MAGNETIC_FIELD -36.45935 -4.4662476 -36.18622

1499175792719 ACCELEROMETER 5.580414 6.3048553 4.444916

1499175792727 GYROSCOPE -0.16545105 -0.9544678 -0.12915039

1499175792830 MAGNETIC_FIELD -37.568665 -7.36084 -37.071228

1499175792836 GRAVITY 5.631029 7.9496346 1.1248152

1499175792838 LINEAR_ACCELERATION 9.029246 0.3787732 10.720075

1499175792840 ROTATION_VECTOR 0.30039126 -0.59364593 -0.34874612

1499175792920 ACCELEROMETER 11.487656 6.010544 9.234558

1499175792924 GYROSCOPE 0.48838806 0.24304199 -0.4607849

1499175793023 GRAVITY 5.318816 8.233727 -0.2938041

1499175793037 MAGNETIC_FIELD -31.962585 -17.926025 -38.142395

1499175793046 LINEAR_ACCELERATION -1.5442162 -5.399612 0.09006682

1499175793049 ROTATION_VECTOR 0.3806816 -0.6083267 -0.2954343

1499175793121 ACCELEROMETER 3.2702637 1.9504852 -0.07563782

1499175793127 GYROSCOPE 0.8798065 -0.18426514 0.0022277832

1499175793225 GRAVITY 6.335778 7.471405 0.45432043

1499175793229 LINEAR_ACCELERATION 3.5898972 -3.6937714 3.0594802

1499175793232 ROTATION_VECTOR 0.30262935 -0.62068635 -0.29083738

1499175793234 MAGNETIC_FIELD -34.420776 -21.23108 -31.79779

1499175793324 ACCELEROMETER 11.310379 3.7725525 4.1614075

1499175793330 GYROSCOPE -2.630783 -0.4984131 0.70391846

1499175793422 GRAVITY 6.2023277 6.9905553 2.9721463

1499175793429 LINEAR_ACCELERATION 3.0782833 -3.1127162 0.20758224

1499175793431 ROTATION_VECTOR 0.17610058 -0.56342816 -0.4164812

1499175793434 MAGNETIC_FIELD -41.490173 -9.494019 -28.709412

1499175793526 ACCELEROMETER 6.534775 2.827118 2.0435333

1499175793532 GYROSCOPE -1.3729706 -0.88772583 -2.0681

1499175793626 GRAVITY 4.8031096 6.9700975 4.9515915

1499175793634 MAGNETIC_FIELD -40.6662 -19.654846 -22.038269

1499175793637 LINEAR_ACCELERATION -2.0479136 -2.5641742 -1.6167674

1499175793639 ROTATION_VECTOR 0.10192374 -0.48698115 -0.5982946

1499175793726 ACCELEROMETER 5.027527 5.31102 6.087738

1499175793732 GYROSCOPE -1.9749451 -0.8173828 -0.8239441

1499175793827 GRAVITY 3.9293897 6.8256965 5.842958

1499175793834 LINEAR_ACCELERATION 8.649332 2.1865106 5.192941

1499175793837 ROTATION_VECTOR 0.085024185 -0.44143283 -0.6758833

1499175793839 MAGNETIC_FIELD -40.530396 -20.7016 -20.082092

1499175793920 ACCELEROMETER 9.040527 5.9240417 7.1637573

1499175793925 GYROSCOPE 0.9527893 1.105011 -0.6405487

1499175794024 GRAVITY 3.5741696 7.4936566 5.219273

1499175794028 LINEAR_ACCELERATION -0.3529961 -7.3494864 -5.5575075

1499175794030 ROTATION_VECTOR 0.15643892 -0.4576221 -0.6256568

1499175794032 MAGNETIC_FIELD -33.67157 -28.663635 -22.102356

1499175794124 ACCELEROMETER 5.675949 0.6009369 -0.3957367

1499175794127 GYROSCOPE -0.14492798 -0.62687683 1.2046967

1499175794231 MAGNETIC_FIELD -41.89911 -19.24591 -16.697693

1499175794237 GRAVITY 3.6684759 5.900693 6.920585

1499175794239 LINEAR_ACCELERATION 9.319017 0.62514687 0.682981

1499175794242 ROTATION_VECTOR 0.07286096 -0.37661606 -0.6773953

1499175794327 ACCELEROMETER 9.507874 4.925873 5.452057

1499175794336 GYROSCOPE -2.1670074 0.5617523 -1.4524078

1499175794431 MAGNETIC_FIELD -37.416077 -27.29187 -20.343018

1499175794438 GRAVITY 3.0565195 4.104479 8.365484

1499175794440 LINEAR_ACCELERATION -2.800005 -2.2589846 -8.17863

1499175794443 ROTATION_VECTOR 0.01660671 -0.27056095 -0.73534423

1499175794527 ACCELEROMETER 2.6540833 4.04158 1.7478027

1499175794536 GYROSCOPE -0.65634155 0.011062622 -0.82618713

1499175794636 LINEAR_ACCELERATION 9.040258 5.8747325 5.1604266

1499175794639 GRAVITY 2.33159 5.0036545 8.1054

1499175794642 ROTATION_VECTOR 0.06807787 -0.2865397 -0.7494585

1499175794644 MAGNETIC_FIELD -32.235718 -31.420898 -21.118164

1499175794727 ACCELEROMETER 8.624649 7.2536926 9.428421

1499175794730 GYROSCOPE 1.0570984 1.210495 -0.542099

1499175794829 GRAVITY 1.1762303 5.6386285 7.9367967

1499175794839 LINEAR_ACCELERATION 0.6136444 -5.458566 -10.112779

1499175794841 ROTATION_VECTOR 0.1219031 -0.2836823 -0.7787737

1499175794844 MAGNETIC_FIELD -25.8255 -39.596558 -21.307373

1499175794928 ACCELEROMETER 4.862686 0.9429474 -0.2861023

1499175794937 GYROSCOPE -0.6371765 -0.9998779 0.45820618

1499175795030 GRAVITY 2.1388845 3.828747 8.771332

1499175795039 LINEAR_ACCELERATION 12.645122 4.367399 4.524925

1499175795042 ROTATION_VECTOR -0.022078976 -0.22868991 -0.8913393

1499175795045 MAGNETIC_FIELD -34.23462 -35.388184 -14.8498535

1499175795128 ACCELEROMETER 10.302521 6.2660675 9.158188

1499175795137 GYROSCOPE -1.8000641 -0.6669159 -1.5971527

1499175795230 MAGNETIC_FIELD -26.960754 -40.164185 -19.171143

1499175795248 GRAVITY 3.473645 1.2167891 9.089752

1499175795250 LINEAR_ACCELERATION -3.8392253 0.6995636 -8.266975

1499175795254 ROTATION_VECTOR -0.14870256 -0.12016304 -0.9244737

1499175795323 ACCELEROMETER 0.35031128 2.776596 1.38237

1499175795326 GYROSCOPE -1.4594116 -0.725647 -0.17076111

1499175795427 GRAVITY 4.612701 0.83553314 8.6136675

1499175795431 LINEAR_ACCELERATION 7.662116 4.431243 4.4444346

1499175795435 ROTATION_VECTOR -0.21425998 -0.12213869 -0.91398466

1499175795437 MAGNETIC_FIELD -29.629517 -36.019897 -22.592163

1499175795526 ACCELEROMETER 11.716888 3.859604 10.987244

1499175795531 GYROSCOPE 1.375061 0.3412323 0.7173462

1499175795631 GRAVITY 4.1018977 1.6656722 8.750449

1499175795640 LINEAR_ACCELERATION -0.8649123 -2.2334533 -8.23838

1499175795643 ROTATION_VECTOR -0.16714697 -0.16097565 -0.9030027

1499175795645 MAGNETIC_FIELD -32.04651 -35.240173 -21.365356

1499175795728 ACCELEROMETER 3.7634125 -1.5651703 -1.8699188

1499175795736 GYROSCOPE 0.06291199 -0.7633667 0.099105835

1499175795824 GRAVITY 5.999611 1.1775634 7.6673594

1499175795825 LINEAR_ACCELERATION 8.428997 0.2690531 0.9807725

1499175795826 ROTATION_VECTOR -0.2947788 -0.14892592 -0.90867865

1499175795827 MAGNETIC_FIELD -36.053467 -33.955383 -13.330078

1499175795927 ACCELEROMETER 12.076889 2.6579742 8.033707

1499175795928 GYROSCOPE -1.4360199 -1.1963806 -0.9792938

1499175796028 MAGNETIC_FIELD -33.172607 -37.527466 -14.337158

1499175796029 GRAVITY 7.3626432 -0.03655424 6.477695

1499175796029 LINEAR_ACCELERATION -4.662 2.287779 -4.4182596

1499175796030 ROTATION_VECTOR -0.40662366 -0.06623192 -0.8986015

1499175796128 ACCELEROMETER 3.9358978 2.6081848 3.1888275

1499175796129 GYROSCOPE -0.8852234 -0.5316467 -0.5395508

1499175796232 MAGNETIC_FIELD -28.54004 -41.763306 -15.840149

1499175796238 GRAVITY 6.676734 0.9922502 7.113863

1499175796240 LINEAR_ACCELERATION 7.5597124 3.4329057 2.9084144

1499175796243 ROTATION_VECTOR -0.36602598 -0.057609946 -0.92878556

1499175796327 ACCELEROMETER 11.204285 3.691681 6.767456

1499175796340 GYROSCOPE 0.7736969 1.4616089 -0.8726654

1499175796431 GRAVITY 6.4080887 2.2818878 7.0639772

1499175796441 LINEAR_ACCELERATION -0.11773682 -1.319831 -7.457963

1499175796444 ROTATION_VECTOR 0.36115983 0.096958645 0.924497

1499175796446 MAGNETIC_FIELD -22.987366 -43.933105 -13.128662

1499175796531 ACCELEROMETER 6.946518 0.32330322 -1.1175232

1499175796540 GYROSCOPE 0.15458679 -1.1006165 0.1829834

1499175796630 GRAVITY 7.4458365 1.8195399 6.117122

1499175796640 LINEAR_ACCELERATION 8.825783 4.280687 4.1363235

1499175796643 ROTATION_VECTOR 0.4321601 0.036758844 0.8902704

1499175796645 MAGNETIC_FIELD -26.66626 -43.299866 -6.375122

1499175796729 ACCELEROMETER 12.369293 6.0581512 8.920425

1499175796736 GYROSCOPE -2.0062408 -0.8853607 -1.2679291

1499175796836 MAGNETIC_FIELD -16.888428 -45.37964 -16.249084

1499175796843 GRAVITY 8.184257 1.2686458 5.251559

1499175796845 LINEAR_ACCELERATION -6.741065 0.5155425 -5.074864

1499175796848 ROTATION_VECTOR 0.47539005 -0.07905269 0.8321291

1499175796927 ACCELEROMETER 1.6854248 3.5457306 1.0410919

1499175796934 GYROSCOPE -0.5823364 -0.62390137 -0.7758484

1499175797031 GRAVITY 7.8672047 3.0545485 4.994718

1499175797036 LINEAR_ACCELERATION 3.4731708 6.7510777 4.1921377

1499175797038 ROTATION_VECTOR 0.4922143 -0.05536562 0.7695939

1499175797040 MAGNETIC_FIELD -13.8671875 -43.911743 -16.973877

1499175797129 ACCELEROMETER 9.67276 7.294037 7.269165

1499175797134 GYROSCOPE 0.4943695 0.5943146 -1.1322021

1499175797237 GRAVITY 7.6414933 4.252937 4.4373975

1499175797244 LINEAR_ACCELERATION -4.086353 -4.1609235 -4.713579

1499175797246 ROTATION_VECTOR 0.523046 0.013361878 0.7549803

1499175797248 MAGNETIC_FIELD -4.3899536 -46.94519 -17.765808

1499175797330 ACCELEROMETER 3.5417023 -1.4822388 -2.5006409

1499175797346 GYROSCOPE 0.041244507 -1.164978 0.67822266

1499175797435 GRAVITY 8.543927 3.048534 3.7253363

1499175797441 LINEAR_ACCELERATION 5.6042147 4.5438056 4.201235

1499175797447 ROTATION_VECTOR 0.55005646 -0.086594276 0.7293913

1499175797449 MAGNETIC_FIELD -16.696167 -41.7511 -15.26947

1499175797531 ACCELEROMETER 11.969879 8.69014 8.199341

1499175797537 GYROSCOPE -1.583374 -1.3699188 -0.34552002

1499175797636 MAGNETIC_FIELD -15.672302 -36.621094 -23.41156

1499175797639 GRAVITY 9.209446 2.3400104 2.425046

1499175797641 LINEAR_ACCELERATION -7.4687285 0.022611022 -1.5876446

1499175797647 ROTATION_VECTOR 0.5626072 -0.2446021 0.6243804

1499175797734 ACCELEROMETER 0.28945923 2.45224 1.7963562

1499175797737 GYROSCOPE -0.61154175 -0.68226624 -0.6239319

1499175797836 MAGNETIC_FIELD -14.468384 -36.88965 -24.606323

1499175797839 GRAVITY 8.954169 3.806886 1.2250983

1499175797841 LINEAR_ACCELERATION 2.661035 6.9819617 6.3146167

1499175797844 ROTATION_VECTOR 0.6290374 -0.2045712 0.5656002

1499175797934 ACCELEROMETER 11.846893 10.115692 7.103119

1499175797939 GYROSCOPE 1.2458954 0.62112427 -0.23446655

1499175798038 GRAVITY 8.708488 4.262851 1.4699377

1499175798049 LINEAR_ACCELERATION -1.6279078 -2.5251095 -0.50897515

1499175798058 ROTATION_VECTOR 0.64853734 -0.06673337 0.6433358

1499175798061 MAGNETIC_FIELD -7.9208374 -41.885376 -18.978882

1499175798134 ACCELEROMETER 4.885971 -0.96406555 -1.7630768

1499175798138 GYROSCOPE -0.012863159 0.15942383 -0.21388245

1499175798237 MAGNETIC_FIELD -8.805847 -40.953064 -22.702026

1499175798241 GRAVITY 8.997753 3.7266853 1.1500669

1499175798243 LINEAR_ACCELERATION 3.6018925 3.4231398 2.215428

1499175798246 ROTATION_VECTOR 0.6529009 -0.122814186 0.62576085

1499175798331 ACCELEROMETER 11.141632 9.479294 6.890152

1499175798334 GYROSCOPE -2.01651 -1.6612244 0.19087219

1499175798436 LINEAR_ACCELERATION -7.397428 1.4884126 2.9608154

1499175798439 ROTATION_VECTOR 0.6533243 -0.26737016 0.51420647

1499175798441 MAGNETIC_FIELD -13.645935 -29.588318 -32.07245

1499175798444 GRAVITY 9.143352 3.5451968 0.032961674

1499175798534 ACCELEROMETER -1.0254364 2.7391357 1.5350647

1499175798537 GYROSCOPE 0.12535095 0.047332764 -0.09030151

1499175798638 MAGNETIC_FIELD -13.252258 -31.225586 -30.66101

1499175798641 GRAVITY 9.106831 3.5909283 0.584169

1499175798643 LINEAR_ACCELERATION -0.7910991 6.2804556 7.2517614

1499175798648 ROTATION_VECTOR 0.6353634 -0.25793216 0.5269657

1499175798736 ACCELEROMETER 10.376358 10.867447 8.848953

1499175798739 GYROSCOPE 1.0431061 1.2849884 0.5982666

1499175798836 MAGNETIC_FIELD -9.126282 -35.74066 -28.388977

1499175798839 GRAVITY 9.0324135 2.8458564 2.5469568

1499175798841 LINEAR_ACCELERATION -1.8211393 -0.23736763 0.9346261

1499175798844 ROTATION_VECTOR 0.5893322 -0.15109223 0.67401

1499175798929 ACCELEROMETER 4.572235 -0.17320251 -0.69869995

1499175798930 GYROSCOPE 1.2462463 0.762619 0.3828125

1499175799029 GRAVITY 9.209327 1.8626091 2.8088036

1499175799030 LINEAR_ACCELERATION 3.7437153 1.4189292 -2.655229

1499175799031 ROTATION_VECTOR 0.5771945 -0.15374455 0.7186792

1499175799033 MAGNETIC_FIELD -7.722473 -41.864014 -20.95337

1499175799129 ACCELEROMETER 12.05098 6.1522675 3.96315

1499175799129 GYROSCOPE -1.3503265 -0.7110748 0.4235077

1499175799230 GRAVITY 9.144414 1.814737 3.0425007

1499175799231 LINEAR_ACCELERATION -6.1179137 3.986693 0.007199526

1499175799231 ROTATION_VECTOR 0.55907714 -0.17974538 0.7075896

1499175799234 MAGNETIC_FIELD -10.279846 -34.869385 -30.653381

1499175799329 ACCELEROMETER -0.17555237 3.655899 0.35762024

1499175799330 GYROSCOPE 0.09751892 0.99201965 -0.41427612

1499175799430 GRAVITY 7.9668503 2.7375166 5.0205264

1499175799431 LINEAR_ACCELERATION -0.18739367 8.198437 4.717657

1499175799432 ROTATION_VECTOR 0.48451468 -0.09628046 0.75144035

1499175799459 MAGNETIC_FIELD -3.9627075 -38.607788 -30.223083

1499175799534 ACCELEROMETER 8.345306 11.202545 10.460373

1499175799543 GYROSCOPE 0.58369446 1.7064362 0.6733093

1499175799642 GRAVITY 7.563251 2.0923436 5.8813033

1499175799647 LINEAR_ACCELERATION -1.7883592 -0.653144 -2.7065864

1499175799649 ROTATION_VECTOR 0.44484437 -0.04743936 0.83182704

1499175799656 MAGNETIC_FIELD 3.2974243 -41.729736 -28.329468

1499175799732 ACCELEROMETER 5.02005 0.17741394 1.598526

1499175799732 GYROSCOPE 0.3556366 -0.36782837 1.0289917

1499175799834 GRAVITY 7.807026 -0.080427885 5.9341607

1499175799835 ROTATION_VECTOR 0.41707614 -0.15326288 0.844018

1499175799838 LINEAR_ACCELERATION 1.60811 2.621276 -1.7895164

1499175799839 MAGNETIC_FIELD -4.7927856 -41.497803 -28.479004

1499175799931 ACCELEROMETER 6.514633 2.048706 5.6330566

1499175799931 GYROSCOPE -3.569641 0.5854492 0.3736267

1499175800031 GRAVITY 7.241349 -3.2834592 5.740396

1499175800032 LINEAR_ACCELERATION -3.5909371 4.0011044 3.541953

1499175800033 ROTATION_VECTOR 0.30858454 -0.33480865 0.8198944

1499175800036 MAGNETIC_FIELD -0.12207031 -15.898132 -48.545837

1499175800131 ACCELEROMETER 3.6365662 1.8414917 7.8131256

1499175800132 GYROSCOPE -0.8562927 0.8939209 0.30741882

1499175800244 GRAVITY 5.5794206 -2.9053116 7.5232725

1499175800277 LINEAR_ACCELERATION -0.72905207 1.9092791 5.1346517

1499175800287 ROTATION_VECTOR 0.15164629 -0.30565223 0.7594508

1499175800288 MAGNETIC_FIELD 16.601563 -9.631348 -54.257202

1499175800331 ACCELEROMETER 3.7345428 -2.5251312 14.922562

1499175800332 GYROSCOPE 1.8022766 0.6512604 -2.6568909

1499175800433 GRAVITY 3.7094138 1.2646881 8.989505

1499175800434 LINEAR_ACCELERATION 0.34726572 -6.655247 9.01382

1499175800434 ROTATION_VECTOR 0.17939821 -0.097360626 0.6636903

1499175800436 MAGNETIC_FIELD 24.34082 -13.354492 -52.8244

1499175800533 ACCELEROMETER -4.2319336 -3.946045 18.40158

1499175800535 GYROSCOPE 0.7891693 0.64663696 -1.5913849

1499175800633 GRAVITY 1.835018 3.5171382 8.968435

1499175800633 LINEAR_ACCELERATION -1.5403525 6.4962792 2.4380903

1499175800634 ROTATION_VECTOR 0.20274718 0.040381137 0.61329246

1499175800637 MAGNETIC_FIELD 31.721497 -25.550842 -45.715332

1499175800732 ACCELEROMETER 0.058273315 5.106247 4.8712463

1499175800733 GYROSCOPE -1.3418579 3.4162445 -0.16389465

1499175800834 GRAVITY -1.0171573 0.7961006 9.721213

1499175800834 LINEAR_ACCELERATION -8.445343 -5.148696 -10.217531

1499175800835 ROTATION_VECTOR -0.005404618 0.065778576 0.6772744

1499175800837 MAGNETIC_FIELD 57.170105 -2.3666382 -18.701172

1499175800933 ACCELEROMETER 0.97416687 2.519699 -2.2301025

1499175800934 GYROSCOPE -1.9473419 -0.4634552 0.8329315

1499175801034 GRAVITY -2.3658571 -4.0613456 8.606892

1499175801036 LINEAR_ACCELERATION 1.2946558 -0.8848057 -4.1909266

1499175801036 ROTATION_VECTOR -0.24038574 -0.058183882 0.67098755

1499175801038 MAGNETIC_FIELD 58.418274 -4.333496 -15.184021

1499175801134 ACCELEROMETER -5.42865 -6.953064 1.548706

1499175801134 GYROSCOPE -1.9552765 1.3309784 0.7871399

1499175801235 GRAVITY -3.5707111 -6.440236 6.4764004

1499175801236 LINEAR_ACCELERATION -0.31989217 2.4919658 -1.6053905

1499175801237 ROTATION_VECTOR -0.39388764 -0.12102895 0.6563814

1499175801239 MAGNETIC_FIELD 57.977295 -4.46167 -17.268372

1499175801334 ACCELEROMETER -5.0529633 -3.8564453 9.481216

1499175801335 GYROSCOPE -0.62194824 -0.081726074 -0.52835083

1499175801437 GRAVITY -4.3496056 -6.647406 5.7500715

1499175801440 LINEAR_ACCELERATION -3.068559 2.1732635 3.8200397

1499175801441 ROTATION_VECTOR -0.4453171 -0.09230741 0.62874615

1499175801444 MAGNETIC_FIELD 61.488342 -0.06561279 -3.1280518

1499175801538 ACCELEROMETER -7.7891083 -4.117874 3.9994354

1499175801541 GYROSCOPE 0.2554474 0.27703857 0.2253418

1499175801640 GRAVITY -4.5974483 -6.332684 5.9102426

1499175801653 LINEAR_ACCELERATION -6.173924 1.1062517 -3.5543714

1499175801656 ROTATION_VECTOR -0.44074264 -0.06638837 0.62793946

1499175801658 MAGNETIC_FIELD 61.24878 -3.0593872 0.30975342

1499175801740 ACCELEROMETER -9.132324 -3.8315277 2.0452576

1499175801745 GYROSCOPE 0.030639648 0.086746216 -0.06539917

1499175801844 GRAVITY -5.3161926 -6.173296 5.4588366

1499175801849 LINEAR_ACCELERATION -4.1166053 1.8456569 -1.7853174

1499175801852 MAGNETIC_FIELD 62.22992 -2.9937744 2.078247

1499175801854 ROTATION_VECTOR -0.46942958 -0.03623068 0.6254272

1499175801939 ACCELEROMETER -8.114548 -2.5829315 2.5172272

1499175801944 GYROSCOPE 0.122543335 0.34483337 0.30537415

1499175802044 GRAVITY -5.848935 -5.874338 5.239513

1499175802048 LINEAR_ACCELERATION -3.7123256 2.267107 -3.0873508

1499175802052 ROTATION_VECTOR -0.48252073 -0.005738326 0.6253242

1499175802054 MAGNETIC_FIELD 62.34436 -5.529785 4.2541504

1499175802139 ACCELEROMETER -9.625046 -3.184967 1.6262054

1499175802144 GYROSCOPE 0.30085754 -0.03869629 -0.21646118

1499175802244 MAGNETIC_FIELD 62.391663 -4.2922974 5.305481

1499175802248 GRAVITY -6.084103 -5.6792393 5.1865516

1499175802250 LINEAR_ACCELERATION -4.05977 1.4656086 -2.2157073

1499175802254 ROTATION_VECTOR -0.48509654 0.015517686 0.6197376

1499175802340 ACCELEROMETER -8.535889 -3.0427856 1.7241516

1499175802343 GYROSCOPE -0.035217285 0.030685425 -0.040756226

1499175802446 MAGNETIC_FIELD 62.121582 -2.003479 3.7521362

1499175802450 GRAVITY -6.1692543 -5.5941763 5.1784043

1499175802453 LINEAR_ACCELERATION -3.503305 1.5311217 -2.1002665

1499175802456 ROTATION_VECTOR -0.48542997 0.018237175 0.6250142

1499175802540 ACCELEROMETER -8.662262 -3.3375397 2.8437347

1499175802543 GYROSCOPE 0.01914978 -0.22746277 -0.08818054

1499175802645 MAGNETIC_FIELD 62.158203 -1.953125 0.5783081

1499175802648 GRAVITY -6.0691614 -5.5357633 5.356398

1499175802651 LINEAR_ACCELERATION -3.5557241 1.3836637 -1.5225801

1499175802654 ROTATION_VECTOR -0.47626448 0.008476561 0.6389754

1499175802742 ACCELEROMETER -8.539047 -3.2935638 2.6619415

1499175802745 GYROSCOPE 0.024337769 0.11213684 0.025817871

1499175802846 MAGNETIC_FIELD 62.32605 -2.7160645 2.8076172

1499175802849 GRAVITY -6.284514 -5.374029 5.2721043

1499175802852 LINEAR_ACCELERATION -3.2076106 1.2964373 -2.1492424

1499175802855 ROTATION_VECTOR -0.48063752 0.01360418 0.650002

1499175802942 ACCELEROMETER -8.629303 -3.198822 2.4148865

1499175802945 GYROSCOPE 0.010696411 0.037750244 0.02053833

1499175803044 GRAVITY -7.4767113 -4.696722 4.2673154

1499175803054 LINEAR_ACCELERATION -2.2103972 0.8751383 -1.3894114

1499175803068 ROTATION_VECTOR -0.526614 0.071450256 0.6502151

1499175803078 MAGNETIC_FIELD 61.65161 -2.7191162 2.4108887

1499175803139 ACCELEROMETER -8.756241 -3.2352448 2.4852295

1499175803139 GYROSCOPE -0.0395813 0.02268982 0.023834229

1499175803240 GRAVITY -8.074396 -4.2010264 3.6504636

1499175803241 LINEAR_ACCELERATION -1.4509296 0.58898926 -0.56898046

1499175803241 ROTATION_VECTOR -0.5497011 0.10819815 0.6471476

1499175803244 MAGNETIC_FIELD 62.579346 -2.5909424 3.0197144

1499175803344 ACCELEROMETER -8.684525 -3.2048645 2.4402924

1499175803348 GYROSCOPE -0.03967285 0.0677948 0.007751465

1499175803447 MAGNETIC_FIELD 60.980225 -3.4622192 2.5100708

1499175803452 GRAVITY -8.445814 -3.9075837 3.0934448

1499175803455 LINEAR_ACCELERATION -0.9561949 0.36846352 -0.6209636

1499175803458 ROTATION_VECTOR -0.5715235 0.12505637 0.6462357

1499175803544 ACCELEROMETER -8.750092 -3.2066345 2.167572

1499175803548 GYROSCOPE -0.010391235 0.055664063 4.4250488E-4

1499175803648 MAGNETIC_FIELD 61.209106 -3.7704468 2.798462

1499175803651 GRAVITY -8.651756 -3.710815 2.7472446

1499175803653 LINEAR_ACCELERATION -0.58962536 0.278723 -0.4343009

1499175803656 ROTATION_VECTOR -0.5863525 0.12696545 0.6518727

1499175803746 ACCELEROMETER -8.679352 -3.227127 2.2280426

1499175803749 GYROSCOPE -0.0037231445 -0.013031006 -0.0048217773

1499175803848 MAGNETIC_FIELD 61.55548 -2.8701782 2.911377

1499175803851 GRAVITY -8.747801 -3.595552 2.5919836

1499175803855 LINEAR_ACCELERATION -0.37853146 0.14893723 -0.2477982

1499175803857 ROTATION_VECTOR -0.59425974 0.12124748 0.66011566

1499175803946 ACCELEROMETER -8.706406 -3.2406616 2.2148285

1499175803962 GYROSCOPE 0.022781372 -0.035369873 0.0055389404

1499175804045 GRAVITY -8.749408 -3.497524 2.7176392

1499175804045 LINEAR_ACCELERATION -0.35332775 0.058967113 0.13470411

1499175804046 ROTATION_VECTOR -0.58947736 0.1181329 0.669262

1499175804049 MAGNETIC_FIELD 61.421204 -2.1957397 2.8549194

