1499175735715 ACCELEROMETER 0.3757019 3.3367767 8.975815

1499175735717 GYROSCOPE -0.6119995 -1.37677 -0.6595154

1499175735718 MAGNETIC_FIELD -18.476868 -16.77246 -39.450073

1499175735719 GRAVITY -0.054442544 3.5312366 9.14865

1499175735719 LINEAR_ACCELERATION 0.0 0.0 -0.0

1499175735720 ROTATION_VECTOR 0.0 0.0 0.0

1499175735922 ACCELEROMETER 1.5407104 2.5045013 4.8549957

1499175735924 GYROSCOPE 0.6376953 -2.7717285 -0.4512329

1499175735924 MAGNETIC_FIELD -22.52655 -21.144104 -36.49597

1499175735925 GRAVITY 2.7875228 3.6704385 8.656095

1499175735926 LINEAR_ACCELERATION -1.0990844 -0.62378407 -1.7021742

1499175735928 ROTATION_VECTOR 0.005455508 -0.2421409 -0.7592475

1499175736116 ACCELEROMETER 7.729843 2.1335297 4.4868164

1499175736117 GYROSCOPE -0.6878357 -3.5023193 2.0342712

1499175736117 MAGNETIC_FIELD -38.726807 -13.745117 -20.74585

1499175736118 LINEAR_ACCELERATION -0.26569128 0.24549603 -0.52149534

1499175736119 GRAVITY 7.8238835 3.3718982 4.8567004

1499175736119 ROTATION_VECTOR -0.25361896 -0.43365264 -0.69627327

1499175736316 ACCELEROMETER 15.967758 -4.311447 5.04216

1499175736317 GYROSCOPE 2.64682 -2.2729187 5.173462

1499175736318 MAGNETIC_FIELD -39.2334 20.391846 21.7453

1499175736318 LINEAR_ACCELERATION 5.9775915 -1.6582427 5.340036

1499175736319 GRAVITY 9.481192 -1.8213887 1.7204487

1499175736319 ROTATION_VECTOR -0.41366798 -0.4910808 -0.3744176

1499175736552 ACCELEROMETER 10.802414 -1.5705414 -2.6771088

1499175736553 GYROSCOPE -2.3605042 -1.2699585 -2.2478027

1499175736554 GRAVITY 8.67193 -4.165358 -1.9020506

1499175736554 LINEAR_ACCELERATION 2.7240467 2.1516209 -1.3801372

1499175736555 ROTATION_VECTOR -0.38162264 -0.67181975 -0.043645777

1499175736752 ACCELEROMETER 4.3535004 -2.7830963 6.289154

1499175736753 GYROSCOPE -2.4480896 0.22219849 6.5513306

1499175736754 MAGNETIC_FIELD -22.62268 44.084167 -8.653259

1499175736755 GRAVITY 6.248705 -6.0966945 -4.4670334

1499175736755 LINEAR_ACCELERATION -1.4290643 2.7915072 10.494783

1499175736756 ROTATION_VECTOR -0.59574914 -0.6106049 7.670077E-7

1499175736953 ACCELEROMETER 10.580429 -6.4557953 -4.768814

1499175736953 GYROSCOPE -0.3033142 -1.4269714 -1.1401672

1499175736954 MAGNETIC_FIELD -33.14514 34.27887 -5.82428

1499175736955 GRAVITY 2.8525279 -6.7978597 -6.4670377

1499175736955 LINEAR_ACCELERATION 8.199542 -0.1529231 1.1376052

1499175736956 ROTATION_VECTOR -0.78829527 -0.4564184 0.052479442

1499175737153 ACCELEROMETER 3.0900269 -4.8066864 -3.792984

1499175737154 GYROSCOPE 2.1693726 -2.1532898 -2.1271057

1499175737155 MAGNETIC_FIELD -11.486816 39.387512 21.772766

1499175737155 GRAVITY 2.8783407 -6.646664 -6.611157

1499175737156 LINEAR_ACCELERATION 0.545696 1.1948996 1.9338026

1499175737156 ROTATION_VECTOR -0.6379839 -0.6557833 0.15364027

1499175737354 ACCELEROMETER 0.8611603 -7.3025208 -6.0487366

1499175737355 GYROSCOPE 2.311432 -0.74765015 -1.0408325

1499175737356 MAGNETIC_FIELD -13.027954 38.954163 19.467163

1499175737357 GRAVITY 3.2829087 -7.7526197 -5.028895

1499175737357 LINEAR_ACCELERATION -2.1133838 -0.006263256 -1.4196162

1499175737358 ROTATION_VECTOR -0.38241822 -0.7811265 0.3235697

1499175737554 ACCELEROMETER -0.17350769 -12.433868 2.0181122

1499175737555 GYROSCOPE -0.0138549805 2.211029 3.0372314

1499175737556 MAGNETIC_FIELD 4.562378 48.739624 -1.2252808

1499175737557 LINEAR_ACCELERATION -1.9473463 -4.001934 4.0071273

1499175737557 GRAVITY 1.8059751 -9.389706 -2.17768

1499175737558 ROTATION_VECTOR -0.41310465 -0.6636078 0.45768303

1499175737754 ACCELEROMETER 2.5628357 -10.352356 0.44300842

1499175737755 GYROSCOPE 2.5891418 1.3063354 -0.1980896

1499175737756 MAGNETIC_FIELD 10.647583 46.266174 -3.0685425

1499175737756 LINEAR_ACCELERATION 3.1994758 -1.2683811 0.5887494

1499175737757 GRAVITY -0.60580003 -9.787763 0.05569353

1499175737758 ROTATION_VECTOR -0.55154324 -0.43927264 0.47519657

1499175737955 ACCELEROMETER -0.49943542 -9.94516 -1.8505402

1499175737956 GYROSCOPE -0.88116455 3.5397644 -0.5345459

1499175737957 MAGNETIC_FIELD 39.544678 29.219055 -7.8948975

1499175737957 GRAVITY -0.6903879 -9.697202 1.2876456

1499175737958 LINEAR_ACCELERATION 0.1475051 -0.70360756 -2.9894736

1499175737958 ROTATION_VECTOR -0.61262286 -0.24298471 0.32623756

1499175738156 ACCELEROMETER -3.1626587 -14.584595 1.4105682

1499175738159 GYROSCOPE -2.8251343 -0.83096313 -0.3166504

1499175738160 MAGNETIC_FIELD 39.88495 29.69513 -9.101868

1499175738160 GRAVITY 0.43711048 -9.619901 -1.8538715

1499175738161 LINEAR_ACCELERATION -3.349493 -5.4603577 3.0405014

1499175738162 ROTATION_VECTOR -0.74442655 -0.20087373 0.13781448

1499175738361 GRAVITY -0.15605581 -9.286262 -3.148234

1499175738363 LINEAR_ACCELERATION -3.7332861 2.2109165 3.252952

1499175738364 ROTATION_VECTOR -0.79532796 -0.1672385 0.12945974

1499175738364 ACCELEROMETER -3.7670135 -6.464096 0.15480042

1499175738365 GYROSCOPE 1.2849731 0.3215332 0.4459839

1499175738366 MAGNETIC_FIELD 32.03888 35.08606 11.953735

1499175738561 ACCELEROMETER -3.651886 -8.224869 -3.5821533

1499175738567 GYROSCOPE 0.008575439 2.5175781 0.36480713

1499175738569 MAGNETIC_FIELD 31.808472 31.65741 16.882324

1499175738573 GRAVITY -0.56476027 -9.532402 -2.2326524

1499175738575 LINEAR_ACCELERATION -3.0591745 1.0455065 -1.598182

1499175738577 ROTATION_VECTOR -0.7813403 -0.05780097 0.082417734

1499175738761 ACCELEROMETER -3.549057 -11.14296 0.015136719

1499175738768 GYROSCOPE 2.6105042 -0.57141113 0.15759277

1499175738770 MAGNETIC_FIELD 31.007385 32.30133 10.609436

1499175738774 GRAVITY -1.2532256 -9.725952 0.07524351

1499175738776 LINEAR_ACCELERATION -2.4442396 -1.8713236 -0.20394173

1499175738778 ROTATION_VECTOR -0.70347327 0.035902724 0.054711778

1499175738967 ACCELEROMETER -1.6677551 -9.555374 -0.960968

1499175738970 GYROSCOPE 0.97628784 -3.02594 0.29537964

1499175738972 MAGNETIC_FIELD 29.968262 32.55768 11.833191

1499175738975 GRAVITY -0.44455832 -9.116436 3.5865502

1499175738978 LINEAR_ACCELERATION -1.2404671 -0.8397722 -4.200234

1499175738980 ROTATION_VECTOR -0.55063134 -0.11807613 0.2124116

1499175739160 ACCELEROMETER -1.8175812 -9.819717 -1.0403748

1499175739161 GRAVITY 0.3535283 -9.68281 1.5128088

1499175739162 ROTATION_VECTOR -0.6086458 -0.22895083 0.24134944

1499175739163 LINEAR_ACCELERATION -2.0590568 -0.3125553 -2.0004907

1499175739163 GYROSCOPE -2.9864197 1.6406555 -1.0525818

1499175739164 MAGNETIC_FIELD 33.039856 34.475708 -2.8015137

1499175739364 ACCELEROMETER -4.961212 -12.466309 -1.4826508

1499175739367 GYROSCOPE -1.8136292 0.42834473 -0.331604

1499175739369 MAGNETIC_FIELD 34.2041 31.800842 0.03967285

1499175739371 GRAVITY 1.8586516 -9.272892 -2.5940862

1499175739373 LINEAR_ACCELERATION -6.8525906 -3.8957815 0.46331835

1499175739376 ROTATION_VECTOR -0.75971794 -0.23471308 0.06164295

1499175739568 ACCELEROMETER -3.6505585 -6.0340576 0.71383667

1499175739571 GYROSCOPE 0.74450684 -2.0742493 -0.6659241

1499175739573 MAGNETIC_FIELD 30.334473 31.500244 12.167358

1499175739575 GRAVITY 1.9363154 -8.839837 -3.7786698

1499175739577 LINEAR_ACCELERATION -5.1471024 2.829403 5.396471

1499175739582 ROTATION_VECTOR -0.78578985 -0.27421314 0.066429235

1499175739767 GRAVITY 1.3175298 -9.485191 -2.1132073

1499175739771 LINEAR_ACCELERATION -8.669334 -3.877285 -4.2874064

1499175739775 ROTATION_VECTOR -0.7062054 -0.33017796 0.18467958

1499175739777 ACCELEROMETER -7.054138 -12.226013 -5.0273285

1499175739780 GYROSCOPE 1.4921875 1.0361023 0.5730896

1499175739783 MAGNETIC_FIELD 35.04486 29.116821 8.776855

1499175739969 ACCELEROMETER -0.32133484 -8.643188 0.269989

1499175739973 GYROSCOPE 0.19869995 0.13140869 -0.17352295

1499175739975 MAGNETIC_FIELD 38.26294 28.656006 4.928589

1499175739977 GRAVITY 0.93149024 -9.757117 -0.3183848

1499175739979 LINEAR_ACCELERATION -1.0934756 0.80443287 0.90115994

1499175739982 ROTATION_VECTOR -0.6440153 -0.31855518 0.24773112

1499175740164 ACCELEROMETER -3.2392273 -8.645462 -0.6999054

1499175740164 GYROSCOPE 1.5851135 -4.408081 -0.24829102

1499175740164 MAGNETIC_FIELD 39.448547 26.461792 -4.208374

1499175740165 GRAVITY 1.5686749 -9.65937 0.63735014

1499175740165 LINEAR_ACCELERATION -4.5329304 0.52867985 -1.701431

1499175740165 ROTATION_VECTOR -0.48049775 -0.4864423 0.430238

1499175740367 ACCELEROMETER -3.258255 -12.438553 -0.0831604

1499175740371 GYROSCOPE -3.4884338 -0.0362854 -0.59436035

1499175740375 MAGNETIC_FIELD 36.07788 26.551819 -17.411804

1499175740378 GRAVITY 1.3611634 -9.509506 -1.9715245

1499175740381 LINEAR_ACCELERATION -4.6797304 -3.1927319 1.6748291

1499175740405 ROTATION_VECTOR -0.3708275 -0.68044597 0.50652575

1499175740562 ACCELEROMETER -2.7457428 -10.338959 2.2779694

1499175740563 GYROSCOPE -0.90252686 -2.6798706 -1.193573

1499175740563 MAGNETIC_FIELD 36.231995 25.639343 -7.5653076

1499175740564 GRAVITY 1.2029402 -7.7300987 -5.9134502

1499175740564 LINEAR_ACCELERATION -3.935804 -3.4781332 8.083399

1499175740564 ROTATION_VECTOR -0.33630082 -0.82970107 0.3822572

1499175740767 ACCELEROMETER -5.2106476 -6.115753 0.21652222

1499175740770 GYROSCOPE -0.64297485 -1.0200195 -1.2501831

1499175740772 MAGNETIC_FIELD 36.949158 31.990051 -0.07019043

1499175740774 GRAVITY -0.009788692 -6.418179 -7.4146657

1499175740776 LINEAR_ACCELERATION -5.7662525 0.07330799 7.394964

1499175740778 ROTATION_VECTOR -0.23905495 -0.9060328 0.3378035

1499175740972 GRAVITY -0.33863994 -7.253631 -6.590944

1499175740973 LINEAR_ACCELERATION -3.7700038 -5.6228395 4.093085

1499175740976 ROTATION_VECTOR -0.18894956 -0.89461875 0.39964524

1499175740976 ACCELEROMETER -4.6288147 -11.76593 -1.2465363

1499175740977 GYROSCOPE 1.432373 0.8534546 1.2460022

1499175740980 MAGNETIC_FIELD 30.067444 37.353516 -8.24585

1499175741164 ACCELEROMETER -1.6681061 -8.903793 0.5061035

1499175741165 GRAVITY 1.0385557 -8.907379 -3.9686759

1499175741165 LINEAR_ACCELERATION -2.7014403 -0.47632408 4.9031143

1499175741165 ROTATION_VECTOR -0.36898682 -0.7524592 0.45873514

1499175741166 GYROSCOPE 1.4676208 4.1453857 -0.36151123

1499175741166 MAGNETIC_FIELD 27.809143 39.63318 -10.005188

1499175741370 ACCELEROMETER -3.055954 -9.763184 -2.2738953

1499175741370 GYROSCOPE -0.1270752 2.4577637 0.1949768

1499175741371 MAGNETIC_FIELD 29.057312 33.563232 -22.33429

1499175741371 GRAVITY 2.3319798 -9.40559 -1.5057008

1499175741371 LINEAR_ACCELERATION -4.932791 -1.2927141 -1.3777511

1499175741371 ROTATION_VECTOR -0.5434426 -0.5305087 0.3290607

1499175741577 ACCELEROMETER -3.3969116 -11.606812 0.39894104

1499175741585 GRAVITY 2.9788694 -8.941362 -2.710862

1499175741587 LINEAR_ACCELERATION -6.044752 -3.4038572 2.5970016

1499175741589 ROTATION_VECTOR -0.64083207 -0.47702175 0.18823782

1499175741591 GYROSCOPE -1.9620972 -0.70706177 -0.6755371

1499175741597 MAGNETIC_FIELD 20.71991 24.839783 -29.252625

1499175741778 ACCELEROMETER -2.5776672 -9.000778 0.8955841

1499175741784 GYROSCOPE -1.1781006 -1.6512756 -0.45870972

1499175741786 MAGNETIC_FIELD 25.546265 32.803345 -6.791687

1499175741788 GRAVITY 2.4217546 -7.5700974 -5.744486

1499175741790 LINEAR_ACCELERATION -4.4360266 -2.8337884 5.766138

1499175741793 ROTATION_VECTOR -0.706199 -0.5423746 0.15404586

1499175741978 ACCELEROMETER -2.3157043 -7.4532166 -2.8910675

1499175741985 GRAVITY 1.8901662 -6.545957 -7.0532336

1499175741988 LINEAR_ACCELERATION -4.8982487 -1.8674865 4.50473

1499175741990 ROTATION_VECTOR -0.6994885 -0.6085479 0.15785275

1499175741992 GYROSCOPE -0.24243164 -0.080078125 -0.79837036

1499175741995 MAGNETIC_FIELD 16.166687 36.473083 -0.87280273

1499175742167 ACCELEROMETER -1.9231567 -5.7634277 1.563324

1499175742174 GRAVITY 2.1817234 -6.8411837 -6.6789722

1499175742175 LINEAR_ACCELERATION -3.6503825 1.1592712 6.346797

1499175742175 ROTATION_VECTOR -0.689351 -0.6044237 0.15959364

1499175742176 GYROSCOPE 0.39416504 0.7413025 0.83584595

1499175742177 MAGNETIC_FIELD 11.209106 38.74359 -0.9094238

1499175742371 ACCELEROMETER -3.1562958 -9.632675 -1.2813416

1499175742376 GYROSCOPE -0.616272 -0.9623413 -0.035736084

1499175742378 MAGNETIC_FIELD 11.625671 37.820435 -4.5822144

1499175742380 GRAVITY 1.2429745 -7.1353245 -6.611546

1499175742382 LINEAR_ACCELERATION -3.8082135 -4.30816 4.4366574

1499175742384 ROTATION_VECTOR -0.6868213 -0.6044597 0.21070005

1499175742576 ACCELEROMETER -3.9810028 -9.554947 -0.20672607

1499175742579 GYROSCOPE -0.2819519 3.0836792 0.44384766

1499175742582 MAGNETIC_FIELD 9.158325 34.39789 -15.036011

1499175742584 GRAVITY 2.1406653 -6.892699 -6.639175

1499175742586 LINEAR_ACCELERATION -5.7840233 -3.2025218 5.773876

1499175742588 ROTATION_VECTOR -0.70346004 -0.5862147 0.15412597

1499175742774 GRAVITY 2.8844638 -5.826215 -7.342035

1499175742778 ROTATION_VECTOR -0.75510025 -0.55151 0.060363587

1499175742780 LINEAR_ACCELERATION -6.33405 -8.109673 5.90741

1499175742783 ACCELEROMETER -3.9319153 -12.225723 0.3489685

1499175742785 GYROSCOPE -1.9920044 -1.5882568 -0.35510254

1499175742787 MAGNETIC_FIELD 1.776123 35.13794 -19.67926

1499175742977 ACCELEROMETER -3.8138275 -7.961731 -0.7016144

1499175742980 GYROSCOPE -1.1951904 -1.3714294 -0.64349365

1499175742982 MAGNETIC_FIELD 4.1641235 39.813232 3.0670166

1499175742984 GRAVITY 0.55646896 -3.4343762 -9.16874

1499175742986 LINEAR_ACCELERATION -3.3163166 -6.3641534 6.785225

1499175742989 ROTATION_VECTOR -0.8092385 -0.5591142 0.07746309

1499175743174 ACCELEROMETER -7.360138 -10.5017395 -7.0115814

1499175743177 GYROSCOPE 1.8414612 0.60458374 0.10525513

1499175743179 MAGNETIC_FIELD 3.7826538 37.677002 16.62445

1499175743181 GRAVITY -0.39807597 -4.2183895 -8.844044

1499175743184 LINEAR_ACCELERATION -6.9539533 -5.305566 -2.0160904

1499175743186 ROTATION_VECTOR -0.7970473 -0.56181514 0.1440826

1499175743374 ACCELEROMETER -5.2367554 -9.143585 4.868408

1499175743377 GYROSCOPE 2.6350708 -1.144989 0.42889404

1499175743380 MAGNETIC_FIELD 0.24261475 37.634277 16.125488

1499175743382 GRAVITY -1.3365995 -7.997196 -5.5162253

1499175743386 LINEAR_ACCELERATION -5.4312224 -3.2355275 10.945517

1499175743388 ROTATION_VECTOR -0.73758084 -0.4870562 0.31853905

1499175743576 GRAVITY -2.6832025 -8.765565 -3.483631

1499175743580 LINEAR_ACCELERATION -0.194592 -4.2822986 0.36039305

1499175744369 ACCELEROMETER -4.518753 -6.2278595 -2.427765

1499175744370 GRAVITY -4.6085815 -6.0384817 -6.202266

1499175744376 LINEAR_ACCELERATION -1.3908238 -1.6211219 2.0253763

1499175744376 GYROSCOPE -0.0053100586 2.0871277 0.34451294

1499175744376 MAGNETIC_FIELD 7.119751 31.448364 29.06189

1499175744377 ROTATION_VECTOR -0.7478025 -0.50697035 0.40650097

1499175744570 ACCELEROMETER -2.2665253 -7.644394 0.33866882

1499175744571 GYROSCOPE 1.8350525 -3.7522583 0.35412598

1499175744572 MAGNETIC_FIELD 7.305908 31.878662 28.520203

1499175744573 LINEAR_ACCELERATION 1.7318387 -0.517323 4.991705

1499175744574 GRAVITY -5.7838373 -6.893021 -3.8992138

1499175744575 ROTATION_VECTOR -0.6985161 -0.45921662 0.5257234

1499175744772 ACCELEROMETER -1.8134155 -8.854935 -1.5210724

1499175744789 GRAVITY -6.133545 -7.6265016 0.6216836

1499175744790 LINEAR_ACCELERATION 4.081851 -2.5013542 -3.0114367

1499175744791 GYROSCOPE -0.37167358 -2.118042 -0.40637207

1499175744792 ROTATION_VECTOR 0.40875334 0.5488385 -0.7286716

1499175744792 MAGNETIC_FIELD 9.011841 38.908386 15.852356

1499175744984 ACCELEROMETER -3.447342 -11.859879 -6.706085

1499175744986 ROTATION_VECTOR 0.2134394 0.7142844 -0.6278594

1499175744987 LINEAR_ACCELERATION 0.49358797 -4.736526 -5.475762

1499175744987 GRAVITY -5.762053 -7.8595896 -1.0936106

1499175744988 GYROSCOPE -2.970398 -0.08114624 -0.22692871

1499175744989 MAGNETIC_FIELD 12.112427 40.14435 9.263611

1499175745178 ACCELEROMETER -3.995453 -11.369583 0.18577576

1499175745181 GYROSCOPE -2.0304565 -0.588501 -1.4445801

1499175745185 MAGNETIC_FIELD 11.582947 39.45465 12.161255

1499175745191 GRAVITY -4.6436443 -7.356958 -4.5257187

1499175745202 LINEAR_ACCELERATION -0.14614892 -5.596851 3.8417923

1499175745207 ROTATION_VECTOR 0.25111336 0.8171227 -0.50079775

1499175745376 ACCELEROMETER -3.2871552 -6.275131 0.21881104

1499175745377 GYROSCOPE 1.9482727 0.23501587 -0.20770264

1499175745377 MAGNETIC_FIELD 10.848999 27.430725 36.683655

1499175745377 GRAVITY -3.5451858 -8.09928 -4.243076

1499175745378 LINEAR_ACCELERATION 0.1656735 -0.97260284 4.0651655

1499175745378 ROTATION_VECTOR -0.60350823 -0.5933924 0.49435842

1499175745578 ACCELEROMETER -3.79982 -6.3611755 0.0070648193

1499175745581 GYROSCOPE -0.6119995 1.4868469 0.072143555

1499175745587 MAGNETIC_FIELD 14.1067505 21.040344 42.43622

1499175745589 GRAVITY -2.9442933 -8.678281 -3.4912708

1499175745591 LINEAR_ACCELERATION -0.88016844 1.3348513 3.4289706

1499175745593 ROTATION_VECTOR -0.7967007 -0.20802207 0.31215364

1499175745780 ACCELEROMETER -2.926468 -9.414185 -0.18981934

1499175745790 GRAVITY -3.5645094 -8.965698 -1.7552539

1499175745792 LINEAR_ACCELERATION -0.9038763 -1.4481106 0.28386545

1499175745795 ROTATION_VECTOR -0.7608987 0.10259727 0.15502416

1499175745797 GYROSCOPE 2.497284 -1.6117554 0.59765625

1499175745799 MAGNETIC_FIELD 11.099243 27.33612 36.862183

1499175745978 GRAVITY -3.682195 -8.824589 2.1768022

1499175745981 LINEAR_ACCELERATION 3.004151 -2.5407104 -4.0475645

1499175745983 ROTATION_VECTOR -0.3322845 -0.52782667 0.77083963

1499175745986 ACCELEROMETER -0.5477905 -9.8007965 -3.1678772

1499175745988 GYROSCOPE -0.51586914 -4.167755 0.56988525

1499175745990 MAGNETIC_FIELD 7.221985 39.34326 20.228577

1499175746191 ACCELEROMETER -3.4559174 -9.845703 -0.003616333

1499175746197 GYROSCOPE -3.665741 1.9108887 -1.2800903

1499175746200 MAGNETIC_FIELD 7.4249268 42.089844 5.9158325

1499175746202 GRAVITY -3.3495257 -9.160493 -1.0180551

1499175746204 LINEAR_ACCELERATION -0.38926816 -1.1229162 -0.54198486

1499175746207 ROTATION_VECTOR -0.07376079 0.7392332 -0.60275793

1499175746380 ACCELEROMETER -6.5448914 -9.90892 -1.488266

1499175746384 GYROSCOPE -1.302002 -0.27233887 0.17681885

1499175746386 MAGNETIC_FIELD 2.1209717 38.912964 18.31665

1499175746388 GRAVITY -1.6979934 -7.9972906 -5.4157686

1499175746390 LINEAR_ACCELERATION -5.168656 -4.717378 3.4051428

1499175746394 ROTATION_VECTOR -0.8773364 0.08005121 0.055807073

1499175746581 ACCELEROMETER -4.057083 -7.1391907 -3.2998047

1499175746588 GYROSCOPE 1.8233032 -1.0723572 -0.8859558

1499175746590 MAGNETIC_FIELD 1.5060425 24.80774 38.35907

1499175746592 GRAVITY -1.9892524 -8.435629 -4.588401

1499175746595 LINEAR_ACCELERATION -2.5013733 2.2683506 5.122256

1499175746597 ROTATION_VECTOR -0.84847736 0.11844626 0.04784054

1499175746778 GRAVITY -1.8631103 -9.611462 -0.56480455

1499175746779 LINEAR_ACCELERATION -5.419622 -4.014104 -5.1985884

1499175746780 ROTATION_VECTOR -0.68039066 0.25664294 -0.11561261

1499175746780 ACCELEROMETER -7.0006866 -10.339203 -0.5335083

1499175746781 GYROSCOPE 3.2001038 3.4094543 0.4267578

1499175746785 MAGNETIC_FIELD 4.0527344 26.38092 36.679077

1499175746981 ACCELEROMETER -0.86421204 -9.165298 -0.10430908

1499175746989 GYROSCOPE 2.4673767 -1.1054688 0.33703613

1499175746991 MAGNETIC_FIELD -0.95062256 32.633972 30.529785

1499175746994 GRAVITY -3.4941158 -8.364594 3.741002

1499175746996 LINEAR_ACCELERATION 1.4435008 -1.6748767 -2.4903998

1499175746998 ROTATION_VECTOR -0.26572555 0.48852012 -0.52060336

1499175747188 ACCELEROMETER -2.805191 -9.266693 -0.7911682

1499175747194 GYROSCOPE 0.959198 -3.8718872 0.2644043

1499175747197 GRAVITY -0.63682956 -6.758642 7.077118

1499175747199 LINEAR_ACCELERATION -1.6154366 -3.8263664 -7.1082916

1499175747201 ROTATION_VECTOR -0.06459312 0.36741686 -0.8946969

1499175747204 MAGNETIC_FIELD -4.5928955 42.01355 9.873962

1499175747386 ACCELEROMETER -3.9956207 -9.989975 0.41719055

1499175747393 GYROSCOPE -3.4083252 1.6032715 -1.072876

1499175747396 MAGNETIC_FIELD -5.392456 43.273926 1.1749268

1499175747398 GRAVITY 0.8440566 -8.483899 4.8457623

1499175747400 LINEAR_ACCELERATION -4.046422 -2.1164541 -4.440473

1499175747405 ROTATION_VECTOR -0.2852347 0.4142174 -0.7569074

1499175747587 ACCELEROMETER -5.256241 -8.485397 -0.8163147

1499175747596 GYROSCOPE -1.8616943 -0.6109314 0.3487854

1499175747599 MAGNETIC_FIELD -10.383606 41.42151 9.056091

1499175747601 GRAVITY 1.0051445 -9.754485 0.100489974

1499175747604 LINEAR_ACCELERATION -7.1324396 -1.4386845 0.18966663

1499175747606 ROTATION_VECTOR -0.5292187 0.46346956 -0.52058154

1499175747781 ACCELEROMETER -3.2015533 -7.3283386 -4.3045654

1499175747782 GYROSCOPE 1.6096802 -0.6515198 -0.9906311

1499175747789 MAGNETIC_FIELD -13.072205 34.783936 27.233887

1499175747791 GRAVITY 1.3781099 -9.705095 -0.286926

1499175747794 LINEAR_ACCELERATION -4.044026 3.336906 1.058169

1499175747796 ROTATION_VECTOR -0.6215808 0.35814315 -0.42922547

1499175747987 ACCELEROMETER -9.28656 -13.899124 -4.692856

1499175747997 GRAVITY -0.102335595 -9.170665 3.472583

1499175748000 LINEAR_ACCELERATION -9.040446 -8.424204 -13.682664

1499175748002 ROTATION_VECTOR -0.43194196 0.36928812 -0.52768844

1499175748005 GYROSCOPE 3.184082 2.3701782 1.1477356

1499175748007 MAGNETIC_FIELD -14.77356 37.347412 24.308777

1499175748190 ACCELEROMETER -1.219635 -9.689514 0.97216797

1499175748196 GYROSCOPE 2.033722 -1.608551 0.15332031

1499175748199 MAGNETIC_FIELD -17.21344 42.55371 10.40802

1499175748201 GRAVITY -1.8934568 -6.3894696 7.194434

1499175748203 LINEAR_ACCELERATION -0.28635085 -4.10366 -3.9537287

1499175748205 ROTATION_VECTOR -0.13829723 0.33772743 -0.7258356

1499175748384 GRAVITY 1.0967622 -4.152903 8.815946

1499175748387 LINEAR_ACCELERATION -3.2943144 -6.5943823 -7.931133

1499175748389 ROTATION_VECTOR -0.15443149 0.16328745 -0.85544324

1499175748391 ACCELEROMETER -3.0945892 -9.831955 -0.061767578

1499175748397 GYROSCOPE 1.3234253 -2.1970825 0.2644043

1499175748399 MAGNETIC_FIELD -12.4435425 42.355347 -15.32135

1499175748588 ACCELEROMETER -5.2473297 -12.043076 -0.7792206

1499175748595 GYROSCOPE -2.7097778 2.3990173 -1.1401672

1499175748598 MAGNETIC_FIELD -9.085083 39.7995 -24.273682

1499175748600 GRAVITY 0.99694467 -5.8117275 7.835835

1499175748602 LINEAR_ACCELERATION -4.7952843 -7.1649795 -7.932843

1499175748604 ROTATION_VECTOR -0.189207 0.2543311 -0.84570694

1499175748786 GRAVITY 0.19445801 -8.6778345 4.563744

1499175748790 LINEAR_ACCELERATION -6.1574774 -2.5971842 -0.040155888

1499175748795 ROTATION_VECTOR -0.2616011 0.44595817 -0.74783367

1499175748797 ACCELEROMETER -4.4263916 -8.281189 2.5920868

1499175748800 GYROSCOPE -1.8948059 -0.64938354 0.42782593

1499175748802 MAGNETIC_FIELD -3.036499 42.63611 -18.54248

1499175748985 GRAVITY 0.45926294 -9.526462 2.2816653

1499175748991 ACCELEROMETER -2.751114 -7.482895 -5.0559387

1499175748993 LINEAR_ACCELERATION -3.0210884 2.0316243 -0.32278824

1499175748995 ROTATION_VECTOR -0.42051327 0.45479232 -0.6014215

1499175748998 GYROSCOPE -0.53616333 -0.8779602 -0.5484314

1499175749001 MAGNETIC_FIELD 1.8096924 44.563293 3.9260864

1499175749186 GRAVITY -0.96738523 -9.504732 2.212379

1499175749190 LINEAR_ACCELERATION -5.3010793 -5.108704 -8.399589

1499175749192 ROTATION_VECTOR -0.3502216 0.51433927 -0.5991171

1499175749194 ACCELEROMETER -6.368576 -11.871567 -0.22087097

1499175749197 GYROSCOPE 1.1802979 3.4212036 0.9255676

1499175749200 MAGNETIC_FIELD 1.826477 43.18695 -0.5950928

1499175749387 ACCELEROMETER -1.9508209 -9.851349 0.93284607

1499175749391 GYROSCOPE 3.443634 -1.4985352 0.09030151

1499175749400 MAGNETIC_FIELD 4.232788 42.57202 -4.1793823

1499175749403 GRAVITY -3.0586295 -7.5581517 5.448809

1499175749405 LINEAR_ACCELERATION -0.32914615 -3.6575074 -2.6221285

1499175749407 ROTATION_VECTOR -0.11564511 0.456962 -0.71137804

1499175749588 ACCELEROMETER -2.77359 -9.711121 -1.5089722

1499175749591 GYROSCOPE 0.7765503 0.9805603 0.2227478

1499175749597 MAGNETIC_FIELD 8.717346 37.261963 -23.338318

1499175749599 GRAVITY -2.9285278 -5.0771556 7.8623533

1499175749601 LINEAR_ACCELERATION 0.2245593 -5.919411 -7.844535

1499175749603 ROTATION_VECTOR 0.040078357 0.31229037 -0.8758526

1499175749788 ACCELEROMETER -6.2203064 -12.5952 -0.24516296

1499175749791 GYROSCOPE -3.6646729 1.8329163 -0.8624573

1499175749793 MAGNETIC_FIELD 6.994629 32.45697 -29.808044

1499175749796 GRAVITY -4.2062354 -7.5674405 4.605628

1499175749798 LINEAR_ACCELERATION -1.3919654 -5.927616 -5.950478

1499175749800 ROTATION_VECTOR 0.1371003 0.49636865 -0.8330894

1499175749989 ACCELEROMETER -4.092224 -8.005234 1.9449768

1499175749994 GYROSCOPE -1.8253784 -0.71881104 0.5036621

1499175749996 MAGNETIC_FIELD 12.8967285 37.25891 -14.221191

1499175749998 GRAVITY -3.98449 -8.953779 -0.35223848

1499175750001 LINEAR_ACCELERATION -2.7767608 -2.5922055 3.1529899

1499175750004 ROTATION_VECTOR 0.03927729 0.7186212 -0.6487792

1499175750189 ACCELEROMETER -3.6969604 -8.459747 -5.790283

1499175750194 GYROSCOPE -0.55859375 -1.4120178 -0.43200684

1499175750196 MAGNETIC_FIELD 18.16101 39.64691 1.4266968

1499175750198 GRAVITY -4.4519277 -8.619047 -1.4362267

1499175750200 LINEAR_ACCELERATION 1.1962783 1.158844 1.8594726

1499175750203 ROTATION_VECTOR -0.099569336 0.75054187 -0.5359554

1499175750389 GRAVITY -4.6128 -8.534102 -1.4358119

1499175750396 LINEAR_ACCELERATION -3.0442133 -4.8132854 -3.6839027

1499175750399 ROTATION_VECTOR 0.009323676 0.7570463 -0.578496

1499175750401 ACCELEROMETER -5.9539185 -10.830261 1.2554016

1499175750403 GYROSCOPE 1.9108887 3.4788818 0.79525757

1499175750406 MAGNETIC_FIELD 16.339111 38.694763 -4.180908

1499175750584 GRAVITY -5.2441325 -8.240282 0.87590396

1499175750585 LINEAR_ACCELERATION 2.932922 -2.6780863 0.8247456

1499175750585 ACCELEROMETER -2.067871 -9.5298 -0.0036773682

1499175750585 ROTATION_VECTOR 0.3196007 0.59430355 -0.7360256

1499175750586 GYROSCOPE 2.4257202 -0.90786743 -0.2685852

1499175750586 MAGNETIC_FIELD 20.713806 35.647583 -6.478882

1499175750799 GRAVITY -4.078091 -7.667056 4.5558543

1499175750821 LINEAR_ACCELERATION -0.2896855 -2.8963456 -5.862296

1499175750825 ROTATION_VECTOR -0.29317918 -0.4263356 0.8502236

1499175750828 ACCELEROMETER -3.6333313 -9.465332 -0.1532898

1499175750830 GYROSCOPE 1.2294312 -1.5081482 0.09991455

1499175750836 MAGNETIC_FIELD 21.490479 29.794312 -22.636414

1499175750986 ACCELEROMETER -3.933731 -13.435043 -0.65657043

1499175750987 GYROSCOPE -3.97229 1.5039368 -0.62213135

1499175750987 MAGNETIC_FIELD 22.54486 25.283813 -27.450562

1499175750987 GRAVITY -3.55809 -8.931902 1.9317143

1499175750988 LINEAR_ACCELERATION 0.6811929 -4.8685684 -4.6380835

1499175750988 ROTATION_VECTOR -0.23599385 -0.588062 0.7736189

1499175751192 GRAVITY -3.567675 -8.715414 -2.7356243

1499175751203 LINEAR_ACCELERATION -3.6610065 -2.8431277 6.1520314

1499175751209 ROTATION_VECTOR 0.28351247 0.747729 -0.6002299

1499175751211 ACCELEROMETER -4.482437 -8.174957 1.4193115

1499175751214 GYROSCOPE -1.6288452 -1.626709 0.3904419

1499175751216 MAGNETIC_FIELD 22.71576 34.39789 -10.249329

1499175751388 ACCELEROMETER -4.7819214 -7.2894897 -4.049408

1499175751396 GYROSCOPE -0.95166016 -2.498291 -0.2258606

1499175751398 MAGNETIC_FIELD 24.841309 34.098816 3.1341553

1499175751400 GRAVITY -5.2860885 -7.743435 -2.875217

1499175751403 LINEAR_ACCELERATION 2.1829262 0.74304295 2.112817

1499175751405 ROTATION_VECTOR 0.37285954 0.7124402 -0.5904259

1499175751591 GRAVITY -5.0665708 -7.8679247 -2.9318933

1499175751598 LINEAR_ACCELERATION -1.3384676 -0.6660652 1.3151464

1499175751600 ROTATION_VECTOR 0.42421138 0.6852223 -0.5919496

1499175751602 ACCELEROMETER -3.438034 -8.529022 1.6739349

1499175751605 GYROSCOPE 2.2185059 4.6335144 0.55599976

1499175751607 MAGNETIC_FIELD 24.1745 35.697937 -3.5171509

1499175751793 ACCELEROMETER -2.3372803 -9.247498 -0.60188293

1499175751808 GRAVITY -4.8869786 -8.2247715 -2.1542892

1499175751810 LINEAR_ACCELERATION 2.0915513 -3.4572186 1.950757

1499175751819 ROTATION_VECTOR -0.60465866 -0.49419236 0.5868747

1499175751822 GYROSCOPE 1.2945862 -0.6589966 0.06680298

1499175751832 MAGNETIC_FIELD 28.268433 33.839417 -5.2627563

1499175751997 ACCELEROMETER -3.0543213 -9.559387 -0.7738342

1499175752003 GYROSCOPE 0.9741516 2.2922058 0.16079712

1499175752006 MAGNETIC_FIELD 26.861572 28.625488 -20.622253

1499175752008 GRAVITY -4.8534636 -8.449141 -1.1073819

1499175752010 LINEAR_ACCELERATION 1.315547 -1.8184047 -0.3123961

1499175752013 ROTATION_VECTOR -0.65736735 -0.35260314 0.5653

1499175752195 ACCELEROMETER -6.0827484 -13.095734 -0.07675171

1499175752202 GYROSCOPE -3.054779 2.9757996 -0.6627197

1499175752204 MAGNETIC_FIELD 27.82898 24.890137 -25.785828

1499175752207 GRAVITY -2.410726 -8.336757 -4.5669756

1499175752209 LINEAR_ACCELERATION -1.5586729 -4.6308546 0.5055423

1499175752211 ROTATION_VECTOR -0.77156746 -0.37085658 0.34450454

1499175752395 ACCELEROMETER -4.1439667 -8.301834 1.0515747

1499175752398 GYROSCOPE -1.4291077 -0.8897095 0.08175659

1499175752401 MAGNETIC_FIELD 27.793884 33.26111 -5.9509277

1499175752403 GRAVITY -0.63564575 -6.094373 -7.656694

1499175752405 LINEAR_ACCELERATION -6.414738 -5.215761 10.322027

1499175752408 ROTATION_VECTOR -0.9083781 -0.25540537 0.12219551

1499175752593 GRAVITY -2.3422852 -4.9842186 -8.114287

1499175752596 LINEAR_ACCELERATION -0.42878544 -2.2417245 5.7098727

1499175752598 ROTATION_VECTOR -0.9240538 -0.24461827 0.18880866

1499175752601 ACCELEROMETER -4.4005585 -7.4755096 -4.1592407

1499175752605 GYROSCOPE -0.27020264 -1.2945251 -0.42132568

1499175752610 MAGNETIC_FIELD 31.214905 30.795288 4.0481567

1499175752799 ACCELEROMETER -4.774292 -10.795776 -1.6787109

1499175752809 GRAVITY -0.6988046 -6.120982 -7.629917

1499175752812 LINEAR_ACCELERATION -5.2000856 -5.011614 2.0325112

1499175752814 ROTATION_VECTOR -0.9167201 -0.22054893 0.11416148

1499175752817 GYROSCOPE 1.6374512 4.266083 1.1124878

1499175752819 MAGNETIC_FIELD 29.89502 33.795166 -0.9124756

1499175752998 ACCELEROMETER -1.4912262 -10.872894 0.07606506

1499175753007 GYROSCOPE 3.266327 -1.2667542 0.4887085

1499175753009 MAGNETIC_FIELD 32.19452 32.02362 5.9783936

1499175753011 GRAVITY -0.55166656 -8.968491 -3.9283876

1499175753014 LINEAR_ACCELERATION -2.072913 -2.770101 5.2666984

1499175753016 ROTATION_VECTOR -0.83274126 -0.08266789 0.08742616

1499175753197 ACCELEROMETER -3.1746216 -9.334885 0.13136292

1499175753207 GRAVITY -1.3499306 -9.710583 0.22948174

1499175753210 LINEAR_ACCELERATION -1.6198351 -1.8391752 -2.2271938

1499175753212 ROTATION_VECTOR -0.6839525 -0.14320837 0.24160849

1499175753215 GYROSCOPE 1.0435791 -0.33535767 0.35733032

1499175753217 MAGNETIC_FIELD 36.83319 25.87738 -6.639099

1499175753396 GRAVITY -0.28455973 -9.795127 -0.38065478

1499175753403 LINEAR_ACCELERATION -2.38997 -3.013362 -2.9878366

1499175753405 ROTATION_VECTOR -0.6880902 -0.21433578 0.22530483

1499175753407 ACCELEROMETER -4.0484924 -12.520538 -3.899582

1499175753410 GYROSCOPE -1.4558105 2.3071594 -1.5481873

1499175753412 MAGNETIC_FIELD 38.346863 23.64502 -7.850647

1499175753604 ACCELEROMETER -5.676407 -7.1466064 -1.2682648

1499175753610 GYROSCOPE -1.1321716 -0.43469238 0.28149414

1499175753612 MAGNETIC_FIELD 33.66394 29.144287 11.074829

1499175753614 GRAVITY 1.0375422 -9.407124 -2.5690312

1499175753617 LINEAR_ACCELERATION -7.582776 -0.61808205 1.4620044

1499175753619 ROTATION_VECTOR -0.780431 -0.14802581 0.04708969

1499175753803 ACCELEROMETER -2.5728912 -9.486511 -5.587082

1499175753809 GYROSCOPE 0.55651855 -0.71347046 -0.25897217

1499175753811 MAGNETIC_FIELD 35.134888 26.76239 20.573425

1499175753814 GRAVITY 0.4298589 -9.2881 -3.1171787

1499175753816 LINEAR_ACCELERATION -3.900578 2.0199566 2.3526092

1499175753818 ROTATION_VECTOR -0.798689 -0.14500947 0.07765028

1499175754000 GRAVITY -0.21668728 -9.765098 -0.8753883

1499175754007 LINEAR_ACCELERATION -5.8909416 -4.637882 -4.675475

1499175754010 ROTATION_VECTOR -0.7307451 -0.10316991 0.10913716

1499175754012 ACCELEROMETER -7.4006805 -11.491852 0.2035675

1499175754015 GYROSCOPE 2.0273132 2.2430725 0.68203735

1499175754017 MAGNETIC_FIELD 33.88214 29.023743 14.657593

1499175754201 GRAVITY -2.014656 -9.173988 2.8194826

1499175754211 LINEAR_ACCELERATION -1.6274194 -1.0927029 -1.9391832

1499175754214 ROTATION_VECTOR -0.5939558 0.05884611 0.09399563

1499175754216 ACCELEROMETER -1.1061249 -9.004776 -0.13519287

1499175754219 GYROSCOPE 2.4566956 1.5509338 -0.19381714

1499175754221 MAGNETIC_FIELD 31.329346 29.99115 17.852783

1499175754399 ACCELEROMETER -2.6626434 -8.497162 -1.1993561

1499175754404 GYROSCOPE 0.03314209 -3.8836365 0.30819702

1499175754412 MAGNETIC_FIELD 33.46405 31.90918 8.737183

1499175754415 GRAVITY -0.9498158 -8.3757715 5.011455

1499175754417 LINEAR_ACCELERATION -0.382567 -1.5971265 -6.5918326

1499175754419 ROTATION_VECTOR -0.48969 -0.06848802 0.21662422

1499175754599 ACCELEROMETER -3.7473755 -10.689529 -0.8924866

1499175754602 GYROSCOPE -3.618744 0.15490723 -0.9628601

1499175754605 MAGNETIC_FIELD 34.736633 31.23169 -2.5375366

1499175754607 GRAVITY 0.09118694 -9.663252 1.6684215

1499175754609 LINEAR_ACCELERATION -2.8657835 -0.8549757 -1.4176422

1499175754611 ROTATION_VECTOR -0.57406837 -0.29219803 0.34052074

1499175754800 GRAVITY -0.5538434 -9.146477 -3.4936523

1499175754810 LINEAR_ACCELERATION -5.5842133 -1.0289869 1.1016846

1499175754813 ROTATION_VECTOR -0.70778614 -0.4209103 0.31892875

1499175754815 ACCELEROMETER -4.273773 -7.746689 -1.5705566

1499175754818 GYROSCOPE -1.8072205 -1.0541992 0.9586792

1499175754820 MAGNETIC_FIELD 28.483582 29.493713 21.514893

1499175755000 GRAVITY -1.3841596 -9.019889 -3.5911145

1499175755010 LINEAR_ACCELERATION -1.0679263 2.8406148 3.56093

1499175755013 ROTATION_VECTOR -0.7052492 -0.43095177 0.36299446

1499175755016 ACCELEROMETER -2.2978058 -7.886612 -5.4197845

1499175755018 GYROSCOPE 1.4120789 -0.22106934 -0.68408203

1499175755020 MAGNETIC_FIELD 31.312561 20.0531 32.08008

1499175755206 ACCELEROMETER -6.2092896 -6.695099 -0.05126953

1499175755211 GYROSCOPE 1.5167542 1.3287659 0.3626709

1499175755214 MAGNETIC_FIELD 29.449463 25.463867 27.496338

1499175755216 GRAVITY -1.1989108 -9.635734 -1.3731841

1499175755218 LINEAR_ACCELERATION -3.791988 -2.0350323 -7.588727

1499175755221 ROTATION_VECTOR -0.65204823 -0.38058642 0.3979466

1499175755392 ACCELEROMETER -1.4349213 -10.032608 -0.32411194

1499175755393 GYROSCOPE 2.2783203 -0.6622009 0.21420288

1499175755394 MAGNETIC_FIELD 24.604797 29.394531 28.718567

1499175755394 GRAVITY -1.9619197 -9.354341 2.1948955

1499175755395 LINEAR_ACCELERATION -1.0477421 0.29567146 0.7995614

1499175755395 ROTATION_VECTOR -0.562754 -0.26720673 0.4734284

1499175755609 GRAVITY -0.7661545 -8.7137985 4.433182

1499175755615 LINEAR_ACCELERATION -0.64874345 -1.5166321 -6.2550783

1499175755627 ROTATION_VECTOR -0.3777095 -0.36236194 0.64147264

1499175755642 ACCELEROMETER -2.4802399 -8.909576 -1.835907

1499175755645 GYROSCOPE -0.05871582 -3.0227356 0.24304199

1499175755648 MAGNETIC_FIELD 23.594666 34.657288 10.359192

1499175755811 ACCELEROMETER -4.0404816 -10.391083 -0.34046936

1499175755818 GRAVITY -0.34737262 -9.751523 0.9785324

1499175755828 LINEAR_ACCELERATION -2.7609353 -0.7766514 -1.4264568

1499175755829 ROTATION_VECTOR -0.38653454 -0.548361 0.62092805

1499175755829 GYROSCOPE -3.5899048 1.1600037 -0.68408203

1499175755829 MAGNETIC_FIELD 25.167847 37.46643 4.248047

1499175755993 ACCELEROMETER -3.1309814 -8.224686 -1.2683563

1499175755993 GYROSCOPE -1.6566162 -0.3246765 0.6361084

1499175755995 MAGNETIC_FIELD 18.276978 32.81555 26.078796

1499175755995 LINEAR_ACCELERATION -5.608009 -1.4071465 3.2593706

1499175755995 GRAVITY -0.28980762 -9.00321 -3.8766756

1499175755996 ROTATION_VECTOR -0.569235 -0.61125034 0.41424018

1499175756204 ACCELEROMETER -3.9856262 -5.9853973 -3.979065

1499175756209 GYROSCOPE 0.08547974 -0.9399109 -0.6135864

1499175756213 GRAVITY -1.0802852 -8.286743 -5.131594

1499175756220 LINEAR_ACCELERATION -1.7132905 1.2791219 1.266005

1499175756227 ROTATION_VECTOR -0.6300233 -0.6039115 0.38057113

1499175756228 MAGNETIC_FIELD 22.511292 15.6814575 41.079712

1499175756395 GYROSCOPE -0.21679688 3.1894226 -0.1906128

1499175756395 MAGNETIC_FIELD 18.69049 15.423584 41.29486

1499175756396 GRAVITY 0.33409065 -8.241402 -5.3045335

1499175756396 LINEAR_ACCELERATION -7.135213 -4.6723423 -5.165423

1499175756396 ROTATION_VECTOR -0.6969424 -0.53359836 0.27560756

1499175756611 ACCELEROMETER -7.44545 -9.608841 -12.783127

1499175756631 GRAVITY 2.5426016 -7.153893 -6.2070427

1499175756639 LINEAR_ACCELERATION -4.1025767 1.1423965 1.7649693

1499175756641 ROTATION_VECTOR -0.8082037 -0.4040766 0.052191637

1499175756645 GYROSCOPE -1.6715698 0.41659546 0.16186523

1499175756648 MAGNETIC_FIELD 15.196228 14.772034 45.22705

1499175756795 ACCELEROMETER -0.68222046 -7.9203186 -1.7421722

1499175756795 GYROSCOPE 0.0032348633 -0.14416504 -1.2170715

1499175756796 MAGNETIC_FIELD -5.433655 13.777161 47.109985

1499175756796 GRAVITY 3.4105656 -5.8047013 -7.13049

1499175756797 LINEAR_ACCELERATION -1.6135709 -0.6707587 1.547113

1499175756797 ROTATION_VECTOR -0.8804339 -0.29730433 -0.075397305

1499175756995 ACCELEROMETER 3.2187805 -4.7978516 -6.5511017

1499175756996 GYROSCOPE 0.22860718 0.11004639 -2.6088257

1499175756996 MAGNETIC_FIELD -5.8395386 3.982544 52.261353

1499175756997 GRAVITY 5.093129 -4.352725 -7.161299

1499175756997 LINEAR_ACCELERATION -3.9356236 -1.1937578 -1.5474796

1499175756998 ROTATION_VECTOR -0.84461135 -0.38955918 -0.15358783

1499175757196 ACCELEROMETER 1.4780579 -9.719284 -8.1397705

1499175757197 GYROSCOPE 1.1407776 1.2689514 -1.2897034

1499175757197 MAGNETIC_FIELD -11.593628 8.222961 48.32306

1499175757198 GRAVITY 7.1373906 -3.8373694 -5.522919

1499175757198 LINEAR_ACCELERATION -2.691584 -13.049178 6.4211287

1499175757199 ROTATION_VECTOR -0.76797545 -0.43795455 -0.2479357

1499175757395 ACCELEROMETER 3.5861206 -11.301727 2.0824127

1499175757398 GRAVITY 8.500207 -2.7226987 -4.0624857

1499175757398 GYROSCOPE -0.33215332 0.37600708 -1.0055847

1499175757399 LINEAR_ACCELERATION -1.7231565 -2.8370683 -1.3085227

1499175757399 MAGNETIC_FIELD -28.466797 1.4190674 43.61725

1499175757399 ROTATION_VECTOR -0.71846867 -0.43695754 -0.3545591

1499175757606 ACCELEROMETER 11.174057 -6.276413 -4.8573

1499175757610 GYROSCOPE 0.9527893 0.6141968 -0.087005615

1499175757613 MAGNETIC_FIELD -33.888245 -1.6052246 40.95459

1499175757615 LINEAR_ACCELERATION 4.060234 -0.99914014 -1.801955

1499175757618 ROTATION_VECTOR -0.6922399 -0.4217376 -0.42164055

1499175757620 GRAVITY 9.086261 -2.0300603 -3.0804396

1499175757806 ACCELEROMETER 9.814087 -2.2151642 -3.0588837

1499175757813 LINEAR_ACCELERATION 0.090685844 -3.277294 -1.5865996

1499175757815 ROTATION_VECTOR -0.6712498 -0.4160819 -0.43042052

1499175757818 GRAVITY 9.233554 -2.241776 -2.4261742

1499175757820 GYROSCOPE 0.25317383 -0.07473755 -0.26431274

1499175757823 MAGNETIC_FIELD -34.516907 2.2583008 37.095642

1499175757935 ACCELEROMETER 8.886322 -4.3443756 -2.6918182

1499175757939 MAGNETIC_FIELD -37.971497 5.570984 34.431458

1499175758005 GYROSCOPE 0.64089966 0.03741455 -0.47045898

1499175758010 GRAVITY 9.365831 -1.8577695 -2.2361302

1499175758013 LINEAR_ACCELERATION 1.6669073 -1.8873268 0.93314505

1499175758016 ROTATION_VECTOR -0.6352174 -0.4588134 -0.42323864

1499175758206 ACCELEROMETER 9.993042 -4.175766 -1.4700775

1499175758213 GRAVITY 9.13887 -2.0856173 -2.8812573

1499175758216 ROTATION_VECTOR -0.61860234 -0.5140373 -0.36107147

1499175758219 LINEAR_ACCELERATION 0.7732525 -2.0259829 0.14154243

1499175758221 GYROSCOPE 0.8822937 -1.0584717 0.26333618

1499175758224 MAGNETIC_FIELD -38.511658 4.3533325 34.86786

1499175758406 ACCELEROMETER 8.83284 -3.1739655 -3.117508

1499175758414 GRAVITY 7.536518 -2.0618956 -5.926202

1499175758417 LINEAR_ACCELERATION 1.1880064 -2.0503454 2.1587744

1499175758420 ROTATION_VECTOR -0.5506477 -0.7063564 -0.17120437

1499175758423 GYROSCOPE 1.9739075 -3.174408 -1.2416382

1499175758425 MAGNETIC_FIELD -32.048035 8.750916 38.12561

1499175758605 ACCELEROMETER 7.432022 -4.6504517 -4.951645

1499175758608 GYROSCOPE 2.3146362 1.4035339 0.7055359

1499175758611 MAGNETIC_FIELD -8.786011 18.971252 44.487

1499175758615 GRAVITY 6.71535 -4.0051584 -5.918883

1499175758618 LINEAR_ACCELERATION 1.0456963 -0.9641042 0.45496035

1499175758620 ROTATION_VECTOR -0.37783307 -0.8118012 0.045410927

1499175758805 ACCELEROMETER 5.957321 -5.9882355 -4.431381

1499175758810 GRAVITY 7.1924744 -6.0168753 -2.8698273

1499175758813 ROTATION_VECTOR -0.33060634 -0.7328164 0.16024856

1499175758817 LINEAR_ACCELERATION -1.1615252 -0.73428965 -2.1037703

1499175758820 GYROSCOPE 0.03100586 1.3885803 0.4182129

1499175758822 MAGNETIC_FIELD -12.617493 32.240295 29.585266

1499175759011 ACCELEROMETER 7.472397 -5.428772 -4.244766

1499175759015 GYROSCOPE -0.06085205 -1.4889221 -0.22052002

1499175759020 MAGNETIC_FIELD -15.341187 34.727478 25.979614

1499175759023 GRAVITY 7.0604315 -6.0992165 -3.019977

1499175759026 LINEAR_ACCELERATION 1.6219296 -0.21621895 -1.6316392

1499175759029 ROTATION_VECTOR -0.2989386 -0.7514065 0.19275177

1499175759208 ACCELEROMETER 7.32399 -7.17717 -3.9826813

1499175759214 GRAVITY 6.853012 -6.0562673 -3.5395246

1499175759216 LINEAR_ACCELERATION -0.68647623 -1.0302539 0.19823194

1499175759221 ROTATION_VECTOR -0.29128966 -0.77176154 0.20064045

1499175759224 GYROSCOPE 0.39309692 0.45611572 -0.051757813

1499175759226 MAGNETIC_FIELD -9.965515 36.509705 25.028992

1499175759410 ACCELEROMETER 4.631912 -7.4692993 -3.8949585

1499175759424 GYROSCOPE 0.07052612 -0.1484375 0.2932434

1499175759429 MAGNETIC_FIELD -9.393311 38.412476 23.361206

1499175759432 GRAVITY 6.689696 -6.471969 -3.0873892

1499175759435 LINEAR_ACCELERATION -1.6515799 -2.0382733 -1.0412645

1499175759438 ROTATION_VECTOR -0.30625057 -0.7507487 0.21793786

1499175759610 ACCELEROMETER 5.4617004 -7.229721 -3.8145447

1499175759614 GYROSCOPE 0.123931885 0.05130005 -0.007965088

1499175759616 MAGNETIC_FIELD -4.864502 37.956238 23.426819

1499175759619 GRAVITY 6.428385 -6.7381516 -3.07304

1499175759630 LINEAR_ACCELERATION -0.531827 -0.60804796 -1.0827489

1499175759633 ROTATION_VECTOR -0.31551802 -0.74641126 0.233015

1499175759808 ACCELEROMETER 5.483917 -7.6905823 -4.0587006

1499175759815 GRAVITY 6.328469 -6.907502 -2.8995314

1499175759818 LINEAR_ACCELERATION -0.72710323 -1.0828333 -1.1643181

1499175759821 ROTATION_VECTOR -0.32583955 -0.73597795 0.23781368

1499175759826 GYROSCOPE 0.06732178 0.10043335 0.12768555

1499175759829 MAGNETIC_FIELD -4.4189453 39.855957 20.513916

1499175760009 ACCELEROMETER 5.278824 -7.45932 -3.6185455

1499175760015 GYROSCOPE 0.13461304 0.14422607 0.363739

1499175760017 GRAVITY 6.0050745 -7.2822943 -2.6603856

1499175760028 LINEAR_ACCELERATION -0.5377183 -0.52190113 -1.0890567

1499175760028 ROTATION_VECTOR -0.34918892 -0.71673495 0.25046608

1499175760029 MAGNETIC_FIELD -2.8762817 39.95819 19.8349

1499175760203 ACCELEROMETER 5.3051605 -7.4495697 -3.849594

1499175760212 GRAVITY 6.017516 -7.453865 -2.0975657

1499175760212 LINEAR_ACCELERATION -0.1135149 0.10615635 -0.81107783

1499175760213 GYROSCOPE 0.24356079 0.3984375 -0.2258606

1499175760213 MAGNETIC_FIELD -1.1108398 40.179443 19.378662

1499175760213 ROTATION_VECTOR -0.35608214 -0.69292974 0.25388274

1499175760407 ACCELEROMETER 5.111038 -7.587723 -2.803009

1499175760407 GYROSCOPE -0.55859375 -0.3588562 0.24624634

1499175760408 MAGNETIC_FIELD -3.401184 40.4068 17.02118

1499175760408 GRAVITY 5.920837 -7.462962 -2.3277187

1499175760408 LINEAR_ACCELERATION -1.3155708 -1.632834 -0.48745036

1499175760409 ROTATION_VECTOR -0.3707566 -0.6937004 0.24573755

1499175760607 ACCELEROMETER 4.9491425 -9.132019 -1.7767487

1499175760609 GYROSCOPE -0.030944824 -2.5185852 0.9917908

1499175760610 MAGNETIC_FIELD -2.2384644 40.852356 16.02478

1499175760612 GRAVITY 3.9856794 -8.025492 -3.9844987

1499175760616 LINEAR_ACCELERATION 1.0941484 -1.6048989 1.598223

1499175760618 ROTATION_VECTOR -0.4046675 -0.7344366 0.31044114

1499175760754 ACCELEROMETER 4.464859 -9.4652405 -2.4474945

1499175760757 MAGNETIC_FIELD 4.6691895 40.341187 18.466187

1499175760810 GYROSCOPE 0.17840576 0.5383606 0.119140625

1499175760815 GRAVITY 2.3456156 -8.492925 -4.30566

1499175760817 LINEAR_ACCELERATION 1.7736163 0.006093979 1.6829357

1499175760819 ROTATION_VECTOR -0.41549492 -0.73952115 0.3759913

1499175761012 ACCELEROMETER 3.9927979 -7.720215 -2.3404236

1499175761017 GYROSCOPE 0.66973877 -1.4675598 -0.4159851

1499175761019 MAGNETIC_FIELD 2.5299072 38.46283 22.938538

1499175761021 GRAVITY 2.3897133 -8.748915 -3.7304363

1499175761028 LINEAR_ACCELERATION 2.5019546 0.068665504 1.3061519

1499175761032 ROTATION_VECTOR -0.3785677 -0.7395173 0.41111544

1499175761214 GRAVITY 2.4515634 -9.244053 -2.169727

1499175761217 LINEAR_ACCELERATION 1.7094092 -0.9355116 -1.3908374

1499175761219 ROTATION_VECTOR -0.3151837 -0.71504164 0.48739195

1499175761222 ACCELEROMETER 4.7465973 -8.885712 -2.7972565

1499175761224 GYROSCOPE 1.264679 0.9250183 0.2996521

1499175761226 MAGNETIC_FIELD 0.94299316 41.24298 18.5318

1499175761413 ACCELEROMETER 5.69516 -8.582596 -2.368454

1499175761416 GYROSCOPE -2.1436768 2.4118347 -0.50357056

1499175761418 MAGNETIC_FIELD -3.541565 43.141174 10.180664

1499175761421 GRAVITY 3.602295 -8.895776 -2.0147047

1499175761423 LINEAR_ACCELERATION 2.4096298 1.3452196 -1.4008591

1499175761425 ROTATION_VECTOR -0.37293917 -0.68090945 0.39875135

1499175761618 ACCELEROMETER 4.636444 -9.006912 -5.841797

1499175761622 GYROSCOPE 0.74557495 -0.0031738281 0.021942139

1499175761624 MAGNETIC_FIELD -1.1703491 39.390564 21.191406

1499175761627 GRAVITY 4.7338023 -8.295089 -2.2255366

1499175761629 LINEAR_ACCELERATION 1.1785269 0.50481987 -1.3986845

1499175761631 ROTATION_VECTOR -0.43030912 -0.65445006 0.28188747

1499175761815 ACCELEROMETER 5.371765 -6.848358 -1.1868744

1499175761818 GRAVITY 5.994208 -7.3006043 -2.6345856

1499175761820 LINEAR_ACCELERATION -0.76878214 -0.9545307 0.12896991

1499175761823 ROTATION_VECTOR -0.29471767 -0.7399108 0.2921894

1499175761825 GYROSCOPE 0.7220764 -2.3284607 -2.3076172

1499175761827 MAGNETIC_FIELD 2.0248413 42.7948 15.403748

1499175762019 ACCELEROMETER 5.0672913 -8.507645 -2.4354248

1499175762024 GYROSCOPE 0.4539795 -1.571167 -0.28460693

1499175762026 MAGNETIC_FIELD -10.240173 42.276 8.596802

1499175762029 GRAVITY 6.294404 -5.9268885 -4.6284842

1499175762031 LINEAR_ACCELERATION -0.94617367 -2.6156154 2.3720527

1499175762033 ROTATION_VECTOR -0.11493635 -0.85016274 0.29894862

1499175762220 ACCELEROMETER 5.9114227 -7.122635 -2.8636322

1499175762225 GYROSCOPE 0.6868286 -0.1762085 0.73864746

1499175762227 MAGNETIC_FIELD -14.042664 42.611694 6.9595337

1499175762230 GRAVITY 5.250567 -6.7363276 -4.819109

1499175762232 LINEAR_ACCELERATION -0.3696499 -0.2494278 1.4884796

1499175762234 ROTATION_VECTOR -0.09628169 -0.8581585 0.3606858

1499175762418 GRAVITY 4.9845138 -6.8175893 -4.984525

1499175762423 LINEAR_ACCELERATION 0.18351412 -1.114191 0.79495144

1499175762425 ROTATION_VECTOR -0.051306523 -0.86689544 0.3822819

1499175762428 ACCELEROMETER 4.7421875 -7.4598846 -3.2646942

1499175762430 GYROSCOPE -0.28622437 -0.76153564 -1.0184021

1499175762432 MAGNETIC_FIELD -9.553528 43.347168 3.276062

1499175762620 ACCELEROMETER 5.4691467 -7.632782 -6.3193054

1499175762624 GRAVITY 5.2593093 -6.3856087 -5.2663136

1499175762627 LINEAR_ACCELERATION 0.8507633 -1.5190668 -1.2019892

1499175762629 ROTATION_VECTOR 0.06062557 -0.87454665 0.39165232

1499175762631 GYROSCOPE 1.0916443 -0.616272 -0.4779358

1499175762633 MAGNETIC_FIELD -14.646912 41.586304 7.98645

1499175762820 ACCELEROMETER 4.800293 -7.3102264 -5.940277

1499175762825 GYROSCOPE -0.71347046 -0.30010986 0.1383667

1499175762827 MAGNETIC_FIELD -18.304443 41.645813 6.388855

1499175762829 GRAVITY 4.9475527 -6.411068 -5.5308514

1499175762832 LINEAR_ACCELERATION -0.650424 -0.42743397 -0.58915186

1499175762834 ROTATION_VECTOR 0.12577616 -0.8753144 0.4064537

1499175763019 ACCELEROMETER 4.3533325 -6.260086 -5.5899506

1499175763025 GYROSCOPE -1.2624817 -1.3062744 0.060394287

1499175763028 MAGNETIC_FIELD -18.547058 40.452576 7.913208

1499175763030 GRAVITY 3.715392 -5.370584 -7.315947

1499175763032 LINEAR_ACCELERATION 0.59504056 -1.4107428 1.4267697

1499175763034 ROTATION_VECTOR 0.11554925 -0.92717737 0.31588635

1499175763220 GRAVITY 3.4384015 -5.171476 -7.5897055

1499175763226 LINEAR_ACCELERATION 1.4064264 -2.4453578 0.9655528

1499175763228 ROTATION_VECTOR 0.07949911 -0.93842804 0.29468286

1499175763230 ACCELEROMETER 4.758026 -7.220688 -5.054077

1499175763233 GYROSCOPE 0.782959 0.9794922 0.09350586

1499175763235 MAGNETIC_FIELD -20.422363 40.345764 7.041931

1499175763417 ACCELEROMETER 5.177109 -8.589081 -7.9934998

1499175763420 GYROSCOPE 0.4336853 0.48815918 0.2569275

1499175763424 MAGNETIC_FIELD -21.871948 40.589905 -0.64849854

1499175763426 GRAVITY 4.277753 -6.245955 -6.23372

1499175763428 LINEAR_ACCELERATION 1.6601067 -2.4699955 0.9973812

1499175763430 ROTATION_VECTOR 0.050863568 -0.90290874 0.365148

1499175763619 ACCELEROMETER 5.6972656 -8.654739 -3.6980896

1499175763622 GYROSCOPE 0.5800171 0.12286377 -0.42773438

1499175763624 MAGNETIC_FIELD -21.43097 39.34021 -8.686829

1499175763626 GRAVITY 4.7783966 -6.797006 -5.209417

1499175763629 LINEAR_ACCELERATION 1.668499 -1.1861448 1.1145391

1499175763631 ROTATION_VECTOR 0.06689335 -0.8724286 0.41619056

1499175763821 ACCELEROMETER 5.549759 -6.77742 -2.613388

1499175763827 GYROSCOPE -0.051239014 0.7477112 0.34558105

1499175763829 MAGNETIC_FIELD -23.62976 36.97815 -17.581177

1499175763832 GRAVITY 5.238715 -7.0696635 -4.329677

1499175763834 LINEAR_ACCELERATION -1.25951 0.8173909 2.38479

1499175763836 ROTATION_VECTOR 0.087740935 -0.844425 0.45481762

1499175764021 ACCELEROMETER 4.727371 -7.9680634 -1.2792206

1499175764025 GYROSCOPE -0.14950562 -0.42080688 0.59017944

1499175764028 MAGNETIC_FIELD -17.46521 37.75177 -19.030762

1499175764030 GRAVITY 4.7280555 -7.5326877 -4.1321297

1499175764034 LINEAR_ACCELERATION 0.5043993 -1.6838689 3.7457647

1499175764036 ROTATION_VECTOR 0.041801356 -0.84198135 0.46919614

1499175764221 ACCELEROMETER 3.8170013 -8.265778 0.4247284

1499175764228 GYROSCOPE -0.09503174 -0.7914429 -0.5783386

1499175764230 MAGNETIC_FIELD -15.194702 39.196777 -18.919373

1499175764233 GRAVITY 4.176816 -7.565263 -4.6358805

1499175764235 LINEAR_ACCELERATION -0.51311874 -0.9786844 5.072776

1499175764237 ROTATION_VECTOR 0.05393013 -0.8564203 0.4642054

1499175764412 ACCELEROMETER 4.7993317 -8.219208 1.2126007

1499175764413 GYROSCOPE -0.2819519 0.14102173 -0.022918701

1499175764414 GRAVITY 4.383512 -7.2769804 -4.8990574

1499175764414 MAGNETIC_FIELD -18.812561 37.535095 -20.64209

1499175764415 LINEAR_ACCELERATION 0.40504408 -0.8506017 6.970767

1499175764415 ROTATION_VECTOR 0.100740224 -0.8600197 0.45560148

1499175764613 ACCELEROMETER 4.75412 -8.380127 0.83670044

1499175764614 GRAVITY 4.5318766 -7.1996365 -4.878289

1499175764614 LINEAR_ACCELERATION 0.81940556 -1.4515309 4.3358836

1499175764615 GYROSCOPE -0.01171875 -0.104644775 -0.06777954

1499175764615 MAGNETIC_FIELD -16.612244 38.816833 -21.014404

1499175764616 ROTATION_VECTOR 0.11438433 -0.85769445 0.45580468

1499175764814 ACCELEROMETER 5.032715 -8.62056 -0.38375854

1499175764815 GYROSCOPE 0.6868286 0.5800171 0.096710205

1499175764815 MAGNETIC_FIELD -15.596008 38.023376 -20.854187

1499175764815 GRAVITY 4.7467923 -7.6050305 -3.9751544

1499175764816 LINEAR_ACCELERATION 0.5491729 -1.3764534 3.4139354

1499175764816 ROTATION_VECTOR 0.10958189 -0.8310645 0.49633804

