1499175658573 ACCELEROMETER -0.30290222 2.8640747 8.619141

1499175658576 GYROSCOPE -0.053375244 0.13995361 0.7503967

1499175658577 MAGNETIC_FIELD 14.250183 0.45318604 -48.550415

1499175658577 LINEAR_ACCELERATION 0.0 0.0 -0.0

1499175658578 GRAVITY -0.19921553 3.1176987 9.295733

1499175658578 ROTATION_VECTOR 0.0 0.0 0.0

1499175658776 ACCELEROMETER -0.42971802 2.9564667 9.379868

1499175658777 GYROSCOPE -0.10784912 0.15704346 0.8198242

1499175658778 MAGNETIC_FIELD 16.444397 0.9567261 -48.057556

1499175658778 LINEAR_ACCELERATION -0.26111782 -0.0025544167 0.35230255

1499175658779 GRAVITY -0.25676954 2.8516998 9.379354

1499175658780 ROTATION_VECTOR 0.12920457 0.07136009 0.39860272

1499175658974 ACCELEROMETER -0.4213562 3.7930298 9.59343

1499175658975 GYROSCOPE -0.21038818 0.2446289 0.8262329

1499175658976 MAGNETIC_FIELD 18.806458 -5.0964355 -47.40143

1499175658977 GRAVITY -0.21928404 2.9009068 9.365204

1499175658977 LINEAR_ACCELERATION -0.115921974 0.84288645 0.36188507

1499175658978 ROTATION_VECTOR 0.12710562 0.0796973 0.4605819

1499175659174 ACCELEROMETER -0.23123169 2.8747253 8.888977

1499175659175 GYROSCOPE -0.45498657 0.90579224 1.3901978

1499175659175 MAGNETIC_FIELD 22.51892 -7.4508667 -45.76111

1499175659176 GRAVITY -0.6640189 2.5432966 9.447809

1499175659177 LINEAR_ACCELERATION 0.057162702 0.7805829 -0.602623

1499175659177 ROTATION_VECTOR 0.08915683 0.10171937 0.5559594

1499175659409 ACCELEROMETER 0.5168152 2.7680817 8.248367

1499175659410 GYROSCOPE -0.13882446 -0.022399902 0.38937378

1499175659419 GRAVITY -0.7450427 2.1236947 9.544906

1499175659420 LINEAR_ACCELERATION 1.5194662 0.4908781 -0.68995476

1499175659421 ROTATION_VECTOR 0.05325713 0.10251314 0.6801581

1499175659610 ACCELEROMETER 0.5373535 2.8546295 7.121826

1499175659611 GYROSCOPE 1.6961975 -1.7869263 0.5164795

1499175659611 MAGNETIC_FIELD 13.505554 -14.044189 -46.27838

1499175659613 GRAVITY 1.0288441 3.642608 9.046728

1499175659614 LINEAR_ACCELERATION -0.505556 -0.55896807 -1.3695898

1499175659614 ROTATION_VECTOR 0.17216553 0.095416486 0.6904601

1499175659810 ACCELEROMETER 4.846512 3.300827 9.514038

1499175659812 GYROSCOPE 0.32580566 -1.0253601 0.3284912

1499175659812 MAGNETIC_FIELD 3.5934448 -17.811584 -47.23816

1499175659813 GRAVITY 3.6712518 4.9043694 7.657641

1499175659814 LINEAR_ACCELERATION 1.2881067 -1.3973074 2.2686324

1499175659814 ROTATION_VECTOR 0.31894884 0.088547274 0.7469534

1499175660010 ACCELEROMETER 5.6400604 2.5715637 5.4210815

1499175660011 GYROSCOPE -0.3097229 -1.0509949 0.65319824

1499175660012 MAGNETIC_FIELD -3.0593872 -18.77594 -48.150635

1499175660013 GRAVITY 5.757776 4.378713 6.6215763

1499175660013 LINEAR_ACCELERATION 0.20026588 -1.5632043 -0.868649

1499175660014 ROTATION_VECTOR 0.4001564 0.0476279 0.78885454

1499175660211 ACCELEROMETER 6.7507935 3.397461 5.2577057

1499175660212 GRAVITY 7.391333 3.9280937 5.1096635

1499175660213 LINEAR_ACCELERATION -0.33018875 -0.27934718 0.44732332

1499175660214 GYROSCOPE 0.68148804 -1.0435181 0.4534607

1499175660214 MAGNETIC_FIELD -18.57605 -18.893433 -43.955994

1499175660215 ROTATION_VECTOR 0.48925465 0.010467159 0.77866095

1499175660411 ACCELEROMETER 9.5646515 1.0174408 5.497467

1499175660412 GYROSCOPE -0.06298828 0.027801514 1.4638977

1499175660413 MAGNETIC_FIELD -26.921082 -15.679932 -42.10205

1499175660413 GRAVITY 8.480289 2.5509937 4.212779

1499175660414 LINEAR_ACCELERATION 1.5139246 -1.3516805 1.5396252

1499175660415 ROTATION_VECTOR 0.5340401 0.0030342704 0.8109867

1499175660525 ACCELEROMETER 7.894287 -0.32289124 3.0840302

1499175660525 MAGNETIC_FIELD -35.377502 -13.101196 -35.928345

1499175660611 GYROSCOPE 0.54904175 -0.6589966 1.3197021

1499175660611 GRAVITY 9.106122 0.26741773 3.630071

1499175660612 LINEAR_ACCELERATION -0.7702217 -0.5723642 -0.3623743

1499175660613 ROTATION_VECTOR 0.5555235 -0.07944523 0.8155679

1499175660811 ACCELEROMETER 11.396362 -2.7617493 2.3624725

1499175660813 GYROSCOPE -1.1129456 -0.5895691 -0.14041138

1499175660814 MAGNETIC_FIELD -38.88855 -4.9865723 -32.182312

1499175660814 GRAVITY 9.443843 -1.1534512 2.377764

1499175660815 LINEAR_ACCELERATION 2.038042 -1.7232057 0.12120247

1499175660815 ROTATION_VECTOR 0.57584226 -0.21719454 0.7657524

1499175661012 ACCELEROMETER 11.978989 -1.9186096 2.4284515

1499175661016 GYROSCOPE -0.5895691 0.8278198 -1.0205383

1499175661016 GRAVITY 9.469771 -0.55388117 2.4873745

1499175661016 LINEAR_ACCELERATION 2.9935265 -1.3253746 -0.107875824

1499175661017 MAGNETIC_FIELD -44.5755 4.725647 -29.252625

1499175661017 ROTATION_VECTOR 0.54465896 -0.27663302 0.7256206

1499175661217 GRAVITY 9.272816 -0.3823717 3.1684475

1499175661218 LINEAR_ACCELERATION -3.1774168 -0.72380805 -1.8282859

1499175661218 ROTATION_VECTOR 0.49570996 -0.30450904 0.70999086

1499175661218 ACCELEROMETER 6.044632 -1.126297 1.2072296

1499175661219 GYROSCOPE 0.39309692 -0.041625977 0.7183533

1499175661219 MAGNETIC_FIELD -43.095398 3.111267 -31.30188

1499175661418 ACCELEROMETER 11.686356 -2.2802734 1.5492706

1499175661418 GYROSCOPE -0.14523315 0.050231934 0.6350403

1499175661419 MAGNETIC_FIELD -42.24243 2.6412964 -32.673645

1499175661419 GRAVITY 9.184719 -1.5807413 3.051651

1499175661419 LINEAR_ACCELERATION 2.5438852 -0.67393494 -1.6149251

1499175661419 ROTATION_VECTOR 0.45225468 -0.37399837 0.70244676

1499175661617 GRAVITY 9.1941395 -0.84731287 3.3045793

1499175661618 LINEAR_ACCELERATION 2.7927074 -0.35088235 -0.53926563

1499175661618 ROTATION_VECTOR 0.42807457 -0.3850526 0.6554892

1499175661619 ACCELEROMETER 11.723541 -1.1092682 2.6526794

1499175661619 GYROSCOPE 0.2862854 0.31192017 -1.3933105

1499175661619 MAGNETIC_FIELD -40.73181 8.401489 -32.54547

1499175661819 ACCELEROMETER 7.1637573 -2.4291687 1.3638763

1499175661824 GYROSCOPE -0.08862305 -0.2253418 0.21633911

1499175661826 MAGNETIC_FIELD -40.982056 6.512451 -31.97937

1499175661828 GRAVITY 9.228598 0.15890728 3.3133256

1499175661830 LINEAR_ACCELERATION -1.8946238 -2.3690765 -1.8893204

1499175661833 ROTATION_VECTOR 0.4714928 -0.3297908 0.6620354

1499175662021 GRAVITY 9.326795 -0.7693951 2.930755

1499175662024 LINEAR_ACCELERATION 0.17506218 -4.445807 -0.6014621

1499175662026 ROTATION_VECTOR 0.48406765 -0.34095687 0.6947648

1499175662028 ACCELEROMETER 9.82399 -4.9951324 2.325241

1499175662030 GYROSCOPE -0.16552734 -0.12921143 0.40966797

1499175662033 MAGNETIC_FIELD -41.860962 -1.876831 -31.845093

1499175662218 ACCELEROMETER 9.643539 -1.8666382 1.4532318

1499175662221 GYROSCOPE -0.16873169 -0.33215332 0.3477173

1499175662223 MAGNETIC_FIELD -42.304993 7.775879 -32.273865

1499175662226 GRAVITY 9.374784 -1.5830293 2.4037104

1499175662228 LINEAR_ACCELERATION 0.8508549 -0.36496294 -0.6714978

1499175662230 ROTATION_VECTOR 0.4600444 -0.4071904 0.6696544

1499175662420 GRAVITY 9.32949 -2.3283894 1.9260349

1499175662431 LINEAR_ACCELERATION -1.1796808 1.1648784 -1.1236895

1499175662433 ROTATION_VECTOR 0.42193323 -0.47304535 0.63927186

1499175662435 ACCELEROMETER 8.385712 -1.2949219 1.0212708

1499175662437 GYROSCOPE -0.16552734 -0.05230713 0.4118042

1499175662439 MAGNETIC_FIELD -41.278076 8.056641 -33.30078

1499175662618 GRAVITY 9.353582 -2.2796817 1.8665296

1499175662619 LINEAR_ACCELERATION 2.606637 -0.011753559 0.99185574

1499175662620 ROTATION_VECTOR 0.39837807 -0.4961133 0.6117341

1499175662621 ACCELEROMETER 11.944092 -2.2034912 2.9578094

1499175662621 GYROSCOPE 0.28308105 -0.06726074 -0.40423584

1499175662625 MAGNETIC_FIELD -41.06903 14.202881 -30.929565

1499175662816 ACCELEROMETER 10.303986 -2.0246277 1.9120789

1499175662817 GYROSCOPE 0.14743042 -0.055511475 -1.2106628

1499175662818 GRAVITY 9.613701 -0.7392905 1.7890193

1499175662820 LINEAR_ACCELERATION 1.1336651 -1.2331166 0.39737105

1499175662821 ROTATION_VECTOR 0.45709607 -0.44704425 0.5893113

1499175662828 MAGNETIC_FIELD -41.053772 15.983582 -31.65741

1499175663019 ACCELEROMETER 6.6035156 -3.109726 1.0602112

1499175663020 GYROSCOPE -0.3449707 -0.421875 0.98324585

1499175663020 MAGNETIC_FIELD -43.107605 3.5049438 -32.30896

1499175663020 GRAVITY 9.693172 -0.6830125 1.3214744

1499175663021 LINEAR_ACCELERATION -3.0820103 -2.2214923 -0.29886603

1499175663021 ROTATION_VECTOR 0.50436217 -0.4221876 0.61014986

1499175663216 GRAVITY 9.631609 -1.6796352 0.76244545

1499175663217 LINEAR_ACCELERATION 1.1390448 -1.8415859 1.7050135

1499175663217 ACCELEROMETER 11.4318695 -3.0841675 2.4231262

1499175663218 GYROSCOPE -0.25097656 -0.1484375 -0.11904907

1499175663218 MAGNETIC_FIELD -41.84265 1.3305664 -30.71289

1499175663218 ROTATION_VECTOR 0.48113632 -0.47920135 0.60137963

1499175663425 ACCELEROMETER 9.417831 -1.6968231 0.9244995

1499175663432 GYROSCOPE -0.3374939 -0.1559143 0.5933838

1499175663434 MAGNETIC_FIELD -42.503357 17.48352 -28.720093

1499175663436 GRAVITY 9.563935 -2.1363845 0.37064913

1499175663438 LINEAR_ACCELERATION 0.86290455 0.5858443 0.5172334

1499175663441 ROTATION_VECTOR 0.42607066 -0.54732615 0.55576634

1499175663620 GRAVITY 9.343191 -2.9777586 0.09015198

1499175663624 LINEAR_ACCELERATION -0.76984406 1.4319334 1.3416513

1499175663626 ACCELEROMETER 9.3124695 -1.6464539 1.5168915

1499175663628 ROTATION_VECTOR 0.3626505 -0.60323143 0.5335863

1499175663630 GYROSCOPE 0.14849854 -0.16018677 0.35092163

1499175663635 MAGNETIC_FIELD -41.093445 18.0542 -28.694153

1499175663817 ACCELEROMETER 11.490067 -2.2756348 3.0881958

1499175663817 GYROSCOPE 2.3424072 -1.04245 -0.044281006

1499175663818 MAGNETIC_FIELD -37.808228 24.325562 -27.012634

1499175663818 GRAVITY 9.314349 -3.067488 -0.061666284

1499175663818 LINEAR_ACCELERATION 2.4032373 0.7421398 3.0663064

1499175663819 ROTATION_VECTOR 0.40698454 -0.58095413 0.5647231

1499175664026 GRAVITY 9.626574 -1.7956988 -0.5243509

1499175664034 LINEAR_ACCELERATION 0.7534046 -0.5275303 2.6762965

1499175664036 ACCELEROMETER 10.047897 -2.4404602 2.035492

1499175664038 ROTATION_VECTOR 0.567812 -0.45202208 0.60766417

1499175664041 GYROSCOPE 0.7071228 -0.162323 -1.2501831

1499175664043 MAGNETIC_FIELD -39.712524 22.4823 -29.481506

1499175664225 ACCELEROMETER 7.291733 -3.535553 1.8331299

1499175664235 GRAVITY 9.683443 -1.2728826 -0.88379306

1499175664238 LINEAR_ACCELERATION -2.4994526 -2.132083 2.7619808

1499175664240 ROTATION_VECTOR 0.6615336 -0.32777157 0.6382465

1499175664244 GYROSCOPE 0.4262085 -0.47421265 0.5250244

1499175664246 MAGNETIC_FIELD -43.40515 8.8897705 -30.253601

1499175664427 ACCELEROMETER 10.876068 -4.642746 2.220169

1499175664439 GRAVITY 9.524742 -2.135024 -0.9441127

1499175664442 LINEAR_ACCELERATION 1.1697168 -2.9842834 3.161189

1499175664444 ROTATION_VECTOR 0.66545755 -0.32450357 0.6540126

1499175664447 GYROSCOPE 0.04168701 0.1324768 0.17895508

1499175664449 MAGNETIC_FIELD -42.941284 1.4190674 -30.384827

1499175664619 ACCELEROMETER 8.648056 -2.0279236 0.5708008

1499175664620 GYROSCOPE -0.7572632 -0.162323 0.6873779

1499175664620 MAGNETIC_FIELD -41.7511 13.128662 -30.503845

1499175664621 GRAVITY 9.32353 -2.8351855 -1.0972219

1499175664622 LINEAR_ACCELERATION -0.2026577 0.9506364 1.6489885

1499175664623 ROTATION_VECTOR 0.61736333 -0.4180972 0.6365985

1499175664819 GRAVITY 9.104205 -3.4304056 -1.231326

1499175664820 LINEAR_ACCELERATION -0.10321808 1.9174564 2.5882068

1499175664820 ROTATION_VECTOR 0.52840155 -0.53251475 0.6013256

1499175664821 ACCELEROMETER 9.4283905 -1.4925385 1.6064758

1499175664827 GYROSCOPE -0.4571228 0.35357666 0.22381592

1499175664830 MAGNETIC_FIELD -40.60974 18.058777 -29.13971

1499175665023 ACCELEROMETER 12.225876 -3.4234924 3.219101

1499175665034 GRAVITY 9.475007 -2.494535 -0.41464138

1499175665036 LINEAR_ACCELERATION 2.8896751 -0.6831069 3.5965247

1499175665038 ROTATION_VECTOR 0.47479928 -0.543789 0.5728461

1499175665041 GYROSCOPE 0.22540283 0.35998535 -1.1946411

1499175665046 MAGNETIC_FIELD -37.934875 25.691223 -26.794434

1499175665225 GRAVITY 9.805804 -0.12426767 -0.033861354

1499175665235 ACCELEROMETER 9.857986 -2.9377747 2.247116

1499175665237 LINEAR_ACCELERATION 0.081329346 -2.8090072 2.6410372

1499175665240 ROTATION_VECTOR 0.5566923 -0.43797278 0.56025964

1499175665242 GYROSCOPE 0.7690735 -0.10784912 -1.4477844

1499175665244 MAGNETIC_FIELD -36.78131 25.360107 -27.622986

1499175665428 ACCELEROMETER 7.512375 -3.7141876 0.9239197

1499175665435 GYROSCOPE -0.60772705 -0.18261719 0.3477173

1499175665437 MAGNETIC_FIELD -41.307068 14.649963 -31.428528

1499175665439 GRAVITY 9.775198 0.73548 -0.27379817

1499175665442 LINEAR_ACCELERATION -1.9894371 -4.3014526 1.1853309

1499175665445 ROTATION_VECTOR 0.6200503 -0.3598575 0.5750187

1499175665627 GRAVITY 9.60532 0.39114422 1.9378412

1499175665651 LINEAR_ACCELERATION 0.891304 -6.737822 -1.082363

1499175665652 ROTATION_VECTOR 0.45008 -0.4456743 0.52725124

1499175665653 ACCELEROMETER 10.910034 -5.9454193 1.7559052

1499175665653 GYROSCOPE -4.573639 2.1148987 -0.3177185

1499175665654 MAGNETIC_FIELD -42.536926 8.137512 -31.982422

1499175665820 GRAVITY 8.70924 -1.1859708 4.348908

1499175665821 LINEAR_ACCELERATION 0.8367224 -1.6072851 -1.0624537

1499175665821 ROTATION_VECTOR 0.11750673 -0.51425636 0.29926062

1499175665828 ACCELEROMETER 8.715836 -3.028656 2.585846

1499175665830 GYROSCOPE -3.193634 0.9239502 0.363739

1499175665839 MAGNETIC_FIELD -41.03546 25.006104 -23.860168

1499175666018 GRAVITY 7.9019156 -3.2632034 4.804333

1499175666019 LINEAR_ACCELERATION 0.39012337 0.46000838 -1.6485653

1499175666019 ACCELEROMETER 9.181122 -2.2194061 3.2302704

1499175666020 GYROSCOPE -1.0082703 0.9794922 0.16293335

1499175666020 MAGNETIC_FIELD -39.772034 32.328796 -13.247681

1499175666020 ROTATION_VECTOR -0.10580692 -0.4938138 0.1549957

1499175666229 GRAVITY 7.5261183 -2.7164326 5.670002

1499175666235 LINEAR_ACCELERATION 4.4715757 1.20087 -3.6466641

1499175666238 ROTATION_VECTOR -0.1762663 -0.4240761 -0.042214572

1499175666240 ACCELEROMETER 12.22673 -2.171753 1.712326

1499175666243 GYROSCOPE -0.9698181 0.9880371 -1.8526001

1499175666245 MAGNETIC_FIELD -33.63495 39.875793 -5.46875

1499175666429 ACCELEROMETER 10.571594 -3.76651 0.4215088

1499175666437 GYROSCOPE -0.42401123 -0.24777222 -1.4734192

1499175666439 MAGNETIC_FIELD -38.18817 36.131287 -6.550598

1499175666441 GRAVITY 7.7589245 -1.0507494 5.9046936

1499175666444 LINEAR_ACCELERATION 3.7381377 -2.7660632 -5.0104823

1499175666446 ROTATION_VECTOR -0.15635894 -0.41772753 -0.19842614

1499175666628 ACCELEROMETER 6.784149 -3.5520782 0.5919037

1499175666632 GYROSCOPE -1.5476685 0.24249268 0.9244995

1499175666634 MAGNETIC_FIELD -47.8714 20.602417 -5.6152344

1499175666636 GRAVITY 7.913907 -1.8907083 5.474093

1499175666639 LINEAR_ACCELERATION -0.74322367 -1.6567312 -5.5070386

1499175666641 ROTATION_VECTOR -0.2746855 -0.3813749 -0.33531392

1499175666837 ACCELEROMETER 11.18808 -3.2656097 2.3418732

1499175666846 GRAVITY 7.0846643 -5.1299095 4.43418

1499175666849 LINEAR_ACCELERATION 2.622559 0.9986129 -1.9638777

1499175666851 ROTATION_VECTOR -0.46290916 -0.24420251 -0.3772602

1499175666853 GYROSCOPE -2.3978882 0.85025024 0.9608154

1499175666855 MAGNETIC_FIELD -49.10431 18.623352 -2.1621704

1499175667025 ACCELEROMETER 11.113647 -2.0002136 0.66212463

1499175667030 GRAVITY 7.292628 -5.6790867 3.2765744

1499175667032 LINEAR_ACCELERATION 5.7779174 4.609231 -2.291126

1499175667034 ROTATION_VECTOR -0.5676227 -0.10366109 -0.543755

1499175667037 GYROSCOPE -3.3677368 1.8435974 -2.2050781

1499175667039 MAGNETIC_FIELD -40.4953 32.087708 4.3899536

1499175667233 ACCELEROMETER 5.7723846 -3.842102 1.5846558

1499175667245 GYROSCOPE -0.77648926 -0.028808594 1.1904602

1499175667256 MAGNETIC_FIELD -46.514893 18.930054 6.982422

1499175667259 GRAVITY 7.5228863 -5.815532 2.3991983

1499175667261 LINEAR_ACCELERATION -1.8516011 1.5030999 -0.9839883

1499175667263 ROTATION_VECTOR -0.6055069 0.10505394 -0.6974199

1499175667427 ACCELEROMETER 12.244904 -2.748169 1.3528748

1499175667431 GYROSCOPE -1.4429932 0.98269653 0.12875366

1499175667433 MAGNETIC_FIELD -49.040222 11.860657 8.21228

1499175667435 GRAVITY 6.7791057 -6.932184 1.4693333

1499175667437 LINEAR_ACCELERATION 3.749411 3.5044265 -0.21702147

1499175667439 ROTATION_VECTOR -0.60069996 0.25346476 -0.6991785

1499175667631 ACCELEROMETER 11.725662 -2.3344727 2.2442017

1499175667642 GYROSCOPE 0.076934814 0.18054199 -2.0416565

1499175667644 MAGNETIC_FIELD -44.137573 22.650146 9.037781

1499175667647 GRAVITY 8.014532 -5.405265 1.649479

1499175667649 LINEAR_ACCELERATION 5.0112476 3.4235635 0.7814435

1499175667651 ROTATION_VECTOR -0.6160601 0.19070911 -0.7316588

1499175667826 ACCELEROMETER 7.942642 -3.4821777 1.6228943

1499175667828 GYROSCOPE 0.29162598 -0.09289551 -0.69369507

1499175667828 MAGNETIC_FIELD -49.116516 10.290527 7.4768066

1499175667829 GRAVITY 9.1614065 -2.9743872 1.8417517

1499175667830 LINEAR_ACCELERATION -0.24898243 -0.46491456 -0.02003789

1499175667830 ROTATION_VECTOR -0.6263225 0.11754538 -0.76430607

1499175668024 ACCELEROMETER 8.781143 -4.4896393 1.0612946

1499175668025 GYROSCOPE -1.1556702 0.03100586 1.2363892

1499175668025 MAGNETIC_FIELD -50.97351 -1.6540527 7.8079224

1499175668026 GRAVITY 8.984586 -3.6434138 1.4741575

1499175668027 LINEAR_ACCELERATION -1.0185423 -0.3805747 -0.3178109

1499175668028 ROTATION_VECTOR -0.6368274 0.13888758 -0.747394

1499175668224 ACCELEROMETER 10.393265 -2.6053162 1.5239563

1499175668225 GYROSCOPE -1.5017395 0.76693726 -0.39675903

1499175668226 MAGNETIC_FIELD -50.009155 2.5131226 9.2453

1499175668226 GRAVITY 8.646134 -4.521619 0.9847388

1499175668227 LINEAR_ACCELERATION 2.6339884 0.87828827 0.67411345

1499175668228 ROTATION_VECTOR -0.6315865 0.22558983 -0.7346269

1499175668425 ACCELEROMETER 8.231796 -1.8601379 1.3042908

1499175668426 GYROSCOPE -0.449646 -0.075805664 0.92770386

1499175668427 MAGNETIC_FIELD -49.275208 5.545044 8.621216

1499175668427 GRAVITY 8.427838 -4.9778657 0.60232353

1499175668428 LINEAR_ACCELERATION -0.66213226 2.7703638 0.3048979

1499175668429 ROTATION_VECTOR -0.61978644 0.29181296 -0.7253182

1499175668626 ACCELEROMETER 11.934586 -1.9401855 1.990387

1499175668629 GYROSCOPE -0.46139526 0.49456787 -0.2888794

1499175668635 MAGNETIC_FIELD -50.193787 7.157898 9.510803

1499175668637 GRAVITY 8.221074 -5.3233895 0.49582598

1499175668640 LINEAR_ACCELERATION 3.1844664 3.5901022 1.1132036

1499175668642 ROTATION_VECTOR -0.6124597 0.31561524 -0.7212272

1499175668829 ACCELEROMETER 11.929352 -2.55661 2.3562927

1499175668835 GYROSCOPE 0.80218506 0.09082031 -1.9412537

1499175668838 MAGNETIC_FIELD -49.94812 10.951233 8.660889

1499175668840 GRAVITY 9.173798 -3.2461064 1.2143394

1499175668845 LINEAR_ACCELERATION 3.3283043 0.88239026 1.5789502

1499175668848 ROTATION_VECTOR -0.6327134 0.19431849 -0.7489444

1499175669027 ACCELEROMETER 7.629074 -3.4418945 1.0749207

1499175669030 GYROSCOPE 0.05130005 0.006439209 -0.8848877

1499175669035 MAGNETIC_FIELD -50.3479 1.5487671 10.211182

1499175669037 GRAVITY 9.694076 -0.59980094 1.3548187

1499175669039 LINEAR_ACCELERATION -0.7275791 -2.5750964 -0.033169746

1499175669041 ROTATION_VECTOR -0.65527534 0.039213393 -0.7543701

1499175669227 ACCELEROMETER 8.467361 -4.3517914 1.3237305

1499175669230 GYROSCOPE -1.7719727 0.38562012 1.9402771

1499175669233 MAGNETIC_FIELD -48.6969 -10.264587 10.282898

1499175669238 GRAVITY 9.506368 -1.9583724 1.4014759

1499175669240 LINEAR_ACCELERATION -2.018033 -2.120831 -0.8181684

1499175669244 ROTATION_VECTOR -0.6453179 0.1100426 -0.755503

1499175669429 ACCELEROMETER 11.603851 -1.70607 0.66389465

1499175669434 GYROSCOPE -1.478241 1.060669 -0.12011719

1499175669438 MAGNETIC_FIELD -50.411987 -3.3309937 8.796692

1499175669440 GRAVITY 8.927556 -3.7888477 1.4538791

1499175669442 LINEAR_ACCELERATION 3.1224613 1.2814701 0.2874148

1499175669445 ROTATION_VECTOR 0.5974887 -0.26245013 0.7576524

1499175669629 ACCELEROMETER 9.482971 -1.0894928 0.9574585

1499175669634 GYROSCOPE -0.007446289 -0.27767944 0.24304199

1499175669636 MAGNETIC_FIELD -50.01068 6.965637 10.38208

1499175669641 GRAVITY 8.833826 -3.9785962 1.5181124

1499175669643 LINEAR_ACCELERATION -0.38118553 2.3380692 -0.8839272

1499175669646 ROTATION_VECTOR 0.57523507 -0.3028241 0.758438

1499175669830 ACCELEROMETER 11.233246 -2.341919 2.440445

1499175669835 GYROSCOPE 0.4828186 0.28948975 -0.4010315

1499175669837 MAGNETIC_FIELD -48.92578 9.979248 10.246277

1499175669842 GRAVITY 8.951228 -3.6314306 1.690743

1499175669844 LINEAR_ACCELERATION 2.6511116 1.8171763 -0.065276265

1499175669846 ROTATION_VECTOR 0.58917123 -0.25821188 0.76534694

1499175670028 ACCELEROMETER 11.559357 -2.3912048 2.4878693

1499175670031 GYROSCOPE 0.9859009 0.099365234 -2.0149536

1499175670035 MAGNETIC_FIELD -50.238037 8.981323 8.097839

1499175670037 GRAVITY 9.472194 -1.1653608 2.2560718

1499175670039 LINEAR_ACCELERATION 1.8280268 -0.9139106 0.683506

1499175670044 ROTATION_VECTOR 0.6145105 -0.08572752 0.78413415

1499175670230 ACCELEROMETER 7.3285217 -3.8108826 1.3751678

1499175670235 GYROSCOPE 0.3503723 0.10470581 -0.69369507

1499175670237 MAGNETIC_FIELD -50.48065 0.85601807 10.908508

1499175670240 GRAVITY 9.4387 1.4603345 2.2245827

1499175670245 LINEAR_ACCELERATION -0.31363773 -5.0755568 -0.5420103

1499175670247 ROTATION_VECTOR 0.61557823 0.087414466 0.7831521

1499175670430 ACCELEROMETER 9.4492035 -4.722336 0.5186615

1499175670435 GYROSCOPE -0.54364014 -0.26272583 2.1955566

1499175670437 MAGNETIC_FIELD -48.58246 -9.689331 11.877441

1499175670439 GRAVITY 9.590179 -0.2013092 2.0391946

1499175670441 LINEAR_ACCELERATION -2.8891459 -3.5392447 -1.2895336

1499175670446 ROTATION_VECTOR -0.6267178 -0.05705082 -0.7723059

1499175670630 ACCELEROMETER 10.605103 -2.5677643 1.803009

1499175670635 GYROSCOPE -1.5092163 0.7413025 0.20672607

1499175670637 MAGNETIC_FIELD -48.651123 3.289795 13.238525

1499175670640 GRAVITY 9.190857 -2.8566813 1.8809329

1499175670642 LINEAR_ACCELERATION 2.6641665 -1.0404305 -0.44843245

1499175670647 ROTATION_VECTOR -0.6329809 0.05860328 -0.7551427

1499175670826 ACCELEROMETER 9.564423 -1.3834991 1.02742

1499175670827 GYROSCOPE -0.9110718 0.28094482 0.31781006

1499175670828 MAGNETIC_FIELD -49.53003 6.895447 11.01532

1499175670828 GRAVITY 8.91913 -3.6041088 1.9052309

1499175670829 LINEAR_ACCELERATION 0.48974133 1.6881776 -0.79074144

1499175670830 ROTATION_VECTOR -0.62462103 0.11273349 -0.75649446

1499175671038 ACCELEROMETER 10.829208 -1.6711121 1.6040802

1499175671042 GYROSCOPE -0.104644775 0.1388855 0.20779419

1499175671044 GRAVITY 8.722034 -4.095651 1.8226715

1499175671046 LINEAR_ACCELERATION 0.9640331 3.0393238 -0.56216395

1499175671052 ROTATION_VECTOR -0.62209624 0.14165407 -0.7522704

1499175671054 MAGNETIC_FIELD -49.21875 11.532593 8.952332

1499175671237 ACCELEROMETER 11.718689 -1.6404724 2.5873566

1499175671242 GYROSCOPE 1.9098206 -0.66433716 -1.138031

1499175671244 MAGNETIC_FIELD -50.31128 11.170959 7.940674

1499175671246 LINEAR_ACCELERATION 2.8076372 1.3018858 0.90280175

1499175671252 ROTATION_VECTOR -0.6339788 -0.0064227963 -0.73796135

1499175671254 GRAVITY 9.20524 -2.7815857 1.9226854

1499175671438 ACCELEROMETER 9.155365 -3.3630676 1.7255707

1499175671444 GRAVITY 9.728214 0.01067064 1.2377882

1499175671446 LINEAR_ACCELERATION 0.88151073 -3.138916 0.5552337

1499175671449 ROTATION_VECTOR -0.6211236 -0.2260439 -0.7054421

1499175671454 GYROSCOPE 0.9794922 -0.0993042 -1.38797

1499175671457 MAGNETIC_FIELD -50.352478 5.5389404 7.897949

1499175671636 ACCELEROMETER 7.437317 -3.8978577 0.63856506

1499175671643 GYROSCOPE 0.107910156 -0.3577881 0.7770996

1499175671645 MAGNETIC_FIELD -50.630188 -5.7037354 9.825134

1499175671648 GRAVITY 9.763355 0.5379107 0.74695104

1499175671650 LINEAR_ACCELERATION -2.8720322 -4.0274143 0.3175761

1499175671657 ROTATION_VECTOR -0.60961753 -0.30047053 -0.67480594

1499175671838 GRAVITY 9.689853 -1.5059432 0.096337356

1499175671841 LINEAR_ACCELERATION 0.57471085 -2.612996 0.7711222

1499175671843 ROTATION_VECTOR -0.6622275 -0.23778747 -0.6239544

1499175671846 ACCELEROMETER 11.968765 -2.5849 0.9524536

1499175671848 GYROSCOPE -0.74658203 -0.2680664 1.1477356

1499175671850 MAGNETIC_FIELD -50.41809 -5.484009 11.3723755

1499175672029 ACCELEROMETER 8.309662 -2.3592682 1.720871

1499175672031 GYROSCOPE -0.6686096 -0.32147217 1.290863

1499175672036 MAGNETIC_FIELD -49.874878 4.019165 8.947754

1499175672038 GRAVITY 9.049656 -3.6766102 -0.869854

1499175672040 LINEAR_ACCELERATION 1.0584011 1.8802433 1.9559735

1499175672042 ROTATION_VECTOR -0.71093607 -0.19728176 -0.5346693

1499175672237 ACCELEROMETER 11.902054 -1.1735992 2.2360535

1499175672245 GRAVITY 8.4701805 -4.8067756 -1.1494966

1499175672259 LINEAR_ACCELERATION 1.4018869 3.8687377 3.222033

1499175672261 ROTATION_VECTOR -0.7060967 -0.24502127 -0.43838444

1499175672264 GYROSCOPE 0.66119385 -0.1975708 0.19177246

1499175672266 MAGNETIC_FIELD -50.4364 8.518982 9.3811035

1499175672430 ACCELEROMETER 11.54718 -2.369217 2.7749786

1499175672434 GYROSCOPE 2.776062 -1.0264282 -0.785553

1499175672436 MAGNETIC_FIELD -48.924255 14.68811 9.657288

1499175672438 GRAVITY 8.821623 -4.2509913 -0.52765745

1499175672440 LINEAR_ACCELERATION 3.9473372 2.5295744 3.2639859

1499175672443 ROTATION_VECTOR -0.59494954 -0.41585827 -0.33680153

1499175672638 GRAVITY 9.524006 -2.2040217 -0.77845544

1499175672647 ACCELEROMETER 9.683182 -3.6098785 2.1026917

1499175672650 LINEAR_ACCELERATION 0.94913006 -1.3187487 2.8745694

1499175672653 ROTATION_VECTOR -0.47305512 -0.56205785 -0.3086027

1499175672655 GYROSCOPE 0.8246155 -0.20291138 -1.5396423

1499175672657 MAGNETIC_FIELD -49.839783 9.425354 9.767151

1499175672836 ACCELEROMETER 7.381836 -3.6263428 1.9655151

1499175672842 GYROSCOPE 0.24142456 -0.24136353 0.57095337

1499175672845 MAGNETIC_FIELD -48.95935 -1.109314 11.326599

1499175672847 GRAVITY 9.647717 -1.5017086 -0.91477793

1499175672849 LINEAR_ACCELERATION -2.7855473 -2.6540356 3.2667544

1499175672852 ROTATION_VECTOR -0.46821743 -0.57220024 -0.34118134

1499175673031 ACCELEROMETER 10.355194 -2.2862854 1.4686737

1499175673034 GYROSCOPE 1.29245 -0.78930664 1.253479

1499175673036 MAGNETIC_FIELD -48.66333 0.91552734 12.469482

1499175673039 GRAVITY 9.155726 -3.3170612 -1.1576573

1499175673041 LINEAR_ACCELERATION 0.25666332 0.34074044 3.8414662

1499175673043 ROTATION_VECTOR -0.50270885 -0.5534509 -0.25234923

1499175673231 ACCELEROMETER 9.758865 -1.4399109 0.9801483

1499175673236 GYROSCOPE 1.2999268 -0.83096313 1.1349182

1499175673238 MAGNETIC_FIELD -47.96295 10.829163 11.828613

1499175673240 GRAVITY 8.179959 -5.317568 -0.99101996

1499175673244 LINEAR_ACCELERATION 1.9584522 3.722167 1.2400284

1499175673249 ROTATION_VECTOR -0.44460678 -0.5940141 -0.04428316

1499175673435 GRAVITY 7.965714 -5.6918864 -0.56588423

1499175673444 ACCELEROMETER 10.542389 -1.0654144 1.1755371

1499175673447 LINEAR_ACCELERATION 2.9066138 5.1434073 0.98808724

1499175673449 ROTATION_VECTOR -0.35234845 -0.63616246 0.07850129

1499175673451 GYROSCOPE 0.5319519 -0.07901001 -0.46298218

1499175673455 MAGNETIC_FIELD -44.64264 20.062256 13.040161

1499175673632 ACCELEROMETER 9.563004 -3.59523 2.9922943

1499175673636 GYROSCOPE 2.071106 -0.27767944 -0.13400269

1499175673638 MAGNETIC_FIELD -44.213867 21.473694 12.452698

1499175673640 GRAVITY 8.380539 -5.0558968 0.61227095

1499175673642 LINEAR_ACCELERATION 1.9016008 1.9363303 2.2670457

1499175673645 ROTATION_VECTOR -0.24014719 -0.64118034 0.13368803

1499175673837 ACCELEROMETER 9.003677 -2.4052582 3.495407

1499175673844 GYROSCOPE 1.0093994 0.06838989 -0.35510254

1499175673847 MAGNETIC_FIELD -45.59326 23.260498 6.550598

1499175673849 GRAVITY 8.68904 -4.1476293 1.8622934

1499175673851 LINEAR_ACCELERATION 0.6190357 1.582819 0.9364548

1499175673856 ROTATION_VECTOR -0.11157924 -0.6265776 0.20508838

1499175674036 ACCELEROMETER 8.834579 -3.0385132 2.794281

1499175674042 GYROSCOPE 1.2059326 -0.55966187 0.1875

1499175674045 MAGNETIC_FIELD -44.721985 26.805115 4.0115356

1499175674049 GRAVITY 8.863785 -3.48809 2.3317227

1499175674051 LINEAR_ACCELERATION -0.99910545 0.37881565 1.1177082

1499175674053 ROTATION_VECTOR -0.016219692 -0.6171322 0.2687444

1499175674239 ACCELEROMETER 10.323196 -3.3205566 1.4210815

1499175674245 GYROSCOPE -1.1642151 0.7915039 0.1522522

1499175674248 MAGNETIC_FIELD -42.756653 29.26941 0.9689331

1499175674250 GRAVITY 8.714769 -3.7397697 2.4974594

1499175674253 LINEAR_ACCELERATION 1.8332348 0.18337822 -0.6308837

1499175674255 ROTATION_VECTOR -0.028714186 -0.6097873 0.27776352

1499175674440 ACCELEROMETER 8.655167 -2.7500763 0.51104736

1499175674446 GYROSCOPE -1.1919861 0.7210083 -0.01864624

1499175674449 MAGNETIC_FIELD -44.952393 28.016663 -0.48065186

1499175674451 GRAVITY 8.42387 -4.240835 2.6877713

1499175674454 LINEAR_ACCELERATION 1.2667637 1.9676704 -2.588857

1499175674456 ROTATION_VECTOR -0.1380255 -0.5864391 0.18602403

1499175674640 ACCELEROMETER 9.234268 -1.9116821 1.1097565

1499175674647 GYROSCOPE -0.025604248 -0.08648682 0.56347656

1499175674649 MAGNETIC_FIELD -43.22052 27.453613 0.3540039

1499175674651 GRAVITY 8.093999 -4.898842 2.580486

1499175674654 LINEAR_ACCELERATION 0.2744732 2.2780967 -0.89454865

1499175674656 ROTATION_VECTOR -0.21858528 -0.5662617 0.13904992

1499175674837 ACCELEROMETER 10.302673 -2.435608 1.4470215

1499175674845 GYROSCOPE 0.5095215 -0.29797363 1.059082

1499175674847 MAGNETIC_FIELD -38.606262 32.621765 1.272583

1499175674849 GRAVITY 7.4662933 -5.82808 2.541325

1499175674852 LINEAR_ACCELERATION 1.4782186 4.4216566 -1.5169826

1499175674854 ROTATION_VECTOR -0.24686725 -0.5563138 0.19256647

1499175675033 ACCELEROMETER 13.413574 -1.3050995 2.4850311

1499175675049 GYROSCOPE 1.0275574 0.14102173 -1.8526001

1499175675051 MAGNETIC_FIELD -33.158875 41.59088 -0.2593994

1499175675055 GRAVITY 8.143376 -4.514112 3.0787344

1499175675057 LINEAR_ACCELERATION 6.285512 3.1266952 -0.9593873

1499175675059 ROTATION_VECTOR -0.1411869 -0.56841403 0.21048816

1499175675236 ACCELEROMETER 8.37178 -4.1510773 1.3367462

1499175675239 GYROSCOPE 0.42300415 -0.100372314 -1.0707397

1499175675241 MAGNETIC_FIELD -41.615295 31.315613 -7.801819

1499175675243 GRAVITY 9.091344 -1.6299026 3.295643

1499175675245 LINEAR_ACCELERATION 0.47240925 -2.6643405 -1.2318931

1499175675247 ROTATION_VECTOR 0.0022142185 -0.57616323 0.14732286

1499175675438 ACCELEROMETER 6.5505066 -3.9551086 0.9406128

1499175675448 GRAVITY 9.208068 -1.2530661 3.1323628

1499175675450 LINEAR_ACCELERATION -1.8883066 -2.235166 -1.8303642

1499175675454 ROTATION_VECTOR 0.0355798 -0.58226115 0.15840386

1499175675456 GYROSCOPE 0.020324707 -0.06939697 0.6724243

1499175675458 MAGNETIC_FIELD -48.181152 18.006897 -9.503174

1499175675639 ACCELEROMETER 11.607864 -4.998657 1.9707794

1499175675645 GYROSCOPE -1.4120178 0.18588257 1.4222412

1499175675647 MAGNETIC_FIELD -49.03717 23.097229 -7.081604

1499175675650 GRAVITY 8.695792 -3.6688094 2.6633494

1499175675652 LINEAR_ACCELERATION 0.4638691 -2.3924642 -1.6710455

1499175675655 ROTATION_VECTOR -0.09523135 -0.5959345 0.19014433

1499175675835 ACCELEROMETER 9.595688 -1.8914795 1.6363678

1499175675837 GYROSCOPE -0.47634888 0.08227539 -0.113708496

1499175675840 MAGNETIC_FIELD -38.272095 35.899353 -3.1326294

1499175675840 GRAVITY 8.206618 -5.002738 1.9479246

1499175675841 LINEAR_ACCELERATION 3.1870823 3.0372272 0.525507

1499175675845 ROTATION_VECTOR -0.23849027 -0.5863496 0.12421289

1499175676035 GYROSCOPE -0.60665894 0.4326172 -0.12438965

1499175676040 MAGNETIC_FIELD -39.25476 33.924866 0.51727295

1499175676042 GRAVITY 8.31286 -4.8775296 1.8100988

1499175676044 LINEAR_ACCELERATION 0.36899948 2.7214718 -0.87051475

1499175676046 ROTATION_VECTOR -0.29546538 -0.56604844 0.038110923

1499175676237 ACCELEROMETER 9.705948 -2.0475616 1.4401855

1499175676243 GYROSCOPE -0.62908936 0.5533142 -0.5762024

1499175676245 MAGNETIC_FIELD -40.812683 33.363342 2.645874

1499175676247 GRAVITY 8.526957 -4.3782463 2.0718021

1499175676250 LINEAR_ACCELERATION 2.1174927 1.2939973 -0.5308783

1499175676252 ROTATION_VECTOR -0.32658103 -0.5363882 -0.05640736

1499175676437 ACCELEROMETER 10.914413 -2.7288513 1.8162079

1499175676442 GYROSCOPE -0.08328247 0.034210205 -0.51638794

1499175676444 MAGNETIC_FIELD -46.3974 27.093506 3.0761719

1499175676447 GRAVITY 8.858469 -3.5072014 2.323241

1499175676449 LINEAR_ACCELERATION 1.2299042 0.6304791 -0.27530384

1499175676451 ROTATION_VECTOR -0.32774103 -0.5235776 -0.14258099

1499175676638 ACCELEROMETER 9.503204 -3.7467194 1.4389038

1499175676644 GYROSCOPE -0.33428955 -0.07687378 0.17147827

1499175676647 MAGNETIC_FIELD -49.375916 19.67926 3.465271

1499175676649 GRAVITY 8.985639 -3.3018985 2.1274781

1499175676651 LINEAR_ACCELERATION -0.8516302 0.17799401 -0.63243914

1499175676654 ROTATION_VECTOR -0.36010364 -0.5117169 -0.20133992

1499175676838 ACCELEROMETER 7.757324 -2.6653137 2.0435944

1499175676843 GYROSCOPE -0.59277344 -0.11746216 -0.01864624

1499175676845 MAGNETIC_FIELD -49.476624 20.26825 4.0634155

1499175676848 GRAVITY 8.99415 -3.537197 1.6624963

1499175676850 LINEAR_ACCELERATION 0.4113474 1.6386471 0.6850599

1499175676853 ROTATION_VECTOR -0.41305804 -0.49459007 -0.24135636

1499175677037 GRAVITY 8.960946 -3.5989637 1.7085942

1499175677042 LINEAR_ACCELERATION 1.2146635 4.1679 0.27859914

1499175677046 ROTATION_VECTOR -0.42853805 -0.47879127 -0.2614151

1499175677049 ACCELEROMETER 11.065796 -0.5621643 2.0093536

1499175677051 GYROSCOPE -0.03414917 0.4133911 0.21420288

1499175677053 MAGNETIC_FIELD -49.14856 18.435669 6.7245483

1499175677239 ACCELEROMETER 8.520752 0.35179138 1.5372772

1499175677244 GYROSCOPE 0.89190674 -0.08648682 0.5442505

1499175677246 MAGNETIC_FIELD -50.71106 20.471191 0.5950928

1499175677248 GRAVITY 8.666801 -3.9449427 2.3440075

1499175677250 LINEAR_ACCELERATION 0.26822758 3.574644 -0.41999006

1499175677256 ROTATION_VECTOR -0.39509144 -0.47369996 -0.20843285

1499175677434 ACCELEROMETER 9.575043 -1.3323059 3.3374023

1499175677437 GYROSCOPE 1.3341064 0.05343628 0.03475952

1499175677439 MAGNETIC_FIELD -47.096252 25.75531 -2.9632568

1499175677441 GRAVITY 8.473566 -3.7462559 3.2147508

1499175677445 LINEAR_ACCELERATION 1.4675922 0.93744206 -0.10438323

1499175677447 ROTATION_VECTOR -0.29618555 -0.49836478 -0.09750543

1499175677637 GRAVITY 8.352446 -3.330516 3.9134004

1499175677642 LINEAR_ACCELERATION 1.4989786 -0.12720561 -1.8747337

1499175677646 ROTATION_VECTOR -0.25022027 -0.4877109 -0.079009406

1499175677648 ACCELEROMETER 9.906876 -3.1190643 2.3701172

1499175677650 GYROSCOPE -0.99438477 0.76052856 -0.38394165

1499175677653 MAGNETIC_FIELD -46.98639 26.023865 -8.56781

1499175677835 ACCELEROMETER 8.266235 -4.5532227 2.653717

1499175677836 GYROSCOPE -0.82562256 -0.81173706 0.3338318

1499175677837 MAGNETIC_FIELD -48.049927 24.061584 -8.677673

1499175677838 GRAVITY 8.390098 -3.931509 3.2124577

1499175677838 LINEAR_ACCELERATION -0.69018173 0.5968616 -0.23058367

1499175677839 ROTATION_VECTOR -0.32292354 -0.48159176 -0.12374187

1499175678035 ACCELEROMETER 11.011871 -2.608368 2.9017487

1499175678036 GYROSCOPE -1.2795715 0.7893677 -0.785553

1499175678036 MAGNETIC_FIELD -48.55652 24.189758 -0.2746582

1499175678037 GRAVITY 8.602088 -4.0538454 2.3959978

1499175678038 LINEAR_ACCELERATION 2.6341925 0.74936485 0.79334664

1499175678038 ROTATION_VECTOR -0.41644567 -0.4521185 -0.2360769

1499175678229 ACCELEROMETER 8.348801 -1.9883118 3.510559

1499175678231 GYROSCOPE -1.5797119 1.079895 -0.48327637

1499175678231 MAGNETIC_FIELD -52.430725 16.16211 -0.4547119

1499175678232 GRAVITY 8.653765 -3.3831096 3.1364505

1499175678232 LINEAR_ACCELERATION -0.75743484 2.674334 -0.27284336

1499175678232 ROTATION_VECTOR -0.46555918 -0.35119823 -0.4258789

1499175678441 ACCELEROMETER 9.083206 -1.3571625 2.3418427

1499175678474 GRAVITY 8.535711 -3.2746067 3.5480945

1499175678487 LINEAR_ACCELERATION 1.955966 1.813623 -1.5238082

1499175678489 ROTATION_VECTOR -0.49688795 -0.26870036 -0.5370894

1499175678490 GYROSCOPE -0.8149414 0.3418274 -0.28033447

1499175678490 MAGNETIC_FIELD -51.515198 17.140198 -3.7734985

1499175678630 ACCELEROMETER 10.678879 -0.81370544 2.8469696

1499175678631 GYROSCOPE -0.14523315 -0.07473755 -0.007965088

1499175678631 MAGNETIC_FIELD -53.18451 15.625 -2.5054932

1499175678632 GRAVITY 8.574458 -3.2180333 3.5061822

1499175678632 LINEAR_ACCELERATION 0.7625294 2.5530996 0.69386697

1499175678633 ROTATION_VECTOR -0.51112825 -0.24491301 -0.5705147

1499175678836 ACCELEROMETER 9.27652 -1.1832886 3.5101318

1499175678840 GRAVITY 8.450169 -2.8224742 4.0986185

1499175678878 LINEAR_ACCELERATION 1.5388603 1.4276891 -1.6336899

1499175678878 ROTATION_VECTOR -0.49640027 -0.21122357 -0.6304262

1499175678879 GYROSCOPE -0.70492554 1.1407776 -0.6883545

1499175678879 MAGNETIC_FIELD -51.45569 13.829041 -2.2705078

1499175679030 ACCELEROMETER 10.386429 -1.2846985 1.6226349

1499175679031 GYROSCOPE -0.95700073 0.16131592 -0.9831543

1499175679031 MAGNETIC_FIELD -51.940918 8.309937 -8.592224

1499175679032 GRAVITY 8.305484 -2.001057 4.815091

1499175679033 LINEAR_ACCELERATION 1.6259413 0.62396336 -1.9367886

1499175679033 ROTATION_VECTOR -0.4863623 -0.13397908 -0.7555504

1499175679244 GRAVITY 8.501895 -1.647732 4.601429

1499175679272 LINEAR_ACCELERATION -2.7202988 0.4868325 -1.2867975

1499175679288 ROTATION_VECTOR -0.51276845 -0.0496079 -0.8218216

1499175679289 ACCELEROMETER 7.0565643 -1.4216156 3.617508

1499175679289 GYROSCOPE -0.6045227 -0.18582153 -0.31451416

1499175679290 MAGNETIC_FIELD -51.556396 0.4333496 -14.15863

1499175679431 ACCELEROMETER 5.820862 0.3168335 4.8342743

1499175679432 GYROSCOPE -1.4173584 3.989441 1.1466675

1499175679432 MAGNETIC_FIELD -49.128723 -0.033569336 -17.582703

1499175679433 GRAVITY 6.2793508 -3.0776556 6.8751855

1499175679433 LINEAR_ACCELERATION -0.7075572 3.5737476 -1.1248398

1499175679434 ROTATION_VECTOR -0.37515566 0.09338808 -0.9016484

1499175679645 ACCELEROMETER 3.5345154 1.4376373 6.552719

1499175679651 GYROSCOPE 0.4475708 0.7477112 -0.16604614

1499175679661 MAGNETIC_FIELD -31.614685 11.418152 -39.80713

1499175679665 GRAVITY 2.4694586 -4.0741014 8.57169

1499175679667 LINEAR_ACCELERATION 1.6394823 6.130345 -1.4985704

1499175679670 ROTATION_VECTOR 0.11714614 -0.22190596 0.96631

1499175679846 ACCELEROMETER 3.8400116 -1.1315613 7.8619995

1499175679866 GRAVITY 1.3126869 -0.89733666 9.676881

1499175679890 LINEAR_ACCELERATION 2.458169 -3.3369718 3.626913

1499175679890 ROTATION_VECTOR 0.04229697 -0.06947912 0.90829676

1499175679891 GYROSCOPE 3.1894226 0.6035156 0.07748413

1499175679891 MAGNETIC_FIELD -26.069641 8.598328 -44.708252

1499175680032 ACCELEROMETER 3.6291351 -7.0265503 19.45642

1499175680033 GYROSCOPE 3.0580444 -3.815277 -2.9751892

1499175680034 MAGNETIC_FIELD -18.82782 -13.269043 -43.865967

1499175680034 GRAVITY 3.7949939 4.409829 7.894417

1499175680035 LINEAR_ACCELERATION -4.258951 -16.540882 11.778547

1499175680035 ROTATION_VECTOR 0.23969486 0.20010783 0.93716687

1499175680232 ACCELEROMETER 8.876862 -8.210388 19.45642

1499175680270 GRAVITY 1.2288083 4.643737 8.549627

1499175680294 LINEAR_ACCELERATION 13.3489275 -2.4559116 10.714898

1499175680295 ROTATION_VECTOR 0.13141312 0.21638143 0.9278271

1499175680295 GYROSCOPE -3.2523804 6.363861 0.6361084

1499175680295 MAGNETIC_FIELD -15.003967 -18.118286 -42.75818

1499175680431 ACCELEROMETER -5.7562256 1.3557892 13.796524

1499175680434 GYROSCOPE -4.87912 2.0689697 3.2252197

1499175680434 MAGNETIC_FIELD 14.324951 1.9165039 -46.20056

1499175680435 GRAVITY -4.883102 -3.4179351 7.787389

1499175680435 LINEAR_ACCELERATION -6.7753754 2.943799 -1.7575183

1499175680435 ROTATION_VECTOR -0.30737543 -0.0920545 0.8991316

1499175680632 ACCELEROMETER -7.591614 -1.1020966 7.2836914

1499175680633 GYROSCOPE 0.5896301 5.9408875 0.42889404

1499175680634 MAGNETIC_FIELD 28.016663 9.700012 -37.41455

1499175680634 GRAVITY -8.644977 -4.51563 1.0216872

1499175680635 LINEAR_ACCELERATION 5.103859 3.1679997 12.927115

1499175680635 ROTATION_VECTOR -0.65614146 -0.13185912 0.713464

1499175680835 ACCELEROMETER -2.2414246 3.4078217 -0.5637665

1499175680837 GYROSCOPE 2.0700378 0.4764099 0.08709717

1499175680838 GRAVITY -8.386577 -3.3682165 -3.806683

1499175680839 LINEAR_ACCELERATION -0.25533104 5.7124734 -2.4509845

1499175680840 ROTATION_VECTOR -0.82583886 0.10989522 0.48157275

1499175680841 MAGNETIC_FIELD 44.23065 2.041626 -19.499207

1499175681046 ACCELEROMETER -8.464935 -0.9253082 0.960968

1499175681052 GYROSCOPE 1.4088745 -0.7423096 0.8262329

1499175681056 MAGNETIC_FIELD 49.313354 0.4638672 -10.481262

1499175681059 GRAVITY -8.786844 -3.6455452 -2.3815448

1499175681061 LINEAR_ACCELERATION 1.5091877 2.727084 2.2378352

1499175681064 ROTATION_VECTOR -0.7247464 0.31010905 0.4297369

1499175681237 ACCELEROMETER -9.19574 1.1471252 -2.3391113

1499175681238 GYROSCOPE -0.018127441 0.7413025 -0.2952881

1499175681239 MAGNETIC_FIELD 49.38202 -4.2877197 -5.204773

1499175681239 GRAVITY -9.046839 -3.244188 -1.9494464

1499175681240 LINEAR_ACCELERATION 0.27190208 4.8771214 -0.23879254

1499175681241 ROTATION_VECTOR -0.70031923 0.33007133 0.44784096

1499175681442 ACCELEROMETER -8.711945 1.7957458 -4.266205

1499175681446 GYROSCOPE -0.5895691 0.384552 -0.11798096

1499175681449 MAGNETIC_FIELD 52.17285 -7.91626 -4.9957275

1499175681451 GRAVITY -8.658476 -3.2235606 -3.287832

1499175681454 LINEAR_ACCELERATION -0.53117275 5.071018 -2.3345954

1499175681456 ROTATION_VECTOR -0.764438 0.28856078 0.43443298

1499175681641 GRAVITY -8.63824 -2.8134289 -3.692672

1499175681647 LINEAR_ACCELERATION -0.77966404 4.6542363 0.04997611

1499175681650 ROTATION_VECTOR -0.7824596 0.2757369 0.4432302

1499175681652 ACCELEROMETER -8.523315 2.0085602 -3.8424683

1499175681656 GYROSCOPE 0.18588257 -0.075805664 0.15545654

1499175681659 MAGNETIC_FIELD 53.164673 -6.2423706 -5.5496216

1499175681842 ACCELEROMETER -9.132614 2.0121918 -2.6453094

1499175681847 GYROSCOPE 0.1741333 0.2371521 -0.14575195

1499175681850 MAGNETIC_FIELD 53.00293 -7.4050903 -6.2194824

1499175681852 GRAVITY -8.676361 -2.7016287 -3.6867795

1499175681856 LINEAR_ACCELERATION -0.56844044 4.6561613 1.2537482

1499175681858 ROTATION_VECTOR -0.79148316 0.24804808 0.459265

1499175682041 ACCELEROMETER -9.1380005 1.9242859 -2.9407654

1499175682044 GYROSCOPE -0.05657959 -0.041625977 0.060394287

1499175682046 MAGNETIC_FIELD 52.964783 -6.364441 -3.579712

1499175682049 GRAVITY -8.653521 -2.5953617 -3.814587

1499175682051 LINEAR_ACCELERATION -0.82196236 4.206162 0.36537242

1499175682055 ROTATION_VECTOR -0.80790544 0.20439829 0.47431362

1499175682241 ACCELEROMETER -8.729187 2.0378876 -3.3600159

1499175682246 GYROSCOPE -0.0031738281 0.01071167 -0.0154418945

1499175682249 MAGNETIC_FIELD 51.24817 -7.876587 -3.6605835

1499175682251 GRAVITY -8.742282 -2.302118 -3.8004131

1499175682260 LINEAR_ACCELERATION -0.51207733 4.362796 0.33773112

1499175682267 ROTATION_VECTOR -0.8190825 0.15123151 0.5006589

1499175682440 ACCELEROMETER -8.743164 2.1412354 -2.9498901

1499175682443 GYROSCOPE 0.058776855 0.08868408 0.012329102

1499175682446 MAGNETIC_FIELD 53.962708 -6.298828 -3.691101

1499175682448 GRAVITY -8.768312 -2.1059604 -3.8538313

1499175682451 LINEAR_ACCELERATION -0.48308182 4.1288624 0.6736047

1499175682453 ROTATION_VECTOR -0.83052236 0.081996076 0.5204501

1499175682644 ACCELEROMETER -8.888199 2.0420227 -3.3867035

1499175682648 GYROSCOPE -0.025604248 -0.014923096 0.00592041

1499175682651 MAGNETIC_FIELD 52.630615 -8.396912 -2.7313232

1499175682654 GRAVITY -8.793395 -1.8933295 -3.906647

1499175682656 LINEAR_ACCELERATION -0.59534264 3.8200219 0.21897554

1499175682659 ROTATION_VECTOR -0.8361028 0.01075664 0.53465015

1499175682844 ACCELEROMETER -8.774414 2.0478363 -3.2140045

1499175682849 GRAVITY -9.046407 -0.52138656 -3.7498095

1499175682852 LINEAR_ACCELERATION -0.31846428 2.5360606 0.37732148

1499175682854 ROTATION_VECTOR -0.8298734 0.049972452 0.5518636

1499175682857 GYROSCOPE 3.0517578E-5 0.020324707 0.017669678

1499175682859 MAGNETIC_FIELD 52.05536 -6.1782837 -3.111267

1499175683041 ACCELEROMETER -8.65535 2.0864563 -3.1998444

1499175683041 LINEAR_ACCELERATION -0.1337471 1.7371049 0.18400335

1499175683042 ROTATION_VECTOR 0.6759223 0.48004922 -0.44060224

1499175683042 GRAVITY -9.082921 0.41615713 -3.6739273

1499175683043 GYROSCOPE 0.006439209 0.014984131 -0.0058288574

1499175683043 MAGNETIC_FIELD 52.2995 -8.215332 -2.3788452

1499175683236 ACCELEROMETER -8.659637 2.140503 -3.4248505

1499175683237 LINEAR_ACCELERATION -0.11843586 1.168989 0.011259794

1499175683238 GRAVITY -9.029158 1.0326972 -3.6848643

1499175683238 GYROSCOPE -0.024536133 0.047027588 0.0016479492

1499175683238 MAGNETIC_FIELD 51.942444 -7.38678 -2.156067

1499175683239 ROTATION_VECTOR 0.5298178 0.6380979 -0.3057364

1499175683437 ACCELEROMETER -8.682846 2.159851 -3.305603

1499175683438 GYROSCOPE -0.007446289 0.016052246 -0.017578125

1499175683438 MAGNETIC_FIELD 52.36206 -7.170105 -2.0080566

1499175683439 GRAVITY -8.998526 1.4374396 -3.6236298

1499175683439 LINEAR_ACCELERATION -0.073661804 0.78493834 0.18101382

1499175683439 ROTATION_VECTOR 0.4978698 0.6609685 -0.26283827

