1492573390314 MAGNETIC_FIELD 18.016052 -45.625305 1.0574341

1492573390419 ACCELEROMETER -3.512741 8.032333 3.4709167

1492573390509 GYROSCOPE 0.50639343 0.78790283 0.3331604

1492573390518 GRAVITY -2.9164512 8.674146 3.524753

1492573390518 LINEAR_ACCELERATION -0.6100254 -1.2686138 2.5936239

1492573390520 ROTATION_VECTOR -0.04328996 0.56428146 0.79926705

1492573390574 MAGNETIC_FIELD 14.985657 -45.45288 7.672119

1492573390616 ACCELEROMETER -4.435089 9.50087 3.2870178

1492573390704 GYROSCOPE 1.283371 2.5894928 1.3177948

1492573390718 GRAVITY -3.6142528 8.738293 2.59804

1492573390718 LINEAR_ACCELERATION -0.69537544 1.0903873 0.99241185

1492573390720 ROTATION_VECTOR -0.20660014 0.5699589 0.79449064

1492573390815 MAGNETIC_FIELD -1.1581421 -44.947815 19.49768

1492573390860 ACCELEROMETER -0.02619934 7.9030457 -0.5061493

1492573390861 GYROSCOPE 2.5407257 2.9442902 0.62065125

1492573390918 GRAVITY -1.298215 9.682655 -0.85510844

1492573390919 LINEAR_ACCELERATION 2.0989892 -1.7223091 1.1471803

1492573390920 ROTATION_VECTOR 0.32630363 -0.6611538 -0.64016986

1492573390971 MAGNETIC_FIELD -17.997742 -33.103943 29.742432

1492573391056 ACCELEROMETER 1.3872375 6.650589 -5.315399

1492573391057 GYROSCOPE -0.6977997 2.1191864 -0.58070374

1492573391118 GRAVITY 2.053944 8.909074 -3.5468428

1492573391119 LINEAR_ACCELERATION 0.12934208 0.5500221 0.5999036

1492573391121 ROTATION_VECTOR 0.58383507 -0.583074 -0.29920897

1492573391166 MAGNETIC_FIELD -21.299744 -38.607788 15.898132

1492573391251 ACCELEROMETER 1.1077423 9.454056 -2.8115997

1492573391318 GRAVITY 0.7872396 9.765436 -0.43231466

1492573391318 LINEAR_ACCELERATION 0.18585724 0.7207012 -1.7359314

1492573391320 ROTATION_VECTOR 0.5946893 -0.41034925 -0.34564787

1492573391362 GYROSCOPE -1.9989471 0.6687622 -0.8036957

1492573391362 MAGNETIC_FIELD -15.364075 -41.822815 -6.4331055

1492573391447 ACCELEROMETER 0.22235107 8.692291 2.156952

1492573391518 GRAVITY 0.41418028 9.056417 3.739003

1492573391518 LINEAR_ACCELERATION -0.45505604 -0.038277626 -0.42253637

1492573391520 ROTATION_VECTOR 0.48109412 -0.27912784 -0.3837795

1492573391557 GYROSCOPE -2.0138245 0.558136 0.008346558

1492573391558 MAGNETIC_FIELD -13.925171 -34.23767 -21.406555

1492573391642 ACCELEROMETER 0.8983154 8.508759 2.5237274

1492573391718 GRAVITY 0.43185747 9.019625 3.8249521

1492573391718 LINEAR_ACCELERATION 0.32676888 0.18712807 -0.26594663

1492573391720 ROTATION_VECTOR 0.47900668 -0.27483505 -0.379833

1492573391752 GYROSCOPE 0.08778381 -0.41455078 0.01828003

1492573391753 MAGNETIC_FIELD -16.923523 -31.454468 -21.810913

1492573391838 ACCELEROMETER 0.74227905 4.5164948 5.479599

1492573391918 GRAVITY 1.0934181 9.284037 2.9633558

1492573391918 LINEAR_ACCELERATION -0.7290706 -5.456394 3.9866579

1492573391920 ROTATION_VECTOR 0.5178601 -0.2841334 -0.30272955

1492573391948 GYROSCOPE 1.2486725 1.0857086 0.5575104

1492573391948 MAGNETIC_FIELD -12.078857 -36.228943 -18.824768

1492573392033 ACCELEROMETER 2.5088806 10.53801 0.39289856

1492573392118 GRAVITY 1.7735077 9.637395 0.38168412

1492573392118 LINEAR_ACCELERATION -1.2324224 0.22070694 -0.24350497

1492573392120 ROTATION_VECTOR 0.63986695 -0.2666642 -0.15226994

1492573392143 GYROSCOPE 0.6528168 0.3828125 0.056228638

1492573392144 MAGNETIC_FIELD -10.333252 -40.623474 -14.285278

1492573392228 ACCELEROMETER 0.045654297 9.03389 3.3559113

1492573392318 GRAVITY 1.7099421 9.611693 -0.9283557

1492573392319 LINEAR_ACCELERATION -1.858709 -0.6028404 5.503257

1492573392320 ROTATION_VECTOR 0.707055 -0.21772979 -0.082322165

1492573392339 GYROSCOPE 1.2875824 1.1918488 -0.054626465

1492573392339 MAGNETIC_FIELD -5.0842285 -44.654846 -4.3136597

1492573392423 ACCELEROMETER -0.868454 10.059433 0.2027893

1492573392534 GYROSCOPE 0.32847595 0.27053833 -0.08207703

1492573392535 MAGNETIC_FIELD -3.9474487 -46.30127 -1.6601563

1492573392619 ACCELEROMETER -0.96035767 7.828583 -0.6797943

1492573392718 GRAVITY 0.2764741 9.5697365 -2.1246402

1492573392719 LINEAR_ACCELERATION -1.5223618 -2.4356213 1.1386676

1492573392720 ROTATION_VECTOR 0.75505555 -0.19549316 -0.13930301

1492573392729 GYROSCOPE 0.30477905 -0.8972931 -0.5556488

1492573392815 ACCELEROMETER -2.8600616 10.853607 -2.006195

1492573392816 MAGNETIC_FIELD -0.5508423 -47.660828 2.468872

1492573392924 GRAVITY -0.005169451 9.366415 -2.9052758

1492573392931 LINEAR_ACCELERATION -2.2888594 3.931344 -1.4433258

1492573392935 ROTATION_VECTOR 0.78507 -0.17830569 -0.13169865

1492573392937 GYROSCOPE 0.23970032 0.70158386 0.20373535

1492573393023 ACCELEROMETER -1.4945221 8.620377 -0.84420776

1492573393030 MAGNETIC_FIELD -2.8182983 -47.062683 3.842163

1492573393123 GRAVITY 0.34200165 9.520253 -2.3277018

1492573393124 LINEAR_ACCELERATION -0.6383481 -2.778366 0.48405743

1492573393125 ROTATION_VECTOR 0.7538317 -0.22453861 -0.15491992

1492573393125 GYROSCOPE -0.49542236 0.23616028 0.13079834

1492573393211 ACCELEROMETER 0.7167969 8.565994 -1.207489

1492573393212 MAGNETIC_FIELD -3.1570435 -45.433044 -1.7303467

1492573393320 GYROSCOPE 0.14219666 1.1206207 -0.29418945

1492573393321 GRAVITY 0.2832018 9.6504345 -1.7202606

1492573393322 LINEAR_ACCELERATION -0.708199 10.035979 -1.2699713

1492573393323 ROTATION_VECTOR 0.7505591 -0.1561087 -0.11225533

1492573393415 ACCELEROMETER -1.9245148 9.181046 -0.087249756

1492573393421 MAGNETIC_FIELD 0.7659912 -46.218872 -0.8544922

1492573393512 GYROSCOPE -0.23854065 0.5535126 -0.4607544

1492573393519 GRAVITY 0.07372028 9.632596 -1.8379476

1492573393519 LINEAR_ACCELERATION -1.8733048 0.37052727 -0.62344575

1492573393521 ROTATION_VECTOR 0.7680923 -0.06118387 -0.045749586

1492573393603 MAGNETIC_FIELD 6.074524 -45.716858 -3.0960083

1492573393715 ACCELEROMETER -3.694748 7.768585 -1.460434

1492573393725 GYROSCOPE 0.3168335 -1.6607361 -0.2985382

1492573393729 GRAVITY -1.5772978 9.594978 -1.2723668

1492573393731 LINEAR_ACCELERATION 1.2943366 -6.5261602 -2.169003

1492573393734 ROTATION_VECTOR 0.7447917 -0.100786954 -0.19332102

1492573393803 MAGNETIC_FIELD 5.5374146 -45.60089 -1.2954712

1492573393915 ACCELEROMETER -3.582672 11.208923 -1.343338

1492573393925 GYROSCOPE 0.074539185 -1.1087189 0.6336365

1492573393927 GRAVITY -1.2396287 9.5248995 -1.9773695

1492573393930 LINEAR_ACCELERATION -2.4574397 2.773982 -0.96980643

1492573393932 ROTATION_VECTOR 0.7513979 -0.19031294 -0.23287182

1492573393998 MAGNETIC_FIELD -2.279663 -46.653748 -0.8239746

1492573394114 ACCELEROMETER 0.42027283 5.4819336 -1.675003

1492573394123 GYROSCOPE -0.20529175 1.0814056 -0.33795166

1492573394126 GRAVITY -0.75650996 9.690574 -1.3003314

1492573394128 LINEAR_ACCELERATION 1.8319187 -7.929204 0.68540645

1492573394131 ROTATION_VECTOR 0.7213062 -0.21451291 -0.23628639

1492573394195 MAGNETIC_FIELD 2.7572632 -46.8338 -3.302002

1492573394306 ACCELEROMETER -2.9912262 12.645187 -2.5677643

1492573394315 GYROSCOPE 0.031677246 1.4423065 -0.120895386

1492573394326 GRAVITY -0.901022 9.629165 -1.624112

1492573394333 LINEAR_ACCELERATION -0.8013351 2.6132002 -0.23276591

1492573394336 ROTATION_VECTOR 0.7599334 -0.0728551 -0.12127367

1492573394390 MAGNETIC_FIELD 7.6187134 -46.881104 -2.7130127

1492573394505 ACCELEROMETER -1.9295807 5.5739594 -0.8048248

1492573394514 GYROSCOPE 0.012008667 -1.1361084 -0.5687256

1492573394527 GRAVITY -1.6548632 9.5301895 -1.6147133

1492573394534 LINEAR_ACCELERATION -0.5276756 -3.866562 1.8290794

1492573394536 ROTATION_VECTOR 0.76309586 0.0034923772 -0.10765232

1492573394581 MAGNETIC_FIELD 9.967041 -45.684814 -5.534363

1492573394697 ACCELEROMETER -5.3320923 11.65947 -1.546463

1492573394705 GYROSCOPE 0.10018921 -0.33947754 0.6005554

1492573394728 GRAVITY -2.4384217 9.394689 -1.401536

1492573394735 LINEAR_ACCELERATION -6.3261433 10.311211 -2.6626258

1492573394737 ROTATION_VECTOR 0.75444144 -0.047713462 -0.20412755

1492573394792 MAGNETIC_FIELD 4.7927856 -46.31195 -4.2282104

1492573394887 ACCELEROMETER -1.9579468 6.709488 -0.9679718

1492573394893 GYROSCOPE -0.18115234 0.2589569 0.36987305

1492573394924 GRAVITY -1.2664914 9.619308 -1.4266355

1492573394928 LINEAR_ACCELERATION -1.1660976 -1.794344 0.6169324

1492573394931 ROTATION_VECTOR 0.74115235 -0.15307298 -0.21464062

1492573394971 MAGNETIC_FIELD -0.54626465 -46.821594 -7.5790405

1492573395088 ACCELEROMETER -1.9980774 10.703476 -2.7041626

1492573395130 GRAVITY -1.5062497 9.592001 -1.3766272

1492573395136 LINEAR_ACCELERATION 4.297655 -3.43505 0.24708915

1492573395141 ROTATION_VECTOR 0.748265 -0.10142912 -0.18777879

1492573395173 GYROSCOPE 0.07469177 1.4977417 -0.36167908

1492573395180 MAGNETIC_FIELD 5.244446 -45.220947 -6.1019897

1492573395285 ACCELEROMETER -1.6571808 9.526459 -0.9383087

1492573395332 GRAVITY -1.2062879 9.548614 -1.8812857

1492573395342 LINEAR_ACCELERATION -1.9283172 -0.06677914 1.8852823

1492573395355 ROTATION_VECTOR 0.7719018 0.009300977 -0.07206784

1492573395356 GYROSCOPE -0.30174255 0.591568 -0.5259094

1492573395357 MAGNETIC_FIELD 12.680054 -43.80493 -7.3287964

1492573395471 ACCELEROMETER -2.9983368 7.1486206 -1.5656738

1492573395522 GRAVITY -2.3914607 9.430022 -1.2353069

1492573395525 LINEAR_ACCELERATION 0.9809356 -6.946599 0.09713435

1492573395527 ROTATION_VECTOR 0.74739045 0.06626194 -0.10528055

1492573395555 GYROSCOPE 0.25956726 -1.0259247 -0.082717896

1492573395558 MAGNETIC_FIELD 10.093689 -42.460632 -8.5372925

1492573395672 ACCELEROMETER -5.136551 12.246674 -1.1107941

1492573395726 GRAVITY -2.335273 9.420109 -1.4065715

1492573395732 LINEAR_ACCELERATION -2.3574033 4.295499 1.2489071

1492573395734 ROTATION_VECTOR 0.7561075 0.0040810914 -0.15403897

1492573395755 GYROSCOPE -0.04862976 -1.077301 0.655838

1492573395861 ACCELEROMETER -1.8300171 4.9937897 -0.0023956299

1492573395865 MAGNETIC_FIELD 2.3376465 -41.537476 -8.459473

1492573395926 GRAVITY -1.660073 9.6347 -0.76623386

1492573395932 LINEAR_ACCELERATION 0.13056123 -3.1494846 -1.048794

1492573395934 ROTATION_VECTOR 0.7251118 -0.11523859 -0.21886438

1492573395949 GYROSCOPE 0.03767395 -0.77008057 -0.30744934

1492573396061 ACCELEROMETER -2.6375275 12.12117 -2.2404633

1492573396065 MAGNETIC_FIELD 1.8829346 -40.44037 -7.5042725

1492573396126 GRAVITY -2.344496 9.466481 -1.029302

1492573396131 LINEAR_ACCELERATION -0.92151237 5.612852 -2.1399667

1492573396134 ROTATION_VECTOR 0.7291466 -0.14430867 -0.28383076

1492573396142 GYROSCOPE 0.57006836 -0.14065552 0.1232605

1492573396257 ACCELEROMETER -3.2114105 7.7165833 -1.1478577

1492573396262 MAGNETIC_FIELD 0.025939941 -39.796448 -3.3813477

1492573396326 GRAVITY -2.1250842 9.397081 -1.8301017

1492573396332 LINEAR_ACCELERATION -1.0446265 1.946166 -0.33788514

1492573396335 ROTATION_VECTOR 0.74967635 -0.17690276 -0.27975976

1492573396351 GYROSCOPE 0.39559937 -2.4851227 0.2960205

1492573396451 ACCELEROMETER -3.331787 7.806015 -3.428833

1492573396452 MAGNETIC_FIELD -6.100464 -37.84027 2.5177002

1492573396520 GRAVITY -2.6229072 9.339936 -1.4339954

1492573396521 LINEAR_ACCELERATION 0.53608656 -5.699235 0.25762296

1492573396521 ROTATION_VECTOR 0.6678015 -0.3565874 -0.45211682

1492573396536 GYROSCOPE 0.7958069 -3.3707428 0.29260254

1492573396646 ACCELEROMETER -6.976837 11.507355 -2.336792

1492573396647 MAGNETIC_FIELD -8.56781 -35.627747 14.543152

1492573396724 GRAVITY -3.022856 9.239448 -1.2904809

1492573396725 LINEAR_ACCELERATION -4.1520348 4.268407 1.2642446

1492573396725 ROTATION_VECTOR 0.5146288 -0.5485922 -0.5969415

1492573396726 GYROSCOPE 0.68167114 -2.903885 0.11659241

1492573396842 ACCELEROMETER -2.2424011 3.7732391 -1.8892059

1492573396842 MAGNETIC_FIELD 1.473999 -34.457397 24.754333

1492573396923 GRAVITY -3.717911 9.055964 -0.5805435

1492573396923 LINEAR_ACCELERATION -0.6677592 -2.6593056 -1.4205797

1492573396924 ROTATION_VECTOR 0.34675196 -0.6398145 -0.6819292

1492573396924 GYROSCOPE 1.0526581 -1.8815765 -0.20166016

1492573397037 ACCELEROMETER -2.1178284 13.522461 -0.35154724

1492573397038 MAGNETIC_FIELD 9.298706 -31.484985 32.061768

1492573397122 GYROSCOPE 0.14581299 -0.41563416 0.40390015

1492573397125 GRAVITY -3.5684793 9.051237 -1.2294074

1492573397127 LINEAR_ACCELERATION -2.5374982 2.3764744 0.099493265

1492573397131 ROTATION_VECTOR -0.1442623 0.7361187 0.65037555

1492573397236 MAGNETIC_FIELD 9.60083 -30.656433 36.213684

1492573397326 ACCELEROMETER -2.6789093 7.6629486 -0.45916748

1492573397333 GRAVITY -3.7471063 9.061436 0.1412869

1492573397335 LINEAR_ACCELERATION 1.9168725 -5.500267 -0.5333693

1492573397338 ROTATION_VECTOR -0.062263064 0.6992279 0.679676

1492573397340 GYROSCOPE -0.22114563 -1.5634613 -0.03894043

1492573397434 MAGNETIC_FIELD 18.792725 -33.718872 31.695557

1492573397517 ACCELEROMETER -5.11322 11.179062 -2.1541443

1492573397531 GYROSCOPE 0.59251404 -0.8734741 0.46699524

1492573397534 GRAVITY -2.925764 9.351866 -0.39101338

1492573397537 LINEAR_ACCELERATION -1.1482947 4.086687 -2.8124218

1492573397539 ROTATION_VECTOR 0.059352633 0.7186191 0.64198804

1492573397627 MAGNETIC_FIELD 23.954773 -31.40564 32.40204

1492573397715 ACCELEROMETER -3.3586426 8.607437 -1.2744141

1492573397724 GYROSCOPE -0.04286194 -1.0349884 0.13246155

1492573397726 GRAVITY -2.6221142 9.449413 0.05908223

1492573397729 LINEAR_ACCELERATION 1.1604645 -3.8929434 -1.8549352

1492573397732 ROTATION_VECTOR 0.1343205 0.692059 0.6347581

1492573397823 MAGNETIC_FIELD 27.923584 -33.563232 27.140808

1492573397906 ACCELEROMETER -0.6807251 7.2330475 -1.3266602

1492573397929 GRAVITY -3.451288 9.178266 -0.13575694

1492573397935 LINEAR_ACCELERATION -4.4435005 9.135863 -0.67184025

1492573397938 ROTATION_VECTOR 0.05446112 0.70989835 0.6364329

1492573398029 GYROSCOPE -0.06800842 1.6184845 -0.3444519

1492573398035 MAGNETIC_FIELD 22.627258 -33.79669 33.285522

1492573398093 ACCELEROMETER -2.6535645 11.607941 -2.1132507

1492573398122 GRAVITY -2.9889522 9.290412 -0.9616628

1492573398122 LINEAR_ACCELERATION -0.415272 -0.13075733 -0.5907785

1492573398123 ROTATION_VECTOR -0.049930725 0.73928213 0.6516783

1492573398209 GYROSCOPE -0.338562 1.1955566 0.024169922

1492573398210 MAGNETIC_FIELD 19.421387 -36.753845 33.64868

1492573398294 ACCELEROMETER -1.7756653 4.210037 -0.9293823

1492573398325 GRAVITY -3.5889294 9.125916 -0.08735274

1492573398325 LINEAR_ACCELERATION 0.53772116 -2.9038134 -1.9949303

1492573398326 ROTATION_VECTOR -0.010130297 0.7101768 0.6587193

1492573398400 GYROSCOPE 0.1002655 -1.6429138 -0.1493988

1492573398403 MAGNETIC_FIELD 27.029419 -35.65674 30.099487

1492573398483 ACCELEROMETER -5.563843 14.267929 -2.3825836

1492573398522 GRAVITY -2.3617866 9.476834 -0.8842908

1492573398525 LINEAR_ACCELERATION 1.0395684 1.506794 -2.8189483

1492573398529 ROTATION_VECTOR 0.106161594 0.7306271 0.6242015

1492573398596 GYROSCOPE 0.4572754 -0.5613251 0.86608887

1492573398600 MAGNETIC_FIELD 23.252869 -38.220215 29.187012

1492573398681 ACCELEROMETER -1.5123749 5.448715 -1.4999542

1492573398722 GRAVITY -2.1165953 9.562326 -0.50233155

1492573398725 LINEAR_ACCELERATION 1.6598077 -5.3374176 -0.66852033

1492573398727 ROTATION_VECTOR 0.17513123 0.7035203 0.6166088

1492573398800 GYROSCOPE -0.049362183 -0.75631714 -0.25320435

1492573398804 MAGNETIC_FIELD 29.40979 -37.342834 26.3443

1492573398881 ACCELEROMETER 0.41351318 13.326782 -2.685501

1492573398924 GRAVITY -2.3185077 9.478613 -0.97509176

1492573398928 LINEAR_ACCELERATION 6.175375 5.919692 -3.135709

1492573398931 ROTATION_VECTOR 0.115479544 0.7323799 0.6190285

1492573398993 GYROSCOPE -0.1007843 1.8916931 -0.1273346

1492573398997 MAGNETIC_FIELD 25.564575 -37.443542 31.602478

1492573399077 ACCELEROMETER -3.647232 7.7488403 -1.1436615

1492573399127 GRAVITY -2.7853577 9.343762 -1.0517908

1492573399133 LINEAR_ACCELERATION 1.1444578 -2.9666796 0.20873928

1492573399135 ROTATION_VECTOR -0.0130761 0.74394584 0.6435247

1492573399191 GYROSCOPE -0.35636902 0.18145752 -0.41967773

1492573399195 MAGNETIC_FIELD 28.45459 -36.257935 28.822327

1492573399273 ACCELEROMETER -4.035019 7.1940155 -1.8256073

1492573399327 GRAVITY -3.0940144 9.292873 -0.48986626

1492573399333 LINEAR_ACCELERATION -6.287859 6.8679304 -3.3310525

1492573399335 ROTATION_VECTOR 0.10534876 0.7168527 0.6153218

1492573399384 GYROSCOPE 0.73869324 -1.2896271 0.37901306

1492573399470 ACCELEROMETER -2.114334 11.025436 -2.6416016

1492573399474 MAGNETIC_FIELD 26.942444 -36.408997 27.851868

1492573399525 GRAVITY -2.2079263 9.526235 -0.73912656

1492573399534 LINEAR_ACCELERATION -0.5790415 -1.2688999 -0.27505487

1492573399537 ROTATION_VECTOR 0.19523586 0.7068012 0.5975935

1492573399580 GYROSCOPE -0.3563385 -1.0473633 0.5478363

1492573399664 ACCELEROMETER -0.6640167 7.404236 -0.9196625

1492573399670 MAGNETIC_FIELD 27.204895 -41.049194 23.129272

1492573399726 GRAVITY -2.2841744 9.536318 -0.10760821

1492573399732 LINEAR_ACCELERATION 3.258449 -5.6427774 -1.6737102

1492573399734 ROTATION_VECTOR 0.1974843 0.6829981 0.61146265

1492573399774 GYROSCOPE 0.03414917 0.8738556 -0.0040893555

1492573399857 ACCELEROMETER -0.7353821 13.378784 -2.078003

1492573399863 MAGNETIC_FIELD 24.679565 -39.61792 25.553894

1492573399919 GRAVITY -2.2877626 9.485004 -0.9855086

1492573399920 LINEAR_ACCELERATION 0.5391462 1.4787188 -0.99671084

1492573399921 ROTATION_VECTOR 0.101006076 0.73487735 0.62445676

1492573399965 GYROSCOPE -0.07069397 1.3976288 -0.39979553

1492573400058 MAGNETIC_FIELD 20.822144 -38.56964 29.855347

1492573400118 GRAVITY -3.4780006 9.147745 -0.6266242

1492573400119 LINEAR_ACCELERATION 1.853821 -4.91175 0.18293715

1492573400120 ROTATION_VECTOR -0.013242 0.7292281 0.643791

1492573400164 ACCELEROMETER -2.247757 5.5080566 -0.6455536

1492573400165 GYROSCOPE -0.37078857 -0.6069946 -0.6986084

1492573400249 MAGNETIC_FIELD 27.6474 -37.54425 23.892212

1492573400325 GRAVITY -3.8619566 8.970899 -0.88241607

1492573400326 LINEAR_ACCELERATION -1.7950802 5.5775213 0.5324477

1492573400326 ROTATION_VECTOR 0.022991583 0.7378767 0.6109631

1492573400359 ACCELEROMETER -4.9778137 10.965637 -2.939972

1492573400360 GYROSCOPE 0.6050415 0.03413391 0.31304932

1492573400442 MAGNETIC_FIELD 25.827026 -36.532593 26.77002

1492573400525 GRAVITY -2.9785173 9.305124 -0.844684

1492573400531 LINEAR_ACCELERATION -0.053658485 -2.926136 0.25495166

1492573400533 ROTATION_VECTOR 0.11076203 0.7285593 0.6055043

1492573400554 ACCELEROMETER -2.677719 6.9613037 -1.0226135

1492573400557 GYROSCOPE -0.10899353 -0.37460327 0.07501221

1492573400644 MAGNETIC_FIELD 26.669312 -38.40027 24.369812

1492573400733 GRAVITY -3.3875644 9.121355 -1.2229774

1492573400739 LINEAR_ACCELERATION 0.8457017 4.213644 -0.2688924

1492573400742 ROTATION_VECTOR 0.07060235 0.746572 0.5957208

1492573400747 ACCELEROMETER -0.4081421 10.461456 -2.240738

1492573400749 GYROSCOPE 0.057769775 1.044693 -0.20465088

1492573400842 MAGNETIC_FIELD 23.310852 -38.008118 29.954529

1492573400931 GRAVITY -3.0283601 9.157797 -1.7703602

1492573400937 LINEAR_ACCELERATION -4.9307795 0.04996395 5.5866985

1492573400943 ROTATION_VECTOR -0.016885348 0.7681003 0.61200964

1492573400945 ACCELEROMETER -3.4592133 9.646698 0.35142517

1492573400947 GYROSCOPE -0.44587708 1.1559143 -0.41828918

1492573401034 MAGNETIC_FIELD 19.593811 -37.417603 31.10199

1492573401133 GRAVITY -3.8695896 8.970237 -0.85528564

1492573401141 LINEAR_ACCELERATION 0.5142205 -7.4915323 1.0649524

1492573401144 ROTATION_VECTOR -0.07708336 0.7332568 0.6448893

1492573401147 ACCELEROMETER -3.5873566 6.4923706 -1.3066559

1492573401149 GYROSCOPE 0.28234863 -1.0572052 0.035247803

1492573401232 MAGNETIC_FIELD 25.073242 -38.85956 27.824402

1492573401335 GRAVITY -3.328285 9.124928 -1.3522527

1492573401340 LINEAR_ACCELERATION -2.1113825 3.0229292 -1.4138405

1492573401343 ROTATION_VECTOR 0.010732931 0.7542085 0.6135349

1492573401346 ACCELEROMETER -4.8687134 10.884491 -0.85798645

1492573401349 GYROSCOPE 0.044631958 -0.8265228 0.6762085

1492573401416 MAGNETIC_FIELD 22.441101 -41.368103 26.31836

1492573401524 GRAVITY -2.5616343 9.457815 -0.39769205

1492573401527 LINEAR_ACCELERATION 0.7870321 -5.1492424 -0.78538597

1492573401531 ROTATION_VECTOR 0.119545504 0.7113266 0.6292775

1492573401533 ACCELEROMETER -1.0335388 5.3554077 -1.0660248

1492573401613 GYROSCOPE 0.06707764 -0.14334106 -0.57637024

1492573401616 MAGNETIC_FIELD 27.705383 -38.012695 24.501038

1492573401732 GRAVITY -3.6771863 9.058201 -0.77310497

1492573401738 LINEAR_ACCELERATION 1.1564374 7.2944956 -3.4408903

1492573401741 ROTATION_VECTOR 0.091709994 0.728702 0.5920264

1492573401743 ACCELEROMETER -2.4324493 11.866165 -0.2119751

1492573401816 GYROSCOPE 0.034988403 0.7319031 -0.0029907227

1492573401825 MAGNETIC_FIELD 25.138855 -37.287903 30.169678

1492573401928 ACCELEROMETER -3.7049255 6.7655487 -0.041915894

1492573401936 GRAVITY -3.25377 9.140256 -1.4279637

1492573401939 LINEAR_ACCELERATION 0.25791693 -0.7913742 0.5478046

1492573401942 ROTATION_VECTOR 0.055687886 0.75478786 0.59795195

1492573402015 GYROSCOPE 0.05558777 -1.0421753 -0.2136383

1492573402021 MAGNETIC_FIELD 30.047607 -36.026 24.949646

1492573402127 ACCELEROMETER -5.07724 9.367233 -2.5337372

1492573402133 GRAVITY -3.886106 8.996832 -0.35439035

1492573402135 LINEAR_ACCELERATION 1.4696662 -2.8852043 -0.5633749

1492573402138 ROTATION_VECTOR 0.14751768 0.7044909 0.5673549

1492573402206 GYROSCOPE 0.8630371 -1.9850769 0.3999939

1492573402317 ACCELEROMETER -5.142029 9.316635 -1.2549286

1492573402328 MAGNETIC_FIELD 33.70056 -36.395264 18.699646

1492573402331 GRAVITY -3.3107495 9.158993 -1.1498581

1492573402334 LINEAR_ACCELERATION -2.1703029 3.1156788 -1.9314151

1492573402336 ROTATION_VECTOR 0.30186266 0.68374366 0.48035482

1492573402405 GYROSCOPE 0.21339417 -2.154541 0.52389526

1492573402515 ACCELEROMETER -1.2124329 5.0419006 -2.0095215

1492573402525 MAGNETIC_FIELD 32.71637 -37.98065 9.294128

1492573402527 GRAVITY -2.7260754 9.415797 -0.28576657

1492573402530 LINEAR_ACCELERATION 0.42470074 -5.550042 -1.5419617

1492573402532 ROTATION_VECTOR 0.46044666 0.55005354 0.38880482

1492573402598 GYROSCOPE 0.19802856 -0.44873047 -0.5981293

1492573402711 ACCELEROMETER -4.9023285 12.959015 -1.4080505

1492573402717 MAGNETIC_FIELD 33.717346 -34.877014 6.7474365

1492573402723 GRAVITY -4.101361 8.868858 -0.832216

1492573402726 LINEAR_ACCELERATION -2.5506783 9.88182 -2.9899309

1492573402728 ROTATION_VECTOR 0.43085244 0.5973252 0.33185032

1492573402793 GYROSCOPE 0.104385376 -0.076187134 0.21749878

1492573402905 ACCELEROMETER -2.41716 4.4763794 -1.1215515

1492573402913 MAGNETIC_FIELD 32.34253 -37.75177 9.501648

1492573402929 GRAVITY -3.6447887 9.050332 -0.98863554

1492573402936 LINEAR_ACCELERATION 0.6321907 -1.9722958 -0.4492162

1492573402938 ROTATION_VECTOR 0.4629902 0.57969517 0.32967466

1492573402991 GYROSCOPE 0.40144348 -2.4974213 0.099746704

1492573403102 ACCELEROMETER -5.4877167 10.300751 -3.2886505

1492573403108 MAGNETIC_FIELD 28.28064 -38.745117 -0.38146973

1492573403129 GRAVITY -3.7981863 9.038626 0.21776073

1492573403135 LINEAR_ACCELERATION 0.62760425 -4.805196 -1.8773227

1492573403137 ROTATION_VECTOR 0.56779265 0.40805492 0.15973417

1492573403184 GYROSCOPE 1.0591431 -1.8344574 0.54203796

1492573403295 ACCELEROMETER -4.2638855 9.604187 -1.6208038

1492573403303 MAGNETIC_FIELD 20.587158 -42.738342 -1.9622803

1492573403330 GRAVITY -2.9135017 9.341872 -0.6413447

1492573403336 LINEAR_ACCELERATION -4.490204 5.560835 0.34022707

1492573403339 ROTATION_VECTOR 0.67809343 0.26997918 0.052305218

1492573403381 GYROSCOPE 0.28614807 -2.979889 0.51457214

1492573403493 ACCELEROMETER -1.8518982 4.8469696 -1.9690704

1492573403499 MAGNETIC_FIELD 8.766174 -45.80841 -4.6936035

1492573403525 GRAVITY -2.3234262 9.527003 0.09106442

1492573403528 LINEAR_ACCELERATION -0.74196887 -5.9481506 -1.8304837

1492573403530 ROTATION_VECTOR 0.70335925 0.025353298 -0.14334312

1492573403575 GYROSCOPE 0.8570862 0.36302185 -0.5644226

1492573403686 ACCELEROMETER -0.35975647 15.402344 -4.7863617

1492573403694 MAGNETIC_FIELD 12.738037 -46.287537 2.3864746

1492573403730 GRAVITY -3.0559158 9.154631 -1.7391074

1492573403737 LINEAR_ACCELERATION -0.5141115 9.400499 -4.0651727

1492573403742 ROTATION_VECTOR 0.7652825 0.05488598 -0.15903488

1492573403763 GYROSCOPE -0.51693726 0.6064911 0.0496521

1492573403877 MAGNETIC_FIELD 14.349365 -45.399475 -1.9348145

1492573403925 GRAVITY -2.3916535 9.377051 -1.5878544

1492573403926 LINEAR_ACCELERATION -4.2230663 -2.3785343 1.8606547

1492573403926 ROTATION_VECTOR 0.7513239 0.12833746 -0.052084703

1492573403963 ACCELEROMETER -1.7214508 3.4088593 -0.5438385

1492573403964 GYROSCOPE 0.24841309 -2.7654572 -0.005493164

1492573404072 MAGNETIC_FIELD 7.785034 -45.26062 -3.8101196

1492573404125 GRAVITY -3.0694337 9.286661 -0.7119638

1492573404126 LINEAR_ACCELERATION 1.6198905 -4.501504 -1.959142

1492573404126 ROTATION_VECTOR 0.73230094 -0.0059461487 -0.21894225

1492573404157 ACCELEROMETER -6.1088867 14.609421 -2.7081604

1492573404157 GYROSCOPE 0.3888092 -0.51698303 0.39788818

1492573404267 MAGNETIC_FIELD 1.1550903 -46.099854 -0.25177002

1492573404325 GRAVITY -2.3723793 9.382385 -1.5852584

1492573404326 LINEAR_ACCELERATION 0.4743557 1.2481003 -5.993335

1492573404326 ROTATION_VECTOR 0.75537854 -0.10113824 -0.24060608

1492573404353 ACCELEROMETER -2.9341583 5.1057587 -0.20718384

1492573404353 GYROSCOPE 0.21505737 -0.71157837 0.5860596

1492573404456 MAGNETIC_FIELD -2.6794434 -46.446228 1.3427734

1492573404522 GRAVITY -1.8146467 9.591411 -0.93930656

1492573404526 LINEAR_ACCELERATION 1.9333339 -7.236307 1.2812107

1492573404529 ROTATION_VECTOR 0.70370877 -0.22953273 -0.3237055

1492573404542 ACCELEROMETER -0.23751831 11.771698 -3.9593658

1492573404654 GYROSCOPE -0.35203552 1.9249268 -0.49137878

1492573404657 MAGNETIC_FIELD 6.3812256 -46.376038 0.11444092

1492573404722 GRAVITY -1.9486802 9.528855 -1.2545706

1492573404726 LINEAR_ACCELERATION 4.335894 5.2259054 -1.5535879

1492573404729 ROTATION_VECTOR 0.7463735 -0.0830175 -0.20300697

1492573404738 ACCELEROMETER -4.318741 8.142334 -0.8679352

1492573404851 GYROSCOPE -0.37347412 0.5558014 -0.5104523

1492573404855 MAGNETIC_FIELD 10.961914 -45.906067 -2.684021

1492573404925 GRAVITY -2.5934396 9.401976 -1.0233836

1492573404932 LINEAR_ACCELERATION 0.6574557 -4.505934 0.13841361

1492573404935 ROTATION_VECTOR 0.74301106 0.010612795 -0.16871351

1492573404937 ACCELEROMETER -3.8419342 6.09993 -2.3361511

1492573405050 GYROSCOPE 0.6134186 -1.9177246 0.08882141

1492573405054 MAGNETIC_FIELD 6.2576294 -46.409607 1.6220093

1492573405131 GRAVITY -3.3164363 9.213722 -0.52816457

1492573405135 LINEAR_ACCELERATION -7.307478 10.527056 -5.369498

1492573405138 ROTATION_VECTOR 0.7152767 -0.12372607 -0.3398365

1492573405140 ACCELEROMETER -3.8816986 11.292175 -0.5365753

1492573405247 GYROSCOPE 0.11277771 -0.79582214 0.63031006

1492573405253 MAGNETIC_FIELD -0.009155273 -46.498108 1.7669678

1492573405327 GRAVITY -2.2988384 9.490829 -0.89994055

1492573405334 LINEAR_ACCELERATION -1.5276878 -1.3135185 0.08106941

1492573405336 ROTATION_VECTOR 0.70741934 -0.21317153 -0.3408571

1492573405339 ACCELEROMETER -0.06863403 4.0580597 -0.6145325

1492573405443 GYROSCOPE 0.028762817 0.64434814 -0.13206482

1492573405449 MAGNETIC_FIELD 2.1896362 -45.86029 3.6315918

1492573405524 ACCELEROMETER -0.5318756 14.423447 -3.457901

1492573405530 GRAVITY -2.5878248 9.363638 -1.3400922

1492573405532 LINEAR_ACCELERATION -0.8464296 3.8960314 -0.5128164

1492573405535 ROTATION_VECTOR 0.75160336 -0.058463965 -0.22360373

1492573405632 GYROSCOPE -0.3934784 2.048355 -0.6112366

1492573405639 MAGNETIC_FIELD 8.627319 -45.72296 -0.27008057

1492573405726 ACCELEROMETER -4.327759 6.252304 -0.38607788

1492573405732 GRAVITY -3.8713212 8.96359 -0.91505086

1492573405735 LINEAR_ACCELERATION 1.6238232 -6.4872017 1.0410403

1492573405737 ROTATION_VECTOR 0.73921186 0.014847882 -0.25449657

1492573405835 GYROSCOPE -0.31282043 -0.48051453 -0.5459442

1492573405844 MAGNETIC_FIELD 9.866333 -45.135498 -4.286194

1492573405924 ACCELEROMETER -3.7230682 9.1280365 -3.4944

1492573405930 GRAVITY -4.025254 8.904916 -0.81865144

1492573405933 LINEAR_ACCELERATION -3.4594126 6.230934 -0.19043785

1492573405935 ROTATION_VECTOR 0.72759604 -0.11110184 -0.36875296

1492573406032 GYROSCOPE 0.54377747 -0.87094116 0.41978455

1492573406114 ACCELEROMETER -3.3244324 8.080292 -1.122467

1492573406126 MAGNETIC_FIELD 5.874634 -47.14966 -1.3244629

1492573406128 GRAVITY -3.154236 9.268382 -0.5641601

1492573406131 LINEAR_ACCELERATION -0.17852354 -3.5469236 -0.58575153

1492573406133 ROTATION_VECTOR 0.706105 -0.17372358 -0.3700153

1492573406225 GYROSCOPE -0.14607239 -0.8204956 0.35157776

1492573406313 ACCELEROMETER -0.75086975 7.8816833 -1.523819

1492573406322 MAGNETIC_FIELD 1.1138916 -47.60437 -3.024292

1492573406325 GRAVITY -3.6338944 9.082675 -0.68572664

1492573406328 LINEAR_ACCELERATION 1.6325779 1.1627932 0.05571091

1492573406330 ROTATION_VECTOR 0.7129987 -0.16308041 -0.3881073

1492573406423 GYROSCOPE 0.066986084 0.80307007 -0.5637665

1492573406505 ACCELEROMETER -2.7214508 11.071396 -1.3831177

1492573406514 MAGNETIC_FIELD 5.395508 -47.431946 -2.4856567

1492573406528 GRAVITY -3.516828 9.006734 -1.6373914

1492573406534 LINEAR_ACCELERATION -3.6337693 -1.2067833 2.947651

1492573406537 ROTATION_VECTOR 0.7609387 -0.06675357 -0.28637806

1492573406615 GYROSCOPE -0.22113037 1.359787 -0.07310486

1492573406690 MAGNETIC_FIELD 10.598755 -45.53833 -4.031372

1492573406720 GRAVITY -4.090698 8.833816 -1.183335

1492573406721 LINEAR_ACCELERATION 1.3061261 -6.3322935 0.98463964

1492573406722 ROTATION_VECTOR 0.74841094 -0.014641113 -0.2903425

1492573406803 ACCELEROMETER -2.129181 4.900299 -0.941803

1492573406804 GYROSCOPE 0.1972351 -1.3955383 -0.20205688

1492573406888 MAGNETIC_FIELD 7.7651978 -45.628357 -3.6468506

1492573406930 GRAVITY -3.9449472 8.90957 -1.1078539

1492573406936 LINEAR_ACCELERATION -0.504899 6.7014685 2.3364549

1492573406945 ROTATION_VECTOR 0.73966044 -0.09688787 -0.34643358

1492573407008 ACCELEROMETER -6.0682983 13.506973 -1.9645386

1492573407016 GYROSCOPE 0.09010315 -0.060073853 0.5709839

1492573407094 MAGNETIC_FIELD 2.1835327 -45.339966 -0.98876953

1492573407130 GRAVITY -3.158895 9.263634 -0.61388034

1492573407137 LINEAR_ACCELERATION 1.5015271 -3.9685535 -1.2015618

1492573407141 ROTATION_VECTOR 0.70335853 -0.19127466 -0.38325635

1492573407206 ACCELEROMETER -2.0068665 5.367981 -0.63830566

1492573407212 GYROSCOPE -0.055389404 -0.39990234 -0.1224823

1492573407286 MAGNETIC_FIELD 2.0767212 -45.655823 -1.991272

1492573407330 GRAVITY -3.3747485 9.157609 -0.9589857

1492573407337 LINEAR_ACCELERATION -1.0015349 10.660429 -2.6061535

1492573407342 ROTATION_VECTOR 0.72410005 -0.15676038 -0.36033225

1492573407398 ACCELEROMETER -0.7854004 11.945862 -2.404953

1492573407406 GYROSCOPE -0.20941162 1.9368439 -0.05239868

1492573407473 MAGNETIC_FIELD 7.9833984 -45.57953 -3.68042

1492573407519 GRAVITY -3.0208604 9.15832 -1.7804376

1492573407519 LINEAR_ACCELERATION -4.140353 0.5434971 0.24913728

1492573407521 ROTATION_VECTOR 0.768568 -0.008963136 -0.20745711

1492573407581 ACCELEROMETER -3.8942719 8.834045 -1.5304871

1492573407582 GYROSCOPE -0.353714 0.58174133 -0.41610718

1492573407670 MAGNETIC_FIELD 13.568115 -43.1839 -6.161499

1492573407723 GRAVITY -3.8515844 8.982819 -0.80290586

1492573407725 LINEAR_ACCELERATION 1.9754543 -7.8100405 -0.35924172

1492573407726 ROTATION_VECTOR 0.7350476 -0.025334883 -0.2882945

1492573407780 ACCELEROMETER -4.2429047 6.9328003 -2.0625305

1492573407781 GYROSCOPE 0.6252289 -1.5148926 0.21482849

1492573407873 MAGNETIC_FIELD 6.1187744 -43.530273 -5.407715

1492573407933 GRAVITY -3.227846 9.158965 -1.3655599

1492573407939 LINEAR_ACCELERATION -1.5822253 4.8350706 -3.1568604

1492573407942 ROTATION_VECTOR 0.744313 -0.12498952 -0.31751123

1492573407985 ACCELEROMETER -4.683426 10.606445 -1.7194061

1492573407993 GYROSCOPE -0.06867981 -1.2839508 0.5623779

1492573408071 MAGNETIC_FIELD -2.6763916 -41.270447 -4.6813965

1492573408133 GRAVITY -2.727545 9.419619 -0.040980205

1492573408139 LINEAR_ACCELERATION 0.71019244 -4.913163 -0.5014145

1492573408142 ROTATION_VECTOR 0.660059 -0.25770435 -0.4293233

1492573408182 ACCELEROMETER -1.9105225 5.008148 -1.2931061

1492573408265 GYROSCOPE 0.49417114 -1.7211151 -0.31352234

1492573408274 MAGNETIC_FIELD -3.3752441 -39.349365 0.56152344

1492573408333 GRAVITY -3.4340472 9.157867 -0.7149676

1492573408339 LINEAR_ACCELERATION -1.5975459 7.1666117 -3.5445

1492573408342 ROTATION_VECTOR 0.6379852 -0.35976112 -0.5213567

1492573408374 ACCELEROMETER -3.6799927 11.631332 -3.3706055

1492573408463 GYROSCOPE 0.6551361 -0.8117523 0.017730713

1492573408469 MAGNETIC_FIELD -4.1152954 -39.297485 5.41687

1492573408533 GRAVITY -3.2767377 9.127444 -1.4570967

1492573408539 LINEAR_ACCELERATION -1.3143389 -1.2889395 -1.3880228

1492573408542 ROTATION_VECTOR 0.6171904 -0.43973538 -0.53588134

1492573408571 ACCELEROMETER -3.6907501 5.72406 -2.2537537

1492573408651 GYROSCOPE 1.2492828 -4.0009613 0.77137756

1492573408654 MAGNETIC_FIELD -4.521179 -34.431458 22.789001

1492573408733 GRAVITY -3.4866865 9.11601 -0.9548639

1492573408739 LINEAR_ACCELERATION 1.6864641 -6.853305 -2.3210325

1492573408742 ROTATION_VECTOR 0.33463442 -0.66083604 -0.6682102

1492573408766 ACCELEROMETER -3.3317719 11.780869 -4.130417

1492573408853 GYROSCOPE 1.0442352 -1.7378693 0.5986481

1492573408933 GRAVITY -2.5276542 9.217032 -2.197195

1492573408939 LINEAR_ACCELERATION -3.7992659 7.5113335 -3.6300914

1492573408942 ROTATION_VECTOR 0.24423735 -0.7432186 -0.6221021

1492573408960 ACCELEROMETER -4.641876 9.980026 -2.801422

1492573408966 MAGNETIC_FIELD -2.7755737 -31.36139 29.501343

1492573409046 GYROSCOPE -0.311615 -2.5778656 0.6525116

1492573409133 GRAVITY -2.5721998 9.444665 -0.5937043

1492573409139 LINEAR_ACCELERATION -0.4114616 -4.642823 -0.4070438

1492573409142 ROTATION_VECTOR -0.030869916 0.7275421 0.6683229

1492573409153 ACCELEROMETER -1.5814514 4.337494 -1.9051666

1492573409160 MAGNETIC_FIELD 8.764648 -34.53827 28.752136

1492573409244 GYROSCOPE 0.5214081 -0.0067749023 -0.5500641

1492573409333 GRAVITY -3.3153784 8.971137 -2.1673386

1492573409339 LINEAR_ACCELERATION 0.2733724 4.509143 0.86617374

1492573409344 ROTATION_VECTOR -0.052175533 0.77960324 0.5985398

1492573409347 ACCELEROMETER 1.7162628 14.657379 -1.7541351

1492573409349 MAGNETIC_FIELD 14.476013 -35.217285 30.978394

1492573409437 GYROSCOPE 0.79319763 0.3956604 0.32017517

1492573409531 GRAVITY -2.4070537 9.044421 -2.928299

1492573409540 LINEAR_ACCELERATION -5.723615 -1.90203 3.517094

1492573409543 ROTATION_VECTOR -0.020048339 0.8055431 0.5758899

1492573409545 ACCELEROMETER -3.5970917 6.904587 -0.3372345

1492573409548 MAGNETIC_FIELD 10.415649 -33.195496 35.728455

1492573409638 GYROSCOPE 0.15034485 -0.7997894 -0.25868225

1492573409735 GRAVITY -3.3821464 8.831761 -2.594508

1492573409741 LINEAR_ACCELERATION 1.5961747 -6.001254 2.1033735

1492573409744 ROTATION_VECTOR 0.007797949 0.79512405 0.5641386

1492573409746 ACCELEROMETER -5.939514 9.359283 -2.9375916

1492573409749 MAGNETIC_FIELD 17.755127 -33.11615 35.0235

1492573409827 GYROSCOPE 0.76420593 -1.6659698 0.23884583

1492573409924 GRAVITY -3.6539485 8.69594 -2.6832204

1492573409931 LINEAR_ACCELERATION -0.8675263 5.3398085 3.0225308

1492573409933 ROTATION_VECTOR 0.16354376 0.78106314 0.49596173

1492573409935 ACCELEROMETER -3.189743 9.211243 -1.3307343

1492573409941 MAGNETIC_FIELD 28.637695 -30.895996 31.314087

1492573410014 GYROSCOPE -0.021514893 -0.9337921 0.33459473

1492573410119 GRAVITY -3.4590588 8.917623 -2.163636

1492573410121 LINEAR_ACCELERATION 0.9527497 -2.2639627 -0.7228625

1492573410122 ACCELEROMETER -1.687912 6.1400757 -1.3603973

1492573410124 MAGNETIC_FIELD 31.887817 -33.75702 25.196838

1492573410125 ROTATION_VECTOR 0.24591357 0.74151284 0.48135036

1492573410207 GYROSCOPE 0.0039978027 0.73628235 -0.06842041

1492573410323 MAGNETIC_FIELD 27.359009 -35.41107 30.305481

1492573410332 GRAVITY -3.2452703 8.956829 -2.3267622

1492573410337 LINEAR_ACCELERATION 0.1616919 4.2093906 1.7499561

1492573410344 ROTATION_VECTOR 0.20956668 0.7580987 0.5035731

1492573410406 ACCELEROMETER -1.2874451 12.797165 -2.9676208

1492573410410 GYROSCOPE -0.079696655 1.1624603 -0.07783508

1492573410528 MAGNETIC_FIELD 20.787048 -36.506653 34.53827

1492573410544 GRAVITY -2.4233859 8.947519 -3.199919

1492573410552 LINEAR_ACCELERATION -5.4320793 -0.7012377 2.263084

1492573410553 ROTATION_VECTOR 0.13876586 0.8024304 0.52615553

1492573410597 ACCELEROMETER -2.0509644 5.831024 -0.45562744

1492573410597 GYROSCOPE -0.16525269 -0.39059448 -0.40092468

1492573410707 MAGNETIC_FIELD 25.508118 -34.56726 31.45752

1492573410719 GRAVITY -3.11818 8.894352 -2.708846

1492573410719 LINEAR_ACCELERATION 1.6164966 -3.6810703 1.8114076

1492573410722 ROTATION_VECTOR 0.10405013 0.79201406 0.53693473

1492573410793 ACCELEROMETER -5.544327 11.273148 -2.8765411

1492573410799 GYROSCOPE 0.54467773 -0.11312866 0.67793274

1492573410906 MAGNETIC_FIELD 22.7417 -35.70862 29.216003

1492573410920 GRAVITY -2.6003985 8.887913 -3.226968

1492573410925 LINEAR_ACCELERATION -3.5701404 4.867174 1.955128

1492573410927 ROTATION_VECTOR 0.192459 0.7921421 0.5017808

1492573410990 ACCELEROMETER -1.1865082 7.3752747 -1.7520142

1492573411103 GYROSCOPE 0.19754028 -1.1651611 0.647171

1492573411107 MAGNETIC_FIELD 23.831177 -38.967896 29.446411

1492573411120 GRAVITY -1.6311511 9.070131 -3.3529768

1492573411124 LINEAR_ACCELERATION -0.11651051 -4.516761 1.6826005

1492573411127 ROTATION_VECTOR 0.30651313 0.75960773 0.4855588

1492573411185 ACCELEROMETER -0.86294556 3.3422241 -0.5423584

1492573411295 GYROSCOPE 2.0945892 -0.50427246 0.96710205

1492573411296 MAGNETIC_FIELD 19.200134 -29.502869 41.966248

1492573411319 GRAVITY -1.0646381 7.934524 -5.663944

1492573411319 LINEAR_ACCELERATION -0.2895605 -3.542573 3.8373914

1492573411322 ROTATION_VECTOR 0.40127748 0.79231125 0.37874418

1492573411378 ACCELEROMETER -0.11010742 1.9026642 -7.818878

1492573411489 GYROSCOPE 3.3863983 -1.6185455 1.2460327

1492573411489 MAGNETIC_FIELD 22.850037 -1.1734009 49.583435

1492573411519 GRAVITY -2.2831898 3.0467489 -9.037409

1492573411519 LINEAR_ACCELERATION -6.484109 -3.5466433 -3.5260916

1492573411522 ROTATION_VECTOR 0.5468485 0.8134718 0.065266475

1492573411575 ACCELEROMETER -2.5574188 0.5350952 -11.697998

1492573411686 GYROSCOPE 0.34490967 -0.4672699 1.5494385

1492573411686 MAGNETIC_FIELD 22.483826 -6.9107056 49.621582

1492573411719 GRAVITY -1.9812052 0.4282283 -9.594886

1492573411719 LINEAR_ACCELERATION 7.630241 -2.832819 -9.73269

1492573411722 ROTATION_VECTOR 0.71976656 0.68639576 -0.05834956

1492573411769 ACCELEROMETER 4.8450775 1.0404816 -12.681244

1492573411879 GYROSCOPE -2.2429962 0.4921112 -0.55622864

1492573411879 MAGNETIC_FIELD 21.925354 -22.891235 44.621277

1492573411919 GRAVITY -1.4109955 3.7659957 -8.94409

1492573411919 LINEAR_ACCELERATION 3.0474105 -0.84047914 -0.69275665

1492573411921 ROTATION_VECTOR 0.6873515 0.69539165 0.08794277

1492573411966 ACCELEROMETER -0.7133179 2.1917267 -12.4995575

1492573412075 GYROSCOPE 0.17279053 -1.9806213 1.6608582

1492573412076 MAGNETIC_FIELD 31.184387 -28.16925 34.069824

1492573412119 GRAVITY -2.3860714 6.4687743 -6.9736648

1492573412120 LINEAR_ACCELERATION 14.189358 -2.8273335 -11.286543

1492573412121 ROTATION_VECTOR 0.7757205 0.5038013 0.083910964

1492573412160 ACCELEROMETER -1.8295441 8.892929 -5.9405823

1492573412270 GYROSCOPE -0.53167725 -1.4884338 -1.1889648

1492573412271 MAGNETIC_FIELD 43.362427 -19.229126 22.717285

1492573412319 GRAVITY -4.583274 5.357889 -6.815939

1492573412320 LINEAR_ACCELERATION 3.6116252 2.5569263 2.0355535

1492573412321 ROTATION_VECTOR 0.76888275 0.50629586 -0.04880847

1492573412355 ACCELEROMETER -7.30072 5.0603485 -6.035095

1492573412466 GYROSCOPE -0.93136597 -0.03300476 -1.1092377

1492573412519 GRAVITY -6.3239594 4.349827 -6.103845

1492573412520 LINEAR_ACCELERATION 0.19117069 -1.368804 -1.9984479

1492573412521 ROTATION_VECTOR 0.62898713 0.6446586 -0.07375859

1492573412551 ACCELEROMETER -4.3975525 1.2102203 -4.5153503

1492573412551 MAGNETIC_FIELD 48.92578 -10.281372 15.4800415

1492573412665 GYROSCOPE -0.2945404 -0.14785767 -1.5768585

1492573412723 GRAVITY -7.401629 3.4270077 -5.4444375

1492573412727 LINEAR_ACCELERATION 0.51735973 -1.4781773 -2.0276384

1492573412731 ROTATION_VECTOR 0.52214056 0.71060413 -0.0937274

1492573412750 ACCELEROMETER -9.943298 1.3110962 -3.7340393

1492573412754 MAGNETIC_FIELD 49.508667 3.1570435 14.891052

1492573412861 GYROSCOPE -0.47006226 -0.61250305 -0.63934326

1492573412921 GRAVITY -8.516344 1.5781759 -4.59909

1492573412925 LINEAR_ACCELERATION -6.9396143 -1.944851 -0.45565844

1492573412928 ROTATION_VECTOR 0.40205806 0.7568604 -0.15477206

1492573412944 ACCELEROMETER -7.882248 0.2624054 -2.9642181

1492573412947 MAGNETIC_FIELD 49.856567 10.124207 7.411194

1492573413054 GYROSCOPE -1.1690369 -0.85209656 0.23040771

1492573413120 GRAVITY -9.081994 2.4456875 -2.7760367

1492573413124 LINEAR_ACCELERATION -0.058413506 -2.5017688 -1.8239393

1492573413127 ROTATION_VECTOR 0.34131804 0.7245968 -0.10551889

1492573413140 MAGNETIC_FIELD 48.93036 7.1105957 2.571106

1492573413251 ACCELEROMETER -8.342087 1.0501709 -0.23020935

1492573413255 GYROSCOPE 0.16796875 -0.5273895 0.42736816

1492573413321 GRAVITY -9.211016 3.252294 -0.8661161

1492573413326 LINEAR_ACCELERATION 1.7600403 -2.7350674 0.94659823

1492573413331 ROTATION_VECTOR 0.30717736 0.6706726 -0.06073319

1492573413336 MAGNETIC_FIELD 37.60376 4.902649 -13.891602

1492573413442 ACCELEROMETER -11.021347 1.3222198 -0.6439667

1492573413442 GYROSCOPE 1.0527802 3.2188263 -0.08357239

1492573413519 GRAVITY -8.387279 4.383898 -2.570095

1492573413519 LINEAR_ACCELERATION -2.546692 6.2250047 3.8689692

1492573413522 ROTATION_VECTOR 0.40283355 0.68466306 -0.030475251

1492573413527 MAGNETIC_FIELD 35.609436 9.32312 12.670898

1492573413638 ACCELEROMETER -7.2981873 -0.61595154 -10.561707

1492573413639 GYROSCOPE -0.42436218 1.7880707 0.12936401

1492573413719 GRAVITY -4.664817 3.6743987 -7.8044004

1492573413720 LINEAR_ACCELERATION 0.6904907 -1.948885 2.2906675

1492573413721 ROTATION_VECTOR 0.3927363 0.8623641 0.075897045

1492573413723 MAGNETIC_FIELD 27.685547 4.4296265 25.733948

1492573413833 ACCELEROMETER -6.335388 2.2970886 -8.147842

1492573413834 GYROSCOPE -0.2416687 0.43237305 0.20661926

1492573413918 MAGNETIC_FIELD 24.975586 1.940918 29.096985

1492573413922 GRAVITY -2.594376 4.8031178 -8.146758

1492573413922 LINEAR_ACCELERATION 0.090770006 -1.9661565 -1.0785275

1492573413923 ROTATION_VECTOR 0.37954977 0.87824315 0.18011123

1492573414028 ACCELEROMETER -3.3632965 2.4668121 -8.582947

1492573414029 GYROSCOPE -0.38902283 -0.32974243 0.16294861

1492573414114 MAGNETIC_FIELD 27.122498 -1.0498047 26.325989

1492573414119 GRAVITY -3.9010963 5.275618 -7.2883253

1492573414120 LINEAR_ACCELERATION -0.66424775 0.0020384789 -1.9213638

1492573414121 ROTATION_VECTOR 0.3928173 0.8469331 0.17172752

1492573414224 ACCELEROMETER -4.2238464 4.32341 -8.5789795

1492573414224 GYROSCOPE -0.15951538 -1.1468048 0.3916626

1492573414309 MAGNETIC_FIELD 32.548523 -5.7647705 20.24231

1492573414319 GRAVITY -4.8320837 5.269947 -6.711856

1492573414320 LINEAR_ACCELERATION -1.4023638 4.6235647 0.48052025

1492573414321 ROTATION_VECTOR 0.4731718 0.7863319 0.11245096

1492573414419 ACCELEROMETER -5.5896454 4.5403137 -6.907669

1492573414420 GYROSCOPE 0.90740967 -2.3931122 -0.10472107

1492573414504 MAGNETIC_FIELD 40.02838 -1.0910034 1.3366699

1492573414519 GRAVITY -8.928822 3.864193 -1.2306721

1492573414520 LINEAR_ACCELERATION 2.9775047 -5.3140335 -2.0147967

1492573414521 ROTATION_VECTOR 0.44514436 0.6038156 -0.14870946

1492573414614 ACCELEROMETER -5.914215 1.2908478 -0.012329102

1492573414700 GYROSCOPE -0.7329712 -7.1805573 -0.25320435

1492573414700 MAGNETIC_FIELD 5.937195 8.119202 -48.805237

1492573414719 GRAVITY -3.0967689 5.315679 7.637013

1492573414720 LINEAR_ACCELERATION -2.9686222 -3.817471 4.2118783

1492573414721 ROTATION_VECTOR 0.33162615 0.025392959 -0.41112345

1492573414810 ACCELEROMETER -1.4379578 2.989746 -3.5461426

1492573414895 GYROSCOPE -1.0488434 -1.6722717 0.35139465

1492573414912 MAGNETIC_FIELD -21.063232 11.700439 -50.40741

1492573414919 GRAVITY -2.3146393 1.8981004 9.338633

1492573414920 LINEAR_ACCELERATION 1.9910243 -1.9117674 -16.69563

1492573414922 ROTATION_VECTOR 0.13679364 0.07176198 -0.38549042

1492573415005 ACCELEROMETER 0.17112732 0.28063965 -2.7527008

1492573415091 GYROSCOPE 0.50805664 -0.04170227 0.045196533

1492573415091 MAGNETIC_FIELD -20.336914 14.482117 -49.752808

1492573415119 GRAVITY -2.1957037 3.28833 8.974195

1492573415120 LINEAR_ACCELERATION 2.1998131 -3.4134192 12.103388

1492573415121 ROTATION_VECTOR 0.20265177 0.037090562 -0.3880051

1492573415201 ACCELEROMETER 0.11997986 0.01234436 8.798019

1492573415286 GYROSCOPE -0.024276733 -0.034576416 -0.006286621

1492573415319 GRAVITY -2.0483305 3.0770917 9.083295

1492573415320 LINEAR_ACCELERATION 1.7911972 -2.552674 2.0139742

1492573415321 ROTATION_VECTOR 0.18908583 0.033577215 -0.39260086

1492573415396 ACCELEROMETER 0.1182251 0.0023651123 9.596024

1492573415397 MAGNETIC_FIELD -19.882202 15.670776 -51.17798

1492573415481 GYROSCOPE -0.004638672 0.015136719 0.008468628

1492573415519 GRAVITY -1.9937196 2.9692943 9.131197

1492573415520 LINEAR_ACCELERATION 2.7830791 -2.374597 -8.059624

1492573415521 ROTATION_VECTOR 0.18240984 0.034134634 -0.38835904

