1492573283623 MAGNETIC_FIELD -9.204102 16.410828 -47.88513

1492573283651 GRAVITY -0.60524184 2.9857862 9.321435

1492573283651 LINEAR_ACCELERATION 0.3647784 0.027673244 0.26272964

1492573283654 ROTATION_VECTOR 0.15727088 0.0022273383 -0.18246865

1492573283668 ACCELEROMETER -0.5214844 2.8338776 8.838074

1492573283758 GYROSCOPE -0.25308228 -0.0037231445 -0.100357056

1492573283818 MAGNETIC_FIELD -9.732056 19.363403 -47.496033

1492573283851 GRAVITY -0.54739493 2.6068208 9.437967

1492573283851 LINEAR_ACCELERATION 0.100138485 0.45004702 0.20010662

1492573283854 ROTATION_VECTOR 0.1370825 0.0024432053 -0.18625578

1492573283863 ACCELEROMETER -0.39411926 2.851059 9.62146

1492573283953 GYROSCOPE -0.14161682 -0.13360596 -0.04801941

1492573284051 GRAVITY -0.16145714 2.5959728 9.455435

1492573284051 LINEAR_ACCELERATION 0.20704117 0.29935908 -0.14224339

1492573284054 ROTATION_VECTOR 0.13274759 -0.016884478 -0.18582518

1492573284064 MAGNETIC_FIELD -10.905457 19.540405 -47.201538

1492573284148 ACCELEROMETER -0.0034637451 2.7702637 9.143158

1492573284149 GYROSCOPE -0.09011841 -0.252594 -0.1802063

1492573284214 MAGNETIC_FIELD -12.718201 20.55664 -46.795654

1492573284250 GRAVITY 0.19398443 2.522015 9.474819

1492573284251 LINEAR_ACCELERATION -0.062122762 0.07585645 1.2066584

1492573284254 ROTATION_VECTOR 0.12418325 -0.0386936 -0.22148688

1492573284279 ACCELEROMETER 0.2388916 2.5705414 9.685638

1492573284344 GYROSCOPE 0.22621155 -0.3130951 -0.3579712

1492573284409 MAGNETIC_FIELD -15.934753 16.867065 -46.57135

1492573284450 GRAVITY 0.564769 2.9178042 9.345471

1492573284451 LINEAR_ACCELERATION 0.60189223 -0.78146625 0.7221451

1492573284454 ROTATION_VECTOR 0.13671932 -0.069436185 -0.27188253

1492573284474 ACCELEROMETER 0.84446716 1.9164581 9.552429

1492573284539 GYROSCOPE 0.14350891 0.047790527 -0.524704

1492573284605 MAGNETIC_FIELD -13.978577 15.41748 -47.71881

1492573284650 GRAVITY -0.24765803 2.7842371 9.399844

1492573284651 LINEAR_ACCELERATION 0.18577047 -0.8366995 0.40785313

1492573284654 ROTATION_VECTOR 0.13990228 -0.034185823 -0.3191434

1492573284669 ACCELEROMETER -0.20404053 2.3773193 8.91275

1492573284734 GYROSCOPE -0.01789856 0.4217224 -0.19049072

1492573284800 MAGNETIC_FIELD -10.066223 12.875366 -47.2229

1492573284851 GRAVITY -0.6982682 2.9925323 9.312763

1492573284851 LINEAR_ACCELERATION 0.50231135 0.37831354 -0.5923462

1492573284854 ROTATION_VECTOR 0.1582351 -0.011953038 -0.29614148

1492573284864 ACCELEROMETER -0.2419281 3.5489655 8.331085

1492573284929 GYROSCOPE 0.07203674 -0.062072754 0.175354

1492573284995 MAGNETIC_FIELD -11.883545 14.031982 -46.4386

1492573285051 GRAVITY -0.4121461 3.1924639 9.263298

1492573285051 LINEAR_ACCELERATION -0.61722827 -0.07335448 2.3413448

1492573285054 ROTATION_VECTOR 0.16456701 -0.024918484 -0.27123684

1492573285060 ACCELEROMETER -0.83773804 3.053833 10.525589

1492573285126 GYROSCOPE 0.084228516 0.23274231 0.35598755

1492573285190 MAGNETIC_FIELD -9.854126 11.042786 -46.842957

1492573285251 GRAVITY -0.6525344 3.49014 9.141308

1492573285251 LINEAR_ACCELERATION -0.9359121 -1.813833 -2.1094189

1492573285254 ROTATION_VECTOR 0.18399148 -0.00837566 -0.22438525

1492573285255 ACCELEROMETER -1.0944672 2.241333 8.749847

1492573285320 GYROSCOPE -0.06266785 0.42312622 0.23295593

1492573285386 MAGNETIC_FIELD -3.9276123 13.299561 -49.05243

1492573285450 ACCELEROMETER -1.7528381 2.6233673 7.949539

1492573285451 GRAVITY -1.5656228 3.1671095 9.148149

1492573285452 LINEAR_ACCELERATION -0.23468006 -0.8211839 -0.5056648

1492573285454 ROTATION_VECTOR 0.17761205 0.04503529 -0.2056819

1492573285515 GYROSCOPE 0.0965271 0.32113647 0.121658325

1492573285581 MAGNETIC_FIELD -2.7832031 13.279724 -48.81897

1492573285645 ACCELEROMETER -1.5595398 3.555832 9.097427

1492573285651 GRAVITY -1.8019114 3.269404 9.068324

1492573285651 LINEAR_ACCELERATION 0.29164708 0.54856825 -0.6403198

1492573285654 ROTATION_VECTOR 0.18480138 0.059098233 -0.18931976

1492573285711 GYROSCOPE -0.19869995 -0.38882446 -0.22354126

1492573285841 MAGNETIC_FIELD -7.495117 15.737915 -48.458862

1492573285851 GRAVITY -1.2330135 2.8083348 9.314683

1492573285851 LINEAR_ACCELERATION 0.16702569 0.59237313 1.0440474

1492573285854 ROTATION_VECTOR 0.15569453 0.0290268 -0.22452006

1492573285906 ACCELEROMETER -1.0787659 2.4339447 9.902512

1492573285971 GYROSCOPE 0.1136322 -0.3110962 -0.34144592

1492573286036 MAGNETIC_FIELD -8.786011 12.272644 -48.09265

1492573286051 GRAVITY -0.91984904 2.9820487 9.296863

1492573286051 LINEAR_ACCELERATION 0.7826501 -0.60152674 -0.6117916

1492573286054 ROTATION_VECTOR 0.16116397 0.004256043 -0.2659044

1492573286102 ACCELEROMETER -1.0881042 2.3177795 8.150681

1492573286167 GYROSCOPE 0.09825134 -0.015365601 -0.27246094

1492573286232 MAGNETIC_FIELD -9.474182 11.1328125 -47.721863

1492573286251 GRAVITY -1.0591092 3.0875385 9.247474

1492573286251 LINEAR_ACCELERATION 0.19332755 0.32337213 -1.0599604

1492573286254 ROTATION_VECTOR 0.16873415 0.006230981 -0.28518665

1492573286297 ACCELEROMETER -0.7998047 3.6317596 8.718124

1492573286362 GYROSCOPE 0.026687622 0.0040893555 0.16455078

1492573286430 MAGNETIC_FIELD -8.081055 10.417175 -47.50824

1492573286453 GRAVITY -0.76881516 3.2570295 9.217976

1492573286455 LINEAR_ACCELERATION -1.1663412 0.24487185 1.5424566

1492573286456 ROTATION_VECTOR 0.17317559 -0.004927135 -0.25342998

1492573286495 ACCELEROMETER -0.819458 3.5619354 10.42984

1492573286560 GYROSCOPE 0.14715576 -0.14933777 0.41456604

1492573286629 MAGNETIC_FIELD -10.839844 10.115051 -46.54236

1492573286659 GRAVITY -0.29108536 3.6970677 9.0784

1492573286665 LINEAR_ACCELERATION -0.33362284 -0.6609845 -1.7848616

1492573286667 ROTATION_VECTOR 0.1907824 -0.027064791 -0.21365505

1492573286696 ACCELEROMETER -0.5266876 2.6797485 8.611404

1492573286753 GYROSCOPE 0.15394592 -0.116622925 0.20869446

1492573286819 MAGNETIC_FIELD -11.5448 8.673096 -47.006226

1492573286859 GRAVITY -0.13787927 3.8297796 9.026858

1492573286869 LINEAR_ACCELERATION -0.3981369 -0.8193388 -1.1012592

1492573286872 ROTATION_VECTOR 0.19592129 -0.03705647 -0.21663667

1492573286893 ACCELEROMETER -0.46165466 3.1545258 7.7962646

1492573286961 GYROSCOPE -0.04232788 0.059280396 -0.20162964

1492573287024 MAGNETIC_FIELD -11.349487 9.912109 -46.406555

1492573287053 GRAVITY -0.28993198 3.579141 9.125573

1492573287061 LINEAR_ACCELERATION -0.20376766 0.35646105 0.16536522

1492573287064 ROTATION_VECTOR 0.18380886 -0.030652633 -0.23932986

1492573287091 ACCELEROMETER -0.27046204 3.5728302 9.126282

1492573287153 GYROSCOPE -0.24391174 -0.25090027 -0.38208008

1492573287217 MAGNETIC_FIELD -11.825562 12.657166 -47.43805

1492573287261 GRAVITY -0.24256198 3.0809855 9.306937

1492573287270 LINEAR_ACCELERATION -0.18432836 -1.2406003 1.9454651

1492573287273 ROTATION_VECTOR 0.15617286 -0.032989554 -0.27920413

1492573287277 ACCELEROMETER -0.27012634 2.0256042 10.090195

1492573287351 GYROSCOPE -0.12019348 0.20443726 -0.57429504

1492573287414 MAGNETIC_FIELD -8.9401245 11.2716675 -46.624756

1492573287461 GRAVITY -0.9048503 2.857336 9.337412

1492573287468 LINEAR_ACCELERATION 0.13042301 -0.23054576 -0.7138815

1492573287489 ROTATION_VECTOR 0.15458058 -0.0054156412 -0.33106133

1492573287490 ACCELEROMETER -0.66186523 2.71875 8.446152

1492573287539 GYROSCOPE 0.038131714 0.070251465 -0.16304016

1492573287605 MAGNETIC_FIELD -9.45282 11.096191 -47.473145

1492573287656 GRAVITY -1.0009178 2.9472933 9.299571

1492573287657 LINEAR_ACCELERATION 0.32051194 0.52999854 -0.5468607

1492573287657 ROTATION_VECTOR 0.1607801 -0.0019027096 -0.32842088

1492573287670 ACCELEROMETER -0.8604889 3.608841 8.689941

1492573287735 GYROSCOPE 0.11639404 -0.020690918 0.14936829

1492573287807 MAGNETIC_FIELD -9.182739 8.360291 -47.76001

1492573287878 ROTATION_VECTOR 0.17969823 -0.0077594793 -0.30355132

1492573287888 ACCELEROMETER -1.4043732 3.2638855 10.618561

1492573287889 GRAVITY -0.9274583 3.3439932 9.172128

1492573287890 LINEAR_ACCELERATION -0.47247785 0.17672467 2.4426622

1492573287995 GYROSCOPE 0.26428223 0.15011597 0.40660095

1492573288056 GRAVITY -0.8291836 3.7297828 9.031697

1492573288057 LINEAR_ACCELERATION -0.4696449 -0.8307688 -1.4506149

1492573288064 ROTATION_VECTOR 0.19849135 -0.010619268 -0.2634914

1492573288068 MAGNETIC_FIELD -8.39386 9.429932 -46.65222

1492573288134 ACCELEROMETER -1.0263214 2.6525574 8.523163

1492573288196 GYROSCOPE -0.0037994385 0.042495728 0.41719055

1492573288264 GRAVITY -0.70172983 3.770323 9.025664

1492573288274 LINEAR_ACCELERATION -0.09295595 -0.7886033 -0.3244362

1492573288277 MAGNETIC_FIELD -8.2595825 7.460022 -48.10791

1492573288281 ROTATION_VECTOR 0.19934107 -0.009072457 -0.2229103

1492573288322 ACCELEROMETER -0.59895325 3.368576 7.829834

1492573288394 GYROSCOPE -0.011581421 0.10217285 0.08004761

1492573288461 MAGNETIC_FIELD -8.071899 9.124756 -47.740173

1492573288467 GRAVITY -0.8042434 3.7294078 9.034107

1492573288470 LINEAR_ACCELERATION -0.32294333 0.23574996 -0.45567608

1492573288472 ROTATION_VECTOR 0.19845624 -0.0019585423 -0.21605448

1492573288524 ACCELEROMETER -0.86076355 3.8222656 9.112488

1492573288586 GYROSCOPE -0.054519653 -0.27392578 -0.21087646

1492573288645 MAGNETIC_FIELD -10.874939 10.241699 -46.835327

1492573288656 GRAVITY -0.4307836 3.5556488 9.129193

1492573288660 LINEAR_ACCELERATION 0.60326654 0.3465619 -0.35157394

1492573288663 ROTATION_VECTOR 0.18422778 -0.024511242 -0.24579532

1492573288712 ACCELEROMETER -0.22982788 2.803299 9.550476

1492573288775 GYROSCOPE -0.17597961 -0.066986084 -0.39160156

1492573288841 MAGNETIC_FIELD -10.145569 10.069275 -47.398376

1492573288854 GRAVITY -0.6187858 3.1980827 9.249852

1492573288863 LINEAR_ACCELERATION 1.4149461 0.29512906 -1.8119373

1492573288866 ROTATION_VECTOR 0.16766432 -0.016658016 -0.28200877

1492573288916 ACCELEROMETER -0.4320984 3.0141296 8.29689

1492573288977 GYROSCOPE -0.04396057 0.118896484 -0.3342743

1492573289043 MAGNETIC_FIELD -8.595276 10.26001 -47.410583

1492573289060 GRAVITY -1.022459 3.0986204 9.247892

1492573289069 LINEAR_ACCELERATION 0.41949195 0.65590453 -1.3896627

1492573289072 ROTATION_VECTOR 0.16878547 4.2029665E-4 -0.30652624

1492573289107 ACCELEROMETER -0.83869934 3.7188568 8.672485

1492573289175 GYROSCOPE 0.0012207031 0.035446167 0.0068969727

1492573289237 MAGNETIC_FIELD -8.883667 8.139038 -46.888733

1492573289261 GRAVITY -1.0633932 3.3427958 9.1578

1492573289267 LINEAR_ACCELERATION 0.20446575 0.28035307 1.8278885

1492573289270 ROTATION_VECTOR 0.18187274 0.002113143 -0.28718248

1492573289303 ACCELEROMETER -0.9261322 3.6749268 10.004929

1492573289372 GYROSCOPE 0.22459412 -0.13964844 0.31977844

1492573289421 MAGNETIC_FIELD -11.846924 6.842041 -45.358276

1492573289451 GRAVITY -0.46982723 3.7730527 9.039564

1492573289453 LINEAR_ACCELERATION 0.044418037 -1.791112 1.0843582

1492573289455 ROTATION_VECTOR 0.19545089 -0.030157 -0.26804313

1492573289489 ACCELEROMETER -0.25889587 2.1970978 9.467255

1492573289555 GYROSCOPE 0.23590088 -0.20658875 -0.045898438

1492573289621 MAGNETIC_FIELD -12.031555 5.3985596 -45.440674

1492573289657 GRAVITY -0.27928826 3.963601 8.965615

1492573289662 LINEAR_ACCELERATION 0.592208 -1.2117448 -0.6657238

1492573289666 ROTATION_VECTOR 0.20133129 -0.04844144 -0.29515058

1492573289689 ACCELEROMETER -0.03627014 2.8023682 8.36998

1492573289754 GYROSCOPE 0.019805908 -0.24584961 -0.72384644

1492573289820 MAGNETIC_FIELD -13.536072 2.9571533 -44.213867

1492573289853 GRAVITY -0.2965281 3.8558726 9.01192

1492573289857 LINEAR_ACCELERATION 0.38665605 0.027363062 -0.6974249

1492573289861 ROTATION_VECTOR 0.19077888 -0.064213485 -0.38273412

1492573289880 ACCELEROMETER -0.064590454 3.535431 8.796295

1492573289945 GYROSCOPE 0.021316528 -0.82247925 -1.3751831

1492573290053 GRAVITY 0.16801895 3.7588747 9.056104

1492573290057 LINEAR_ACCELERATION -0.18637688 -0.3024609 0.050372124

1492573290061 ROTATION_VECTOR 0.15992941 -0.11264898 -0.5283648

1492573290076 MAGNETIC_FIELD -15.910339 -1.8249512 -41.24298

1492573290144 ACCELEROMETER 0.6697998 2.5454712 9.866501

1492573290210 GYROSCOPE -0.19770813 -0.84736633 -2.2675934

1492573290257 GRAVITY -0.14548601 3.1804483 9.27545

1492573290263 LINEAR_ACCELERATION 1.3522003 -1.9192443 1.3479528

1492573290265 ROTATION_VECTOR 0.11757267 -0.11515357 -0.7216584

1492573290269 MAGNETIC_FIELD -8.309937 -7.0861816 -39.54315

1492573290340 ACCELEROMETER 1.0216827 0.9601288 10.073181

1492573290404 GYROSCOPE -0.23355103 -0.19810486 -2.0755615

1492573290457 GRAVITY -0.793742 2.52698 9.442179

1492573290462 LINEAR_ACCELERATION 2.215492 -0.89972186 -0.56627846

1492573290467 ROTATION_VECTOR 0.10268093 -0.08966333 -0.8452771

1492573290470 MAGNETIC_FIELD -1.2115479 -11.58905 -39.805603

1492573290534 ACCELEROMETER 0.9759674 1.2905273 9.478348

1492573290600 GYROSCOPE 0.27330017 -0.4501648 -2.2800903

1492573290660 GRAVITY -0.96956193 2.5908995 9.408378

1492573290663 LINEAR_ACCELERATION 0.78733397 -1.1070037 -0.008555412

1492573290665 ROTATION_VECTOR 0.0879184 -0.11214537 -0.94357514

1492573290667 MAGNETIC_FIELD 7.6705933 -14.027405 -37.997437

1492573290730 ACCELEROMETER -0.5320282 2.1105804 9.305344

1492573290794 GYROSCOPE 0.45077515 -0.7016144 -1.5794983

1492573290858 GRAVITY -0.40501425 3.0725598 9.30407

1492573290862 LINEAR_ACCELERATION -1.3676484 -0.70482635 0.3434267

1492573290865 MAGNETIC_FIELD 9.161377 -15.37323 -35.931396

1492573290867 ROTATION_VECTOR 0.042384367 -0.1543632 -0.97786766

1492573290925 ACCELEROMETER -1.1663666 2.2588196 9.40036

1492573290991 GYROSCOPE 0.19572449 -0.50860596 -0.8674164

1492573291054 MAGNETIC_FIELD 12.908936 -15.106201 -35.624695

1492573291061 GRAVITY -0.17165984 3.310463 9.229397

1492573291063 LINEAR_ACCELERATION -1.0101341 0.28927517 -1.890048

1492573291067 ROTATION_VECTOR 0.015055849 -0.17089492 -0.98453355

1492573291121 ACCELEROMETER -1.698349 2.8300476 8.848755

1492573291185 GYROSCOPE 0.09832764 0.06941223 -1.1174164

1492573291244 MAGNETIC_FIELD 19.544983 -12.091064 -34.703064

1492573291251 GRAVITY -1.0715951 3.3488984 9.1546135

1492573291251 LINEAR_ACCELERATION -0.35292244 0.090218544 -1.8670597

1492573291255 ROTATION_VECTOR -0.039173227 0.17807321 0.97897416

1492573291316 ACCELEROMETER -1.5150146 3.3067322 8.584137

1492573291381 GYROSCOPE 0.074798584 -0.39497375 -0.9638214

1492573291445 MAGNETIC_FIELD 19.902039 -10.2127075 -36.60736

1492573291457 GRAVITY -1.0323746 3.256071 9.192529

1492573291458 LINEAR_ACCELERATION -0.54823506 0.037840366 -0.28756618

1492573291463 ROTATION_VECTOR -0.014983591 0.17631494 0.96001035

1492573291515 ACCELEROMETER -1.4479065 3.1775513 9.30275

1492573291571 GYROSCOPE -0.23956299 -0.60998535 -0.8124542

1492573291637 MAGNETIC_FIELD 20.02716 -5.9402466 -39.694214

1492573291654 GRAVITY -0.429009 2.8098326 9.38569

1492573291660 LINEAR_ACCELERATION -0.3089747 0.4527893 -0.3481655

1492573291662 ROTATION_VECTOR 0.026345076 0.14411429 0.9350881

1492573291702 ACCELEROMETER -0.97232056 1.8856506 9.3767395

1492573291764 GYROSCOPE 0.11116028 -0.1585083 -0.63697815

1492573291830 MAGNETIC_FIELD 21.86737 -4.484558 -39.292908

1492573291860 GRAVITY -0.59090704 2.7592635 9.391894

1492573291863 LINEAR_ACCELERATION 0.12486029 -0.7916527 0.41138744

1492573291865 ROTATION_VECTOR 0.0357429 0.1409578 0.88683283

1492573291906 ACCELEROMETER -0.9096985 2.3965454 8.596802

1492573291973 GYROSCOPE 0.13458252 0.12080383 -0.16635132

1492573292038 MAGNETIC_FIELD 22.868347 -5.758667 -38.31787

1492573292061 GRAVITY -0.82497245 3.0951161 9.268768

1492573292068 LINEAR_ACCELERATION 0.6032326 0.5601485 -0.12679386

1492573292072 ROTATION_VECTOR 0.039256558 0.16088279 0.86555296

1492573292103 ACCELEROMETER -0.6439514 3.3495483 9.222351

1492573292162 GYROSCOPE 0.027954102 0.08119202 0.22911072

1492573292264 GRAVITY -0.7708481 3.3771212 9.174488

1492573292270 LINEAR_ACCELERATION -0.15883666 -0.05744672 0.84682083

1492573292273 ROTATION_VECTOR 0.048246186 0.17292657 0.86497366

1492573292296 MAGNETIC_FIELD 20.523071 -8.459473 -37.92267

1492573292363 ACCELEROMETER -0.7044983 2.8174744 10.222656

1492573292416 GYROSCOPE 0.08929443 0.113586426 0.41000366

1492573292453 GRAVITY -0.5832035 3.427784 9.169545

1492573292458 LINEAR_ACCELERATION 0.100243926 -1.3145776 -1.0899448

1492573292461 ROTATION_VECTOR 0.05470376 0.1717289 0.8738687

1492573292480 MAGNETIC_FIELD 18.878174 -10.133362 -36.36322

1492573292544 ACCELEROMETER -0.47102356 2.224762 8.387878

1492573292612 GYROSCOPE -0.029022217 -0.14494324 0.17071533

1492573292653 GRAVITY -0.28350586 3.312206 9.226012

1492573292656 LINEAR_ACCELERATION -0.037232608 -0.19359016 -1.4192514

1492573292660 ROTATION_VECTOR 0.067067616 0.15844944 0.8711164

1492573292676 MAGNETIC_FIELD 18.65387 -8.403015 -37.397766

1492573292742 ACCELEROMETER -0.26583862 3.3839264 8.280731

1492573292807 GYROSCOPE -0.21232605 -0.23872375 -0.059677124

1492573292854 GRAVITY 0.11503461 2.9454684 9.3531475

1492573292861 LINEAR_ACCELERATION -0.3301355 0.6836088 0.6241503

1492573292865 ROTATION_VECTOR 0.08164986 0.12827897 0.8538744

1492573292871 MAGNETIC_FIELD 15.615845 -6.27594 -39.460754

1492573292937 ACCELEROMETER 0.56655884 3.019699 10.157089

1492573293003 GYROSCOPE -0.23551941 -0.4524994 -0.38609314

1492573293052 GRAVITY 0.70453364 2.5490892 9.443313

1492573293054 LINEAR_ACCELERATION 0.8025882 -0.27860856 2.18779

1492573293055 ROTATION_VECTOR 0.104284 0.08746358 0.8158378

1492573293066 MAGNETIC_FIELD 15.286255 -3.8284302 -41.973877

1492573293137 ACCELEROMETER 0.36828613 2.0151215 9.523453

1492573293207 GYROSCOPE -0.09715271 0.28930664 -0.36566162

1492573293265 GRAVITY -0.0068543926 2.3975413 9.509055

1492573293275 LINEAR_ACCELERATION -0.12574936 -0.0789752 -2.1906948

1492573293277 ROTATION_VECTOR 0.07604105 0.096906476 0.7789657

1492573293280 MAGNETIC_FIELD 19.84253 -2.1133423 -40.567017

1492573293337 ACCELEROMETER 0.20281982 2.9088287 8.424454

1492573293404 GYROSCOPE -0.058441162 0.28297424 0.0038757324

1492573293457 GRAVITY -0.5143487 2.3145678 9.515703

1492573293463 LINEAR_ACCELERATION 0.090872645 0.66227174 0.39151573

1492573293466 MAGNETIC_FIELD 20.977783 -2.3010254 -40.361023

1492573293468 ROTATION_VECTOR 0.05630072 0.10800181 0.75965524

1492573293534 ACCELEROMETER -0.19277954 3.1450043 10.325012

1492573293597 GYROSCOPE 0.27134705 -0.07676697 0.34599304

1492573293674 GRAVITY -0.18277264 2.905569 9.364542

1492573293683 LINEAR_ACCELERATION 2.153724 1.6682508 0.77400875

1492573293685 MAGNETIC_FIELD 19.285583 -6.1157227 -38.945007

1492573293689 ROTATION_VECTOR 0.08775535 0.121820495 0.7643349

1492573293722 ACCELEROMETER -0.97320557 1.5604706 9.217194

1492573293786 GYROSCOPE 0.046936035 0.1663208 0.5334625

1492573293853 MAGNETIC_FIELD 18.470764 -7.0907593 -39.538574

1492573293861 GRAVITY -0.1976635 2.9278886 9.3572855

1492573293865 LINEAR_ACCELERATION -0.4767462 -1.5596855 0.6003618

1492573293867 ROTATION_VECTOR 0.08195301 0.12725936 0.7931238

1492573293926 ACCELEROMETER -0.4096527 2.3409271 8.670166

1492573293987 GYROSCOPE -0.086868286 0.234375 0.1537323

1492573294058 MAGNETIC_FIELD 20.222473 -7.019043 -37.539673

1492573294064 GRAVITY -0.5405142 2.7530835 9.396742

1492573294067 LINEAR_ACCELERATION -0.111679316 -0.279562 -0.21172047

1492573294070 ROTATION_VECTOR 0.06147005 0.13084695 0.7977574

1492573294117 ACCELEROMETER -0.17678833 2.6932678 9.147522

1492573294185 GYROSCOPE -0.01826477 -0.11065674 -0.15226746

1492573294247 MAGNETIC_FIELD 19.677734 -3.6224365 -40.08484

1492573294261 GRAVITY -0.4921829 2.6765058 9.421489

1492573294264 LINEAR_ACCELERATION 0.62424207 -0.15702987 1.1309767

1492573294267 ROTATION_VECTOR 0.06547208 0.12389975 0.7773223

1492573294378 ACCELEROMETER 0.095825195 1.976654 9.317291

1492573294446 GYROSCOPE -0.4038086 -0.2311554 -0.7166443

1492573294454 GRAVITY -0.41417098 1.9804488 9.595659

1492573294458 LINEAR_ACCELERATION 0.3098156 0.37129962 -2.935441

1492573294460 ROTATION_VECTOR 0.054438144 0.088283874 0.72180754

1492573294508 MAGNETIC_FIELD 22.892761 1.5960693 -41.001892

1492573294575 ACCELEROMETER -0.5915375 1.8513947 9.395172

1492573294641 GYROSCOPE 0.09989929 0.11453247 -0.36117554

1492573294662 GRAVITY -0.65246624 1.9722333 9.5841

1492573294668 LINEAR_ACCELERATION -0.28825128 0.22655594 -1.3432417

1492573294671 ROTATION_VECTOR 0.052166477 0.092873916 0.6701055

1492573294703 MAGNETIC_FIELD 23.41919 0.09765625 -39.396667

1492573294775 ACCELEROMETER -0.95236206 2.562683 8.892502

1492573294833 GYROSCOPE 0.13989258 0.17285156 0.20869446

1492573294862 GRAVITY -0.9322622 2.3674865 9.470812

1492573294869 LINEAR_ACCELERATION 0.18060666 0.52853537 -0.42393398

1492573294898 ROTATION_VECTOR 0.05687864 0.11784649 0.6728665

1492573294901 MAGNETIC_FIELD 25.944519 -0.95825195 -39.17389

1492573294952 ACCELEROMETER -1.5146179 2.1961517 10.190338

1492573295025 GYROSCOPE -0.15934753 0.104278564 0.52571106

1492573295058 GRAVITY -0.88011175 2.1409147 9.529548

1492573295059 LINEAR_ACCELERATION -0.07529974 -0.20162511 -0.5213003

1492573295059 ROTATION_VECTOR 0.045159586 0.1099496 0.706046

1492573295091 MAGNETIC_FIELD 23.9151 -3.8711548 -38.04016

1492573295155 ACCELEROMETER -0.93585205 1.7229004 9.250931

1492573295220 GYROSCOPE 0.15322876 -0.05819702 0.33738708

1492573295262 GRAVITY -0.6459396 2.472673 9.46779

1492573295268 LINEAR_ACCELERATION -0.005618334 -0.15616155 -1.2440567

1492573295274 ROTATION_VECTOR 0.062402524 0.11568496 0.7252031

1492573295290 MAGNETIC_FIELD 22.67456 -7.5317383 -37.10785

1492573295354 ACCELEROMETER -0.9334564 2.2381897 8.379135

1492573295422 GYROSCOPE 0.12890625 -0.12973022 9.1552734E-5

1492573295453 GRAVITY -0.4414435 2.708286 9.414919

1492573295464 LINEAR_ACCELERATION -0.5667925 -0.18011475 -0.96780014

1492573295467 ROTATION_VECTOR 0.07914031 0.11708774 0.72031844

1492573295475 MAGNETIC_FIELD 20.214844 -7.6690674 -37.368774

1492573295542 ACCELEROMETER -0.24414063 2.3700867 9.241989

1492573295606 GYROSCOPE -0.24508667 -0.458313 -0.2826233

1492573295654 GRAVITY 0.26348227 2.263797 9.538144

1492573295660 LINEAR_ACCELERATION 0.7699185 0.027887821 1.012043

1492573295663 ROTATION_VECTOR 0.092553616 0.071581006 0.6943267

1492573295671 MAGNETIC_FIELD 20.593262 -3.1280518 -39.544678

1492573295744 ACCELEROMETER 0.32722473 1.7959595 9.83374

1492573295812 GYROSCOPE -0.12498474 0.104904175 -0.4443817

1492573295866 ROTATION_VECTOR 0.07456267 0.06741195 0.65157527

1492573295873 GRAVITY -0.041256543 1.9610798 9.608479

1492573295875 LINEAR_ACCELERATION -0.004058555 -0.34309626 1.3600588

1492573295878 MAGNETIC_FIELD 21.569824 -1.7120361 -38.269043

1492573295943 ACCELEROMETER -0.174469 2.631775 8.6167755

1492573295997 GYROSCOPE 0.14819336 0.07165527 -0.0038452148

1492573296066 ROTATION_VECTOR 0.08020965 0.08332181 0.638954

1492573296072 MAGNETIC_FIELD 22.54181 -4.638672 -37.324524

1492573296077 GRAVITY -0.23763546 2.2405906 9.544301

1492573296079 LINEAR_ACCELERATION -0.1605863 0.71323895 -0.34596443

1492573296134 ACCELEROMETER -0.3240204 3.2417603 9.626678

1492573296203 GYROSCOPE 0.19302368 -0.034118652 0.40994263

1492573296266 ROTATION_VECTOR 0.107252546 0.09054532 0.66464865

1492573296272 MAGNETIC_FIELD 19.900513 -8.06427 -35.68268

1492573296275 GRAVITY 0.09489458 2.724061 9.420238

1492573296277 LINEAR_ACCELERATION -0.58221227 0.69948125 2.207364

1492573296333 ACCELEROMETER -0.119766235 2.3627625 9.781189

1492573296463 GYROSCOPE 0.17791748 0.04272461 0.4202423

1492573296470 GRAVITY 0.062395155 2.9602983 9.348964

1492573296472 LINEAR_ACCELERATION -0.2339924 -1.1176186 -1.1878881

1492573296477 ROTATION_VECTOR 0.11026897 0.10571781 0.6988118

1492573296525 MAGNETIC_FIELD 20.42694 -9.854126 -33.65631

1492573296592 ACCELEROMETER -0.29727173 1.8266296 8.709686

1492573296661 GYROSCOPE -0.051452637 -0.034210205 0.20480347

1492573296667 GRAVITY 0.2678817 2.872404 9.372723

1492573296669 LINEAR_ACCELERATION -1.0149263 -0.86817575 -0.6561432

1492573296672 ROTATION_VECTOR 0.111677855 0.098245725 0.7192851

1492573296724 MAGNETIC_FIELD 15.701294 -9.751892 -32.97119

1492573296791 ACCELEROMETER -0.16664124 3.007782 8.798813

1492573296855 GYROSCOPE -0.16203308 -0.049072266 0.17094421

1492573296863 GRAVITY 0.41857046 2.6511116 9.43222

1492573296865 LINEAR_ACCELERATION -0.56597716 0.8022394 0.30812454

1492573296868 ROTATION_VECTOR 0.108093366 0.086060435 0.73017955

1492573296916 MAGNETIC_FIELD 15.52124 -9.814453 -33.854675

1492573296983 ACCELEROMETER 0.20674133 2.4670715 10.759247

1492573297046 GYROSCOPE -0.2117157 0.064590454 0.2556305

1492573297058 GRAVITY 0.54152685 2.0632958 9.571831

1492573297061 LINEAR_ACCELERATION -0.65435284 -0.2255013 2.6648998

1492573297064 ROTATION_VECTOR 0.091154516 0.06052525 0.7420349

1492573297116 MAGNETIC_FIELD 13.941956 -11.680603 -32.598877

1492573297176 ACCELEROMETER 0.19099426 1.9212952 9.588196

1492573297244 GYROSCOPE 0.28430176 0.28671265 0.56062317

1492573297260 GRAVITY 0.29784682 2.3905764 9.506146

1492573297264 LINEAR_ACCELERATION -0.672731 -0.8453262 1.2849121

1492573297266 ROTATION_VECTOR 0.08869904 0.08633602 0.7747376

1492573297304 MAGNETIC_FIELD 11.947632 -13.330078 -28.5141

1492573297373 ACCELEROMETER -0.5963898 2.2020264 8.2247925

1492573297437 GYROSCOPE 0.24588013 0.4006958 1.4864655

1492573297461 GRAVITY 0.13509923 2.8949761 9.368631

1492573297468 LINEAR_ACCELERATION -0.866644 -0.5476384 -0.5945034

1492573297470 ROTATION_VECTOR 0.083235756 0.124115124 0.84598017

1492573297505 MAGNETIC_FIELD 2.9022217 -15.553284 -26.99585

1492573297566 ACCELEROMETER -0.36602783 1.3979645 9.472321

1492573297634 GYROSCOPE 0.13581848 0.5499115 2.5681305

1492573297662 GRAVITY 0.6225643 2.8205767 9.371614

1492573297669 LINEAR_ACCELERATION -0.2116592 -2.3700347 1.363801

1492573297671 ROTATION_VECTOR 0.05945708 0.13654862 0.970406

1492573297697 MAGNETIC_FIELD -10.385132 -13.671875 -28.234863

1492573297765 ACCELEROMETER 0.040283203 0.6555786 9.266876

1492573297827 GYROSCOPE -0.38807678 0.9872589 2.3284607

1492573297863 GRAVITY -0.10588345 1.8102269 9.637544

1492573297869 LINEAR_ACCELERATION -0.9029981 0.24948001 -0.26304436

1492573297872 ROTATION_VECTOR 0.011771679 -0.092105605 -0.9933315

1492573297895 MAGNETIC_FIELD -15.19928 -3.2745361 -35.432434

1492573297957 ACCELEROMETER -1.26651 2.1052399 10.076187

1492573298024 GYROSCOPE -0.34606934 0.4902649 1.9124146

1492573298062 GRAVITY -0.5236183 1.2124205 9.717317

1492573298071 LINEAR_ACCELERATION -0.69866 0.45647466 1.4812241

1492573298073 ROTATION_VECTOR 0.043974962 -0.051195033 -0.952568

1492573298080 MAGNETIC_FIELD -18.232727 4.1915894 -37.99591

1492573298147 ACCELEROMETER -0.8561554 1.6405792 9.502335

1492573298212 GYROSCOPE -0.048461914 0.040893555 1.7055664

1492573298257 GRAVITY -0.2976191 1.2637683 9.720324

1492573298265 LINEAR_ACCELERATION 0.13235703 0.6494013 -0.2233963

1492573298267 ROTATION_VECTOR 0.0461243 -0.047686007 -0.85711664

1492573298275 MAGNETIC_FIELD -22.888184 9.413147 -38.142395

1492573298348 ACCELEROMETER 0.7624512 2.1015015 10.578522

1492573298415 GYROSCOPE 0.16133118 -0.14834595 0.73568726

1492573298471 ROTATION_VECTOR 0.038423415 -0.068778776 -0.7656793

1492573298482 GRAVITY 0.28413683 1.5139742 9.684913

1492573298504 LINEAR_ACCELERATION 1.3732015 0.64022505 1.9627666

1492573298531 MAGNETIC_FIELD -23.866272 9.510803 -38.14392

1492573298596 ACCELEROMETER 1.3596497 0.7003174 10.3398285

1492573298655 GRAVITY 0.36145306 2.5521257 9.461839

1492573298662 LINEAR_ACCELERATION 1.3078424 -1.8512776 1.4137344

1492573298662 ROTATION_VECTOR 0.079056285 -0.106445245 -0.70498407

1492573298663 GYROSCOPE 0.6586151 0.19392395 0.55644226

1492573298732 MAGNETIC_FIELD -20.083618 6.996155 -40.245056

1492573298793 ACCELEROMETER 0.37156677 1.7801056 7.7887573

1492573298855 GRAVITY -0.60011196 2.5991666 9.436873

1492573298858 LINEAR_ACCELERATION 0.39778477 -0.35661912 -0.8200865

1492573298863 ROTATION_VECTOR 0.123777844 -0.05943397 -0.61864233

1492573298867 GYROSCOPE -0.11280823 0.76423645 0.6808014

1492573298928 MAGNETIC_FIELD -17.430115 11.277771 -44.51294

1492573298990 ACCELEROMETER -0.85964966 2.973999 8.797058

1492573299055 GRAVITY -1.1570467 2.5651586 9.394232

1492573299061 LINEAR_ACCELERATION 0.040089846 0.74737597 -0.32540607

1492573299063 GYROSCOPE 0.0039978027 0.45436096 0.9403229

1492573299066 ROTATION_VECTOR 0.14426674 -0.014648973 -0.49585643

1492573299121 MAGNETIC_FIELD -12.6297 12.8341675 -45.648193

1492573299194 ACCELEROMETER -1.1330719 2.8561249 10.114243

1492573299263 GYROSCOPE 0.25422668 0.43432617 0.9441986

1492573299270 GRAVITY -1.5057933 3.1661592 9.158515

1492573299272 LINEAR_ACCELERATION 0.20072603 -0.7804799 2.9868326

1492573299275 ROTATION_VECTOR 0.18152297 0.009750654 -0.3740951

1492573299324 MAGNETIC_FIELD -10.917664 13.856506 -47.210693

1492573299391 ACCELEROMETER -0.646698 2.1004028 8.739975

1492573299457 GYROSCOPE 0.11706543 0.01512146 0.6861572

1492573299466 GRAVITY -0.9805327 3.719717 9.020679

1492573299469 LINEAR_ACCELERATION 0.5982221 -1.4085658 -1.5148888

1492573299471 ROTATION_VECTOR 0.20006528 -0.0068745217 -0.2821246

1492573299522 MAGNETIC_FIELD -9.643555 13.597107 -46.868896

1492573299584 ACCELEROMETER -0.38142395 2.8809967 7.875366

1492573299652 GYROSCOPE -0.26942444 0.10594177 0.08035278

1492573299663 GRAVITY -1.1613911 3.4330764 9.112384

1492573299666 LINEAR_ACCELERATION 0.3657837 -0.5716648 -0.87304974

1492573299670 ROTATION_VECTOR 0.18755375 0.014876496 -0.2401833

1492573299715 MAGNETIC_FIELD -11.341858 16.311646 -47.917175

1492573299781 ACCELEROMETER -0.07623291 2.7229004 9.912552

1492573299834 GYROSCOPE -0.38578796 -0.33444214 -0.3415985

1492573299853 GRAVITY -0.52875036 2.8216982 9.377037

1492573299854 LINEAR_ACCELERATION 1.1607697 0.47534204 -0.18316841

1492573299855 ROTATION_VECTOR 0.14750513 -0.012099224 -0.2610112

1492573299899 MAGNETIC_FIELD -13.059998 16.567993 -47.003174

1492573299969 ACCELEROMETER 0.35403442 1.6278229 9.532471

1492573300035 GYROSCOPE 0.087768555 0.08380127 -0.45898438

1492573300057 GRAVITY -0.72080845 2.4784448 9.460874

1492573300058 LINEAR_ACCELERATION 2.6632104 0.09038782 -0.8601732

1492573300065 ROTATION_VECTOR 0.13274755 -0.0027886732 -0.2967153

1492573300105 MAGNETIC_FIELD -13.616943 14.851379 -47.616577

1492573300173 ACCELEROMETER -0.15110779 3.1537628 8.991852

1492573300235 GYROSCOPE 0.18978882 -0.01826477 -0.23304749

1492573300262 GRAVITY -0.94124126 2.8169055 9.346095

1492573300268 LINEAR_ACCELERATION 1.238115 1.122019 0.19069195

1492573300271 ROTATION_VECTOR 0.15320605 -0.0031100558 -0.33213103

1492573300303 MAGNETIC_FIELD -14.477539 11.811829 -47.769165

1492573300365 ACCELEROMETER -0.9189453 3.1254272 9.4483795

1492573300433 GYROSCOPE 0.30082703 -0.06147766 0.38555908

1492573300462 GRAVITY -0.6215039 3.442051 9.161681

1492573300469 LINEAR_ACCELERATION -0.7030531 -0.44976306 0.686676

1492573300471 ROTATION_VECTOR 0.17959212 -0.025118321 -0.30710903

1492573300496 MAGNETIC_FIELD -13.088989 9.942627 -47.047424

1492573300563 ACCELEROMETER -0.30200195 2.361435 8.773499

1492573300626 GYROSCOPE 0.09954834 0.10076904 0.43174744

1492573300663 GRAVITY -0.5368073 3.664231 9.080508

1492573300669 LINEAR_ACCELERATION 0.38598752 -1.2268894 -1.3004332

1492573300674 ROTATION_VECTOR 0.19099326 -0.023334336 -0.25894257

1492573300756 MAGNETIC_FIELD -12.495422 10.726929 -46.559143

1492573300823 ACCELEROMETER -0.18429565 2.5486755 8.632248

1492573300874 GRAVITY -0.5649798 3.442488 9.165176

1492573300875 LINEAR_ACCELERATION 0.53319865 -0.6246426 -0.89208317

1492573300875 ROTATION_VECTOR 0.1802056 -0.015231295 -0.24045584

1492573300876 GYROSCOPE -0.1252594 0.11608887 0.075027466

1492573300940 MAGNETIC_FIELD -12.434387 13.996887 -47.766113

1492573301005 ACCELEROMETER 0.07910156 3.4286957 9.01297

1492573301052 GRAVITY -0.39623743 3.0820057 9.301324

1492573301053 LINEAR_ACCELERATION 0.5644146 0.5278547 0.9466305

1492573301056 ROTATION_VECTOR 0.15910111 -0.021244064 -0.25432304

1492573301071 GYROSCOPE -0.2061615 -0.23439026 -0.24887085

1492573301147 MAGNETIC_FIELD -13.554382 14.72168 -47.929382

1492573301213 ACCELEROMETER 0.04449463 2.2867432 10.630707

1492573301265 ROTATION_VECTOR 0.122649476 -0.017339878 -0.32683572

1492573301273 GRAVITY -0.46758118 2.3649926 9.505712

1492573301276 LINEAR_ACCELERATION -0.8169071 -1.6365829 3.347146

1492573301278 GYROSCOPE -0.23092651 -0.043502808 -0.78578186

1492573301344 MAGNETIC_FIELD -12.921143 11.039734 -46.392822

1492573301406 ACCELEROMETER -0.76309204 1.864563 8.159973

1492573301466 ROTATION_VECTOR 0.13857825 0.0012904194 -0.37570313

1492573301474 GYROSCOPE 0.0501709 0.18721008 -0.39405823

1492573301477 GRAVITY -1.044344 2.4810266 9.429965

1492573301480 LINEAR_ACCELERATION -0.008134246 -0.47143126 -1.2733803

1492573301527 MAGNETIC_FIELD -10.998535 11.685181 -47.798157

1492573301591 ACCELEROMETER -0.78022766 3.2408752 8.7530365

1492573301657 GRAVITY -1.3050716 2.5367658 9.382537

1492573301659 LINEAR_ACCELERATION 0.7496152 1.1205065 0.26658058

1492573301662 GYROSCOPE 0.023605347 0.14646912 0.18089294

1492573301664 ROTATION_VECTOR 0.14621493 0.015651213 -0.35631385

1492573301724 MAGNETIC_FIELD -9.779358 10.791016 -46.762085

1492573301786 ACCELEROMETER -1.2031708 2.9384308 10.3142395

1492573301851 GYROSCOPE 0.15589905 -0.0027313232 0.4898529

1492573301852 GRAVITY -1.1588277 2.9348245 9.285167

1492573301852 LINEAR_ACCELERATION -0.10644603 0.50967836 -0.3324213

1492573301856 ROTATION_VECTOR 0.16282025 0.008822933 -0.31216082

1492573301922 MAGNETIC_FIELD -10.119629 11.029053 -47.16797

1492573301987 ACCELEROMETER -0.5318451 1.8539124 9.614746

1492573302053 GYROSCOPE 0.1149292 -0.01234436 0.3451538

1492573302057 GRAVITY -0.8360868 3.1226254 9.258539

1492573302063 LINEAR_ACCELERATION 0.34187078 -1.4254973 1.6173544

1492573302067 ROTATION_VECTOR 0.16714935 -0.0026373074 -0.26999426

1492573302121 MAGNETIC_FIELD -11.482239 11.802673 -46.31958

1492573302191 ACCELEROMETER -0.26768494 2.6719055 7.8977203

1492573302258 GYROSCOPE 0.015304565 -0.17991638 -0.019180298

1492573302264 GRAVITY -0.58405066 3.2833095 9.22221

1492573302267 LINEAR_ACCELERATION 0.40775883 -0.33168244 -1.3097162

1492573302271 ROTATION_VECTOR 0.17195016 -0.015208904 -0.2572771

1492573302321 MAGNETIC_FIELD -11.398315 10.839844 -46.624756

1492573302379 ACCELEROMETER -0.20117188 3.148056 9.370453

1492573302444 GYROSCOPE -0.20210266 -0.35375977 -0.39285278

1492573302458 GRAVITY -0.22120573 3.116468 9.295649

1492573302459 LINEAR_ACCELERATION 0.016094029 0.15534759 0.69448376

1492573302459 ROTATION_VECTOR 0.15739733 -0.035775796 -0.28632262

1492573302510 MAGNETIC_FIELD -14.942932 12.435913 -45.300293

1492573302575 ACCELEROMETER 0.5555115 2.3351288 9.800629

1492573302640 GYROSCOPE -0.16130066 -0.024765015 -0.5396576

1492573302659 GRAVITY -0.14850797 2.5762227 9.461047

1492573302662 LINEAR_ACCELERATION 0.27473217 -0.59336925 1.0543423

1492573302664 ROTATION_VECTOR 0.12734196 -0.037481796 -0.33411944

1492573302704 MAGNETIC_FIELD -12.931824 11.044312 -46.505737

1492573302835 ACCELEROMETER 0.010818481 2.2488556 8.617844

1492573302857 GRAVITY -0.48646444 2.5130942 9.466683

1492573302864 LINEAR_ACCELERATION 0.68721014 -0.009282351 -1.3746519

1492573302870 ROTATION_VECTOR 0.12904793 -0.026078863 -0.37743667

1492573302904 GYROSCOPE 0.021469116 0.08668518 -0.4478302

1492573302972 MAGNETIC_FIELD -12.338257 10.554504 -46.23413

1492573303032 ACCELEROMETER -0.38394165 3.029602 9.1714325

1492573303063 GRAVITY -0.6432805 2.6130776 9.430186

1492573303069 LINEAR_ACCELERATION 0.14156228 0.8333874 -0.6222286

1492573303072 ROTATION_VECTOR 0.13660192 -0.023113942 -0.39385363

1492573303107 GYROSCOPE 0.080718994 -0.015029907 -0.058807373

1492573303152 MAGNETIC_FIELD -13.908386 8.634949 -46.33789

1492573303217 ACCELEROMETER -0.846817 2.78862 10.069443

1492573303254 GRAVITY -0.31195948 2.81261 9.389478

1492573303264 LINEAR_ACCELERATION -0.8244903 -0.2822709 1.7542295

1492573303271 ROTATION_VECTOR 0.14060466 -0.038732383 -0.36628038

1492573303286 GYROSCOPE 0.06782532 -0.08973694 0.35411072

1492573303356 MAGNETIC_FIELD -15.208435 10.932922 -45.99762

1492573303418 ACCELEROMETER -0.5107269 1.6012268 9.389496

1492573303462 GRAVITY -0.036957018 2.8367763 9.387317

1492573303466 LINEAR_ACCELERATION -0.63899934 -1.524652 0.34723663

1492573303471 ROTATION_VECTOR 0.13825153 -0.047608316 -0.33425337

1492573303486 GYROSCOPE 0.09086609 -0.0675354 0.32183838

1492573303546 MAGNETIC_FIELD -16.015625 10.35614 -44.961548

1492573303611 ACCELEROMETER 0.07878113 2.5928497 8.081619

1492573303659 GRAVITY 0.22859496 3.005565 9.331919

1492573303663 LINEAR_ACCELERATION -0.17639165 -0.30215096 -0.9632969

1492573303667 ROTATION_VECTOR 0.1430448 -0.06117796 -0.3184434

1492573303677 GYROSCOPE -8.392334E-4 -0.12678528 0.06983948

1492573303741 MAGNETIC_FIELD -17.706299 9.524536 -45.39032

1492573303805 ACCELEROMETER 0.82499695 2.8284454 9.177231

1492573303857 GRAVITY 0.6288122 2.68923 9.40973

1492573303864 LINEAR_ACCELERATION 0.1938492 -0.04017639 1.0093479

1492573303867 ROTATION_VECTOR 0.120033175 -0.07634997 -0.32712978

1492573303876 GYROSCOPE -0.2611847 -0.24891663 -0.19708252

1492573303937 MAGNETIC_FIELD -18.945313 11.291504 -44.047546

1492573304004 ACCELEROMETER 1.618988 1.3114624 10.517319

1492573304057 GRAVITY 0.05793108 2.0532322 9.589123

1492573304062 LINEAR_ACCELERATION 0.565254 -2.1208675 4.307396

1492573304073 ROTATION_VECTOR 0.095617585 -0.044137333 -0.39114538

1492573304078 GYROSCOPE -0.11734009 0.28936768 -1.0227509

1492573304137 MAGNETIC_FIELD -15.542603 6.402588 -45.474243

1492573304197 ACCELEROMETER 0.26011658 0.8415985 7.7443237

1492573304257 GRAVITY -0.043749798 2.320108 9.528147

1492573304262 LINEAR_ACCELERATION -0.987237 -1.7457039 -3.2010012

1492573304272 ROTATION_VECTOR 0.10366737 -0.05876068 -0.50579756

1492573304276 GYROSCOPE -0.2617035 -0.5104523 -0.8996582

1492573304327 MAGNETIC_FIELD -18.173218 10.5896 -44.841003

1492573304393 ACCELEROMETER 0.6971283 1.4403992 3.4925537

1492573304462 GRAVITY 0.74581045 0.6932702 9.753642

1492573304466 LINEAR_ACCELERATION 0.4126314 1.1659286 -5.814287

1492573304471 GYROSCOPE -0.5763397 -0.8235016 -0.330307

1492573304474 ROTATION_VECTOR 0.010361886 -0.050944082 -0.5204853

1492573304523 MAGNETIC_FIELD -28.218079 10.847473 -36.836243

1492573304586 ACCELEROMETER 3.449646 2.684021 4.0706024

1492573304651 GYROSCOPE 0.69122314 -2.0849 -0.3242798

1492573304659 GRAVITY 3.8252037 0.84708774 8.99003

1492573304662 LINEAR_ACCELERATION -1.3176458 2.555079 -1.4354715

1492573304664 ROTATION_VECTOR -0.070322454 -0.19154836 -0.5280989

1492573304722 MAGNETIC_FIELD -37.0636 2.041626 -26.76239

1492573304782 ACCELEROMETER 9.98204 2.2030182 11.38681

1492573304857 GRAVITY 6.259595 3.1872718 6.843183

1492573304861 LINEAR_ACCELERATION 7.1013994 0.31666374 6.6000233

1492573304863 ROTATION_VECTOR -0.08681142 -0.3788912 -0.5908733

1492573304918 GYROSCOPE -1.0665894 -1.1603851 -2.0993042

1492573304979 MAGNETIC_FIELD -31.620789 -6.3949585 -28.012085

1492573305042 ACCELEROMETER 8.879761 3.3888855 9.530273

1492573305054 GRAVITY 4.6544766 2.6166663 8.225527

1492573305063 LINEAR_ACCELERATION 0.062323093 -0.90539646 -3.3272934

1492573305066 ROTATION_VECTOR -0.09863736 -0.26624337 -0.7309837

1492573305108 GYROSCOPE -0.28102112 1.4327698 -0.32313538

1492573305172 MAGNETIC_FIELD -21.498108 -6.651306 -34.973145

1492573305237 ACCELEROMETER 1.0561523 0.34933472 9.471039

1492573305254 GRAVITY 3.2707262 3.171124 8.684279

1492573305258 LINEAR_ACCELERATION -0.44328475 0.72049284 0.11440849

1492573305261 ROTATION_VECTOR -0.039264683 -0.23597302 -0.7811356

1492573305302 GYROSCOPE -0.22695923 0.15428162 -0.79415894

1492573305367 MAGNETIC_FIELD -15.834045 -4.5288086 -39.100647

1492573305432 ACCELEROMETER 1.1159668 1.9694977 9.446701

1492573305453 GRAVITY 2.0290508 2.0127432 9.380949

1492573305460 LINEAR_ACCELERATION 4.026946 1.0970856 0.5303345

1492573305463 ROTATION_VECTOR -0.025946334 -0.14502242 -0.8093456

1492573305497 GYROSCOPE -1.6017914 0.69503784 -0.16732788

1492573305562 MAGNETIC_FIELD -16.365051 8.808899 -43.128967

1492573305627 ACCELEROMETER 1.2100677 -1.681427 9.247986

1492573305654 GRAVITY 2.7815642 -1.1776112 9.329872

1492573305658 LINEAR_ACCELERATION 0.7622812 -0.92064977 3.6463146

1492573305661 ROTATION_VECTOR -0.15203199 -0.03457131 -0.8015793

1492573305693 GYROSCOPE -0.45155334 -0.9521332 -0.019256592

1492573305757 MAGNETIC_FIELD -22.071838 7.5668335 -40.022278

1492573305822 ACCELEROMETER 2.7865906 -0.9238434 9.219559

1492573305853 GRAVITY 4.1322308 -0.9204107 8.845784

1492573305860 LINEAR_ACCELERATION -0.919832 -0.0739401 0.9129152

1492573305863 ROTATION_VECTOR -0.20225607 -0.08990553 -0.7836877

1492573305888 GYROSCOPE -0.009979248 -0.7828064 0.08177185

1492573305962 MAGNETIC_FIELD -28.953552 10.565186 -37.957764

1492573306017 ACCELEROMETER 4.226425 -2.146988 10.590759

1492573306054 GRAVITY 5.304915 -0.87171763 8.20173

1492573306067 LINEAR_ACCELERATION -0.3008957 -0.88236314 0.25582743

1492573306076 ROTATION_VECTOR -0.24858329 -0.14154331 -0.7447893

1492573306084 GYROSCOPE 0.2876892 -0.435318 0.12019348

1492573306146 MAGNETIC_FIELD -19.02771 3.489685 -40.864563

1492573306212 ACCELEROMETER 4.0999603 -0.3339386 12.300446

1492573306252 GRAVITY 4.19493 -1.4992727 8.736425

1492573306253 LINEAR_ACCELERATION -1.6615887 1.485498 2.667492

1492573306256 ROTATION_VECTOR -0.21955821 -0.07975254 -0.74887127

1492573306276 GYROSCOPE -0.3387909 0.5387268 0.09553528

1492573306342 MAGNETIC_FIELD -17.132568 3.276062 -41.4093

1492573306407 ACCELEROMETER 1.4520569 -0.004043579 7.3968506

1492573306452 GRAVITY 2.3940682 -1.4427269 9.399859

1492573306453 LINEAR_ACCELERATION -0.86064434 1.6416602 1.7316761

1492573306456 ROTATION_VECTOR -0.14257321 -0.020332672 -0.7669687

1492573306477 GYROSCOPE -0.0072021484 1.3822632 -0.04573059

1492573306542 MAGNETIC_FIELD -12.220764 2.494812 -42.77954

1492573306606 ACCELEROMETER 0.3014984 -0.13313293 8.641083

1492573306657 GRAVITY 1.4035474 -1.3950559 9.604908

1492573306662 LINEAR_ACCELERATION -1.0902377 1.282542 0.26883888

1492573306666 ROTATION_VECTOR -0.10081466 0.011062671 -0.7778807

1492573306671 GYROSCOPE -0.0025177002 0.0060577393 0.0068969727

1492573306736 MAGNETIC_FIELD -11.936951 3.2684326 -43.141174

1492573306803 ACCELEROMETER 0.23379517 -0.036361694 9.640457

1492573306852 GRAVITY 1.3374814 -1.3266171 9.624013

1492573306852 LINEAR_ACCELERATION -1.0541388 1.2393785 0.30088806

1492573306856 ROTATION_VECTOR -0.095992886 0.009863634 -0.7746158

1492573306865 GYROSCOPE -9.1552734E-5 0.002105713 0.0077819824

1492573306927 MAGNETIC_FIELD -12.062073 3.451538 -44.059753

