1492573312618 MAGNETIC_FIELD 18.22052 -23.007202 -23.28186

1492573312658 ACCELEROMETER -5.476944 4.759796 6.4949493

1492573312683 GYROSCOPE 1.7479553 0.7993469 -0.462265

1492573312757 GRAVITY -5.639616 4.0036507 6.952402

1492573312757 LINEAR_ACCELERATION 0.04472685 -0.41332817 1.4462967

1492573312759 ROTATION_VECTOR 0.33920336 -0.17454861 -0.91506016

1492573312813 MAGNETIC_FIELD 26.9516 -25.804138 3.0075073

1492573312853 ACCELEROMETER -8.984192 5.784958 -0.32962036

1492573312878 GYROSCOPE 2.1134338 3.2910614 0.48365784

1492573312957 GRAVITY -7.4614553 5.6726017 2.884209

1492573312958 LINEAR_ACCELERATION -3.273912 1.9086108 2.913035

1492573312959 ROTATION_VECTOR -0.42940634 0.4105563 0.7992727

1492573313034 MAGNETIC_FIELD 4.699707 -24.821472 27.374268

1492573313144 ACCELEROMETER 0.16618347 5.305588 -3.4246063

1492573313145 GYROSCOPE -0.24372864 3.565918 1.8162537

1492573313157 GRAVITY 0.53381103 9.097139 -3.6231878

1492573313157 LINEAR_ACCELERATION 3.669938 -1.6257305 1.9296825

1492573313159 ROTATION_VECTOR 0.6864162 -0.4621298 -0.28575495

1492573313229 MAGNETIC_FIELD -14.830017 -29.525757 11.102295

1492573313340 ACCELEROMETER 0.9455414 9.031464 -0.28086853

1492573313340 GYROSCOPE -1.7306824 0.84407043 -0.48764038

1492573313357 GRAVITY -0.30940798 9.78903 -0.49955133

1492573313358 LINEAR_ACCELERATION 0.21569008 0.79909897 0.43670288

1492573313368 ROTATION_VECTOR 0.6232187 -0.37022755 -0.37035927

1492573313424 MAGNETIC_FIELD -10.075378 -30.220032 -2.3468018

1492573313535 ACCELEROMETER -1.0705261 8.392685 0.16996765

1492573313535 GYROSCOPE -1.6815033 0.10159302 -0.041427612

1492573313557 GRAVITY -0.66411674 9.278833 3.1036398

1492573313557 LINEAR_ACCELERATION -0.08309567 -3.4979153 -1.8678226

1492573313559 ROTATION_VECTOR 0.52349454 -0.26021507 -0.41207662

1492573313620 MAGNETIC_FIELD -9.284973 -27.462769 -21.099854

1492573313730 ACCELEROMETER -0.12513733 7.6518555 4.618332

1492573313731 GYROSCOPE -0.90693665 -1.0074921 0.5995941

1492573313757 GRAVITY 1.824967 9.06144 3.2756937

1492573313758 LINEAR_ACCELERATION 5.1201916 -1.8299255 2.9407763

1492573313759 ROTATION_VECTOR 0.46460974 -0.3422337 -0.3450081

1492573313815 MAGNETIC_FIELD -16.78772 -23.48938 -20.957947

1492573313925 ACCELEROMETER 0.72143555 9.429184 1.1925964

1492573313926 GYROSCOPE 2.4607391 1.3823853 -0.0209198

1492573313957 GRAVITY 1.1207284 9.714907 -0.7313968

1492573313958 LINEAR_ACCELERATION -4.4267325 -4.459609 4.3829494

1492573313959 ROTATION_VECTOR 0.6810067 -0.27114695 -0.17754179

1492573314011 MAGNETIC_FIELD -4.5425415 -31.948853 -8.078003

1492573314121 ACCELEROMETER -0.5424042 10.132324 -1.8718414

1492573314121 GYROSCOPE 0.6807709 0.6127014 -0.09765625

1492573314157 GRAVITY 0.8295473 9.646084 -1.5605472

1492573314157 LINEAR_ACCELERATION -0.7849318 1.5939732 0.16623628

1492573314159 ROTATION_VECTOR 0.6961325 -0.30816445 -0.21070324

1492573314205 MAGNETIC_FIELD -6.428528 -31.965637 -6.5322876

1492573314285 ACCELEROMETER 0.037979126 9.303421 -0.38012695

1492573314286 GYROSCOPE 0.22337341 0.33836365 0.043624878

1492573314402 MAGNETIC_FIELD -6.5994263 -33.447266 -5.088806

1492573314511 ACCELEROMETER -0.5880432 9.316254 -0.044769287

1492573314512 GYROSCOPE 0.09603882 0.023162842 -0.11955261

1492573314557 GRAVITY 0.3945021 9.660175 -1.6418825

1492573314557 LINEAR_ACCELERATION -1.2886522 0.60953426 1.7606953

1492573314559 ROTATION_VECTOR 0.70098376 -0.30386594 -0.23224448

1492573314596 MAGNETIC_FIELD -4.798889 -31.770325 -3.8757324

1492573314707 ACCELEROMETER -1.5011749 11.258759 -1.507721

1492573314707 GYROSCOPE 0.21084595 -0.35040283 -0.28170776

1492573314757 GRAVITY -0.2877653 9.635685 -1.8003203

1492573314757 LINEAR_ACCELERATION -1.3620903 3.9263144 -0.6021471

1492573314759 ROTATION_VECTOR 0.70060724 -0.31771097 -0.28112188

1492573314792 MAGNETIC_FIELD -3.0685425 -33.0719 -3.9459229

1492573314902 ACCELEROMETER -0.8019104 9.400482 -2.6193542

1492573314903 GYROSCOPE -0.35671997 -0.89953613 0.359375

1492573314957 GRAVITY 0.116935626 9.693449 -1.4811343

1492573314957 LINEAR_ACCELERATION -1.067247 1.6604433 -0.8338584

1492573314959 ROTATION_VECTOR 0.6628509 -0.36897895 -0.30999598

1492573314989 MAGNETIC_FIELD -6.4193726 -32.600403 -2.0935059

1492573315100 ACCELEROMETER -0.97787476 8.602997 -1.7792358

1492573315103 GYROSCOPE 0.18884277 1.0994873 0.07557678

1492573315160 GRAVITY 0.5140776 9.634342 -1.7565768

1492573315164 LINEAR_ACCELERATION -1.793912 -0.57139874 -0.76401746

1492573315166 ROTATION_VECTOR 0.69875234 -0.31828544 -0.23412651

1492573315300 ACCELEROMETER -1.5191498 10.195557 -0.8926544

1492573315301 GYROSCOPE -0.27902222 0.49580383 -0.14059448

1492573315301 MAGNETIC_FIELD -6.6741943 -31.86493 -3.1188965

1492573315363 GRAVITY 0.15483543 9.740505 -1.1264877

1492573315363 LINEAR_ACCELERATION -1.7957965 1.5030775 0.4662521

1492573315363 ROTATION_VECTOR 0.69856393 -0.26352102 -0.22488193

1492573315494 ACCELEROMETER 0.8451996 9.0468445 -2.0054626

1492573315495 GYROSCOPE -0.21092224 0.58631897 -0.24281311

1492573315495 MAGNETIC_FIELD -4.119873 -31.05774 -9.104919

1492573315562 GRAVITY -0.17499924 9.769924 -0.82967055

1492573315563 LINEAR_ACCELERATION 1.4463862 -2.629343 -1.0536296

1492573315563 ROTATION_VECTOR 0.71304566 -0.18403076 -0.18077199

1492573315690 ACCELEROMETER -1.6026306 8.807678 -0.33442688

1492573315690 GYROSCOPE 0.27537537 0.7005005 -0.4912262

1492573315691 MAGNETIC_FIELD 1.4282227 -32.196045 -11.006165

1492573315762 GRAVITY -1.0887656 9.649548 -1.3679234

1492573315763 LINEAR_ACCELERATION -3.5035958 0.102879524 2.7240357

1492573315763 ROTATION_VECTOR 0.7473315 -0.10602047 -0.16436586

1492573315890 ACCELEROMETER -2.1218414 9.23468 -0.45300293

1492573315897 GYROSCOPE 0.24058533 -0.36619568 -0.036376953

1492573315904 MAGNETIC_FIELD 3.453064 -32.96814 -8.432007

1492573315962 GRAVITY -1.3202796 9.573562 -1.6655836

1492573315963 LINEAR_ACCELERATION -1.3170264 -0.10657692 1.1891639

1492573315963 ROTATION_VECTOR 0.75394356 -0.12841435 -0.193929

1492573316080 ACCELEROMETER -2.1071625 9.750397 -3.2668762

1492573316081 GYROSCOPE -0.26234436 -1.0752106 0.07310486

1492573316082 MAGNETIC_FIELD 4.360962 -34.317017 -5.267334

1492573316161 GRAVITY -1.613321 9.616498 -1.0442872

1492573316162 LINEAR_ACCELERATION -1.1667517 2.835413 -2.5844343

1492573316163 ROTATION_VECTOR 0.7239844 -0.17055914 -0.258798

1492573316275 ACCELEROMETER -1.1841125 8.848999 -1.7802124

1492573316276 GYROSCOPE 0.10571289 -0.040512085 0.5101929

1492573316277 MAGNETIC_FIELD -1.9088745 -32.473755 -7.698059

1492573316361 GRAVITY -0.6214797 9.701594 -1.2896618

1492573316362 LINEAR_ACCELERATION 0.425238 -0.07458401 -0.7882737

1492573316362 ROTATION_VECTOR 0.7168325 -0.22782798 -0.23934

1492573316470 ACCELEROMETER -1.4383545 8.971436 -0.8860321

1492573316471 GYROSCOPE -0.07867432 0.6025238 0.24432373

1492573316472 MAGNETIC_FIELD -4.638672 -32.62024 -7.5149536

1492573316562 GRAVITY -0.05368031 9.741816 -1.1245202

1492573316563 LINEAR_ACCELERATION -1.6457207 -0.5619154 -0.06604028

1492573316563 ROTATION_VECTOR 0.71678686 -0.20868918 -0.18950292

1492573316662 MAGNETIC_FIELD -4.9591064 -32.870483 -10.992432

1492573316749 ACCELEROMETER -1.2078705 11.05777 -1.4716644

1492573316752 GYROSCOPE -0.39360046 0.77568054 -0.13619995

1492573316761 GRAVITY -0.2506739 9.796596 -0.3664059

1492573316764 LINEAR_ACCELERATION -0.7094697 2.7343245 -1.0004116

1492573316766 ROTATION_VECTOR 0.70809066 -0.13148797 -0.14407021

1492573316860 MAGNETIC_FIELD -2.5894165 -32.485962 -14.807129

1492573316950 ACCELEROMETER 0.69244385 9.039139 -1.7687378

1492573316955 GYROSCOPE 0.16210938 0.8398895 -0.41316223

1492573316962 ROTATION_VECTOR 0.72610754 -0.057463888 -0.089760676

1492573316964 GRAVITY -0.5127381 9.774908 -0.5988779

1492573316966 LINEAR_ACCELERATION 2.7260642 0.44340038 -1.8734053

1492573317062 MAGNETIC_FIELD 2.798462 -33.198547 -10.91156

1492573317142 ACCELEROMETER -1.6217804 8.776413 -0.041366577

1492573317143 GYROSCOPE 0.21681213 -0.2503357 0.04197693

1492573317163 GRAVITY -0.8135674 9.713675 -1.0737848

1492573317164 LINEAR_ACCELERATION 0.10108435 -0.6113043 0.8247125

1492573317165 ROTATION_VECTOR 0.7439126 -0.036631834 -0.088328525

1492573317254 MAGNETIC_FIELD 2.9891968 -32.88269 -9.985352

1492573317339 ACCELEROMETER -2.319458 10.770309 -0.7706146

1492573317339 GYROSCOPE 0.16548157 -1.0713501 -0.23294067

1492573317363 GRAVITY -1.3847731 9.617762 -1.3234228

1492573317363 LINEAR_ACCELERATION -1.1145082 1.0975857 0.84171486

1492573317364 ROTATION_VECTOR 0.7490769 -0.0797472 -0.16210955

1492573317450 MAGNETIC_FIELD 0.680542 -31.930542 -11.102295

1492573317534 ACCELEROMETER -1.015152 8.625809 -2.600708

1492573317535 GYROSCOPE -0.1401825 -0.9978485 0.3499298

1492573317564 GRAVITY -1.3729773 9.694268 -0.55361176

1492573317564 LINEAR_ACCELERATION 0.8690536 -2.2244892 -3.5859122

1492573317565 ROTATION_VECTOR 0.70648116 -0.17061858 -0.2532759

1492573317645 MAGNETIC_FIELD -4.7958374 -32.130432 -10.194397

1492573317727 ACCELEROMETER -1.1043243 8.282257 -1.0050812

1492573317734 GYROSCOPE 0.18388367 0.6022186 0.43255615

1492573317762 GRAVITY -0.35510677 9.742859 -1.0587642

1492573317765 LINEAR_ACCELERATION 0.09150934 -1.3257523 -0.46336162

1492573317767 ROTATION_VECTOR 0.72586936 -0.16460757 -0.1713243

1492573317840 MAGNETIC_FIELD -6.651306 -30.68695 -11.849976

1492573317928 ACCELEROMETER -0.9563141 9.863632 -0.7263031

1492573317936 GYROSCOPE -0.21694946 0.6616211 -0.020446777

1492573317969 GRAVITY 0.04810514 9.755119 -1.0028539

1492573317975 LINEAR_ACCELERATION -0.80395925 0.14706707 0.3212601

1492573317980 ROTATION_VECTOR 0.7242006 -0.16329356 -0.14414264

1492573318042 MAGNETIC_FIELD -3.2165527 -31.311035 -14.4470215

1492573318124 ACCELEROMETER 0.099594116 10.064529 -1.0671844

1492573318133 GYROSCOPE 0.069992065 0.37495422 -0.10549927

1492573318169 GRAVITY -0.36502326 9.781149 -0.6052026

1492573318175 LINEAR_ACCELERATION -1.1327354 4.775257 0.48964828

1492573318180 ROTATION_VECTOR 0.72179013 -0.099376604 -0.11866165

1492573318234 MAGNETIC_FIELD 0.74768066 -31.80542 -13.909912

1492573318323 ACCELEROMETER -1.2984161 8.909378 -0.65493774

1492573318329 GYROSCOPE 0.27471924 0.59588623 -0.3717804

1492573318371 GRAVITY -0.8168396 9.699869 -1.1898313

1492573318377 LINEAR_ACCELERATION 2.3997133 -0.085793495 -1.1520051

1492573318380 ROTATION_VECTOR 0.74805117 -0.032923315 -0.084607944

1492573318432 MAGNETIC_FIELD 2.041626 -32.00531 -10.760498

1492573318515 ACCELEROMETER -1.583435 9.4657135 -0.6059265

1492573318524 GYROSCOPE 0.25065613 -0.29544067 0.0131073

1492573318572 GRAVITY -0.7977409 9.612805 -1.7686085

1492573318578 LINEAR_ACCELERATION 0.06248367 -0.42809772 1.2713883

1492573318581 ROTATION_VECTOR 0.76774406 -0.027258229 -0.075548105

1492573318624 MAGNETIC_FIELD 1.991272 -32.157898 -9.468079

1492573318718 ACCELEROMETER -1.956665 11.05835 -2.528839

1492573318723 GYROSCOPE -0.33351135 -1.036026 0.14387512

1492573318764 GRAVITY -1.1556668 9.588073 -1.7040206

1492573318770 LINEAR_ACCELERATION -0.42513633 1.5800161 0.8065016

1492573318772 ROTATION_VECTOR 0.763706 -0.060282666 -0.12688959

1492573318902 ACCELEROMETER -1.1354828 9.21611 -1.6628265

1492573318906 GYROSCOPE 0.22055054 -0.25482178 0.40286255

1492573318909 MAGNETIC_FIELD -3.7719727 -31.001282 -13.996887

1492573318972 GRAVITY -0.67569846 9.7420025 -0.89844805

1492573318978 LINEAR_ACCELERATION -0.6322945 -2.5028963 -2.027966

1492573318981 ROTATION_VECTOR 0.7234233 -0.1498895 -0.18206652

1492573319105 ACCELEROMETER -1.8274689 8.844513 -1.47789

1492573319111 GYROSCOPE 0.040298462 0.4676361 0.15455627

1492573319114 MAGNETIC_FIELD -4.963684 -30.453491 -10.333252

1492573319180 GRAVITY -0.025998289 9.675559 -1.5978953

1492573319184 LINEAR_ACCELERATION -1.0122665 -0.6667309 -0.34518576

1492573319200 ROTATION_VECTOR 0.74728614 -0.15176764 -0.13046245

1492573319287 ACCELEROMETER -1.4925232 10.575638 -1.3195496

1492573319292 GYROSCOPE -0.42170715 0.280365 -0.18283081

1492573319294 MAGNETIC_FIELD -5.332947 -28.18451 -12.094116

1492573319361 GRAVITY 0.06878763 9.721426 -1.2882247

1492573319364 LINEAR_ACCELERATION -1.6524484 0.92222595 -0.09101665

1492573319367 ROTATION_VECTOR 0.73880625 -0.14087765 -0.11885767

1492573319494 MAGNETIC_FIELD -4.0756226 -27.104187 -16.041565

1492573319571 GRAVITY -0.22402792 9.785287 -0.6069122

1492573319577 LINEAR_ACCELERATION -0.41191137 0.25652313 -1.2113109

1492573319580 ROTATION_VECTOR 0.7195765 -0.1146892 -0.12325005

1492573319600 ACCELEROMETER -0.2762146 8.163406 -1.3069

1492573319606 GYROSCOPE -0.0463562 -0.3235016 -0.30482483

1492573319676 MAGNETIC_FIELD -2.1133423 -26.008606 -12.696838

1492573319758 GRAVITY -0.9186196 9.661405 -1.4084729

1492573319760 LINEAR_ACCELERATION -2.1729617 -0.6918516 1.2287037

1492573319761 ROTATION_VECTOR 0.7453094 -0.12777318 -0.1711193

1492573319785 ACCELEROMETER -2.153946 8.896622 -1.8004913

1492573319786 GYROSCOPE 0.6606903 -1.3759003 0.19358826

1492573319873 MAGNETIC_FIELD -8.604431 -24.601746 -6.072998

1492573319958 GRAVITY -1.1489586 9.549999 -1.90992

1492573319960 LINEAR_ACCELERATION -1.0073853 -0.09074783 0.35244787

1492573319960 ROTATION_VECTOR 0.720961 -0.27855715 -0.2977471

1492573319980 ACCELEROMETER -1.6874084 9.222687 -1.9827423

1492573319981 GYROSCOPE 0.534256 -2.4189606 0.32713318

1492573320064 MAGNETIC_FIELD -12.486267 -21.174622 2.0874023

1492573320162 GRAVITY -1.4680014 9.494143 -1.9689101

1492573320162 LINEAR_ACCELERATION 0.3707918 0.57145786 -0.3080516

1492573320163 ROTATION_VECTOR 0.62003076 -0.4647024 -0.45196638

1492573320179 ACCELEROMETER -3.4234924 9.189713 -3.4761047

1492573320180 GYROSCOPE 0.3665161 -3.2762146 0.49456787

1492573320265 MAGNETIC_FIELD -10.700989 -17.707825 15.460205

1492573320362 GRAVITY -2.1270487 9.307883 -2.23816

1492573320363 LINEAR_ACCELERATION -3.2384193 -0.14356804 -2.0995948

1492573320363 ROTATION_VECTOR 0.4808319 -0.61880136 -0.5631042

1492573320378 ACCELEROMETER -3.5535736 8.485291 -3.172943

1492573320386 GYROSCOPE 0.64157104 -2.234726 0.31430054

1492573320467 MAGNETIC_FIELD -4.7576904 -17.260742 22.880554

1492573320573 GRAVITY -2.6750915 9.174635 -2.2000792

1492573320579 LINEAR_ACCELERATION -1.209523 0.010760307 -1.4918303

1492573320582 ROTATION_VECTOR 0.3339891 -0.70754796 -0.6150672

1492573320584 ACCELEROMETER -3.9629822 8.615967 -2.0326843

1492573320587 GYROSCOPE 0.32365417 -1.7549438 0.28590393

1492573320665 MAGNETIC_FIELD 4.811096 -18.060303 26.165771

1492573320773 GRAVITY -2.905777 9.158675 -1.961

1492573320779 LINEAR_ACCELERATION -1.0297394 -0.6291714 -0.2894876

1492573320782 ROTATION_VECTOR -0.20571123 0.74677044 0.632002

1492573320784 ACCELEROMETER -2.5563812 9.417435 -2.0823975

1492573320787 GYROSCOPE 0.39363098 -1.3387299 0.36991882

1492573320861 MAGNETIC_FIELD 8.514404 -19.477844 26.911926

1492573320955 ACCELEROMETER 0.025772095 9.678284 -2.0383759

1492573320956 GYROSCOPE -0.09159851 -0.29515076 0.032684326

1492573320959 GRAVITY -2.567385 9.304682 -1.7325773

1492573320960 LINEAR_ACCELERATION 3.2706385 1.9894896 0.44521463

1492573320960 ROTATION_VECTOR -0.05803237 0.76483274 0.6296363

1492573321041 MAGNETIC_FIELD 10.2127075 -18.746948 28.572083

1492573321152 ACCELEROMETER -0.85440063 8.955917 -1.3826447

1492573321152 GYROSCOPE 0.2610016 -0.17955017 0.01777649

1492573321158 GRAVITY -2.5625956 9.257675 -1.9745727

1492573321162 LINEAR_ACCELERATION 0.54084015 0.041078568 0.86118627

1492573321164 ROTATION_VECTOR -0.042444907 0.7738693 0.61733824

1492573321237 MAGNETIC_FIELD 11.706543 -19.778442 30.334473

1492573321363 ACCELEROMETER -2.050949 9.762329 -0.7994232

1492573321370 GYROSCOPE 0.065475464 -0.35864258 -0.06288147

1492573321372 GRAVITY -2.891867 9.206919 -1.7436029

1492573321375 LINEAR_ACCELERATION 0.41899157 1.0611973 1.0286887

1492573321377 ROTATION_VECTOR -0.015527811 0.76724046 0.61546916

1492573321444 MAGNETIC_FIELD 16.978455 -19.259644 28.079224

1492573321556 ACCELEROMETER -2.4632568 9.108276 -2.8494873

1492573321565 GYROSCOPE -0.29092407 -1.7497253 0.12011719

1492573321568 GRAVITY -2.8652496 9.369659 -0.41257322

1492573321571 LINEAR_ACCELERATION 0.7343242 -1.631877 -4.0580993

1492573321573 ROTATION_VECTOR 0.11651821 0.7123615 0.6204709

1492573321752 ACCELEROMETER -1.145874 8.406601 -2.0795593

1492573321761 GYROSCOPE 0.30471802 -0.4590454 0.5057831

1492573321764 MAGNETIC_FIELD 24.177551 -20.974731 21.411133

1492573321767 GRAVITY -1.9270774 9.575082 -0.8800983

1492573321769 LINEAR_ACCELERATION 2.199161 -1.4429464 -1.7256087

1492573321772 ROTATION_VECTOR 0.19794825 0.71111816 0.60145074

1492573321974 ACCELEROMETER -1.9734955 9.130203 -1.1646118

1492573321975 GYROSCOPE 0.020446777 0.521225 0.27319336

1492573321976 MAGNETIC_FIELD 20.733643 -24.214172 23.590088

1492573321977 GRAVITY -1.3412995 9.657149 -1.0539355

1492573321978 LINEAR_ACCELERATION -0.5460013 0.11729908 -0.17054904

1492573321978 ROTATION_VECTOR 0.18091914 0.7218061 0.6194806

1492573322133 ACCELEROMETER -1.3006897 10.8349 -0.9035492

1492573322137 GYROSCOPE -0.31973267 0.3731842 -0.1719513

1492573322140 MAGNETIC_FIELD 17.6651 -25.852966 21.943665

1492573322160 GRAVITY -1.6241564 9.655553 -0.5502643

1492573322161 LINEAR_ACCELERATION 0.39077222 3.9558725 -0.015987396

1492573322162 ROTATION_VECTOR 0.13885616 0.7132844 0.6432062

1492573322333 ACCELEROMETER 0.12527466 8.464767 -1.0855713

1492573322337 GYROSCOPE 0.020355225 0.69981384 -0.5271454

1492573322341 MAGNETIC_FIELD 17.163086 -26.339722 23.028564

1492573322366 GRAVITY -2.277456 9.495362 -0.90646183

1492573322370 LINEAR_ACCELERATION 4.4851537 0.36860943 -1.0254856

1492573322373 ROTATION_VECTOR 0.08765489 0.7338483 0.63179827

1492573322527 ACCELEROMETER -2.2000275 8.738388 -0.73098755

1492573322533 GYROSCOPE 0.16940308 0.13494873 -0.075027466

1492573322535 MAGNETIC_FIELD 19.25354 -24.526978 24.96643

1492573322566 GRAVITY -2.3568316 9.416124 -1.3972566

1492573322571 LINEAR_ACCELERATION 1.7626681 -0.56917953 -0.06349981

1492573322573 ROTATION_VECTOR 0.0678675 0.7527511 0.61835986

1492573322724 ACCELEROMETER -3.3479156 10.2827 -0.7156067

1492573322727 GYROSCOPE 0.11961365 -0.7714386 -0.2526245

1492573322762 MAGNETIC_FIELD 21.864319 -23.413086 25.019836

1492573322763 GRAVITY -2.8854094 9.288562 -1.2519658

1492573322763 LINEAR_ACCELERATION 0.19958806 1.2786589 0.96412885

1492573322763 ROTATION_VECTOR 0.101382956 0.74401206 0.5984719

1492573322912 ACCELEROMETER -2.4869385 9.327454 -1.7274017

1492573322913 GYROSCOPE 0.0642395 -1.2029877 0.3755188

1492573322913 MAGNETIC_FIELD 28.390503 -24.453735 18.466187

1492573322958 GRAVITY -2.6471205 9.434106 -0.40098032

1492573322964 LINEAR_ACCELERATION 0.6675911 -3.1695328 -3.220064

1492573322967 ROTATION_VECTOR 0.22137111 0.6866143 0.5771756

1492573323105 MAGNETIC_FIELD 25.061035 -26.64032 16.992188

1492573323158 GRAVITY -1.7312316 9.586613 -1.1269823

1492573323159 LINEAR_ACCELERATION 1.6959666 -1.569561 -1.0795027

1492573323161 ROTATION_VECTOR 0.25678736 0.70108515 0.5740519

1492573323190 ACCELEROMETER -1.5143127 8.070831 -0.989563

1492573323191 GYROSCOPE 0.28022766 0.22383118 0.3761444

1492573323307 MAGNETIC_FIELD 21.97876 -27.320862 19.091797

1492573323372 GRAVITY -1.2462919 9.634647 -1.33818

1492573323378 LINEAR_ACCELERATION -0.85963964 0.35518265 0.6861317

1492573323380 ROTATION_VECTOR 0.23104219 0.7175289 0.5944632

1492573323396 ACCELEROMETER -2.1648254 9.893295 -0.7627411

1492573323403 GYROSCOPE -0.09059143 0.660553 0.12921143

1492573323506 MAGNETIC_FIELD 19.47174 -30.241394 19.425964

1492573323571 GRAVITY -1.2795013 9.656369 -1.134808

1492573323577 LINEAR_ACCELERATION -0.931414 2.101203 -0.25238264

1492573323583 ROTATION_VECTOR 0.19726296 0.72037935 0.61270183

1492573323585 ACCELEROMETER -0.576416 9.250717 -1.6252136

1492573323588 GYROSCOPE -0.094955444 0.3282318 -0.01789856

1492573323710 MAGNETIC_FIELD 19.13147 -27.790833 20.721436

1492573323764 GRAVITY -1.7847387 9.509172 -1.6002339

1492573323770 LINEAR_ACCELERATION 2.291864 -0.33334255 -0.6904335

1492573323772 ROTATION_VECTOR 0.14727828 0.74826354 0.6007349

1492573323777 ACCELEROMETER -1.9633636 8.624329 -0.27194214

1492573323780 GYROSCOPE 0.22930908 0.65296936 -0.40570068

1492573323891 MAGNETIC_FIELD 19.288635 -25.994873 23.406982

1492573323975 GRAVITY -1.7232758 9.4457 -1.9948614

1492573323981 LINEAR_ACCELERATION -0.22136891 -0.20476055 1.4724938

1492573323987 ROTATION_VECTOR 0.16480432 0.7579902 0.58261555

1492573323990 ACCELEROMETER -2.2891083 9.273102 -0.5063782

1492573323993 GYROSCOPE 0.1819458 -0.53286743 0.05076599

1492573324094 MAGNETIC_FIELD 22.393799 -24.84436 22.427368

1492573324162 GRAVITY -2.2489455 9.400935 -1.6537975

1492573324167 LINEAR_ACCELERATION 0.10833025 2.2098083 0.96898985

1492573324171 ROTATION_VECTOR 0.21891205 0.7323918 0.55781823

1492573324173 ACCELEROMETER -2.5218658 10.326569 -1.4717712

1492573324175 GYROSCOPE -0.071014404 -1.1609344 0.04611206

1492573324287 MAGNETIC_FIELD 24.639893 -27.381897 15.434265

1492573324373 GRAVITY -1.49736 9.622924 -1.1522329

1492573324379 LINEAR_ACCELERATION -0.47786224 -0.8274565 -1.9352217

1492573324382 ROTATION_VECTOR 0.34109616 0.6651323 0.53744286

1492573324384 ACCELEROMETER -0.82862854 8.7655945 -2.2052307

1492573324387 GYROSCOPE 0.1904602 -0.75801086 0.579895

1492573324485 MAGNETIC_FIELD 20.176697 -27.111816 18.785095

1492573324571 ACCELEROMETER -1.8402252 8.783478 -0.8779144

1492573324599 GYROSCOPE 0.12425232 0.53567505 0.18777466

1492573324602 GRAVITY -0.84470844 9.60731 -1.7766379

1492573324605 LINEAR_ACCELERATION 0.06722802 -0.99148273 -0.61470425

1492573324607 ROTATION_VECTOR 0.34609285 0.6861509 0.5438626

1492573324674 MAGNETIC_FIELD 16.351318 -28.153992 20.220947

1492573324758 ACCELEROMETER -1.3210754 11.021515 -0.98960876

1492573324759 GRAVITY -0.5983776 9.665491 -1.5461608

1492573324760 LINEAR_ACCELERATION -1.0010488 0.97637844 0.7922783

1492573324760 GYROSCOPE -0.31033325 0.27713013 -0.054840088

1492573324760 ROTATION_VECTOR 0.3236702 0.6885273 0.5691346

1492573324869 MAGNETIC_FIELD 15.354919 -29.646301 18.553162

1492573324954 ACCELEROMETER 1.6295929 8.306091 -2.2956085

1492573324954 GYROSCOPE -0.0440979 0.067718506 -0.32806396

1492573324964 GRAVITY -0.5886704 9.700874 -1.3103052

1492573324964 LINEAR_ACCELERATION 1.5425754 -2.359891 -0.6523036

1492573324965 ROTATION_VECTOR 0.29509225 0.6926237 0.58877116

1492573325065 MAGNETIC_FIELD 19.021606 -25.595093 23.38562

1492573325142 ACCELEROMETER -2.082672 8.928833 -1.3078308

1492573325143 GYROSCOPE 0.29330444 0.33833313 -0.24269104

1492573325163 GRAVITY -1.5550333 9.455683 -2.0838244

1492573325164 LINEAR_ACCELERATION -1.584738 0.04955578 2.260008

1492573325164 ROTATION_VECTOR 0.20914629 0.7500022 0.56907344

1492573325344 ACCELEROMETER -2.4819489 10.521652 -1.1743469

1492573325345 GYROSCOPE 0.06614685 -0.55900574 -0.2558899

1492573325345 MAGNETIC_FIELD 18.711853 -24.453735 24.487305

1492573325364 GRAVITY -1.8151821 9.407965 -2.0894256

1492573325364 LINEAR_ACCELERATION -0.31085336 0.03700447 1.5365169

1492573325365 ROTATION_VECTOR 0.22972783 0.74414796 0.5534531

1492573325539 ACCELEROMETER -2.1197662 8.614258 -2.6895142

1492573325540 GYROSCOPE -0.2782135 -1.4443054 0.47154236

1492573325540 MAGNETIC_FIELD 23.480225 -24.473572 20.747375

1492573325564 GRAVITY -2.2998679 9.458841 -1.1879843

1492573325565 LINEAR_ACCELERATION -1.6159239 2.7098722 -1.2528274

1492573325565 ROTATION_VECTOR 0.2811325 0.6939271 0.5381879

1492573325735 ACCELEROMETER -1.4680786 8.373047 -1.7960815

1492573325736 GYROSCOPE 0.4046173 0.7450409 0.37319946

1492573325736 MAGNETIC_FIELD 21.916199 -26.589966 18.156433

1492573325758 GRAVITY -1.3533068 9.630521 -1.2617483

1492573325770 LINEAR_ACCELERATION -0.074863315 -0.7778282 0.11534512

1492573325773 ROTATION_VECTOR 0.3636144 0.6573552 0.527501

1492573325926 MAGNETIC_FIELD 19.233704 -27.920532 20.777893

1492573325962 GRAVITY -0.7280372 9.654539 -1.5589188

1492573325965 LINEAR_ACCELERATION -2.0897565 -0.8475113 -0.5996938

1492573325967 ROTATION_VECTOR 0.34069908 0.68073994 0.556434

1492573326041 ACCELEROMETER -1.6095734 9.757233 -1.1904907

1492573326045 GYROSCOPE -0.3053589 0.026565552 0.14852905

1492573326127 MAGNETIC_FIELD 18.441772 -28.941345 17.634583

1492573326167 GRAVITY -0.8054565 9.73375 -0.8807551

1492573326171 LINEAR_ACCELERATION -0.5983185 1.1675034 -0.44547415

1492573326174 ROTATION_VECTOR 0.30568206 0.67191106 0.5889176

1492573326237 ACCELEROMETER 0.67848206 10.029114 -1.8813934

1492573326243 GYROSCOPE -0.039016724 0.542511 0.044784546

1492573326322 MAGNETIC_FIELD 17.732239 -29.270935 19.769287

1492573326366 GRAVITY -0.74355686 9.715871 -1.1042526

1492573326372 LINEAR_ACCELERATION 4.6150093 -2.267683 -2.6580958

1492573326375 ROTATION_VECTOR 0.30134693 0.68226916 0.58700645

1492573326432 ACCELEROMETER -0.6329498 8.662048 -1.4090881

1492573326437 GYROSCOPE 0.054107666 1.1685791 -0.68460083

1492573326518 MAGNETIC_FIELD 20.141602 -26.316833 21.295166

1492573326566 GRAVITY -1.4629573 9.558513 -1.6324748

1492573326572 LINEAR_ACCELERATION -1.6015794 -1.77281 -0.25267816

1492573326575 ROTATION_VECTOR 0.22123682 0.7309496 0.5824861

1492573326627 ACCELEROMETER -2.1792908 9.134216 -0.37046814

1492573326634 GYROSCOPE 0.11991882 -0.7065735 -0.05305481

1492573326712 MAGNETIC_FIELD 23.500061 -24.987793 20.576477

1492573326766 GRAVITY -1.88769 9.508748 -1.4801062

1492573326772 LINEAR_ACCELERATION -0.91416025 0.43450165 1.1398411

1492573326775 ROTATION_VECTOR 0.2517079 0.7156169 0.56078774

1492573326824 ACCELEROMETER -2.5840607 10.492645 -2.213028

1492573326830 GYROSCOPE 0.07493591 -1.4459534 0.2043457

1492573326910 MAGNETIC_FIELD 26.350403 -27.493286 9.797668

1492573326964 GRAVITY -1.658961 9.613995 -0.99465746

1492573326967 LINEAR_ACCELERATION -0.29606032 0.06333351 -3.1455204

1492573326969 ROTATION_VECTOR 0.39036047 0.6311356 0.5018042

1492573327013 ACCELEROMETER -1.8506927 8.416382 -2.6567688

1492573327016 GYROSCOPE 0.42918396 -1.5829926 0.57099915

1492573327097 MAGNETIC_FIELD 24.357605 -28.012085 11.012268

1492573327162 GRAVITY -0.9969041 9.573273 -1.87857

1492573327165 LINEAR_ACCELERATION 0.5539963 -1.5646877 -0.51725316

1492573327167 ROTATION_VECTOR 0.4962807 0.5911733 0.4419873

1492573327207 ACCELEROMETER -1.4957428 8.837906 -2.1765442

1492573327211 GYROSCOPE 0.1976471 -0.5331116 0.3917694

1492573327299 MAGNETIC_FIELD 21.347046 -29.678345 9.01947

1492573327366 GRAVITY -0.5182225 9.591932 -1.9739993

1492573327372 LINEAR_ACCELERATION -1.1157191 -0.06345463 0.1055249

1492573327375 ROTATION_VECTOR 0.5449321 0.55108523 0.4247284

1492573327409 ACCELEROMETER -0.9614258 10.548981 -1.7207184

1492573327413 GYROSCOPE -0.4387207 -0.3511505 0.27890015

1492573327493 MAGNETIC_FIELD 19.760132 -30.537415 6.5093994

1492573327566 GRAVITY -0.13290937 9.718891 -1.3022561

1492573327574 LINEAR_ACCELERATION 0.09925479 2.4219294 -0.509156

1492573327576 ROTATION_VECTOR 0.55254245 0.51097304 0.44042617

1492573327604 ACCELEROMETER 0.04963684 9.520081 -3.045288

1492573327608 GYROSCOPE 0.18945313 -1.3601685 0.0073394775

1492573327692 MAGNETIC_FIELD 21.86737 -31.08368 3.363037

1492573327766 GRAVITY -0.61719567 9.623327 -1.7835422

1492573327776 LINEAR_ACCELERATION 2.0743918 -0.7265692 -2.836678

1492573327789 ROTATION_VECTOR 0.6196333 0.45496142 0.34475768

1492573327794 ACCELEROMETER -1.2794952 9.459747 -2.7259827

1492573327796 GYROSCOPE 0.401062 -1.4601593 -0.17269897

1492573327882 MAGNETIC_FIELD 22.550964 -29.368591 -1.8081665

1492573327964 GRAVITY -1.5551289 9.429662 -2.1985056

1492573327970 LINEAR_ACCELERATION 0.32510507 0.18390083 -1.696502

1492573327972 ROTATION_VECTOR 0.6799221 0.38703814 0.21592993

1492573327990 ACCELEROMETER -1.6225128 9.147095 -2.1971588

1492573327999 GYROSCOPE 0.24746704 -2.2492676 0.17285156

1492573328165 GRAVITY -2.2016551 9.3609705 -1.9223268

1492573328171 LINEAR_ACCELERATION 0.70797515 -0.0058956146 -0.81928444

1492573328174 ROTATION_VECTOR 0.73109055 0.25202772 0.06391133

1492573328190 ACCELEROMETER -2.7740479 8.791504 -2.0278473

1492573328195 GYROSCOPE 0.17016602 -2.180725 -0.124313354

1492573328197 MAGNETIC_FIELD 19.71283 -30.48706 -5.836487

1492573328365 GRAVITY -3.0816164 9.259478 -0.9675282

1492573328410 LINEAR_ACCELERATION -0.39625716 -0.058526993 -0.29182416

1492573328413 ROTATION_VECTOR 0.7322512 0.11462251 -0.11092937

1492573328415 ACCELEROMETER -2.4887695 9.232559 -2.6667175

1492573328430 GYROSCOPE 0.744751 -2.1300812 0.49519348

1492573328433 MAGNETIC_FIELD 14.033508 -31.362915 -13.952637

1492573328562 GRAVITY -2.5970602 9.378704 -1.2106062

1492573328562 LINEAR_ACCELERATION 0.25642228 1.0977831 -1.116774

1492573328563 ROTATION_VECTOR 0.74622554 -0.069794 -0.23531902

1492573328574 ACCELEROMETER -2.3086853 8.790207 -2.2994843

1492573328575 GYROSCOPE 0.40223694 -1.0161285 0.57455444

1492573328575 MAGNETIC_FIELD 2.670288 -33.683777 -7.522583

1492573328764 GRAVITY -1.8925989 9.485562 -1.6163439

1492573328780 LINEAR_ACCELERATION -0.96286285 -0.7094288 -0.42172062

1492573328802 ROTATION_VECTOR 0.73980725 -0.1873389 -0.2781384

1492573328805 ACCELEROMETER -2.267624 10.637817 -1.6934662

1492573328808 GYROSCOPE -0.20779419 -0.36601257 0.23078918

1492573328821 MAGNETIC_FIELD -2.609253 -32.618713 -6.9259644

1492573328961 GRAVITY -1.5676504 9.617843 -1.0999799

1492573328962 LINEAR_ACCELERATION -0.8046175 0.6835661 -0.639598

1492573328962 ROTATION_VECTOR 0.7120945 -0.22137038 -0.29756403

1492573328963 ACCELEROMETER 1.8372498 8.819733 -2.7359009

1492573328963 GYROSCOPE -0.0057373047 -0.5848541 0.10308838

1492573328964 MAGNETIC_FIELD -5.140686 -32.463074 -6.881714

1492573329165 ACCELEROMETER -1.0372162 8.875839 -0.8113861

1492573329170 GRAVITY -1.2849693 9.677115 -0.93417716

1492573329172 LINEAR_ACCELERATION 3.882708 -2.7079277 -2.7397459

1492573329174 ROTATION_VECTOR 0.7324326 -0.23930962 -0.30660003

1492573329177 GYROSCOPE 0.44400024 0.0050964355 -0.25912476

1492573329179 MAGNETIC_FIELD -3.326416 -33.407593 -6.121826

1492573329363 ACCELEROMETER -1.3603058 9.630051 -0.99845886

1492573329367 GRAVITY -2.2410524 9.389701 -1.7267241

1492573329369 LINEAR_ACCELERATION 1.0686977 0.17132282 0.80877554

1492573329372 ROTATION_VECTOR 0.7228796 -0.25589758 -0.34879756

1492573329374 GYROSCOPE 0.004928589 -0.38337708 -0.23278809

1492573329376 MAGNETIC_FIELD -3.0517578 -33.06427 -3.1433105

1492573329554 MAGNETIC_FIELD -1.272583 -33.50525 -3.7582397

1492573329561 GRAVITY -2.3827233 9.446174 -1.12375

1492573329564 LINEAR_ACCELERATION -1.1942403 2.0923204 -1.3452557

1492573329566 ROTATION_VECTOR 0.68107986 -0.3056559 -0.41262016

1492573329642 ACCELEROMETER -2.2077637 8.896652 -2.8383331

1492573329645 GYROSCOPE -0.09814453 -1.3260193 0.28619385

1492573329750 MAGNETIC_FIELD -6.2316895 -32.19757 -3.3843994

1492573329764 GRAVITY -1.535541 9.604153 -1.2540919

1492573329767 LINEAR_ACCELERATION 0.50738215 -0.30397606 -1.0290713

1492573329771 ROTATION_VECTOR 0.6574852 -0.36284176 -0.4063365

1492573329837 ACCELEROMETER -0.98147583 8.791733 -2.1643524

1492573329842 GYROSCOPE 0.24549866 0.07469177 0.3756714

1492573329946 MAGNETIC_FIELD -8.857727 -31.359863 -3.2745361

1492573329964 GRAVITY -1.2294911 9.662648 -1.136648

1492573329969 LINEAR_ACCELERATION -0.93071294 -0.9028492 0.7600677

1492573329971 ROTATION_VECTOR 0.6649149 -0.34035438 -0.375228

1492573330025 ACCELEROMETER -1.7901917 9.018234 -1.1853943

1492573330030 GYROSCOPE -0.2932434 0.33564758 0.0783844

1492573330137 MAGNETIC_FIELD -8.027649 -31.362915 -6.878662

1492573330162 GRAVITY -1.2135272 9.691969 -0.8737668

1492573330164 LINEAR_ACCELERATION -0.14603555 4.1831074 -1.3603506

1492573330166 ROTATION_VECTOR 0.67499346 -0.2982173 -0.34731188

1492573330221 ACCELEROMETER -0.15699768 11.056778 -1.9916534

1492573330225 GYROSCOPE -0.059799194 0.48402405 -0.008346558

1492573330331 MAGNETIC_FIELD -6.0180664 -33.64868 -7.5393677

1492573330365 GRAVITY -1.6237049 9.592923 -1.2287345

1492573330369 LINEAR_ACCELERATION 4.822609 0.04253483 -1.0712918

1492573330371 ROTATION_VECTOR 0.70644325 -0.25216258 -0.3231452

1492573330422 ACCELEROMETER 0.086135864 9.018463 -1.3711243

1492573330426 GYROSCOPE 0.10211182 0.50527954 -0.56243896

1492573330531 MAGNETIC_FIELD -0.5126953 -33.267212 -4.673767

1492573330563 GRAVITY -2.0810554 9.446316 -1.6145306

1492573330567 LINEAR_ACCELERATION 1.6278527 -1.0875254 0.95366657

1492573330570 ROTATION_VECTOR 0.7257463 -0.23581886 -0.3272812

1492573330617 ACCELEROMETER -1.0974731 8.825668 -0.6717987

1492573330622 GYROSCOPE 0.18702698 -0.21339417 -0.16207886

1492573330727 MAGNETIC_FIELD -0.2456665 -33.19397 -2.3834229

1492573330765 GRAVITY -2.4889722 9.332896 -1.6948291

1492573330769 LINEAR_ACCELERATION 0.705528 1.2242823 0.8918655

1492573330771 ROTATION_VECTOR 0.72353745 -0.2508103 -0.36009726

1492573330813 ACCELEROMETER -2.281067 11.395233 -2.0131073

1492573330817 GYROSCOPE 0.070892334 -0.6331482 -0.03236389

1492573330922 MAGNETIC_FIELD -3.9489746 -33.366394 -2.746582

1492573330965 GRAVITY -1.8060529 9.587755 -0.9917255

1492573330970 LINEAR_ACCELERATION 0.44511688 -2.454835 -2.6605737

1492573330973 ROTATION_VECTOR 0.66588074 -0.3273634 -0.4020323

1492573331008 ACCELEROMETER -0.5544739 8.494736 -3.0830383

1492573331011 GYROSCOPE -0.25271606 -0.87332153 0.64733887

1492573331117 MAGNETIC_FIELD -7.952881 -32.650757 -1.8554688

1492573331164 GRAVITY -1.2017581 9.63927 -1.3456057

1492573331167 LINEAR_ACCELERATION -0.41674185 -1.0328026 0.11839807

1492573331171 ROTATION_VECTOR 0.67902577 -0.3279189 -0.35660258

1492573331203 ACCELEROMETER -1.5862274 8.524506 -0.92507935

1492573331207 GYROSCOPE 0.083984375 1.5126343 -0.07136536

1492573331312 MAGNETIC_FIELD -7.395935 -33.11615 -5.857849

1492573331365 GRAVITY -1.3157785 9.661298 -1.0480622

1492573331371 LINEAR_ACCELERATION -0.45876718 0.5067482 -0.38903785

1492573331374 ROTATION_VECTOR 0.7035152 -0.24187325 -0.30055884

1492573331398 ACCELEROMETER -1.5435638 10.531494 -1.1717834

1492573331402 GYROSCOPE -0.46028137 0.68374634 -0.2663269

1492573331508 MAGNETIC_FIELD -3.7521362 -32.32727 -10.093689

1492573331565 GRAVITY -1.5193422 9.648434 -0.8773342

1492573331570 LINEAR_ACCELERATION 2.0993624 -1.67278 -0.59397477

1492573331572 ROTATION_VECTOR 0.7227955 -0.14932594 -0.23763935

1492573331594 ACCELEROMETER 0.67149353 8.556595 -1.349884

1492573331598 GYROSCOPE -0.0592041 0.6798401 -0.54182434

1492573331764 GRAVITY -2.767007 9.334093 -1.1784537

1492573331767 LINEAR_ACCELERATION -4.950075 -0.36470985 6.2573266

1492573331771 ROTATION_VECTOR 0.74551356 -0.06552809 -0.24346486

1492573331790 ACCELEROMETER -3.0486145 8.192841 0.17727661

1492573331793 GYROSCOPE 0.1463623 0.3242798 -0.08773804

1492573331796 MAGNETIC_FIELD 5.038452 -32.582092 -8.276367

1492573331962 GRAVITY -2.8281996 9.319039 -1.1520381

1492573331965 LINEAR_ACCELERATION -0.05623722 -0.43360424 0.8872405

1492573331968 ROTATION_VECTOR 0.74093467 -0.098759234 -0.27520195

1492573331980 ACCELEROMETER -2.796112 10.029541 -1.4525146

1492573331983 GYROSCOPE 0.16792297 -0.9225464 -0.19702148

1492573331985 MAGNETIC_FIELD 3.4454346 -33.5083 -7.043457

1492573332164 GRAVITY -2.9538438 9.3392515 -0.4728335

1492573332179 LINEAR_ACCELERATION -0.35306263 1.4303074 -3.187905

1492573332181 ROTATION_VECTOR 0.7041808 -0.16803938 -0.35501805

1492573332182 MAGNETIC_FIELD 2.2079468 -32.273865 -8.106995

1492573332281 ACCELEROMETER -1.3634338 8.750519 -2.5806427

1492573332282 GYROSCOPE 0.01461792 -1.1179657 0.6118469

1492573332363 GRAVITY -1.8839403 9.60331 -0.63056374

1492573332370 LINEAR_ACCELERATION 1.7451944 -0.6863327 -1.2258483

1492573332374 ROTATION_VECTOR 0.69067717 -0.2347656 -0.34067723

1492573332377 MAGNETIC_FIELD -6.3201904 -32.574463 -5.104065

1492573332482 ACCELEROMETER -1.6022797 8.397232 -1.1564789

1492573332486 GYROSCOPE -0.010009766 0.37506104 0.2394104

1492573332564 GRAVITY -1.4730746 9.678217 -0.5766812

1492573332569 LINEAR_ACCELERATION -0.85549366 -0.6435003 0.116802156

1492573332573 ROTATION_VECTOR 0.6923098 -0.22385189 -0.3068679

1492573332576 MAGNETIC_FIELD -6.114197 -32.696533 -7.852173

1492573332674 ACCELEROMETER -1.525528 10.252823 -0.7574768

1492573332680 GYROSCOPE -0.34735107 0.76527405 -0.021026611

1492573332763 MAGNETIC_FIELD -3.227234 -31.848145 -14.611816

1492573332767 GRAVITY -1.827045 9.63468 -0.07243657

1492573332772 LINEAR_ACCELERATION 0.44756687 1.5124044 -0.90822154

1492573332775 ROTATION_VECTOR 0.69522744 -0.14266066 -0.26770708

1492573332871 ACCELEROMETER 0.8176727 9.980423 -1.3916779

1492573332874 GYROSCOPE 0.06060791 0.67448425 -0.023361206

1492573332953 MAGNETIC_FIELD 0.12664795 -31.86493 -13.873291

1492573332960 GRAVITY -1.9046676 9.598785 -0.6371389

1492573332964 LINEAR_ACCELERATION 6.3638234 1.7293358 -1.6242535

1492573332970 ROTATION_VECTOR 0.726758 -0.065634 -0.19286479

1492573333065 ACCELEROMETER -1.6134186 8.709488 -0.14865112

1492573333072 GYROSCOPE 0.091156006 0.66586304 -0.4160614

1492573333150 MAGNETIC_FIELD 2.7069092 -32.86133 -12.449646

1492573333160 GRAVITY -2.1106632 9.5157995 -1.0793742

1492573333165 LINEAR_ACCELERATION 2.008776 -0.38150883 0.11728692

1492573333171 ROTATION_VECTOR 0.74431735 -0.032006577 -0.17229168

1492573333262 ACCELEROMETER -2.239975 9.857742 -0.37675476

1492573333266 GYROSCOPE 0.12107849 -0.15759277 -0.20169067

1492573333345 MAGNETIC_FIELD 3.3111572 -32.83539 -10.951233

1492573333363 GRAVITY -2.6834927 9.371846 -1.0666564

1492573333366 LINEAR_ACCELERATION 0.26360178 1.4042301 0.6024257

1492573333369 ROTATION_VECTOR 0.7438087 -0.0336597 -0.21258102

1492573333457 ACCELEROMETER -2.3127594 10.11261 -2.6470032

1492573333462 GYROSCOPE -0.14863586 -1.0892029 0.1395874

1492573333542 MAGNETIC_FIELD -2.4887085 -31.794739 -12.425232

1492573333563 GRAVITY -2.2112908 9.54732 -0.35953715

1492573333568 LINEAR_ACCELERATION 1.0706272 -1.9431095 -3.4719682

1492573333572 ROTATION_VECTOR 0.7114426 -0.11036652 -0.25839686

1492573333652 ACCELEROMETER -1.1840973 8.954697 -1.7973785

1492573333654 GYROSCOPE 0.035827637 0.090667725 0.28829956

1492573333734 MAGNETIC_FIELD -2.0339966 -30.34668 -14.221191

1492573333760 GRAVITY -1.7101239 9.63789 -0.5974343

1492573333765 LINEAR_ACCELERATION 1.2714175 -1.1021662 -1.6375507

1492573333768 ROTATION_VECTOR 0.72100174 -0.103039496 -0.21396269

1492573333846 ACCELEROMETER -1.5362091 9.244705 -0.8043823

1492573333850 GYROSCOPE -0.29060364 1.4650116 0.051574707

1492573333936 MAGNETIC_FIELD 3.2684326 -27.392578 -19.677734

1492573333963 GRAVITY -1.4817644 9.684072 -0.43991056

1492573333966 LINEAR_ACCELERATION 0.1265608 0.56122303 -0.23956227

1492573333969 ROTATION_VECTOR 0.7227543 0.0074446807 -0.09748215

1492573334044 ACCELEROMETER -1.4717102 9.759064 -1.1330109

1492573334049 GYROSCOPE -0.32711792 2.192505 -0.13087463

1492573334127 MAGNETIC_FIELD 13.883972 -28.3432 -14.588928

1492573334163 GRAVITY -1.5066642 9.65163 -0.863935

1492573334169 LINEAR_ACCELERATION 0.119596004 0.85546684 -0.6386565

1492573334172 ROTATION_VECTOR 0.7138269 0.18574055 0.06721296

1492573334238 ACCELEROMETER 0.3312683 9.571518 -0.6338501

1492573334243 GYROSCOPE 0.025726318 2.2009125 0.04588318

1492573334363 GRAVITY -0.87254846 9.689487 -1.2340496

1492573334367 LINEAR_ACCELERATION 2.1794643 0.1640644 0.56301403

1492573334372 ROTATION_VECTOR 0.67229146 0.33308145 0.23918608

1492573334434 ACCELEROMETER -0.99401855 8.912537 -0.40548706

1492573334440 GYROSCOPE 0.033187866 1.9131012 -0.27062988

1492573334443 MAGNETIC_FIELD 20.19806 -26.322937 -8.41217

1492573334563 GRAVITY -0.9008076 9.634606 -1.5916319

1492573334567 LINEAR_ACCELERATION -0.27187932 -0.33848 1.3047397

1492573334572 ROTATION_VECTOR 0.60465586 0.4642649 0.34464237

1492573334631 ACCELEROMETER -2.080719 9.841583 -0.49461365

1492573334634 GYROSCOPE 0.17680359 0.4267578 -0.44708252

1492573334638 MAGNETIC_FIELD 24.08142 -27.105713 -2.7542114

1492573334763 GRAVITY -1.6619204 9.473327 -1.9142845

1492573334767 LINEAR_ACCELERATION -0.6802294 0.55118847 1.3457457

1492573334772 ROTATION_VECTOR 0.5698244 0.5223998 0.3414285

1492573334826 ACCELEROMETER -1.1084747 9.182861 -2.907425

1492573334832 GYROSCOPE -0.31755066 -0.34902954 -0.11175537

1492573334834 MAGNETIC_FIELD 27.661133 -24.66278 -0.7675171

1492573334960 GRAVITY -1.9324352 9.532438 -1.2524807

1492573334965 LINEAR_ACCELERATION 1.3772175 -1.6265545 -1.8664161

1492573334971 ROTATION_VECTOR 0.5643507 0.49534538 0.3283511

1492573335017 ACCELEROMETER -1.2159882 9.21608 -1.7393799

1492573335023 GYROSCOPE -0.16944885 0.7364807 0.1453247

1492573335025 MAGNETIC_FIELD 26.612854 -24.621582 -5.8013916

1492573335163 GRAVITY -1.4775096 9.62127 -1.1910125

1492573335171 LINEAR_ACCELERATION 0.75452805 -1.1467257 -0.4864167

1492573335174 ROTATION_VECTOR 0.54549146 0.51299495 0.37550652

1492573335216 ACCELEROMETER -1.7001343 9.010956 -1.0243073

1492573335221 GYROSCOPE -0.35731506 1.0867462 -0.044509888

1492573335223 MAGNETIC_FIELD 27.201843 -26.524353 -1.3183594

1492573335372 GRAVITY -1.3632334 9.675804 -0.8311382

1492573335379 LINEAR_ACCELERATION -0.3562913 -0.3140955 -0.6702345

1492573335381 ROTATION_VECTOR 0.4785141 0.55982184 0.44787508

1492573335417 ACCELEROMETER -2.1181335 10.12265 -0.7790985

1492573335426 GYROSCOPE -0.26861572 1.8324738 -0.0231781

1492573335429 MAGNETIC_FIELD 27.84729 -25.280762 0.87890625

1492573335571 GRAVITY -1.516277 9.658357 -0.7664424

1492573335577 LINEAR_ACCELERATION -1.2383211 1.5923758 -0.21113974

1492573335580 ROTATION_VECTOR 0.3702741 0.6340148 0.5260621

1492573335612 ACCELEROMETER 1.9697113 9.6983795 -0.82658386

1492573335621 GYROSCOPE -0.10168457 1.7251129 0.0075531006

1492573335624 MAGNETIC_FIELD 26.086426 -25.688171 10.198975

1492573335775 GRAVITY -0.78697973 9.726655 -0.9712018

1492573335792 LINEAR_ACCELERATION 4.1457906 1.5078735 -0.1298815

1492573335794 ROTATION_VECTOR 0.2890176 0.6826319 0.5949492

1492573335799 MAGNETIC_FIELD 23.265076 -25.727844 17.448425

1492573335885 ACCELEROMETER 0.5122223 9.003677 -0.13456726

1492573335900 GYROSCOPE 0.056915283 1.6370697 -0.16592407

1492573335960 GRAVITY -0.5996668 9.711508 -1.223683

1492573335964 LINEAR_ACCELERATION 1.0274793 -0.6957903 0.7931088

1492573335966 ROTATION_VECTOR 0.17777143 0.72855186 0.6317791

1492573335994 MAGNETIC_FIELD 19.229126 -24.012756 23.554993

1492573336077 ACCELEROMETER -1.1614838 10.073639 0.4511261

1492573336077 GYROSCOPE 0.13963318 0.4367981 -0.44252014

1492573336162 GRAVITY -1.1687272 9.617582 -1.5187405

1492573336162 LINEAR_ACCELERATION -0.2742387 0.6481314 2.3941967

1492573336163 ROTATION_VECTOR 0.10791297 0.75218946 0.6276272

1492573336193 MAGNETIC_FIELD 24.227905 -23.614502 21.730042

1492573336286 ACCELEROMETER -1.2459412 9.128143 -3.2878876

1492573336292 GYROSCOPE -0.41027832 -0.42048645 -0.06692505

1492573336371 GRAVITY -1.7099932 9.619989 -0.8379268

1492573336377 LINEAR_ACCELERATION 0.31023002 -0.032922745 -2.0395977

1492573336380 ROTATION_VECTOR 0.124587595 0.7260856 0.6361823

1492573336385 MAGNETIC_FIELD 22.109985 -25.427246 20.373535

1492573336480 ACCELEROMETER -0.59025574 8.219635 -2.087616

1492573336487 GYROSCOPE 0.03968811 0.83151245 0.09686279

1492573336571 GRAVITY -1.1989946 9.693733 -0.87426627

1492573336577 LINEAR_ACCELERATION 1.5802587 -1.8729553 -2.04865

1492573336581 ROTATION_VECTOR 0.12139205 0.7279005 0.64699733

1492573336584 MAGNETIC_FIELD 16.93573 -26.881409 24.163818

1492573336676 ACCELEROMETER -2.2059479 9.587769 -0.6959839

1492573336682 GYROSCOPE -0.30378723 1.5153351 -0.19929504

1492573336771 GRAVITY -1.2817166 9.669211 -1.0168327

1492573336782 LINEAR_ACCELERATION -0.61764944 0.18000698 0.13456601

1492573336786 ROTATION_VECTOR 0.001774192 0.74285996 0.6634274

1492573336789 MAGNETIC_FIELD 14.045715 -27.2583 22.669983

1492573336874 ACCELEROMETER -1.3635254 10.593536 -0.39753723

1492573336882 GYROSCOPE -0.3846588 0.80506897 -0.014282227

1492573336965 GRAVITY -1.4889144 9.690171 -0.23258571

1492573336971 LINEAR_ACCELERATION -0.30440032 0.84127617 -0.6111446

1492573336973 ROTATION_VECTOR -0.051344384 0.71359813 0.6964012

1492573336976 MAGNETIC_FIELD 9.495544 -27.648926 23.358154

1492573337095 ACCELEROMETER -0.30323792 8.756638 -1.6158752

1492573337104 GYROSCOPE 0.17103577 0.91877747 -0.2539673

1492573337158 GRAVITY -1.3086725 9.6785755 -0.88484544

1492573337159 LINEAR_ACCELERATION 4.08934 -1.2248049 -1.7064478

1492573337161 ROTATION_VECTOR 0.10491883 -0.73082596 -0.67442936

1492573337163 MAGNETIC_FIELD 9.599304 -27.191162 26.2146

1492573337249 ACCELEROMETER -1.570755 8.84523 -0.1627655

1492573337249 GYROSCOPE 0.18110657 -0.27508545 -0.00340271

1492573337361 MAGNETIC_FIELD 12.017822 -25.343323 27.679443

1492573337362 GRAVITY -2.0786421 9.507266 -1.2089405

1492573337362 LINEAR_ACCELERATION -0.07173729 0.6047039 0.8572

1492573337363 ROTATION_VECTOR -0.081475094 0.7449836 0.65835005

1492573337452 ACCELEROMETER -2.7025757 10.666321 -1.3967896

1492573337453 GYROSCOPE 0.13415527 -1.184967 -0.16375732

1492573337562 MAGNETIC_FIELD 17.796326 -26.670837 22.245789

1492573337562 GRAVITY -1.8734565 9.600295 -0.703485

1492573337563 LINEAR_ACCELERATION 0.26052773 -2.2770357 -2.8002572

1492573337563 ROTATION_VECTOR 0.066929616 0.7289638 0.6539285

1492573337647 ACCELEROMETER -2.4119873 8.418869 -2.4613953

1492573337647 GYROSCOPE 0.26512146 -1.1443481 0.4974823

1492573337757 MAGNETIC_FIELD 16.854858 -25.215149 23.957825

1492573337759 GRAVITY -0.94492996 9.618105 -1.6641996

1492573337760 LINEAR_ACCELERATION 9.431839E-4 -1.5595894 -0.62544656

1492573337760 ROTATION_VECTOR 0.14675798 0.75054157 0.6172264

1492573337842 ACCELEROMETER -1.7584381 7.6445313 -1.8914185

1492573337843 GYROSCOPE 0.47187805 -0.39283752 0.68522644

1492573337962 GRAVITY 0.2611654 9.493827 -2.443242

1492573337970 LINEAR_ACCELERATION -0.79757077 -0.15942192 -0.16528821

1492573337974 ROTATION_VECTOR 0.24531275 0.7512605 0.5874667

1492573338033 ACCELEROMETER -1.0149536 8.972687 -2.184082

1492573338039 GYROSCOPE 0.56681824 -0.5988312 0.8820343

1492573338042 MAGNETIC_FIELD 12.750244 -25.297546 26.663208

1492573338163 GRAVITY 1.6374762 8.890475 -3.8011193

1492573338167 LINEAR_ACCELERATION -1.7643278 0.37214756 -1.7414308

1492573338175 ROTATION_VECTOR 0.380475 0.74097365 0.5298904

1492573338236 ACCELEROMETER 2.2702332 5.070694 -4.2286987

1492573338244 GYROSCOPE 1.1600494 -0.3805542 0.7949066

1492573338246 MAGNETIC_FIELD 10.133362 -25.14038 28.149414

1492573338371 GRAVITY 2.6087558 6.5807376 -6.786654

1492573338377 LINEAR_ACCELERATION -0.72215295 -5.1146426 0.33930826

1492573338380 ROTATION_VECTOR 0.43259034 0.81171954 0.38993055

1492573338435 ACCELEROMETER 1.5139008 1.9230652 -5.216919

1492573338442 GYROSCOPE 1.166275 -0.8492584 0.89323425

1492573338445 MAGNETIC_FIELD 4.800415 -12.486267 39.613342

1492573338571 GRAVITY 2.2070644 4.15576 -8.604006

1492573338577 LINEAR_ACCELERATION -1.3872313 0.30991292 1.9565506

1492573338582 ROTATION_VECTOR 0.5993616 0.76121473 0.2436771

1492573338631 ACCELEROMETER 4.0092316 3.0529022 -11.9674835

1492573338637 GYROSCOPE 2.897995 -0.43928528 1.8038483

1492573338640 MAGNETIC_FIELD 10.522461 -5.8425903 43.203735

1492573338769 GRAVITY 3.417398 0.48697522 -9.179032

1492573338773 LINEAR_ACCELERATION 2.2233007 -2.7080352 -10.634484

1492573338777 ROTATION_VECTOR -0.61327314 -0.7693481 -0.13012184

1492573338818 MAGNETIC_FIELD 3.1311035 9.819031 46.496582

1492573338930 ACCELEROMETER 7.9132233 2.0726929 -14.6983185

1492573338934 GYROSCOPE -0.7681427 -0.8229065 -0.20159912

1492573338963 GRAVITY 0.92164457 1.3947769 -9.663103

1492573338967 LINEAR_ACCELERATION -1.1657805 0.6285784 -6.928404

1492573338976 ROTATION_VECTOR 0.632036 0.77020234 0.085094705

1492573339019 MAGNETIC_FIELD 15.435791 4.638672 44.46106

1492573339131 ACCELEROMETER 1.4922943 0.3677826 -11.491455

1492573339137 GYROSCOPE -0.5572815 -2.043167 0.21240234

1492573339170 GRAVITY -2.3947375 3.1416116 -8.975851

1492573339177 LINEAR_ACCELERATION 4.6269903 -4.1323414 -4.1447706

1492573339181 ROTATION_VECTOR 0.634939 0.7446432 0.04359736

1492573339213 MAGNETIC_FIELD 33.68988 -0.47607422 34.388733

1492573339326 ACCELEROMETER -1.95607 2.6632843 -7.444336

1492573339332 GYROSCOPE -1.307373 -0.9498596 -0.73939514

1492573339373 GRAVITY -4.8741693 4.5593023 -7.1850977

1492573339379 LINEAR_ACCELERATION 2.5754328 -3.998331 5.7190638

1492573339381 ROTATION_VECTOR 0.5268399 0.76731855 0.05476365

1492573339410 MAGNETIC_FIELD 43.955994 -7.167053 13.912964

1492573339519 ACCELEROMETER -5.7255554 -0.272583 -6.010788

1492573339524 GYROSCOPE -1.4503479 -1.9945374 -1.0778503

1492573339572 GRAVITY -8.22378 4.4090576 -3.0166283

1492573339597 LINEAR_ACCELERATION 7.3545246 -0.65959406 -1.9127727

1492573339622 ROTATION_VECTOR 0.39499187 0.70553994 -0.0107273515

1492573339627 MAGNETIC_FIELD 45.617676 5.5130005 -7.3913574

1492573339710 ACCELEROMETER -10.757462 -0.06236267 2.2465057

1492573339711 GYROSCOPE -0.6373596 -3.295395 -0.9512634

1492573339765 GRAVITY -8.987857 3.3587165 2.0267825

1492573339766 LINEAR_ACCELERATION -1.581109 -3.6810606 6.211194

1492573339766 ROTATION_VECTOR 0.31204176 0.5470766 -0.12430949

1492573339796 MAGNETIC_FIELD 38.894653 12.913513 -26.390076

1492573339901 ACCELEROMETER -7.98967 0.4726715 3.853531

1492573339903 GYROSCOPE -0.09327698 -0.4223938 -0.31289673

1492573339959 GRAVITY -9.012167 2.7536154 2.7145624

1492573339959 LINEAR_ACCELERATION -0.5563202 -2.760199 1.3432856

1492573339961 ROTATION_VECTOR 0.28473833 0.52964133 -0.15618542

1492573339982 MAGNETIC_FIELD 38.337708 14.797974 -25.527954

1492573340087 ACCELEROMETER -8.966507 0.222229 2.6386719

1492573340088 GYROSCOPE 0.23550415 0.31498718 -0.058944702

1492573340178 MAGNETIC_FIELD 39.053345 14.108276 -22.401428

1492573340288 ACCELEROMETER -10.130692 0.06744385 1.8559875

1492573340289 GYROSCOPE 0.30093384 0.595871 0.32939148

1492573340358 GRAVITY -9.129459 3.499066 0.76151246

1492573340359 LINEAR_ACCELERATION -1.4757977 -3.4467936 1.3514719

1492573340361 ROTATION_VECTOR 0.34813422 0.5830748 -0.12582009

1492573340373 MAGNETIC_FIELD 45.27893 7.70874 -18.47992

1492573340483 ACCELEROMETER -9.678131 1.5056305 0.22966003

1492573340484 GYROSCOPE 0.5275421 0.8344574 1.4487305

1492573340558 GRAVITY -7.823001 5.7631297 -1.3256615

1492573340559 LINEAR_ACCELERATION -1.8767705 -3.767078 1.8855517

1492573340561 ROTATION_VECTOR 0.47302896 0.5863732 -0.028849447

1492573340568 MAGNETIC_FIELD 45.385742 -9.651184 -5.39093

1492573340678 ACCELEROMETER -8.629318 3.8730316 -2.5855408

1492573340679 GYROSCOPE 0.968338 1.2622833 1.6200714

1492573340758 GRAVITY -5.1588025 7.272003 -4.083518

1492573340759 LINEAR_ACCELERATION -3.2868586 -3.03028 1.3089118

1492573340761 ROTATION_VECTOR 0.61037534 0.5793474 0.07661607

1492573340874 ACCELEROMETER -4.7404327 5.5182495 -4.8924713

1492573340875 GYROSCOPE 1.3086548 0.5830078 1.066864

1492573340875 MAGNETIC_FIELD 39.8468 -21.540833 4.975891

1492573340958 GRAVITY -3.200456 6.7440085 -6.3597026

1492573340959 LINEAR_ACCELERATION -0.5170996 -1.2857394 1.49226

1492573340961 ROTATION_VECTOR 0.7174904 0.55629325 0.09002341

1492573341069 ACCELEROMETER -4.408264 5.7737274 -6.937439

1492573341070 GYROSCOPE 0.39315796 -0.26016235 0.43322754

1492573341071 MAGNETIC_FIELD 35.298157 -24.023438 16.66565

1492573341158 GRAVITY -3.0897288 6.5242743 -6.6376057

1492573341159 LINEAR_ACCELERATION -1.2874794 0.17825842 -0.39384604

1492573341161 ROTATION_VECTOR 0.75275743 0.5213252 0.065399855

1492573341265 ACCELEROMETER -4.6443787 5.0111084 -6.623474

1492573341265 GYROSCOPE -0.1105957 -0.3270874 0.46012878

1492573341266 MAGNETIC_FIELD 34.210205 -27.426147 13.66272

1492573341359 GRAVITY -3.0512216 6.8511643 -6.3183846

1492573341359 LINEAR_ACCELERATION -2.2277305 -1.4201908 -0.5531726

1492573341361 ROTATION_VECTOR 0.7769628 0.46741498 0.051575158

1492573341460 ACCELEROMETER -4.3047485 8.079086 -5.486908

1492573341461 GYROSCOPE -0.67803955 -0.013031006 0.23573303

1492573341461 MAGNETIC_FIELD 32.000732 -31.681824 9.837341

1492573341558 GRAVITY -2.8107324 7.788043 -5.255146

1492573341559 LINEAR_ACCELERATION -2.3242633 0.07787895 -0.49068356

1492573341561 ROTATION_VECTOR 0.7549225 0.44500545 0.08922153

1492573341656 ACCELEROMETER -4.5464325 5.6775513 -3.7633514

1492573341656 GYROSCOPE 1.181488 -2.2186127 -0.24798584

1492573341657 MAGNETIC_FIELD 28.659058 -34.207153 7.305908

1492573341758 GRAVITY -5.3350687 6.1637444 -5.451209

1492573341759 LINEAR_ACCELERATION 1.3873005 0.0725894 1.9140229

1492573341761 ROTATION_VECTOR 0.79576516 0.3803842 -0.12458306

1492573341851 ACCELEROMETER -6.196762 1.9949646 0.5838623

1492573341852 GYROSCOPE 1.3859406 -5.6586456 -1.2584839

1492573341852 MAGNETIC_FIELD 35.057068 -25.357056 -11.946106

1492573341958 GRAVITY -8.667606 4.009708 2.2282808

1492573341959 LINEAR_ACCELERATION 2.2230587 -3.4933238 -2.7139907

1492573341961 ROTATION_VECTOR 0.59808224 0.16937213 -0.5944298

1492573342046 ACCELEROMETER -7.128937 4.9359894 1.4447021

1492573342047 GYROSCOPE 0.13233948 -2.167511 -0.08929443

1492573342047 MAGNETIC_FIELD 16.54358 -27.670288 -33.26111

1492573342158 GRAVITY -6.585148 3.8518155 6.161958

1492573342159 LINEAR_ACCELERATION -3.0534296 0.34916902 -0.002061367

1492573342161 ROTATION_VECTOR 0.4306211 0.01982503 -0.75708497

1492573342242 MAGNETIC_FIELD 2.0324707 -24.906921 -41.4917

1492573342326 ACCELEROMETER -4.522278 4.238632 9.389847

1492573342327 GYROSCOPE 0.24098206 -1.2218018 -0.32347107

1492573342358 GRAVITY -5.2113295 3.7008214 7.4374967

1492573342359 LINEAR_ACCELERATION 2.439094 0.767828 0.33496094

1492573342361 ROTATION_VECTOR 0.34644437 -0.027740069 -0.8053917

1492573342437 MAGNETIC_FIELD -6.8618774 -24.794006 -37.78839

1492573342522 ACCELEROMETER -1.5802307 3.5914001 8.544022

1492573342523 GYROSCOPE -0.06556702 -1.1661987 -0.13764954

1492573342558 GRAVITY -3.2530324 3.6370044 8.50649

1492573342559 LINEAR_ACCELERATION 2.1418855 0.07619119 -0.5555334

1492573342561 ROTATION_VECTOR 0.24221735 -0.08729542 -0.85022944

1492573342632 MAGNETIC_FIELD -14.480591 -26.487732 -36.557007

1492573342717 ACCELEROMETER 0.09667969 3.727295 8.528748

1492573342718 GYROSCOPE 0.2780304 -0.47987366 -0.016464233

1492573342758 GRAVITY -2.085747 3.9719758 8.72029

1492573342759 LINEAR_ACCELERATION 2.663456 -0.52271175 2.613224

1492573342761 ROTATION_VECTOR 0.19269687 -0.13511801 -0.8639881

1492573342828 MAGNETIC_FIELD -15.26947 -26.600647 -36.045837

1492573342913 ACCELEROMETER 0.53453064 4.044342 8.558105

1492573342914 GYROSCOPE 0.0887146 -0.11647034 -0.004699707

1492573342958 GRAVITY -1.6711409 4.0952425 8.752523

1492573342959 LINEAR_ACCELERATION 2.0941472 0.06628275 -0.49162865

1492573342961 ROTATION_VECTOR 0.17590201 -0.15100992 -0.8655308

1492573343023 MAGNETIC_FIELD -15.155029 -28.096008 -33.27484

1492573343108 ACCELEROMETER 0.81721497 4.1392975 8.572144

1492573343114 GYROSCOPE 0.0029907227 -0.14134216 -0.0040740967

1492573343166 GRAVITY -1.2833862 4.149028 8.792546

1492573343171 LINEAR_ACCELERATION 2.153969 0.19087768 0.33606243

1492573343174 ROTATION_VECTOR 0.15863165 -0.16291377 -0.8672875

1492573343222 MAGNETIC_FIELD -17.234802 -28.001404 -36.17859

1492573343316 ACCELEROMETER 0.81044006 4.1592255 8.632019

1492573343327 GYROSCOPE -0.0074768066 -0.038894653 0.04322815

1492573343364 GRAVITY -1.0599679 4.1515827 8.821066

1492573343370 LINEAR_ACCELERATION 1.6472653 0.262928 0.20304203

1492573343391 ROTATION_VECTOR 0.14966843 -0.16688362 -0.8639296

1492573343425 MAGNETIC_FIELD -17.997742 -28.222656 -33.740234

1492573343499 ACCELEROMETER 1.0974579 4.213333 8.149506

1492573343499 GYROSCOPE 0.018615723 -0.10131836 0.028869629

1492573343559 GRAVITY -0.3421204 4.238424 8.836803

1492573343559 LINEAR_ACCELERATION 1.4452715 0.10017538 0.09790516

1492573343561 ROTATION_VECTOR 0.11678441 -0.18923478 -0.8681907

1492573343609 MAGNETIC_FIELD -17.767334 -27.931213 -33.042908

1492573343694 ACCELEROMETER 1.0461273 4.341812 9.358093

1492573343695 GYROSCOPE 0.044006348 -0.09851074 0.12919617

