1 1 1 -0.9518547 0.386720843018 1.02741441509 1.18411255 0 0 0.8552246 586.0 586.0006240688797 0.0 0.0 0.0 1 2 2 2.2679519875 0.53774341469 2.33083122462 1.8095551 0.7303773000000002 195.0 1.4443664499999997 488.5 488.5021416067943 0.36518865 97.5 97.5006523197 1 2 2 9.163446325 1.10632905715 9.22998984473 3.6193234 0 0 3.139861699999999 391.0 391.0129008104381 0.4794617 0.0 0.00385011191531 1
2 2 2 -0.70969771625 0.618834199904 0.941608525568 2.11813354 0.7032623 4.0 0.97104645 393.0 393.00135257675146 0.35163115 2.0 2.00086194367 1 1 1 2.1822872125 0.219475265213 2.193295892 0.7450714 0 0 0.6943663999999998 395.0 395.00061030927213 0.0 0.0 0.0 2 2 2 9.2137603875 1.02536421821 9.27063925834 3.2654574 0.6771544000000009 64.0 2.585937199999999 424.0 424.0082234733093 0.3385772 32.0 31.9973144612 1
1 1 1 0.180858067143 0.568469471028 0.596546041761 1.50369263 0 0 1.1506195300000002 642.0 642.0010310936447 0.0 0.0 0.0 1 1 1 1.8871002 0.25556620214 1.90432698046 0.6326905 0 0 0.5853576999999999 656.0 656.0002611612567 0.0 0.0 0.0 1 2 2 9.47276535714 0.855961408798 9.51135917968 2.579956 0.680282 68.0 1.9072189999999987 422.0 422.00435126330336 0.340141 34.0 34.0011866712 1
2 2 2 4.7044390475 6.85575292513 8.3146313762 22.1260372 4.25387572 62.0 19.99909934 421.0 421.47525844189784 2.12693786 31.0 31.0659678814 1 2 1 -2.7845420875 2.28040396927 3.59915502585 8.1422578 0 0 8.1422578 452.0 452.07333073527093 0.0 0.0 0.0 0 1 0 6.99744607125 3.58440105176 7.86207239981 11.80020143 2
2 2 2 0.539083481625 0.804540901097 0.968450856625 2.38053894 0.28930663700000003 1.0 0.8787841814999999 390.5 390.5010160203715 0.1446533185 0.5 0.499673170996 1 2 2 3.6921081625 0.669481250006 3.7523149958 2.094696 1.5151976999999999 195.0 1.33709715 488.5 488.50294871462376 0.75759885 97.5 97.4973378197 1 2 2 8.718883475 1.17347221219 8.79749771716 3.5634917 0 0 3.0206220999999993 391.0 391.01204437675085 0.5428696 0.0 0.00419374271141 1
1 1 1 1.40138680714 0.821950706923 1.62465010013 2.5969849 0 0 1.0234375 390.0 390.0013428493759 0.0 0.0 0.0 1 1 1 3.86038207143 0.468992703892 3.88876637171 1.6173096 0 0 1.3396149 396.0 396.00226586230576 0.0 0.0 0.0 1 1 1 8.65355355714 1.51780409156 8.78565412628 4.3979794 0 0 3.0167544 396.0 396.01149075135424 0.0 0.0 0.0 1
1 1 1 2.14153182143 0.891376773162 2.31963598306 2.60815435 0 0 1.5960694 392.0 392.0032492690967 0.0 0.0 0.0 1 2 2 3.78450884286 0.510372395102 3.81876775457 1.6173096 0.5836182000000001 133.0 1.3255004999999995 443.5 443.5019907628464 0.2918091 66.5 66.500573633 1 2 2 8.70347594286 1.53706094115 8.83815873498 4.3979794 0.057357800000000125 133.0 4.3693005000000005 443.5 443.52197492056257 0.0286789 66.5 66.4969876904 1
1 2 2 4.2045765075 4.96783443486 6.5082902962 15.6234438 0.7125244200000012 202.0 15.26718159 490.0 490.25084384722857 0.35626221 101.0 100.937227342 2 2 2 -0.6651058325 2.4568406722 2.54527638126 7.686203 1.8309783600000005 5.0 3.8686447200000003 391.5 391.5201270245683 0.91548918 2.5 2.50891751044 1 1 1 7.33475117875 4.38576856161 8.54596634268 12.96447772 0 0 12.964477720000001 781.0 781.1075967384727 0.0 0.0 0.0 2
2 2 2 2.015264515 2.60315181408 3.29206476737 8.4272309 0 0 4.6742630499999995 391.0 391.04318337202164 3.4531479 0.0 0.0412765707766 0 0 0 3.6231517875 2.09264307302 4.18406308584 6.3763582 0 0 0 7.573860175 3.84250623471 8.49283298519 11.6748195 1
1 2 2 2.51092147625 3.10647236153 3.99435817032 8.4272309 0.4796600400000006 292.0 7.54392238 513.0 513.0593217731257 0.23983002 146.0 145.986645365 1 1 1 3.893913275 1.36536430837 4.12635193455 4.1187744 0 0 4.1187743999999995 397.0 397.0213650454571 0.0 0.0 0.0 0 0 0 8.2775458625 4.39068427155 9.36994524414 11.6748195 1
2 1 2 2.56792773429 2.7104103265 3.73370820854 7.9963226 2.5997315 242.0 6.00422661 488.0 488.0454230483143 1.29986575 121.0 120.97274664 1 1 1 3.81366622857 1.57206145541 4.12497603903 4.7085571 0 0 3.8540954000000003 582.0 582.0127610726008 0.0 0.0 0.0 1 1 1 8.83557347143 3.00914526546 9.33393345796 9.1486055 0 0 7.6937105 381.0 381.0776734226998 0.0 0.0 0.0 1
1 1 1 2.14111542143 2.0340145742 2.95323391148 5.3965911 0 0 4.2223663 591.0 591.0150830369487 0.0 0.0 0.0 0 0 0 4.05480742857 2.60887249743 4.82158469703 7.3309633 0 0 0 8.0556466 3.60375575524 8.82499278682 9.8099824 1
2 2 2 1.49061583825 1.30772894279 1.98294996534 3.8652038 0.4031067499999996 247.0 2.9801025250000004 522.5 522.5087547646888 0.201553375 123.5 123.499080276 0 1 0 4.3355007625 2.28097732597 4.89892074066 7.3309633 0 0 0 8.5998305875 3.73428462997 9.37560493149 10.2847744 1
2 2 3 0.9790916395 1.0034122125 1.40194739799 3.35470584 0.8817978279999998 4.5 2.7668406213333334 395.0 395.0099476508514 0.482604352188 5.71547606649 5.71806239236 1 1 1 3.84874344125 1.86455515199 4.27660987131 5.48887637 0 0 2.4125062 395.0 395.00736725555515 0.0 0.0 0.0 1 1 1 10.0911387625 3.46537479715 10.6695784363 11.561691 0 0 3.0994416000000005 402.0 402.01194825307346 0.0 0.0 0.0 1
1 2 2 0.446496138571 0.78167707067 0.900209889176 2.4127044 0.8722229100000001 2.0 1.7365111850000001 393.0 393.0040833570191 0.436111455 1.0 0.998062626296 0 0 0 3.76539829 1.76580644255 4.15888166156 5.43351737 0 0 0 8.80217622857 4.29445574973 9.79390915545 13.616363 1
1 1 1 0.69739643 1.58656310025 1.73307364288 5.3277283 0 0 5.3277283 394.0 394.036019532274 0.0 0.0 0.0 1 1 1 4.57823834286 1.30902802981 4.76170355092 3.9035797 0 0 1.4134214999999997 449.0 449.0022246719237 0.0 0.0 0.0 1 1 1 8.06812608571 2.91023213928 8.57695223488 8.595886 0 0 3.783538400000001 449.0 449.0159408782992 0.0 0.0 0.0 1
2 1 2 0.8093357125 2.29683582557 2.43525750284 7.4990998 1.1123963000000003 201.0 4.77153015 494.5 494.52547564887334 0.55619815 100.5 100.489456117 0 0 0 5.03516195 1.73532242349 5.32580508245 5.6341858 0 0 0 8.5565013625 3.51165586159 9.24907792467 10.5518498 1
2 1 2 0.816083879 2.28929595863 2.43040508635 7.9819029 0 0 7.1843032000000004 392.0 392.066639953136 0.7975997 0.0 0.0146153676266 1 1 1 4.7806262875 2.11224097432 5.22646626645 6.0385132 0 0 6.0385132 394.0 394.04627093993236 0.0 0.0 0.0 0 0 0 7.8946799375 4.10536075548 8.89831210108 11.4122166 1
1 1 1 1.73660710457 1.80598279494 2.50546963487 5.1238554 0 0 5.1238554 388.0 388.03383086292894 0.0 0.0 0.0 1 2 2 4.1464473 2.40547089343 4.79367452283 6.5425415 0.5040282999999999 258.0 6.29052735 523.0 523.0395479591533 0.25201415 129.0 128.993277019 1 1 1 8.07716365714 3.6743425864 8.87363320104 11.9409336 0 0 5.695068 459.0 459.03532957662924 0.0 0.0 0.0 1
1 2 1 1.64761132857 2.07600754934 2.65036420799 5.5944825 0 0 2.9014283 385.0 385.01093268396943 0.0 0.0 0.0 0 0 0 4.0240631 2.19982729288 4.58610117107 6.2831725 0 0 0 8.0493884 3.6440859102 8.83583701383 10.2167057 1
1 2 2 0.5205516675 2.11445979745 2.17759368882 6.7714844 1.2457428000000004 190.0 6.148613 489.0 489.042163087776 0.6228714 95.0 94.9839782965 1 1 1 4.256958025 1.81074163708 4.62606494797 4.9167786 0 0 4.674759 382.0 382.0286028188309 0.0 0.0 0.0 1 0 0 7.639284175 2.81650584673 8.14195111082 8.0945587 1
1 1 1 0.171443377143 1.91547477821 1.9231319397 5.8256073 0 0 5.8256073 592.0 592.0286629044356 0.0 0.0 0.0 1 1 1 4.93760031429 2.05237493562 5.3471618397 6.1841583 0 0 4.6269227 591.0 591.0181117475773 0.0 0.0 0.0 1 1 1 8.83818051429 3.87150340993 9.64893638989 10.960861 0 0 4.577468999999999 393.0 393.0266571397492 0.0 0.0 0.0 1
1 1 1 0.779728457143 1.83485811712 1.99366014577 4.8067169 0 0 4.4833373000000005 580.0 580.0173275975 0.0 0.0 0.0 1 1 1 4.60054234286 2.05996685919 5.04067984595 6.0230713 0 0 4.0278321 392.0 392.0206926061758 0.0 0.0 0.0 1 0 0 8.65814638571 3.78071537009 9.44760856228 10.960861 1
2 1 2 1.05052375 1.40781195339 1.7565689982 3.9415282 0.6917418 6.0 3.5956573 389.0 389.01674766317296 0.3458709 3.0 3.00306770915 1 1 1 3.68966860375 1.79085100186 4.10131707094 5.35032647 0 0 4.0278321 392.0 392.0206926061758 0.0 0.0 0.0 1 1 1 7.6999988375 2.82864703402 8.20312295047 8.286194 0 0 1.4150692999999999 392.0 392.00255410025557 0.0 0.0 0.0 1
1 1 1 1.24409049 1.50826555544 1.95515373642 4.7838134 0 0 3.1399536 399.0 399.01235483204044 0.0 0.0 0.0 0 0 0 3.60115049 1.90071742766 4.07197882993 5.35032647 0 0 0 8.87121357143 5.00926176622 10.1877933662 14.890426 1
1 2 2 1.37688118429 1.40007091262 1.96367012403 4.21589657 0.2671813999999997 65.0 4.08230587 422.5 422.5197604466913 0.1335907 32.5 32.4997707648 1 1 1 4.32630265714 2.14877769425 4.83054243957 5.7835693 0 0 5.5648651 395.0 395.0391977052166 0.0 0.0 0.0 1 1 1 8.49303328571 4.390344376 9.56068711611 14.890426 0 0 0.6252290000000009 387.0 387.0005050530328 0.0 0.0 0.0 1
1 2 2 0.61187553875 1.31146728617 1.44718282107 4.1973419 1.6194610299999996 171.0 3.3876113849999996 491.5 491.5117252056217 0.809730515 85.5 85.503541212 0 0 0 5.0493488125 2.18613358565 5.50228166169 5.7835693 1 1 1 7.880922375 3.04871446832 8.45006493408 8.849625 0 0 0.6252290000000009 387.0 387.0005050530328 0.0 0.0 0.0 1
2 1 2 -0.23085213125 1.78677027027 1.8016216876 5.747818 0.5827331999999998 183.0 3.447998 489.5 489.5130705441961 0.2913666 91.5 91.4955045404 1 1 1 5.5532874875 1.71392201879 5.81175796169 5.4057159 0 0 5.405715900000001 391.0 391.03736619969135 0.0 0.0 0.0 0 1 0 9.05850025 3.06066204567 9.56159395379 8.849625 1
1 1 1 -0.265027738571 1.69303197732 1.71365019138 5.1650848 0 0 5.041214 392.0 392.0324142702919 0.0 0.0 0.0 0 0 0 5.03558783571 2.45774603325 5.60336152815 7.53175355 1 1 1 8.4954158 3.63753991194 9.24141689493 10.4531404 0 0 3.242935000000001 461.0 461.0114061792986 0.0 0.0 0.0 1
2 1 2 -0.167918612857 1.28402818369 1.29496140369 4.0969696 0.32682800000000034 181.0 3.9335556 490.5 490.51610597280603 0.163414 90.5 90.4983389078 1 1 1 4.51741679286 2.77521761294 5.30178151941 7.53175355 0 0 5.1513518 400.0 400.03316915646803 0.0 0.0 0.0 1 1 1 8.28964884286 3.95840049742 9.18625127219 10.4531404 0 0 6.6858212 400.0 400.05587135438765 0.0 0.0 0.0 1
1 2 2 0.112031945 1.38538870106 1.38991115173 4.5346527 2.26727293 184.0 2.636505135 492.0 492.0098504034429 1.133636465 92.0 91.9920833384 1 1 1 4.9836216 2.15470015524 5.42947667929 5.7610474 0 0 5.1513518 400.0 400.03316915646803 0.0 0.0 0.0 1 1 1 8.7385329625 3.53955948798 9.42817265994 9.43959 0 0 6.6858212 400.0 400.05587135438765 0.0 0.0 0.0 1
1 1 1 0.36573792 1.18169574309 1.23700002237 3.5647126 0 0 3.1104279000000004 571.0 571.008471707488 0.0 0.0 0.0 1 0 0 4.848773975 1.81567654555 5.17757572409 5.4963684 1 0 0 7.6483745 3.27102774359 8.31848874445 9.43959 1
1 1 1 0.372268676 1.24524980325 1.29970421236 3.5647126 0 0 3.5647126 391.0 391.0162492479316 0.0 0.0 0.0 1 1 1 5.2404724 1.66834646446 5.49963006944 4.3590698 0 0 4.087616000000001 391.0 391.0213659182366 0.0 0.0 0.0 1 1 1 8.01586592 2.44203795619 8.37959759337 6.0248256 0 0 4.9095001 391.0 391.03082128040995 0.0 0.0 0.0 1
2 2 2 7.300869 3.85014965844 8.25386821724 12.45372 1.136795000000001 65.0 7.5786665 425.5 425.56904221193554 0.5683975 32.5 32.4846051608 1 2 2 0.43165779 2.95393889949 2.98531128521 8.5703736 6.237136899999999 255.0 5.45180515 520.5 520.54881949329 3.11856845 127.5 127.455381105 1 1 1 7.20462405 1.68348776961 7.39869845123 5.074173 0 0 5.074172999999999 383.0 383.03361109912265 0.0 0.0 0.0 2
2 1 2 -0.42896270125 1.56680383854 1.62446399391 4.9551086 1.19158936 195.0 4.35931392 488.5 488.52174091624966 0.59579468 97.5 97.4903443491 1 1 1 4.176111225 1.64720397451 4.48922998934 4.7021332 0 0 4.3365936 391.0 391.02404791016573 0.0 0.0 0.0 0 0 0 8.8205547625 3.01582793501 9.32187773208 8.273666 1
2 1 2 1.11084637857 1.68218887355 2.01587179232 5.808609 1.9082488999999994 3.0 4.8544845500000005 394.5 394.53106570628677 0.95412445 1.5 1.48814191995 1 2 2 4.0285601 1.63713964593 4.34850810044 4.5613859 1.4718323 202.0 3.6006774499999996 492.0 492.0154838241483 0.73591615 101.0 100.991435914 0 1 0 8.62388391429 2.46031227847 8.96797135782 6.798019 1
2 1 2 0.934943057143 1.95284843424 2.16511790146 6.0306702 1.9886016999999994 110.0 5.036369349999999 443.0 443.02878383329994 0.99430085 55.0 55.0077298713 0 0 0 4.0923963 1.90447876277 4.5138394781 5.3070982 1 1 1 8.62898257143 2.5033551584 8.98477196523 7.794113 0 0 4.421173 510.0 510.0191631406568 0.0 0.0 0.0 1
1 2 2 0.244514475 1.94217503702 1.95750637366 5.8599549 0.6209411999999999 214.0 3.7315979 495.0 495.01538745337166 0.3104706 107.0 106.994333491 0 0 0 4.3526000875 2.04159479055 4.80762278164 6.1631775 0 0 0 8.1463986375 2.67712543708 8.57501086687 8.6148376 1
1 2 2 0.5445804625 1.82775888935 1.90716292899 5.4440918 0.2050780999999997 6.0 5.34155275 386.0 386.03698389471776 0.10253905 3.0 2.998293766 1 1 1 4.323205925 1.78180944048 4.67599768522 5.3074799 0 0 3.8049621 790.0 790.0091630712789 0.0 0.0 0.0 1 0 0 7.7412471375 2.10156091102 8.02143787027 5.8771516 1
1 1 1 0.71249388875 1.54260160862 1.69919606415 4.5745544 0 0 4.5745544 583.0 583.0179470204657 0.0 0.0 0.0 1 1 1 3.9273967875 1.31447959799 4.14153379076 4.0297546 0 0 0.4102477000000002 395.0 395.00021304193666 0.0 0.0 0.0 1 2 1 8.939729625 2.43606904802 9.26570009092 9.479446 0 0 4.707611000000001 592.0 592.0187172727965 0.0 0.0 0.0 1
2 1 1 1.12060981571 1.41751203057 1.80696062931 4.00544736 0 0 3.74482726 597.0 597.0117450529824 0.0 0.0 0.0 1 1 1 2.92896166714 1.19777554278 3.1644087439 4.37959303 0 0 4.37959303 393.0 393.0244023405015 0.0 0.0 0.0 1 1 1 9.36877014286 4.16251050761 10.2518460638 11.79924 0 0 1.2209320000000012 390.0 390.00191111704646 0.0 0.0 0.0 1
2 1 2 0.903538285714 1.70923420615 1.93335537479 4.9611359 0.4978332999999999 297.0 4.71221925 525.5 525.5237098648454 0.24891665 148.5 148.491068215 1 2 1 3.12601583143 1.90416694393 3.66030418527 5.53886403 0 0 5.53886403 674.0 674.0227585287776 0.0 0.0 0.0 0 0 0 8.68780525714 4.40851981651 9.74233068411 12.7617952 1
1 2 2 0.705001830625 1.78847189311 1.92240976216 5.06987 0.1087340999999995 23.0 5.01550295 388.5 388.5323849183924 0.05436705 11.5 11.4997432686 1 1 1 3.95381739375 1.72975142733 4.31563575658 5.26797475 0 0 4.19767775 396.0 396.02224747922037 0.0 0.0 0.0 1 1 1 8.6541881875 2.72784920658 9.07392607852 8.6815342 0 0 3.984344 400.0 400.0198432541945 0.0 0.0 0.0 1
1 2 1 1.15077400187 1.46655396467 1.8641516394 4.8079834 0 0 4.1855316 583.0 583.0150243988354 0.0 0.0 0.0 1 1 1 3.1697197 1.41992899513 3.47322923629 3.5480501 0 0 3.2476197000000004 583.0 583.0090454132901 0.0 0.0 0.0 0 0 0 8.7894478375 2.25144999495 9.07322546661 5.438782 1
1 1 1 1.37473842714 1.12235355857 1.77470652602 2.94342043 0 0 2.9434204299999998 596.0 596.0072681803703 0.0 0.0 0.0 2 1 2 3.04886737143 1.05921371175 3.22761923649 3.3188021 1.34433 306.0 2.6466371 549.0 549.0063836863229 0.672165 153.0 153.001461318 0 1 0 8.82653595714 1.89337029161 9.02732452413 5.16388 1
2 1 2 1.51954650714 1.3509859955 2.0332694724 4.08970642 0.970993 108.0 2.71569063 443.0 443.00908763077007 0.4854965 54.0 53.9959161326 1 1 1 3.9695457 1.06159568645 4.109048365 3.4544678 0 0 2.8176423999999995 384.0 384.01033724197356 0.0 0.0 0.0 1 1 1 8.81807171429 2.33130794459 9.12104081182 7.143906 0 0 0.9448393000000008 497.0 497.00089810915114 0.0 0.0 0.0 1
1 1 1 1.84071157875 1.97134909617 2.6971163073 6.405838 0 0 5.08631892 598.0 598.0216305788244 0.0 0.0 0.0 0 0 0 3.561645575 1.32971350175 3.80177027168 3.8979187 1 0 0 8.9700737875 2.65639309107 9.35514019176 7.322861 1
2 1 2 1.71918106037 1.97632837707 2.61943836965 6.405838 1.5787963000000005 14.0 5.61643985 383.0 383.0422173088205 0.78939815 7.0 6.9876537672 1 1 1 3.53972245 1.40526933132 3.80846647833 4.4329223 0 0 2.9292604 390.0 390.0110005711262 0.0 0.0 0.0 1 1 1 8.599468225 3.04314203854 9.12203744892 9.6926422 0 0 5.8117527 766.0 766.022046986538 0.0 0.0 0.0 1
1 1 1 1.81584604043 1.27873046413 2.22091162419 3.39358524 0 0 3.122726477 388.0 388.0125660602375 0.0 0.0 0.0 1 0 0 3.96815492857 1.43486784558 4.21960890029 4.0783694 0 0 0 8.18818874286 2.99932204706 8.72022749879 9.6926422 1
1 2 1 1.77767070571 1.26961895864 2.18450118748 3.65678406 0 0 1.3296660999999999 591.0 591.0014957780882 0.0 0.0 0.0 1 1 1 3.62168452857 1.38567039988 3.87771598774 3.8033755 0 0 3.250702 389.0 389.01358210670844 0.0 0.0 0.0 1 1 1 8.58117462857 4.29703564514 9.59693041246 12.705994 0 0 9.5675816 398.0 398.1149816543867 0.0 0.0 0.0 1
1 2 2 1.26910207625 1.9036062852 2.28786734078 5.7961273 0.6741638399999994 171.0 5.459045379999999 489.5 489.53219405452717 0.33708192 85.5 85.4906181101 1 1 1 3.9534759375 1.50009282855 4.22850452083 4.8435975 0 0 2.0307767999999995 371.0 371.00555798318095 0.0 0.0 0.0 1 1 1 9.054588375 4.23910245947 9.99777776821 12.705994 0 0 6.478897 404.0 404.051947286901 0.0 0.0 0.0 1
2 1 2 1.18819535857 1.73751428873 2.10493803084 5.7961273 2.4976042999999994 191.0 4.54732515 499.5 499.5253594723895 1.24880215 95.5 95.4837835279 0 0 0 3.70717074714 1.71370247564 4.08410224205 6.28475957 1 1 1 8.68943127143 2.2715010548 8.98142153909 6.478897 0 0 6.478897 404.0 404.051947286901 0.0 0.0 0.0 1
1 1 1 1.22605024286 0.589157715313 1.3602595383 1.4664307 0 0 1.4664307 571.0 571.00188302579 0.0 0.0 0.0 1 1 1 2.36952211857 1.06831889788 2.59921917851 3.13464357 0 0 2.2249756 773.0 773.0032021385297 0.0 0.0 0.0 1 1 1 9.22023878571 1.84006459848 9.40205514726 4.6927796 0 0 3.3079833999999995 399.0 399.0137124889001 0.0 0.0 0.0 1
1 2 1 0.917966572857 0.770220185564 1.19829118462 2.37158205 0 0 1.3914490000000002 397.0 397.0024384437955 0.0 0.0 0.0 2 1 2 2.33408902143 1.21006201751 2.62911042868 3.70935055 0.8019561 291.0 1.95368195 544.5 544.5035194199364 0.40097805 145.5 145.500498267 1 1 1 9.12421087143 1.84515235194 9.30891031368 5.680069 0 0 3.3079833999999995 399.0 399.0137124889001 0.0 0.0 0.0 1
1 2 2 1.00857108514 1.09121125939 1.4859197981 3.61557005 0.41969299599999976 191.0 3.4057235520000004 489.5 489.5120670428304 0.209846498 95.5 95.4991057964 1 1 1 2.84977503571 1.1590111886 3.07644676364 3.70935055 0 0 3.56210325 594.0 594.0106805265067 0.0 0.0 0.0 0 1 0 9.04309507143 2.00849128368 9.26345538703 7.07637 1
2 1 2 2.29015156825 1.40886719786 2.68881032926 4.924743454 1.7288664000000002 181.0 4.060310254000001 484.5 484.51702525507477 0.8644332 90.5 90.5040640087 1 2 2 2.9151153625 0.636076616996 2.98370424797 1.9108581 0.9092407 15.0 1.4562377499999997 386.5 386.50304511676313 0.45462035 7.5 7.49822802511 1 1 1 9.0161323375 2.67790117933 9.40541317825 8.2158353 0 0 1.1256249999999994 381.0 381.00166276755357 0.0 0.0 0.0 1
1 1 1 2.804977375 1.19744391986 3.04988032806 4.0824278 0 0 2.0645905 386.0 386.00552137752214 0.0 0.0 0.0 1 2 2 1.756702425 1.38521155826 2.23714426695 4.83844 3.0039063000000006 211.0 3.33648685 488.5 488.51669685535234 1.50195315 105.5 105.486136062 1 1 1 8.29877475 4.15182420334 9.27940227421 13.4036867 0 0 3.9750820000000004 383.0 383.02062774334587 0.0 0.0 0.0 1
1 1 1 2.35111563857 1.47416992459 2.7750534612 4.29039003 0 0 2.0645905 386.0 386.00552137752214 0.0 0.0 0.0 1 0 0 1.47471617143 1.51104569631 2.11140874362 5.3582916 0 0 0 8.7520861 4.49463661771 9.83873820299 13.4036867 1
0 0 0 2.4818802175 1.58177133142 2.94308171122 4.29039003 1 1 1 2.623336775 1.30320950889 2.92920652381 3.4775085 0 0 3.4775085 412.0 412.01467578882136 0.0 0.0 0.0 0 1 0 9.72963335 3.24607179786 10.2568390473 8.9490056 1
1 2 2 4.6253090925 4.67899268879 6.57924439301 14.96208236 2.554412860000001 1.0 13.68487593 391.5 391.741241117604 1.27720643 0.5 0.455074854922 0 0 0 0.58869170825 0.960904175555 1.12689607416 2.8697663 1 2 1 7.3342915 4.630956218 8.67396030081 15.0482173 0 0 15.048217300000001 392.0 392.2887314770946 0.0 0.0 0.0 2
2 1 1 -5.3336715625 0.454248188099 5.3529798947 1.3872984 0 0 0.7681579000000003 782.0 782.0003772803178 0.0 0.0 0.0 1 0 0 5.6923332125 0.334239244178 5.70213760571 1.0248565 2 2 2 -5.6523418375 0.193673230319 5.65565889779 0.6404877 0.013412599999999664 66.0 0.2645493999999995 424.0 424.00008275979724 0.0067063 33.0 32.9999977431 1
1 1 1 -6.40982435 0.730836829334 6.45135417327 1.7564392 0 0 1.7564392 783.0 783.0019700349823 0.0 0.0 0.0 1 1 1 5.0590610875 0.387366924267 5.07386955105 1.002121 0 0 0.9739684999999998 1044.0 1044.000454317257 0.0 0.0 0.0 1 1 1 -4.9995575125 0.573856134756 5.03238374771 1.4952087 0 0 1.4952087 785.0 785.0014239789992 0.0 0.0 0.0 1
1 1 1 -7.12277875714 0.110799998864 7.12364049226 0.364319 0 0 0.0982820000000002 396.0 396.0000121961507 0.0 0.0 0.0 1 1 1 4.68719921429 0.0591974942742 4.68757301999 0.2043 0 0 0.10020450000000025 396.0 396.00001267795665 0.0 0.0 0.0 1 1 1 -4.4141628 0.147032220582 4.41661088379 0.4475554 0 0 0.44428999999999963 382.0 382.0002583685044 0.0 0.0 0.0 1
1 1 1 -7.05510605714 0.179829194365 7.05739753852 0.541031 0 0 0.16255190000000042 388.0 388.00003405041116 0.0 0.0 0.0 1 1 1 4.71288848571 0.0810213689721 4.71358487152 0.2597656 0 0 0.12496950000000062 397.0 397.0000196692387 0.0 0.0 0.0 1 1 1 -4.44686894286 0.144767679339 4.44922477247 0.3790588 0 0 0.3311156999999998 449.0 449.0001220908595 0.0 0.0 0.0 1
0 0 0 -7.00328255 0.200561012704 7.00615380897 0.5131226 0 0 0 4.7185173625 0.096134301917 4.71949657318 0.2836303 1 1 1 -4.55672455 0.122643299322 4.55837471073 0.3638914 0 0 0.16732790000000008 451.0 451.00003104060437 0.0 0.0 0.0 1
1 0 0 -7.120655025 0.180804218045 7.12295010163 0.5276336 1 0 0 4.5912018 0.127310268967 4.59296656562 0.402634 1 1 1 -4.5373554 0.0904047388802 4.53825594725 0.3035125 0 0 0.1244354999999997 398.0 398.00001945250415 0.0 0.0 0.0 1
1 1 1 -7.27401512857 0.0795104509455 7.27444967008 0.21875 0 0 0.21389769999999952 661.0 661.0000346083395 0.0 0.0 0.0 1 1 1 4.45973642857 0.0607665432445 4.46015039938 0.154373 0 0 0.15437300000000054 661.0 661.0000180264923 0.0 0.0 0.0 0 1 0 -4.43606788571 0.0804867786312 4.43679799047 0.2101897 1
0 0 0 -7.34157232857 0.0309579590509 7.34163760008 0.0900573 0 0 0 4.40180098571 0.0225054684255 4.40185851817 0.0626525 1 1 1 -4.35085844286 0.0386961335114 4.35103051937 0.132782 0 0 0.11247249999999998 588.0 588.0000107568565 0.0 0.0 0.0 1
2 1 2 -7.3590641375 0.0299612345432 7.3591251284 0.0865021 0.01716599999999957 10.0 0.053489700000000084 392.0 392.0000037290558 0.008583 5.0 5.00000112361 1 1 1 4.3776702625 0.0285937730603 4.37776364495 0.106903 0 0 0.03222660000000044 387.0 387.0000013418007 0.0 0.0 0.0 2 1 2 -4.33527565 0.0203472035376 4.33532339857 0.0621491 0.008575399999999789 10.0 0.057861400000000174 392.0 392.0000043025557 0.0042877 5.0 4.99999931223 1
2 1 1 -7.40490291429 0.0544475509903 7.40510308543 0.1902923 0 0 0.06207269999999987 397.0 397.0000048526701 0.0 0.0 0.0 1 0 0 4.34849984286 0.0315796106857 4.34861450983 0.098938 1 1 1 -4.31438118571 0.043526657915 4.31460074463 0.1301117 0 0 0.05357370000000028 397.0 397.00000361478754 0.0 0.0 0.0 1
1 1 1 -7.48599241429 0.0831028529001 7.48645366718 0.2689515 0 0 0.13185129999999923 387.0 387.00002246093646 0.0 0.0 0.0 2 1 1 4.29204015714 0.0489977905758 4.29231982662 0.1596375 0 0 0.07733159999999994 387.0 387.000007726326 0.0 0.0 0.0 1 2 2 -4.22687855714 0.0907098431068 4.22785177276 0.2702027 0.004623500000000114 9.0 0.18346424999999966 391.5 391.5000430123536 0.00231175 4.5 4.49999842228 1
1 1 1 -7.43442651429 0.10087332844 7.435110828 0.283966 0 0 0.1412810000000002 391.0 391.0000255247063 0.0 0.0 0.0 1 1 1 4.35442898571 0.0759449509434 4.35509120768 0.2249297 0 0 0.22492969999999968 782.0 782.0000323487013 0.0 0.0 0.0 1 1 1 -4.173403 0.068175192569 4.17395980542 0.18306 0 0 0.07452400000000026 391.0 391.00000710207996 0.0 0.0 0.0 2
1 0 0 -4.165067675 0.0529127762399 4.16540376185 0.1939697 1 0 0 7.9222545125 0.0414214765661 7.92236279777 0.127594 2 1 1 -3.4718169875 0.052551185473 3.47221468544 0.1405182 0 0 0.0959778 390.0 390.00001180992047 0.0 0.0 0.0 1
1 1 1 -4.2303448 0.0596927257688 4.23076592928 0.1998595 0 0 0.1515196999999997 393.0 393.00002920892956 0.0 0.0 0.0 1 1 1 7.8566493625 0.044799476956 7.85677708723 0.1544952 0 0 0.12757869999999993 793.0 793.0000102624998 0.0 0.0 0.0 1 1 1 -3.5165252625 0.0510082189107 3.51689518755 0.162735 0 0 0.1378478999999997 393.0 393.0000241756272 0.0 0.0 0.0 1
1 1 1 -4.29483035714 0.036795624396 4.29498797607 0.0870055 0 0 0.08700550000000007 651.0 651.0000058140992 0.0 0.0 0.0 1 0 0 7.78359762857 0.0534362489685 7.78378105269 0.154602 1 1 1 -3.59997557143 0.0779173423658 3.60081868845 0.2203979 0 0 0.22039790000000004 651.0 651.0000373081666 0.0 0.0 0.0 1
1 0 0 -4.38801142857 0.0614047886907 4.38844104955 0.1923217 1 1 1 7.67523192857 0.0581147180677 7.67545193965 0.1856383 0 0 0.1490632999999999 786.0 786.0000141347756 0.0 0.0 0.0 1 1 1 -3.7294006 0.0614371989498 3.72990661608 0.1985016 0 0 0.09414679999999986 392.0 392.0000113056375 0.0 0.0 0.0 1
1 1 1 -4.43355887143 0.032551612792 4.43367836834 0.0999297 0 0 0.09992969999999968 580.0 580.0000086085731 0.0 0.0 0.0 1 0 0 7.62495202857 0.024359795786 7.62499094017 0.0731507 1 0 0 -3.78417748571 0.0427859221203 3.78441935817 0.1403046 1
1 1 1 -4.4293346125 0.0228760875885 4.42939368592 0.0642396 0 0 0.02703840000000035 452.0 452.0000008087114 0.0 0.0 0.0 1 1 1 7.6083126 0.0171799942726 7.60833199667 0.050125 0 0 0.05012499999999953 403.0 403.00000311726507 0.0 0.0 0.0 2 2 2 -3.864170075 0.0559238859629 3.86457473075 0.1730042 0.046981699999999904 13.0 0.08983615 396.5 396.50001096328026 0.02349085 6.5 6.49999449788 1
0 0 0 -4.439367275 0.0287295363787 4.43946023618 0.0934755 0 1 0 7.580657975 0.0323028589646 7.5807267995 0.0956879 2 1 1 -3.9257030625 0.0549539597372 3.9260876802 0.1942138 0 0 0.11332699999999996 390.0 390.00001646539573 0.0 0.0 0.0 1
1 1 1 -4.45928297143 0.0252885180989 4.45935467623 0.0731355 0 0 0.04257199999999983 390.0 390.0000023235579 0.0 0.0 0.0 1 1 1 7.537129 0.0130547909048 7.53714030586 0.0448151 0 0 0.012618999999999936 395.0 395.0000002015686 0.0 0.0 0.0 1 1 1 -3.98094178571 0.0477184344452 3.9812277692 0.1309816 0 0 0.11865229999999993 395.0 395.00001782071894 0.0 0.0 0.0 1
0 0 0 -4.4733485625 0.040295897168 4.47353005142 0.1315766 0 0 0 7.5266228125 0.0232067951877 7.52665858911 0.063248 1 1 1 -3.954675675 0.0611240458308 3.95514801789 0.187668 0 0 0.11039729999999981 407.0 407.0000149724369 0.0 0.0 0.0 1
0 0 0 -4.502536775 0.0370611418956 4.50268930068 0.1301576 1 1 1 7.505590475 0.0236012315706 7.50562758179 0.0690004 0 0 0.00866699999999998 385.0 385.0000000975544 0.0 0.0 0.0 2 2 2 -3.9368724625 0.0436964435642 3.93711495453 0.152954 0.004730299999999854 17.0 0.10803214999999988 398.5 398.5000146435996 0.00236515 8.5 8.50000032884 1
1 1 1 -4.49546601429 0.0303633710278 4.49556855358 0.0945435 0 0 0.09454350000000034 396.0 396.0000112859511 0.0 0.0 0.0 2 2 2 7.49334931429 0.00588429265161 7.49335162466 0.0152586 0.005401400000000223 63.0 0.011367700000000092 416.5 416.50000015922353 0.0027007 31.5 31.5000000617 1 1 1 -3.97405354286 0.0303423188961 3.97416937458 0.0982361 0 0 0.09823609999999983 648.0 648.0000074462433 0.0 0.0 0.0 1
2 2 2 0.5647201625 5.90715312464 5.93408517801 18.9148104 6.332138399999998 1.0 9.5434495 381.5 381.63257784659186 3.1660692 0.5 0.420652710998 1 1 1 1.472539925 3.45706645038 3.75761656813 9.9157866 0 0 2.0874176 381.0 381.00571821461784 0.0 0.0 0.0 2 2 2 3.5807170475 5.65324011419 6.69183520142 17.450165 3.3594209799999994 73.0 13.53307351 418.5 418.7190527506938 1.67971049 36.5 36.5351935744 2
1 1 1 -0.2769279475 0.118085867952 0.301053749879 0.37559509 0 0 0.33700562 696.0 696.0000815896417 0.0 0.0 0.0 1 2 2 1.9249973375 0.0776901064585 1.92656442976 0.2258759 0.15951539999999986 241.0 0.141922 661.5 661.5000174960896 0.0797577 120.5 120.500013925 2 1 1 9.4082298125 0.0702175045786 9.40849183997 0.2183075 0 0 0.21830749999999988 586.0 586.0000406639615 0.0 0.0 0.0 1
1 1 1 -0.158238001143 0.0527060079901 0.166784856279 0.168609616 0 0 0.094207766 363.0 363.0000122246598 0.0 0.0 0.0 2 1 2 2.0145351 0.0384704271636 2.01490239041 0.1192474 0.05708309999999983 178.0 0.09070584999999998 452.0 452.0000115791157 0.02854155 89.0 88.9999919924 2 1 2 9.38706985714 0.0491429953021 9.38719849246 0.160675 0.050537000000000276 297.0 0.10443149999999957 548.5 548.500009950486 0.0252685 148.5 148.500002117 1
2 1 2 -0.134331838286 0.0365394003485 0.139212681014 0.095779416 0.041717526000000005 5.0 0.074920653 390.5 390.50000771885993 0.020858763 2.5 2.50000395251 2 1 2 2.06333705714 0.015796926218 2.06339752696 0.0563355 0.012786900000000045 5.0 0.027984650000000055 390.5 390.50000105805583 0.00639345 2.5 2.49999953505 1 1 1 9.35779471429 0.0463648810068 9.35790957516 0.121659 0 0 0.07881099999999996 388.0 388.00000800408975 0.0 0.0 0.0 1
1 1 1 -0.1380043025 0.0238374678154 0.140047893166 0.08557129 0 0 0.05722046 590.0 590.0000027747296 0.0 0.0 0.0 1 1 1 2.080999375 0.0128836707955 2.08103925665 0.0357818 0 0 0.007247900000000307 392.0 392.0000000670052 0.0 0.0 0.0 1 1 1 9.358097 0.0335603817097 9.3581571776 0.102127 0 0 0.10212699999999941 367.0 367.0000142097056 0.0 0.0 0.0 1
2 1 2 -0.113320487143 0.0284582341023 0.116839222415 0.07698059 0.05583191 1.0 0.045783995 394.5 394.50000364856675 0.027915955 0.5 0.499996755569 1 2 2 2.07977731429 0.0145327481181 2.07982808852 0.0466918 0.03854369999999996 4.0 0.027419950000000082 395.0 395.00000142865576 0.01927185 2.0 1.99999865496 2 1 2 9.3784965 0.0156215365236 9.3785095102 0.039428 0.0027004999999995505 201.0 0.038077749999999355 493.5 493.5000015123639 0.00135025 100.5 100.499999796 1
1 1 1 -0.094183785 0.0347391824387 0.10038623488 0.10095215 0 0 0.04473877 660.0 660.0000015163315 0.0 0.0 0.0 1 1 1 2.08031571429 0.0173925227497 2.08038841829 0.0631866 0 0 0.040512000000000103 545.0 545.0000015057084 0.0 0.0 0.0 1 1 1 9.37646935714 0.014725380511 9.37648091995 0.0426175 0 0 0.039138499999999965 545.0 545.0000014053414 0.0 0.0 0.0 1
2 1 1 -0.142734526875 0.052320493428 0.152021640548 0.16592407 0 0 0.1237793 578.0 578.0000132537326 0.0 0.0 0.0 1 0 0 2.090324375 0.0096805059808 2.09034679059 0.0305176 1 1 1 9.364082375 0.0202394910814 9.36410424775 0.058456 0 0 0.05342100000000016 391.0 391.00000364936477 0.0 0.0 0.0 1
1 1 1 -0.1972351075 0.0283785772377 0.199266232153 0.08447265 0 0 0.049896229999999986 399.0 399.0000031198418 0.0 0.0 0.0 2 1 2 2.09311105 0.0112839678862 2.09314146573 0.037735 0.016906799999999667 408.0 0.029281599999999797 585.0 585.0000010717943 0.0084534 204.0 203.999999203 0 0 0 9.345441875 0.0313819880164 9.3454945652 0.117401 1
0 1 0 -0.189198084286 0.0389643367311 0.193168668873 0.1330719 1 1 1 2.09747315714 0.0117155261841 2.09750587567 0.037735 0 0 0.03773499999999963 381.0 381.0000018686748 0.0 0.0 0.0 0 0 0 9.35539042857 0.038923970807 9.35547140162 0.141205 1
1 1 1 -0.146682737143 0.0242531147599 0.148674271316 0.07191467 0 0 0.07191467 682.0 682.0000037915834 0.0 0.0 0.0 1 1 1 2.07501437143 0.0223304951297 2.07513452399 0.0615845 0 0 0.05857849999999987 586.0 586.0000029278503 0.0 0.0 0.0 1 1 1 9.36966814286 0.0284905271998 9.3697114586 0.094788 0 0 0.09478799999999943 391.0 391.0000114894691 0.0 0.0 0.0 1
1 1 1 -0.16109847875 0.0344911573385 0.164749384794 0.1076355 0 0 0.10763550000000001 1179.0 1179.000004913232 0.0 0.0 0.0 2 2 2 2.0655918125 0.0256635683716 2.06575123251 0.0886537 0.000900300000000076 19.0 0.021675149999999865 373.5 373.5000006289456 0.00045015 9.5 9.50000001013 1 1 1 9.388421875 0.04505891524 9.38853000255 0.143372 0 0 0.14337200000000117 777.0 777.000013227497 0.0 0.0 0.0 1
0 0 0 0.853367378571 1.39282452092 1.63346136437 4.4438476 2 1 2 1.46066503857 1.23540547046 1.9130522814 3.94387816 1.1438445999999998 104.0 1.2193832699999998 442.0 442.0018925903987 0.5719223 52.0 52.0013551476 1 1 1 9.32191025714 1.84623701941 9.50297858432 5.8920437 0 0 5.8920437 692.0 692.0250834897264 0.0 0.0 0.0 2
1 1 1 0.41091727825 0.237487328418 0.474608513118 0.756149264 0 0 0.40173337 586.0 586.0001377045064 0.0 0.0 0.0 0 0 0 2.4852943375 0.0832116773541 2.48668697814 0.2208252 2 1 2 9.269033625 0.0506472260591 9.26917199554 0.18193 0.07598800000000061 1.0 0.06298799999999982 390.5 390.5000069205025 0.037994 0.5 0.500006119605 1
1 0 0 0.152786256286 0.140948491579 0.207870434137 0.471176152 0 1 0 2.4334586 0.0711595579317 2.43449880686 0.2208252 2 2 2 9.29592014286 0.0370305403087 9.29599389863 0.108474 0.022765999999998954 13.0 0.08959900000000065 397.5 397.5000103057856 0.011383 6.5 6.49999726568 1
1 2 1 0.0772160115714 0.0492544953337 0.0915877598458 0.157958982 0 0 0.10739135799999999 382.0 382.00001509542346 0.0 0.0 0.0 0 1 0 2.44672505714 0.0319238333917 2.44693331262 0.0918732 1 1 1 9.27351585714 0.0341497034057 9.27357873504 0.111999 0 0 0.11199900000000085 699.0 699.0000089726581 0.0 0.0 0.0 1
1 1 1 0.063343047625 0.0486608432976 0.0798762752816 0.164932248 0 0 0.118957517 382.0 382.000018522108 0.0 0.0 0.0 0 1 0 2.4944572625 0.0305321210092 2.49464411186 0.1087647 1 1 1 9.2462310625 0.0279932720114 9.24627343768 0.095719 0 0 0.08743300000000076 382.0 382.0000100059285 0.0 0.0 0.0 1
1 1 1 -0.022459030125 0.0674560710181 0.0710966212372 0.21405029 0 0 0.142822266 789.0 789.0000129266157 0.0 0.0 0.0 2 2 2 2.53782465 0.0272162834816 2.53797058301 0.079712 0.0009919000000002676 214.0 0.051628150000000206 486.0 486.0000028943999 0.00049595 107.0 106.99999931 0 0 0 9.2248974375 0.0288557916083 9.22494256834 0.090164 1
0 1 0 -0.079019546125 0.0327858198634 0.0855511464208 0.109283444 2 2 2 2.56889345 0.0216710400771 2.56898485621 0.0736999 0.006897100000000211 4.0 0.048675550000000234 381.0 381.0000031273355 0.00344855 2.0 1.99999954301 1 1 1 9.211052125 0.035394977682 9.21112013025 0.107834 0 0 0.09687800000000024 397.0 397.00001182033594 0.0 0.0 0.0 1
1 1 1 -0.0400543211429 0.0507584554829 0.0646588698109 0.142944334 0 0 0.142944334 980.0 980.0000104250421 0.0 0.0 0.0 2 1 2 2.57738384286 0.0179898450775 2.57744662563 0.0511628 0.008377100000000137 214.0 0.04103845000000006 490.0 490.00000190381184 0.00418855 107.0 106.999999233 0 0 0 9.22543128571 0.0379434276926 9.22550931446 0.118225 1
1 1 1 -0.014441354 0.0253573023025 0.0291812522935 0.079284666 0 0 0.079284666 857.0 857.0000036674785 0.0 0.0 0.0 1 1 1 2.57147648571 0.015191715115 2.57152135997 0.043396 0 0 0.016098100000000226 477.0 477.00000027164447 0.0 0.0 0.0 1 2 1 9.23843828571 0.034033226163 9.23850097253 0.10765 0 0 0.06219399999999986 483.0 483.00000400423767 0.0 0.0 0.0 1
2 1 2 -0.0388336177143 0.014845514165 0.041574501267 0.046371458 0.0029449460000000004 23.0 0.021156310999999997 385.5 385.5000005814501 0.001472473 11.5 11.5000000635 1 1 1 2.58974561429 0.0260223932288 2.58987635065 0.063736 0 0 0.06292729999999969 397.0 397.0000049872104 0.0 0.0 0.0 1 1 1 9.24177985714 0.0353856370355 9.24184760052 0.1147 0 0 0.11470000000000091 579.0 579.0000113610448 0.0 0.0 0.0 1
1 1 1 -0.0404357905 0.015675529535 0.0433679072537 0.054336546 0 0 0.046371458000000004 394.0 394.0000027288225 0.0 0.0 0.0 2 2 2 2.61515045 0.01649788553 2.6152024886 0.0509948 0.01158149999999969 107.0 0.02384194999999978 340.5 340.5000008410059 0.00579075 53.5 53.5000002733 2 1 1 9.2392348125 0.0226201222421 9.23926250252 0.074692 0 0 0.05618300000000076 394.0 394.00000400574805 0.0 0.0 0.0 1
1 1 1 -0.0227775569375 0.0293149771919 0.0371239139612 0.08807373 0 0 0.08807372999999999 676.0 676.0000057374126 0.0 0.0 0.0 1 1 1 2.6031932875 0.0216004163634 2.60328290243 0.0625306 0 0 0.018051199999999934 287.0 287.0000005676756 0.0 0.0 0.0 2 1 2 9.222991875 0.0262919114591 9.22302935 0.0877995 0.004516499999999368 76.0 0.0380862500000001 436.0 436.0000016647904 0.00225825 38.0 38.0000000522 1
1 1 1 4.612640395 4.23071727911 6.25902708968 13.2004092 0 0 5.6915589 389.0 389.0416351018386 0.0 0.0 0.0 2 1 1 0.5290069625 2.79088318846 2.84057693752 7.8679046 0 0 6.2839202 384.0 384.05141277318586 0.0 0.0 0.0 2 1 1 8.2713891375 4.47216356579 9.40298491029 13.3748629 0 0 11.280426000000002 389.0 389.1635234843336 0.0 0.0 0.0 2
2 1 1 -0.32160186875 0.233385881158 0.397362217011 0.7615051 0 0 0.19592284999999998 391.0 391.00004908665056 0.0 0.0 0.0 1 1 1 2.818298375 0.108076269646 2.82036987124 0.3628082 0 0 0.10684200000000033 783.0 783.000007289408 0.0 0.0 0.0 1 1 1 9.16984575 0.0838205593929 9.17022883929 0.276139 0 0 0.2761390000000006 392.0 392.00009726114524 0.0 0.0 0.0 1
2 1 2 -0.446456908571 0.0392576406224 0.448179577355 0.11248777 0.033828740000000024 12.0 0.09557340000000003 397.0 397.0000118056023 0.01691437 6.0 6.00000389353 2 1 2 2.81604005714 0.0507905777975 2.81649805365 0.1330719 0.09649650000000021 1.0 0.05773925000000024 392.5 392.5000072033453 0.04824825 0.5 0.500007088449 1 1 1 9.15579228571 0.0820050241243 9.15615952259 0.247391 0 0 0.14559999999999995 393.0 393.000026971195 0.0 0.0 0.0 1
1 1 1 -0.375850134286 0.048144298063 0.378921095848 0.14910888 0 0 0.10124206000000002 492.0 492.0000104166205 0.0 0.0 0.0 0 0 0 2.88947621429 0.0201809947938 2.88954668858 0.0610963 0 0 0 9.10823485714 0.0730128468567 9.10852749289 0.225189 1
1 1 1 -0.31672477875 0.0450683366052 0.319915208201 0.14187622 0 0 0.03176878999999999 389.0 389.00000129724424 0.0 0.0 0.0 1 1 1 2.9330711375 0.0356100074113 2.9332872976 0.1095582 0 0 0.06074529999999978 396.0 396.0000046590801 0.0 0.0 0.0 0 0 0 9.110082625 0.0619365605679 9.11029316608 0.218109 1
1 1 1 -0.27634048375 0.031545713826 0.278135209961 0.11122131 0 0 0.09327697999999998 377.0 377.00001153925047 0.0 0.0 0.0 1 1 1 2.925899525 0.052555584423 2.92637149382 0.1689148 0 0 0.16891480000000003 777.0 777.0000183604951 0.0 0.0 0.0 0 0 0 9.11416825 0.0532725948982 9.11432393865 0.183304 1
1 1 1 -0.27026176375 0.0276536474245 0.271672864234 0.09327698 0 0 0.09327697999999998 377.0 377.00001153925047 0.0 0.0 0.0 2 1 2 2.947145475 0.0697705852399 2.94797123212 0.1993866 0.07083130000000004 417.0 0.16397094999999995 585.5 585.5000234765164 0.03541565 208.5 208.500001558 1 0 0 9.092592375 0.0539290617314 9.09275230288 0.168472 1
0 0 0 -0.27771432 0.0147256132885 0.278104453794 0.04737854 1 1 1 2.97240558571 0.0564682506776 2.97294191489 0.1791382 0 0 0.06240850000000009 390.0 390.00000499336005 0.0 0.0 0.0 1 1 1 9.09644657143 0.0717086549326 9.09672921209 0.237152 0 0 0.06321699999999986 587.0 587.0000034040793 0.0 0.0 0.0 1
0 1 0 -0.250579832857 0.0483798243689 0.255207484296 0.14520264 1 1 1 2.88878525714 0.0516526899261 2.8892470061 0.1469727 0 0 0.14697269999999962 686.0 686.0000157441503 0.0 0.0 0.0 2 1 1 9.13544785714 0.0708947774128 9.1357229391 0.24997 0 0 0.15174900000000058 403.0 403.00002857041954 0.0 0.0 0.0 1
2 2 2 -0.2374858825 0.0383519655187 0.240562710423 0.13212585 0.10989378999999999 186.0 0.07717895500000002 488.0 488.00000782454686 0.054946895 93.0 93.0000071989 1 2 2 2.8547897625 0.0196632418815 2.85485748001 0.0547486 0.015747100000000014 199.0 0.04687504999999992 481.5 481.50000228525846 0.00787355 99.5 99.5000002943 2 2 2 9.141797875 0.0557355852137 9.14196777739 0.203186 0.10708600000000068 10.0 0.119873000000001 390.0 390.0000223125925 0.053543 5.0 4.99998325661 1
2 2 2 -0.20760345125 0.04642169333 0.212730267199 0.12541199 0.10060118999999995 3.0 0.072532655 396.5 396.50000979021695 0.050300595 1.5 1.50000916457 0 1 0 2.9432544875 0.110047948066 2.94531110904 0.2836457 2 1 2 9.1346434375 0.0606376650902 9.13484469801 0.191864 0.03108199999999961 14.0 0.05078900000000086 388.0 388.0000035998378 0.015541 7.0 7.00000196936 1
1 1 1 -0.134632655143 0.0459100332767 0.142245151011 0.13792419 0 0 0.09848022000000001 376.0 376.0000128967468 0.0 0.0 0.0 1 1 1 3.04090447143 0.0730338387066 3.04178137708 0.2195435 0 0 0.21954350000000034 781.0 781.0000308574567 0.0 0.0 0.0 1 1 1 9.0968365 0.0750719499066 9.09714626162 0.197159 0 0 0.19715900000000097 781.0 781.0000248858327 0.0 0.0 0.0 1
1 1 1 -1.06938744125 2.87028864832 3.06302896235 9.7423706 0 0 3.2306824 425.0 425.0122790094066 0.0 0.0 0.0 1 2 2 0.3735350755 3.51314159522 3.53294386039 11.426514 1.7937621700000002 29.0 2.370025585 410.5 410.50764799627734 0.896881085 14.5 14.5049079114 1 2 2 8.66753205 3.10813525542 9.20796484592 9.6734926 1.6594695999999995 197.0 8.843757799999999 488.5 488.58732729293854 0.8297348 98.5 98.4673759202 2
2 1 2 -0.39745712375 0.069417826125 0.403473666803 0.19061279 0.13473511 110.0 0.12324523500000004 446.0 446.0000247890092 0.067367555 55.0 54.9999783271 2 1 2 2.3415184125 0.0292847936722 2.34170153419 0.0906983 0.000625600000000226 85.0 0.09038550000000001 543.5 543.5000075660975 0.0003128 42.5 42.4999993563 2 2 2 9.28972825 0.0240628703491 9.28975941457 0.070816 0.01046699999999845 110.0 0.04632550000000002 446.0 446.0000024061493 0.0052335 55.0 55.0000002469 1
1 1 1 -0.391052248571 0.0449629785339 0.393628670896 0.13960266 0 0 0.13960266 392.0 392.00002485829344 0.0 0.0 0.0 1 1 1 2.40364074286 0.068061550366 2.40460416605 0.1816558 0 0 0.043075500000000044 402.0 402.0000023078342 0.0 0.0 0.0 0 1 0 9.29414807143 0.0315322417857 9.29420156097 0.090973 1
1 0 0 -0.407488141429 0.0820466286976 0.415666013388 0.22885132 1 1 1 2.48510307143 0.0493785600219 2.48559359466 0.1382446 0 0 0.13824460000000016 778.0 778.0000122824995 0.0 0.0 0.0 1 1 1 9.2325375 0.0705431131381 9.23280699569 0.21283 0 0 0.0899049999999999 391.0 391.00001033620066 0.0 0.0 0.0 1
2 2 2 -0.53098869125 0.120621952264 0.544516891936 0.40971375 0.003677349999999968 213.0 0.230689995 483.5 483.50005804707456 0.001838675 106.5 106.499986337 1 1 1 2.39443015 0.117682320797 2.39732035236 0.3645783 0 0 0.26838700000000015 377.0 377.00009553258974 0.0 0.0 0.0 1 1 1 9.250248 0.108967094524 9.25088978905 0.344605 0 0 0.06468199999999946 377.0 377.00000554875476 0.0 0.0 0.0 1
2 2 2 -0.68051720125 0.106249466171 0.688761649817 0.368927 0.005798309999999973 11.0 0.229629515 382.5 382.50006897799994 0.002899155 5.5 5.49999726769 2 1 2 2.287054025 0.0641671679934 2.28795400712 0.1983338 0.05166639999999978 3.0 0.11880489999999999 392.5 392.5000188606783 0.0258332 1.5 1.49999210853 1 1 1 9.26181225 0.124544386357 9.26264959169 0.385727 0 0 0.2723999999999993 397.0 397.00009345308723 0.0 0.0 0.0 1
0 0 0 -0.666318624286 0.116598967866 0.676443514551 0.3883362 1 2 2 2.29199652857 0.055545251851 2.29266948381 0.1556854 0.02937320000000021 87.0 0.12995149999999978 434.5 434.5000203248169 0.0146866 43.5 43.4999935727 1 0 0 9.26271707143 0.101988492426 9.26327853397 0.332946 1
1 2 2 -0.511847361429 0.0640194497792 0.515835449879 0.19618225 0.09460447000000005 5.0 0.14888001499999998 385.5 385.5000317705962 0.047302235 2.5 2.49998152585 1 1 1 2.38809857143 0.0822182279927 2.38951347012 0.2420196 0 0 0.20263669999999978 777.0 777.0000264231863 0.0 0.0 0.0 1 1 1 9.26413607143 0.060018308207 9.26433048565 0.1838685 0 0 0.1838684999999991 971.0 971.0000174086638 0.0 0.0 0.0 1
2 1 1 -0.47553444375 0.0400926402691 0.477221570129 0.11679078 0 0 0.10157777999999995 388.0 388.00001329645 0.0 0.0 0.0 1 0 0 2.4754524375 0.0392203914349 2.47576311658 0.1331787 2 2 3 9.23928075 0.0510336548313 9.23942169247 0.158997 0.04605899999999963 4.0 0.12829099999999963 391.6666666666667 391.666688228541 0.0223008836297 4.49691252108 4.49691983439 1
1 1 1 -0.518548148571 0.0576061138916 0.52173810168 0.15003968 0 0 0.15003967999999995 781.0 781.0000144122313 0.0 0.0 0.0 1 1 1 2.46922741429 0.0409074411878 2.46956624576 0.1092987 0 0 0.10929870000000008 781.0 781.000007648019 0.0 0.0 0.0 1 2 1 9.23333314286 0.0446214209143 9.23344096197 0.128327 0 0 0.1191709999999997 389.0 389.0000182541477 0.0 0.0 0.0 1
1 1 1 -0.55243137 0.0327999289649 0.553404240949 0.08319095 0 0 0.08274844000000003 394.0 394.0000086894724 0.0 0.0 0.0 0 1 0 2.51152257143 0.108926171862 2.51388355691 0.3049011 1 1 1 9.20357828571 0.040069763726 9.20366551148 0.128937 0 0 0.08294700000000077 690.0 690.0000049856557 0.0 0.0 0.0 1
1 2 2 -0.55706404875 0.0370482228528 0.558294658067 0.10984805 0.007598859999999985 8.0 0.08654787000000003 390.0 390.00000963141656 0.00379943 4.0 3.99999905806 1 1 1 2.5680847 0.125924581299 2.57117016678 0.384964 0 0 0.26441959999999964 589.0 589.0000593529044 0.0 0.0 0.0 1 1 1 9.1921195 0.0515227773271 9.1922638941 0.152649 0 0 0.12893700000000052 589.0 589.0000141126908 0.0 0.0 0.0 1
1 2 2 0.52015876625 0.844199744453 0.991583758763 2.78816225 0.8446655299999999 217.0 2.365829485 484.5 484.50676110989855 0.422332765 108.5 108.496423687 1 1 1 -0.31284141375 2.00248311311 2.02677289513 5.9622803 0 0 5.9622803 780.0 780.0227873507131 0.0 0.0 0.0 1 2 2 7.6803702125 3.50144614396 8.44086557766 12.313461 2.277832 28.0 11.174545 390.0 390.16075536939616 1.138916 14.0 14.0268512217 2
1 1 1 -0.48575783125 0.425515230626 0.645773862986 1.55184937 0 0 1.13148497 391.0 391.0016371554438 0.0 0.0 0.0 1 2 2 2.6468925625 0.536004325973 2.70061860967 1.6821747 0.08863840000000023 1.0 1.6378555 586.5 586.5022884976678 0.0443192 0.5 0.500121814012 2 1 2 9.241088775 1.09324463525 9.30553091338 2.9672543 0 0 2.4919510000000002 391.0 391.0079954424973 0.206596 0.0 0.00131666644876 1
1 1 1 -0.266128544571 0.561408727915 0.621292332171 1.75831605 0 0 1.75831605 592.0 592.0026112065146 0.0 0.0 0.0 2 1 2 2.32852824286 0.493251856392 2.38019771692 1.739502 0.6372375999999997 201.0 0.8489990000000001 491.5 491.50099048681733 0.3186188 100.5 100.4992471 2 1 2 9.7707976 1.17118267396 9.84073953501 3.4896853 0.522431000000001 189.0 3.2284698 491.5 491.5114247606159 0.2612155 94.5 94.4960876469 1
1 0 0 0.130549841143 0.291026495449 0.318966584576 1.00413513 1 1 1 2.26401625714 0.590787964883 2.33982906044 1.9246216 0 0 1.9246216 583.0 583.0031768080712 0.0 0.0 0.0 1 1 1 9.74588447143 1.41678369796 9.84832677043 3.9068147 0 0 3.5816347000000004 706.0 706.0090850032485 0.0 0.0 0.0 1
1 1 1 2.11817737 2.32083488378 3.14212506571 8.1598356 0 0 1.2829895 391.0 391.00210493302603 0.0 0.0 0.0 2 2 2 0.591409675 4.94171331553 4.97697658188 14.9931793 7.0506285 5.0 5.29133595 393.5 393.5510621145112 3.52531425 2.5 2.54707385781 1 1 1 6.90181731875 6.36187946844 9.38661774402 21.02774 0 0 15.97905 388.0 388.328894159194 0.0 0.0 0.0 2
1 1 1 0.251483915 0.854468298586 0.890707714569 2.3357544 0 0 2.3357544 781.0 781.0034927889997 0.0 0.0 0.0 2 1 2 1.2493038225 0.851617019899 1.51195621282 2.69023134 0.9539337000000001 1.0 2.21326449 390.5 390.50655991279086 0.47696685 0.5 0.502694894129 2 2 3 9.7183915375 1.08515751298 9.77878831472 3.1549527 0.5479963499999996 56.0 2.7896218000000004 427.3333333333333 427.3426756811552 0.493926973817 52.0917993119 52.0921954677 1
1 1 1 0.246738982857 0.647827116382 0.693224421369 1.8586731 0 0 1.8586730999999999 702.0 702.0024605837879 0.0 0.0 0.0 1 1 1 1.43466841714 0.577080338189 1.54638131904 1.66743472 0 0 1.38618472 702.0 702.0013685941631 0.0 0.0 0.0 1 2 2 9.41853547143 1.06815685949 9.47891183117 3.1549527 0.7790837000000002 100.0 2.76541085 451.0 451.008486022294 0.38954185 50.0 50.001447738 1
1 1 1 -0.133174348571 0.656892380749 0.670255926496 1.7250824 0 0 1.7250824 784.0 784.0018978990337 0.0 0.0 0.0 1 2 1 1.7504338 0.437386533028 1.80425205209 1.1853333 0 0 0.7505187999999998 387.0 387.0007277492759 0.0 0.0 0.0 1 2 2 9.21752942857 1.02543348404 9.27439284249 3.166809 0.898682 192.0 2.7174679999999998 486.0 486.0086383200378 0.449341 96.0 95.9957812509 1
2 2 2 3.0360107075 2.7283619866 4.08182803974 8.16203264 7.4240260000000005 66.0 4.0843122 428.0 428.0330477805972 3.712013 33.0 33.0328723291 1 2 2 1.97983745 1.59173362618 2.54034884713 4.6812593 2.4238587000000003 271.0 3.4693299499999997 530.5 530.5114511450957 1.21192935 135.5 135.505000745 1 1 1 3.2482167125 3.09472762375 4.48645192514 9.0311892 0 0 8.398407200000001 865.0 865.0407697001899 0.0 0.0 0.0 2
1 2 2 -0.1443004605 0.393647893375 0.419262789738 1.21302795 0.7989807 261.0 0.7494812 522.5 522.5005835323088 0.39949035 130.5 130.500427291 1 2 2 2.9197731 0.211914156688 2.92745325587 0.76532 0.32946779999999976 131.0 0.6005861000000001 522.5 522.5004011809631 0.1647339 65.5 65.4997603557 2 1 1 9.127756125 0.144134923629 9.12889405973 0.427582 0 0 0.20440699999999978 392.0 392.00005329364643 0.0 0.0 0.0 1
2 1 2 -0.08820342925 0.488610924745 0.496508288663 1.64208984 0.633941654 338.0 1.3251190130000001 626.0 626.0014039386506 0.316970827 169.0 169.000291946 2 2 3 2.9548378125 0.406847815332 2.98271548141 1.3567505 0.42710099999999995 30.5 1.0720165 417.3333333333333 417.33482089109657 0.241949406057 28.0515398666 28.0509363603 2 1 2 9.16802025 0.448862915901 9.17900175518 1.7184905 0.8166504999999997 248.0 0.8044432500000012 529.0 529.0009679763212 0.40832525 124.0 123.999152169 1
1 2 2 0.0489916128571 0.403418716407 0.406382626201 1.34265137 0.36666869999999996 189.0 1.15931702 491.5 491.5013689111088 0.18333435 94.5 94.5001692376 2 1 2 3.08693587143 0.529118608221 3.13195459352 1.7407531 0.3840026000000001 3.0 1.5487518 395.5 395.50308189279036 0.1920013 1.5 1.49923645298 2 1 1 9.15687785714 0.513651144729 9.17127306262 1.7184905 0 0 1.7184904999999997 392.0 392.00376683087956 0.0 0.0 0.0 1
1 1 1 0.0248805457143 0.320059970442 0.321025585016 1.09260559 0 0 1.09260559 589.0 589.0010134006352 0.0 0.0 0.0 1 2 2 3.1965746 0.528202053969 3.23992076804 1.5379486 0.2588805999999999 8.0 1.2615967 391.0 391.0020526898457 0.1294403 4.0 4.00039664931 2 1 2 9.09602785714 0.582133163313 9.11463667942 1.816101 0.8699030000000008 23.0 1.1742095 390.5 390.50197080574833 0.4349515 11.5 11.501249827 1
1 1 1 0.02963066 0.323355309017 0.324710073576 1.16575623 0 0 1.16575623 851.0 851.0007984647181 0.0 0.0 0.0 2 2 3 3.3087196 0.502697790919 3.34668947774 1.7658386 0.43989559999999983 27.0 1.4725748666666663 417.0 417.002617686369 0.214071548479 28.3313724812 28.3319221506 2 2 2 8.9986495 0.528588276278 9.014160992 1.816101 1.3219910000000006 55.0 1.1551054999999995 426.5 426.5019691675461 0.6609955 27.5 27.5016632219 1
1 1 1 0.115266805 0.47105163998 0.484949568371 1.58862307 0 0 1.5886230700000001 777.0 777.0016240158437 0.0 0.0 0.0 2 2 2 2.9730567625 0.638326656102 3.04081032505 2.2853241 0.23138430000000088 14.0 1.37654115 392.0 392.0024420180988 0.11569215 7.0 6.99955013257 2 2 3 9.082409 0.379781076467 9.09034580802 1.252121 0.4403839999999999 12.5 0.9585316666666657 394.3333333333333 394.3346463718779 0.332197665669 5.90668171556 5.90613881294 1
1 1 1 -0.11844962 0.706845233573 0.716701120903 2.2001801 0 0 2.2001801 792.0 792.0030560499578 0.0 0.0 0.0 1 2 2 2.16092354286 0.595406983861 2.24145043097 1.874939 0.6684569999999999 6.0 1.5407104999999999 396.0 396.0031482716831 0.3342285 3.0 2.99867578281 2 1 2 9.46037085714 0.516169271691 9.47444180265 1.6884 0.43627900000000075 2.0 1.4702604999999993 387.0 387.00285219540615 0.2181395 1.0 1.00082136267 1
1 2 2 -0.0167716 0.751563545321 0.751750656283 2.3049469 1.40670779 51.0 1.3636474749999998 421.5 421.50266477014185 0.703353895 25.5 25.5021142811 1 2 2 2.05956595714 0.551532980161 2.13213521148 1.7564087 0.48123169999999993 51.0 1.14227295 421.5 421.50158280977365 0.24061585 25.5 25.5005563142 1 1 1 9.43028928571 0.431316122313 9.44014775359 1.468124 0 0 1.4681239999999995 1042.0 1042.001034254803 0.0 0.0 0.0 1
2 2 2 0.32958221125 0.409931326228 0.525992515342 1.46910093 0.80880735 9.0 1.064697255 391.5 391.50166946270895 0.404403675 4.5 4.49888102632 2 2 2 2.5122661625 0.616869909192 2.5868919104 1.9073028 0.45481870000000013 9.0 1.12906645 391.5 391.5017018917939 0.22740935 4.5 4.49932460375 2 2 3 9.271572375 0.553769766973 9.28809535156 1.959656 1.1595460000000015 16.5 1.186625333333333 391.0 391.0023695774694 0.644969697307 7.7888809637 7.78702234894 1
1 1 1 0.117542812286 0.268918797038 0.293485318407 0.82972718 0 0 0.81828309 396.0 396.0008454375008 0.0 0.0 0.0 1 2 1 2.74086651429 0.637165369098 2.81395255054 1.9073028 0 0 1.9073028 396.0 396.00459316019413 0.0 0.0 0.0 2 2 2 9.15092478571 0.629428545541 9.17254625105 1.959656 0.77745 4.0 1.5709310000000007 382.0 382.0034363653996 0.388725 2.0 1.99838343631 1
2 1 2 0.0314156665714 0.285815920319 0.287537274825 0.89440918 0.025878909999999977 263.0 0.8814697250000001 532.5 532.5007714817948 0.012939455 131.5 131.499830903 1 2 1 2.97937228571 0.427951958245 3.00995051379 1.3272553 0 0 1.3272553 394.0 394.0022355350682 0.0 0.0 0.0 1 2 2 9.07861978571 0.519724695645 9.09348398431 1.360428 0.020020000000000593 71.0 1.3504180000000003 436.5 436.50210040573046 0.01001 35.5 35.4998601456 1
2 1 1 0.00708007825 0.318154550866 0.318233319664 1.06437683 0 0 0.86853027 401.0 401.0009405784853 0.0 0.0 0.0 2 2 2 3.0995426 0.439640425242 3.13056672708 1.5578155 0.8989562999999996 177.0 1.10833735 483.5 483.5017256634836 0.44947815 88.5 88.4986537905 2 2 2 9.2372245 0.51363714562 9.25149391076 1.340408 0 0 1.1218564999999998 401.0 401.00162883259077 0.2185515 0.0 0.000611427493624 1
2 1 2 0.085693359975 0.248363016835 0.262730927138 0.80239868 0.043869020000000036 197.0 0.78046417 492.5 492.5006519168652 0.02193451 98.5 98.4998348573 2 2 2 3.1335887875 0.564012272386 3.18394229416 1.5867005 0.3984681000000001 5.0 1.3585814499999997 392.5 392.50239752845505 0.19923405 2.5 2.50067434458 1 2 2 9.11826325 0.50412562811 9.13218852988 1.493027 0.38197300000000034 4.0 1.2086104999999998 392.0 392.0019067535035 0.1909865 2.0 2.00057911653 1
1 1 1 -0.0641261523143 0.267339725345 0.27492306589 0.87811279 0 0 0.8781127900000001 843.0 843.0004573439281 0.0 0.0 0.0 2 1 1 2.96409827143 0.542255106911 3.01329042139 1.7961426 0 0 1.4762726000000002 389.0 389.0028012505688 0.0 0.0 0.0 1 1 1 9.01193257143 0.603245650221 9.03210019799 1.493027 0 0 1.2508849999999985 467.0 467.00167527888294 0.0 0.0 0.0 1
0 1 0 0.102360314286 0.358996449969 0.373304279417 0.8933258 2 1 2 2.64995684286 0.452602629823 2.68833041301 1.379837 0.2617644000000001 22.0 0.9836043999999997 390.0 390.0012540028258 0.1308822 11.0 11.0002947228 0 0 0 9.15560485714 0.774494251563 9.18830461216 2.204911 1
1 2 2 0.05570793225 0.390760346733 0.394711315134 1.12893676 0 0 0.66925811 585.0 585.000563427594 0.45967865 0.0 0.000525886099524 2 2 2 2.577129375 0.443080338965 2.61494091755 1.379837 0.4538878999999998 10.0 1.15289305 394.0 394.0017608203753 0.22694395 5.0 4.99931359138 2 1 1 9.218721375 0.878543268956 9.26048929945 2.309464 0 0 2.309464 375.0 375.00711143119315 0.0 0.0 0.0 1
1 1 1 0.0840236125714 0.487708450619 0.494893423148 1.4273987 0 0 0.5915527279999999 399.0 399.000438514333 0.0 0.0 0.0 2 1 2 2.4692383 0.483876447767 2.51620233664 1.3549347 0.2738951999999997 60.0 1.0628967 429.0 429.0013213147479 0.1369476 30.0 30.000246903 2 1 2 9.27593557143 0.769579811809 9.30780499431 2.151657 0.3639680000000016 66.0 1.9570230000000004 422.0 422.0046716168024 0.181984 33.0 32.9987907474 1
1 1 1 0.381201605714 0.230729160836 0.445590181511 0.66950991 0 0 0.47439577999999993 392.0 392.000287055196 0.0 0.0 0.0 2 1 2 2.44192941429 0.554809289334 2.50416305617 1.4764557 0.02221680000000026 5.0 1.3660431 389.5 389.5023959731581 0.0111084 2.5 2.49994566276 2 1 1 9.23703007143 0.56944063597 9.25456574769 1.6004635 0 0 1.404570999999999 388.0 388.00254228509124 0.0 0.0 0.0 1
1 1 1 0.05350684875 0.32268916767 0.327095218239 0.9914093 0 0 0.9331512500000001 389.0 389.00111924164867 0.0 0.0 0.0 1 2 2 2.44418715 0.67787116401 2.53644636041 2.2071227 0.4515228 10.0 1.9813612999999997 384.0 384.00516374560755 0.2257614 5.0 5.00109763152 2 1 2 9.2121259375 0.592328873497 9.23114932079 1.4906315 0.05688499999999941 2.0 1.4621890000000013 388.0 388.00275647759804 0.0284425 1.0 0.999885710121 1
1 1 1 -0.20003509625 0.324938277024 0.381574270107 0.8690033 0 0 0.8027954 862.0 862.0003738284887 0.0 0.0 0.0 2 2 3 2.331291175 0.635012822356 2.41622843026 2.2071227 0.9585112499999995 42.0 1.5681152 417.0 417.0033703580909 0.482759457042 36.120169804 36.118524591 2 1 2 9.265094875 0.656094119198 9.28829599744 1.823883 0.17860399999999998 12.0 1.3574750000000009 429.0 429.0021613777376 0.089302 6.0 5.99968719622 1
2 1 2 -0.174974713429 0.238503874864 0.295804409475 0.67282104 0.07203674400000004 53.0 0.6368026680000001 441.5 441.50045925515644 0.036018372 26.5 26.5000243858 2 1 2 2.34041485714 0.458473585842 2.38489826459 1.4694519 0.4290160999999997 53.0 1.25494385 441.5 441.5018790337474 0.21450805 26.5 26.499277489 2 1 2 9.33164757143 0.696171504393 9.35757987734 2.037811 0.21392799999999923 2.0 1.930847 393.0 393.0047564398431 0.106964 1.0 1.00051341536 1
1 2 2 -0.0284402022857 0.154628833929 0.157222521886 0.47434997 0 0 0.46655273 391.0 391.0002784298839 0.00779724 0.0 9.30389006726e-06 1 2 2 2.51076398571 0.43335151223 2.54788722771 1.1898193 0 0 0.7949523499999998 391.0 391.00081174068873 0.05322265 0.0 0.00010820814029 1 1 1 9.39268071429 0.541968227413 9.40830380887 1.552383 0 0 1.259125000000001 392.0 392.00202218326075 0.0 0.0 0.0 1
2 1 2 0.06502532975 0.257735538834 0.265811778308 0.82960511 0.27412415 197.0 0.611412045 489.5 489.5003820528059 0.137062075 98.5 98.500094319 2 2 2 2.6270504 0.426954982301 2.66151918292 1.3447265 0.49655150000000026 4.0 1.09645075 389.0 389.00162811646976 0.24827575 2.0 1.99929183236 2 1 2 9.2389089375 0.412520898226 9.24811396161 1.4657445 0.49630800000000086 17.0 0.7424619999999988 392.5 392.50079121104574 0.248154 8.5 8.49951345268 1
1 1 1 -0.23482704 0.463663191672 0.519737716571 1.33306887 0 0 1.33306887 836.0 836.0010628417958 0.0 0.0 0.0 1 2 2 2.7082557625 0.440170535133 2.74379288123 1.085144 0.002975500000000242 58.0 0.7906570499999999 418.0 418.00075119587115 0.00148775 29.0 28.9999506977 1 2 2 9.2184066875 0.42275144277 9.22809517932 1.3068845 0.06785550000000029 12.0 1.2729567499999987 386.0 386.0021027207184 0.03392775 6.0 5.99985542855 1
1 1 1 -0.555798336 0.225961517184 0.599975330783 0.54515078 0 0 0.54515078 392.0 392.00037906789447 0.0 0.0 0.0 1 1 1 2.64720458 0.395225087184 2.67654534016 1.0580748 0 0 1.0580748 392.0 392.00142795949404 0.0 0.0 0.0 1 1 1 9.4144318 0.477834958515 9.42655039579 1.239029 0 0 1.2390289999999986 392.0 392.00195814927105 0.0 0.0 0.0 1
2 1 2 0.82388115 1.72413994823 1.91087380808 5.2550964 1.9760894600000003 7.0 2.87969207 391.5 391.51177335120724 0.98804473 3.5 3.50716212905 1 2 1 1.35545539 0.634568977238 1.49664194153 2.10278318 0 0 0.7745361 388.0 388.00077307419144 0.0 0.0 0.0 1 1 1 9.1480103 1.89225035574 9.34166494035 5.3865204 0 0 5.386520400000001 583.0 583.024883347203 0.0 0.0 0.0 2
2 1 2 -0.98217773375 0.516569552826 1.10973744804 1.54879757 0.8747253700000002 325.0 1.111434885 618.5 618.5010169606599 0.437362685 162.5 162.500518745 2 1 2 2.7690467875 0.509595146712 2.81554742899 1.314499 0.006866500000000109 1.0 1.31106575 390.5 390.50220091509425 0.00343325 0.5 0.499985655205 2 1 2 8.95242875 0.827328908007 8.99057582393 2.57605 0.6230770000000003 66.0 2.2645115000000002 423.0 423.00634487724426 0.3115385 33.0 32.9978372347 1
1 2 1 -1.01085662 0.43002723534 1.09852379552 1.29118344 0 0 0.6740721999999999 456.0 456.00049821609934 0.0 0.0 0.0 2 2 2 2.9948616 0.509627857247 3.037913191 1.3139801 0.2860414000000002 58.0 1.0950318 428.0 428.0014063683525 0.1430207 29.0 29.0002706242 2 2 2 8.83197395 0.876559413868 8.87536592257 2.6335754 0.32618599999999986 63.0 2.116066 424.5 424.50539545930076 0.163093 31.5 31.4987866526 1
1 1 1 -0.544294081429 0.211158380903 0.583818386918 0.54933166 0 0 0.54933166 782.0 782.0001929445239 0.0 0.0 0.0 2 1 2 3.04930767143 0.558185233264 3.09997548856 1.6061554 0.05892940000000024 4.0 0.9225463999999999 397.0 397.0010726783512 0.0294647 2.0 2.00006306582 2 1 2 9.03118022857 0.864233492878 9.07243715058 2.6335754 0.33964500000000086 14.0 2.4637529000000002 391.0 391.0077823866183 0.1698225 7.0 7.00093073332 1
1 1 1 -0.727512908571 0.378727975511 0.820188948702 1.13424686 0 0 1.13424686 611.0 611.0010527944607 0.0 0.0 0.0 1 2 2 3.03014918571 0.54079411322 3.07802897332 1.5832368 0.6269532 71.0 1.2697602 428.5 428.5020872615428 0.3134766 35.5 35.4988981666 1 1 1 9.046304 0.910945329398 9.09205353336 2.788727 0 0 2.172409 398.0 398.0059288011465 0.0 0.0 0.0 1
2 1 1 -0.78144074 0.339751592392 0.852103734685 1.17454532 0 0 0.80541995 434.0 434.0007473510799 0.0 0.0 0.0 2 2 2 3.2815513625 0.402256904152 3.30611402732 1.1697082 0.2134246000000002 74.0 1.0629959 427.0 427.001369774473 0.1067123 37.0 36.9996156537 2 1 2 8.91172975 0.80370332789 8.94789730475 2.788727 1.068085 44.0 2.2546844999999998 412.0 412.0063776084561 0.5340425 22.0 22.0025819745 1
2 1 2 -0.45590972925 0.344830805798 0.57163096999 0.88986206 0.19355774000000003 205.0 0.7930831899999999 488.5 488.5007179513086 0.09677887 102.5 102.499692234 1 2 2 3.19604685 0.542011833121 3.24168047387 1.6251678 0.6062012000000001 13.0 1.2186584000000003 388.5 388.5020460722625 0.3031006 6.5 6.49901499731 1 2 2 9.03384975 0.567315073056 9.05164557954 1.708039 0.07309000000000054 1.0 1.671494000000001 386.5 386.50361586192014 0.036545 0.5 0.500153366786 1
2 2 2 0.197365890857 0.66574791309 0.694387196496 1.9478149 0.1964110939999999 74.0 0.988067607 423.0 423.0011541561155 0.098205547 37.0 37.0001284392 1 2 2 2.42942158571 0.958940827832 2.61183015382 2.714798 1.2369689999999998 69.0 1.9568177 425.5 425.5047496422916 0.6184845 34.5 34.5024591941 2 1 2 9.43664128571 0.593223569229 9.45526905796 1.703201 0.06825199999999931 265.0 1.6690750000000003 518.5 518.502845260118 0.034126 132.5 132.499382765 1
1 1 1 -0.3206155 1.10508843866 1.15065840113 2.7200317 0 0 2.7200317 781.0 781.0047365877168 0.0 0.0 0.0 0 1 0 2.18604387143 0.766781759879 2.31662298942 2.3466034 2 1 1 9.36523228571 0.485053173212 9.37778504479 1.489044 0 0 0.7678370000000001 390.0 390.00075586293235 0.0 0.0 0.0 1
1 1 1 -1.11070442 0.393362812323 1.17830327621 1.1663208 0 0 1.1663208000000003 391.0 391.0017395155788 0.0 0.0 0.0 1 2 2 2.664434425 0.538770654789 2.71836065002 1.4638977 0.22492979999999996 200.0 1.3086167 486.0 486.0019183443628 0.1124649 100.0 99.9993024557 2 1 2 9.0796548125 0.324842243878 9.08546388456 0.816223 0.023620499999999822 5.0 0.8044127499999991 388.5 388.5008328483762 0.01181025 2.5 2.50001909441 1
1 2 1 -0.773605348571 0.355298635737 0.851294517717 1.18206788 0 0 0.8039551 588.0 588.0005496118204 0.0 0.0 0.0 1 2 2 2.74792262857 0.547272267225 2.80188966719 1.4982758 0.3391114000000002 40.0 1.2943419999999999 421.0 421.0020532290372 0.1695557 20.0 19.9993811725 1 1 1 9.05570107143 0.633675161694 9.07784479409 1.941925 0 0 1.6258540000000004 457.0 457.00289211473194 0.0 0.0 0.0 1
1 1 1 -0.0709250328571 0.429045805384 0.434868558766 1.27105714 0 0 1.27105714 574.0 574.0014073033734 0.0 0.0 0.0 1 1 1 2.7878309 0.457682220741 2.82515028665 1.3688049 0 0 1.3688049000000002 395.0 395.00237167244234 0.0 0.0 0.0 2 2 2 9.33161042857 0.871528918675 9.3722204331 2.044281 0.20929000000000286 21.0 1.8372799999999998 389.5 389.50436375487726 0.104645 10.5 10.4993887576 1
1 1 1 -0.064867019375 0.455060789793 0.459660801689 1.53976441 0 0 1.53976441 785.0 785.0015101096548 0.0 0.0 0.0 2 2 2 2.457496625 0.535394308833 2.5151414926 1.5845337 0.0029143999999998726 2.0 1.1313400000000002 396.0 396.0016160936811 0.0014572 1.0 0.999991755886 2 2 2 9.347772625 0.613453505385 9.36788013651 1.900558 0.07778899999999922 8.0 1.6937404999999988 396.0 396.0036227505392 0.0388945 4.0 4.00012976191 1
1 2 2 -0.682273864375 0.481948718663 0.835327596473 1.610443095 0.54141233 82.0 1.33973693 615.0 615.0015651108989 0.270706165 41.0 40.9993059455 2 2 2 2.1130561625 0.37786976321 2.14657678731 1.1327972 0.2909241 63.0 0.9873351500000002 426.5 426.50119904101405 0.14546205 31.5 31.4995747032 1 1 1 9.2601395 0.416023916871 9.26947999938 1.520172 0 0 0.7250060000000005 649.0 649.0004049564992 0.0 0.0 0.0 1
1 1 1 -0.692105972857 0.549251871434 0.883565671548 1.84184263 0 0 0.9230803999999999 377.0 377.0011300744666 0.0 0.0 0.0 2 1 2 2.10533795714 0.295589918456 2.12598713864 0.8397826 0.19259629999999994 7.0 0.7434844499999997 383.5 383.50073454452195 0.09629815 3.5 3.49980660511 1 1 1 9.31197242857 0.548433416875 9.3281085823 1.811203 0 0 1.8112030000000008 402.0 402.0040801488303 0.0 0.0 0.0 1
1 2 2 -0.252271380714 0.344482771543 0.426976848807 1.26068113 0 0 0.95596313 390.0 390.00129066197655 0.304718 0.0 0.00074691848468 1 1 1 2.3524519 0.458029451943 2.39662698822 1.4458008 0 0 1.4458008000000002 390.0 390.0026799138094 0.0 0.0 0.0 2 2 2 9.16988464286 0.556937246298 9.18678199696 1.454605 0 0 1.3095092500000005 390.0 390.00222546418263 0.14509575 0.0 0.000487187544991 1
1 1 1 -0.160102851875 0.248935378148 0.295975920764 0.80313113 0 0 0.50401306 391.0 391.00032484534415 0.0 0.0 0.0 2 2 2 2.4576378125 0.462073146039 2.50069894424 1.4151307 0.3286439000000001 73.0 1.25080875 421.5 421.5018596436407 0.16432195 36.5 36.5003265901 2 2 2 9.263172125 0.771556518088 9.29524917783 2.5344545 0.8851475000000004 1.0 1.6069872500000004 390.5 390.5035549896216 0.44257375 0.5 0.501816712984 1
2 1 2 -0.351713184625 0.493166088302 0.605735053378 1.47325133 0.16645812699999996 2.0 0.7199020665 391.0 391.00067198913456 0.0832290635 1.0 0.999845041791 2 2 2 1.9246921625 0.665732086356 2.03657534385 2.3522034 0.4599609999999996 7.0 1.3164672999999998 388.5 388.50229171266517 0.2299805 3.5 3.50075865914 1 1 1 9.4610959375 0.714694038333 9.48805163914 2.5344545 0 0 2.5344545000000007 390.0 390.0082351176864 0.0 0.0 0.0 1
1 1 1 0.00646537757143 0.84856156892 0.848586199131 2.6261597 0 0 2.6261597 639.0 639.0053964676432 0.0 0.0 0.0 0 0 0 1.48304095714 0.558988728549 1.58489080987 1.4496613 1 0 0 9.57497525714 0.857290916244 9.61327721903 2.7897647 1
1 1 1 -0.0753108342857 0.85480916439 0.858120288355 2.4927216 0 0 2.4927216000000003 598.0 598.00519534614 0.0 0.0 0.0 1 2 2 2.19906398571 0.750076707848 2.3234666946 2.2736816 1.4000854 7.0 1.5736389000000002 397.5 397.5037559849209 0.7000427 3.5 3.49719559789 2 1 2 9.17624997143 1.07913127615 9.23948525889 2.7897647 0.46427899999999944 44.0 2.5576251999999995 423.0 423.00774377957856 0.2321395 22.0 22.0010008391 1
1 1 1 -0.47663688625 0.470044690212 0.669421191875 1.48710632 0 0 1.48710632 775.0 775.0014267633363 0.0 0.0 0.0 2 2 2 2.6801795875 0.503185030244 2.72700527977 1.5259399 0.37957759999999974 16.0 1.063385 393.0 393.00149555790813 0.1897888 8.0 7.9994560249 2 2 2 9.1764870625 0.678541005727 9.20153969207 2.238877 1.3181770000000004 2.0 1.5797885000000003 391.0 391.00375377648027 0.6590885 1.0 0.997327457347 1
1 1 1 -0.17134966 0.363386459972 0.401759163272 1.27297972 0 0 1.27297972 396.0 396.0020460519965 0.0 0.0 0.0 1 1 1 2.70981707143 0.561226374715 2.767324268 1.8008728 0 0 0.7923277999999998 390.0 390.0008048496088 0.0 0.0 0.0 2 2 2 9.18628164286 0.424464972241 9.19608291255 1.280304 0.10456850000000095 66.0 0.8684157499999996 425.0 425.0009041922941 0.05228425 33.0 32.9998229585 1
1 1 1 -0.444170272857 0.445786770167 0.629295698178 1.28227236 0 0 0.38110351000000003 442.0 442.0001642984823 0.0 0.0 0.0 1 2 2 2.66705977143 0.51810902992 2.71691825259 1.5641327 0.4968720000000002 41.0 1.3156967 421.5 421.50216950600725 0.248436 20.5 20.499119005 1 2 1 9.18238185714 0.854144315255 9.22202250494 2.470734 0 0 1.9984589999999987 390.0 390.00512027199676 0.0 0.0 0.0 1
1 1 1 -0.39339828625 0.513096519362 0.646552588585 1.7586823 0 0 1.24766543 573.0 573.0013583483247 0.0 0.0 0.0 2 1 2 2.5424518625 0.50868688387 2.59284087806 1.3869628 0.0928192000000001 4.0 1.3405532 394.0 394.0022825459789 0.0464096 2.0 2.00014631754 1 2 2 9.3176880375 0.916299419084 9.36263397712 2.7329867 0.2622527000000012 25.0 2.285392849999999 392.5 392.5066578132671 0.13112635 12.5 12.5005514621 1
1 2 2 -0.271982186125 0.393263960478 0.478153586393 1.4023285 0.31497189999999997 54.0 1.24484255 615.0 615.001268476945 0.15748595 27.0 27.0002630829 2 2 2 2.4596633875 0.514267683041 2.51285002132 1.5468292 0.39494320000000016 64.0 1.0966719999999999 424.0 424.0015114040061 0.1974716 32.0 31.9993751756 2 2 2 9.241470475 0.649572864916 9.2642712313 2.1717227 0.45130970000000126 2.0 1.6772538500000005 383.0 383.0037364605764 0.22565485 1.0 1.00097843433 1
1 1 1 -0.3303771878 0.342324484476 0.475746927358 0.92559813 0 0 0.8576354810000001 382.0 382.00096274566937 0.0 0.0 0.0 1 1 1 2.45223082 0.496358368821 2.50196075606 1.4283752 0 0 1.4283752 386.0 386.00264280923255 0.0 0.0 0.0 1 1 1 9.0659669 0.677128241375 9.09121875697 1.987824 0 0 1.4515989999999999 382.0 382.0027580262436 0.0 0.0 0.0 1
1 2 2 3.331359835 3.63982177829 4.93419303716 9.72192342 0.796035719999999 130.0 9.32390556 520.0 520.0841598997506 0.39801786 65.0 64.9966172541 1 1 1 1.3994159775 1.47843129741 2.03571220442 5.0703125 0 0 1.8424225 389.0 389.00436311263724 0.0 0.0 0.0 1 1 1 8.0487861 2.63225552896 8.46827767927 7.8942563 0 0 7.8942563 389.0 389.0800936600716 0.0 0.0 0.0 2
