2 2 2 -0.798920983812 0.690860606066 1.0562022133 1.6273794245 1.3334270605000003 200.0 0.9232621547500001 500.0 500.0010944766774 0.66671353025 100.0 100.001012205 2 2 2 2.4543271875 0.362662533541 2.48097683515 1.1075819 0.5226432999999999 200.0 0.84626025 500.0 500.0007249858727 0.26132165 100.0 100.000297295 2 2 2 9.4278356875 0.124467016931 9.4286572633 0.360928 0.05022750000000187 200.0 0.25887924999999967 500.0 500.0000677589484 0.02511375 100.0 99.9999994511 1
2 1 2 -0.890361116625 0.633853220014 1.09293770295 1.650658557 1.102993657 208.0 1.0991617285 504.0 504.0013078011671 0.5514968285 104.0 104.00093288 2 2 2 2.3119131 0.46476458973 2.35816630156 1.5474816 0.11962569999999983 2.0 0.5251257500000002 401.0 401.0003484948819 0.05981285 1.0 0.999920803653 2 2 2 9.4549235 0.139103232023 9.45594670565 0.459038 0.001502999999999588 2.0 0.23451699999999853 401.0 401.0000685763671 0.0007515 1.0 1.00000026849 1
1 1 1 -0.0441060492857 0.407902036601 0.410279679057 1.3310848 0 0 0.374343517 396.0 396.0001769356533 0.0 0.0 0.0 2 1 2 2.14227721429 0.449143240112 2.18885388114 1.450524 0.08235940000000008 7.0 1.4093442999999999 399.5 399.502489499964 0.0411797 3.5 3.49983291812 1 2 2 9.54999607143 0.0924784241479 9.55044382336 0.288847 0.01673100000000005 7.0 0.2804815000000005 399.5 399.50009860701346 0.0083655 3.5 3.49999326285 1
1 2 2 3.64977392125 3.56909835166 5.10483229108 9.32269135 5.02473335 387.0 6.8103246749999995 593.5 593.539152797909 2.512366675 193.5 193.516062911 2 1 1 0.02695229125 2.36412740419 2.36428103432 7.9625436 0 0 6.4541647 400.0 400.052066913764 0.0 0.0 0.0 1 1 1 5.688254325 5.67142041206 8.03251185845 16.925459 0 0 16.925459 794.0 794.1803769688348 0.0 0.0 0.0 2
0 1 0 0.3222428625 0.589697928246 0.672000081109 1.44949035 2 1 2 3.8384831 0.368210292058 3.85610312727 1.1332938 0.5306508000000001 1.0 0.6327007999999998 400.5 400.5005871272522 0.2653254 0.5 0.500418421432 1 2 2 8.9898995 0.176016731495 8.99162248484 0.521351 0.28386849999999875 1.0 0.2962497500000003 400.5 400.50013458726085 0.14193425 0.5 0.50010482067 1
1 1 1 1.44186033125 0.695942297004 1.60102994837 2.21666895 0 0 2.21666895 1215.0 1215.0020220646688 0.0 0.0 0.0 2 2 2 3.8014832625 0.542002025953 3.83992723775 1.5732629 0.5423756000000002 12.0 1.1042137 406.0 406.0015815979097 0.2711878 6.0 6.00071418366 2 2 2 8.8792748125 0.143278185335 8.88043072347 0.33897 0.03079199999999993 12.0 0.3235739999999998 406.0 406.00012944255207 0.015396 6.0 5.99998581675 1
1 2 2 2.04431811429 0.336621911283 2.07184721047 1.0556682 0.5928861999999999 25.0 0.7592250999999998 399.5 399.5008145847733 0.2964431 12.5 12.5005378831 2 1 2 3.71091405714 0.486235159499 3.74263380119 1.3754015 0.13294120000000031 177.0 1.3089309 500.5 500.5018031139949 0.0664706 88.5 88.4995073324 1 2 2 8.82335935714 0.137331857834 8.82442804857 0.383958 0.07577999999999996 177.0 0.3460679999999998 500.5 500.50012020339136 0.03789 88.5 88.5000049441 1
1 1 1 3.709966855 3.58261011948 5.15741692453 9.1884129 0 0 8.3329612 602.0 602.0576701964362 0.0 0.0 0.0 1 1 1 0.888478575 2.62575013581 2.77199530194 7.5446345 0 0 4.9177167 400.0 400.03022877970295 0.0 0.0 0.0 1 1 1 5.2062614625 5.897654046 7.8668597078 14.8960946 0 0 3.657921 402.0 402.016641926727 0.0 0.0 0.0 2
1 1 1 1.6558408 1.10623133934 1.99137051577 3.5809097 0 0 3.0343346 400.0 400.0115088175148 0.0 0.0 0.0 1 1 1 4.0515041625 1.44197903544 4.30046387235 4.567061 0 0 3.6892547999999996 400.0 400.01701288942616 0.0 0.0 0.0 1 0 0 8.567105875 0.561728591858 8.58550185396 1.764518 1
2 1 1 2.07304292857 1.08717750624 2.3408250498 3.0809647 0 0 3.004339 601.0 601.0075091484522 0.0 0.0 0.0 1 2 1 4.12518295714 1.54120126686 4.40368434096 4.567061 0 0 4.567061 601.0 601.0173525333339 0.0 0.0 0.0 2 1 2 8.42578894286 0.55187935593 8.44384332713 1.697712 0.3167360000000006 10.0 1.5393440000000007 406.0 406.00295692097836 0.158368 5.0 4.99936313903 1
2 1 2 1.95555533333 0.634723076681 2.05598396049 2.1128249 0.7445243000000001 210.0 1.74056275 496.0 496.00305399641854 0.37226215 105.0 105.000659827 1 2 2 3.67753391667 1.03293590952 3.81984453891 3.389983 1.0375244000000001 210.0 2.8712207999999997 496.0 496.0096496916749 0.5187622 105.0 104.994954335 1 1 1 8.7838886 0.442049571719 8.79500464815 1.3619594 0 0 1.3619594000000008 391.0 391.00237203041013 0.0 0.0 0.0 1
1 1 1 1.35190621857 0.693151978499 1.5192465531 1.93773748 0 0 1.93773748 598.0 598.0031394788336 0.0 0.0 0.0 1 1 1 4.11576 1.08685816521 4.25684637365 3.499202 0 0 3.4992020000000004 400.0 400.0153052254836 0.0 0.0 0.0 1 1 1 8.69135192857 0.449374067745 8.70296130056 1.412819 0 0 1.4128190000000007 400.0 400.0024950641268 0.0 0.0 0.0 1
0 1 0 1.10239152875 0.473422358833 1.1997482288 1.57478808 2 2 2 4.480566275 0.740993702616 4.54142552642 2.7247504 0.17633800000000033 200.0 1.5663424000000004 503.0 503.0026040212083 0.088169 100.0 99.9992077477 1 1 1 8.6003588125 0.374527426667 8.60850988831 1.351843 0 0 0.7285280000000007 403.0 403.00065850200144 0.0 0.0 0.0 1
1 2 2 0.711663437 0.682328866477 0.985919636477 1.77014753 1.40725513 13.0 1.066519965 406.5 406.50203809535776 0.703627565 6.5 6.49812133669 1 1 1 4.26346527143 0.736631925032 4.32663410906 2.2769814 0 0 1.6545114000000005 403.0 403.0033962734963 0.0 0.0 0.0 1 1 1 8.73844914286 0.343643896729 8.74520351679 1.024408 0 0 0.7285280000000007 403.0 403.00065850200144 0.0 0.0 0.0 1
1 1 1 0.299632389833 0.481031672468 0.566719541708 1.56700713 0 0 1.56700713 793.0 793.0015482401946 0.0 0.0 0.0 1 1 1 4.65036331667 0.584981876423 4.68701213704 1.864266 0 0 1.0446490000000006 793.0 793.0006880775912 0.0 0.0 0.0 1 1 1 8.590253 0.297805282216 8.59541357877 0.973883 0 0 0.5213780000000003 793.0 793.0001713965886 0.0 0.0 0.0 1
0 0 0 0.775871711429 0.308358432996 0.834902291166 0.8960096 0 1 0 4.43729691429 0.818252077598 4.51211041177 2.636456 1 0 0 8.65651557143 0.422996305335 8.6668441611 1.37955 1
2 1 2 0.87271176625 0.279776273798 0.916460904966 1.02298647 0 0 0.89605067 400.0 400.00102377296446 0.1269358 0.0 0.000284351543797 1 2 2 4.6969939875 0.928229893805 4.78783492347 2.748561 1.456827 408.0 2.0201475 604.0 604.0033802852466 0.7284135 204.0 204.00129457 1 1 1 8.49466325 0.497817833847 8.50923770538 1.436599 0 0 1.436599000000001 808.0 808.0012771132771 0.0 0.0 0.0 1
1 2 2 0.83712124875 0.851870831401 1.19434329173 2.7195879 1.0336929300000002 2.0 1.5398329350000002 401.0 401.0032845986195 0.516846465 1.0 1.00197647411 2 1 2 5.0703197375 1.10527472891 5.18939056796 3.5961437 1.1574632999999999 2.0 1.8704656499999999 401.0 401.0047732754905 0.57873165 1.0 1.00268756002 1 2 1 8.20698575 0.67789607635 8.23493522689 2.238462 0 0 0.7693589999999997 600.0 600.0004932608563 0.0 0.0 0.0 1
1 2 2 0.972481372857 0.967171165047 1.37154660258 2.8009328 1.4590912 205.0 1.9900423 499.5 499.50407201261726 0.7295456 102.5 102.502070945 2 1 1 4.88914268571 1.44956566464 5.09950554636 3.9816943 0 0 3.5961437 602.0 602.0107409752014 0.0 0.0 0.0 1 2 1 8.21826587143 0.862784639778 8.26343096227 2.3628235 0 0 2.2384619999999993 602.0 602.0041617066493 0.0 0.0 0.0 1
1 2 2 1.31301357571 0.756351164129 1.51527942423 2.22077412 0.5315964200000001 13.0 1.9549759100000001 397.5 397.50487622242775 0.26579821 6.5 6.50122749098 2 1 2 5.10880524286 1.2444168858 5.25818071153 3.458255 0.1862510000000004 207.0 3.3651295 494.5 494.51212233052917 0.0931255 103.5 103.496829116 1 2 2 8.1090751 0.684656650525 8.13792686785 1.8633499 0.21983839999999955 207.0 1.7534307000000005 494.5 494.50334921566247 0.1099192 103.5 103.49890925 1
2 1 2 1.6472898725 0.733938385985 1.80339387779 2.22077412 0.20311920000000017 8.0 2.11921452 400.0 400.0056218724611 0.1015596 4.0 4.00048184095 2 2 3 5.3354138 0.878845804871 5.40731082572 2.4009697 0.4492950499999999 2.0 2.101439666666667 399.3333333333333 399.3389127449762 0.216673715974 3.3993463424 3.40035740751 2 2 3 7.9628304 0.52199550261 7.97992150863 1.4832134 0.20777489999999954 2.0 1.2057358000000005 399.3333333333333 399.3351691676176 0.113189152121 3.3993463424 3.39940335066 1
0 0 0 1.6655875625 0.473820458979 1.73167195384 1.4576667 1 2 2 5.066463825 0.701676034419 5.11482208364 1.9617348 0.06602949999999996 212.0 1.9287200500000004 504.0 504.0038345459948 0.03301475 106.0 105.999319875 2 1 2 8.1720633875 0.477151911796 8.18598155118 1.5238234 0.17957099999999926 212.0 1.4340378999999999 504.0 504.00208670946427 0.0897855 106.0 105.999816597 1
1 1 1 1.14264868471 0.59883164262 1.2900563371 1.873256047 0 0 1.873256047 391.0 391.0044872993373 0.0 0.0 0.0 1 1 1 4.15650312857 0.909176692287 4.25477620042 2.759664 0 0 1.5469005000000005 397.0 397.00301371797786 0.0 0.0 0.0 1 1 1 8.72772921429 0.479337830403 8.74088222055 1.465486 0 0 0.8714759999999995 397.0 397.0009565107099 0.0 0.0 0.0 1
0 1 0 0.227575974714 0.807662559292 0.839112408411 2.36820427 2 1 2 3.84651622857 0.668138914827 3.90411279373 1.5938894 1.2322370999999999 12.0 0.9777708499999997 398.0 398.0016554887003 0.61611855 6.0 6.00148866171 1 1 1 8.95205428571 0.29138906486 8.95679538236 0.703661 0 0 0.7036610000000003 404.0 404.0006127950834 0.0 0.0 0.0 1
1 2 1 -0.0059525935625 0.640465630862 0.64049329246 1.89105507 0 0 0.8051284015 603.0 603.0005375053515 0.0 0.0 0.0 2 1 1 4.2350204125 1.00213859723 4.35197422584 3.2289251 0 0 2.7523769 603.0 603.006281541577 0.0 0.0 0.0 1 2 1 8.755237875 0.407786937608 8.76472934176 1.299283 0 0 1.046695999999999 603.0 603.0009084342381 0.0 0.0 0.0 1
1 2 2 0.316593452687 0.850684982985 0.907687366091 2.3559119 0.40176663999999995 199.0 2.13104658 499.5 499.50495354849534 0.20088332 99.5 99.4981562349 2 1 2 4.5185303 1.31451154373 4.70585344763 4.4834715 1.2545464000000006 199.0 1.4446263999999998 499.5 499.5029617874932 0.6272732 99.5 99.4975958635 1 2 2 8.5322245 0.634493380245 8.55578381961 2.264917 0.9656339999999997 199.0 0.8267370000000005 499.5 499.50112119543587 0.482817 99.5 99.4989775366 1
2 1 1 0.276736505 1.01022539061 1.04744376128 2.4330883 0 0 2.3319299 400.0 400.0067973135688 0.0 0.0 0.0 1 2 1 4.8812031 1.17076476082 5.01964479108 3.3252797 0 0 2.0718996 400.0 400.00536592394917 0.0 0.0 0.0 2 1 1 8.33347916667 0.655391983854 8.35921130692 1.831916 0 0 1.3095540000000003 400.0 400.00214365885455 0.0 0.0 0.0 1
0 1 0 0.479363813333 0.82655455534 0.955500967287 2.4698786 1 1 1 4.41314168333 0.985353187272 4.52180720739 2.5542181 0 0 2.5542181 404.0 404.0080742139968 0.0 0.0 0.0 1 1 1 8.63085083333 0.564868908534 8.64931575277 1.445896 0 0 1.4458959999999994 404.0 404.00258738681714 0.0 0.0 0.0 1
1 2 2 0.03567546625 0.975501425705 0.976153558845 2.9901848 0.75231844 210.0 2.0716959200000002 502.0 502.00495729647264 0.37615922 105.0 104.997410775 1 1 1 4.8065021125 1.07684249262 4.9256524757 3.2163532 0 0 3.2163532000000004 603.0 603.0085778228259 0.0 0.0 0.0 1 1 1 8.3998493 0.630865323101 8.42350635535 1.9475664 0 0 1.9475663999999995 603.0 603.0031451119326 0.0 0.0 0.0 1
1 1 1 -0.7686628345 0.623582724829 0.989796932631 2.02347742 0 0 1.2242019000000002 401.0 401.0018686618455 0.0 0.0 0.0 2 1 2 5.5088546625 0.754689571941 5.56030898805 2.375668 0.1952910000000001 201.0 2.2780225 499.5 499.5053302754566 0.0976455 100.5 100.499372871 1 2 2 8.0021505125 0.489122866623 8.01708513135 1.4865334 0.11762039999999985 201.0 1.427723199999999 499.5 499.5020948745379 0.0588102 100.5 100.499746607 1
2 2 2 -0.746816962286 0.533051243423 0.91753975569 1.705352044 0.18979705600000019 10.0 1.129303372 396.0 396.0016184687163 0.094898528 5.0 5.00025019313 0 0 0 5.82876865714 0.968567418815 5.9086941792 2.847024 1 1 1 7.73456717143 0.769617525838 7.77276273055 2.3749065 0 0 1.2981610000000003 593.0 593.001420927456 0.0 0.0 0.0 1
1 1 1 -0.712262125714 0.297941065511 0.772066198097 0.82469732 0 0 0.6675376399999999 396.0 396.000562634071 0.0 0.0 0.0 1 1 1 5.92772947143 1.00911057948 6.01300930051 2.8939857 0 0 2.8939857 595.0 595.0070379022686 0.0 0.0 0.0 1 1 1 7.66671278571 0.799706656193 7.7083082239 2.3749065 0 0 2.3626075 595.0 595.0046906657116 0.0 0.0 0.0 1
0 0 0 -0.558337066 0.477591277079 0.734733766212 1.39178697 1 1 1 5.79040266 0.723780442303 5.83546237188 1.9742287 0 0 1.9742287000000003 399.0 399.00488415426685 0.0 0.0 0.0 1 1 1 7.8303954 0.512674756828 7.8471604754 1.4099546 0 0 1.4099545999999998 399.0 399.002491185173 0.0 0.0 0.0 1
1 1 1 5.0411222125 2.73430658583 5.73492333573 8.2899059 0 0 8.289905899999999 798.0 798.0430580738303 0.0 0.0 0.0 1 1 1 2.26641731875 2.0000304919 3.02270895577 6.0086723 0 0 1.1271378999999997 598.0 598.0010622397301 0.0 0.0 0.0 1 1 1 6.9112003875 2.52578330311 7.35827915279 7.544887 0 0 7.544887 598.0 598.0475945272607 0.0 0.0 0.0 2
2 1 2 -0.223086351375 0.899710086027 0.926955100892 3.0096473 1.4431852470000002 201.0 2.2880546765 500.5 500.50530147483425 0.7215926235 100.5 100.502234232 1 2 2 4.1330009 0.989841304038 4.24988026262 2.8959601 0 0 2.8096133500000002 400.0 400.0098766062782 0.08634675 0.0 0.000606487478734 2 1 2 8.7728211875 0.535974143261 8.78917856629 1.6420935 0 0 1.6301792500000003 400.0 400.0033220191229 0.01191425 0.0 4.85555045771e-05 1
2 2 3 0.526595962 0.817892353594 0.972754444484 2.620967 0.5445920699999998 0.5 1.92878912 402.3333333333333 402.3380651684782 0.289758050655 1.24721912892 1.24586128818 1 2 2 4.3893591375 0.872702168491 4.47527459636 2.7272405 1.0742341000000004 203.0 2.1901234499999997 503.5 503.50477273760123 0.53711705 101.5 101.501374207 2 1 1 8.66174985 0.412478311575 8.67156553464 1.3488722 0 0 1.3488721999999997 605.0 605.0015036809511 0.0 0.0 0.0 1
1 2 2 0.35042339 0.848098936487 0.91764282721 2.7064239 0.7946072199999998 3.0 2.30912029 400.5 400.50686240109155 0.39730361 1.5 1.49768364661 2 1 2 4.60869642857 1.01662470238 4.71949240451 3.2714339 0.32807929999999974 3.0 1.8170460499999996 400.5 400.5041583357064 0.16403965 1.5 1.4992401949 1 1 1 8.53046455714 0.534679396303 8.54720466688 1.7280964 0 0 1.1477804000000003 597.0 597.0011033489358 0.0 0.0 0.0 1
1 2 1 0.228116514714 0.862990435536 0.892630738946 2.6831543 0 0 1.9362534 605.0 605.0030984029991 0.0 0.0 0.0 2 1 2 4.69898047143 1.2502946012 4.86247406786 3.2714339 0.024367699999999992 191.0 3.25925005 500.5 500.5110287883904 0.01218385 95.5 95.4978163128 1 2 2 8.44278571429 0.670312050003 8.46935350908 1.7280964 0.08355379999999979 191.0 1.6863195000000002 500.5 500.5029778415704 0.0417769 95.5 95.499291047 1
1 2 2 0.677186524125 0.813523136305 1.05849018973 2.3262565 0.20841521000000007 195.0 2.222048895 497.5 497.5050769805948 0.104207605 97.5 97.4994704552 2 2 3 5.0000352625 0.978187459866 5.09482122678 2.729109 0.5321851 2.0 2.2561183333333337 401.3333333333333 401.33977281522226 0.255473206702 4.9888765157 4.98752708789 2 2 3 8.2958809875 0.520715561054 8.31220705073 1.509912 0.36134929999999965 2.0 1.1734190666666675 401.3333333333333 401.3350928076713 0.174754996879 4.9888765157 4.98839312867 1
2 1 2 0.79523528625 0.768760242466 1.10607028298 2.40562946 0.3869384 199.0 1.9243720899999999 499.5 499.504053687794 0.1934692 99.5 99.4984471624 1 2 2 4.2535568 1.06959154077 4.38597440883 3.3129926 1.1751689999999995 199.0 2.7254080999999997 499.5 499.5074373105379 0.5875845 99.5 99.5017244892 2 1 2 8.6850703125 0.528941112607 8.70116228062 1.625006 0.5242399999999989 199.0 1.3628860000000005 499.5 499.5018594055392 0.26212 99.5 99.5003448012 1
2 1 2 0.791272515714 0.673615835993 1.03916817148 2.01869106 0.2091023999999999 2.0 1.9141398600000001 402.0 402.00457196465084 0.1045512 1.0 0.999490807821 1 2 2 3.36523115714 0.602974217721 3.41882416164 1.929663 0.5147570000000004 2.0 1.6722845000000004 402.0 402.0035580121032 0.2573785 1.0 1.00106181166 2 1 2 9.13061171429 0.184633039262 9.13247828556 0.60881 0.1752350000000007 2.0 0.5211924999999997 402.0 402.000347130411 0.0876175 1.0 1.00011273237 1
1 1 1 0.603558138571 0.940946590449 1.11788322857 3.12686 0 0 2.5638729 398.0 398.0082580101164 0.0 0.0 0.0 1 2 2 4.11365755714 1.05325507701 4.24635428982 3.501587 1.2245199000000002 7.0 2.8893270499999995 394.5 394.5110167655761 0.61225995 3.5 3.50438634279 2 1 2 8.75206482857 0.539034923387 8.76864855107 1.6401607 0.32668300000000094 7.0 1.4768191999999996 394.5 394.5027928522436 0.1633415 3.5 3.50058669009 1
1 2 2 1.11108295 1.09959988807 1.56320991413 3.6464607 2.4429795999999997 195.0 1.9053702 497.5 497.50440036886295 1.2214898 97.5 97.5038157538 2 1 2 4.7940009375 0.97925901213 4.89299429814 2.6985072 0.31603899999999996 14.0 2.4350865999999995 398.0 398.0074659091272 0.1580195 7.0 7.00083548635 1 2 2 8.336383 0.538593886721 8.35376351697 1.566981 0.2535033000000002 14.0 1.4402293499999992 398.0 398.00261877259663 0.12675165 7.0 7.00041261045 1
1 1 1 1.8490610875 0.587513323463 1.94015432648 1.6936122 0 0 1.2163530999999999 596.0 596.0012412024524 0.0 0.0 0.0 1 1 1 3.850371525 1.3267541235 4.07254679344 3.7566138 0 0 3.2970066999999994 793.0 793.0068538500659 0.0 0.0 0.0 1 1 1 8.68642315 0.605481436058 8.70749992307 1.770365 0 0 1.7042220000000006 793.0 793.0018312542697 0.0 0.0 0.0 1
1 1 1 2.02871111429 0.683651205922 2.14080539905 1.8007617 0 0 1.8007617 603.0 603.0026888353817 0.0 0.0 0.0 0 1 0 3.32547954286 0.937521618701 3.45510650711 2.5777511 1 0 0 8.91874257143 0.324989348137 8.92466173767 0.941159 1
2 1 2 2.38300934286 0.627254965884 2.46417984741 1.9316725 0.1371557000000001 197.0 1.86309465 501.5 501.50355241768796 0.06857785 98.5 98.4995570398 1 2 1 3.97720464286 0.801972424668 4.05725480357 2.3636976 0 0 2.3054349 403.0 403.0065942761708 0.0 0.0 0.0 2 1 1 8.57632735714 0.288956306657 8.58119377966 0.823902 0 0 0.5775009999999998 403.0 403.0004137806871 0.0 0.0 0.0 1
2 2 2 2.3781863 0.47220305289 2.42461250526 1.4430249 0.06954670000000007 5.0 1.15446105 404.5 404.5016496093531 0.03477335 2.5 2.49989056039 1 2 2 3.5828281375 0.813588312777 3.67404183503 2.9149888 1.3096051000000002 211.0 2.2601862500000003 504.5 504.5063802148311 0.65480255 105.5 105.495732287 2 1 2 8.7570870625 0.326314352327 8.76316466105 1.020783 0.1968810000000012 211.0 0.9223424999999992 504.5 504.5009310823815 0.0984405 105.5 105.499625323 1
2 1 2 2.03855595 0.609240359171 2.12764756868 1.9675472 0.12403090000000017 177.0 1.90553175 500.5 500.5037053552197 0.06201545 88.5 88.4995809191 1 2 2 3.9374371375 1.08320261272 4.08371633589 3.7160692 1.5515988000000003 177.0 2.9402698000000003 500.5 500.50870399838726 0.7757994 88.5 88.5030184404 2 1 2 8.648992575 0.402107203119 8.65833487255 1.3166474 0.4642730000000004 177.0 1.0845109000000006 500.5 500.5011766681558 0.2321365 88.5 88.5002949432 1
2 1 1 2.04430444286 0.827812425074 2.20555073988 2.7007165 0 0 1.8435162999999999 412.0 412.00412443608906 0.0 0.0 0.0 2 1 2 4.61370961429 1.12807420576 4.74961764973 3.3652449 0.26041510000000034 24.0 2.0342628499999997 400.0 400.00517873567134 0.13020755 12.0 12.0005068223 1 2 2 8.26715112857 0.633463733083 8.29138493159 2.123073 0.5831815999999996 24.0 1.1439652000000002 400.0 400.0017687065208 0.2915908 12.0 11.9991130184 1
1 1 1 1.48585993857 0.953090332204 1.76526511844 3.11698236 0 0 2.92178597 807.0 807.0052892226014 0.0 0.0 0.0 1 1 1 4.36034428571 1.40511317059 4.5811510903 3.5319113 0 0 3.5319112999999995 607.0 607.0102753639604 0.0 0.0 0.0 1 1 1 8.45562518571 0.754773472325 8.48924497678 2.23129 0 0 2.2312899999999996 607.0 607.0041010199717 0.0 0.0 0.0 1
1 1 1 0.98205320375 0.445667273198 1.0784469451 1.36456696 0 0 1.36456696 379.0 379.00245651313173 0.0 0.0 0.0 1 2 2 4.303660875 1.23321970374 4.47686584171 3.9842853 1.2059086999999997 245.0 2.81761765 501.5 501.5079228748483 0.60295435 122.5 122.501452305 2 1 1 8.6403344625 0.556444362072 8.65823365081 1.7678523 0 0 1.3531060000000004 624.0 624.0014670622555 0.0 0.0 0.0 1
2 1 2 0.57775135375 0.752893383107 0.94902322052 2.76340744 1.11599276 173.0 2.20541106 501.5 501.50488167790706 0.55799638 86.5 86.5016118412 1 2 2 3.83416225 1.13191667226 3.99775380836 3.8831213 1.1047447 215.0 3.3307489500000003 501.5 501.51108787196836 0.55237235 107.5 107.501291831 2 1 2 8.8876900875 0.544677769276 8.90436460191 1.8255673 0.4366009999999996 2.0 1.6072667999999997 608.0 608.0021626723836 0.2183005 1.0 1.00057352505 1
1 2 2 0.184948185571 0.527914167212 0.559373935118 1.64741468 0.9973767490000001 30.0 1.1487263054999999 400.0 400.00190930080936 0.4986883745 15.0 15.0013605359 1 2 1 3.01795011429 0.773882129593 3.11559247059 2.523803 0 0 2.5238030000000005 415.0 415.00767412372363 0.0 0.0 0.0 2 1 1 9.27659885714 0.308687944751 9.28173338356 0.976791 0 0 0.9767909999999986 415.0 415.00114954136893 0.0 0.0 0.0 1
1 2 2 0.577820475571 0.500707887107 0.764581513117 1.644051091 0.20206521099999997 9.0 0.4546543855 402.5 402.5002682211013 0.1010326055 4.5 4.5001111252 2 1 1 2.85829772857 0.540928159872 2.90903234415 1.7722004 0 0 0.618017 407.0 407.00046921964633 0.0 0.0 0.0 1 1 1 9.33220685714 0.182337478239 9.33398798909 0.618775 0 0 0.1892889999999987 407.0 407.00004401759657 0.0 0.0 0.0 1
1 2 2 1.08774065875 0.572567386293 1.22923274954 1.80265488 0.7531081499999999 197.0 1.0654318049999998 503.5 503.50148060206396 0.376554075 98.5 98.4989135444 2 1 2 3.253381825 0.730760595703 3.33444213437 2.1233228 0.4476073000000005 201.0 1.8995191499999997 503.5 503.5039590753463 0.22380365 100.5 100.498365442 1 1 1 9.136080625 0.269998035675 9.14006937204 0.773956 0 0 0.7739560000000001 403.0 403.00074318528243 0.0 0.0 0.0 1
2 1 2 1.73223034625 0.749387071451 1.88737991812 2.45316193 2.1033302000000003 14.0 1.4014968300000001 396.0 396.0039434925111 1.0516651 7.0 6.99620834647 2 2 3 3.4739386375 0.696862608042 3.54314368204 2.1233228 0.4338365999999998 18.0 1.8340984000000002 401.0 401.00428629644847 0.252295392618 9.09212113132 9.09156798625 1 1 1 8.9444555 0.225911860087 8.94730799515 0.773956 0 0 0.7739560000000001 403.0 403.00074318528243 0.0 0.0 0.0 1
1 1 1 1.76801292857 0.848499363211 1.96107646076 2.9244599 0 0 2.2770549 605.0 605.0042850914509 0.0 0.0 0.0 1 2 2 2.52444252343 1.40538538741 2.88927640444 4.240283636 2.731743236 189.0 2.874412018 505.5 505.50887581285576 1.365871618 94.5 94.5061073378 1 1 1 9.15623457143 0.374191403797 9.16387749447 1.046139 0 0 1.0461390000000002 600.0 600.0009120049797 0.0 0.0 0.0 1
1 2 1 1.76734867143 0.686274937747 1.89591524509 2.4015801 0 0 1.5788026 387.0 387.0032204228406 0.0 0.0 0.0 1 1 1 1.59708273343 1.10295483539 1.94092313767 3.292533636 0 0 3.292533636 593.0 593.0091405515974 0.0 0.0 0.0 1 1 1 9.42142685714 0.213131174386 9.42383727162 0.624303 0 0 0.6243030000000012 593.0 593.0003286291128 0.0 0.0 0.0 1
1 1 1 2.11037654 0.520889458779 2.17370995509 1.6106501 0 0 1.6106501 406.0 406.0031948073126 0.0 0.0 0.0 1 1 1 1.967296154 0.931129530945 2.17652391692 2.36480193 0 0 2.36480193 406.0 406.00688699598203 0.0 0.0 0.0 1 0 0 9.3107035 0.137532854518 9.31171922638 0.391718 1
1 1 1 4.2504513375 3.03123647956 5.22060639844 8.3863991 0 0 8.3863991 401.0 401.0876857868669 0.0 0.0 0.0 1 1 1 2.433127575 1.17017648452 2.69989310921 3.7861014 0 0 3.7861013999999997 601.0 601.0119254755359 0.0 0.0 0.0 2 2 2 7.1903492625 3.15041407985 7.85023766463 9.4496034 0 0 9.050298650000002 401.0 401.10231521241826 0.39930475 0.0 0.00900973916831 2
1 0 0 -5.3623842125 0.451727200197 5.38137732424 1.3915317 1 0 0 5.8576234375 0.306791109459 5.86565197744 0.9249975 0 1 0 -5.726402325 0.116649674476 5.72759030783 0.3823014 1
1 0 0 -6.4060397875 0.70412090084 6.44462039239 1.848634 1 0 0 5.2605467 0.372833624454 5.27374217178 1.011657 0 1 0 -5.155014825 0.500719834724 5.1792758373 1.2548553 1
1 1 1 -7.15887384286 0.181116747126 7.16116456828 0.5532208 0 0 0.5532208000000001 798.0 798.0001917626672 0.0 0.0 0.0 1 1 1 4.88033124286 0.0866022599955 4.88109956787 0.274367 0 0 0.2743669999999998 798.0 798.0000471661958 0.0 0.0 0.0 1 1 1 -4.58580972857 0.182554634824 4.58944191175 0.5401193 0 0 0.5401192999999997 798.0 798.0001827874843 0.0 0.0 0.0 1
1 1 1 -7.21187908571 0.0754456108607 7.2122737044 0.2401174 0 0 0.07998999999999956 405.0 405.0000078992593 0.0 0.0 0.0 1 1 1 4.8603193 0.0372835568993 4.86046229916 0.100551 0 0 0.07903099999999963 405.0 405.00000771098627 0.0 0.0 0.0 1 1 1 -4.53008785714 0.0877794440844 4.53093822781 0.271447 0 0 0.04487899999999989 405.0 405.00000248657363 0.0 0.0 0.0 1
1 0 0 -7.1467569 0.0481005781161 7.14691876639 0.168579 1 0 0 4.8689342875 0.0314058008171 4.86903557394 0.0956511 1 1 1 -4.6237142125 0.0754910195542 4.62433043942 0.238591 0 0 0.04783700000000035 405.0 405.00000282515873 0.0 0.0 0.0 1
1 0 0 -7.2139970125 0.105722108924 7.21477165686 0.3003693 2 1 1 4.7670364 0.108805271156 4.76827795184 0.3102398 0 0 0.09565109999999954 389.0 389.0000117598108 0.0 0.0 0.0 1 1 1 -4.62358935 0.0583492959944 4.62395751687 0.1764894 0 0 0.022261699999999607 389.0 389.0000006369965 0.0 0.0 0.0 1
1 0 0 -7.36195957143 0.1001134956 7.36264024949 0.296741 1 1 1 4.63326195714 0.0876795642268 4.63409150422 0.2632296 0 0 0.26322959999999984 800.0 800.0000433061379 0.0 0.0 0.0 0 1 0 -4.52564717143 0.0750275942713 4.52626904416 0.2118875 1
1 0 0 -7.47207152857 0.0233690308844 7.472108072 0.0574565 2 1 1 4.55581744286 0.0153526964941 4.55584331139 0.0508793 0 0 0.020952000000000304 394.0 394.0000005570892 0.0 0.0 0.0 1 1 1 -4.42508935714 0.0293423435753 4.42518663921 0.0896802 0 0 0.0896802000000001 801.0 801.000005020311 0.0 0.0 0.0 1
2 1 1 -7.5040706625 0.0150503867753 7.50408575524 0.046935 0 0 0.046934999999999505 797.0 797.0000013819913 0.0 0.0 0.0 1 1 1 4.5230441625 0.0286080554727 4.52313463394 0.0874633 0 0 0.04781770000000041 597.0 597.0000019150187 0.0 0.0 0.0 2 2 2 -4.404546 0.0176475947176 4.40458135397 0.0593243 0.03161149999999946 3.0 0.04351855000000038 400.5 400.50000266986706 0.01580575 1.5 1.50000170746 1
1 0 0 -7.548050775 0.0369527410604 7.54814122861 0.0962894 1 1 1 4.4857396 0.0240647964242 4.48580415014 0.0736915 0 0 0.030559000000000225 398.0 398.0000011731815 0.0 0.0 0.0 2 1 2 -4.3670711 0.0469348731894 4.36732330779 0.1456945 0.08637020000000017 396.0 0.1025094000000002 600.0 600.0000088386919 0.0431851 198.0 198.000004461 1
1 0 0 -7.606794 0.0392942932403 7.60689549027 0.1130609 1 0 0 4.44698108571 0.0329467654267 4.44710313193 0.1012047 2 2 2 -4.30435555714 0.0363881728725 4.30450936361 0.103472 0.03799149999999951 7.0 0.05612925000000013 396.5 396.5000044045143 0.01899575 3.5 3.50000265019 1
0 0 0 -7.604664025 0.0272231907797 7.60471275166 0.0716128 0 0 0 4.5047785625 0.0473591291382 4.50502750095 0.1206021 1 2 1 -4.247689925 0.0243046479567 4.24775945822 0.0906153 0 0 0.05652870000000032 600.0 600.0000026629116 0.0 0.0 0.0 2
2 2 2 -4.2359257375 0.0185540794954 4.23596637233 0.0630569 0 0 0.031153949999999764 400.0 400.0000012287547 0.00352635 0.0 2.74649323728e-07 1 0 0 8.122769625 0.0242573008337 8.12280584512 0.081441 1 1 1 -3.49931145 0.0426796130036 3.49957171286 0.1456511 0 0 0.08890010000000004 600.0 600.0000065860231 0.0 0.0 0.0 1
1 0 0 -4.28382445 0.0378409209692 4.28399157956 0.0917038 1 0 0 8.06962975 0.0372450348125 8.06971570098 0.089356 2 1 1 -3.5631243625 0.0404457714939 3.56335390932 0.1016457 0 0 0.0795347999999998 410.0 410.0000077143711 0.0 0.0 0.0 1
1 1 1 -4.33720437143 0.0266925609711 4.33728650799 0.0879586 0 0 0.08795860000000033 994.0 994.0000038917079 0.0 0.0 0.0 1 0 0 8.002643 0.0413714502595 8.00274993876 0.116714 1 0 0 -3.64835327143 0.0619996480231 3.64888004044 0.1657756 1
1 0 0 -4.42086351429 0.0555817492737 4.42121290403 0.163067 1 0 0 7.8990476 0.0576640954026 7.89925807497 0.1672615 1 1 1 -3.77114867143 0.0585057739244 3.77160247476 0.171459 0 0 0.17145900000000003 1000.0 1000.0000146990942 0.0 0.0 0.0 1
1 1 1 -4.4824264 0.0259448019487 4.48250148513 0.073197 0 0 0.07319699999999951 590.0 590.0000045405092 0.0 0.0 0.0 2 1 1 7.830367775 0.0311940055032 7.83042990887 0.0958517 0 0 0.08825640000000057 795.0 795.0000048988629 0.0 0.0 0.0 2 1 1 -3.841955325 0.0362156570423 3.84212601213 0.1218815 0 0 0.07598780000000005 397.0 397.0000072722238 0.0 0.0 0.0 1
1 1 1 -4.4938298625 0.00689131609055 4.49383514643 0.0222626 0 0 0.017864300000000277 800.0 800.0000001994582 0.0 0.0 0.0 1 0 0 7.795188225 0.0134198298482 7.79519977647 0.0417027 1 0 0 -3.8999487 0.0330489266111 3.90008872901 0.0927129 1
1 0 0 -4.49392535714 0.0123553631818 4.49394234171 0.0404339 1 0 0 7.76685161429 0.0246119018964 7.76689060976 0.079422 1 0 0 -3.95587837143 0.0361529543541 3.95604356974 0.1144568 1
1 1 1 -4.51384755714 0.024438169113 4.51391371132 0.0707346 0 0 0.03206359999999986 406.0 406.00000126610155 0.0 0.0 0.0 1 1 1 7.7220614 0.0242415089285 7.72209945003 0.0708424 0 0 0.06299840000000057 801.0 801.0000024774023 0.0 0.0 0.0 1 1 1 -4.02034748571 0.0308816501998 4.02046609017 0.0884485 0 0 0.08844849999999971 607.0 607.0000064440998 0.0 0.0 0.0 1
0 1 0 -4.5397145625 0.027824600432 4.5397998323 0.0886021 0 0 0 7.7020230375 0.00972879788449 7.70202918196 0.0306797 1 1 1 -4.0297697 0.0174283371695 4.0298073877 0.054055 0 0 0.030413500000000315 410.0 410.0000011280256 0.0 0.0 0.0 1
1 1 1 -4.5634894125 0.0139460452702 4.56351072204 0.0444845 0 0 0.029353500000000032 404.0 404.0000010663712 0.0 0.0 0.0 1 1 1 7.69830465 0.00966272864943 7.69831071421 0.029398 0 0 0.016486599999999463 392.0 392.00000034669387 0.0 0.0 0.0 2 2 2 -4.0100556375 0.0148708624384 4.01008321091 0.0450571 0.010114599999999196 18.0 0.035470799999999914 401.0 401.0000016115427 0.0050573 9.0 8.99999951648 1
0 1 0 -4.56574217143 0.0141503807003 4.56576409917 0.0425727 0 0 0 7.6936497 0.00976818454839 7.69365590105 0.029398 1 0 0 -4.01637708571 0.0236283552322 4.01644658795 0.0750936 1
1 1 1 0.62676655 6.24177621906 6.27316560255 17.7896065 0 0 17.789606499999998 783.0 783.2020621138741 0.0 0.0 0.0 0 1 0 4.435293875 1.77223877402 4.77626025566 5.3071856 1 2 2 3.0706123625 4.95746488883 5.83139077791 13.393576 0.24572419999999973 14.0 13.2707139 600.0 600.1468061485525 0.1228621 7.0 6.995570899 2
0 1 0 -0.2434966125 0.088760870649 0.259170006863 0.25675268 1 2 2 1.8929075875 0.0935400814755 1.89521737056 0.3078965 0.25552719999999995 400.0 0.13590820000000003 600.0 600.0000217673391 0.1277636 200.0 200.000021684 2 1 2 9.61826975 0.016054189716 9.61828314829 0.052539 0.04227900000000062 400.0 0.024186499999999 600.0 600.0000006478172 0.0211395 200.0 200.000000636 1
1 1 1 -0.13365107875 0.0427655480162 0.140326415718 0.13786576 0 0 0.13786576 1005.0 1005.0000094562029 0.0 0.0 0.0 1 1 1 2.00830235 0.0545943008356 2.00904426698 0.1460631 0 0 0.008144600000000057 400.0 400.0000000829181 0.0 0.0 0.0 1 1 1 9.597620375 0.0110219566881 9.59762670383 0.030581 0 0 0.0030469999999986896 400.0 400.00000001160527 0.0 0.0 0.0 1
1 1 1 -0.108121133714 0.019782536365 0.109916005662 0.0574994 0 0 0.05749940000000002 414.0 414.0000039929722 0.0 0.0 0.0 1 2 1 2.07449671429 0.0260913514586 2.07466078582 0.0848096 0 0 0.057052400000000336 610.0 610.0000026680134 0.0 0.0 0.0 2 1 1 9.58405228571 0.00572456824858 9.58405399536 0.018363 0 0 0.012817000000000078 610.0 610.000000134652 0.0 0.0 0.0 1
1 2 2 -0.127347502286 0.0208544562663 0.129043770421 0.0588178 0.01996118999999999 210.0 0.048837204999999995 498.0 498.0000023947564 0.009980595 105.0 105.000000474 1 1 1 2.0981255 0.0109643422788 2.09815414842 0.0353342 0 0 0.03533419999999987 393.0 393.00000158842965 0.0 0.0 0.0 1 2 1 9.57869942857 0.00232594582035 9.57869971097 0.007284 0 0 0.00728400000000029 393.0 393.0000000675021 0.0 0.0 0.0 1
1 1 1 -0.114909364375 0.0284625336842 0.118381915193 0.08084867 0 0 0.038753369999999995 405.0 405.0000018541033 0.0 0.0 0.0 1 2 1 2.09753525 0.0098206314993 2.09755823991 0.0327974 0 0 0.01432940000000027 606.0 606.0000001694156 0.0 0.0 0.0 1 1 1 9.578967625 0.00215608562779 9.57896786765 0.0069 0 0 0.006156999999999968 809.0 809.0000000234294 0.0 0.0 0.0 1
1 1 1 -0.101011605625 0.0273847291561 0.104657860966 0.0834957 0 0 0.03481943500000001 600.0 600.0000010103275 0.0 0.0 0.0 1 2 1 2.10499865 0.0132775981162 2.10504052482 0.0412729 0 0 0.03885609999999984 598.0 598.0000012623716 0.0 0.0 0.0 2 1 1 9.5774856875 0.00299702522238 9.57748615642 0.0097545 0 0 0.008266000000000773 598.0 598.0000000571295 0.0 0.0 0.0 1
1 0 0 -0.13988898 0.0415413544609 0.145926731122 0.11453976 1 2 2 2.10996864286 0.00658646580992 2.10997892297 0.0206153 0.013008600000000037 19.0 0.014111000000000207 402.5 402.5000002946905 0.0065043 9.5 9.50000022107 2 1 2 9.57585935714 0.00117507843855 9.57585942924 0.0041685 0.0016169999999995355 19.0 0.0033599999999989194 402.5 402.50000001468527 0.0008085 9.5 9.5000000064 1
2 1 1 -0.193952091429 0.0186876228055 0.19485030412 0.05838773 0 0 0.02137876999999999 402.0 402.0000005684724 0.0 0.0 0.0 0 1 0 2.11862534286 0.0186682831937 2.11870758912 0.0562916 1 0 0 9.57306 0.00451338124755 9.57306106395 0.013564 1
1 1 1 -0.180637393125 0.038629812912 0.184721764393 0.109044925 0 0 0.0395819 597.0 597.0000013121665 0.0 0.0 0.0 1 1 1 2.1256468125 0.0173479557478 2.12571760191 0.0602936 0 0 0.047295399999999876 597.0 597.0000018734128 0.0 0.0 0.0 1 1 1 9.571706625 0.00437926149418 9.5717076268 0.015339 0 0 0.011385999999999896 597.0 597.0000001085771 0.0 0.0 0.0 1
1 1 1 -0.1523057975 0.0320444398913 0.155640297096 0.090658325 0 0 0.090658325 608.0 608.00000675899 0.0 0.0 0.0 1 0 0 2.0985650625 0.0297329790609 2.09877568396 0.0984515 1 2 1 9.5781655 0.00656729360163 9.57816775144 0.021877 0 0 0.011542999999999637 814.0 814.0000000818433 0.0 0.0 0.0 1
2 1 1 -0.168753373571 0.0289428887558 0.171217382007 0.080554735 0 0 0.064078115 584.0 584.0000035154151 0.0 0.0 0.0 1 1 1 2.07618555714 0.0192735919915 2.07627501527 0.0566201 0 0 0.0527886999999998 584.0 584.0000023858278 0.0 0.0 0.0 1 1 1 9.582804 0.00399383650141 9.58280483226 0.012548 0 0 0.010382999999999143 400.0 400.00000013475835 0.0 0.0 0.0 1
1 1 1 1.04168489729 0.587418336591 1.1958962026 1.865121499 0 0 1.561401999 404.0 404.00301728601295 0.0 0.0 0.0 1 1 1 1.49602964429 1.00860753447 1.8042710038 3.08489183 0 0 0.73369563 404.0 404.000666223804 0.0 0.0 0.0 1 0 0 9.56193764286 0.2327423176 9.56476975532 0.693342 2
1 0 0 0.37465145625 0.162820835197 0.408502555738 0.50955298 1 1 1 2.499652725 0.0719469275416 2.50068792655 0.2090757 0 0 0.07852529999999991 600.0 600.0000051385189 0.0 0.0 0.0 1 1 1 9.4736210625 0.0240024489707 9.47365146886 0.064838 0 0 0.015070500000000209 400.0 400.00000028389996 0.0 0.0 0.0 1
1 1 1 0.148674193 0.0927469329439 0.175231302097 0.26613197 0 0 0.26613197 1202.0 1202.000029461824 0.0 0.0 0.0 1 1 1 2.440755425 0.0368957502504 2.44103427691 0.1174967 0 0 0.11749670000000023 600.0 600.0000115045619 0.0 0.0 0.0 1 1 1 9.496363625 0.0105323746365 9.4963694657 0.034561 0 0 0.034561000000000064 600.0 600.0000009953856 0.0 0.0 0.0 1
2 1 2 0.0765374855714 0.0135226459468 0.0777228965685 0.042414315 0.008613454000000006 22.0 0.032111897 401.0 401.000001300398 0.004306727 11.0 11.0000003092 1 1 1 2.46297714286 0.0312685933507 2.46317561923 0.0903893 0 0 0.0903893 802.0 802.0000050936568 0.0 0.0 0.0 1 1 1 9.49194621429 0.00813455085184 9.49194969992 0.0233945 0 0 0.02339449999999843 802.0 802.0000003412111 0.0 0.0 0.0 1
1 0 0 0.0692718504286 0.024156489743 0.073362969259 0.073975869 0 1 0 2.5281393 0.0378330975355 2.52842236651 0.0932788 1 0 0 9.47480792857 0.00998901802134 9.47481319414 0.024596 1
1 0 0 0.009693594075 0.0522365879525 0.0531284000042 0.141886503 0 1 0 2.589300425 0.038738262902 2.58959018841 0.1291673 1 0 0 9.458407875 0.0104985755038 9.45841370156 0.035072 1
1 2 1 -0.046543885425 0.0211042183302 0.051105002708 0.0748746896 0 0 0.056444442600000005 596.0 596.0000026727979 0.0 0.0 0.0 2 1 1 2.6243359 0.0105656433968 2.62435716869 0.0382144 0 0 0.03821439999999976 596.0 596.0000012251178 0.0 0.0 0.0 1 2 1 9.4488366875 0.00300549233631 9.44883716549 0.010812 0 0 0.0108119999999996 596.0 596.0000000980699 0.0 0.0 0.0 1
0 1 0 -0.0285601032857 0.0345041817778 0.0447908256214 0.096641489 1 0 0 2.61382591429 0.0153388316778 2.61387092067 0.0390899 0 1 0 9.4517745 0.00432826625633 9.45177549102 0.011109 1
1 2 2 -0.00730401928571 0.0173012585363 0.0187798361193 0.054015705 0.015452147000000003 12.0 0.030069490500000004 400.0 400.0000012138181 0.0077260735 6.0 5.99999940099 2 1 2 2.60166611429 0.00619414082764 2.60167348789 0.0166352 0.00269610000000009 183.0 0.015287150000000027 497.5 497.50000023709947 0.00134805 91.5 91.4999999978 1 2 2 9.4552275 0.00171120026798 9.45522765485 0.0045735 0.0007595000000009122 183.0 0.004193749999998886 497.5 497.5000000178354 0.00037975 91.5 91.4999999999 1
1 1 1 -0.02794292 0.0148519811836 0.0316447171453 0.048585702 0 0 0.019988508999999998 401.0 401.00000049818016 0.0 0.0 0.0 2 2 2 2.61633457143 0.0137896325569 2.61637091094 0.0379294 0.022338200000000086 12.0 0.019600000000000062 395.0 395.00000063591665 0.0111691 6.0 6.00000054455 2 2 2 9.45113607143 0.00385267184125 9.45113685668 0.010567 0.006187499999999346 12.0 0.005432250000000138 395.0 395.0000000488341 0.00309375 6.0 6.00000004181 1
1 1 1 -0.0348861381429 0.0086559894986 0.0359439673481 0.027559016 0 0 0.021511599000000003 602.0 602.0000003843429 0.0 0.0 0.0 1 1 1 2.64139407143 0.0124503695783 2.64142341405 0.0357592 0 0 0.024258000000000113 602.0 602.0000004887463 0.0 0.0 0.0 1 1 1 9.44414985714 0.00347736470122 9.44415049733 0.009964 0 0 0.0067080000000014905 602.0 602.0000000373732 0.0 0.0 0.0 1
1 1 1 -0.0198136512429 0.0156361797696 0.0252402633378 0.0456750833 0 0 0.0326925753 590.0 590.0000009057665 0.0 0.0 0.0 1 1 1 2.64548911429 0.00915929762754 2.64550497005 0.025962 0 0 0.025962000000000263 390.0 390.0000008641352 0.0 0.0 0.0 1 1 1 9.44304221429 0.00258461486295 9.443042568 0.007288 0 0 0.007288000000000849 390.0 390.0000000680961 0.0 0.0 0.0 1
2 1 2 4.22042774375 3.42871369778 5.43765463794 10.166055 3.4758329999999997 204.0 8.4281385 500.0 500.0710288334391 1.7379165 102.0 102.014802817 2 1 1 3.818727725 1.8281544099 4.23377254752 4.8040436 0 0 4.3656747 599.0 599.0159089002447 0.0 0.0 0.0 1 1 1 6.34562022875 2.9000993825 6.97692428767 9.29411557 0 0 8.49860857 401.0 401.09004767960283 0.0 0.0 0.0 2
1 0 0 -0.339715448125 0.153137806882 0.37263624836 0.513971655 1 1 1 2.8119457 0.0511172730953 2.81241028219 0.1725936 0 0 0.10425320000000005 400.0 400.0000135859119 0.0 0.0 0.0 1 1 1 9.3873165 0.0129136867315 9.38732538237 0.043123 0 0 0.026663999999998467 400.0 400.0000008887111 0.0 0.0 0.0 1
1 1 1 -0.45867689125 0.033395834607 0.459891043983 0.09182006 0 0 0.09182005999999998 825.0 825.0000051096506 0.0 0.0 0.0 0 1 0 2.836625675 0.0639010514931 2.83734533754 0.1840424 1 0 0 9.37592525 0.0196231928197 9.375945785 0.056218 1
0 1 0 -0.41456748 0.0620101756635 0.419179504937 0.16013283 1 1 1 2.9046161 0.0254007769665 2.90472716238 0.0736654 0 0 0.07366539999999988 578.0 578.000004694283 0.0 0.0 0.0 1 1 1 9.35720057143 0.00590092830124 9.35720243208 0.018772 0 0 0.018772000000000233 578.0 578.0000003048339 0.0 0.0 0.0 1
1 1 1 -0.319472848571 0.0301634593114 0.320893651 0.09334092 0 0 0.09334092000000005 1001.0 1001.0000043519118 0.0 0.0 0.0 0 0 0 2.96020378571 0.0392721367841 2.96046428009 0.1108604 0 0 0 9.343604 0.011462255101 9.34361103065 0.031975 1
1 2 1 -0.282594145 0.0211251033538 0.283382640223 0.05946322 0 0 0.05581314000000004 403.0 403.00000386489654 0.0 0.0 0.0 1 0 0 2.96708335 0.0410923476588 2.9673678887 0.1137617 0 1 0 9.34262475 0.013167935504 9.34263402975 0.036054 1
1 2 1 -0.2638421725 0.00825780879311 0.263971368515 0.02899042 0 0 0.012317679999999998 411.0 411.0000001845806 0.0 0.0 0.0 1 1 1 2.980121925 0.0576187305201 2.9806788834 0.1658902 0 0 0.11245170000000027 602.0 602.0000105028112 0.0 0.0 0.0 1 1 1 9.33894675 0.0182323632982 9.33896454744 0.052542 0 0 0.035527000000000086 602.0 602.000001048312 0.0 0.0 0.0 1
1 1 1 -0.266686021429 0.0179257643308 0.267287798173 0.05972417 0 0 0.023109059999999987 602.0 602.0000004435453 0.0 0.0 0.0 1 1 1 3.00849771429 0.0406337015143 3.00877210745 0.114268 0 0 0.11426800000000004 602.0 602.0000108448303 0.0 0.0 0.0 1 1 1 9.32984828571 0.0126610610897 9.32985687655 0.036212 0 0 0.0362120000000008 602.0 602.0000010891271 0.0 0.0 0.0 1
2 1 2 -0.22997153 0.0481999768139 0.234968385906 0.13190866 0.08260125000000001 211.0 0.090608035 506.5 506.5000086235236 0.041300625 105.5 105.500005592 1 1 1 2.95270698571 0.044936153821 2.95304889926 0.1269455 0 0 0.12694550000000016 818.0 818.0000098503422 0.0 0.0 0.0 1 1 1 9.34850014286 0.0148414780591 9.34851192386 0.042184 0 0 0.042184000000000665 818.0 818.0000010877077 0.0 0.0 0.0 1
1 2 2 -0.20465249 0.0294193143412 0.206756227765 0.07909304 0.005627409999999999 191.0 0.076279335 491.5 491.5000060715937 0.002813705 95.5 95.4999992569 1 2 2 2.9218153625 0.0151034718214 2.92185439873 0.039234 0.004146500000000053 2.0 0.037160749999999965 391.0 391.0000017718962 0.00207325 1.0 0.999999798426 2 1 2 9.3589735 0.0043505724336 9.35897451119 0.012359 0.0030859999999997 2.0 0.010816000000000159 391.0 391.000000152753 0.001543 1.0 0.999999956926 1
1 1 1 -0.18621906875 0.0328556648641 0.189095310042 0.10458428 0 0 0.04824916000000001 402.0 402.0000028954993 0.0 0.0 0.0 0 1 0 2.999498175 0.0851030145508 3.00070522126 0.2276536 1 0 0 9.334327375 0.0269965737777 9.33436641442 0.07155 1
1 1 1 -0.138134187857 0.024757695531 0.140335303267 0.06524613 0 0 0.05867546999999999 387.0 387.0000044480759 0.0 0.0 0.0 1 1 1 3.08825574286 0.0444525603413 3.08857565286 0.1338816 0 0 0.13388160000000005 613.0 613.0000146201327 0.0 0.0 0.0 1 1 1 9.30651285714 0.0144983767311 9.30652415046 0.043893 0 0 0.04389299999999885 613.0 613.0000015714481 0.0 0.0 0.0 1
2 2 2 0.12799277875 0.783950559563 0.794330303621 2.4778104 0.62107362 12.0 0.7330833 400.0 400.0008010211326 0.31053681 6.0 5.99941886247 1 1 1 1.836873325 0.608486630436 1.93503477786 2.1674381 0 0 2.1674381 406.0 406.00578541187974 0.0 0.0 0.0 2 1 1 9.579822 0.148581927118 9.58097417493 0.525626 0 0 0.5256260000000008 406.0 406.000340249478 0.0 0.0 0.0 2
2 1 2 -0.34219282625 0.0537132308773 0.346382796207 0.16006792 0 0 0.13050915000000002 600.0 600.0000149219657 0.02955877 0.0 6.42948310769e-06 1 1 1 2.3739866875 0.026169542534 2.37413092254 0.0741652 0 0 0.027628700000000173 400.0 400.00000095418136 0.0 0.0 0.0 1 0 0 9.508620875 0.00619585255307 9.50862289362 0.018826 1
1 2 2 -0.3636090675 0.0293737953757 0.364793604416 0.0875837 0.010964379999999996 5.0 0.08210150999999999 402.5 402.5000084180931 0.00548219 2.5 2.49999882946 0 1 0 2.4568421375 0.0814907720338 2.45819324597 0.2507775 1 0 0 9.486525375 0.020928630957 9.48654846075 0.062752 1
1 1 1 -0.375484462857 0.0406812750541 0.377681807858 0.1228433 0 0 0.06196708000000001 609.0 609.0000031526429 0.0 0.0 0.0 1 1 1 2.51635871429 0.0605738176576 2.51708767554 0.1652629 0 0 0.14979450000000005 609.0 609.0000184223251 0.0 0.0 0.0 1 1 1 9.47057542857 0.0148216808846 9.47058702671 0.038907 0 0 0.03764600000000051 609.0 609.0000011635643 0.0 0.0 0.0 1
1 1 1 -0.5015154 0.111604798645 0.513783346867 0.2951303 0 0 0.2951303 596.0 596.0000730720542 0.0 0.0 0.0 1 1 1 2.43753595714 0.0789658775921 2.43881470231 0.2356702 0 0 0.12918839999999987 400.0 400.0000208620528 0.0 0.0 0.0 1 1 1 9.48463871429 0.0151280561938 9.48465077895 0.048022 0 0 0.030242000000001212 400.0 400.0000011432232 0.0 0.0 0.0 1
1 1 1 -0.66261266625 0.0978235540466 0.669794739604 0.3090412 0 0 0.2132227 602.0 602.0000377607296 0.0 0.0 0.0 2 1 2 2.3662005125 0.0535595493282 2.36680660188 0.1969667 0.030709700000000062 4.0 0.13443044999999998 404.0 404.00002263283136 0.01535485 2.0 2.00000499726 1 2 2 9.4931495625 0.0101866190338 9.49315502787 0.0295805 0.015126500000000931 4.0 0.0220172500000011 404.0 404.000000668721 0.00756325 2.0 2.00000040887 1
1 2 1 -0.6575380525 0.102972783834 0.66555216527 0.31871137 0 0 0.18366537000000005 405.0 405.00004164563757 0.0 0.0 0.0 1 2 2 2.346063375 0.0495218055289 2.34658598154 0.1518508 0.03071679999999999 194.0 0.13442690000000002 503.0 503.0000197222579 0.0153584 97.0 96.9999920922 2 1 2 9.498464375 0.011759949699 9.49847165493 0.0364855 0.006904999999999717 194.0 0.03303300000000142 503.0 503.00000109346 0.0034525 97.0 97.0000000159 1
1 1 1 -0.567185592857 0.0447091725754 0.56894499458 0.14547167 0 0 0.14547167 596.0 596.0000177533611 0.0 0.0 0.0 0 1 0 2.41341961429 0.0883455159147 2.4150360587 0.2421972 1 0 0 9.48756207143 0.0213495282391 9.48758609245 0.059484 1
2 1 2 -0.518813415714 0.035469937983 0.520024496371 0.09776984 0.05004074000000003 199.0 0.07274946999999998 499.5 499.5000054133334 0.02502037 99.5 99.5000025657 1 1 1 2.52432537143 0.0265900025465 2.52446541055 0.0816215 0 0 0.08162150000000024 796.0 796.0000041847169 0.0 0.0 0.0 1 1 1 9.46187014286 0.00683802192427 9.46187261375 0.019584 0 0 0.019584000000000046 796.0 796.0000002409128 0.0 0.0 0.0 1
1 2 2 -0.53597673875 0.0481619514345 0.538136263457 0.1214081 0.07393092000000001 397.0 0.08444264000000001 601.5 601.5000060045413 0.03696546 198.5 198.500003208 1 1 1 2.4851568375 0.0564591153665 2.48579808888 0.1550205 0 0 0.1550205 802.0 802.0000149821416 0.0 0.0 0.0 1 1 1 9.4710845 0.01255640479 9.4710928234 0.03459 0 0 0.03458999999999968 802.0 802.0000007459278 0.0 0.0 0.0 1
2 1 2 -0.55788249625 0.0307460301445 0.558729091771 0.08562196 0.026118499999999933 397.0 0.07256271000000003 599.5 599.5000045041119 0.01305925 198.5 198.500000089 0 1 0 2.556557575 0.145680075229 2.56070484801 0.3954756 1 0 0 9.4498411875 0.0387317187699 9.44992056131 0.105289 1
1 1 1 -0.545934921429 0.021444703598 0.546355940526 0.07084824 0 0 0.04716779999999998 399.0 399.00000278797165 0.0 0.0 0.0 1 1 1 2.64144858571 0.127568180252 2.64452723026 0.3829348 0 0 0.26005559999999983 602.0 602.0000561701926 0.0 0.0 0.0 1 1 1 9.42746985714 0.0342340191651 9.42753201402 0.1026885 0 0 0.07197350000000036 602.0 602.0000043024789 0.0 0.0 0.0 1
1 2 2 -1.22313578429 2.28875809722 2.59508666029 7.743306 3.4466617 22.0 6.0199751500000005 408.0 408.04739694937973 1.72333085 11.0 11.0241468087 1 2 1 -0.828500294286 2.20701021265 2.35739407321 7.1745597 0 0 2.22955983 397.0 397.0062605766256 0.0 0.0 0.0 1 1 1 9.14224007143 0.545939165715 9.15852625133 1.53672 0 0 1.5367200000000008 616.0 616.0019168057502 0.0 0.0 0.0 2
1 2 1 -0.380181153375 0.179954634071 0.420620232163 0.567467993 0 0 0.22482636999999994 400.0 400.0000631836158 0.0 0.0 0.0 2 2 2 2.7866625 0.377668248408 2.81213818913 1.2307017 0.33656390000000047 200.0 0.7526352499999999 500.0 500.0006723332276 0.16828195 100.0 99.999612224 2 2 2 9.3847970625 0.104536308597 9.38537925414 0.3349225 0 0 0.20618825000000118 400.0 400.00005359420174 0.01902025 0.0 9.80437883413e-06 1
1 2 2 -0.2120567885 0.295132532525 0.363416143427 0.94027552 0.07537442000000005 209.0 0.9025883100000001 506.5 506.50082695733573 0.03768721 104.5 104.499896543 1 2 2 2.5548375 0.50646955503 2.60455486822 1.2388516 1.1157279 413.0 0.6809876499999998 606.5 606.5004814157344 0.55786395 206.5 206.500462466 1 1 1 9.4464025 0.141738801866 9.447465802 0.338828 0 0 0.33882800000000124 1013.0 1013.0000566655531 0.0 0.0 0.0 1
2 1 2 -0.00658590442857 0.317279432016 0.317347777867 0.8649011 0.00507692000000004 186.0 0.86236264 495.0 495.0007795341704 0.00253846 93.0 92.9998491199 2 1 2 2.15600878571 0.209949011165 2.1662069318 0.6613042 0.47604199999999963 37.0 0.3983797 420.5 420.50024663288445 0.238021 18.5 18.5002146492 1 2 2 9.559018 0.0490142907849 9.55914366065 0.157614 0.115120000000001 37.0 0.08459000000000039 420.5 420.50001196155415 0.05756 18.5 18.5000110528 1
2 1 2 3.3594533325 4.20194715657 5.37980358376 10.891222 7.747806259999999 408.0 7.0173188699999995 598.0 598.0432438145288 3.87390313 204.0 204.030704595 1 0 0 1.69397642125 2.68183913199 3.17203676612 9.191661 1 1 1 6.7466527 3.41305770221 7.56083894373 10.6679061 0 0 10.6679061 996.0 996.0571289943957 0.0 0.0 0.0 2
1 1 1 0.38100603875 0.795129053157 0.881700523272 2.31141864 0 0 2.31141864 1001.0 1001.002668655848 0.0 0.0 0.0 2 1 2 1.4310185125 0.367638782261 1.47748849652 1.1657709 0.45622699999999994 199.0 0.4703913999999999 500.5 500.50023989050936 0.2281135 99.5 99.5001667003 1 2 2 9.6540829375 0.0932603714984 9.65453338391 0.280853 0.1915250000000004 199.0 0.1561754999999989 500.5 500.50002872237354 0.0957625 99.5 99.5000241716 1
1 1 1 0.14371153125 0.517014074267 0.536615837638 1.40563029 0 0 1.40563029 400.0 400.0024697380157 0.0 0.0 0.0 2 1 2 1.331965375 0.278919632398 1.36085558438 0.8357256 0.12618170000000006 251.0 0.77263475 525.5 525.5005828745641 0.06309085 125.5 125.499953559 1 1 1 9.6968670625 0.0356583685431 9.69693262568 0.098209 0 0 0.09820900000000066 851.0 851.000005666867 0.0 0.0 0.0 1
1 1 1 0.16098883 0.379214674265 0.411972295868 0.8509414 0 0 0.8309919400000001 797.0 797.0004332166981 0.0 0.0 0.0 1 2 2 1.57607312857 0.230921136436 1.59290020964 0.8159954 0.36960309999999996 89.0 0.30391275000000006 398.5 398.5001448058579 0.18480155 44.5 44.500124767 2 1 2 9.66758292857 0.0342621612491 9.66764364137 0.119314 0.037656000000000134 89.0 0.049112000000000045 398.5 398.50000325256195 0.018828 44.5 44.5000019572 1
1 2 2 0.082911305 5.99726779941 5.99784089005 17.930668 9.619286039999999 1.0 13.121024979999998 600.5 600.6624909421664 4.80964302 0.5 0.604927811691 2 2 2 4.5020912375 2.57182608707 5.18489295289 7.2418634 0.3910813000000002 3.0 3.82960805 402.5 402.518272772453 0.19554065 1.5 1.49807150816 2 1 1 2.9467577 4.9628412928 5.77175663381 16.269002 0 0 9.788160600000001 600.0 600.0798347619518 0.0 0.0 0.0 2
1 2 2 -0.0450996615 0.167961896963 0.173911409341 0.51729644 0.297169185 200.0 0.2727591675 500.0 500.0000836081372 0.1485845925 100.0 100.000064334 1 1 1 2.9233871125 0.15510525046 2.92749890662 0.4097689 0 0 0.4097689 600.0 600.0001399254432 0.0 0.0 0.0 1 1 1 9.35774425 0.0501643141679 9.35787870764 0.134617 0 0 0.13461700000000043 600.0 600.000015101447 0.0 0.0 0.0 1
2 1 2 0.0158591475 0.269853170608 0.270318786337 0.84947204 0.43490516999999995 419.0 0.632019455 609.5 609.5003276854267 0.217452585 209.5 209.500112853 1 2 2 3.086243475 0.149731697429 3.08987351977 0.5496771 0.15378689999999962 6.0 0.23639005000000002 403.0 403.00007700609535 0.07689345 3.0 2.99995432292 2 1 2 9.3030790625 0.0521248475804 9.30322508826 0.187553 0.04898350000000029 6.0 0.08154325000000018 403.0 403.00000903137067 0.02449175 3.0 2.99999497709 1
1 2 2 0.207119217143 0.193686316499 0.283571435989 0.68406526 0.31141677 186.0 0.5283568750000001 506.0 506.0003412174583 0.155708385 93.0 92.9997746981 1 1 1 3.29530951429 0.198945807188 3.30130947188 0.5166974 0 0 0.5166974 1012.0 1012.0001319052301 0.0 0.0 0.0 1 1 1 9.22965121429 0.0697914119429 9.2299150797 0.1813535 0 0 0.18135350000000017 1012.0 1012.0000162495512 0.0 0.0 0.0 1
1 1 1 0.373746682857 0.171563730145 0.41124286796 0.52544032 0 0 0.52544032 597.0 597.0002312290422 0.0 0.0 0.0 2 1 2 3.5467648 0.115833123544 3.54865578199 0.3474055 0.2692547000000003 8.0 0.2127781500000001 394.0 394.0000797257468 0.13462735 4.0 4.00007189556 1 2 2 9.13268678571 0.0483581493102 9.13281481453 0.144355 0.12290699999999966 8.0 0.0829014999999993 394.0 394.000013384308 0.0614535 4.0 4.00001279454 1
1 1 1 0.40121022125 0.174944823633 0.437693195002 0.59170444 0 0 0.59170444 796.0 796.0002199209146 0.0 0.0 0.0 2 2 2 3.7000128125 0.19607780741 3.70520462582 0.5953727 0.02186980000000016 7.0 0.35834040000000034 401.5 401.50015998609604 0.0109349 3.5 3.50000836479 2 2 2 9.0688773125 0.0757289369763 9.06919349121 0.236008 0.008189000000001556 7.0 0.1484494999999999 401.5 401.50002745342 0.0040945 3.5 3.50000127457 1
1 2 2 0.4135742475 0.201423036773 0.460016193126 0.70138825 0.22137289 220.0 0.590701805 500.0 500.0003493186365 0.110686445 110.0 110.000053915 1 1 1 3.3356607375 0.511146498834 3.37459676094 1.3425045 0 0 1.3425045000000004 796.0 796.0011321087003 0.0 0.0 0.0 1 1 1 9.194444 0.181853813598 9.19624223684 0.482006 0 0 0.48200600000000016 1000.0 1000.0001161648853 0.0 0.0 0.0 1
2 1 2 0.629920817143 0.213108864927 0.664992950474 0.58470102 0.10468565999999996 217.0 0.5323581900000001 498.5 498.5002885069774 0.05234283 108.5 108.499993104 1 1 1 2.76739414286 0.193383679666 2.77414267648 0.5917346 0 0 0.1945916000000003 404.0 404.0000468637235 0.0 0.0 0.0 1 1 1 9.38235114286 0.0615693570848 9.38255315752 0.185807 0 0 0.1858070000000005 390.0 390.00004426184523 0.0 0.0 0.0 1
1 1 1 0.672614412857 0.1725266034 0.69438863561 0.50487467 0 0 0.50487467 790.0 790.0001613281053 0.0 0.0 0.0 1 1 1 2.40183028571 0.253012598812 2.41511989279 0.7510092 0 0 0.4653201 802.0 802.0001349892626 0.0 0.0 0.0 1 1 1 9.47895571429 0.0693426166133 9.47920934635 0.201913 0 0 0.13098299999999874 595.0 595.0000144172657 0.0 0.0 0.0 1
2 2 2 0.23831808125 0.380602403601 0.449058679326 1.04359955 0.36858263 7.0 0.584211635 399.5 399.5004720671733 0.184291315 3.5 3.49972636487 0 1 0 2.3070076375 0.255376280528 2.32109915431 0.8497227 1 0 0 9.5172178125 0.0616481223132 9.51741747438 0.195957 1
1 1 1 -0.18634824425 0.220173711432 0.288447796561 0.67729189 0 0 0.313898296 600.0 600.0000821101113 0.0 0.0 0.0 1 2 2 2.5695886375 0.280257534272 2.58482689004 0.8486967 0.5363742999999999 390.0 0.5805095499999997 600.0 600.0002867181225 0.26818715 195.0 195.000166292 2 1 2 9.4551818125 0.0734326793243 9.45546696181 0.2179775 0.13912950000000102 390.0 0.14841274999999943 600.0 600.0000187792277 0.06956475 195.0 195.000011104 1
1 1 1 -0.185916064857 0.227921909136 0.294131228937 0.6438054 0 0 0.563631566 607.0 607.0002616807856 0.0 0.0 0.0 2 1 2 2.89994248571 0.194080893033 2.90642973655 0.5464719 0.2341495 3.0 0.4293971499999998 403.5 403.50024592917225 0.11707475 1.5 1.49987449708 1 2 2 9.36126842857 0.0564923478304 9.36143888391 0.158044 0.07919600000000138 3.0 0.11844599999999961 403.5 403.5000193711817 0.039598 1.5 1.49998830414 1
1 2 2 -0.000378842142857 0.173241896563 0.173242310785 0.55933738 0.15578616 202.0 0.4814443 496.0 496.00023408452535 0.07789308 101.0 101.000027941 0 0 0 3.01938481429 0.11526694173 3.02158420776 0.320571 0 0 0 9.327865 0.0365972558144 9.32793679317 0.099034 1
1 1 1 0.195433945625 0.198667342488 0.278681072328 0.6880427 0 0 0.40355122 395.0 395.00020614372744 0.0 0.0 0.0 1 1 1 3.0414464 0.169667348377 3.04617517769 0.4738539 0 0 0.4153530999999999 401.0 401.00021510991445 0.0 0.0 0.0 1 1 1 9.317222 0.054029761743 9.31737865563 0.155213 0 0 0.14050299999999893 401.0 401.0000246148284 0.0 0.0 0.0 1
1 2 2 0.293548456875 0.138127870387 0.324422571828 0.486507815 0.145608485 209.0 0.4137035725 497.5 497.50019882694744 0.0728042425 104.5 104.499897695 1 1 1 2.923362225 0.239660403282 2.93316958382 0.7032166 0 0 0.7032165999999997 995.0 995.0002484992586 0.0 0.0 0.0 1 1 1 9.3517880625 0.0755787909264 9.35209346187 0.225352 0 0 0.2253519999999991 995.0 995.0000255193585 0.0 0.0 0.0 1
1 1 1 0.249834642143 0.109185330121 0.272651397811 0.353516085 0 0 0.256102815 612.0 612.0000535854975 0.0 0.0 0.0 1 1 1 2.5953345 0.18479325159 2.60190501608 0.5979514 0 0 0.2992110000000001 406.0 406.0001102551852 0.0 0.0 0.0 1 1 1 9.451117 0.0502389093255 9.4512505255 0.159653 0 0 0.08093449999999969 406.0 406.00000806698677 0.0 0.0 0.0 1
1 1 1 -0.0314396935714 0.27382765784 0.275626632476 0.68380426 0 0 0.68380426 1002.0 1002.0002333274509 0.0 0.0 0.0 0 1 0 2.52653745714 0.165486639227 2.531951293 0.5629311 1 0 0 9.47004364286 0.0437496890297 9.47014469968 0.14716 1
2 1 2 -0.054933517375 0.251774589944 0.257697759929 0.64381455 0.58314237 8.0 0.3522433650000001 400.0 400.0002639552531 0.291571185 4.0 3.99974060058 1 2 2 2.6424013875 0.234342142856 2.65277238612 0.6884272 0.11092609999999992 400.0 0.6329641500000001 600.0 600.0004004283733 0.05546305 200.0 199.999808014 2 1 2 9.437281125 0.0671110938751 9.43751974468 0.198435 0.03187799999999896 400.0 0.18249600000000044 600.0 600.0000332794149 0.015939 200.0 199.999984059 1
2 1 2 0.093090638875 0.153753271577 0.179738519986 0.43115811 0 0 0.384205045 598.0 598.0001252659617 0.046953065 0.0 3.01665563143e-05 2 1 2 2.751820475 0.261490463401 2.76421655973 0.7407222 0.05229499999999998 396.0 0.7145747 598.0 598.0004685280338 0.0261475 198.0 197.999876113 1 2 2 9.406987 0.0760556955116 9.40729445096 0.212989 0.0145540000000004 396.0 0.20571200000000012 598.0 598.0000388578651 0.007277 198.0 197.999989637 1
2 2 2 0.0943658107143 0.153333102835 0.18004429082 0.44970086 0.007378174999999987 6.0 0.3052935925 399.0 399.0001168420809 0.0036890875 3.0 2.9999962988 1 1 1 2.66462922857 0.267801330654 2.67805274004 0.8472476 0 0 0.5023051999999999 396.0 396.00031857375313 0.0 0.0 0.0 1 1 1 9.43188185714 0.0748783413916 9.4321790766 0.238009 0 0 0.15147000000000155 396.0 396.00002896863646 0.0 0.0 0.0 1
1 1 1 -0.0556000195714 0.289421057438 0.294713268559 0.98645063 0 0 0.687782383 411.0 411.0005754796535 0.0 0.0 0.0 1 1 1 2.40651827143 0.275327086495 2.42221700004 0.851656 0 0 0.6742572 593.0 593.0003833243043 0.0 0.0 0.0 1 1 1 9.49796128571 0.0715786142178 9.49823099756 0.220176 0 0 0.16928300000000007 593.0 593.0000241625072 0.0 0.0 0.0 1
2 1 2 -0.036388274375 0.266140364597 0.268616455527 0.94090107 0.25311868699999995 384.0 0.8143417265 603.0 603.0005661343279 0.1265593435 192.0 191.999990655 1 2 2 2.367247075 0.285749684814 2.38443108444 0.851656 0.037078000000000166 6.0 0.8331170000000001 603.0 603.0005756971809 0.018539 3.0 3.00002274967 2 1 2 9.508279125 0.0731473368542 9.50856048263 0.220176 0.012247000000000341 6.0 0.2140525000000002 603.0 603.0000380133176 0.0061235 3.0 3.00000198459 1
1 1 1 0.154801200125 0.117150213927 0.194132903402 0.355692833 0 0 0.315067973 404.0 404.00012285620363 0.0 0.0 0.0 2 1 2 2.522980725 0.261345495098 2.53648047628 0.7803804 0.14868680000000012 398.0 0.7060369999999998 603.0 603.0004367644201 0.0743434 199.0 198.999942907 1 2 2 9.470712125 0.0676943939194 9.47095405361 0.203065 0.049573999999999785 398.0 0.17827799999999883 603.0 603.0000274328156 0.024787 199.0 198.999998275 1
1 0 0 -0.010228687 0.330383272715 0.330541575188 1.09073017 1 1 1 2.65091748571 0.135971272689 2.65440232502 0.3953213 0 0 0.3953213 401.0 401.00019486146164 0.0 0.0 0.0 1 1 1 9.43471642857 0.0374924279435 9.43479092348 0.116053 0 0 0.11605299999999907 401.0 401.00001679338965 0.0 0.0 0.0 1
2 1 2 -0.529485482571 0.344578949325 0.631735331109 0.964640396 0.669723156 200.0 0.6297788180000001 496.0 496.00044523238563 0.334861578 100.0 100.000335414 1 1 1 2.6706753 0.114167660532 2.67311444064 0.3451777 0 0 0.3451776999999998 602.0 602.0000989598295 0.0 0.0 0.0 1 1 1 9.41404557143 0.0387584062434 9.41412535688 0.134614 0 0 0.1346140000000009 602.0 602.0000150506053 0.0 0.0 0.0 1
1 1 1 -0.683121148 0.146922364421 0.698742215708 0.38883827 0 0 0.2949172400000001 396.0 396.00010981839193 0.0 0.0 0.0 1 0 0 2.6812934 0.115900778685 2.68379717702 0.3283498 0 1 0 9.4062634 0.0398277589106 9.40634771846 0.117946 1
1 1 1 0.5006123075 1.50335061295 1.58451120156 4.0132154 0 0 1.52848468 787.0 787.0014842841258 0.0 0.0 0.0 2 2 3 2.1046634325 0.662097589247 2.20635024005 2.43861834 1.77528439 17.0 1.2550954133333334 397.3333333333333 397.3362218559157 0.871314593043 8.17856276426 8.18094869497 2 2 2 9.4219334375 0.137470149026 9.42293625907 0.438719 0.23172450000000033 15.0 0.16033725000000043 393.5 393.5000488410515 0.11586225 7.5 7.50004627884 2
1 1 1 -0.94137543375 0.514730617003 1.07290974241 1.55425337 0 0 1.3897653 600.0 600.0016095374987 0.0 0.0 0.0 1 1 1 3.0857837875 0.224326770763 3.09392696799 0.7059029 0 0 0.7059028999999999 601.0 601.0004145580136 0.0 0.0 0.0 1 1 1 9.243154 0.104742595729 9.24374744782 0.33152 0 0 0.25853599999999943 601.0 601.0000556080367 0.0 0.0 0.0 1
1 2 1 -0.97216071625 0.538546975065 1.111363713 1.66403213 0 0 0.88206236 400.0 400.00097254132635 0.0 0.0 0.0 0 1 0 3.2622890375 0.323141281126 3.27825411641 1.0214448 1 0 0 9.174840875 0.102980279232 9.17541879259 0.287825 1
1 1 1 -0.527747607143 0.344042896482 0.629986548638 0.92122993 0 0 0.92122993 608.0 608.0006979145534 0.0 0.0 0.0 1 1 1 3.34126825714 0.337052882342 3.35822545576 0.9724436 0 0 0.7422411000000002 608.0 608.0004530605636 0.0 0.0 0.0 1 1 1 9.19151857143 0.108690284126 9.19216118368 0.310554 0 0 0.2206159999999997 608.0 608.000040025837 0.0 0.0 0.0 1
1 1 1 -0.699519112857 0.287438824604 0.756272482074 0.75835582 0 0 0.75835582 395.0 395.00072797850606 0.0 0.0 0.0 1 1 1 3.3298364 0.348027377414 3.34797453787 0.912987 0 0 0.7218049999999998 408.0 408.0006384829049 0.0 0.0 0.0 1 1 1 9.18556885714 0.121778092085 9.18637606094 0.311748 0 0 0.21183900000000122 408.0 408.00005499480255 0.0 0.0 0.0 1
2 1 1 -0.79194516625 0.188834780985 0.814147235367 0.5916754 0 0 0.2991879700000001 608.0 608.000073613023 0.0 0.0 0.0 1 1 1 3.421644 0.298865467741 3.43467148801 0.8230297 0 0 0.8230296999999998 608.0 608.0005570539282 0.0 0.0 0.0 2 1 2 9.148763 0.103514078779 9.14934858854 0.273907 0.049718999999999625 18.0 0.24904749999999964 599.0 599.0000521458314 0.0248595 9.0 9.00000955239 1
2 1 2 -0.62316357375 0.289722082858 0.687220288513 0.78410494 0.1514953400000001 209.0 0.7083572699999999 500.5 500.5005535136612 0.07574767 104.5 104.499777226 2 1 2 3.564635225 0.299041134419 3.57715667638 0.8649806 0.2341932 4.0 0.747884 595.0 595.0004810584619 0.1170966 2.0 2.0001455672 1 2 2 9.104492875 0.101347830256 9.10505694071 0.284237 0.06849200000000089 416.0 0.24999100000000052 595.0 595.0000552211732 0.034246 208.0 207.999995084 1
2 1 1 -0.411463692857 0.3801841444 0.560216345881 1.23141215 0 0 0.78410494 396.0 396.00077628782105 0.0 0.0 0.0 1 1 1 3.48594644286 0.471374424196 3.51767202142 1.436621 0 0 0.6208052 396.0 396.0004866147217 0.0 0.0 0.0 1 1 1 9.13551885714 0.157559816119 9.13687746907 0.476564 0 0 0.19218500000000027 396.0 396.000046635192 0.0 0.0 0.0 1
2 1 2 -0.484148597143 0.434329351372 0.650416673817 1.23961405 0.33967879 206.0 0.967741485 504.0 504.0009298978017 0.169839395 103.0 103.000136073 1 1 1 3.11273195714 0.40248981746 3.13864593259 1.2318947 0 0 1.2318946999999998 404.0 404.0018781695846 0.0 0.0 0.0 1 1 1 9.26717021429 0.125722278581 9.26802297536 0.386075 0 0 0.38607499999999995 404.0 404.00018447261334 0.0 0.0 0.0 1
2 2 2 -0.68688677625 0.313639761652 0.755104855948 0.89993526 0.15531599000000007 2.0 0.720244095 402.0 402.00065306392423 0.077657995 1.0 0.999859239591 1 2 2 3.0303879875 0.262701162271 3.0417533193 0.7579989 0.16836399999999996 18.0 0.6738169 600.0 600.0003857679324 0.084182 9.0 8.99989967479 2 1 2 9.2919174375 0.0906052483605 9.29235917173 0.2537645 0.016484000000000165 18.0 0.24552250000000075 600.0 600.000050352941 0.008242 9.0 8.99999587205 1
1 1 1 -0.5499732425 0.333124192325 0.64299478612 1.14740921 0 0 0.39596345 407.0 407.00019261304254 0.0 0.0 0.0 2 1 2 3.12285785 0.243323486716 3.13232301503 0.6685205 0.171713 190.0 0.5826640000000001 498.0 498.0003415272902 0.0858565 95.0 95.000035302 1 2 2 9.2702591875 0.0882519544011 9.27067925294 0.222349 0.022984000000001004 190.0 0.21085700000000074 498.0 498.00004549935693 0.011492 95.0 94.9999961862 1
1 1 1 -0.191313186086 0.467929439343 0.505528135097 1.47538174 0 0 1.47538174 788.0 788.0013811861492 0.0 0.0 0.0 1 0 0 2.90339684286 0.446643830257 2.9375506699 1.1132162 0 1 0 9.34160907143 0.141280794113 9.34267736284 0.346158 1
2 2 2 -0.175686098943 0.405636410888 0.442048077928 1.24504784 0.8611407799999999 15.0 0.78831195 397.5 397.5009991185559 0.43057039 7.5 7.50083504292 2 1 2 2.64632074286 0.220455612702 2.65548755434 0.6133208 0.3787994000000001 1.0 0.4239211000000003 404.5 404.5002667244222 0.1893997 0.5 0.499801177161 1 2 2 9.42973278571 0.0591874906401 9.42991853459 0.1584175 0.08602750000000015 1.0 0.11540375000000047 404.5 404.50001876452745 0.04301375 0.5 0.499987704994 1
2 2 3 -0.53651805125 0.261013085671 0.596640134594 0.74948956 0.27604883000000013 18.0 0.33405866666666667 399.0 396.00017116154754 0.160804816374 9.0 8.48539294357 1 1 1 2.465516275 0.375539715654 2.49395280234 0.9556553 0 0 0.9556553000000001 801.0 801.0005700853479 0.0 0.0 0.0 1 2 2 9.4650221875 0.0892352151269 9.46544282818 0.2383735 0.11352650000000075 185.0 0.18161024999999942 500.5 500.5000335059983 0.05676325 92.5 92.5000144046 1
2 1 2 -0.468021067875 0.38272785317 0.604586081189 1.19574447 0.6776532500000001 384.0 0.8569178450000001 600.0 600.0006157990887 0.338826625 192.0 192.000286855 1 1 1 2.2333648875 0.254110117756 2.24777460451 0.7472062 0 0 0.5673713 395.0 395.0004074810456 0.0 0.0 0.0 2 2 2 9.526181375 0.0651571960645 9.52640420356 0.19356 0.010217999999998284 13.0 0.1197379999999999 401.5 401.5000178670525 0.005109 6.5 6.50000123438 1
1 2 2 -0.135071871143 0.298781624841 0.327894601536 0.90942187 0.4083041399999999 31.0 0.7052698 407.5 407.5006758688801 0.20415207 15.5 15.499620962 1 1 1 2.47582652857 0.31974035412 2.49638756879 0.9992185 0 0 0.7472062000000002 420.0 420.0006646626947 0.0 0.0 0.0 1 1 1 9.47754785714 0.0837570093842 9.47791794758 0.259515 0 0 0.1935600000000015 420.0 420.00004460175194 0.0 0.0 0.0 1
1 1 1 0.206497157857 0.238988077331 0.315842329825 0.77916231 0 0 0.479131695 588.0 588.0001952101557 0.0 0.0 0.0 1 2 2 2.55747681429 0.309481026802 2.57613395645 0.8970025 0.17729479999999986 195.0 0.8083550999999998 490.5 490.50067160038583 0.0886474 97.5 97.5000125944 2 1 2 9.45663185714 0.079248151707 9.45696390768 0.222867 0.027529999999998722 195.0 0.20910199999999968 490.5 490.50004539067777 0.013765 97.5 97.4999968455 1
2 2 2 0.20674845125 0.349677003558 0.406225219443 1.1461826 0.13278246999999999 12.0 0.340036385 397.0 397.0001503493707 0.066391235 6.0 6.00005459277 2 1 2 2.3394485 0.564625174634 2.40662021765 1.6825556 0.022572100000000095 12.0 0.8203942499999999 397.0 397.0008476665562 0.01128605 6.0 6.00001051134 1 2 2 9.49725325 0.125407576278 9.49808119332 0.348686 0.0040919999999999845 12.0 0.20115399999999894 397.0 397.0000509621128 0.002046 6.0 6.00000026647 1
2 1 2 -0.01549742375 0.410700274452 0.410992561463 1.22267626 0.26111123999999997 193.0 1.01562698 496.5 496.5011513315144 0.13055562 96.5 96.4995091667 1 1 1 2.083404375 0.663049292833 2.18636871421 1.6825556 0 0 1.6825556000000002 601.0 601.0023552311148 0.0 0.0 0.0 1 1 1 9.549881875 0.144981447326 9.55098232888 0.351693 0 0 0.35169299999999915 796.0 796.0000776934423 0.0 0.0 0.0 1
1 2 2 -0.556501981429 0.661151297003 0.864184871924 1.86724636 1.2081741999999998 217.0 1.26315926 506.5 506.50169016658236 0.6040871 108.5 108.501144468 1 2 1 2.48286708571 0.797024405723 2.60765735261 2.4559487 0 0 1.3353983000000003 598.0 598.0014910421374 0.0 0.0 0.0 1 0 0 9.41105357143 0.236142810482 9.41401576115 0.699645 1
1 0 0 -0.999366267143 0.295294166705 1.04208040995 0.97704294 1 2 2 3.00016567143 0.424193085004 3.0300055824 1.2412722 0.08671380000000006 180.0 1.1979153 501.0 501.0014625863564 0.0433569 90.0 89.9998409289 2 1 2 9.26711657143 0.155144316545 9.2684151454 0.440195 0.06664199999999987 180.0 0.40687400000000107 501.0 501.00016684713614 0.033321 90.0 89.9999970882 1
2 1 2 -0.68396495 0.235073708983 0.72323419546 0.76515367 0.008056940000000012 8.0 0.40846243 405.0 405.0002059771782 0.00402847 4.0 4.00000202857 2 1 2 3.147612575 0.385633702049 3.17114778502 1.1857862 0.2311546 212.0 1.0702089 500.0 500.0011583179568 0.1155773 106.0 106.00000182 1 2 2 9.250634875 0.129967533914 9.25154782458 0.380366 0.03187600000000046 212.0 0.3644280000000002 500.0 500.00013674493175 0.015938 106.0 105.999982627 1
1 1 1 -0.76191911375 0.328224319797 0.829609510555 0.90883417 0 0 0.90883417 605.0 605.000682627341 0.0 0.0 0.0 1 1 1 2.99354815 0.465053897388 3.02945632975 1.2992384 0 0 1.2992384000000001 610.0 610.001383621726 0.0 0.0 0.0 1 1 1 9.28900875 0.137278179981 9.29002308158 0.425204 0 0 0.4252040000000008 610.0 610.0001481954259 0.0 0.0 0.0 1
1 1 1 -0.802452524286 0.365856720409 0.881919040276 1.08386587 0 0 0.83749042 384.0 384.00091326740824 0.0 0.0 0.0 1 1 1 2.83428748571 0.339756877911 2.85457882844 0.9183169 0 0 0.9183169000000002 991.0 991.0004254822138 0.0 0.0 0.0 1 1 1 9.33996842857 0.0947535187976 9.34044905109 0.283502 0 0 0.28350200000000036 991.0 991.0000405516561 0.0 0.0 0.0 1
1 2 2 -0.461650797143 0.228994342858 0.515325011584 0.68757883 0.19280630000000004 198.0 0.5911756800000001 503.0 503.00034781577256 0.09640315 99.0 99.0000448458 1 1 1 2.86248677143 0.287348781127 2.87687327469 0.7702153 0 0 0.7702153000000003 593.0 593.0005001950743 0.0 0.0 0.0 1 1 1 9.36054171429 0.0932019323983 9.36100570372 0.244473 0 0 0.24447299999999927 593.0 593.0000503937986 0.0 0.0 0.0 1
1 1 1 -0.3254338816 0.219845651353 0.392733143129 0.606323482 0 0 0.49477253000000004 404.0 404.00030297000575 0.0 0.0 0.0 0 1 0 2.67035616 0.130234468389 2.67353007053 0.3236821 1 0 0 9.4269422 0.0338429122943 9.42700294817 0.079366 1
1 2 2 2.940334644 1.91781993667 3.51049870078 6.303344798 2.0728005979999997 4.0 5.266944499000001 598.0 598.0240618559085 1.036400299 2.0 2.00904736028 2 1 1 1.708832505 1.4017751649 2.21022219315 4.364883 0 0 2.4940016 395.0 395.0078733949246 0.0 0.0 0.0 2 1 2 8.841953625 0.884058191772 8.88603976995 2.910459 0.37269299999999994 201.0 2.7241124999999995 495.5 495.50806261261056 0.1863465 100.5 100.497340262 2
