1492574309805 MAGNETIC_FIELD 12.098694 -22.311401 -38.397217

1492574309850 ACCELEROMETER -6.948059 6.8768005 6.5719757

1492574309875 GYROSCOPE 0.5885925 2.1715088 1.3078156

1492574309949 GRAVITY -5.728777 5.9974008 5.2328467

1492574309950 LINEAR_ACCELERATION 0.17602968 0.36301613 0.06895876

1492574309954 ROTATION_VECTOR 0.47450486 0.089689545 -0.47672105

1492574310001 MAGNETIC_FIELD 25.102234 -31.37207 -22.105408

1492574310045 ACCELEROMETER -6.1756134 6.8406067 0.4937439

1492574310070 GYROSCOPE 0.21713257 4.485977 1.3895874

1492574310149 GRAVITY -6.30854 7.2017083 2.1232316

1492574310150 LINEAR_ACCELERATION 0.06300497 -0.5696573 0.008921862

1492574310154 ROTATION_VECTOR 0.6117475 0.1323264 -0.3782506

1492574310247 MAGNETIC_FIELD 25.009155 -39.845276 -0.1083374

1492574310331 ACCELEROMETER -0.40478516 6.0310516 0.659317

1492574310332 GYROSCOPE -0.8628082 3.1917877 1.8335724

1492574310349 GRAVITY -3.683423 8.840592 -2.1087217

1492574310350 LINEAR_ACCELERATION 3.0144174 -3.8835154 0.7159488

1492574310354 ROTATION_VECTOR 0.74584794 0.2263311 -0.06263946

1492574310397 MAGNETIC_FIELD 12.162781 -43.90869 -3.9855957

1492574310462 ACCELEROMETER 1.6269684 8.361389 2.2377167

1492574310462 GYROSCOPE -1.2579498 1.3352051 0.93208313

1492574310549 GRAVITY 0.43241903 9.769985 0.72855

1492574310550 LINEAR_ACCELERATION 0.44295773 0.2527914 1.5985487

1492574310554 ROTATION_VECTOR 0.61933374 0.28156707 0.33252752

1492574310592 MAGNETIC_FIELD 9.27887 -42.495728 -13.819885

1492574310658 ACCELEROMETER 2.443283 9.209732 3.7938385

1492574310659 GYROSCOPE -1.6636658 0.03630066 0.3324585

1492574310749 GRAVITY 1.5176214 9.067028 3.4141188

1492574310750 LINEAR_ACCELERATION 1.4132527 1.9162483 -0.22508812

1492574310754 ROTATION_VECTOR 0.51213866 0.25227436 0.47940502

1492574310788 MAGNETIC_FIELD 1.5701294 -32.173157 -32.351685

1492574310852 ACCELEROMETER 3.1541748 6.265381 6.191574

1492574310853 GYROSCOPE -2.4620209 -0.3199005 0.4103546

1492574310949 GRAVITY 2.5848944 7.3676605 5.9334884

1492574310950 LINEAR_ACCELERATION 1.1021857 0.6608715 -2.5311637

1492574310954 ROTATION_VECTOR 0.43486437 0.09148363 0.46424574

1492574311048 MAGNETIC_FIELD 5.0079346 -23.918152 -37.37793

1492574311113 ACCELEROMETER 2.0440674 4.5314484 7.0434723

1492574311113 GYROSCOPE 0.29960632 0.8941345 0.0023040771

1492574311149 GRAVITY 2.5224845 5.362796 7.8133144

1492574311150 LINEAR_ACCELERATION 0.21725011 -0.15420723 -2.2539487

1492574311154 ROTATION_VECTOR 0.3181793 0.019843385 0.45602873

1492574311243 MAGNETIC_FIELD 7.006836 -26.234436 -35.498047

1492574311308 ACCELEROMETER 2.617859 5.941498 7.828293

1492574311309 GYROSCOPE 0.20568848 -0.21522522 0.45825195

1492574311349 GRAVITY 1.6445007 5.5834584 7.8924646

1492574311350 LINEAR_ACCELERATION -0.3270483 1.9781995 1.3133225

1492574311354 ROTATION_VECTOR 0.29652205 0.09834108 0.5415954

1492574311438 MAGNETIC_FIELD 2.430725 -25.900269 -35.95581

1492574311504 ACCELEROMETER 3.8676147 4.60791 7.8447876

1492574311504 GYROSCOPE -0.11116028 0.04272461 0.22189331

1492574311549 GRAVITY 2.8713543 5.3743544 7.683881

1492574311550 LINEAR_ACCELERATION 0.89625525 0.6452818 -0.16175461

1492574311554 ROTATION_VECTOR 0.32510015 0.050408233 0.56736714

1492574311634 MAGNETIC_FIELD 4.185486 -27.6474 -34.892273

1492574311699 ACCELEROMETER 3.4486847 7.734497 6.913803

1492574311700 GYROSCOPE 0.5243683 -0.2712555 -0.36775208

1492574311749 GRAVITY 2.8249738 5.269268 7.773334

1492574311750 LINEAR_ACCELERATION 0.858263 0.6517749 -0.6703706

1492574311754 ROTATION_VECTOR 0.3155289 0.0641232 0.60455096

1492574311829 MAGNETIC_FIELD 7.095337 -30.792236 -33.798218

1492574311894 ACCELEROMETER 1.9508362 6.6276093 6.091568

1492574311895 GYROSCOPE -0.3219452 0.8030853 0.23123169

1492574311949 GRAVITY 2.4108505 6.384056 7.0428696

1492574311950 LINEAR_ACCELERATION 2.4608817 -1.228055 1.0197225

1492574311954 ROTATION_VECTOR 0.35701054 0.11600455 0.5793798

1492574312024 MAGNETIC_FIELD 9.654236 -21.968079 -38.923645

1492574312089 ACCELEROMETER 2.056305 2.5996857 11.2789

1492574312090 GYROSCOPE -1.3687439 0.15144348 0.29840088

1492574312149 GRAVITY 2.0235457 4.648216 8.394626

1492574312150 LINEAR_ACCELERATION 0.3179381 0.5912256 -2.7633667

1492574312154 ROTATION_VECTOR 0.25650185 0.07874016 0.6267912

1492574312219 MAGNETIC_FIELD 10.984802 -22.888184 -39.131165

1492574312285 ACCELEROMETER 1.9793243 2.8833313 9.099777

1492574312286 GYROSCOPE -0.23583984 0.2922058 0.10586548

1492574312349 GRAVITY 1.9828111 3.0924063 9.092628

1492574312350 LINEAR_ACCELERATION 0.7917682 0.25201726 0.56897163

1492574312354 ROTATION_VECTOR 0.15605038 0.042912655 0.6845045

1492574312415 MAGNETIC_FIELD 11.280823 -20.379639 -39.126587

1492574312487 ACCELEROMETER 0.98661804 3.0475311 9.018188

1492574312491 GYROSCOPE -0.017227173 0.18455505 0.008850098

1492574312553 GRAVITY 1.4967725 2.7516894 9.292914

1492574312554 LINEAR_ACCELERATION -0.11663115 -0.07554388 -0.14440155

1492574312616 MAGNETIC_FIELD 12.39624 -20.19806 -38.493347

1492574312681 ACCELEROMETER 0.8798523 3.5186768 9.089676

1492574312682 GYROSCOPE 0.021774292 -0.010147095 -0.06538391

1492574312750 GRAVITY 1.1710333 2.859008 9.307262

1492574312751 LINEAR_ACCELERATION -0.3365307 1.0198517 0.14294815

1492574312754 ROTATION_VECTOR 0.14743665 0.06102543 0.6951025

1492574312812 MAGNETIC_FIELD 12.098694 -19.589233 -38.372803

1492574312877 ACCELEROMETER 1.3539429 3.3131409 8.782608

1492574312883 GYROSCOPE 0.011169434 0.019638062 0.10290527

1492574312963 GRAVITY 1.2376393 2.9757001 9.261957

1492574312969 LINEAR_ACCELERATION -0.100794315 0.54175305 -0.6181135

1492574312972 ROTATION_VECTOR 0.15262866 0.066903815 0.7122998

1492574313015 MAGNETIC_FIELD 12.661743 -22.129822 -39.312744

1492574313077 ACCELEROMETER 0.94311523 3.1311798 8.897812

1492574313087 GYROSCOPE -0.014724731 0.016647339 -0.01852417

1492574313154 GRAVITY 1.2646114 2.9624474 9.262562

1492574313155 LINEAR_ACCELERATION -0.4297607 0.16734362 -0.18554497

1492574313156 ROTATION_VECTOR 0.15284167 0.06618314 0.71559954

1492574313275 MAGNETIC_FIELD 12.319946 -21.5271 -38.94806

1492574313338 ACCELEROMETER 1.1882019 3.377777 8.879974

1492574313346 GYROSCOPE 0.0037078857 -0.045562744 -0.027359009

1492574313359 GRAVITY 1.2160188 3.0852711 9.22891

1492574313365 LINEAR_ACCELERATION -0.16185308 0.2974074 -0.20501518

1492574313368 ROTATION_VECTOR 0.15477353 0.07417333 0.72186893

1492574313467 MAGNETIC_FIELD 13.064575 -19.599915 -38.934326

1492574313536 ACCELEROMETER 1.3277283 3.2631683 8.916351

1492574313542 GYROSCOPE -0.02368164 -0.0043792725 -0.0064849854

1492574313560 GRAVITY 1.2889332 3.1796036 9.186902

1492574313567 LINEAR_ACCELERATION 0.11338818 0.20268273 -0.08552742

1492574313569 ROTATION_VECTOR 0.1604039 0.0766092 0.72664434

1492574313665 MAGNETIC_FIELD 12.733459 -19.830322 -40.28015

1492574313731 ACCELEROMETER 1.1470795 3.296524 9.013367

1492574313736 GYROSCOPE -0.019378662 0.009475708 0.018981934

1492574313760 GRAVITY 1.2873638 3.1854792 9.185086

1492574313766 LINEAR_ACCELERATION -0.0631994 0.15747046 -0.057058334

1492574313769 ROTATION_VECTOR 0.15982367 0.07840502 0.7328427

1492574313864 MAGNETIC_FIELD 12.660217 -19.804382 -39.704895

1492574313914 ACCELEROMETER 1.1830292 3.252243 8.98967

1492574313915 GYROSCOPE -0.005569458 3.0517578E-5 0.008590698

1492574313950 GRAVITY 1.2477593 3.2004478 9.1853485

1492574313951 LINEAR_ACCELERATION -0.050895095 0.113333225 0.14626408

1492574313955 ROTATION_VECTOR 0.15794224 0.082047805 0.7398391

1492574314046 MAGNETIC_FIELD 12.832642 -20.55664 -39.03656

1492574314111 ACCELEROMETER 1.1511841 3.2226868 8.951447

1492574314113 GYROSCOPE -0.017440796 0.010437012 0.0029144287

1492574314151 GRAVITY 1.2331234 3.223964 9.179099

1492574314152 LINEAR_ACCELERATION -0.039280534 0.03596902 -0.068344116

1492574314154 ROTATION_VECTOR 0.1572416 0.08527194 0.7470493

1492574314250 MAGNETIC_FIELD 13.705444 -19.781494 -40.065002

1492574314313 ACCELEROMETER 1.1656494 3.2388 8.951904

1492574314318 GYROSCOPE -0.023162842 -0.0055389404 0.01423645

1492574314358 GRAVITY 1.2118037 3.231218 9.179387

1492574314362 LINEAR_ACCELERATION -0.008166909 0.094970465 -0.03720665

1492574314365 ROTATION_VECTOR 0.15559235 0.08816196 0.75473595

1492574314443 MAGNETIC_FIELD 13.963318 -20.263672 -38.86261

1492574314511 ACCELEROMETER 1.125412 3.1728973 9.038788

1492574314524 GYROSCOPE -0.03353882 0.0024871826 0.007247925

1492574314551 GRAVITY 1.2247162 3.1916676 9.191503

1492574314555 LINEAR_ACCELERATION -0.08237147 0.0060584545 0.060564995

1492574314558 ROTATION_VECTOR 0.1542613 0.08698997 0.75846714

1492574314633 MAGNETIC_FIELD 13.812256 -19.720459 -39.89563

1492574314700 ACCELEROMETER 1.1469727 3.1156616 9.068954

1492574314703 GYROSCOPE -0.024291992 0.009002686 0.0055389404

1492574314753 GRAVITY 1.1904895 3.157382 9.207827

1492574314769 LINEAR_ACCELERATION -0.051956415 0.032944918 -0.07532692

1492574314769 ROTATION_VECTOR 0.15103778 0.0878585 0.763516

1492574314831 MAGNETIC_FIELD 13.609314 -19.322205 -39.73236

1492574314891 ACCELEROMETER 1.0915375 3.0602112 8.989456

1492574314893 GYROSCOPE -0.017288208 0.018341064 0.0053710938

1492574314951 GRAVITY 1.1689574 3.1293695 9.2201395

1492574314952 LINEAR_ACCELERATION -0.0016562939 0.06047964 -0.039299965

1492574314956 ROTATION_VECTOR 0.14538543 0.09009472 0.7748568

1492574315026 MAGNETIC_FIELD 13.623047 -18.702698 -40.423584

1492574315092 ACCELEROMETER 1.0723572 3.0743408 9.047577

1492574315097 GYROSCOPE -0.012283325 0.013900757 0.010345459

1492574315155 GRAVITY 1.1341394 3.1045108 9.232883

1492574315161 LINEAR_ACCELERATION -0.02169478 -0.054729223 -0.16378021

1492574315164 ROTATION_VECTOR 0.14344278 0.09131133 0.77728015

1492574315222 MAGNETIC_FIELD 14.456177 -19.3573 -40.470886

1492574315361 GRAVITY 1.101958 3.0962267 9.239559

1492574315367 LINEAR_ACCELERATION 0.032921433 0.04426408 0.0309515

1492574315372 GYROSCOPE -0.017562866 0.035308838 0.010116577

1492574315474 MAGNETIC_FIELD 13.433838 -19.110107 -39.50653

1492574315562 ACCELEROMETER 1.1017609 3.1157837 9.009964

1492574315568 ACCELEROMETER 1.0018463 3.0845795 9.048569

1492574315571 GYROSCOPE -0.01826477 3.5095215E-4 -0.021759033

1492574315574 GRAVITY 1.0731188 3.0938566 9.243747

1492574315576 LINEAR_ACCELERATION 0.016266823 0.06178832 -0.022769928

1492574315579 ROTATION_VECTOR 0.14234492 0.09185862 0.7762441

1492574315688 MAGNETIC_FIELD 12.661743 -18.267822 -39.196777

1492574315758 ACCELEROMETER 1.0001221 2.929428 9.067062

1492574315764 GYROSCOPE -0.029312134 0.011108398 0.023147583

1492574315767 GRAVITY 1.0546817 3.061555 9.256615

1492574315769 LINEAR_ACCELERATION -0.094387054 0.078645945 -0.0011663437

1492574315772 ROTATION_VECTOR 0.1402303 0.09153943 0.77840674

1492574315892 MAGNETIC_FIELD 13.937378 -19.940186 -39.134216

1492574315941 ACCELEROMETER 0.9679718 3.0564728 9.08606

1492574315943 GYROSCOPE -0.0063171387 -0.0021514893 0.010925293

1492574315954 GRAVITY 1.0343804 3.0210009 9.272217

1492574315956 LINEAR_ACCELERATION -0.0594095 0.06360555 -0.0020523071

1492574315957 ROTATION_VECTOR 0.13753736 0.09127983 0.7821782

1492574316075 MAGNETIC_FIELD 13.262939 -18.87207 -39.93225

1492574316144 ACCELEROMETER 0.9803009 2.8864288 9.059387

1492574316156 GYROSCOPE -0.020950317 -0.007446289 0.0066986084

1492574316159 GRAVITY 1.0364592 3.001109 9.278442

1492574316162 LINEAR_ACCELERATION -0.075665474 -0.054810286 -0.08615303

1492574316164 ROTATION_VECTOR 0.13647868 0.09113008 0.7855726

1492574316274 MAGNETIC_FIELD 13.574219 -18.67981 -39.331055

1492574316337 ACCELEROMETER 1.0084991 2.9636078 9.079178

1492574316343 GYROSCOPE -0.004257202 0.0035552979 0.0044403076

1492574316360 GRAVITY 1.0478479 3.0028296 9.276607

1492574316366 LINEAR_ACCELERATION -0.031838298 0.20837116 -0.034758568

1492574316369 ROTATION_VECTOR 0.13686681 0.09106158 0.78645885

1492574316467 MAGNETIC_FIELD 12.721252 -19.177246 -39.11438

1492574316534 ACCELEROMETER 0.9931183 2.9382324 9.076279

1492574316543 GYROSCOPE 0.005859375 -3.2043457E-4 1.0681152E-4

1492574316560 GRAVITY 1.033865 2.989663 9.282426

1492574316567 LINEAR_ACCELERATION 0.019885778 -0.01928997 -0.0027618408

1492574316570 ROTATION_VECTOR 0.13526385 0.09182429 0.79044044

1492574316664 MAGNETIC_FIELD 13.371277 -17.900085 -39.128113

1492574316732 ACCELEROMETER 1.0158081 2.9817047 9.027206

1492574316738 GYROSCOPE -0.005264282 0.009094238 0.0074920654

1492574316761 GRAVITY 1.0308796 3.0075781 9.276969

1492574316767 LINEAR_ACCELERATION -0.016250491 0.007951975 -0.010926247

1492574316770 ROTATION_VECTOR 0.13526636 0.09332335 0.7931571

1492574316862 MAGNETIC_FIELD 13.786316 -18.348694 -39.952087

1492574316925 ACCELEROMETER 0.9551697 2.92247 9.054947

1492574316934 GYROSCOPE -5.645752E-4 0.014694214 0.0019683838

1492574316961 GRAVITY 1.0105114 3.006833 9.279451

1492574316967 LINEAR_ACCELERATION -0.049760878 0.06488228 -0.0015306473

1492574316970 ROTATION_VECTOR 0.13468486 0.09348619 0.7913478

1492574317055 MAGNETIC_FIELD 13.197327 -19.773865 -38.996887

1492574317123 ACCELEROMETER 0.93348694 3.002716 9.074158

1492574317131 GYROSCOPE 0.007217407 0.0032348633 0.009857178

1492574317161 GRAVITY 0.990761 3.0149753 9.278938

1492574317167 LINEAR_ACCELERATION -0.007994235 -0.030421972 0.006175995

1492574317172 ROTATION_VECTOR 0.13394535 0.09468074 0.7924177

1492574317252 MAGNETIC_FIELD 13.465881 -18.313599 -39.660645

1492574317316 ACCELEROMETER 0.9334564 3.007553 8.989685

1492574317327 GYROSCOPE -0.006729126 -0.007507324 0.015151978

1492574317361 GRAVITY 0.9852329 3.026379 9.275814

1492574317367 LINEAR_ACCELERATION -0.055635154 0.018252134 0.01239872

1492574317372 ROTATION_VECTOR 0.13357167 0.09604011 0.7954494

1492574317448 MAGNETIC_FIELD 13.8671875 -18.765259 -39.952087

1492574317526 GYROSCOPE -6.713867E-4 -0.005142212 0.012649536

1492574317550 GRAVITY 0.9935453 3.0428178 9.269547

1492574317555 LINEAR_ACCELERATION -0.066722214 0.121953964 0.021056175

1492574317556 ROTATION_VECTOR 0.13457596 0.09630117 0.7945118

1492574317637 MAGNETIC_FIELD 14.610291 -20.149231 -40.92102

1492574317710 ACCELEROMETER 0.9802246 2.9884186 9.120132

1492574317713 ACCELEROMETER 0.9618225 2.9902802 9.133987

1492574317715 GYROSCOPE -0.0066986084 -0.0028381348 0.010314941

1492574317753 GRAVITY 1.0097065 3.0238245 9.274015

1492574317757 LINEAR_ACCELERATION -0.002812922 0.008223057 0.042865753

1492574317761 ROTATION_VECTOR 0.1341059 0.09577269 0.7979344

1492574317911 MAGNETIC_FIELD 14.335632 -18.539429 -40.312195

1492574317960 GRAVITY 1.0075418 3.0180986 9.276116

1492574317964 LINEAR_ACCELERATION 0.0038752556 0.05848074 0.11282158

1492574317967 ROTATION_VECTOR 0.13396814 0.0954057 0.79716325

1492574318035 ACCELEROMETER 0.9373169 3.0129242 9.015579

1492574318041 GYROSCOPE -0.018295288 -3.8146973E-4 0.00982666

1492574318104 MAGNETIC_FIELD 12.857056 -18.852234 -40.270996

1492574318151 GRAVITY 1.0170462 2.993189 9.283148

1492574318152 LINEAR_ACCELERATION 0.022301674 0.004286766 0.03888893

1492574318158 ROTATION_VECTOR 0.13368875 0.09390705 0.79665124

1492574318227 ACCELEROMETER 0.9926758 2.9684143 9.084518

1492574318239 GYROSCOPE -0.015792847 -0.007888794 0.008666992

1492574318305 MAGNETIC_FIELD 15.171814 -19.25354 -40.182495

1492574318363 GRAVITY 1.0274115 2.9964006 9.28097

1492574318369 LINEAR_ACCELERATION 0.0057771206 0.024838686 -0.0019073486

1492574318372 ROTATION_VECTOR 0.13437812 0.09351347 0.7956646

1492574318431 ACCELEROMETER 1.0192871 2.959076 9.055649

1492574318437 GYROSCOPE -0.0095825195 -0.0028533936 0.003326416

1492574318500 MAGNETIC_FIELD 12.65564 -17.861938 -39.474487

1492574318562 GRAVITY 1.0566694 2.9828963 9.282035

1492574318588 LINEAR_ACCELERATION -0.044179082 0.033694983 -0.035079956

1492574318592 ROTATION_VECTOR 0.13514005 0.09211467 0.7959484

1492574318619 ACCELEROMETER 1.0164642 2.9558868 9.084824

1492574318619 GYROSCOPE -0.0056762695 -0.013381958 0.004638672

1492574318689 MAGNETIC_FIELD 14.0563965 -18.869019 -39.897156

1492574318755 GRAVITY 1.0456198 2.996248 9.278985

1492574318756 LINEAR_ACCELERATION -0.044757724 0.024419785 0.008028984

1492574318756 ROTATION_VECTOR 0.13509859 0.09301507 0.7958798

1492574318814 ACCELEROMETER 0.9996643 2.933197 9.060257

1492574318815 GYROSCOPE 0.0051574707 5.187988E-4 0.0053253174

1492574318885 MAGNETIC_FIELD 13.519287 -18.756104 -39.094543

1492574318957 GRAVITY 1.0359058 3.0238073 9.2711315

1492574318957 LINEAR_ACCELERATION 0.011110425 0.010246992 0.006775856

1492574318957 ROTATION_VECTOR 0.13533746 0.09480313 0.7971022

1492574319014 ACCELEROMETER 1.0066833 2.9960632 9.031372

1492574319025 GYROSCOPE 0.00793457 0.00932312 0.0058288574

1492574319083 MAGNETIC_FIELD 12.852478 -19.586182 -40.177917

1492574319163 GRAVITY 1.0098548 3.0605159 9.261956

1492574319169 LINEAR_ACCELERATION -0.106271625 -0.016194582 -0.041357994

1492574319172 ROTATION_VECTOR 0.13543864 0.097098194 0.7966741

1492574319212 ACCELEROMETER 0.94384766 3.0168 9.03215

1492574319218 GYROSCOPE 0.012664795 0.0053100586 0.010498047

1492574319281 MAGNETIC_FIELD 14.11438 -18.930054 -40.272522

1492574319351 GRAVITY 1.0042564 3.0597126 9.26283

1492574319352 LINEAR_ACCELERATION -0.017436087 0.027504921 0.014931679

1492574319356 ROTATION_VECTOR 0.13495691 0.09753849 0.79800445

1492574319392 ACCELEROMETER 0.97528076 3.040451 9.071747

1492574319400 GYROSCOPE -0.003326416 0.0022125244 0.0128479

1492574319463 MAGNETIC_FIELD 14.0060425 -18.93158 -39.70642

1492574319551 GRAVITY 1.0190598 3.0721254 9.257103

1492574319552 LINEAR_ACCELERATION 0.030124426 0.049144268 -0.047122955

1492574319556 ROTATION_VECTOR 0.13581559 0.097842984 0.7988211

1492574319594 ACCELEROMETER 0.96894836 3.0302124 9.060822

1492574319599 GYROSCOPE -0.0073547363 -0.006149292 0.014373779

1492574319661 MAGNETIC_FIELD 13.108826 -19.311523 -39.81781

1492574319788 ACCELEROMETER 0.9598541 3.045166 8.998489

1492574319796 GYROSCOPE -0.009902954 -6.1035156E-4 0.0152282715

1492574319857 MAGNETIC_FIELD 13.598633 -18.852234 -40.312195

1492574319953 GRAVITY 1.0220093 3.0704703 9.257326

1492574319965 LINEAR_ACCELERATION 0.0124017 0.041951895 -0.01429081

1492574319969 ROTATION_VECTOR 0.1360992 0.0973895 0.79757404

1492574319982 ACCELEROMETER 1.0122223 3.0826874 9.134796

1492574319987 GYROSCOPE -0.015777588 -7.7819824E-4 0.0137786865

1492574320152 GRAVITY 1.0342481 3.0417488 9.265446

1492574320159 LINEAR_ACCELERATION -0.07768273 -0.04751277 0.04373455

1492574320164 ROTATION_VECTOR 0.13581197 0.095649675 0.7971211

1492574320176 ACCELEROMETER 0.8125 2.5089722 9.110977

1492574320178 GYROSCOPE 0.08900452 -0.05758667 -0.008422852

1492574320181 MAGNETIC_FIELD 13.154602 -19.326782 -39.230347

1492574320352 GRAVITY 1.3737633 3.5491862 9.038055

1492574320356 LINEAR_ACCELERATION -0.5208596 -0.2896266 0.5521698

1492574320373 ROTATION_VECTOR 0.16508788 0.109240256 0.7995181

1492574320378 ACCELEROMETER 0.80126953 3.3349304 9.141098

1492574320384 GYROSCOPE 0.61351013 -0.5791321 -0.009216309

1492574320389 MAGNETIC_FIELD 12.04071 -21.77124 -39.76288

1492574320553 GRAVITY 2.9118774 4.80648 8.036735

1492574320588 LINEAR_ACCELERATION -1.4007759 -0.52211523 -0.1595211

1492574320597 ROTATION_VECTOR 0.27434245 0.12237972 0.7836913

1492574320600 ACCELEROMETER 1.9951019 4.9188995 7.6352997

1492574320602 GYROSCOPE 0.8917999 -1.271164 0.2821045

1492574320605 MAGNETIC_FIELD 3.767395 -28.07312 -35.939026

1492574320751 GRAVITY 5.2061334 5.7391906 6.0106783

1492574320757 LINEAR_ACCELERATION -1.5483704 -0.28780508 0.09729433

1492574320765 ROTATION_VECTOR 0.42338154 0.11953562 0.7613909

1492574320771 ACCELEROMETER 4.2158813 5.3650513 5.1855774

1492574320774 GYROSCOPE 0.89045715 -1.749466 0.7282257

1492574320776 MAGNETIC_FIELD -9.994507 -33.650208 -29.27246

1492574320951 GRAVITY 7.9292035 5.303306 2.2744362

1492574320952 LINEAR_ACCELERATION -3.010779 -0.43287754 -0.6770165

1492574320954 ACCELEROMETER 6.5944824 3.2952423 -0.59791565

1492574320956 GYROSCOPE 1.2414093 -2.4027252 2.6047516

1492574320957 MAGNETIC_FIELD -27.816772 -31.61316 -15.965271

1492574320957 ROTATION_VECTOR 0.6153171 0.07362689 0.69958717

1492574321149 ACCELEROMETER 9.802948 -0.628891 -3.7135925

1492574321151 GYROSCOPE 0.5973053 -4.260208 0.6331482

1492574321151 MAGNETIC_FIELD -41.046143 -15.914917 13.954163

1492574321152 GRAVITY 9.224475 0.88704425 -3.2082095

1492574321153 LINEAR_ACCELERATION 3.6463203 -3.9213676 -1.5979192

1492574321155 ROTATION_VECTOR 0.81374586 -0.037294377 0.57421255

1492574321347 ACCELEROMETER 3.5114746 0.56555176 -8.293274

1492574321358 GYROSCOPE 1.5643921 -1.9804688 0.36624146

1492574321362 MAGNETIC_FIELD -23.387146 -2.7557373 39.52484

1492574321366 GRAVITY 4.7300487 -1.0585823 -8.525047

1492574321369 LINEAR_ACCELERATION -0.16888475 3.6997871 3.3454695

1492574321372 ROTATION_VECTOR -0.96506685 -0.057467047 -0.24569353

1492574321546 ACCELEROMETER -1.3628082 -5.1935577 -10.9678955

1492574321557 GYROSCOPE -0.12376404 -2.160202 0.26893616

1492574321561 MAGNETIC_FIELD -7.4691772 -7.8063965 45.10193

1492574321563 GRAVITY 2.3218892 -1.2390591 -9.446901

1492574321567 LINEAR_ACCELERATION 2.0888388 -3.97212 -10.334321

1492574321571 ROTATION_VECTOR -0.9859187 -0.098093204 -0.11258446

1492574321742 ACCELEROMETER 3.9763641 0.21878052 -8.847214

1492574321747 GYROSCOPE -0.021057129 0.21514893 2.1759796

1492574321753 MAGNETIC_FIELD 0.45928955 -13.406372 43.33496

1492574321758 GRAVITY -2.469925 -1.8230073 -9.31378

1492574321761 LINEAR_ACCELERATION -0.32895446 -2.68353 -0.333148

1492574321764 ROTATION_VECTOR -0.98342043 -0.08806175 0.13543168

1492574321935 ACCELEROMETER -6.497284 -4.301483 -11.404236

1492574321941 GYROSCOPE -3.8730621 -1.0133057 0.20756531

1492574321943 MAGNETIC_FIELD 13.204956 -6.324768 44.32068

1492574321981 GRAVITY -3.8643155 -1.2395376 -8.927542

1492574321982 LINEAR_ACCELERATION 4.26803 0.4634763 -1.3108883

1492574321983 ROTATION_VECTOR -0.9710992 0.110201284 0.19301793

1492574322127 MAGNETIC_FIELD 30.477905 -24.232483 25.680542

1492574322151 GRAVITY -6.037735 4.2879806 -6.4287925

1492574322154 LINEAR_ACCELERATION 3.9544044 -3.293528 2.6581202

1492574322157 ROTATION_VECTOR 0.9098087 -0.00503663 -0.3396754

1492574322205 ACCELEROMETER 1.7963257 1.6936798 -7.1733093

1492574322209 GYROSCOPE -2.5617065 -6.487152 -2.5332947

1492574322324 MAGNETIC_FIELD 27.972412 -9.715271 -34.301758

1492574322353 GRAVITY -5.20251 0.8887831 8.265249

1492574322358 LINEAR_ACCELERATION 24.430037 -13.345521 11.855148

1492574322362 ROTATION_VECTOR 0.2720863 0.067517646 -0.87940973

1492574322397 ACCELEROMETER -3.4015045 -7.581848 0.794281

1492574322402 GYROSCOPE 3.4582367 5.055252 -2.9145203

1492574322517 MAGNETIC_FIELD 21.798706 2.5680542 -42.219543

1492574322550 GRAVITY -9.061594 2.4355052 2.8506532

1492574322550 LINEAR_ACCELERATION 9.799195 -2.3595955 -1.5835068

1492574322556 ROTATION_VECTOR 0.5952889 -0.016979935 -0.78142935

1492574322586 ACCELEROMETER -1.1577148 -3.3848572 4.8505096

1492574322587 GYROSCOPE 0.5359497 2.3247833 -1.2463379

1492574322711 MAGNETIC_FIELD 30.412292 0.5874634 -36.480713

1492574322750 GRAVITY -9.75101 0.55860734 -0.8809946

1492574322750 LINEAR_ACCELERATION 9.154539 -1.3527832 14.450175

1492574322754 ROTATION_VECTOR 0.7372399 0.037356593 -0.6706778

1492574322782 ACCELEROMETER -2.9980774 -1.4851379 7.9504395

1492574322782 GYROSCOPE 0.4265442 0.2142334 -0.13868713

1492574322907 MAGNETIC_FIELD 26.812744 -0.79345703 -38.308716

1492574322950 GRAVITY -9.791838 0.24779662 -0.4784341

1492574322950 LINEAR_ACCELERATION 4.2190723 -2.8937979 9.990614

1492574322957 ROTATION_VECTOR 0.7227505 0.04500126 -0.687005

1492574322977 ACCELEROMETER -4.4098053 -2.7037659 7.8845825

1492574322977 GYROSCOPE -0.07582092 -0.048065186 0.20513916

1492574323102 MAGNETIC_FIELD 26.695251 -0.61035156 -38.91754

1492574323150 GRAVITY -9.793314 0.4952967 0.12677068

1492574323150 LINEAR_ACCELERATION 3.684534 -3.8162904 8.716774

1492574323157 ROTATION_VECTOR 0.6998397 0.06132588 -0.70490295

1492574323172 ACCELEROMETER -3.3781738 -2.4672241 8.642807

1492574323173 GYROSCOPE -0.10096741 0.064453125 0.120651245

1492574323298 MAGNETIC_FIELD 26.283264 -0.09918213 -38.980103

1492574323353 GRAVITY -9.762265 0.6140933 0.7010366

1492574323361 LINEAR_ACCELERATION 3.8120227 -3.063537 7.6693616

1492574323363 ROTATION_VECTOR 0.67671186 0.0794869 -0.72015226

1492574323372 ACCELEROMETER -3.223755 -2.4805908 8.875214

1492574323376 GYROSCOPE -0.1230011 -0.09194946 0.18081665

1492574323496 MAGNETIC_FIELD 24.95575 -0.6942749 -40.997314

1492574323553 GRAVITY -9.666038 0.72918177 1.4853975

1492574323560 LINEAR_ACCELERATION 4.0075912 -2.8581028 7.4815774

1492574323567 ROTATION_VECTOR 0.64522314 0.08917909 -0.741682

1492574323570 ACCELEROMETER -3.4700775 -1.2505798 8.866364

1492574323573 GYROSCOPE 0.085510254 -0.063934326 0.47946167

1492574323690 MAGNETIC_FIELD 26.487732 -6.4086914 -36.14502

1492574323752 GRAVITY -9.435206 1.5123757 2.2045393

1492574323756 LINEAR_ACCELERATION 3.2369852 -0.9456521 7.692685

1492574323762 ROTATION_VECTOR 0.6186842 0.069495656 -0.7540418

1492574323765 ACCELEROMETER -2.7640839 -0.06512451 7.791809

1492574323768 GYROSCOPE 0.95066833 0.4980774 -0.18563843

1492574323887 MAGNETIC_FIELD 23.53363 -25.753784 -29.28009

1492574323953 GRAVITY -9.658327 1.070347 1.3196402

1492574323962 LINEAR_ACCELERATION 3.6213117 -3.2442565 5.9716067

1492574323966 ROTATION_VECTOR 0.6567995 0.03648989 -0.7428444

1492574323968 ACCELEROMETER -1.4376221 -0.3318329 9.279907

1492574323972 GYROSCOPE 1.2980499 -3.6456757 1.0318451

1492574324083 MAGNETIC_FIELD 7.8430176 -8.392334 -45.687866

1492574324153 ACCELEROMETER 10.326645 -0.98916626 12.946976

1492574324162 GYROSCOPE -0.90052795 6.072983 -0.14123535

1492574324164 GRAVITY -9.785708 -0.048471514 -0.63870066

1492574324168 LINEAR_ACCELERATION 6.1343822 -2.5561001 -15.225666

1492574324171 ROTATION_VECTOR 0.7293062 0.026021177 -0.68337005

1492574324369 MAGNETIC_FIELD 12.774658 -6.741333 -44.743347

1492574324374 GRAVITY -9.805813 -0.054788966 0.11583319

1492574324377 LINEAR_ACCELERATION 6.2411427 -0.368684 9.658675

1492574324389 ROTATION_VECTOR 0.7018769 0.03824939 -0.7104219

1492574324477 ACCELEROMETER 0.19252014 -0.34365845 9.552383

1492574324477 GYROSCOPE -0.0066070557 -7.171631E-4 0.008758545

1492574324547 MAGNETIC_FIELD 12.684631 -6.814575 -43.434143

1492574324556 GRAVITY -9.76262 -0.07008375 0.92558616

1492574324557 LINEAR_ACCELERATION 5.9143267 -0.30174512 9.061366

1492574324557 ROTATION_VECTOR 0.668881 0.07352838 -0.73585606

1492574324672 ACCELEROMETER 0.2068634 -0.35484314 9.619003

1492574324672 GYROSCOPE -0.005126953 -0.0028686523 0.0076293945

