1492574288867 ACCELEROMETER -1.1734161 9.120544 -3.0442963

1492574288886 MAGNETIC_FIELD -2.682495 -45.324707 -1.979065

1492574288957 GYROSCOPE -0.1648407 -0.41281128 -0.06567383

1492574288965 GRAVITY -1.2374792 9.083909 -3.4816115

1492574288966 LINEAR_ACCELERATION -0.043415546 -0.023457527 0.19522572

1492574288970 ROTATION_VECTOR 0.8139633 -0.122378565 -0.15945943

1492574289062 ACCELEROMETER -1.3849792 9.283661 -2.0170898

1492574289085 MAGNETIC_FIELD -2.1347046 -44.77997 -3.590393

1492574289152 GYROSCOPE 0.02482605 -0.21028137 -0.258255

1492574289165 GRAVITY -1.4890629 9.313558 -2.6852765

1492574289166 LINEAR_ACCELERATION 0.0073595047 0.101011276 0.22632647

1492574289170 ROTATION_VECTOR 0.7852468 -0.14247282 -0.19982591

1492574289282 MAGNETIC_FIELD 1.2634277 -44.987488 -1.3961792

1492574289347 ACCELEROMETER -2.5358887 8.814423 -2.4228058

1492574289348 GYROSCOPE 0.117263794 -0.062683105 -0.19483948

1492574289365 GRAVITY -2.0939052 9.268391 -2.425465

1492574289366 LINEAR_ACCELERATION -0.4592762 -0.2734251 0.51101255

1492574289370 ROTATION_VECTOR 0.7767245 -0.14270027 -0.2410858

1492574289478 ACCELEROMETER -2.8883514 8.678696 -2.7435913

1492574289478 MAGNETIC_FIELD 0.90026855 -45.332336 -0.8331299

1492574289543 GYROSCOPE -0.0010986328 0.10096741 -0.07211304

1492574289565 GRAVITY -2.5997026 9.068877 -2.6771998

1492574289566 LINEAR_ACCELERATION -0.11664629 -0.19987679 -0.21855116

1492574289570 ROTATION_VECTOR 0.7872553 -0.12933795 -0.25789958

1492574289673 ACCELEROMETER -2.8045197 8.812637 -2.8323975

1492574289674 MAGNETIC_FIELD 2.7191162 -44.8761 -1.1688232

1492574289739 GYROSCOPE -0.07745361 0.07296753 0.033233643

1492574289765 GRAVITY -2.7123744 9.00999 -2.7628796

1492574289766 LINEAR_ACCELERATION -0.38392806 0.018066406 -0.16702843

1492574289770 ROTATION_VECTOR 0.7900075 -0.1294443 -0.26326266

1492574289868 ACCELEROMETER -2.506668 8.903152 -2.4985352

1492574289869 MAGNETIC_FIELD 1.5533447 -46.67511 -2.1697998

1492574289933 GYROSCOPE -0.031570435 -0.034225464 0.050704956

1492574289965 GRAVITY -2.6332538 9.077494 -2.6144724

1492574289966 LINEAR_ACCELERATION -0.078392506 -0.06883907 0.18012524

1492574289970 ROTATION_VECTOR 0.7846309 -0.13287334 -0.26344553

1492574290064 ACCELEROMETER -2.559723 8.885605 -2.5067444

1492574290064 MAGNETIC_FIELD 1.1993408 -45.08667 -1.1306763

1492574290129 GYROSCOPE 0.07778931 -0.029754639 0.07223511

1492574290165 GRAVITY -2.5770056 9.102849 -2.582164

1492574290166 LINEAR_ACCELERATION -0.47614884 -0.1272726 0.4294691

1492574290170 ROTATION_VECTOR 0.7810087 -0.14723817 -0.27064338

1492574290259 ACCELEROMETER -2.280899 8.9444275 -2.7967072

1492574290260 MAGNETIC_FIELD 0.21209717 -45.59021 -1.6296387

1492574290325 GYROSCOPE 0.008956909 0.020263672 0.009384155

1492574290365 GRAVITY -2.4259124 9.107668 -2.7084525

1492574290366 LINEAR_ACCELERATION 0.1453731 0.0456028 -0.16994381

1492574290370 ROTATION_VECTOR 0.78354836 -0.15538548 -0.2649614

1492574290454 ACCELEROMETER -2.585373 8.825119 -2.629074

1492574290455 MAGNETIC_FIELD 0.28686523 -45.802307 0.66223145

1492574290519 GYROSCOPE 0.07374573 -0.03337097 0.06385803

1492574290565 GRAVITY -2.441983 9.088681 -2.7573502

1492574290566 LINEAR_ACCELERATION -0.28583407 -0.092653275 0.27609134

1492574290570 ROTATION_VECTOR 0.7838825 -0.16159816 -0.26925674

1492574290650 ACCELEROMETER -2.197586 8.926788 -3.0241547

1492574290651 MAGNETIC_FIELD -0.20141602 -45.52002 -0.47607422

1492574290715 GYROSCOPE 0.047348022 -0.0055236816 0.050460815

1492574290765 GRAVITY -2.3582535 9.065762 -2.9018972

1492574290766 LINEAR_ACCELERATION -0.021925211 0.01262188 -0.28603983

1492574290770 ROTATION_VECTOR 0.7855264 -0.17579497 -0.27117068

1492574290845 ACCELEROMETER -2.2862854 8.8510895 -2.9611206

1492574290846 MAGNETIC_FIELD 0.09918213 -45.73517 0.050354004

1492574290965 GRAVITY -2.2678251 9.057343 -2.9986508

1492574290966 LINEAR_ACCELERATION -0.079316854 -0.04433441 -0.22273898

1492574290970 ROTATION_VECTOR 0.7879831 -0.178805 -0.2660231

1492574290976 GYROSCOPE 0.0026245117 -0.0028686523 0.02835083

1492574291105 ACCELEROMETER -2.1768188 8.901047 -2.9485626

1492574291106 MAGNETIC_FIELD -0.932312 -44.81201 0.692749

1492574291165 GRAVITY -2.2309136 9.067233 -2.996449

1492574291166 LINEAR_ACCELERATION 0.07472992 0.018111229 2.2244453E-4

1492574291170 ROTATION_VECTOR 0.7864084 -0.18530549 -0.26826453

1492574291171 GYROSCOPE 0.003753662 -0.033950806 0.014846802

1492574291300 ACCELEROMETER -2.162033 8.892899 -2.8905792

1492574291302 MAGNETIC_FIELD -0.97961426 -45.732117 -0.1449585

1492574291365 GRAVITY -2.223717 9.072609 -2.985506

1492574291366 LINEAR_ACCELERATION 0.05347705 0.005346298 0.037215233

1492574291367 GYROSCOPE 0.005264282 -0.025436401 0.017944336

1492574291373 ROTATION_VECTOR 0.78465176 -0.19278967 -0.27316988

1492574291502 ACCELEROMETER -2.215561 8.87117 -3.0305328

1492574291503 MAGNETIC_FIELD -0.9857178 -45.169067 1.864624

1492574291567 GYROSCOPE -0.0013580322 -0.026245117 0.03981018

1492574291571 GRAVITY -2.2299957 9.067005 -2.9978182

1492574291573 LINEAR_ACCELERATION -0.22205138 -0.100156784 -0.14697933

1492574291697 ACCELEROMETER -2.1753693 8.860428 -2.879547

1492574291707 MAGNETIC_FIELD -0.5554199 -45.310974 0.7003784

1492574291762 GYROSCOPE 0.025344849 -0.040756226 0.017028809

1492574291767 GRAVITY -2.177221 9.086008 -2.9790192

1492574291768 LINEAR_ACCELERATION 0.010387421 0.02262497 -0.035624266

1492574291771 ROTATION_VECTOR 0.782662 -0.19831283 -0.27420545

1492574291893 ACCELEROMETER -2.1806793 8.86348 -2.9858246

1492574291894 MAGNETIC_FIELD 0.091552734 -45.108032 1.1032104

1492574291957 GYROSCOPE 0.020553589 -0.035690308 0.044815063

1492574291976 GRAVITY -2.1805022 9.068589 -3.0292733

1492574291982 LINEAR_ACCELERATION -0.080892086 -0.031550407 0.12230086

1492574291987 ROTATION_VECTOR 0.78232586 -0.20595193 -0.27840275

1492574292096 ACCELEROMETER -2.0314178 8.904404 -3.0926514

1492574292102 MAGNETIC_FIELD -1.4266968 -45.407104 0.35858154

1492574292158 GYROSCOPE -0.022003174 -0.0022735596 0.044631958

1492574292168 GRAVITY -2.1217532 9.072093 -3.060339

1492574292172 LINEAR_ACCELERATION -0.02714467 -0.016306877 -0.11849952

1492574292175 ROTATION_VECTOR 0.78243876 -0.20934056 -0.27662253

1492574292292 ACCELEROMETER -1.967041 8.94545 -2.9518127

1492574292300 MAGNETIC_FIELD -1.2573242 -44.90204 0.44403076

1492574292352 GYROSCOPE -0.01914978 -0.0054473877 0.014556885

1492574292376 GRAVITY -2.045692 9.113052 -2.9896162

1492574292383 LINEAR_ACCELERATION -0.04987979 0.02841568 0.19807434

1492574292385 ROTATION_VECTOR 0.77992696 -0.21009988 -0.2743098

1492574292484 ACCELEROMETER -2.04599 8.890701 -2.9439545

1492574292492 MAGNETIC_FIELD -1.3290405 -46.769714 1.0314941

1492574292551 GYROSCOPE 0.015106201 -0.0059814453 0.010864258

1492574292576 GRAVITY -2.0308592 9.113953 -2.9969747

1492574292582 LINEAR_ACCELERATION -0.089954495 -0.10039902 0.0861032

1492574292585 ROTATION_VECTOR 0.7807831 -0.20780027 -0.27176228

1492574292682 ACCELEROMETER -1.9710846 8.883957 -3.0270538

1492574292688 MAGNETIC_FIELD -1.4007568 -44.903564 1.1947632

1492574292746 GYROSCOPE -0.00982666 -0.0065612793 0.0030670166

1492574292775 GRAVITY -2.024684 9.099031 -3.046091

1492574292784 LINEAR_ACCELERATION 0.0022945404 -0.017531395 -0.15988469

1492574292786 ROTATION_VECTOR 0.7822895 -0.20815991 -0.27059928

1492574292876 ACCELEROMETER -2.066681 8.913315 -3.0050507

1492574292885 MAGNETIC_FIELD -2.0751953 -45.854187 -0.009155273

1492574292943 GYROSCOPE -0.019302368 -0.028747559 -0.0062713623

1492574292977 GRAVITY -2.0362124 9.102925 -3.0267088

1492574292983 LINEAR_ACCELERATION 0.011788845 0.045105934 -0.18992543

1492574292988 ROTATION_VECTOR 0.78213006 -0.20637776 -0.27048448

1492574293074 ACCELEROMETER -2.1019592 8.904633 -3.0112915

1492574293080 MAGNETIC_FIELD -2.9129028 -46.421814 -0.61187744

1492574293176 GRAVITY -2.0788934 9.105116 -2.9908967

1492574293184 LINEAR_ACCELERATION -0.06407356 0.014302254 0.10906577

1492574293187 ROTATION_VECTOR 0.78036875 -0.20860955 -0.27518693

1492574293198 GYROSCOPE -0.007675171 -0.0051574707 0.008056641

1492574293324 ACCELEROMETER -1.992569 8.914764 -2.9379883

1492574293324 MAGNETIC_FIELD -1.3885498 -44.28253 0.85601807

1492574293371 GRAVITY -2.0757947 9.104711 -2.9942791

1492574293372 LINEAR_ACCELERATION 0.027137041 -0.031043053 0.008627653

1492574293372 ROTATION_VECTOR 0.78128844 -0.20555809 -0.27289748

1492574293452 GYROSCOPE -0.022033691 0.003540039 -0.012130737

1492574293519 ACCELEROMETER -2.1311646 8.900467 -3.1033783

1492574293523 MAGNETIC_FIELD -2.015686 -44.918823 1.0803223

1492574293583 GYROSCOPE -4.119873E-4 -0.020767212 -0.0070648193

1492574293722 ACCELEROMETER -2.1740265 8.875107 -2.9769135

1492574293726 MAGNETIC_FIELD -1.7379761 -45.68634 0.44708252

1492574293773 ROTATION_VECTOR 0.7813082 -0.2054868 -0.2762386

1492574293779 GRAVITY -2.1349258 9.091018 -2.9943094

1492574293781 LINEAR_ACCELERATION 0.015015125 0.007440567 -0.07986283

1492574293785 GYROSCOPE -0.002319336 -0.0026245117 -0.009887695

1492574293914 ACCELEROMETER -2.1616669 8.865036 -2.9921417

1492574293922 MAGNETIC_FIELD -0.2960205 -45.133972 -0.23498535

1492574293973 GRAVITY -2.185005 9.07725 -2.9999475

1492574293977 LINEAR_ACCELERATION -0.12977552 -0.046082497 0.036087275

1492574293983 GYROSCOPE -0.0063934326 0.005859375 -0.0036621094

1492574293985 ROTATION_VECTOR 0.7828541 -0.20115143 -0.27620432

1492574294107 ACCELEROMETER -2.2136993 8.8927 -2.9721527

1492574294131 MAGNETIC_FIELD -1.109314 -45.1416 0.1449585

1492574294170 GRAVITY -2.1894543 9.073791 -3.0071588

1492574294171 LINEAR_ACCELERATION -0.0055544376 0.037119865 -0.008057833

1492574294172 GYROSCOPE -0.010772705 -9.613037E-4 0.011978149

1492574294173 ROTATION_VECTOR 0.7825566 -0.2018587 -0.27647954

1492574294295 ACCELEROMETER -2.1755066 8.891235 -2.9381104

1492574294302 MAGNETIC_FIELD -0.67596436 -44.348145 0.72784424

1492574294367 GYROSCOPE -0.0039520264 0.006591797 -0.0011291504

1492574294368 GRAVITY -2.2070224 9.072394 -2.9985158

1492574294368 LINEAR_ACCELERATION -0.15633631 -0.06563854 -0.07466459

1492574294374 ROTATION_VECTOR 0.78247654 -0.20152467 -0.27764222

1492574294497 ACCELEROMETER -2.1965027 8.887924 -2.9266205

1492574294497 MAGNETIC_FIELD -1.1627197 -45.051575 0.11444092

1492574294562 GYROSCOPE -0.007247925 -0.0038757324 0.005645752

1492574294570 GRAVITY -2.2048194 9.079729 -2.9778645

1492574294572 LINEAR_ACCELERATION -0.03315711 -0.057546616 0.049183607

1492574294573 ROTATION_VECTOR 0.7813345 -0.20333509 -0.27916032

1492574294692 ACCELEROMETER -2.2554626 8.872971 -2.9727478

1492574294694 MAGNETIC_FIELD -0.81329346 -45.49713 0.4547119

1492574294753 GYROSCOPE -0.010864258 -0.040008545 -0.004058838

1492574294768 GRAVITY -2.2607243 9.071273 -2.9616764

1492574294777 LINEAR_ACCELERATION -0.09610152 -0.016342163 0.061191082

1492574294781 ROTATION_VECTOR 0.78060097 -0.20412163 -0.28322947

1492574294894 ACCELEROMETER -2.2104187 8.906754 -2.8973846

1492574294903 MAGNETIC_FIELD -0.44403076 -44.30237 -0.39215088

1492574294953 GYROSCOPE -0.005493164 -0.025283813 -0.019485474

1492574294972 GRAVITY -2.296123 9.065742 -2.951361

1492574294976 LINEAR_ACCELERATION 0.01107192 0.030155182 -0.16180491

1492574294980 ROTATION_VECTOR 0.78093493 -0.20153946 -0.2837611

1492574295083 ACCELEROMETER -2.311264 8.858917 -2.9107208

1492574295087 MAGNETIC_FIELD -0.56762695 -45.07904 -0.58288574

1492574295161 GYROSCOPE -0.014419556 0.005142212 0.011444092

1492574295177 GRAVITY -2.3018172 9.068602 -2.9381108

1492574295180 LINEAR_ACCELERATION 0.0038688183 -0.0048599243 -0.15689301

1492574295183 ROTATION_VECTOR 0.7808494 -0.20019038 -0.28347486

1492574295346 MAGNETIC_FIELD -0.09765625 -45.93506 1.8325806

1492574295391 GYROSCOPE -0.0026855469 -0.010253906 0.009674072

1492574295495 ACCELEROMETER -2.3013 8.847549 -2.8803864

1492574295505 MAGNETIC_FIELD -0.89416504 -45.758057 0.048828125

1492574295553 ACCELEROMETER -2.2755585 8.864044 -2.8536987

1492574295576 GRAVITY -2.3083491 9.07278 -2.92003

1492574295582 LINEAR_ACCELERATION -0.005710125 -0.00957489 -0.029824257

1492574295587 ROTATION_VECTOR 0.7799633 -0.20133883 -0.28500208

1492574295622 GYROSCOPE -0.01663208 0.0072631836 0.0040740967

1492574295752 ACCELEROMETER -2.2973175 8.878372 -2.8879242

1492574295758 MAGNETIC_FIELD 0.6240845 -46.176147 1.7822266

1492574295782 GRAVITY -2.3202648 9.072483 -2.9114966

1492574295784 LINEAR_ACCELERATION -0.009392977 -0.0049085617 -0.027004719

1492574295785 ROTATION_VECTOR 0.7799984 -0.2001186 -0.28505534

1492574295804 GYROSCOPE -0.0046539307 -0.011459351 -0.003982544

1492574295946 ACCELEROMETER -2.367279 8.848755 -2.8296204

1492574295952 MAGNETIC_FIELD -0.71868896 -44.143677 0.06561279

1492574295977 GRAVITY -2.3440385 9.071433 -2.8956816

1492574295983 LINEAR_ACCELERATION -0.130476 -0.0931139 0.143646

1492574295986 ROTATION_VECTOR 0.7796877 -0.1993132 -0.28622103

1492574296010 GYROSCOPE -0.0054016113 0.018066406 0.011962891

1492574296142 ACCELEROMETER -2.2619781 8.875931 -2.8913422

1492574296148 MAGNETIC_FIELD -0.21972656 -44.9234 0.7751465

1492574296176 GRAVITY -2.304408 9.077152 -2.909536

1492574296183 LINEAR_ACCELERATION -0.049613953 -0.03931427 -0.0181427

1492574296186 ROTATION_VECTOR 0.7798823 -0.20032135 -0.2843238

1492574296204 GYROSCOPE -0.014083862 0.00869751 0.007827759

1492574296335 ACCELEROMETER -2.298111 8.8715515 -2.8316193

1492574296344 MAGNETIC_FIELD -0.43029785 -45.181274 0.0579834

1492574296402 GYROSCOPE -0.004043579 0.017913818 0.014511108

1492574296522 ACCELEROMETER -2.3551636 8.845917 -2.8553467

1492574296525 MAGNETIC_FIELD -0.5279541 -45.576477 0.8834839

1492574296571 GRAVITY -2.288437 9.084925 -2.897861

1492574296574 LINEAR_ACCELERATION 0.0051956177 -0.01214695 0.009671211

1492574296577 ROTATION_VECTOR 0.7789045 -0.20262665 -0.28519958

1492574296587 GYROSCOPE -0.0015563965 0.009017944 0.0051879883

1492574296726 ACCELEROMETER -2.2911377 8.863022 -2.9617157

1492574296733 MAGNETIC_FIELD -0.6286621 -45.40863 0.33416748

1492574296776 GRAVITY -2.323853 9.070874 -2.9136457

1492574296799 LINEAR_ACCELERATION -0.15876079 -0.11333847 -0.06902552

1492574296799 ROTATION_VECTOR 0.77911043 -0.20381731 -0.28767723

1492574296800 GYROSCOPE -0.005584717 -0.0023498535 0.009185791

1492574296910 ACCELEROMETER -2.2792358 8.89003 -2.9856415

1492574296911 MAGNETIC_FIELD -0.8544922 -44.691467 1.0726929

1492574296967 GRAVITY -2.3092568 9.065564 -2.9416428

1492574296973 LINEAR_ACCELERATION -0.036590338 -0.018143654 -0.15426874

1492574296985 ROTATION_VECTOR 0.78025633 -0.20293385 -0.2856478

1492574296988 GYROSCOPE -0.004714966 0.0045318604 0.015594482

1492574297115 ACCELEROMETER -2.3137665 8.880173 -2.8768768

1492574297121 MAGNETIC_FIELD -0.21972656 -45.402527 1.0986328

1492574297181 GRAVITY -2.2822926 9.06526 -2.9635425

1492574297187 LINEAR_ACCELERATION -0.0023412704 0.0204916 -0.111567736

1492574297189 GYROSCOPE -0.012130737 -0.0018463135 -0.004272461

1492574297192 ROTATION_VECTOR 0.7800733 -0.2028715 -0.28646067

1492574297314 ACCELEROMETER -2.3252106 8.825287 -2.8745422

1492574297322 MAGNETIC_FIELD -0.6820679 -44.841003 0.43640137

1492574297376 GYROSCOPE -0.0032653809 -0.0013427734 0.005844116

1492574297385 GRAVITY -2.3276331 9.064005 -2.9319503

1492574297387 LINEAR_ACCELERATION -0.030944586 -0.031516075 0.00229311

1492574297390 ROTATION_VECTOR 0.7800463 -0.20252328 -0.28663537

1492574297506 ACCELEROMETER -2.3006134 8.863113 -2.899063

1492574297516 MAGNETIC_FIELD -0.06561279 -45.828247 -0.48675537

1492574297576 GRAVITY -2.3213437 9.064669 -2.9348812

1492574297582 LINEAR_ACCELERATION 0.06290197 0.005800247 0.0075821877

1492574297585 ROTATION_VECTOR 0.780579 -0.20083278 -0.28508934

1492574297588 GYROSCOPE -0.0014038086 -0.0025482178 0.010467529

1492574297766 ACCELEROMETER -2.2283936 8.897583 -2.9018555

1492574297778 MAGNETIC_FIELD -0.54473877 -44.76776 1.0345459

1492574297781 GRAVITY -2.312863 9.068606 -2.929407

1492574297783 LINEAR_ACCELERATION -0.08723569 -0.03288269 0.06298399

1492574297788 ROTATION_VECTOR 0.7807625 -0.19941942 -0.28378117

1492574297835 GYROSCOPE -0.0070495605 -0.0040893555 -0.003768921

1492574297964 ACCELEROMETER -2.3347168 8.854813 -2.8748474

1492574297974 MAGNETIC_FIELD 0.2685547 -44.296265 0.1953125

1492574297990 GRAVITY -2.3083534 9.071966 -2.9225538

1492574297993 LINEAR_ACCELERATION 0.06494498 0.039603233 -0.14194107

1492574298017 ROTATION_VECTOR 0.7805084 -0.19953802 -0.28374842

1492574298018 GYROSCOPE -0.0152282715 0.010864258 0.015365601

1492574298153 ACCELEROMETER -2.2943268 8.8875885 -2.9440765

1492574298153 MAGNETIC_FIELD -1.0742188 -45.806885 1.0147095

1492574298171 GRAVITY -2.307298 9.070532 -2.927834

1492574298172 LINEAR_ACCELERATION -0.102395535 -0.026734352 -0.2356987

1492574298172 ROTATION_VECTOR 0.7808471 -0.19888647 -0.28314087

1492574298219 GYROSCOPE -0.014785767 0.0028839111 0.0055999756

1492574298342 ACCELEROMETER -2.283966 8.876862 -2.8033752

1492574298343 MAGNETIC_FIELD -0.40893555 -46.62018 0.09460449

1492574298367 GRAVITY -2.289683 9.092681 -2.8724349

1492574298373 LINEAR_ACCELERATION 0.023556948 0.00699234 0.107394695

1492574298376 ROTATION_VECTOR 0.7793651 -0.19759421 -0.28244627

1492574298408 GYROSCOPE -0.028152466 0.012268066 0.0134887695

1492574298544 ACCELEROMETER -2.325531 8.884949 -2.8009949

1492574298549 MAGNETIC_FIELD -0.9399414 -44.459534 0.08392334

1492574298575 GRAVITY -2.3008626 9.096719 -2.8506343

1492574298580 LINEAR_ACCELERATION -0.09740496 -0.040634155 0.09670091

1492574298584 ROTATION_VECTOR 0.77795804 -0.20030767 -0.28537852

1492574298607 GYROSCOPE -0.005340576 -0.0059661865 0.015151978

1492574298735 ACCELEROMETER -2.296173 8.885849 -2.8514252

1492574298740 MAGNETIC_FIELD 0.6286621 -46.424866 0.70648193

1492574298770 GRAVITY -2.3048732 9.094056 -2.8558857

1492574298775 LINEAR_ACCELERATION -0.07594299 -0.015278816 0.017230272

1492574298779 ROTATION_VECTOR 0.7779688 -0.20093329 -0.28591573

1492574298810 GYROSCOPE -0.007736206 -0.014709473 0.0023956299

1492574298932 ACCELEROMETER -2.2991486 8.886765 -2.8242798

1492574298937 MAGNETIC_FIELD -0.32196045 -44.921875 -0.051879883

1492574298995 GYROSCOPE -0.0045166016 -0.005783081 0.00579834

1492574299128 ACCELEROMETER -2.273529 8.938919 -2.9512482

1492574299138 MAGNETIC_FIELD -0.67596436 -45.97931 1.2451172

1492574299174 GRAVITY -2.3147292 9.091694 -2.8554375

1492574299177 LINEAR_ACCELERATION 0.0075232983 0.036953926 -0.07126069

1492574299185 ROTATION_VECTOR 0.7784564 -0.19897854 -0.2851795

1492574299191 GYROSCOPE 0.0056915283 -0.04058838 -0.0262146

1492574299317 ACCELEROMETER -1.6961823 9.321884 -2.7926483

1492574299318 MAGNETIC_FIELD 0.61035156 -45.6604 1.6479492

1492574299366 GRAVITY -2.3618293 9.068764 -2.8895822

1492574299367 LINEAR_ACCELERATION 0.03416872 0.11946583 -0.105804205

1492574299371 ROTATION_VECTOR 0.7798282 -0.19797906 -0.28648233

1492574299382 GYROSCOPE 0.086624146 -0.3767395 -0.25952148

1492574299513 ACCELEROMETER -0.7111969 9.309235 -2.5622864

1492574299514 MAGNETIC_FIELD 7.498169 -43.933105 3.2546997

1492574299569 GRAVITY -2.728588 8.984901 -2.8278518

1492574299574 LINEAR_ACCELERATION 1.2732477 0.60197544 0.0033140182

1492574299582 ROTATION_VECTOR 0.7794554 -0.19138853 -0.3044378

1492574299585 GYROSCOPE 0.8248749 -3.1486053 -0.96495056

1492574299710 ACCELEROMETER -3.0981293 5.281784 1.6953583

1492574299716 MAGNETIC_FIELD 26.664734 -36.779785 -6.3690186

1492574299771 GRAVITY -5.3016663 8.066313 -1.731276

1492574299775 LINEAR_ACCELERATION 4.9563856 0.7477708 -0.29566896

1492574299783 ROTATION_VECTOR 0.72424877 -0.2524564 -0.5092872

1492574299841 GYROSCOPE 0.3269348 -4.6902313 -1.9411926

1492574299972 GRAVITY -6.870173 5.388991 4.4642897

1492574299977 LINEAR_ACCELERATION 0.93733454 -1.8353968 0.86373854

1492574299981 ACCELEROMETER -2.5917358 3.3979645 8.475082

1492574299991 MAGNETIC_FIELD 25.810242 -32.13501 -20.0943

1492574299995 ROTATION_VECTOR -0.20229205 0.24546032 0.9469328

1492574300035 GYROSCOPE 0.374115 -3.1597595 -1.165802

1492574300166 ACCELEROMETER -3.317093 0.8819885 11.139099

1492574300173 MAGNETIC_FIELD 14.906311 -22.607422 -36.157227

1492574300188 GRAVITY -0.029119156 2.083043 9.582822

1492574300189 LINEAR_ACCELERATION -4.2435603 -2.456833 4.5419083

1492574300189 ROTATION_VECTOR 0.016314559 0.105574206 0.9803959

1492574300229 GYROSCOPE -0.9466858 -2.565445 -1.0293884

1492574300360 ACCELEROMETER 1.0382843 1.470398 9.188599

1492574300361 MAGNETIC_FIELD 1.4312744 -20.942688 -40.657043

1492574300367 GRAVITY 3.1129837 2.3936617 8.986106

1492574300368 LINEAR_ACCELERATION -1.8262484 -1.2714899 -2.9553537

1492574300377 ROTATION_VECTOR 0.18081811 0.09560813 0.96489316

1492574300428 GYROSCOPE 0.557312 -1.9160614 -0.0028076172

1492574300557 ACCELEROMETER 6.1369934 1.8936768 5.6711426

1492574300560 MAGNETIC_FIELD -22.595215 -26.489258 -29.927063

1492574300569 GRAVITY 7.4568973 3.4328725 5.364742

1492574300574 LINEAR_ACCELERATION 1.2332416 -1.5088851 0.9980831

1492574300577 ROTATION_VECTOR 0.4520358 0.14878814 0.8738486

1492574300622 GYROSCOPE 1.0048676 -2.971222 0.45483398

1492574300754 ACCELEROMETER 4.842224 0.42434692 5.133835

1492574300757 MAGNETIC_FIELD -28.642273 -27.450562 -18.257141

1492574300772 GRAVITY 7.9584208 5.431164 1.8265786

1492574300776 LINEAR_ACCELERATION 11.940932 -0.31173086 3.7629433

1492574300779 ROTATION_VECTOR 0.5990733 0.21904711 0.74652934

1492574300822 GYROSCOPE -0.71698 -0.85987854 -3.346344

1492574300950 ACCELEROMETER 8.674362 2.909668 3.2482452

1492574300953 MAGNETIC_FIELD -20.492554 -36.965942 -13.7664795

1492574300970 GRAVITY 3.7545779 8.692828 2.5511324

1492574300975 LINEAR_ACCELERATION 16.127165 -6.7463646 -19.658531

1492574300978 ROTATION_VECTOR 0.53281915 0.29331243 0.62714

1492574301013 GYROSCOPE -0.69747925 -1.9765472 -1.193573

1492574301144 ACCELEROMETER 10.327652 0.286911 5.7011414

1492574301147 MAGNETIC_FIELD -34.980774 -18.737793 -19.441223

1492574301173 GRAVITY 7.4239373 4.9932256 4.015376

1492574301176 LINEAR_ACCELERATION 12.679314 -10.188986 2.7489514

1492574301179 ROTATION_VECTOR 0.5400552 0.06010945 0.74413264

1492574301209 GYROSCOPE -1.568985 1.153183 3.3433228

1492574301339 ACCELEROMETER 12.12645 7.1659546 6.9505005

1492574301342 MAGNETIC_FIELD -26.069641 -14.137268 -35.9375

1492574301370 GRAVITY 5.7902055 3.4291098 7.1333804

1492574301375 LINEAR_ACCELERATION 6.861852 5.6545105 -3.3909044

1492574301378 ROTATION_VECTOR 0.3653735 0.052924935 0.8592746

1492574301405 GYROSCOPE 1.7291718 0.90179443 -0.3179474

1492574301534 ACCELEROMETER 3.1187592 1.1569061 1.3871307

1492574301538 MAGNETIC_FIELD -26.400757 -30.239868 -18.415833

1492574301572 GRAVITY 5.2987227 7.1115828 4.185608

1492574301576 LINEAR_ACCELERATION -8.587219 -7.960681 1.5862963

1492574301579 ROTATION_VECTOR 0.46621177 0.26313493 0.77238923

1492574301599 GYROSCOPE 2.2269592 -0.7100067 0.24533081

1492574301731 ACCELEROMETER 7.675049 0.43914795 -4.0997925

1492574301734 MAGNETIC_FIELD -35.232544 -26.312256 -11.683655

1492574301795 GYROSCOPE 0.03225708 -0.070236206 1.3403473

1492574301972 GRAVITY 8.071217 5.310793 1.6796854

1492574302001 LINEAR_ACCELERATION 4.4157615 -1.8125019 -3.3719814

1492574302011 ROTATION_VECTOR 0.612366 0.19841301 0.7378239

1492574302019 ACCELEROMETER 13.810181 5.016098 -0.48350525

1492574302022 MAGNETIC_FIELD -36.16028 -22.384644 -14.237976

1492574302051 GYROSCOPE -0.47349548 0.13383484 -0.36247253

1492574302167 GRAVITY 8.090765 5.106766 2.1519392

1492574302167 LINEAR_ACCELERATION 3.115736 -1.0606356 -2.7123296

1492574302171 ROTATION_VECTOR 0.6089658 0.13943562 0.73667896

1492574302181 ACCELEROMETER 8.307312 3.343933 1.7404785

1492574302182 MAGNETIC_FIELD -33.7677 -23.162842 -17.926025

1492574302247 GYROSCOPE -0.04977417 0.11238098 -0.16026306

1492574302366 GRAVITY 7.8005037 5.3280897 2.633247

1492574302367 LINEAR_ACCELERATION 1.0231233 -1.6495008 -1.1949053

1492574302370 ROTATION_VECTOR 0.59129673 0.12692489 0.7372623

1492574302376 ACCELEROMETER 9.365952 3.6578827 0.9908142

1492574302377 MAGNETIC_FIELD -32.458496 -26.013184 -17.626953

1492574302442 GYROSCOPE 0.024475098 -0.035751343 -0.19680786

