1492574264616 GYROSCOPE 1.3330536 1.2106171 -0.09477234

1492574264656 ACCELEROMETER -3.442047 6.672531 7.7624054

1492574264675 GRAVITY -2.85191 5.644732 7.4949317

1492574264676 LINEAR_ACCELERATION -0.14569879 -0.06689215 0.21842909

1492574264677 MAGNETIC_FIELD 25.361633 -19.068909 -34.080505

1492574264678 ROTATION_VECTOR 0.27622905 0.2038685 0.15702716

1492574264812 GYROSCOPE 0.66600037 3.1214905 -0.17141724

1492574264852 ACCELEROMETER -5.513214 6.91333 1.891983

1492574264872 MAGNETIC_FIELD 41.334534 -23.88153 -5.7891846

1492574264875 GRAVITY -4.018378 7.600534 4.7175117

1492574264876 LINEAR_ACCELERATION 4.440748 -1.8148489 -3.1938806

1492574264878 ROTATION_VECTOR 0.33725187 0.38175258 0.30384672

1492574265073 ACCELEROMETER -3.8952942 7.0798035 -2.234375

1492574265073 GYROSCOPE 0.84417725 3.9208984 1.0092163

1492574265074 MAGNETIC_FIELD 30.8609 -29.605103 24.731445

1492574265075 GRAVITY -6.0785184 7.689606 -0.30324972

1492574265076 LINEAR_ACCELERATION -1.5180454 -0.67552614 0.5756812

1492574265078 ROTATION_VECTOR 0.17365308 0.6966391 0.4254569

1492574265203 ACCELEROMETER -1.5299683 7.464493 -1.091095

1492574265203 GYROSCOPE -1.5322876 2.355545 0.6008911

1492574265267 MAGNETIC_FIELD 15.522766 -38.27362 21.7453

1492574265275 GRAVITY -1.6921779 8.927796 -3.6880033

1492574265276 LINEAR_ACCELERATION 0.84249413 -1.5757332 0.14853859

1492574265278 ROTATION_VECTOR -0.049549207 0.82799804 0.55400044

1492574265398 ACCELEROMETER 0.7926636 9.347107 -0.88223267

1492574265399 GYROSCOPE -0.2447815 1.2296448 0.34352112

1492574265475 GRAVITY 0.015097418 9.71021 -1.3718535

1492574265476 LINEAR_ACCELERATION 0.41974312 1.7937498 1.190321

1492574265478 ROTATION_VECTOR 0.098803505 -0.7484537 -0.65001106

1492574265529 MAGNETIC_FIELD 12.486267 -40.545654 21.84906

1492574265658 ACCELEROMETER -0.23820496 9.526794 -0.7320709

1492574265659 GYROSCOPE -0.49794006 0.39245605 -0.34725952

1492574265675 GRAVITY -0.048563827 9.770508 -0.8397646

1492574265676 LINEAR_ACCELERATION 0.5014214 0.742856 0.8003872

1492574265678 ROTATION_VECTOR 0.11976219 -0.72696155 -0.6676989

1492574265724 MAGNETIC_FIELD 11.193848 -40.986633 17.462158

1492574265854 ACCELEROMETER -0.4738922 9.544556 0.626297

1492574265854 GYROSCOPE -1.6071625 0.28878784 0.22151184

1492574265875 GRAVITY -0.12413543 9.791371 0.5329489

1492574265876 LINEAR_ACCELERATION -1.3079144 -0.46292114 -2.612371

1492574265878 ROTATION_VECTOR 0.119001806 -0.67724866 -0.71664643

1492574265919 MAGNETIC_FIELD 9.442139 -45.44525 0.64086914

1492574266049 ACCELEROMETER 1.2325745 7.0643463 3.4777222

1492574266050 GYROSCOPE -0.5997467 -0.83576965 0.74798584

1492574266075 GRAVITY 0.1591649 9.169384 3.4738233

1492574266076 LINEAR_ACCELERATION 0.7969016 -0.15667915 -0.32118225

1492574266078 ROTATION_VECTOR 0.07219474 -0.5636242 -0.8142645

1492574266114 MAGNETIC_FIELD 1.6143799 -46.369934 0.68359375

1492574266244 ACCELEROMETER 1.454895 8.502975 4.5912933

1492574266245 GYROSCOPE 0.49865723 0.24214172 -0.1769104

1492574266275 GRAVITY 2.1215377 9.100637 2.9745336

1492574266276 LINEAR_ACCELERATION 2.5349338 -0.86356163 4.259364

1492574266278 ROTATION_VECTOR -0.03556534 -0.58913165 -0.7957896

1492574266310 MAGNETIC_FIELD 5.2124023 -46.192932 5.1254272

1492574266439 ACCELEROMETER 1.0585175 8.934906 2.3491058

1492574266440 GYROSCOPE 0.15667725 -0.013748169 -0.029190063

1492574266475 GRAVITY 1.4729162 9.368994 2.4945674

1492574266476 LINEAR_ACCELERATION -0.17528236 -1.2235203 -2.3301663

1492574266478 ROTATION_VECTOR -0.023075735 -0.6101475 -0.7864321

1492574266505 MAGNETIC_FIELD 5.433655 -46.180725 7.020569

1492574266635 ACCELEROMETER 0.65475464 9.562592 1.7902527

1492574266635 GYROSCOPE 1.2405853 1.3843536 -0.4663849

1492574266675 GRAVITY 1.305105 9.423102 2.381647

1492574266676 LINEAR_ACCELERATION -0.18288624 0.34493828 0.70866656

1492574266678 ROTATION_VECTOR -0.028221302 -0.6146327 -0.78499335

1492574266700 MAGNETIC_FIELD 2.8305054 -40.730286 21.408081

1492574266830 ACCELEROMETER -1.1436615 9.339264 -1.1256714

1492574266831 GYROSCOPE 0.44699097 0.6232147 -0.22128296

1492574266875 GRAVITY 0.03720122 9.800911 -0.33339936

1492574266876 LINEAR_ACCELERATION 0.5655199 -0.31105804 -0.6994132

1492574266878 ROTATION_VECTOR 0.16182053 -0.7005803 -0.6765554

1492574266895 MAGNETIC_FIELD 6.692505 -39.971924 23.762512

1492574267025 ACCELEROMETER -0.9426117 9.64505 -1.2894745

1492574267026 GYROSCOPE 0.17933655 -0.14483643 -0.10887146

1492574267075 GRAVITY -0.25782943 9.779795 -0.67789114

1492574267076 LINEAR_ACCELERATION -0.059575766 0.0063171387 -1.0438284

1492574267078 ROTATION_VECTOR 0.1310761 -0.71929264 -0.67416674

1492574267099 MAGNETIC_FIELD 7.2235107 -38.82904 24.346924

1492574267222 ACCELEROMETER -0.53486633 9.31633 -1.6862183

1492574267225 GYROSCOPE 0.11592102 -0.16421509 0.100753784

1492574267281 GRAVITY -0.49997908 9.742781 -0.9993132

1492574267283 LINEAR_ACCELERATION -1.0089613 0.1714592 -0.2880674

1492574267287 ROTATION_VECTOR 0.13014315 -0.7307623 -0.6648853

1492574267288 MAGNETIC_FIELD 6.340027 -38.801575 25.128174

1492574267422 ACCELEROMETER -0.7992859 9.375778 -1.7855988

1492574267423 GYROSCOPE 0.0796814 0.012191772 0.025268555

1492574267480 GRAVITY -0.32854736 9.718201 -1.2724099

1492574267481 LINEAR_ACCELERATION -0.46221587 0.12691021 -0.3836522

1492574267482 ROTATION_VECTOR 0.09591005 -0.74543685 -0.6567178

1492574267483 MAGNETIC_FIELD 6.668091 -38.55896 27.74353

1492574267680 GRAVITY -0.34998968 9.687585 -1.4827651

1492574267681 LINEAR_ACCELERATION -0.5006633 0.23836613 -0.6376209

1492574267682 ACCELEROMETER -0.8296509 9.452835 -1.9627533

1492574267682 GYROSCOPE 0.066589355 0.014022827 0.0021209717

1492574267683 ROTATION_VECTOR 0.08243203 -0.7541916 -0.6497365

1492574267747 MAGNETIC_FIELD 7.559204 -37.63733 26.937866

1492574267888 ACCELEROMETER -0.6815796 9.428635 -1.9287262

1492574267894 GYROSCOPE 0.011749268 -0.03517151 0.056488037

1492574267897 GRAVITY -0.44228107 9.652169 -1.676426

1492574267899 LINEAR_ACCELERATION -0.28045407 0.07942295 -0.37967134

1492574267904 ROTATION_VECTOR 0.074903384 -0.76148766 -0.642958

1492574267947 MAGNETIC_FIELD 6.3842773 -37.83264 26.71814

1492574268084 ACCELEROMETER -0.6094208 9.461456 -1.9104156

1492574268090 GRAVITY -0.46468526 9.6421 -1.7275271

1492574268093 LINEAR_ACCELERATION -0.19588634 0.176054 -0.2413212

1492574268097 GYROSCOPE -0.049438477 -0.013168335 0.006576538

1492574268100 ROTATION_VECTOR 0.06032424 -0.76448697 -0.6415102

1492574268140 MAGNETIC_FIELD 7.0373535 -39.038086 26.132202

1492574268266 ACCELEROMETER -0.65808105 9.432571 -1.7086792

1492574268271 GYROSCOPE -0.047729492 9.1552734E-5 -0.0051727295

1492574268291 GRAVITY -0.509438 9.647154 -1.686199

1492574268293 LINEAR_ACCELERATION -0.11252937 0.04541397 -0.11575532

1492574268295 ROTATION_VECTOR 0.04287594 -0.7642865 -0.64344645

1492574268327 MAGNETIC_FIELD 6.251526 -38.069153 25.79956

1492574268464 ACCELEROMETER -0.6722412 9.41098 -1.6819153

1492574268464 GYROSCOPE 0.0010223389 -0.010467529 -0.020629883

1492574268481 GRAVITY -0.57672316 9.649806 -1.6489449

1492574268481 LINEAR_ACCELERATION -0.14866394 -0.03335476 -0.09524119

1492574268482 ROTATION_VECTOR -0.033836897 0.7634971 0.6448477

1492574268529 MAGNETIC_FIELD 7.423401 -38.572693 25.808716

1492574268660 ACCELEROMETER -0.87879944 9.35556 -1.836853

1492574268670 GYROSCOPE 0.033737183 -0.056274414 0.016708374

1492574268676 GRAVITY -0.6733134 9.631466 -1.7181077

1492574268677 LINEAR_ACCELERATION -0.32040977 -0.011146545 -0.10459542

1492574268679 ROTATION_VECTOR -0.026636837 0.7660872 0.64179033

1492574268721 MAGNETIC_FIELD 7.0495605 -38.09204 25.727844

1492574268864 ACCELEROMETER -0.7153778 9.38707 -1.9151764

1492574268870 GYROSCOPE 0.023406982 -0.040130615 0.03262329

1492574268886 GRAVITY -0.6899807 9.613839 -1.8078743

1492574268892 LINEAR_ACCELERATION -0.04961151 -0.024949074 -0.11740661

1492574268895 ROTATION_VECTOR -0.01265138 0.7694257 0.63763815

1492574268925 MAGNETIC_FIELD 6.362915 -37.31842 26.722717

1492574269057 ACCELEROMETER -0.67910767 9.409836 -1.8898926

1492574269063 GYROSCOPE 8.69751E-4 -0.020507813 0.030410767

1492574269086 GRAVITY -0.65977085 9.602323 -1.8789598

1492574269093 LINEAR_ACCELERATION -0.0041478276 0.0862484 -0.054311633

1492574269095 ROTATION_VECTOR -0.002929339 0.77187544 0.63443244

1492574269121 MAGNETIC_FIELD 6.7352295 -37.08954 26.498413

1492574269243 ACCELEROMETER -0.67832947 9.418228 -1.8424835

1492574269246 GYROSCOPE -0.0030822754 -0.009063721 0.027526855

1492574269281 GRAVITY -0.62546414 9.605144 -1.8762734

1492574269284 LINEAR_ACCELERATION -0.07293475 4.2533875E-4 0.042004585

1492574269287 ROTATION_VECTOR 0.008546715 0.77174497 0.6340344

1492574269307 MAGNETIC_FIELD 6.109619 -37.75177 26.501465

1492574269440 ACCELEROMETER -0.60694885 9.427185 -1.9040527

1492574269443 GYROSCOPE 0.023468018 -0.009536743 0.02633667

1492574269486 GRAVITY -0.61150473 9.605843 -1.8772942

1492574269494 LINEAR_ACCELERATION -0.045631707 0.0015621185 0.034986496

1492574269497 ROTATION_VECTOR 0.015820745 0.77166384 0.633588

1492574269504 MAGNETIC_FIELD 6.1050415 -38.381958 26.773071

1492574269632 ACCELEROMETER -0.594162 9.377289 -1.9484711

1492574269633 GYROSCOPE 0.014572144 -0.008361816 0.023651123

1492574269679 GRAVITY -0.57408243 9.596397 -1.9364866

1492574269680 LINEAR_ACCELERATION -0.026746511 0.07888794 -0.08538532

1492574269681 ROTATION_VECTOR 0.023607308 0.7734184 0.63087726

1492574269700 MAGNETIC_FIELD 6.2026978 -36.706543 27.919006

1492574269883 GRAVITY -0.5501467 9.590761 -1.971047

1492574269888 LINEAR_ACCELERATION 0.01846248 -0.030721664 -0.0337528

1492574269894 ROTATION_VECTOR 0.0297965 0.7743433 0.6291679

1492574269898 ACCELEROMETER -0.5664978 9.397491 -2.0285492

1492574269902 GYROSCOPE 1.6784668E-4 0.0049743652 0.023483276

1492574269958 MAGNETIC_FIELD 6.4971924 -38.39264 25.93689

1492574270080 GRAVITY -0.52131623 9.586736 -1.9982792

1492574270083 LINEAR_ACCELERATION -0.09986395 -0.0073843 -0.09849596

1492574270092 ROTATION_VECTOR 0.034049593 0.7750642 0.62792283

1492574270097 ACCELEROMETER -0.56111145 9.432877 -2.0397034

1492574270099 GYROSCOPE -0.0014648438 -0.0035858154 0.016601563

1492574270165 MAGNETIC_FIELD 7.6675415 -37.799072 26.32904

1492574270287 GRAVITY -0.49742654 9.587995 -1.9983277

1492574270295 LINEAR_ACCELERATION 0.010615379 -0.051074028 -0.029398918

1492574270299 ROTATION_VECTOR 0.041009042 0.7747287 0.62750614

1492574270302 ACCELEROMETER -0.48970032 9.343979 -1.9308167

1492574270304 GYROSCOPE -0.016464233 -0.0020446777 0.031585693

1492574270357 MAGNETIC_FIELD 6.1431885 -37.553406 27.139282

1492574270486 GRAVITY -0.46333417 9.590111 -1.9963683

1492574270495 LINEAR_ACCELERATION -0.033186108 -0.010017395 -0.07769728

1492574270497 ACCELEROMETER -0.47488403 9.403152 -1.9597778

1492574270500 GYROSCOPE 0.0032348633 0.028045654 7.019043E-4

1492574270503 ROTATION_VECTOR 0.04207485 0.7746071 0.627727

1492574270554 MAGNETIC_FIELD 6.4071655 -37.867737 26.506042

1492574270684 ACCELEROMETER -0.5017395 9.387329 -2.0403595

1492574270693 GYROSCOPE 0.027999878 -0.0068969727 0.018417358

1492574270696 GRAVITY -0.4620384 9.586112 -2.0157773

1492574270698 LINEAR_ACCELERATION -0.14440182 -0.15388489 -0.036837697

1492574270701 ROTATION_VECTOR 0.04323546 0.7751818 0.62685966

1492574270747 MAGNETIC_FIELD 5.555725 -38.243103 28.126526

1492574270883 ACCELEROMETER -0.5063324 9.426605 -2.0959167

1492574270889 GYROSCOPE 1.373291E-4 0.014373779 -3.8146973E-4

1492574270892 GRAVITY -0.45247585 9.57468 -2.0715117

1492574270894 LINEAR_ACCELERATION -0.021935254 0.040475845 -0.080498934

1492574270897 ROTATION_VECTOR 0.04681723 0.7768049 0.624379

1492574270945 MAGNETIC_FIELD 5.366516 -37.538147 27.8656

1492574271075 ACCELEROMETER -0.47174072 9.422836 -2.036255

1492574271084 GYROSCOPE -0.018722534 0.0032806396 0.007659912

1492574271086 GRAVITY -0.47002384 9.57482 -2.0669546

1492574271089 LINEAR_ACCELERATION -0.030362725 -0.008879662 0.015030384

1492574271092 ROTATION_VECTOR 0.044419702 0.77679616 0.62464637

1492574271140 MAGNETIC_FIELD 5.491638 -37.32605 26.69983

1492574271268 ACCELEROMETER -0.49102783 9.360565 -2.016388

1492574271280 GYROSCOPE -0.02796936 0.0070343018 0.0049591064

1492574271282 GRAVITY -0.45673293 9.582688 -2.0331945

1492574271285 LINEAR_ACCELERATION -0.0070581436 0.10544872 -0.060454726

1492574271288 ROTATION_VECTOR 0.04659366 0.77555984 0.62590915

1492574271333 MAGNETIC_FIELD 6.404114 -36.81183 27.319336

1492574271466 ACCELEROMETER -0.5026245 9.38179 -1.9822083

1492574271472 GYROSCOPE -0.007507324 0.015472412 0.0047302246

1492574271484 GRAVITY -0.4614596 9.588309 -2.005433

1492574271491 LINEAR_ACCELERATION -0.09628102 -0.049933434 5.773306E-4

1492574271493 ROTATION_VECTOR 0.046666585 0.7746424 0.6269831

1492574271531 MAGNETIC_FIELD 6.111145 -38.16986 27.636719

1492574271657 ACCELEROMETER -0.5076294 9.375931 -2.013565

1492574271663 GYROSCOPE 0.009017944 -0.001083374 0.018371582

1492574271686 GRAVITY -0.46268633 9.588011 -2.0065792

1492574271693 LINEAR_ACCELERATION -0.069131255 -0.016147614 -0.054078102

1492574271697 ROTATION_VECTOR 0.0452626 0.7747634 0.62705106

1492574271723 MAGNETIC_FIELD 6.237793 -38.31482 27.041626

1492574271886 GRAVITY -0.44927242 9.582202 -2.0371435

1492574271893 LINEAR_ACCELERATION 0.019917488 0.02615738 0.027562499

1492574271895 ROTATION_VECTOR 0.04963685 0.77550083 0.62553483

1492574271922 ACCELEROMETER -0.45291138 9.380554 -2.0689545

1492574271927 GYROSCOPE 0.0069274902 -0.005722046 0.028808594

1492574271977 MAGNETIC_FIELD 5.795288 -36.665344 26.373291

1492574272080 GRAVITY -0.4079343 9.576055 -2.0744023

1492574272081 LINEAR_ACCELERATION -0.0015366077 -0.039783478 -0.023869038

1492574272081 ROTATION_VECTOR 0.052155405 0.77655965 0.62411153

1492574272139 MAGNETIC_FIELD 5.1086426 -38.313293 28.155518

1492574272140 GYROSCOPE 0.010070801 -0.009185791 0.025466919

1492574272281 GRAVITY -0.37558168 9.568185 -2.1164021

1492574272284 LINEAR_ACCELERATION -0.0352439 0.008038521 -0.040020943

1492574272287 ROTATION_VECTOR 0.054654397 0.77776563 0.6224311

1492574272306 ACCELEROMETER -0.42340088 9.39473 -2.114746

1492574272311 ACCELEROMETER -0.36714172 9.369629 -2.1421509

1492574272313 GYROSCOPE 0.0016326904 -0.0077056885 0.01902771

1492574272372 MAGNETIC_FIELD 6.2545776 -37.96997 27.830505

1492574272489 GRAVITY -0.36300683 9.567275 -2.1227002

1492574272493 LINEAR_ACCELERATION -0.047445595 0.005288124 -0.03303218

1492574272496 ROTATION_VECTOR 0.05530575 0.777926 0.62220955

1492574272501 ACCELEROMETER -0.3532257 9.383713 -2.1026764

1492574272503 GYROSCOPE -0.0033416748 -0.018859863 0.023483276

1492574272574 MAGNETIC_FIELD 6.150818 -36.46698 27.81372

1492574272685 GRAVITY -0.33499116 9.568323 -2.1225827

1492574272691 LINEAR_ACCELERATION 0.0011735857 -0.0014600754 0.0117640495

1492574272696 ROTATION_VECTOR 0.058851197 0.777662 0.62210256

1492574272698 ACCELEROMETER -0.35354614 9.398315 -2.1469727

1492574272701 GYROSCOPE -0.005340576 -0.0055236816 0.012191772

1492574272770 MAGNETIC_FIELD 5.558777 -36.965942 27.233887

1492574272883 GRAVITY -0.3237703 9.567184 -2.1294477

1492574272887 LINEAR_ACCELERATION -0.02614966 0.07253456 -0.0029785633

1492574272894 ROTATION_VECTOR 0.061805256 0.77765787 0.6216425

1492574272896 ACCELEROMETER -0.34812927 9.372681 -2.117035

1492574272899 GYROSCOPE 0.005935669 -0.009857178 0.012863159

1492574272963 MAGNETIC_FIELD 5.453491 -37.13379 27.210999

1492574273083 GRAVITY -0.312291 9.561523 -2.1564136

1492574273091 LINEAR_ACCELERATION -0.021044135 -0.008635521 -0.049804926

1492574273094 ROTATION_VECTOR 0.06278351 0.77846307 0.62055063

1492574273096 ACCELEROMETER -0.36027527 9.379562 -2.177887

1492574273099 GYROSCOPE 0.0036621094 -0.0019836426 0.013763428

1492574273160 MAGNETIC_FIELD 5.0201416 -36.323547 27.264404

1492574273284 GRAVITY -0.31390107 9.5562935 -2.1792467

1492574273290 LINEAR_ACCELERATION -0.040848672 -0.021323204 -0.03188467

1492574273294 ROTATION_VECTOR 0.063163474 0.7791797 0.61958176

1492574273297 ACCELEROMETER -0.34094238 9.362335 -2.175537

1492574273299 GYROSCOPE 0.0022888184 -0.01461792 0.018844604

1492574273353 MAGNETIC_FIELD 5.581665 -36.824036 27.920532

1492574273484 ACCELEROMETER -0.33010864 9.388077 -2.1602478

1492574273490 GRAVITY -0.29678184 9.554117 -2.1911542

1492574273492 LINEAR_ACCELERATION -0.031583935 -0.029913902 -0.030529499

1492574273495 ROTATION_VECTOR 0.06542853 0.77938235 0.61902094

1492574273497 GYROSCOPE -0.0012207031 -0.0038909912 0.011276245

1492574273550 MAGNETIC_FIELD 4.962158 -37.135315 27.259827

1492574273682 ACCELEROMETER -0.31829834 9.379669 -2.17836

1492574273686 GYROSCOPE -0.020584106 0.015731812 0.0021209717

1492574273688 GRAVITY -0.29477683 9.556212 -2.1822724

1492574273691 LINEAR_ACCELERATION -0.059585035 -0.005917549 0.033281326

1492574273694 ROTATION_VECTOR 0.06479752 0.7791445 0.6194526

1492574273744 MAGNETIC_FIELD 6.159973 -37.654114 27.11792

1492574273873 ACCELEROMETER -0.3015442 9.393219 -2.1013489

1492574273882 GYROSCOPE -0.021713257 0.0021514893 0.007003784

1492574273885 GRAVITY -0.29564226 9.561084 -2.160708

1492574273887 LINEAR_ACCELERATION 0.0055888295 0.0065956116 -0.011304617

1492574273890 ROTATION_VECTOR 0.06337679 0.77855563 0.6204459

1492574273936 MAGNETIC_FIELD 7.3776245 -37.831116 28.10669

1492574274071 ACCELEROMETER -0.3612213 9.350143 -2.1118164

1492574274075 GYROSCOPE -0.021240234 0.015930176 -3.3569336E-4

1492574274080 GRAVITY -0.29119462 9.570668 -2.1184683

1492574274083 LINEAR_ACCELERATION -0.00351125 0.05811405 -0.03829813

1492574274085 ROTATION_VECTOR 0.066208236 0.77693516 0.6219233

1492574274191 MAGNETIC_FIELD 6.486511 -37.69989 27.583313

1492574274281 GRAVITY -0.30367854 9.570436 -2.1177688

1492574274291 LINEAR_ACCELERATION -0.09162146 -0.079092026 -0.09412575

1492574274294 ROTATION_VECTOR 0.06785898 0.7767698 0.6217005

1492574274323 ACCELEROMETER -0.335083 9.373276 -2.0886383

1492574274327 GYROSCOPE 0.01159668 0.003112793 0.008361816

1492574274387 MAGNETIC_FIELD 4.9301147 -39.253235 26.867676

1492574274478 GRAVITY -0.30130887 9.566754 -2.1346712

1492574274484 LINEAR_ACCELERATION -0.04884824 -0.030911446 0.02389574

1492574274487 ROTATION_VECTOR 0.06678305 0.7774175 0.6211406

1492574274521 ACCELEROMETER -0.29179382 9.390717 -2.142395

1492574274525 GYROSCOPE 0.0070648193 -0.012741089 0.020401001

1492574274586 MAGNETIC_FIELD 5.793762 -37.483215 27.670288

1492574274682 GRAVITY -0.2722996 9.563609 -2.1525862

1492574274687 LINEAR_ACCELERATION -0.027080536 0.05233574 -0.013885975

1492574274700 ROTATION_VECTOR 0.06984684 0.77773565 0.6203523

1492574274716 ACCELEROMETER -0.3361969 9.361786 -2.1847382

1492574274720 GYROSCOPE 0.009719849 -0.010406494 0.018814087

1492574274779 MAGNETIC_FIELD 5.0872803 -38.39569 28.050232

1492574274885 GRAVITY -0.27101555 9.5548115 -2.1914659

1492574274915 LINEAR_ACCELERATION -0.07843202 -0.040115356 -0.05273938

1492574274920 ROTATION_VECTOR 0.071288615 0.7788784 0.6186568

1492574274922 ACCELEROMETER -0.46905518 9.445557 -1.5930176

1492574274925 GYROSCOPE 0.10543823 0.037384033 0.048706055

1492574274972 MAGNETIC_FIELD 4.298401 -35.865784 29.386902

1492574275078 GRAVITY -0.21929005 9.539785 -2.2615883

1492574275083 LINEAR_ACCELERATION -0.4381118 0.354661 1.047265

1492574275089 ROTATION_VECTOR 0.060059533 0.7821137 0.61715937

1492574275103 ACCELEROMETER -0.7241821 8.242706 -1.0225067

1492574275106 GYROSCOPE 0.82077026 -0.31806946 0.35388184

1492574275171 MAGNETIC_FIELD 4.673767 -28.269958 37.78076

1492574275277 GRAVITY 0.18164168 9.07576 -3.7105207

1492574275283 LINEAR_ACCELERATION -0.8976646 -0.64750576 2.7039738

1492574275286 ROTATION_VECTOR 0.103152685 0.8237375 0.5544637

1492574275298 ACCELEROMETER -0.1177063 6.9279327 -3.5124054

1492574275304 GYROSCOPE 2.1218872 -1.2799072 1.0820007

1492574275363 MAGNETIC_FIELD 13.032532 -12.310791 44.052124

1492574275477 GRAVITY 0.34603465 6.737418 -7.117432

1492574275483 LINEAR_ACCELERATION -0.28104135 0.15179443 2.9922094

1492574275486 ROTATION_VECTOR 0.24249981 0.8967061 0.3619338

1492574275495 ACCELEROMETER 1.704071 1.8831177 -7.8937073

1492574275497 GYROSCOPE 2.744522 0.4811859 0.4067688

1492574275563 MAGNETIC_FIELD 0.79345703 18.452454 44.42444

1492574275685 GRAVITY 1.7995882 2.5969644 -9.28373

1492574275715 LINEAR_ACCELERATION 1.3467432 -0.6725321 3.7036486

1492574275735 ROTATION_VECTOR -0.29550663 -0.94128335 -0.15590416

1492574275738 ACCELEROMETER 6.7864685 0.29058838 -9.025604

1492574275738 GYROSCOPE 1.2766571 0.7837677 1.8969269

1492574275751 MAGNETIC_FIELD -4.8797607 21.388245 43.103027

1492574275876 GRAVITY 4.439602 -0.983989 -8.688618

1492574275876 LINEAR_ACCELERATION 10.877965 1.2091162 5.113059

1492574275879 ROTATION_VECTOR -0.39887092 -0.88538027 -0.048640747

1492574275881 ACCELEROMETER 1.1242523 -6.303543 -10.856903

1492574275882 GYROSCOPE -0.57040405 -1.7996216 -1.0032654

1492574275947 MAGNETIC_FIELD 15.113831 13.88092 43.72711

1492574276076 GRAVITY -0.59393793 0.5655203 -9.772298

1492574276076 LINEAR_ACCELERATION -4.0308785 -5.795315 1.0926647

1492574276077 ACCELEROMETER 1.2885437 -0.73480225 -10.953827

1492574276078 GYROSCOPE -2.4790344 -2.6624146 0.90444946

1492574276083 ROTATION_VECTOR 0.3681928 0.9288071 0.015658429

1492574276143 MAGNETIC_FIELD 44.15741 3.1265259 22.615051

1492574276277 GRAVITY -5.623529 3.576963 -7.193862

1492574276286 LINEAR_ACCELERATION 8.725782 -4.5396385 -1.5803428

1492574276289 ROTATION_VECTOR 0.48664784 0.7936994 0.006020713

1492574276343 ACCELEROMETER -5.092209 0.65800476 -11.760864

1492574276348 GYROSCOPE -1.9668427 -1.1676483 -1.6662903

1492574276406 MAGNETIC_FIELD 47.447205 8.195496 -4.133606

1492574276476 GRAVITY -8.42756 3.9966767 -3.0287304

1492574276477 LINEAR_ACCELERATION -0.05482292 -2.4440298 -5.7401032

1492574276479 ROTATION_VECTOR 0.24797751 0.7700191 0.07694918

1492574276533 ACCELEROMETER -11.373657 -2.4186401 6.6051025

1492574276534 GYROSCOPE -2.0026093 -4.0131226 -2.989853

1492574276600 MAGNETIC_FIELD 33.898926 28.21045 -20.681763

1492574276681 GRAVITY -9.23547 -0.88312113 3.1775124

1492574276684 LINEAR_ACCELERATION -10.13686 -3.7344208 9.97011

1492574276689 ROTATION_VECTOR -0.042090442 0.57984513 -0.018607013

1492574276730 ACCELEROMETER -4.746048 -4.791748 6.6905823

1492574276733 GYROSCOPE -0.7688904 -1.7599945 0.6759491

1492574276795 MAGNETIC_FIELD 37.10785 26.68457 -20.259094

1492574276878 GRAVITY -8.0401535 -0.73735064 5.566204

1492574276883 LINEAR_ACCELERATION 4.277982 -6.599665 5.2926292

1492574276886 ROTATION_VECTOR -0.08680969 0.45680046 0.08516583

1492574276925 ACCELEROMETER -5.3529663 -2.2833405 6.680435

1492574276930 GYROSCOPE -0.09715271 -0.24856567 0.23268127

1492574276990 MAGNETIC_FIELD 37.14142 27.087402 -18.771362

1492574277078 GRAVITY -7.7733436 -0.6883686 5.9389954

1492574277083 LINEAR_ACCELERATION 1.8743014 -1.1854594 -0.19594431

1492574277086 ROTATION_VECTOR -0.09550611 0.4336751 0.11476554

1492574277121 ACCELEROMETER -7.391342 -1.532196 6.0363617

1492574277124 GYROSCOPE 0.05819702 0.33180237 0.120895386

1492574277186 MAGNETIC_FIELD 39.492798 25.317383 -17.488098

1492574277278 GRAVITY -8.133297 -0.45376903 5.4602165

1492574277283 LINEAR_ACCELERATION -0.08722925 -0.79221284 0.2689891

1492574277286 ROTATION_VECTOR -0.09269244 0.461535 0.12526704

1492574277316 ACCELEROMETER -8.3680725 -1.4301453 4.386017

1492574277319 GYROSCOPE 0.110946655 0.22434998 0.114730835

1492574277381 MAGNETIC_FIELD 40.449524 24.464417 -15.388489

1492574277478 GRAVITY -8.389579 -0.22147366 5.073096

1492574277483 LINEAR_ACCELERATION -0.9234867 -0.90167975 -2.7320437

1492574277486 ROTATION_VECTOR -0.085435085 0.4837819 0.12878683

1492574277515 ACCELEROMETER -7.713211 -1.1220245 5.51709

1492574277518 GYROSCOPE 0.08074951 0.054733276 0.10081482

1492574277576 MAGNETIC_FIELD 40.69519 22.683716 -15.45105

1492574277681 GRAVITY -8.423615 -0.039114892 5.0211124

1492574277683 LINEAR_ACCELERATION 0.6478729 -1.1544354 0.60039663

1492574277686 ROTATION_VECTOR -0.079828605 0.4874648 0.13653184

1492574277707 ACCELEROMETER -7.788971 -0.71469116 5.2657623

1492574277710 GYROSCOPE 0.13269043 0.24133301 0.33900452

1492574277773 MAGNETIC_FIELD 43.82782 19.10553 -13.7161255

1492574277878 GRAVITY -8.620086 0.5434708 4.6442595

1492574277884 LINEAR_ACCELERATION 0.6269245 -1.2874411 0.97020054

1492574277887 ROTATION_VECTOR -0.064361915 0.50898546 0.16105406

1492574277967 ACCELEROMETER -8.546402 0.6244354 5.882843

1492574277972 GYROSCOPE 0.21157837 -0.01725769 0.97229004

1492574277975 MAGNETIC_FIELD 44.9646 6.6833496 -15.550232

1492574278078 GRAVITY -8.501326 1.7907588 4.548739

1492574278083 LINEAR_ACCELERATION -0.34414864 -1.044618 1.3906007

1492574278086 ROTATION_VECTOR -0.028024936 0.5170043 0.22139576

1492574278097 ACCELEROMETER -8.292465 4.4656067 6.8112335

1492574278100 GYROSCOPE 1.3303528 -0.05038452 1.7788696

1492574278161 MAGNETIC_FIELD 43.86444 -18.408203 -8.430481

1492574278305 GRAVITY -7.0785193 5.618583 3.8074229

1492574278312 LINEAR_ACCELERATION -1.2236834 -1.8667192 2.377269

1492574278313 ROTATION_VECTOR 0.15138519 0.53193796 0.31956694

1492574278313 ACCELEROMETER -6.650009 6.9250336 3.8150787

1492574278314 GYROSCOPE 3.4759064 0.64282227 1.7184601

1492574278421 MAGNETIC_FIELD 35.88867 -31.632996 9.501648

1492574278476 GRAVITY -4.7341623 8.4245615 -1.6687906

1492574278476 LINEAR_ACCELERATION -2.0725574 -0.3801117 4.9514112

1492574278479 ROTATION_VECTOR 0.4001014 0.65192294 0.3135409

1492574278551 ACCELEROMETER -1.9970093 3.8922882 -1.101654

1492574278554 GYROSCOPE 1.1529236 -3.005844 0.6211395

1492574278617 MAGNETIC_FIELD 27.772522 -27.339172 -22.531128

1492574278681 GRAVITY -5.1891704 8.303684 -0.5401106

1492574278683 LINEAR_ACCELERATION 2.945877 -6.4899597 -1.7582507

1492574278686 ROTATION_VECTOR 0.5833397 0.43272713 0.05472054

1492574278746 ACCELEROMETER -6.084503 5.5616913 4.8606873

1492574278747 GYROSCOPE -1.0595093 -5.6974945 -1.6695251

1492574278816 MAGNETIC_FIELD 10.47821 -17.138672 -41.723633

1492574278880 GRAVITY -4.8303523 5.8981066 6.168503

1492574278883 LINEAR_ACCELERATION -5.5975122 0.566092 1.3133149

1492574278884 ROTATION_VECTOR 0.41689843 0.10811846 -0.37823427

1492574278947 ACCELEROMETER -6.963974 3.8410187 7.475891

1492574278954 GYROSCOPE -0.04534912 -1.1696014 -2.0494232

1492574279017 MAGNETIC_FIELD 8.001709 -9.80072 -44.696045

1492574279086 GRAVITY -5.4263096 3.805532 7.2279654

1492574279095 LINEAR_ACCELERATION 0.3369398 -0.41685247 0.07852793

1492574279097 ROTATION_VECTOR 0.34596914 0.108543485 -0.5678359

1492574279143 ACCELEROMETER -4.4162445 3.3916779 8.141541

1492574279146 GYROSCOPE -0.40376282 -1.2177429 -0.39793396

1492574279207 MAGNETIC_FIELD -6.376648 -6.7230225 -47.554016

1492574279282 GRAVITY -3.586979 2.952671 8.636301

1492574279282 LINEAR_ACCELERATION -0.0021002293 -0.2345767 3.479272

1492574279282 ROTATION_VECTOR 0.23987722 0.046153005 -0.61875564

1492574279338 ACCELEROMETER -1.5423737 2.726715 9.170029

1492574279339 GYROSCOPE -0.08328247 -1.2313232 -0.09176636

1492574279403 MAGNETIC_FIELD -13.291931 -5.758667 -45.124817

1492574279477 GRAVITY -1.5063272 2.7330942 9.296858

1492574279477 LINEAR_ACCELERATION 0.4480654 0.10730195 0.5354357

1492574279479 ROTATION_VECTOR 0.15767518 -0.033626243 -0.6461728

1492574279527 ACCELEROMETER -0.39038086 2.890274 9.461731

1492574279527 GYROSCOPE 0.05645752 -0.42300415 0.17805481

