1492574207860 MAGNETIC_FIELD 7.3745728 -13.975525 -43.75763

1492574207965 ACCELEROMETER -4.047241 6.736786 5.981537

1492574208055 GYROSCOPE 0.5500183 1.0608978 0.20835876

1492574208064 GRAVITY -3.9671526 6.736592 5.920339

1492574208064 LINEAR_ACCELERATION 0.056816816 -0.25961924 1.4386654

1492574208066 ROTATION_VECTOR 0.431198 0.110521525 -0.24858789

1492574208120 MAGNETIC_FIELD 17.723083 -19.82727 -37.721252

1492574208160 ACCELEROMETER -5.7953796 8.307571 5.697113

1492574208250 GYROSCOPE 0.9886627 2.4343567 0.7717438

1492574208264 GRAVITY -4.6212273 7.464959 4.3690987

1492574208264 LINEAR_ACCELERATION 0.08911228 0.5375228 -0.8943062

1492574208266 ROTATION_VECTOR 0.49294254 0.18505566 -0.16488425

1492574208361 MAGNETIC_FIELD 27.339172 -28.93982 -21.070862

1492574208406 ACCELEROMETER -4.9637604 8.441666 -1.1203156

1492574208407 GYROSCOPE 0.016403198 3.8231049 1.1530457

1492574208464 GRAVITY -4.9008408 8.479528 0.49973935

1492574208464 LINEAR_ACCELERATION -2.1363702 -0.81556034 -1.9463186

1492574208466 ROTATION_VECTOR 0.6017316 0.33532 -0.011350199

1492574208517 MAGNETIC_FIELD 29.008484 -38.952637 0.97198486

1492574208602 ACCELEROMETER -0.7162781 7.3455048 -2.2927399

1492574208602 GYROSCOPE -0.8274536 2.4826965 1.2053223

1492574208664 GRAVITY 0.32621217 9.775653 -0.7075183

1492574208664 LINEAR_ACCELERATION 1.1017486 -0.90454006 1.1011643

1492574208666 ROTATION_VECTOR 0.52898824 0.50620633 0.48706272

1492574208712 MAGNETIC_FIELD 17.895508 -42.00287 0.86517334

1492574208796 ACCELEROMETER 1.6218414 9.194565 1.67659

1492574208864 GRAVITY 0.36250496 9.641465 1.7553153

1492574208864 LINEAR_ACCELERATION 1.4023916 0.34746456 1.7734458

1492574208866 ROTATION_VECTOR 0.41583222 0.48742938 0.60241866

1492574208907 GYROSCOPE -1.0482941 0.85565186 -0.31040955

1492574208908 MAGNETIC_FIELD 21.624756 -40.37628 -5.3894043

1492574208992 ACCELEROMETER -0.70207214 9.2491455 1.4184265

1492574209064 GRAVITY -0.3250776 9.211813 3.347717

1492574209064 LINEAR_ACCELERATION 0.7924988 1.1414137 -2.2119877

1492574209066 ROTATION_VECTOR 0.35539502 0.45056444 0.6247138

1492574209102 GYROSCOPE -1.2112274 0.3559265 -0.20991516

1492574209103 MAGNETIC_FIELD 24.110413 -37.394714 -12.380981

1492574209187 ACCELEROMETER -0.9466553 7.8947906 4.679352

1492574209264 GRAVITY 0.4667085 8.150588 5.433276

1492574209264 LINEAR_ACCELERATION -2.824359 -1.3895679 -0.7424383

1492574209266 ROTATION_VECTOR 0.32113156 0.34620014 0.6794776

1492574209298 GYROSCOPE -0.89959717 -0.34295654 0.65844727

1492574209298 MAGNETIC_FIELD 18.008423 -37.03003 -19.615173

1492574209383 ACCELEROMETER 0.38414 8.787704 5.4333496

1492574209464 GRAVITY 0.70728993 8.275264 5.2144175

1492574209464 LINEAR_ACCELERATION -0.764401 0.42900276 -0.38295984

1492574209466 ROTATION_VECTOR 0.3287292 0.35507157 0.69047403

1492574209493 GYROSCOPE 0.21670532 0.43922424 -0.08596802

1492574209494 MAGNETIC_FIELD 20.280457 -37.51831 -15.460205

1492574209578 ACCELEROMETER 0.1255951 4.613785 5.3829193

1492574209664 GRAVITY -0.21183914 9.443844 2.6342578

1492574209664 LINEAR_ACCELERATION -0.023762628 -6.6250277 3.770392

1492574209666 ROTATION_VECTOR 0.2890357 0.5311766 0.69086015

1492574209689 GYROSCOPE 2.1878967 0.7595978 0.05557251

1492574209689 MAGNETIC_FIELD 23.112488 -40.060425 3.4881592

1492574209773 ACCELEROMETER -0.4744873 11.3376465 0.706131

1492574209864 GRAVITY -0.10919354 9.724899 1.2588854

1492574209864 LINEAR_ACCELERATION 0.90310585 2.1200333 0.40559876

1492574209866 ROTATION_VECTOR 0.3522798 0.5583132 0.63069975

1492574209884 GYROSCOPE -0.039627075 0.26889038 -0.006088257

1492574209884 MAGNETIC_FIELD 23.554993 -39.855957 3.302002

1492574209968 ACCELEROMETER -1.0740967 9.358917 0.9920807

1492574210064 GRAVITY -1.3175282 9.713974 -0.27058834

1492574210064 LINEAR_ACCELERATION 2.7634525 -0.2734928 0.31952068

1492574210066 ROTATION_VECTOR 0.20445734 0.68701774 0.63552076

1492574210079 GYROSCOPE 0.5014343 2.4306793 -0.6984863

1492574210079 MAGNETIC_FIELD 22.987366 -35.542297 18.296814

1492574210164 ACCELEROMETER -3.4250488 9.178482 -0.30332947

1492574210264 GRAVITY -1.7311873 9.627691 -0.6934973

1492574210264 LINEAR_ACCELERATION -0.2263397 -0.8698969 -1.1674519

1492574210267 ROTATION_VECTOR 0.17754106 0.70981526 0.6215651

1492574210274 GYROSCOPE 0.17718506 -0.39915466 0.10984802

1492574210359 ACCELEROMETER -2.3508453 9.358353 -0.4984131

1492574210360 MAGNETIC_FIELD 24.085999 -36.994934 17.799377

1492574210464 GRAVITY -1.6658514 9.631236 -0.7966293

1492574210464 LINEAR_ACCELERATION -0.7107841 -0.6366539 0.34220892

1492574210466 ROTATION_VECTOR 0.19312389 0.7094505 0.61407125

1492574210469 GYROSCOPE 0.088027954 -0.14630127 0.080078125

1492574210555 ACCELEROMETER -1.9075623 9.268433 -0.77604675

1492574210556 MAGNETIC_FIELD 23.216248 -35.26001 17.837524

1492574210675 GRAVITY -1.8130156 9.618227 -0.61078656

1492574210681 LINEAR_ACCELERATION -0.95493495 -0.635355 0.13230622

1492574210684 ROTATION_VECTOR 0.1890722 0.7038417 0.6169386

1492574210686 GYROSCOPE -0.15237427 0.022598267 -0.11557007

1492574210763 ACCELEROMETER -2.3580933 9.341736 -0.571167

1492574210770 MAGNETIC_FIELD 25.064087 -36.149597 17.578125

1492574210875 GRAVITY -1.9110688 9.603027 -0.5477899

1492574210881 LINEAR_ACCELERATION -0.5511497 -0.50409985 0.13407922

1492574210884 ROTATION_VECTOR 0.1840094 0.7029012 0.61793053

1492574210886 GYROSCOPE -0.011108398 -0.008865356 0.028884888

1492574210956 MAGNETIC_FIELD 24.591064 -36.260986 17.945862

1492574211073 ACCELEROMETER -2.3782654 9.204147 -0.57987976

1492574211079 GRAVITY -1.9599735 9.597004 -0.47581875

1492574211082 LINEAR_ACCELERATION -0.5223117 -0.48456192 -0.05352506

1492574211084 GYROSCOPE -0.07696533 0.050933838 -0.05871582

1492574211087 ROTATION_VECTOR 0.1799235 0.70134693 0.62029696

1492574211154 MAGNETIC_FIELD 25.463867 -36.44867 17.10968

1492574211264 ACCELEROMETER -2.4889832 9.233673 -0.35391235

1492574211277 GYROSCOPE -0.10253906 0.050109863 -0.06919861

1492574211280 GRAVITY -2.2293017 9.543455 -0.35082164

1492574211282 LINEAR_ACCELERATION -0.27980375 -0.23642445 -0.07528028

1492574211285 ROTATION_VECTOR 0.16794953 0.6997713 0.6206097

1492574211347 MAGNETIC_FIELD 25.523376 -36.195374 15.907288

1492574211457 ACCELEROMETER -2.6950684 9.141998 -0.21626282

1492574211469 GYROSCOPE -0.04222107 -0.0368042 6.866455E-4

1492574211471 GRAVITY -2.406503 9.50474 -0.1976026

1492574211474 LINEAR_ACCELERATION -0.34988642 -0.25312424 0.11134359

1492574211476 ROTATION_VECTOR 0.15812433 0.69647086 0.62365955

1492574211544 MAGNETIC_FIELD 25.054932 -36.82251 16.616821

1492574211653 ACCELEROMETER -2.6262054 9.188232 -0.099868774

1492574211657 GYROSCOPE 0.0015563965 0.009124756 3.9672852E-4

1492574211686 GRAVITY -2.4720953 9.488532 -0.16400312

1492574211688 LINEAR_ACCELERATION -0.1765275 -0.20940208 0.14137697

1492574211692 ROTATION_VECTOR 0.15606497 0.69570506 0.62337065

1492574211726 MAGNETIC_FIELD 25.648499 -35.705566 16.186523

1492574211841 ACCELEROMETER -2.6822357 9.13298 -0.1985321

1492574211843 GYROSCOPE -0.013076782 0.027496338 -0.02520752

1492574211868 GRAVITY -2.563389 9.463968 -0.18088165

1492574211871 LINEAR_ACCELERATION -0.1856947 -0.1486845 -0.04955636

1492574211873 ROTATION_VECTOR 0.15374275 0.6968397 0.62085074

1492574211928 MAGNETIC_FIELD 25.718689 -37.37793 16.278076

1492574212043 ACCELEROMETER -2.8261108 9.119888 -0.18041992

1492574212047 GYROSCOPE -0.008758545 0.009384155 -0.0055236816

1492574212073 GRAVITY -2.635062 9.444398 -0.17374806

1492574212077 LINEAR_ACCELERATION -0.07471347 -0.025283813 0.026466861

1492574212080 ROTATION_VECTOR 0.15169916 0.69702655 0.61954033

1492574212127 MAGNETIC_FIELD 25.262451 -35.168457 16.94336

1492574212237 ACCELEROMETER -2.6999817 9.1723175 -0.14472961

1492574212243 GYROSCOPE -0.04698181 0.14093018 -0.0041656494

1492574212270 GRAVITY -2.7452996 9.41334 -0.15085638

1492574212277 LINEAR_ACCELERATION -0.029868603 0.103206635 0.063643664

1492574212279 ROTATION_VECTOR 0.14233348 0.6981638 0.62076837

1492574212322 MAGNETIC_FIELD 26.361084 -35.414124 16.873169

1492574212431 ACCELEROMETER -2.8489227 9.106155 -0.11175537

1492574212473 GRAVITY -2.7462204 9.413207 -0.14210674

1492574212476 LINEAR_ACCELERATION -0.21996093 -0.06408024 0.09288813

1492574212481 ROTATION_VECTOR 0.13087875 0.70008296 0.62626964

1492574212517 GYROSCOPE -0.034088135 0.1426239 0.031936646

1492574212522 MAGNETIC_FIELD 25.968933 -35.59723 16.976929

1492574212627 ACCELEROMETER -2.8198853 9.14534 -0.13545227

1492574212672 GRAVITY -2.7465158 9.412901 -0.15599966

1492574212677 LINEAR_ACCELERATION -0.25202775 -0.0711956 0.06802596

1492574212681 ROTATION_VECTOR 0.12075147 0.70240504 0.6303567

1492574212708 GYROSCOPE 0.010238647 0.049087524 0.024124146

1492574212713 MAGNETIC_FIELD 26.493835 -37.773132 18.209839

1492574212822 ACCELEROMETER -2.6858826 9.080368 -0.20350647

1492574212873 GRAVITY -2.7307634 9.416662 -0.19946183

1492574212881 LINEAR_ACCELERATION -0.086262226 -0.086185455 0.055834576

1492574212892 ROTATION_VECTOR 0.12087391 0.70395964 0.62950253

1492574212905 GYROSCOPE 0.05921936 0.013473511 0.01802063

1492574212909 MAGNETIC_FIELD 25.1297 -36.968994 17.164612

1492574213015 ACCELEROMETER -2.7822876 9.063721 -0.38368225

1492574213072 ROTATION_VECTOR 0.12521827 0.7065764 0.62559825

1492574213090 GRAVITY -2.705584 9.421489 -0.2928238

1492574213091 LINEAR_ACCELERATION -0.11588168 0.0064764023 0.0038229823

1492574213093 GYROSCOPE 0.0743103 -0.100357056 0.005569458

1492574213212 ACCELEROMETER -2.579422 9.201492 -0.4611969

1492574213212 MAGNETIC_FIELD 25.093079 -34.091187 16.377258

1492574213268 GRAVITY -2.7477021 9.404198 -0.42612755

1492574213268 LINEAR_ACCELERATION 0.25099468 0.014066696 -0.046284497

1492574213269 ROTATION_VECTOR 0.13408113 0.70975256 0.6162783

1492574213297 GYROSCOPE 0.0526886 -0.010482788 0.0035552979

1492574213407 ACCELEROMETER -2.7703705 9.203262 -0.5536041

1492574213408 MAGNETIC_FIELD 23.912048 -35.295105 18.637085

1492574213476 GRAVITY -2.7243989 9.405533 -0.5329135

1492574213484 LINEAR_ACCELERATION -0.16516614 0.047893524 -0.23411167

1492574213489 ROTATION_VECTOR 0.14393713 0.7116552 0.609441

1492574213492 GYROSCOPE 0.010604858 -0.063446045 0.018356323

1492574213607 ACCELEROMETER -2.6764069 9.169891 -0.6483917

1492574213615 MAGNETIC_FIELD 25.309753 -35.31189 19.66095

1492574213675 GRAVITY -2.716965 9.405919 -0.5631853

1492574213687 LINEAR_ACCELERATION 0.027860641 0.0012073517 -0.19029355

1492574213690 ROTATION_VECTOR 0.14958434 0.711575 0.60623926

1492574213692 GYROSCOPE -0.047851563 -0.0315094 0.028686523

1492574213805 ACCELEROMETER -2.702301 9.052017 -0.4507904

1492574213811 MAGNETIC_FIELD 24.716187 -35.842896 18.856812

1492574213870 GRAVITY -2.6866405 9.418897 -0.48655155

1492574213875 LINEAR_ACCELERATION -0.09259629 -0.17993927 -0.03691095

1492574213878 ROTATION_VECTOR 0.15271555 0.70815617 0.60814494

1492574213881 GYROSCOPE -0.0059509277 -0.037246704 0.021636963

1492574213992 ACCELEROMETER -2.6703491 9.166229 -0.46546936

1492574213996 MAGNETIC_FIELD 25.413513 -35.47821 18.110657

1492574214075 GRAVITY -2.684157 9.421656 -0.44506773

1492574214078 LINEAR_ACCELERATION -0.08203673 0.005350113 -0.06001076

1492574214081 ROTATION_VECTOR 0.15384693 0.7064158 0.6089377

1492574214084 GYROSCOPE -0.0037994385 -0.025817871 0.016433716

1492574214183 ACCELEROMETER -2.6009827 9.188171 -0.53767395

1492574214186 MAGNETIC_FIELD 24.911499 -35.72998 18.8797

1492574214270 GRAVITY -2.65446 9.430298 -0.44012833

1492574214273 LINEAR_ACCELERATION -0.011039972 0.004635811 -0.04499829

1492574214275 GYROSCOPE -0.029769897 0.03100586 0.030334473

1492574214286 ROTATION_VECTOR 0.15944882 0.70515305 0.60911334

1492574214376 ACCELEROMETER -2.5795593 9.193909 -0.5257416

1492574214377 MAGNETIC_FIELD 25.3479 -35.583496 17.025757

1492574214466 GYROSCOPE -0.057678223 0.04034424 0.022842407

1492574214467 GRAVITY -2.5794141 9.452888 -0.3998926

1492574214468 LINEAR_ACCELERATION -0.039030313 -0.009439468 -0.13938424

1492574214469 ROTATION_VECTOR 0.1581555 0.7038293 0.611889

1492574214582 MAGNETIC_FIELD 25.064087 -35.751343 17.572021

1492574214673 ACCELEROMETER -2.6144104 9.173325 -0.36135864

1492574214683 GYROSCOPE -0.030349731 -0.012069702 0.036605835

1492574214691 GRAVITY -2.5675426 9.458974 -0.32546955

1492574214696 LINEAR_ACCELERATION -0.06397343 -4.3582916E-4 -0.05976975

1492574214712 ROTATION_VECTOR 0.15548317 0.70172596 0.6157051

1492574214765 MAGNETIC_FIELD 23.41156 -37.609863 16.177368

1492574214852 ACCELEROMETER -2.545868 9.215912 -0.25737

1492574214854 GYROSCOPE -0.017501831 -0.032546997 0.0211792

1492574214866 GRAVITY -2.5447893 9.467081 -0.26232708

1492574214868 LINEAR_ACCELERATION 0.03417325 -0.10493183 0.035466075

1492574214872 ROTATION_VECTOR 0.15612455 0.6992854 0.6180258

1492574214965 MAGNETIC_FIELD 25.021362 -36.413574 17.01355

1492574215052 ACCELEROMETER -2.4968567 9.256165 -0.23995972

1492574215055 GYROSCOPE -0.03315735 -0.069625854 0.013763428

1492574215070 GRAVITY -2.5300782 9.472634 -0.19566622

1492574215073 LINEAR_ACCELERATION 0.04957509 -0.015820503 -0.057489276

1492574215075 ROTATION_VECTOR 0.16216493 0.69547015 0.6176214

1492574215163 MAGNETIC_FIELD 23.87085 -35.5011 16.616821

1492574215249 ACCELEROMETER -2.478714 9.288681 -0.068099976

1492574215270 GRAVITY -2.5350547 9.47308 -0.06812074

1492574215273 LINEAR_ACCELERATION -0.039587736 -0.14388943 0.011042416

1492574215275 ROTATION_VECTOR 0.16110256 0.6910276 0.6215593

1492574215354 GYROSCOPE -0.048065186 -0.024124146 0.006790161

1492574215355 MAGNETIC_FIELD 24.217224 -36.58142 16.288757

1492574215444 ACCELEROMETER -2.421936 9.134781 -0.117111206

1492574215478 GRAVITY -2.5007088 9.482235 -0.06378259

1492574215484 LINEAR_ACCELERATION -0.046773434 0.016919136 -0.029016651

1492574215487 ROTATION_VECTOR 0.16404168 0.6901756 0.62147087

1492574215561 GYROSCOPE -0.023269653 0.008758545 0.014083862

1492574215569 MAGNETIC_FIELD 24.838257 -36.875916 14.892578

1492574215643 ACCELEROMETER -2.4772644 9.236404 -0.071395874

1492574215675 GRAVITY -2.4931726 9.484382 -0.031283572

1492574215684 LINEAR_ACCELERATION -0.102834225 0.0028438568 -0.04639575

1492574215687 ROTATION_VECTOR 0.16214229 0.6894236 0.62355655

1492574215755 GYROSCOPE -0.019195557 0.026565552 0.022918701

1492574215763 MAGNETIC_FIELD 24.247742 -37.013245 16.452026

1492574215841 ACCELEROMETER -2.459381 9.173294 -0.070114136

1492574215873 GRAVITY -2.4541159 9.49444 -0.05744598

1492574215880 LINEAR_ACCELERATION -0.065133095 -0.0897398 -0.06152389

1492574215883 ROTATION_VECTOR 0.1627014 0.6902588 0.6239125

1492574215952 GYROSCOPE 0.0061035156 0.011505127 0.032608032

1492574215958 MAGNETIC_FIELD 24.032593 -36.75995 16.531372

1492574216033 ACCELEROMETER -2.46315 9.235275 -0.090148926

1492574216076 GRAVITY -2.4562764 9.4936905 -0.08327153

1492574216082 LINEAR_ACCELERATION -0.019620895 -0.041527748 0.04683414

1492574216085 ROTATION_VECTOR 0.16060378 0.6917023 0.62410206

1492574216144 GYROSCOPE 2.1362305E-4 0.0013275146 0.0074310303

1492574216153 MAGNETIC_FIELD 24.313354 -36.756897 15.898132

1492574216231 ACCELEROMETER -2.41687 9.268173 -0.13145447

1492574216274 GRAVITY -2.4518237 9.49481 -0.08670576

1492574216282 LINEAR_ACCELERATION -0.011918783 0.0098724365 -0.052012935

1492574216285 ROTATION_VECTOR 0.16265711 0.69134897 0.6231881

1492574216317 GYROSCOPE -0.005996704 -0.0069274902 0.007156372

1492574216412 MAGNETIC_FIELD 24.481201 -37.130737 16.693115

1492574216516 ACCELEROMETER -2.4061584 9.267899 -0.18092346

1492574216522 GYROSCOPE 0.03553772 -0.025283813 0.02494812

1492574216604 ACCELEROMETER -2.3232574 9.23555 -0.18577576

1492574216613 MAGNETIC_FIELD 23.776245 -36.846924 17.012024

1492574216676 GRAVITY -2.3984232 9.507556 -0.15596981

1492574216684 LINEAR_ACCELERATION -0.009686232 -0.016990662 0.017910078

1492574216687 ROTATION_VECTOR 0.16928817 0.69231045 0.6199329

1492574216709 GYROSCOPE -0.0032958984 -0.020523071 0.022201538

1492574216802 MAGNETIC_FIELD 23.924255 -36.961365 16.426086

1492574216875 GRAVITY -2.3552446 9.518561 -0.14210182

1492574216884 LINEAR_ACCELERATION 0.020810127 -0.039398193 -0.07660681

1492574216902 ROTATION_VECTOR 0.17365308 0.69071686 0.6197396

1492574216921 ACCELEROMETER -2.3076477 9.278183 -0.17945862

1492574216925 GYROSCOPE -0.018005371 -0.017196655 0.024459839

1492574216991 MAGNETIC_FIELD 24.832153 -36.419678 16.259766

1492574217071 GRAVITY -2.3319638 9.524504 -0.1270927

1492574217071 LINEAR_ACCELERATION -0.10324359 0.022064209 -0.04819133

1492574217072 ROTATION_VECTOR 0.1761714 0.6895242 0.6197614

1492574217096 ACCELEROMETER -2.3130798 9.312241 -0.1068573

1492574217096 GYROSCOPE -0.0026855469 -0.009292603 0.030639648

1492574217187 MAGNETIC_FIELD 22.969055 -37.92572 14.381409

1492574217271 GRAVITY -2.2688508 9.539747 -0.1261982

1492574217271 LINEAR_ACCELERATION 0.009052038 -0.009267807 0.010317199

1492574217272 ROTATION_VECTOR 0.17813314 0.68898684 0.6210306

1492574217291 ACCELEROMETER -2.2301025 9.27916 -0.09126282

1492574217291 GYROSCOPE -7.7819824E-4 0.010009766 0.022735596

1492574217381 MAGNETIC_FIELD 24.952698 -36.83777 15.545654

1492574217487 GRAVITY -2.2689228 9.539817 -0.11948372

1492574217517 LINEAR_ACCELERATION -0.03567767 -0.041589737 0.017956138

1492574217531 ROTATION_VECTOR 0.17824025 0.6887107 0.6211643

1492574217531 ACCELEROMETER -2.2521667 9.272324 -0.124298096

1492574217532 GYROSCOPE -0.007751465 -0.0071258545 -0.002670288

1492574217569 MAGNETIC_FIELD 24.336243 -37.768555 14.72168

1492574217664 GRAVITY -2.2885108 9.535343 -0.101662576

1492574217665 LINEAR_ACCELERATION 0.049788 -0.042946815 -0.0018848702

1492574217667 ROTATION_VECTOR 0.18067834 0.68741447 0.6198077

1492574217675 ACCELEROMETER -2.2601776 9.264694 -0.12684631

1492574217676 GYROSCOPE -0.013595581 -0.011108398 -0.014312744

1492574217764 MAGNETIC_FIELD 23.606873 -36.860657 16.101074

1492574217873 GRAVITY -2.3273275 9.526313 -0.05751925

1492574217877 LINEAR_ACCELERATION -0.050677538 0.023075104 0.02673015

1492574217880 ROTATION_VECTOR 0.17924687 0.686151 0.62035865

1492574217886 ACCELEROMETER -2.3138733 9.275238 -0.07017517

1492574217890 GYROSCOPE -0.0053863525 -0.004989624 -0.0042266846

1492574217965 MAGNETIC_FIELD 24.182129 -36.914063 15.110779

1492574218068 ACCELEROMETER -2.3183746 9.231552 -0.088775635

1492574218071 GRAVITY -2.3518157 9.52029 -0.058615245

1492574218074 LINEAR_ACCELERATION -0.05126047 -0.037415504 -0.057970732

1492574218076 ROTATION_VECTOR 0.17832889 0.6864309 0.6199148

1492574218157 GYROSCOPE 0.019256592 -0.0056610107 0.014160156

1492574218160 MAGNETIC_FIELD 24.014282 -37.104797 15.686035

1492574218269 ACCELEROMETER -2.3185272 9.214752 -0.22618103

1492574218271 GRAVITY -2.3406148 9.52218 -0.14145409

1492574218274 LINEAR_ACCELERATION -0.03964734 -0.05270481 -0.06106603

1492574218278 ROTATION_VECTOR 0.17943174 0.68921435 0.6174887

1492574218331 GYROSCOPE 0.021530151 -1.6784668E-4 -0.006072998

1492574218460 MAGNETIC_FIELD 24.188232 -36.57074 16.78009

1492574218470 GRAVITY -2.2000632 9.549417 -0.37249184

1492574218473 LINEAR_ACCELERATION -0.09231162 0.029458046 -0.026474357

1492574218476 ROTATION_VECTOR 0.19007434 0.6948838 0.61081374

1492574218491 ACCELEROMETER -2.1688385 7.8369446 -0.5819397

1492574218498 GYROSCOPE 0.26060486 -0.049179077 0.26242065

1492574218618 ACCELEROMETER -1.9628601 4.06839 -0.98776245

1492574218623 MAGNETIC_FIELD 23.397827 -37.68158 17.51709

1492574218666 GRAVITY -1.1555663 9.6708975 -1.1440198

1492574218675 LINEAR_ACCELERATION -0.9320183 -4.469125 0.11697805

1492574218678 ROTATION_VECTOR 0.25387156 0.7027646 0.59384483

1492574218687 GYROSCOPE 0.70755005 -0.47914124 0.89793396

1492574218813 ACCELEROMETER -0.44506836 2.9718933 0.1963501

1492574218816 MAGNETIC_FIELD 16.334534 -36.642456 23.072815

1492574218866 GRAVITY 1.3155847 8.67686 -4.3762684

1492574218871 LINEAR_ACCELERATION -2.3807983 -4.646303 4.2282906

1492574218874 ROTATION_VECTOR 0.3752708 0.7630855 0.50165176

1492574218886 GYROSCOPE 2.2385406 0.027496338 2.0540771

1492574219008 MAGNETIC_FIELD 3.1433105 -26.063538 38.235474

1492574219069 GRAVITY 5.1535625 5.8776655 -5.921506

1492574219072 LINEAR_ACCELERATION 1.4807892 3.9999914 -5.6542554

1492574219078 ROTATION_VECTOR -0.47478613 -0.75927 -0.43931246

1492574219081 ACCELEROMETER 6.9137115 10.812225 -7.12825

1492574219085 GYROSCOPE 1.9730072 2.7659454 1.0211487

1492574219204 MAGNETIC_FIELD -22.76001 -10.464478 37.19635

1492574219268 GRAVITY 7.333176 4.102837 -5.0558524

1492574219273 LINEAR_ACCELERATION 0.30018854 5.287667 -14.510824

1492574219276 ROTATION_VECTOR -0.39894682 -0.7737042 -0.4104241

1492574219280 ACCELEROMETER 8.071701 6.857071 -14.064758

1492574219401 GYROSCOPE -1.6521912 1.2368011 -0.57102966

1492574219405 MAGNETIC_FIELD -28.808594 -22.831726 23.756409

1492574219469 GRAVITY 7.61298 6.1678147 -0.41350725

1492574219473 LINEAR_ACCELERATION 5.112627 -5.465853 0.95978165

1492574219475 ACCELEROMETER 11.228088 8.117874 -7.787384

1492574219478 ROTATION_VECTOR -0.36782575 -0.6211177 -0.64883435

1492574219594 GYROSCOPE -3.0641632 -0.6946411 0.28549194

1492574219598 MAGNETIC_FIELD -32.374573 -30.653381 0.2975464

1492574219663 ACCELEROMETER 9.871094 2.0017242 0.28959656

1492574219669 GRAVITY 9.751557 1.0366665 -0.053258915

1492574219672 LINEAR_ACCELERATION -6.86563 -1.9070382 2.0020514

1492574219675 ROTATION_VECTOR -0.63480806 -0.3158072 -0.6610359

1492574219791 GYROSCOPE -1.2500763 -0.3493042 2.8556519

1492574219794 MAGNETIC_FIELD -44.883728 -10.665894 -6.840515

1492574219860 ACCELEROMETER 10.43013 -3.9174347 1.7551727

1492574219868 GRAVITY 9.720677 -0.40578952 1.2305084

1492574219871 LINEAR_ACCELERATION 10.064565 -4.4919524 -3.4534757

1492574219874 ROTATION_VECTOR -0.6286265 -0.20515892 -0.7028131

1492574219985 GYROSCOPE -0.36038208 0.33914185 -0.008575439

1492574219988 MAGNETIC_FIELD -45.458984 -11.485291 -10.069275

1492574220055 ACCELEROMETER 9.406357 -1.1837158 5.512909

1492574220064 GRAVITY 9.637441 -0.5617979 1.7246773

1492574220065 LINEAR_ACCELERATION 1.4823675 -0.8496784 6.78391

1492574220067 ROTATION_VECTOR -0.6196302 -0.16770299 -0.7272277

1492574220177 GYROSCOPE -0.09399414 0.09919739 -0.22554016

1492574220178 MAGNETIC_FIELD -43.873596 -14.2074585 -11.584473

1492574220246 ACCELEROMETER 8.838638 0.1464386 4.244568

1492574220265 GRAVITY 9.644593 -0.03271861 1.7751445

1492574220265 LINEAR_ACCELERATION -0.08710289 0.022567254 2.3369088

1492574220267 ROTATION_VECTOR -0.6159544 -0.1734733 -0.7389591

1492574220374 GYROSCOPE 0.02279663 -0.21809387 -0.22929382

1492574220375 MAGNETIC_FIELD -43.4021 -15.135193 -8.485413

1492574220445 ACCELEROMETER 9.670914 -0.31015015 3.5000763

1492574220469 GRAVITY 9.73644 0.3996389 1.101098

1492574220473 LINEAR_ACCELERATION -1.0274668 -0.75522137 1.7605616

1492574220476 ROTATION_VECTOR -0.63973176 -0.18601845 -0.7240265

1492574220570 GYROSCOPE 0.25672913 -0.7580414 -0.6988983

1492574220582 MAGNETIC_FIELD -40.194702 -21.733093 -0.8255005

1492574220636 ACCELEROMETER 10.153931 1.0768585 2.0439758

1492574220665 GRAVITY 9.611592 1.9186962 -0.32600853

1492574220665 LINEAR_ACCELERATION 0.18340111 -2.8813653 3.2475986

1492574220667 ROTATION_VECTOR -0.663479 -0.27643716 -0.6817054

1492574220763 GYROSCOPE 0.90419006 -0.83096313 -1.0185242

1492574220763 MAGNETIC_FIELD -32.582092 -28.645325 12.554932

1492574220832 ACCELEROMETER 8.4058075 4.476822 0.20454407

1492574220865 GRAVITY 8.843437 3.6407819 -2.1699584

1492574220865 LINEAR_ACCELERATION 0.76232624 -0.19897223 3.4176695

1492574220867 ROTATION_VECTOR -0.66395324 -0.41207176 -0.6155242

1492574220959 GYROSCOPE 0.93577576 -0.20111084 -0.960022

1492574220963 MAGNETIC_FIELD -24.064636 -32.225037 20.67566

1492574221030 ACCELEROMETER 7.627762 5.7706146 -1.6605988

1492574221066 GRAVITY 8.086531 4.676983 -2.9839962

1492574221071 LINEAR_ACCELERATION -0.5091877 1.4917355 2.6535313

1492574221074 ROTATION_VECTOR -0.60743266 -0.53213435 -0.57861084

1492574221155 GYROSCOPE 1.0546265 0.28703308 -0.7814026

1492574221225 ACCELEROMETER 6.3371887 5.951645 -2.7013245

1492574221230 MAGNETIC_FIELD -18.449402 -31.590271 26.005554

1492574221266 GRAVITY 7.511852 5.196412 -3.5692816

1492574221271 LINEAR_ACCELERATION 0.05030012 1.387702 1.5602803

1492574221274 ROTATION_VECTOR -0.5316926 -0.63189054 -0.5440787

1492574221349 GYROSCOPE 0.94595337 0.030014038 -1.1763611

1492574221418 MAGNETIC_FIELD -12.469482 -29.470825 31.689453

1492574221471 GRAVITY 6.226822 6.1376877 -4.4413805

1492574221476 LINEAR_ACCELERATION -1.1308742 -0.9440031 0.38005114

1492574221480 ROTATION_VECTOR -0.4414666 -0.72907794 -0.5070025

1492574221547 ACCELEROMETER 4.057663 4.9940186 -2.6416626

1492574221551 GYROSCOPE 2.1107788 0.64508057 1.5647125

1492574221616 MAGNETIC_FIELD -22.729492 -7.6705933 38.601685

1492574221670 GRAVITY 8.126034 1.8840578 -5.1563835

1492574221674 LINEAR_ACCELERATION -5.0964694 0.7721797 3.5915303

1492574221677 ROTATION_VECTOR -0.45746475 -0.74406207 -0.34212512

1492574221743 ACCELEROMETER 5.5757904 3.333725 -2.8370972

1492574221746 GYROSCOPE 0.3683014 1.6209869 -0.94229126

