1492574189480 ACCELEROMETER -0.20114136 2.29068 9.11702

1492574189505 GYROSCOPE -8.392334E-4 -0.08886719 -0.01020813

1492574189565 MAGNETIC_FIELD -13.142395 6.982422 -46.813965

1492574189567 GRAVITY -0.16429624 2.581721 9.459287

1492574189567 LINEAR_ACCELERATION 4.7911704E-4 0.056056976 0.10777092

1492574189569 ROTATION_VECTOR 0.12773845 -0.037329365 -0.3378624

1492574189675 ACCELEROMETER 0.19316101 2.2846985 9.275269

1492574189700 GYROSCOPE -0.13398743 -0.12524414 0.070755005

1492574189760 MAGNETIC_FIELD -15.3793335 8.27179 -46.0495

1492574189767 GRAVITY 0.058056697 2.3718889 9.515312

1492574189767 LINEAR_ACCELERATION 0.07423057 0.07643223 -0.22980022

1492574189769 ROTATION_VECTOR 0.113165446 -0.045251522 -0.34585762

1492574189961 ACCELEROMETER 0.24943542 1.9591675 9.31073

1492574189962 GYROSCOPE -0.047546387 -0.004058838 0.106933594

1492574189963 MAGNETIC_FIELD -13.929749 8.851624 -47.053528

1492574189967 GRAVITY 0.22141574 2.1247082 9.571154

1492574189967 LINEAR_ACCELERATION -0.018226564 -0.10925245 0.103699684

1492574189969 ROTATION_VECTOR 0.098777026 -0.047435127 -0.33510023

1492574190091 ACCELEROMETER 0.43937683 2.1173248 9.506714

1492574190092 GYROSCOPE -0.049972534 0.009552002 0.14309692

1492574190156 MAGNETIC_FIELD -13.671875 9.242249 -45.843506

1492574190167 GRAVITY 0.31829128 2.0062578 9.593957

1492574190167 LINEAR_ACCELERATION 0.09522545 0.10128081 0.05160618

1492574190169 ROTATION_VECTOR 0.092497595 -0.047838647 -0.31282356

1492574190287 ACCELEROMETER 0.4602661 1.9943542 9.329636

1492574190287 GYROSCOPE -0.003250122 0.04248047 0.032409668

1492574190352 MAGNETIC_FIELD -13.859558 9.567261 -46.606445

1492574190367 GRAVITY 0.3356467 1.9834541 9.598106

1492574190367 LINEAR_ACCELERATION 0.15534875 0.109107494 0.2611313

1492574190370 ROTATION_VECTOR 0.092078425 -0.046415046 -0.29325345

1492574190482 ACCELEROMETER 0.30812073 2.0049896 9.296082

1492574190483 GYROSCOPE -0.023834229 -0.033798218 -0.054855347

1492574190547 MAGNETIC_FIELD -14.102173 9.779358 -45.82367

1492574190567 GRAVITY 0.34081784 2.0054483 9.593352

1492574190567 LINEAR_ACCELERATION -0.01594451 -0.11746371 -0.041650772

1492574190570 ROTATION_VECTOR 0.09311949 -0.046946004 -0.29260018

1492574190677 ACCELEROMETER 0.21073914 1.943634 9.643112

1492574190678 GYROSCOPE -0.0015716553 -0.01222229 -0.052749634

1492574190742 MAGNETIC_FIELD -13.902283 8.570862 -44.43817

1492574190767 GRAVITY 0.37747648 1.960023 9.601365

1492574190767 LINEAR_ACCELERATION 0.06770438 0.11262095 0.7280617

1492574190770 ROTATION_VECTOR 0.09007911 -0.04850142 -0.29744545

1492574190937 ACCELEROMETER 0.25445557 1.9370117 9.423096

1492574190939 GYROSCOPE 0.030380249 -0.050933838 0.015716553

1492574190967 GRAVITY 0.372556 2.03563 9.585813

1492574190967 LINEAR_ACCELERATION -0.2737779 -0.14551282 -0.34418488

1492574190970 ROTATION_VECTOR 0.09348701 -0.05019731 -0.30499318

1492574191003 MAGNETIC_FIELD -14.854431 9.20105 -46.75598

1492574191133 ACCELEROMETER 0.35636902 2.0935059 9.432053

1492574191134 GYROSCOPE 0.017044067 0.017669678 -0.008102417

1492574191167 GRAVITY 0.41492823 2.0638132 9.578042

1492574191167 LINEAR_ACCELERATION 0.07043344 0.1583693 0.058621407

1492574191170 ROTATION_VECTOR 0.09422575 -0.05269971 -0.3047379

1492574191198 MAGNETIC_FIELD -14.363098 8.843994 -45.921326

1492574191328 ACCELEROMETER 0.116378784 1.9933777 9.322205

1492574191329 GYROSCOPE -0.018234253 0.041107178 0.009643555

1492574191367 GRAVITY 0.28398126 2.0655353 9.582447

1492574191367 LINEAR_ACCELERATION -0.28773305 -0.11621046 -0.12435627

1492574191370 ROTATION_VECTOR 0.09620806 -0.046638507 -0.30781206

1492574191393 MAGNETIC_FIELD -14.190674 8.929443 -46.99402

1492574191523 ACCELEROMETER 0.20246887 2.006485 9.3954315

1492574191524 GYROSCOPE -0.019058228 0.003250122 0.044265747

1492574191567 GRAVITY 0.22808069 2.019293 9.593791

1492574191567 LINEAR_ACCELERATION -0.16120799 -0.083449244 0.1434679

1492574191570 ROTATION_VECTOR 0.094884045 -0.043009583 -0.30634192

1492574191589 MAGNETIC_FIELD -14.450073 8.555603 -46.488953

1492574191719 ACCELEROMETER 0.16351318 1.9659576 9.46579

1492574191719 GYROSCOPE -0.003326416 0.017868042 0.015960693

1492574191767 GRAVITY 0.24544476 2.0226119 9.592664

1492574191767 LINEAR_ACCELERATION 0.2048819 0.11241841 0.17874908

1492574191770 ROTATION_VECTOR 0.09518618 -0.043010376 -0.2973561

1492574191784 MAGNETIC_FIELD -13.865662 9.016418 -45.80078

1492574191916 ACCELEROMETER 0.19772339 2.0313873 9.327621

1492574191917 GYROSCOPE 0.019805908 0.03527832 0.05407715

1492574191969 GRAVITY 0.12975766 2.0174844 9.5960045

1492574191972 LINEAR_ACCELERATION -0.1764377 8.8357925E-4 -0.1390047

1492574191973 ROTATION_VECTOR 0.09659848 -0.037532136 -0.29996428

1492574191985 MAGNETIC_FIELD -12.225342 8.358765 -47.216797

1492574192116 ACCELEROMETER 0.067489624 1.9859467 9.430038

1492574192117 GYROSCOPE -0.037612915 0.009262085 0.0050354004

1492574192172 GRAVITY 0.13431372 2.033121 9.592641

1492574192173 LINEAR_ACCELERATION -0.123571396 -0.0970124 0.0362072

1492574192174 ROTATION_VECTOR 0.097632214 -0.03713987 -0.2915603

1492574192175 MAGNETIC_FIELD -12.75177 9.126282 -47.265625

1492574192311 ACCELEROMETER 0.03778076 2.0101929 9.490845

1492574192312 GYROSCOPE -0.022872925 -0.0030670166 0.013595581

1492574192372 GRAVITY 0.12469559 1.9900678 9.601795

1492574192373 LINEAR_ACCELERATION -0.06214773 0.13213038 0.051430702

1492574192374 ROTATION_VECTOR 0.0956963 -0.035873692 -0.29024503

1492574192375 MAGNETIC_FIELD -13.589478 9.130859 -47.076416

1492574192506 ACCELEROMETER 0.14970398 2.0662994 9.534103

1492574192507 GYROSCOPE -0.006790161 -0.013717651 0.055633545

1492574192570 MAGNETIC_FIELD -12.480164 10.63385 -47.62726

1492574192571 GRAVITY 0.14067508 1.9785671 9.6039505

1492574192571 LINEAR_ACCELERATION 0.012291491 0.20564556 0.034929276

1492574192572 ROTATION_VECTOR 0.09494609 -0.036332283 -0.28874928

1492574192707 ACCELEROMETER 0.15028381 1.9928436 9.490219

1492574192714 GYROSCOPE 0.03465271 -0.034469604 0.04899597

1492574192776 MAGNETIC_FIELD -13.88092 10.4904175 -46.603394

1492574192782 GRAVITY 0.20948245 2.008122 9.59656

1492574192785 LINEAR_ACCELERATION 0.015639618 0.011737704 0.025780678

1492574192787 ROTATION_VECTOR 0.09568848 -0.03943814 -0.28155217

1492574192905 ACCELEROMETER 0.26078796 2.0343933 9.437149

1492574192911 GYROSCOPE -0.008560181 0.0065612793 0.07217407

1492574192966 MAGNETIC_FIELD -13.546753 10.215759 -47.03369

1492574192977 GRAVITY 0.21185 2.0680075 9.58378

1492574192980 LINEAR_ACCELERATION -0.0033040196 0.046039104 -0.109145164

1492574192983 ROTATION_VECTOR 0.09874119 -0.040166643 -0.2788475

1492574193166 ACCELEROMETER 0.2849121 2.2837677 9.430588

1492574193175 GYROSCOPE 0.01399231 0.027786255 -0.045333862

1492574193178 GRAVITY 0.30708858 2.109467 9.572159

1492574193181 LINEAR_ACCELERATION 0.44033086 0.40449238 -0.08014202

1492574193183 ROTATION_VECTOR 0.10001208 -0.044196084 -0.26660997

1492574193225 MAGNETIC_FIELD -13.20343 8.230591 -47.11151

1492574193361 ACCELEROMETER 0.18148804 2.2765808 9.146118

1492574193367 GYROSCOPE 0.007797241 -0.027526855 -0.065078735

1492574193373 GRAVITY 0.11192755 2.1721985 9.562396

1492574193376 LINEAR_ACCELERATION -0.09987728 -0.061885595 -0.22471428

1492574193378 ROTATION_VECTOR 0.10540603 -0.03664799 -0.2776158

1492574193423 MAGNETIC_FIELD -14.329529 8.279419 -47.805786

1492574193545 ACCELEROMETER 0.6549072 2.2812958 9.587555

1492574193549 GYROSCOPE -0.03475952 -0.20315552 0.011016846

1492574193571 GRAVITY 0.51349425 2.1683187 9.550137

1492574193574 LINEAR_ACCELERATION -0.09968907 0.07303691 0.37469006

1492574193577 ROTATION_VECTOR 0.09902688 -0.057203487 -0.28530887

1492574193610 MAGNETIC_FIELD -14.9002075 9.138489 -46.559143

1492574193741 ACCELEROMETER 0.46492004 1.9778595 9.274857

1492574193744 GYROSCOPE -0.024993896 -0.0022583008 -0.0020446777

1492574193769 GRAVITY 0.54525226 2.105916 9.562332

1492574193773 LINEAR_ACCELERATION -0.1641618 -0.11242008 0.2702942

1492574193775 ROTATION_VECTOR 0.09533176 -0.058039505 -0.28752115

1492574193804 MAGNETIC_FIELD -15.309143 9.6206665 -46.813965

1492574193941 ACCELEROMETER 0.35517883 1.7238922 9.559952

1492574193945 GYROSCOPE -0.11639404 0.0015411377 -0.14085388

1492574193973 GRAVITY 0.57820445 1.976555 9.587976

1492574193977 LINEAR_ACCELERATION 0.54213536 0.3804257 -0.39405155

1492574193980 ROTATION_VECTOR 0.08825465 -0.057968605 -0.29061094

1492574194009 MAGNETIC_FIELD -13.899231 9.643555 -47.14203

1492574194137 ACCELEROMETER 0.38200378 1.8751526 9.311615

1492574194143 GYROSCOPE -0.011550903 0.12188721 0.027954102

1492574194176 GRAVITY 0.39944214 1.857149 9.620906

1492574194181 LINEAR_ACCELERATION -0.34337026 -0.18110132 -0.0027589798

1492574194199 ROTATION_VECTOR 0.08462253 -0.048055667 -0.29850042

1492574194210 MAGNETIC_FIELD -13.752747 9.448242 -46.513367

1492574194329 ACCELEROMETER 0.13734436 1.7897644 9.264786

1492574194330 GYROSCOPE -0.017166138 -0.044143677 -0.052764893

1492574194374 GRAVITY 0.3427878 1.8464433 9.625151

1492574194374 LINEAR_ACCELERATION -0.06351945 0.009899616 -0.23012829

1492574194375 ROTATION_VECTOR 0.08479904 -0.04542035 -0.3019188

1492574194396 MAGNETIC_FIELD -13.687134 10.375977 -46.380615

1492574194525 ACCELEROMETER 0.2737732 1.7567139 9.4483185

1492574194526 GYROSCOPE -0.020324707 -0.030059814 -0.04319763

1492574194593 MAGNETIC_FIELD -15.141296 10.388184 -46.6156

1492574194721 ACCELEROMETER 0.34254456 1.7561188 9.446793

1492574194721 GYROSCOPE -0.024398804 -0.01524353 0.0028381348

1492574194771 GRAVITY 0.356568 1.7875481 9.635762

1492574194771 LINEAR_ACCELERATION -0.21077788 -0.13229811 0.14216423

1492574194772 ROTATION_VECTOR 0.081295155 -0.045868777 -0.31017676

1492574194787 MAGNETIC_FIELD -14.723206 9.742737 -46.884155

1492574194916 ACCELEROMETER 0.33332825 1.6757965 9.4814

1492574194916 GYROSCOPE 0.039016724 -0.01776123 -6.1035156E-5

1492574194974 GRAVITY 0.40056732 1.7595367 9.639189

1492574194974 LINEAR_ACCELERATION -0.020761758 -0.010091543 0.24329376

1492574194975 ROTATION_VECTOR 0.07921461 -0.047573004 -0.31037432

1492574194975 MAGNETIC_FIELD -14.97345 10.253906 -46.284485

1492574195111 ACCELEROMETER 0.3207245 1.8470154 9.246048

1492574195112 GYROSCOPE 0.04119873 0.0014801025 -0.0068206787

1492574195173 GRAVITY 0.3842508 1.815667 9.629438

1492574195174 LINEAR_ACCELERATION 0.088142246 -0.010108352 -0.07405186

1492574195174 ROTATION_VECTOR 0.08205204 -0.04798675 -0.31374624

1492574195242 MAGNETIC_FIELD -14.909363 9.220886 -44.436646

1492574195371 ACCELEROMETER 0.3474579 1.9173431 9.344009

1492574195371 GYROSCOPE 0.026824951 0.018478394 5.187988E-4

1492574195372 GRAVITY 0.3399431 1.9648831 9.601774

1492574195372 LINEAR_ACCELERATION -0.19249475 -0.078163505 -0.035214424

1492574195372 ROTATION_VECTOR 0.090041175 -0.048356712 -0.31436723

1492574195437 MAGNETIC_FIELD -15.725708 9.266663 -46.673584

1492574195566 ACCELEROMETER 0.26890564 1.9611206 9.336929

1492574195566 GYROSCOPE 0.03074646 -0.008911133 0.010253906

1492574195567 GRAVITY 0.34708378 2.03306 9.587314

1492574195567 LINEAR_ACCELERATION -0.1612646 -0.053556442 0.21031666

1492574195575 ROTATION_VECTOR 0.0933692 -0.0496511 -0.31247327

1492574195632 MAGNETIC_FIELD -14.405823 8.122253 -47.12372

1492574195761 ACCELEROMETER 0.36621094 2.0809174 9.156143

1492574195762 GYROSCOPE 0.095336914 -0.0018463135 0.037094116

1492574195773 GRAVITY 0.35371876 2.1940105 9.551523

1492574195774 LINEAR_ACCELERATION 0.07223752 0.046740294 -0.45484352

1492574195774 ROTATION_VECTOR 0.10126369 -0.052474175 -0.31086448

1492574195828 MAGNETIC_FIELD -14.361572 7.6828003 -46.15326

1492574195963 ACCELEROMETER 0.39022827 2.1805573 9.283234

1492574195973 GYROSCOPE 0.018341064 -0.006790161 0.023284912

1492574195975 GRAVITY 0.38603985 2.2379665 9.540067

1492574195978 LINEAR_ACCELERATION 0.05030778 -0.008501053 -0.35406208

1492574195980 ROTATION_VECTOR 0.10313511 -0.054361187 -0.30701137

1492574196027 MAGNETIC_FIELD -15.643311 7.673645 -46.235657

1492574196156 ACCELEROMETER 0.4107666 2.257309 9.324707

1492574196165 GYROSCOPE -0.016906738 0.015289307 0.001373291

1492574196169 GRAVITY 0.38418946 2.242998 9.5389595

1492574196173 LINEAR_ACCELERATION 0.02716291 0.13709879 -0.007452965

1492574196176 ROTATION_VECTOR 0.103633955 -0.0539299 -0.30314672

1492574196217 MAGNETIC_FIELD -14.642334 8.119202 -46.473694

1492574196346 ACCELEROMETER 0.23632813 2.173462 9.396225

1492574196347 GYROSCOPE -0.03366089 0.060577393 -0.0018615723

1492574196373 GRAVITY 0.25074187 2.183828 9.557113

1492574196377 LINEAR_ACCELERATION -0.02437608 0.0769124 -0.10692692

1492574196380 ROTATION_VECTOR 0.1028303 -0.046354935 -0.30234924

1492574196412 MAGNETIC_FIELD -14.21814 8.36792 -46.063232

1492574196538 ACCELEROMETER 0.19303894 2.168045 9.384888

1492574196539 GYROSCOPE -0.012878418 0.021469116 -0.0029144287

1492574196569 GRAVITY 0.20155244 2.170441 9.561326

1492574196570 LINEAR_ACCELERATION -0.070076525 0.02207613 0.061587334

1492574196571 ROTATION_VECTOR 0.102969475 -0.04365032 -0.30158716

1492574196603 MAGNETIC_FIELD -14.631653 8.288574 -46.218872

1492574196733 ACCELEROMETER 0.22862244 2.1813965 9.277206

1492574196735 GYROSCOPE -0.0038146973 0.016815186 0.0018463135

1492574196800 MAGNETIC_FIELD -13.516235 8.718872 -46.4859

1492574196935 ACCELEROMETER 0.1129303 2.1298218 9.366318

1492574196942 GYROSCOPE -0.024490356 0.013931274 -0.009994507

1492574196975 GRAVITY 0.18603124 2.1813731 9.559153

1492574196980 LINEAR_ACCELERATION -0.07105784 -0.001750946 -0.26984215

1492574196982 ROTATION_VECTOR 0.10386396 -0.042792045 -0.29908726

1492574197002 MAGNETIC_FIELD -14.033508 8.319092 -46.62323

1492574197126 ACCELEROMETER 0.051589966 2.1081848 9.3125305

1492574197127 GYROSCOPE -0.009719849 0.02154541 -0.014877319

1492574197173 GRAVITY 0.13096297 2.143381 9.568654

1492574197174 LINEAR_ACCELERATION 0.022916988 0.032161236 -0.12172127

1492574197174 ROTATION_VECTOR 0.10278515 -0.039618228 -0.3002407

1492574197195 MAGNETIC_FIELD -13.279724 8.517456 -45.411682

1492574197374 GRAVITY 0.07220455 2.1397493 9.570091

1492574197375 LINEAR_ACCELERATION -0.14100546 0.002002716 -0.03562641

1492574197375 ROTATION_VECTOR 0.10336287 -0.037111502 -0.30413586

1492574197389 ACCELEROMETER 0.021102905 2.095581 9.348389

1492574197389 GYROSCOPE -0.024459839 0.0031738281 0.0058135986

1492574197454 MAGNETIC_FIELD -15.104675 7.5027466 -46.470642

1492574197573 GRAVITY 0.046520546 2.0990002 9.57927

1492574197574 LINEAR_ACCELERATION -0.13502705 -0.050412178 0.27606297

1492574197574 ROTATION_VECTOR 0.10176553 -0.035169847 -0.30384114

1492574197582 ACCELEROMETER 0.12310791 2.0891113 9.374268

1492574197582 GYROSCOPE -0.022888184 0.007949829 0.022445679

1492574197650 MAGNETIC_FIELD -13.470459 9.310913 -46.5744

1492574197773 GRAVITY 0.07146186 2.0708742 9.585237

1492574197773 LINEAR_ACCELERATION -0.01663325 0.001115799 0.17472649

1492574197773 ROTATION_VECTOR 0.10009908 -0.035624776 -0.30089015

1492574197774 ACCELEROMETER 0.14408875 1.9868927 9.409103

1492574197774 GYROSCOPE -0.017044067 -0.0066070557 0.009429932

1492574197845 MAGNETIC_FIELD -12.948608 8.447266 -46.276855

1492574197972 GRAVITY 0.10900732 2.0275772 9.594135

1492574197972 LINEAR_ACCELERATION 0.03945612 -0.014495969 -0.02584076

1492574197973 ACCELEROMETER 0.09202576 2.0190735 9.512573

1492574197973 ROTATION_VECTOR 0.09833071 -0.037067577 -0.30097985

1492574197974 GYROSCOPE 0.0032043457 -0.0028533936 -0.010818481

1492574198040 MAGNETIC_FIELD -13.60321 8.377075 -46.975708

1492574198169 ACCELEROMETER 0.0382843 2.0591278 9.383743

1492574198198 GYROSCOPE 0.028320313 -0.0015869141 -0.0017547607

1492574198202 GRAVITY 0.08320007 2.1060548 9.577474

1492574198204 LINEAR_ACCELERATION -0.054646134 0.00774312 0.027262688

1492574198207 ROTATION_VECTOR 0.10152241 -0.037120864 -0.30427137

1492574198241 MAGNETIC_FIELD -13.719177 8.094788 -47.454834

1492574198360 ACCELEROMETER -0.03517151 2.0748901 9.18692

1492574198362 GYROSCOPE 0.019683838 0.0076141357 0.0037078857

1492574198369 GRAVITY 0.042120714 2.1412902 9.569926

1492574198373 LINEAR_ACCELERATION -0.21876301 -0.053901672 0.2041254

1492574198375 ROTATION_VECTOR 0.1037661 -0.036085375 -0.30794767

1492574198426 MAGNETIC_FIELD -13.62915 7.2616577 -47.2641

1492574198562 ACCELEROMETER 0.024124146 2.1788025 9.335144

1492574198572 GYROSCOPE 0.018371582 -0.01020813 0.030258179

1492574198577 GRAVITY 0.043709487 2.18767 9.559423

1492574198580 LINEAR_ACCELERATION -0.046559196 0.026342869 -0.019454956

1492574198582 ROTATION_VECTOR 0.10600127 -0.036997072 -0.3086403

1492574198633 MAGNETIC_FIELD -14.163208 7.1502686 -46.687317

1492574198762 ACCELEROMETER 0.07946777 2.1583252 9.35556

1492574198770 GYROSCOPE -0.008407593 -0.02027893 0.018051147

1492574198774 GRAVITY 0.10783434 2.189976 9.558387

1492574198776 LINEAR_ACCELERATION 0.04791999 0.025448084 -0.00625515

1492574198779 ROTATION_VECTOR 0.10515869 -0.039994296 -0.30712113

1492574198827 MAGNETIC_FIELD -13.832092 8.187866 -46.917725

1492574198949 ACCELEROMETER 0.09977722 2.194519 9.456467

1492574198950 GYROSCOPE -0.010925293 -0.013290405 0.015167236

1492574198968 GRAVITY 0.1282542 2.1763191 9.561254

1492574198969 LINEAR_ACCELERATION -0.010655388 0.07461429 0.14486599

1492574198972 ROTATION_VECTOR 0.10421986 -0.040619638 -0.30576918

1492574199018 MAGNETIC_FIELD -13.113403 7.8063965 -46.788025

1492574199142 ACCELEROMETER 0.109375 2.197113 9.288712

1492574199147 GYROSCOPE 0.026626587 0.014297485 -0.006149292

1492574199172 GRAVITY 0.09558566 2.231456 9.548919

1492574199176 LINEAR_ACCELERATION -0.028463125 -0.026059628 -0.06660366

1492574199181 ROTATION_VECTOR 0.10742722 -0.040000293 -0.30648372

1492574199206 MAGNETIC_FIELD -12.190247 6.7352295 -47.48535

1492574199372 GRAVITY 0.060707197 2.2900598 9.535319

1492574199376 LINEAR_ACCELERATION -0.13718031 0.050570726 0.3372717

1492574199385 ROTATION_VECTOR 0.11089927 -0.03918341 -0.30590028

1492574199406 ACCELEROMETER 0.0025787354 2.296341 9.347702

1492574199415 GYROSCOPE 0.018463135 0.022781372 -0.0072784424

1492574199466 MAGNETIC_FIELD -13.575745 7.2235107 -47.062683

1492574199594 ACCELEROMETER 0.059326172 2.3105621 9.294769

1492574199595 GYROSCOPE -0.007446289 0.011169434 0.075683594

1492574199660 MAGNETIC_FIELD -14.924622 6.8511963 -45.884705

1492574199772 GRAVITY 0.05015325 2.30113 9.532716

1492574199776 LINEAR_ACCELERATION 0.087418295 0.08129907 0.1730299

1492574199782 ROTATION_VECTOR 0.11185418 -0.03814973 -0.29999036

1492574199791 ACCELEROMETER 0.04081726 2.0843964 9.337845

1492574199794 GYROSCOPE -0.02720642 0.008010864 0.01637268

1492574199855 MAGNETIC_FIELD -14.100647 6.462097 -47.039795

1492574199972 GRAVITY 0.011189167 2.2136168 9.553542

1492574199975 LINEAR_ACCELERATION -0.105290435 -0.2083199 0.14795685

1492574199977 ROTATION_VECTOR 0.10793539 -0.035424285 -0.3050398

1492574199986 ACCELEROMETER 1.0197144 2.269699 8.550812

1492574199989 GYROSCOPE 0.06997681 0.6772003 -0.2705841

1492574200053 MAGNETIC_FIELD -3.2104492 5.5236816 -48.677063

1492574200170 GRAVITY -1.5265417 2.3446758 9.399072

1492574200174 LINEAR_ACCELERATION 2.5003276 0.0044784546 -1.094285

1492574200184 ROTATION_VECTOR 0.13963026 0.035834335 -0.3168263

1492574200186 ACCELEROMETER 0.52627563 1.4138641 4.9255676

1492574200189 GYROSCOPE 0.105651855 1.3217773 -0.81692505

1492574200250 MAGNETIC_FIELD 10.971069 5.343628 -46.42639

1492574200372 GRAVITY -4.1116266 2.140918 8.64184

1492574200377 LINEAR_ACCELERATION 4.975705 -0.59628344 -5.425001

1492574200380 ROTATION_VECTOR 0.18245707 0.1615495 -0.34712172

1492574200386 ACCELEROMETER -0.9084778 2.0645142 7.8906555

1492574200390 GYROSCOPE 1.0162811 -0.1999054 -0.8812103

1492574200441 MAGNETIC_FIELD -2.0080566 -7.61261 -46.920776

1492574200572 GRAVITY -3.9407966 2.9855134 8.4691925

1492574200577 LINEAR_ACCELERATION 0.7497122 -1.4611952 0.96333027

1492574200579 ACCELEROMETER -0.039260864 3.6120605 8.33905

1492574200584 GYROSCOPE 1.9763947 -3.1762543 -0.7756195

1492574200591 ROTATION_VECTOR 0.20641665 -0.23408751 -0.623571

1492574200635 MAGNETIC_FIELD -20.806885 -20.903015 -37.50763

1492574200766 ACCELEROMETER -3.3376617 2.1190643 13.648224

1492574200768 GYROSCOPE -0.6612091 -1.0187378 -0.21098328

1492574200783 GRAVITY 1.7408463 4.56487 8.503047

1492574200784 LINEAR_ACCELERATION -5.0376244 -0.8163247 4.803152

1492574200784 ROTATION_VECTOR 0.10293286 -0.23636857 -0.69024175

1492574200830 MAGNETIC_FIELD -25.410461 -19.560242 -34.207153

1492574200960 ACCELEROMETER 0.44960022 1.3531342 -6.136215

1492574200961 GYROSCOPE 0.9418335 -0.80070496 -0.83483887

1492574200975 GRAVITY 2.6025386 7.049438 6.3010006

1492574200979 LINEAR_ACCELERATION 17.340141 3.4625378 -24.408495

1492574200982 ROTATION_VECTOR 0.15144087 -0.39472023 -0.6813074

1492574201030 MAGNETIC_FIELD -10.667419 -30.892944 -31.652832

1492574201160 ACCELEROMETER -0.3664856 8.919556 8.306549

1492574201164 GYROSCOPE -0.9995575 1.2337646 -2.0558624

1492574201172 GRAVITY -1.5083678 5.8039484 7.759472

1492574201175 LINEAR_ACCELERATION 6.3375473 8.303318 -2.0250268

1492574201179 ROTATION_VECTOR 0.23248859 -0.22433484 -0.80730915

1492574201225 MAGNETIC_FIELD 7.03125 -31.459045 -33.918762

1492574201355 ACCELEROMETER -4.9137115 -2.1758575 0.8626404

1492574201377 GYROSCOPE -0.3664856 0.46180725 -2.2894897

1492574201385 GRAVITY -3.9170303 4.4192786 7.8292556

1492574201389 LINEAR_ACCELERATION 4.3033295 -4.7528744 -2.8195224

1492574201391 ROTATION_VECTOR 0.27698138 -0.155243 -0.8956261

1492574201417 MAGNETIC_FIELD 20.866394 -8.97522 -41.114807

1492574201570 GRAVITY -7.3936605 -1.078057 6.3515325

1492574201574 LINEAR_ACCELERATION -3.955749 -3.084392 -1.5527854

1492574201577 ROTATION_VECTOR 0.38280287 0.17211606 -0.8728691

1492574201615 ACCELEROMETER -10.337814 -3.8158112 7.121216

1492574201619 GYROSCOPE -1.9234009 1.1406097 -1.0890808

1492574201680 MAGNETIC_FIELD 33.23517 2.1072388 -32.99408

1492574201772 GRAVITY -8.464514 -1.9191588 4.564999

1492574201776 LINEAR_ACCELERATION 0.5109253 -0.4137907 2.419087

1492574201780 ROTATION_VECTOR 0.48111874 0.18914168 -0.8461894

1492574201810 ACCELEROMETER -8.296661 -2.543869 4.1220093

1492574201814 GYROSCOPE 0.7516327 1.2118683 -0.74942017

1492574201874 MAGNETIC_FIELD 38.894653 0.26397705 -28.387451

1492574201972 GRAVITY -7.7079897 -1.9537764 5.7393413

1492574201975 LINEAR_ACCELERATION -2.0588784 -2.312024 -1.1320138

1492574201980 ROTATION_VECTOR 0.43115145 0.14657235 -0.8874862

1492574202007 ACCELEROMETER -7.5947876 -3.0741272 3.4747467

1492574202015 GYROSCOPE 0.64985657 -1.0776978 -0.4168396

1492574202066 MAGNETIC_FIELD 32.159424 1.0253906 -35.51483

1492574202196 ACCELEROMETER -7.4720154 -3.7610474 5.570099

1492574202197 GYROSCOPE 0.13439941 -0.3196106 -0.04940796

1492574202261 MAGNETIC_FIELD 31.967163 1.2405396 -35.96344

