1505956478041 GYROSCOPE 0.20431519 0.0871582 -0.23880005

1505956478043 MAGNETIC_FIELD -0.491333 -18.540955 -46.697998

1505956478044 GRAVITY -2.727718 5.697326 7.501361

1505956478044 LINEAR_ACCELERATION 0.0 0.0 -0.0

1505956478045 ROTATION_VECTOR 0.0 0.0 0.0

1505956478241 ACCELEROMETER -2.5757751 5.3591003 7.276932

1505956478244 GYROSCOPE -0.31585693 0.558197 -0.17684937

1505956478245 MAGNETIC_FIELD 0.85754395 -19.88678 -48.338318

1505956478245 GRAVITY -3.1666722 5.5895805 7.4093976

1505956478246 LINEAR_ACCELERATION 0.44718957 -0.22543669 -0.3683157

1505956478246 ROTATION_VECTOR 0.34808728 0.03257503 -0.383855

1505956478442 ACCELEROMETER -2.3190308 4.794281 6.32489

1505956478444 GYROSCOPE -0.5935669 0.33389282 -0.14480591

1505956478445 MAGNETIC_FIELD 3.7261963 -13.664246 -48.831177

1505956478446 GRAVITY -3.4606621 4.765298 7.84131

1505956478446 LINEAR_ACCELERATION 0.82069373 0.26096725 1.0172071

1505956478447 ROTATION_VECTOR 0.30106476 0.09779813 -0.29300076

1505956478643 ACCELEROMETER -2.5285034 4.6001587 8.34433

1505956478645 GYROSCOPE 0.17654419 0.56033325 0.40847778

1505956478646 MAGNETIC_FIELD 7.777405 -8.61969 -46.861267

1505956478646 GRAVITY -3.8958309 4.4576674 7.8180623

1505956478647 LINEAR_ACCELERATION 0.49898815 -0.2892828 0.122422695

1505956478647 ROTATION_VECTOR 0.27677348 0.15743642 -0.18931194

1505956478844 ACCELEROMETER -2.8323822 3.7574005 7.2145233

1505956478845 GYROSCOPE -0.28167725 0.261261 0.5484009

1505956478845 MAGNETIC_FIELD 14.021301 -9.460449 -44.073486

1505956478846 GRAVITY -3.5580103 4.6754427 7.8518267

1505956478846 LINEAR_ACCELERATION 2.4368374 -0.8327446 0.014198303

1505956478847 ROTATION_VECTOR 0.25388175 0.18764941 -0.013285003

1505956479080 ACCELEROMETER -0.813385 3.4182587 7.560959

1505956479081 ACCELEROMETER -4.898529 4.0958405 14.179779

1505956479082 GYROSCOPE -1.7471313 0.40759277 -0.12878418

1505956479082 MAGNETIC_FIELD 14.295959 -4.675293 -45.004272

1505956479083 GRAVITY -3.792063 2.7664237 8.610316

1505956479083 LINEAR_ACCELERATION -1.286659 1.2892292 5.6067533

1505956479084 ROTATION_VECTOR 0.12196646 0.21475622 0.11000458

1505956479281 ACCELEROMETER -3.3059845 2.5104675 7.334839

1505956479282 GYROSCOPE 0.74798584 -0.56973267 -0.2217102

1505956479282 MAGNETIC_FIELD 9.651184 2.055359 -46.46454

1505956479283 GRAVITY -3.7441986 1.9113165 8.859922

1505956479283 LINEAR_ACCELERATION 0.69001484 0.572078 -1.8469267

1505956479284 ROTATION_VECTOR 0.08013311 0.20456868 0.09607965

1505956479482 ACCELEROMETER -2.4506836 3.329773 7.385391

1505956479483 GYROSCOPE 0.22888184 0.08288574 -0.7749939

1505956479484 MAGNETIC_FIELD 7.739258 -5.74646 -48.40851

1505956479485 GRAVITY -3.4146698 2.5639083 8.828182

1505956479485 LINEAR_ACCELERATION 0.8363292 0.9479492 -1.0066776

1505956479486 ROTATION_VECTOR 0.1335029 0.17906697 0.0033143598

1505956479683 ACCELEROMETER -4.41333 1.6358032 12.098755

1505956479684 GYROSCOPE -1.3497925 -0.7844238 1.5684509

1505956479685 MAGNETIC_FIELD 6.640625 -8.355713 -47.727966

1505956479686 GRAVITY -2.6746292 1.6942157 9.2815075

1505956479687 LINEAR_ACCELERATION -1.9116993 -0.33466172 3.225377

1505956479687 ROTATION_VECTOR 0.08812259 0.13787399 -0.0040122047

1505956479884 ACCELEROMETER -3.3517303 1.7603455 4.4599

1505956479885 GYROSCOPE -0.33081055 0.73550415 0.65200806

1505956479886 GRAVITY -2.4239993 0.8176347 9.467106

1505956479887 MAGNETIC_FIELD 3.7704468 -4.2007446 -48.724365

1505956479887 LINEAR_ACCELERATION -1.018985 1.0954025 -4.9935827

1505956479888 ROTATION_VECTOR 0.03686063 0.12630616 0.041002452

1505956480084 ACCELEROMETER -1.1714172 2.5143585 9.246872

1505956480086 GYROSCOPE -2.3783875 0.07006836 1.9155884

1505956480086 MAGNETIC_FIELD 15.841675 -8.796692 -46.82617

1505956480087 GRAVITY -2.7263508 -0.83459246 9.383009

1505956480088 LINEAR_ACCELERATION 1.6728511 3.3793998 0.65921307

1505956480088 ROTATION_VECTOR -0.06910193 0.12970975 0.18917257

1505956480286 ACCELEROMETER -2.9810028 4.2745056 13.306412

1505956480287 GYROSCOPE 0.73410034 -1.0226135 -0.748291

1505956480288 MAGNETIC_FIELD 22.155762 -0.31280518 -42.23938

1505956480289 GRAVITY -1.9745028 -1.4574683 9.494604

1505956480289 LINEAR_ACCELERATION -1.2389088 5.7274966 3.972763

1505956480290 ROTATION_VECTOR -0.09886575 0.07832925 0.25973207

1505956480486 ACCELEROMETER -0.6917572 2.3153229 5.1405945

1505956480488 GYROSCOPE 1.0513306 -0.6423645 -1.0249329

1505956480488 MAGNETIC_FIELD 18.441772 5.328369 -42.39807

1505956480489 GRAVITY -0.10489984 0.119672075 9.805359

1505956480490 LINEAR_ACCELERATION -0.5118429 2.1207266 -4.2481623

1505956480490 ROTATION_VECTOR 0.005254632 0.006182867 0.14613454

1505956480689 ACCELEROMETER -5.9948883 1.694397 10.202454

1505956480690 GYROSCOPE -0.10864258 -0.22793579 -0.103149414

1505956480691 MAGNETIC_FIELD 15.377808 -3.088379 -44.651794

1505956480692 GRAVITY 0.19263409 1.0794811 9.745152

1505956480692 LINEAR_ACCELERATION -6.63579 0.66532886 1.2776423

1505956480699 ROTATION_VECTOR 0.055311337 -0.008726788 0.020073118

1505956480895 GRAVITY -1.0694072 2.5155697 9.417996

1505956480895 LINEAR_ACCELERATION -2.1062922 -1.0799868 -2.8157797

1505956480896 ROTATION_VECTOR 0.13045415 0.052891593 -0.016611526

1505956480896 ACCELEROMETER -3.4415588 1.2416534 6.4432983

1505956480896 GYROSCOPE 1.6131592 1.3208313 -0.27511597

1505956480896 MAGNETIC_FIELD 10.946655 -0.97351074 -47.71576

1505956481097 ACCELEROMETER -2.8681488 2.9483032 7.3241577

1505956481099 GYROSCOPE -2.596283 0.58169556 2.2232056

1505956481100 GRAVITY -2.4284265 1.8353939 9.322256

1505956481101 LINEAR_ACCELERATION -0.57531476 1.283489 -1.0032396

1505956481103 ROTATION_VECTOR 0.0762714 0.13740411 0.13825771

1505956481104 MAGNETIC_FIELD 12.583923 -8.628845 -46.7865

1505956481301 GRAVITY -1.6269268 0.35056248 9.664399

1505956481304 LINEAR_ACCELERATION 0.7997072 1.7817651 5.1410656

1505956481307 ROTATION_VECTOR -0.0046488135 0.08503642 0.262731

1505956481309 ACCELEROMETER -0.77622986 2.0592346 14.557602

1505956481311 GYROSCOPE 0.6838989 -1.1059265 -1.2684631

1505956481314 MAGNETIC_FIELD 13.371277 5.4016113 -45.58258

1505956481501 ACCELEROMETER -0.9274292 3.199356 6.653839

1505956481504 GYROSCOPE 1.7060852 -0.05810547 -0.68740845

1505956481507 MAGNETIC_FIELD 8.7387085 8.74939 -46.037292

1505956481509 GRAVITY -0.586714 2.412346 9.487188

1505956481511 LINEAR_ACCELERATION -0.36336136 0.88518095 -2.4181767

1505956481513 ROTATION_VECTOR 0.12003427 0.04335662 0.106946625

1505956481694 ACCELEROMETER -5.8151703 2.69104 10.634216

1505956481697 GRAVITY -0.3506124 3.9176216 8.983301

1505956481698 LINEAR_ACCELERATION -5.7252884 -1.0636368 2.1893444

1505956481699 ROTATION_VECTOR 0.20321663 0.026117373 0.037733342

1505956481701 GYROSCOPE 0.06439209 -0.69470215 0.25039673

1505956481702 MAGNETIC_FIELD 6.0897827 -6.4605713 -47.216797

1505956481901 GRAVITY -0.93626815 4.749185 8.528718

1505956481905 LINEAR_ACCELERATION -2.0531397 -1.5375004 -3.290019

1505956481915 ROTATION_VECTOR 0.25080103 0.047489516 -0.007262121

1505956481918 ACCELEROMETER -2.9866486 2.875534 4.9259796

1505956481921 GYROSCOPE 0.89004517 1.0441895 -0.6436157

1505956481924 MAGNETIC_FIELD 5.8151245 -11.987305 -46.20056

1505956482100 GRAVITY -2.1089375 4.3336053 8.540647

1505956482105 LINEAR_ACCELERATION 0.78713953 -0.42412758 -2.6310635

1505956482108 ROTATION_VECTOR 0.21993805 0.1271829 0.0689768

1505956482111 ACCELEROMETER -1.2094269 3.5696259 5.168167

1505956482113 GYROSCOPE -1.4491272 0.49945068 0.9863281

1505956482116 MAGNETIC_FIELD 10.272217 -18.659973 -44.667053

1505956482303 GRAVITY -4.6324825 2.0023475 8.408394

1505956482315 LINEAR_ACCELERATION 1.5713363 1.3938836 8.3539715

1505956482325 ROTATION_VECTOR 0.059604235 0.2602663 0.17523831

1505956482338 ACCELEROMETER -2.772461 3.3363647 16.06958

1505956482346 GYROSCOPE -0.96954346 2.309906 -1.7010498

1505956482350 MAGNETIC_FIELD 11.332703 -4.5578003 -43.32733

1505956482495 ACCELEROMETER -2.316986 4.0358734 8.500137

1505956482495 GYROSCOPE 2.9664612 1.2225647 -1.1424255

1505956482496 MAGNETIC_FIELD 11.654663 7.5668335 -40.419006

1505956482497 GRAVITY -7.325999 2.3996868 6.0614877

1505956482497 LINEAR_ACCELERATION 4.831128 1.7572229 2.330697

1505956482498 ROTATION_VECTOR 0.08998259 0.42761347 0.097973324

1505956482707 ACCELEROMETER 0.93803406 3.3647003 8.165421

1505956482749 GYROSCOPE 1.9496155 -0.38815308 -1.6145325

1505956482752 GRAVITY -7.869182 3.2484488 4.8676424

1505956482752 LINEAR_ACCELERATION 8.216818 0.3095622 3.7767477

1505956482753 ROTATION_VECTOR 0.1911729 0.4639744 5.715107E-4

1505956482753 MAGNETIC_FIELD 17.185974 -7.447815 -40.657043

1505956482896 ACCELEROMETER -3.7463226 -1.3925018 7.8236084

1505956482897 GYROSCOPE -0.35858154 -1.5823059 -0.4107666

1505956482898 MAGNETIC_FIELD 17.980957 -16.32843 -40.611267

1505956482899 GRAVITY -7.215146 2.1728656 6.2762017

1505956482899 LINEAR_ACCELERATION 2.7818422 -3.4361706 2.0069423

1505956482900 ROTATION_VECTOR 0.1537212 0.3954397 -0.07077955

1505956483097 ACCELEROMETER -4.274002 -7.446121 12.066025

1505956483098 GYROSCOPE -1.781311 -1.3409119 -1.6860962

1505956483098 MAGNETIC_FIELD 1.2878418 -16.812134 -49.51172

1505956483099 GRAVITY -5.2168226 -1.086553 8.232531

1505956483099 LINEAR_ACCELERATION 0.6473422 -6.5490656 4.4755387

1505956483100 ROTATION_VECTOR 0.03017147 0.2816868 -0.29442918

1505956483311 ACCELEROMETER -19.353943 1.6059875 13.010468

1505956483316 GYROSCOPE 0.3314209 2.6132507 1.7745972

1505956483320 MAGNETIC_FIELD -8.476257 -0.7385254 -51.28479

1505956483323 GRAVITY -6.485181 -1.9000424 7.1065216

1505956483325 LINEAR_ACCELERATION -12.861555 3.5098505 5.8816743

1505956483328 ROTATION_VECTOR 0.042402174 0.36860585 -0.36122453

1505956483506 ACCELEROMETER -1.5052948 -1.2623901 15.660461

1505956483510 GYROSCOPE 0.8377075 4.0028687 0.95428467

1505956483513 GRAVITY -9.535821 0.67075795 2.1882858

1505956483515 LINEAR_ACCELERATION 7.8160505 -1.9058764 13.538584

1505956483518 ROTATION_VECTOR 0.10583843 0.61418784 -0.07840069

1505956483520 MAGNETIC_FIELD 18.82782 -3.2348633 -44.2688

1505956483709 ACCELEROMETER -4.0578613 8.936569 -0.18659973

1505956483719 GYROSCOPE -2.030182 -1.7190247 2.3321533

1505956483721 GRAVITY -9.035307 3.7783 0.5080014

1505956483725 LINEAR_ACCELERATION 4.6396294 5.3686714 -0.8430002

1505956483727 ROTATION_VECTOR 0.11592729 0.6787194 0.16313842

1505956483730 MAGNETIC_FIELD 40.753174 -16.508484 -23.4375

1505956483903 GRAVITY -7.874248 5.3809237 2.283037

1505956483916 GYROSCOPE 1.9197083 0.40011597 -0.63720703

1505956483919 LINEAR_ACCELERATION 11.012252 -2.1433678 9.54409

1505956483922 MAGNETIC_FIELD 22.224426 -20.535278 -40.52124

1505956483925 ROTATION_VECTOR 0.20921287 0.58294725 0.19796348

1505956484113 ACCELEROMETER 3.5686035 2.9004364 11.488983

1505956484117 GYROSCOPE 0.42007446 -1.2597351 0.20874023

1505956484120 MAGNETIC_FIELD 6.222534 -19.4458 -33.10547

1505956484123 GRAVITY -7.8079863 5.6791425 1.7184517

1505956484126 LINEAR_ACCELERATION 6.452862 1.7785335 -1.1944443

1505956484129 ROTATION_VECTOR 0.39715675 0.5046284 -0.029071698

1505956484315 GRAVITY -7.399866 6.165666 1.843079

1505956484320 LINEAR_ACCELERATION 4.240916 2.8423867 0.15486848

1505956484324 ROTATION_VECTOR 0.49185637 0.40510055 -0.14339752

1505956484327 ACCELEROMETER -0.50086975 6.860306 0.29605103

1505956484330 GYROSCOPE 0.7501221 0.2345581 -0.07644653

1505956484332 MAGNETIC_FIELD 2.330017 -28.14331 -30.097961

1505956484503 ACCELEROMETER -2.290741 8.294815 1.8114777

1505956484504 GYROSCOPE 0.48309326 -0.37106323 0.3892517

1505956484505 MAGNETIC_FIELD -1.0253906 -25.462341 -30.108643

1505956484505 GRAVITY -6.9600196 6.759239 1.4287016

1505956484506 LINEAR_ACCELERATION 4.6509237 2.3028746 4.733978

1505956484506 ROTATION_VECTOR 0.60196346 0.25455156 -0.29471448

