1505956008024 GYROSCOPE -0.22506714 0.07220459 0.91049194

1505956008027 MAGNETIC_FIELD 7.6797485 -6.3079834 -43.548584

1505956008028 GRAVITY -1.0828679 1.8168263 9.575851

1505956008028 LINEAR_ACCELERATION 0.0 0.0 -0.0

1505956008029 ROTATION_VECTOR 0.0 0.0 0.0

1505956008224 ACCELEROMETER -0.75813293 1.6998901 8.239548

1505956008226 GRAVITY 0.82587373 3.5612047 9.099788

1505956008227 LINEAR_ACCELERATION 1.8400934 1.057625 0.878005

1505956008227 GYROSCOPE 1.0993958 0.42147827 0.836792

1505956008228 MAGNETIC_FIELD 11.392212 -8.325195 -44.532776

1505956008229 ROTATION_VECTOR 0.1765858 0.06969504 0.5574437

1505956008425 ACCELEROMETER 2.741562 4.5838776 9.454498

1505956008427 GYROSCOPE -0.05630493 1.0046692 0.19699097

1505956008433 MAGNETIC_FIELD 11.898804 -20.602417 -39.11743

1505956008433 GRAVITY 0.3728818 5.179876 8.318667

1505956008434 LINEAR_ACCELERATION 0.74761295 0.14557838 -3.1079512

1505956008435 ROTATION_VECTOR 0.231896 0.14862786 0.57550657

1505956008626 ACCELEROMETER 1.0112 4.4349213 4.7281494

1505956008628 GYROSCOPE -1.7279053 0.18115234 -0.2281189

1505956008629 MAGNETIC_FIELD 17.466736 -11.016846 -42.562866

1505956008629 GRAVITY -0.059977002 2.6078084 9.453366

1505956008630 LINEAR_ACCELERATION 1.6400537 -0.66125846 7.690443

1505956008630 ROTATION_VECTOR 0.08258106 0.105796285 0.76692754

1505956008827 ACCELEROMETER 1.431839 2.1331024 16.920547

1505956008829 GYROSCOPE 1.5533447 0.08502197 0.51208496

1505956008829 MAGNETIC_FIELD 18.647766 -15.556335 -39.775085

1505956008830 GRAVITY -0.43481806 2.9300528 9.348589

1505956008831 LINEAR_ACCELERATION -0.7040259 1.1828792 -3.5608768

1505956008831 ROTATION_VECTOR 0.0934064 0.12095402 0.6850323

1505956009064 ACCELEROMETER -1.1259766 4.381958 5.624069

1505956009065 ACCELEROMETER 0.14996338 6.1222687 4.966858

1505956009066 GYROSCOPE -0.27313232 0.6425781 1.5278625

1505956009067 MAGNETIC_FIELD 17.744446 -26.882935 -34.66797

1505956009067 GRAVITY -0.37735498 4.7658625 8.562391

1505956009068 LINEAR_ACCELERATION 0.5829315 1.2658467 -2.8159742

1505956009068 ROTATION_VECTOR 0.14148031 0.20838153 0.75525236

1505956009265 ACCELEROMETER -0.021255493 3.034958 7.0720825

1505956009266 GYROSCOPE 1.3450623 0.42895508 0.7962036

1505956009267 MAGNETIC_FIELD 15.927124 -30.084229 -32.23419

1505956009268 GRAVITY -0.12461878 5.437882 8.159921

1505956009268 LINEAR_ACCELERATION 0.041627876 -2.0247064 -0.7652631

1505956009269 ROTATION_VECTOR 0.11588915 0.265574 0.8682166

1505956009466 ACCELEROMETER 1.808258 4.4453583 8.875427

1505956009467 GYROSCOPE -0.1524353 -0.28881836 0.5345154

1505956009468 MAGNETIC_FIELD 12.72583 -35.10437 -28.782654

1505956009469 GRAVITY 0.7115697 6.0669174 7.6718035

1505956009469 LINEAR_ACCELERATION 1.463008 -1.2795238 1.9957933

1505956009470 ROTATION_VECTOR 0.13114215 0.30273524 0.90403986

1505956009667 ACCELEROMETER 4.9976654 3.860321 13.184097

1505956009668 GYROSCOPE -1.3839722 0.014526367 0.3678894

1505956009669 MAGNETIC_FIELD 5.3512573 -28.463745 -34.779358

1505956009670 GRAVITY 1.8337501 4.4047356 8.567734

1505956009670 LINEAR_ACCELERATION 3.363226 -0.50979424 4.5015335

1505956009671 ROTATION_VECTOR 0.14831534 0.20290327 0.9409094

1505956009869 ACCELEROMETER 2.5583954 4.051956 6.525879

1505956009870 GYROSCOPE -0.21972656 -0.45544434 0.42556763

1505956009871 MAGNETIC_FIELD 1.3549805 -24.169922 -39.37378

1505956009872 GRAVITY 2.6042693 3.0059092 8.963965

1505956009873 LINEAR_ACCELERATION -0.25485945 1.2420106 -2.1379023

1505956009873 ROTATION_VECTOR 0.16975299 0.11894907 0.9489109

1505956010070 ACCELEROMETER 1.4570313 4.145157 13.583496

1505956010071 GYROSCOPE 0.05050659 0.81240845 0.99487305

1505956010072 MAGNETIC_FIELD 2.0324707 -22.392273 -40.26184

1505956010072 LINEAR_ACCELERATION -1.3444386 1.3690205 4.6427355

1505956010073 GRAVITY 2.4328253 2.4809082 9.170433

1505956010073 ROTATION_VECTOR 0.14567782 0.10590569 0.9700321

1505956010270 ACCELEROMETER 1.6087952 1.8316193 10.3815155

1505956010271 GYROSCOPE 1.6473389 0.27835083 1.1967468

1505956010272 MAGNETIC_FIELD 0.95977783 -27.775574 -36.891174

1505956010272 GRAVITY 1.9293045 3.2648377 9.043728

1505956010273 LINEAR_ACCELERATION -0.13870549 -1.6829052 0.8373833

1505956010273 ROTATION_VECTOR 0.10524931 0.16679572 0.9799406

1505956010472 ACCELEROMETER 2.5516052 1.6971283 4.9118805

1505956010473 GYROSCOPE 0.41687012 0.68743896 0.3540039

1505956010473 MAGNETIC_FIELD -5.01709 -37.574768 -24.476624

1505956010474 GRAVITY 1.7392023 4.67988 8.440633

1505956010474 LINEAR_ACCELERATION 0.8975352 -2.7356882 -3.8413763

1505956010475 ROTATION_VECTOR -0.06677999 -0.25531927 -0.95972985

1505956010676 ACCELEROMETER 3.5222168 3.4657135 13.050049

1505956010677 GYROSCOPE -2.410431 -0.40844727 -0.73547363

1505956010677 GRAVITY 1.395884 2.899848 9.263518

1505956010678 LINEAR_ACCELERATION 1.9296551 0.55951047 4.790159

1505956010678 ROTATION_VECTOR -0.06000255 -0.15521501 -0.98292303

1505956010678 MAGNETIC_FIELD -1.1108398 -36.83777 -26.91803

1505956010881 ACCELEROMETER 1.7116699 3.5212097 8.157654

1505956010884 GYROSCOPE 0.48416138 -0.5643921 -0.52612305

1505956010886 MAGNETIC_FIELD 0.6790161 -30.125427 -35.369873

1505956010888 GRAVITY 1.9722487 1.3801415 9.50662

1505956010892 LINEAR_ACCELERATION -0.2650025 2.1137676 -2.5609016

1505956010894 ROTATION_VECTOR 0.1026683 0.06896724 0.99214154

1505956011082 ACCELEROMETER -0.18463135 5.3966827 8.751984

1505956011085 GYROSCOPE -0.7495117 0.04763794 -0.6211853

1505956011088 MAGNETIC_FIELD 0.5767822 -30.947876 -33.573914

1505956011090 GRAVITY 2.1322083 1.6067514 9.436229

1505956011092 LINEAR_ACCELERATION -2.4332926 3.9775817 -0.0020475388

1505956011094 ROTATION_VECTOR 0.11612809 0.07348792 0.98721796

1505956011285 GRAVITY 1.6667541 1.6573786 9.520788

1505956011289 LINEAR_ACCELERATION -0.3011384 1.561751 3.9622345

1505956011291 ROTATION_VECTOR 0.08803977 0.082606815 0.9922682

1505956011294 ACCELEROMETER 1.1183014 3.4937897 14.08429

1505956011296 GYROSCOPE 1.0523987 0.5784912 1.9166565

1505956011298 MAGNETIC_FIELD -0.68359375 -30.737305 -35.568237

1505956011481 ACCELEROMETER 2.22052 2.0565796 5.4333344

1505956011483 GRAVITY 1.2438058 3.802041 8.953649

1505956011484 LINEAR_ACCELERATION 0.8983029 -1.8266454 -4.2192564

1505956011486 ROTATION_VECTOR -0.03390152 -0.20577092 -0.9666057

1505956011487 GYROSCOPE 1.8139648 0.4172058 0.78445435

1505956011488 MAGNETIC_FIELD -9.3185425 -37.882996 -24.461365

1505956011685 ACCELEROMETER 3.8454285 4.188385 7.41185

1505956011688 GYROSCOPE -2.7500916 0.04977417 -1.0943604

1505956011692 MAGNETIC_FIELD -11.676025 -39.120483 -22.520447

1505956011694 GRAVITY 0.87409997 3.0673854 9.273483

1505956011696 LINEAR_ACCELERATION 3.330606 1.4245167 -1.313281

1505956011698 ROTATION_VECTOR -0.015389472 -0.16415581 -0.9696413

1505956011886 ACCELEROMETER 0.50105286 2.433487 10.281342

1505956011889 GYROSCOPE -0.16845703 0.31680298 0.15106201

1505956011892 MAGNETIC_FIELD -6.095886 -30.232239 -34.144592

1505956011894 GRAVITY 0.21351317 0.41873935 9.79538

1505956011896 LINEAR_ACCELERATION -0.112418264 1.8119898 0.2589693

1505956011898 ROTATION_VECTOR -0.008281223 -0.022496046 -0.9926653

1505956012093 ACCELEROMETER 0.9893036 4.4289856 6.36026

1505956012097 GYROSCOPE -0.33294678 0.17260742 -0.04119873

1505956012100 MAGNETIC_FIELD -10.092163 -33.432007 -30.97229

1505956012102 GRAVITY -0.20485145 0.15972117 9.803209

1505956012104 LINEAR_ACCELERATION 1.2623078 4.5409636 -3.2185402

1505956012107 ROTATION_VECTOR 0.011348227 -0.0068303198 -0.9926698

1505956012294 ACCELEROMETER -1.0506134 3.279129 12.582504

1505956012299 GRAVITY -0.93695056 -0.13032568 9.760919

1505956012301 LINEAR_ACCELERATION -0.38187015 2.960873 3.222846

1505956012304 ROTATION_VECTOR 0.04541465 0.016406855 -0.9772077

1505956012306 GYROSCOPE -0.15350342 0.59451294 1.559906

1505956012308 MAGNETIC_FIELD -10.542297 -29.185486 -32.987976

1505956012501 ACCELEROMETER 1.7519836 1.6425323 5.3520355

1505956012507 GRAVITY -1.9605892 1.4002866 9.506086

1505956012520 LINEAR_ACCELERATION 4.0412893 0.4006443 -4.9387913

1505956012523 ROTATION_VECTOR 0.12031806 -0.029121459 -0.9205119

1505956012525 GYROSCOPE 1.3781738 0.63082886 1.3217163

1505956012530 MAGNETIC_FIELD -19.160461 -28.843689 -30.360413

1505956012691 GRAVITY -1.9950662 1.4108518 9.497347

1505956012691 LINEAR_ACCELERATION 5.693972 3.272089 2.2609453

1505956012692 ROTATION_VECTOR 0.123239234 -0.024128305 -0.9049752

1505956012692 ACCELEROMETER 3.6440887 4.6564026 10.50708

1505956012692 GYROSCOPE -1.5623474 -0.24075317 -1.2161255

1505956012693 MAGNETIC_FIELD -20.903015 -28.736877 -29.846191

1505956012892 ACCELEROMETER 2.2158813 2.1403046 12.539764

1505956012893 GYROSCOPE 0.9562683 -0.9019165 0.6199646

1505956012893 MAGNETIC_FIELD -17.158508 -24.249268 -36.257935

1505956012893 GRAVITY -0.7879469 0.7794295 9.743819

1505956012894 LINEAR_ACCELERATION 3.133365 1.5162308 2.1809769

1505956012894 ROTATION_VECTOR 0.052335892 -0.021550665 -0.9236739

1505956013093 ACCELEROMETER 0.79167175 2.3397064 5.1463013

1505956013094 GYROSCOPE 0.46920776 -0.20123291 0.26428223

1505956013094 MAGNETIC_FIELD -18.023682 -26.66626 -32.974243

1505956013095 GRAVITY 0.35314295 2.2809267 9.531162

1505956013095 LINEAR_ACCELERATION 0.038174182 -0.022705317 -4.3798666

1505956013095 ROTATION_VECTOR 0.03355823 -0.11366542 -0.89808476

1505956013294 ACCELEROMETER 0.77053833 3.3305206 10.846344

1505956013294 GYROSCOPE -1.2504578 0.4439087 0.975647

1505956013295 MAGNETIC_FIELD -18.748474 -25.216675 -33.859253

1505956013295 GRAVITY 0.41365325 1.544652 9.675398

1505956013295 LINEAR_ACCELERATION 0.39549482 1.8232093 2.1381721

1505956013296 ROTATION_VECTOR 0.020174177 -0.07927796 -0.8694092

1505956013495 ACCELEROMETER 0.83981323 0.5248413 10.350174

1505956013496 GYROSCOPE 1.426239 -0.0954895 1.4456177

1505956013496 MAGNETIC_FIELD -20.962524 -15.138245 -39.900208

1505956013496 GRAVITY 0.4558453 1.5079339 9.679294

1505956013497 LINEAR_ACCELERATION 0.39277735 -1.1275119 0.38746166

1505956013497 ROTATION_VECTOR 0.029137947 -0.07512888 -0.785253

1505956013696 ACCELEROMETER 1.4483948 1.1255493 5.82251

1505956013697 GYROSCOPE -0.38848877 0.0796814 -0.16937256

1505956013697 MAGNETIC_FIELD -26.193237 -16.371155 -37.338257

1505956013697 GRAVITY 0.72190475 2.4259634 9.474383

1505956013698 LINEAR_ACCELERATION 0.90124035 -1.0696795 -3.3142948

1505956013698 ROTATION_VECTOR 0.058782548 -0.11612708 -0.7201584

1505956013897 ACCELEROMETER 3.5004272 -1.5496368 13.747284

1505956013897 GYROSCOPE -0.9214783 -0.76412964 -0.8807373

1505956013898 MAGNETIC_FIELD -23.103333 -10.826111 -40.063477

1505956013898 GRAVITY 1.2191955 1.0369669 9.675157

1505956013898 LINEAR_ACCELERATION 2.239104 -2.9564161 4.7956533

1505956013899 ROTATION_VECTOR -0.015854876 -0.080330215 -0.7804925

1505956014099 ACCELEROMETER 1.9507904 1.5331879 7.031784

1505956014103 GYROSCOPE 0.3453064 0.15765381 -0.37445068

1505956014106 MAGNETIC_FIELD -28.575134 -8.680725 -37.13379

1505956014108 GRAVITY 1.704568 0.68896365 9.632765

1505956014110 LINEAR_ACCELERATION 0.15608716 1.107252 -2.972909

1505956014112 ROTATION_VECTOR -0.049991407 -0.079790525 -0.8062024

1505956014306 ACCELEROMETER 0.43325806 1.5760803 9.804901

1505956014315 GYROSCOPE 0.25558472 0.98864746 -0.63934326

1505956014317 MAGNETIC_FIELD -27.148438 -13.470459 -37.493896

1505956014319 GRAVITY 0.51165485 1.4368217 9.687319

1505956014322 LINEAR_ACCELERATION 0.0040433407 0.08408439 0.9157162

1505956014324 ROTATION_VECTOR 0.017619709 -0.0759853 -0.8393593

1505956014509 ACCELEROMETER 2.3588104 0.22317505 11.5312805

1505956014515 GYROSCOPE 1.2820435 0.028411865 1.8429565

1505956014518 MAGNETIC_FIELD -22.912598 -15.65094 -39.208984

1505956014520 GRAVITY -0.13554622 2.6970232 9.427517

1505956014522 LINEAR_ACCELERATION 2.668378 -2.4292066 1.8864241

1505956014524 ROTATION_VECTOR 0.08206788 -0.11222863 -0.827697

1505956014708 ACCELEROMETER 1.2028809 0.33184814 5.6258698

1505956014718 GRAVITY 0.33014852 4.98971 8.435886

1505956014721 LINEAR_ACCELERATION 0.71921754 -4.454707 -2.8544455

1505956014724 ROTATION_VECTOR 0.15573822 -0.21362373 -0.74010116

1505956014726 GYROSCOPE 1.4508057 0.29864502 0.72891235

1505956014728 MAGNETIC_FIELD -25.067139 -17.123413 -34.921265

1505956014908 ACCELEROMETER 4.2164917 3.1551208 7.6973267

1505956014914 GYROSCOPE -0.9599304 -0.6434326 -0.2142334

1505956014917 MAGNETIC_FIELD -27.194214 -18.838501 -32.070923

1505956014919 GRAVITY 1.0622903 5.289352 8.189303

1505956014922 LINEAR_ACCELERATION 3.4640567 -1.8012414 0.24942017

1505956014924 ROTATION_VECTOR 0.14181043 -0.24970293 -0.7234828

1505956015109 ACCELEROMETER 3.6027985 2.5396118 11.323608

1505956015118 GYROSCOPE 1.0299683 -0.95425415 0.20980835

1505956015121 MAGNETIC_FIELD -26.875305 -11.495972 -37.716675

1505956015123 GRAVITY 2.390898 5.1598096 7.9893904

1505956015125 LINEAR_ACCELERATION 1.1891918 -2.4503002 3.5318694

1505956015128 ROTATION_VECTOR 0.07661488 -0.2945923 -0.7356471

1505956015313 ACCELEROMETER 0.38128662 1.9654694 5.5591736

1505956015319 GYROSCOPE 0.46066284 -0.10083008 -0.026245117

1505956015321 MAGNETIC_FIELD -27.946472 -16.499329 -34.94568

1505956015323 GRAVITY 3.1473322 6.185548 6.928469

1505956015326 LINEAR_ACCELERATION -2.8629887 -3.9276419 -1.3057928

1505956015328 ROTATION_VECTOR 0.083080605 -0.37395722 -0.712828

1505956015509 ACCELEROMETER 1.0573883 2.6407318 12.051819

1505956015522 GRAVITY 3.7887564 5.997756 6.7707195

1505956015525 LINEAR_ACCELERATION -2.4810708 -3.0799055 6.193498

1505956015528 ROTATION_VECTOR 0.056560338 -0.38934603 -0.69860256

1505956015530 GYROSCOPE 0.0793457 -0.22473145 1.0066223

1505956015532 MAGNETIC_FIELD -25.41809 -16.712952 -36.96289

1505956015713 ACCELEROMETER 2.673935 0.6701813 9.93457

1505956015723 GRAVITY 4.7143636 5.914964 6.2416644

1505956015726 LINEAR_ACCELERATION -1.7108793 -4.9995565 3.6765914

1505956015728 ROTATION_VECTOR 0.07298309 -0.42004424 -0.60041684

1505956015730 GYROSCOPE 1.5864563 0.53790283 1.0739136

1505956015733 MAGNETIC_FIELD -27.537537 -13.430786 -37.097168

1505956015917 ACCELEROMETER 2.3777313 1.5834656 4.1288757

1505956015923 GYROSCOPE -0.046691895 -0.21939087 -0.025177002

1505956015926 MAGNETIC_FIELD -28.710938 -16.339111 -33.068848

1505956015929 GRAVITY 5.1380982 6.216261 5.5792866

1505956015931 LINEAR_ACCELERATION -2.3000813 -3.9937506 -1.051867

1505956015933 ROTATION_VECTOR 0.11663008 -0.44936955 -0.5190331

1505956016116 ACCELEROMETER 3.7127838 1.913681 13.916901

1505956016125 GRAVITY 4.143801 5.193145 7.2132206

1505956016128 LINEAR_ACCELERATION -0.2361958 -3.0507407 7.725128

1505956016131 ROTATION_VECTOR 0.05142928 -0.3599766 -0.6386515

1505956016134 GYROSCOPE -2.197876 0.11172485 -1.4393616

1505956016136 MAGNETIC_FIELD -26.104736 -15.512085 -36.07025

1505956016318 ACCELEROMETER 3.16922 1.9567719 7.339096

1505956016324 GYROSCOPE 0.6806946 0.2975769 -0.49835205

1505956016327 MAGNETIC_FIELD -22.828674 -13.28125 -38.39264

1505956016329 GRAVITY 2.7930756 4.649144 8.170347

1505956016331 LINEAR_ACCELERATION 0.59407663 -2.344046 -0.921154

1505956016334 ROTATION_VECTOR 0.061149806 -0.28229228 -0.69768345

1505956016519 ACCELEROMETER 1.9204559 2.4690704 7.5574493

1505956016525 GYROSCOPE -0.5722046 0.33068848 -0.7461548

1505956016528 MAGNETIC_FIELD -22.325134 -20.443726 -36.16028

1505956016531 GRAVITY 1.6988124 4.960673 8.287107

1505956016533 LINEAR_ACCELERATION 0.37814462 -2.0572968 0.13025379

1505956016535 ROTATION_VECTOR 0.10504885 -0.2577593 -0.7240344

1505956016720 GRAVITY 1.8890208 4.7174335 8.387361

1505956016729 LINEAR_ACCELERATION 0.5390867 -2.4935021 6.702339

1505956016743 ROTATION_VECTOR 0.087243475 -0.2544646 -0.7296712

1505956016746 ACCELEROMETER 2.3306122 2.0440674 14.579803

1505956016748 GYROSCOPE 0.730896 -0.2354126 1.3323975

1505956016750 MAGNETIC_FIELD -22.50824 -15.048218 -39.370728

1505956016915 ACCELEROMETER 1.0634308 0.6985016 4.9045563

1505956016918 GYROSCOPE 1.2179565 0.3050537 0.48324585

1505956016920 MAGNETIC_FIELD -24.777222 -18.504333 -34.90143

1505956016922 GRAVITY 2.6560223 5.750259 7.4866853

1505956016924 LINEAR_ACCELERATION -1.4437339 -4.6427617 -2.4258265

1505956016927 ROTATION_VECTOR 0.13059899 -0.31816536 -0.63908696

1505956017119 ACCELEROMETER 4.5589447 2.5173798 9.676819

1505956017129 GRAVITY 2.5052228 5.388421 7.8012285

1505956017132 LINEAR_ACCELERATION 2.4532182 -2.4462142 2.9506507

1505956017135 ROTATION_VECTOR 0.092116706 -0.30620673 -0.7076805

1505956017137 GYROSCOPE -1.7791748 -0.8025818 -1.5899658

1505956017139 MAGNETIC_FIELD -26.365662 -20.843506 -32.546997

1505956017324 ACCELEROMETER 3.7365112 0.4750061 12.73082

1505956017330 GYROSCOPE 1.8022156 -0.76626587 0.3465271

1505956017332 MAGNETIC_FIELD -23.269653 -14.411926 -38.14392

1505956017334 GRAVITY 3.0332246 5.365526 7.627651

1505956017337 LINEAR_ACCELERATION 0.86973643 -4.5602436 5.2715716

1505956017339 ROTATION_VECTOR 0.033818938 -0.33159357 -0.76943296

1505956017522 ACCELEROMETER 4.0666046 2.2977295 5.428528

1505956017529 GYROSCOPE 0.57388306 -0.44369507 -1.5440369

1505956017534 MAGNETIC_FIELD -20.736694 -24.71466 -33.010864

1505956017536 GRAVITY 3.198296 7.212347 5.8243747

1505956017538 LINEAR_ACCELERATION 1.0783167 -4.335126 -0.054479122

1505956017541 ROTATION_VECTOR 0.04285332 -0.44855672 -0.77796954

1505956017724 ACCELEROMETER 2.4884033 4.8806305 10.544586

1505956017733 GRAVITY 1.5485379 7.3084755 6.3528423

1505956017736 LINEAR_ACCELERATION 0.94925797 -1.842843 4.9106646

1505956017739 ROTATION_VECTOR 0.036500655 -0.41804653 -0.8682475

1505956017741 GYROSCOPE -1.0752869 -0.04208374 -1.0772705

1505956017743 MAGNETIC_FIELD -10.479736 -29.881287 -33.9386

1505956017925 ACCELEROMETER 1.6103668 2.6851501 8.916092

1505956017934 GRAVITY 0.050020896 7.2831597 6.566846

1505956017937 LINEAR_ACCELERATION 1.5587703 -4.173059 2.6211472

1505956017939 ROTATION_VECTOR 0.06563798 -0.40109313 -0.90065384

1505956017941 GYROSCOPE 1.0577393 0.23989868 -0.8818054

1505956017944 MAGNETIC_FIELD -5.4504395 -28.96576 -34.677124

1505956018129 GRAVITY -0.9465379 8.278331 5.17143

1505956018136 LINEAR_ACCELERATION 0.9086554 -4.65299 0.17156315

1505956018138 ROTATION_VECTOR 0.07488109 -0.4803366 -0.8731545

1505956018141 ACCELEROMETER 0.08200073 2.796997 4.8872833

1505956018143 GYROSCOPE 0.8836365 -0.21298218 -0.5090332

1505956018145 MAGNETIC_FIELD -0.33416748 -37.574768 -27.75116

1505956018328 ACCELEROMETER 2.335312 4.6704865 10.672836

1505956018337 GRAVITY -1.217966 7.62552 6.044699

1505956018341 LINEAR_ACCELERATION 3.5428686 -2.2625055 5.354527

1505956018343 ROTATION_VECTOR -0.023726502 0.4373136 0.8941216

1505956018345 GYROSCOPE -1.4085388 -0.80792236 -0.78567505

1505956018347 MAGNETIC_FIELD 1.8585205 -40.592957 -23.838806

1505956018528 ACCELEROMETER 2.642105 3.3459473 6.8460846

1505956018537 GRAVITY -1.2238683 6.032187 7.634478

1505956018540 LINEAR_ACCELERATION 3.7075543 -2.1579313 -0.24238586

1505956018543 ROTATION_VECTOR -0.0021591135 0.33278415 0.9253681

1505956018545 GYROSCOPE -0.55404663 -0.21725464 -0.50476074

1505956018548 MAGNETIC_FIELD 1.1947632 -36.98578 -27.415466

1505956018730 ACCELEROMETER -1.2108917 3.3126068 6.953186

1505956018736 GYROSCOPE -1.0015869 0.48449707 -0.9928894

1505956018739 MAGNETIC_FIELD 5.924988 -36.001587 -29.40216

1505956018741 GRAVITY -2.3095162 4.499011 8.402108

1505956018743 LINEAR_ACCELERATION 0.76567674 -0.7640562 -0.43562222

1505956018746 ROTATION_VECTOR -0.053941794 0.26211065 0.9282871

1505956018927 ACCELEROMETER -2.560257 1.8211365 14.918823

1505956018940 GRAVITY -2.5046732 3.1092265 8.957104

1505956018943 LINEAR_ACCELERATION -0.17918444 -1.0595818 6.661606

1505956018945 ROTATION_VECTOR -0.08680739 0.18915412 0.9482087

1505956018948 GYROSCOPE -0.65338135 0.41400146 2.1559143

1505956018950 MAGNETIC_FIELD 10.0112915 -24.842834 -37.379456

1505956019130 GRAVITY -1.7193918 4.021476 8.777346

1505956019137 LINEAR_ACCELERATION 3.3097677 -1.3016009 -1.3677111

1505956019139 ACCELEROMETER 1.6697845 2.3774872 6.888855

1505956019142 ROTATION_VECTOR -0.056659907 0.22196744 0.96187085

1505956019144 GYROSCOPE 1.1090088 -0.14996338 0.3529358

1505956019146 MAGNETIC_FIELD 5.57251 -27.253723 -36.564636

1505956019326 ACCELEROMETER 2.715622 2.1250458 10.493561

1505956019329 GYROSCOPE -0.35430908 -1.1005859 -1.3250732

1505956019337 MAGNETIC_FIELD 3.010559 -30.206299 -33.36792

1505956019341 GRAVITY -0.8164456 4.3532143 8.749476

1505956019344 LINEAR_ACCELERATION 3.5263307 -1.8526769 2.6293678

1505956019346 ROTATION_VECTOR -0.0038458991 0.23213378 0.95884675

1505956019536 ACCELEROMETER 2.03685 -0.7748108 11.684784

1505956019542 GYROSCOPE 1.0075378 -0.48428345 -0.284729

1505956019544 MAGNETIC_FIELD 12.391663 -20.411682 -39.77356

1505956019546 GRAVITY -0.027599799 4.433454 8.747234

1505956019549 LINEAR_ACCELERATION 2.0544767 -4.8560114 3.4524574

1505956019551 ROTATION_VECTOR 0.055805333 0.22561236 0.9426911

1505956019734 GRAVITY 0.027237976 5.992181 7.762951

1505956019737 LINEAR_ACCELERATION 1.6030982 -3.5374017 -1.3233886

1505956019740 ROTATION_VECTOR 0.1130959 0.30233917 0.88797396

1505956019742 ACCELEROMETER 1.6456757 1.8813019 5.773285

1505956019745 GYROSCOPE 1.0534668 -0.39349365 -1.3261414

1505956019747 MAGNETIC_FIELD 12.715149 -23.15216 -37.0224

1505956019938 ACCELEROMETER 0.064453125 2.894455 11.24295

1505956019944 GYROSCOPE -1.6755676 -0.6348877 -0.61050415

1505956019947 MAGNETIC_FIELD 18.998718 -20.939636 -37.306213

1505956019949 GRAVITY -0.26923782 5.2114267 8.302947

1505956019952 LINEAR_ACCELERATION 0.29020476 -1.8560915 3.7924433

1505956019954 ROTATION_VECTOR 0.11172521 0.25334758 0.85802954

1505956020124 ACCELEROMETER 0.8483429 2.0713654 9.985519

1505956020125 GYROSCOPE 1.3973999 -0.3187256 -0.058288574

1505956020126 MAGNETIC_FIELD 16.549683 -18.94989 -39.34784

1505956020126 GRAVITY 0.22620122 4.7950544 8.551414

1505956020126 LINEAR_ACCELERATION 0.64665335 -2.424755 1.9931035

1505956020127 ROTATION_VECTOR 0.14346872 0.20836502 0.8218167

1505956020331 ACCELEROMETER 2.2784882 1.7701874 3.8870087

1505956020332 GYROSCOPE 0.10177612 -0.83569336 -0.40115356

1505956020332 MAGNETIC_FIELD 14.805603 -27.069092 -34.724426

1505956020333 GRAVITY 1.0076157 5.987473 7.7009907

1505956020333 LINEAR_ACCELERATION 1.3741996 -3.5716014 -3.0475936

1505956020333 ROTATION_VECTOR 0.23000906 0.23335503 0.77361417

1505956020533 ACCELEROMETER 2.111969 2.136673 14.280792

1505956020533 GYROSCOPE -1.8891907 -0.7961731 -1.7320251

1505956020533 MAGNETIC_FIELD 14.761353 -14.610291 -41.464233

1505956020534 GRAVITY 1.1573246 4.353017 8.7110405

1505956020534 LINEAR_ACCELERATION 1.0606432 -1.8920364 6.346671

1505956020534 ROTATION_VECTOR 0.192542 0.13706975 0.74798596

1505956020733 ACCELEROMETER 1.4146576 1.5536041 8.969681

1505956020736 GYROSCOPE 0.0035095215 0.30612183 -0.9555054

1505956020748 MAGNETIC_FIELD 14.442444 -4.9697876 -44.215393

1505956020751 GRAVITY 0.4738336 2.7348676 9.405657

1505956020754 LINEAR_ACCELERATION 0.9421521 -0.99487424 0.15855312

1505956020757 ROTATION_VECTOR 0.12674738 0.06618234 0.60114896

1505956020936 ACCELEROMETER 1.3256378 2.971222 6.197235

1505956020939 GYROSCOPE -0.44403076 0.36380005 -0.79315186

1505956020941 MAGNETIC_FIELD 17.7948 -4.96521 -43.232727

1505956020944 GRAVITY -0.5575137 2.4323113 9.483851

1505956020946 LINEAR_ACCELERATION 1.8198805 0.77164245 -2.4509964

1505956020948 ROTATION_VECTOR 0.09803564 0.08274777 0.45418978

1505956021136 ACCELEROMETER 0.079696655 0.18370056 13.499573

1505956021139 GYROSCOPE -1.3273621 0.5197449 0.09017944

1505956021141 MAGNETIC_FIELD 14.653015 5.5618286 -46.650696

1505956021144 GRAVITY -1.4699762 0.6297619 9.675379

1505956021146 LINEAR_ACCELERATION 1.4640418 -0.41746867 4.482567

1505956021148 ROTATION_VECTOR -0.0022060096 0.08178083 0.41703904

1505956021338 ACCELEROMETER -1.707489 -2.5451355 7.498459

1505956021342 GYROSCOPE -1.3508606 1.0068054 0.3614807

1505956021345 MAGNETIC_FIELD 26.625061 18.907166 -35.9787

1505956021347 GRAVITY -2.8480458 -1.9633299 9.176293

1505956021349 LINEAR_ACCELERATION 0.9052136 -0.73143065 -1.0977325

1505956021351 ROTATION_VECTOR -0.15457965 0.0907986 0.41560954

1505956021537 GRAVITY -4.2945986 -3.6977167 8.003355

1505956021537 LINEAR_ACCELERATION 3.4976966 1.0183418 1.3043604

1505956021537 ROTATION_VECTOR -0.27541816 0.12683561 0.39583564

1505956021538 ACCELEROMETER -0.5049896 -2.4108276 8.653793

1505956021538 GYROSCOPE -0.54763794 1.0068054 -0.61691284

1505956021538 MAGNETIC_FIELD 30.809021 20.429993 -33.21228

1505956021747 ACCELEROMETER -1.7247467 -5.622925 11.808502

1505956021756 GYROSCOPE 0.851593 -0.73742676 0.11581421

1505956021769 MAGNETIC_FIELD 30.83191 29.76532 -29.270935

1505956021772 GRAVITY -4.1200557 -3.7142837 8.087004

1505956021774 LINEAR_ACCELERATION 2.117289 -2.1816783 4.219282

1505956021776 ROTATION_VECTOR -0.2680797 0.12574118 0.3706953

1505956021942 ACCELEROMETER -1.1850739 -1.5099792 8.6586

1505956021945 GYROSCOPE 2.872467 -0.6829529 -0.2836609

1505956021948 MAGNETIC_FIELD 25.07019 17.778015 -39.746094

1505956021950 GRAVITY -2.6843574 -0.6266472 9.411265

1505956021952 LINEAR_ACCELERATION 1.326108 -0.93983895 -0.16537762

1505956021954 ROTATION_VECTOR -0.078822784 0.11809301 0.3479801

1505956022147 ACCELEROMETER -1.2896729 1.8934784 6.1608276

1505956022156 GYROSCOPE 1.1378479 0.42681885 -0.1159668

1505956022158 MAGNETIC_FIELD 24.537659 1.7990112 -42.55829

1505956022161 GRAVITY -2.4074163 3.0213366 9.013671

1505956022164 LINEAR_ACCELERATION 0.9335058 -0.8966427 -2.1862936

1505956022166 ROTATION_VECTOR 0.10259514 0.17293043 0.34741354

1505956022352 ACCELEROMETER -2.564087 0.04246521 14.078506

1505956022358 GYROSCOPE 0.2758789 -0.9521179 -0.62438965

1505956022361 MAGNETIC_FIELD 24.88861 5.116272 -39.62097

1505956022363 GRAVITY -2.1541927 3.7931578 8.783041

1505956022366 LINEAR_ACCELERATION -0.5413983 -3.5815036 5.855179

1505956022368 ROTATION_VECTOR 0.139499 0.18091325 0.37682796

1505956022548 ACCELEROMETER -0.310318 2.3636322 5.709015

1505956022557 GYROSCOPE 0.3463745 0.08288574 0.6188965

1505956022560 MAGNETIC_FIELD 20.846558 -1.9073486 -43.544006

1505956022563 GRAVITY -1.3725474 4.3177896 8.69731

1505956022565 LINEAR_ACCELERATION 0.95994556 -1.6462021 -2.4657679

1505956022567 ROTATION_VECTOR 0.18287773 0.15204063 0.36550647

1505956022757 GYROSCOPE -1.1906433 -0.2567749 -0.7696533

1505956022763 GRAVITY -1.2052538 3.473271 9.091433

1505956022766 LINEAR_ACCELERATION 1.3094845 -1.2381849 0.7472172

1505956022769 ROTATION_VECTOR 0.14456281 0.12477001 0.3623024

1505956022954 ACCELEROMETER 0.1884613 1.9760742 9.231369

1505956022961 GYROSCOPE -0.93963623 0.40759277 -0.69488525

1505956022963 MAGNETIC_FIELD 20.162964 0.7751465 -41.90979

1505956022965 GRAVITY -1.701386 1.2154913 9.5811405

1505956022967 LINEAR_ACCELERATION 2.0594535 -0.42827332 3.2632074

1505956022969 ROTATION_VECTOR 0.033993836 0.101696655 0.29167166

1505956023154 ACCELEROMETER 0.44833374 0.7280426 12.27919

1505956023160 GYROSCOPE 0.07827759 0.12454224 -0.488739

1505956023163 MAGNETIC_FIELD 18.148804 9.872437 -43.225098

1505956023165 GRAVITY -2.306114 0.28293583 9.527443

1505956023167 LINEAR_ACCELERATION 1.596843 1.9881452 -3.2318382

1505956023169 ROTATION_VECTOR -0.009625736 0.118924096 0.20001622

1505956023358 ACCELEROMETER -0.5454254 2.2444153 5.630905

1505956023364 GYROSCOPE -0.060577393 -0.65411377 -0.13305664

1505956023367 MAGNETIC_FIELD 17.96875 12.016296 -43.385315

1505956023369 GRAVITY -1.7834599 0.22906165 9.640394

1505956023371 LINEAR_ACCELERATION -0.4125005 1.4084967 4.8000746

1505956023374 ROTATION_VECTOR -0.0033484183 0.09200822 0.16268426

1505956023553 ACCELEROMETER -2.0771942 1.6141205 13.915268

1505956023556 GYROSCOPE 1.0908508 -0.49176025 0.89553833

1505956023559 GRAVITY -0.526817 1.3089507 9.704613

1505956023561 LINEAR_ACCELERATION 2.3687136 -0.97890437 -0.6749382

1505956023563 ROTATION_VECTOR 0.06044452 0.039356627 0.19279781

1505956023565 MAGNETIC_FIELD 15.101624 10.856628 -44.551086

1505956023756 GRAVITY 0.2073063 2.122236 9.572018

1505956023768 ACCELEROMETER 1.8751526 0.2826538 8.392273

1505956023771 LINEAR_ACCELERATION 1.9158063 -0.30658436 -1.0845423

1505956023774 ROTATION_VECTOR 0.10904827 0.008449439 0.17277287

1505956023776 GYROSCOPE -0.23040771 -0.2076416 -1.2791443

1505956023778 MAGNETIC_FIELD 15.368652 6.7276 -46.824646

1505956023958 ACCELEROMETER 2.1091614 1.7059631 7.9771423

1505956023967 GYROSCOPE -0.0050354004 -0.43408203 -0.37231445

1505956023969 MAGNETIC_FIELD 12.063599 0.08392334 -44.561768

1505956023971 GRAVITY 0.53179294 1.9409056 9.597941

1505956023974 LINEAR_ACCELERATION 1.2140527 1.3702374 3.0013256

1505956023976 ROTATION_VECTOR 0.101682246 -0.017376177 0.0974963

1505956024151 ACCELEROMETER 1.7508087 3.2406158 12.136612

1505956024154 LINEAR_ACCELERATION 0.9457368 -0.18779683 -2.3131666

1505956024155 ROTATION_VECTOR 0.15162748 -0.032098714 0.041107334

1505956024156 GRAVITY 0.74366546 2.9095557 9.335515

1505956024157 GYROSCOPE 0.95092773 0.05618286 -0.66070557

1505956024158 MAGNETIC_FIELD 12.17804 8.282471 -45.72296

1505956024360 ACCELEROMETER 1.5542755 2.562088 6.4169464

1505956024366 GRAVITY 0.14086303 4.42894 8.74843

1505956024369 LINEAR_ACCELERATION -2.3891041 0.72249794 -2.2409086

1505956024371 ROTATION_VECTOR 0.2322772 0.0012203481 0.03602666

1505956024373 GYROSCOPE 0.59524536 0.3680725 0.33370972

1505956024376 MAGNETIC_FIELD 9.391785 2.6550293 -48.095703

1505956024558 ACCELEROMETER -2.2745514 4.898819 6.116516

1505956024563 GYROSCOPE -0.61279297 0.115997314 -0.23239136

1505956024565 MAGNETIC_FIELD 11.401367 -3.6483765 -46.829224

1505956024567 GRAVITY -0.25185665 4.3058977 8.807167

1505956024570 LINEAR_ACCELERATION -0.27487606 -0.43127632 3.9110937

1505956024572 ROTATION_VECTOR 0.22316325 0.034023475 0.09034319

1505956024759 GRAVITY -1.670369 3.1544547 9.133985

1505956024764 LINEAR_ACCELERATION 1.6799974 -0.2974124 -3.0156927

1505956024767 ROTATION_VECTOR 0.15168303 0.10624815 0.121588364

1505956024769 ACCELEROMETER -0.48738098 3.6752625 12.223221

1505956024771 GYROSCOPE -0.67581177 1.2514038 -0.25909424

1505956024774 MAGNETIC_FIELD 12.626648 0.6942749 -46.362305

1505956024962 ACCELEROMETER 0.08250427 2.6203766 5.6214447

1505956024966 GYROSCOPE -1.1906433 -0.48535156 -1.3763428

1505956024968 MAGNETIC_FIELD 16.05072 5.455017 -45.30945

1505956024970 GRAVITY -2.8788066 0.9960902 9.321516

1505956024972 LINEAR_ACCELERATION 0.40326667 -1.4297663 -0.13000298

1505956024975 ROTATION_VECTOR 0.037757546 0.15267389 0.0894192

1505956025158 GRAVITY -2.482435 -0.53292066 9.47227

1505956025159 LINEAR_ACCELERATION 0.72772217 0.118275344 4.9834642

1505956025159 ROTATION_VECTOR -0.031099737 0.12681265 0.02877562

1505956025160 ACCELEROMETER -2.2729492 -0.48815918 8.683212

1505956025160 GYROSCOPE -0.0680542 0.06686401 0.10406494

1505956025160 MAGNETIC_FIELD 20.045471 13.040161 -42.578125

1505956025359 GRAVITY -2.3354943 -0.063007966 9.524279

1505956025365 LINEAR_ACCELERATION 1.7767487 2.6453707 -3.325777

1505956025368 ROTATION_VECTOR -0.0051915054 0.11987489 0.016190225

1505956025371 ACCELEROMETER -1.6438141 -0.34880066 13.881302

1505956025373 GYROSCOPE 0.35491943 -0.18093872 0.11047363

1505956025376 MAGNETIC_FIELD 10.523987 25.714111 -42.152405

1505956025568 GRAVITY -1.913331 0.6397398 9.5968895

1505956025575 LINEAR_ACCELERATION -1.0206863 0.34751064 3.16652

1505956025578 ROTATION_VECTOR 0.03171517 0.098432586 0.010915414

1505956025580 ACCELEROMETER -0.49127197 2.6179657 5.740509

1505956025582 GYROSCOPE 0.3175354 -0.27920532 0.098724365

1505956025585 MAGNETIC_FIELD 9.661865 19.197083 -44.86084

1505956025768 GRAVITY -1.3000237 2.8372812 9.2967825

1505956025778 LINEAR_ACCELERATION 2.6880999 -4.110256 2.00873

1505956025781 ROTATION_VECTOR 0.14158778 0.07712928 0.06819415

1505956025783 ACCELEROMETER -2.783432 0.897171 12.419418

1505956025786 GYROSCOPE 1.9805908 -0.109375 1.2757874

1505956025788 MAGNETIC_FIELD 4.8965454 18.461609 -44.999695

1505956025967 ACCELEROMETER 1.4673462 -1.3212128 10.822815

1505956025977 GYROSCOPE 0.27694702 -0.088012695 -0.6500244

1505956025979 MAGNETIC_FIELD 5.154419 21.781921 -43.659973

1505956025982 GRAVITY -0.8420214 4.8967166 8.454795

1505956025984 LINEAR_ACCELERATION 2.431482 -3.1034288 -3.672946

1505956025986 ROTATION_VECTOR 0.25283402 0.07071355 0.098658904

1505956026169 ACCELEROMETER 1.5575867 1.4455872 4.464798

1505956026179 GYROSCOPE -0.23040771 -0.3678589 0.1713562

1505956026182 MAGNETIC_FIELD 9.005737 7.7789307 -47.195435

1505956026184 GRAVITY -0.62716544 4.617943 8.628537

1505956026186 LINEAR_ACCELERATION 0.8655853 -3.1582637 5.8965216

1505956026188 ROTATION_VECTOR 0.23926176 0.053111684 0.080815695

1505956026368 GRAVITY 0.15300278 5.378152 8.198931

1505956026378 LINEAR_ACCELERATION 0.08084197 -3.8576298 -0.57674694

1505956026380 ROTATION_VECTOR 0.28627893 0.0039073764 0.040315446

1505956026383 ACCELEROMETER 0.27088928 1.2390289 14.103897

1505956026385 GYROSCOPE 1.2937927 -0.5708008 -0.14907837

1505956026387 MAGNETIC_FIELD 3.767395 21.716309 -44.995117

1505956026569 GRAVITY 0.4505178 6.4056067 7.4118567

1505956026578 LINEAR_ACCELERATION -1.1415441 -1.0664082 1.7728419

1505956026581 ROTATION_VECTOR 0.3474354 -0.03727079 -0.03433123

1505956026583 ACCELEROMETER 0.17115784 1.2540894 7.1342773

1505956026585 GYROSCOPE 0.11886597 -0.25250244 -0.3050232

1505956026588 MAGNETIC_FIELD 4.092407 16.03241 -46.855164

1505956026771 ACCELEROMETER -0.7377014 4.8937073 9.017273

1505956026783 GYROSCOPE 0.4777527 -0.21298218 0.4159546

1505956026796 MAGNETIC_FIELD 0.9185791 11.90033 -48.039246

1505956026799 GRAVITY 0.69092065 6.4797635 7.328416

1505956026801 LINEAR_ACCELERATION -2.8615425 -6.3998914 6.144323

1505956026803 ROTATION_VECTOR 0.34877253 -0.06864765 -0.08225471

1505956026969 GRAVITY 1.4812192 6.4918046 7.1995034

1505956026974 LINEAR_ACCELERATION -1.6141123 -4.88812 -0.88484

1505956026976 ROTATION_VECTOR 0.35230884 -0.09384017 -0.033502307

1505956026978 ACCELEROMETER -2.1137695 -0.21696472 12.691025

1505956026980 GYROSCOPE -0.13214111 0.035888672 0.7054138

1505956026982 MAGNETIC_FIELD 2.4490356 14.883423 -46.37146

1505956027173 ACCELEROMETER -0.26835632 1.0841827 5.8634186

1505956027179 GYROSCOPE -0.68115234 0.51760864 0.15213013

1505956027181 MAGNETIC_FIELD 0.74920654 6.0699463 -46.765137

1505956027183 GRAVITY 1.4968804 5.5679502 7.932696

1505956027186 LINEAR_ACCELERATION -1.8734437 -2.8494692 2.3767605

1505956027188 ROTATION_VECTOR 0.29986185 -0.07501967 0.016623413

1505956027378 ACCELEROMETER -0.5241852 2.1309357 10.026184

1505956027384 GYROSCOPE 0.27801514 0.3328247 1.3751221

1505956027386 MAGNETIC_FIELD 1.4892578 9.483337 -48.068237

1505956027389 GRAVITY 1.5494399 4.62069 8.509927

1505956027391 LINEAR_ACCELERATION -0.9850055 -4.505477 5.5688763

1505956027393 ROTATION_VECTOR 0.25301784 -0.045787312 0.1391715

1505956027577 GRAVITY 2.4359424 4.874979 8.152985

1505956027584 LINEAR_ACCELERATION -0.6420169 -1.5852184 0.38799953

1505956027587 ROTATION_VECTOR 0.28443098 -0.05841675 0.24677114

1505956027589 ACCELEROMETER 0.61021423 -0.038238525 12.928345

1505956027591 GYROSCOPE 0.45425415 -0.61886597 0.1361084

1505956027594 MAGNETIC_FIELD 5.064392 18.112183 -46.743774

1505956027766 ACCELEROMETER 1.5560303 3.045639 8.116531

1505956027767 GYROSCOPE -0.62454224 -0.98095703 -0.63827515

1505956027768 MAGNETIC_FIELD 6.4987183 14.930725 -46.66443

1505956027768 GRAVITY 3.2408159 4.656654 7.998942

1505956027769 LINEAR_ACCELERATION -3.2030299 -2.2315865 5.875084

1505956027769 ROTATION_VECTOR 0.2792754 -0.119049266 0.19400746

1505956027968 ACCELEROMETER -0.044128418 2.028656 13.496124

1505956027969 GYROSCOPE 1.5608215 -0.396698 0.8709717

1505956027970 MAGNETIC_FIELD 7.8826904 8.287048 -46.40503

1505956027995 GRAVITY 4.272141 5.1032486 7.2025027

1505956028014 LINEAR_ACCELERATION -1.4363408 -3.604291 3.9064217

1505956028028 ROTATION_VECTOR 0.3149058 -0.18332732 0.15734789

1505956028169 ACCELEROMETER 2.6256409 1.2861633 10.472534

1505956028170 GYROSCOPE 1.1335754 -0.16171265 -1.600647

1505956028171 MAGNETIC_FIELD 8.802795 10.044861 -46.392822

1505956028171 GRAVITY 4.168606 6.9885163 5.4730024

1505956028172 LINEAR_ACCELERATION -1.9389815 -5.184492 1.5722995

1505956028172 ROTATION_VECTOR 0.43721357 -0.17262343 0.14218721

1505956028383 GRAVITY 3.2938657 8.169011 4.3113914

1505956028389 LINEAR_ACCELERATION 0.35548735 -3.6228623 5.6358795

1505956028392 ROTATION_VECTOR 0.5162632 -0.11684411 0.13575353

1505956028427 ACCELEROMETER 1.8951111 1.3032379 6.8922424

1505956028428 GYROSCOPE 0.55358887 -0.29522705 0.1083374

1505956028428 MAGNETIC_FIELD 3.982544 -5.882263 -46.92688

1505956028572 ACCELEROMETER 3.325348 3.8843231 9.37854

1505956028573 GYROSCOPE -1.0870361 0.6116028 -0.1234436

1505956028573 MAGNETIC_FIELD 4.2648315 -9.584045 -45.491028

1505956028574 GRAVITY 3.1668346 7.856895 4.940723

1505956028574 LINEAR_ACCELERATION 0.38181663 -2.006194 1.2029967

1505956028574 ROTATION_VECTOR 0.49092478 -0.084179 0.18358105

1505956028786 ACCELEROMETER 3.2593536 5.2130127 5.7719574

1505956028792 GYROSCOPE -2.587738 -0.75131226 -0.5592346

1505956028795 GRAVITY 2.7353182 5.694079 7.5010586

1505956028827 LINEAR_ACCELERATION -1.4707549 -4.0256653 -4.036439

1505956028836 ROTATION_VECTOR 0.3287163 -0.09745786 0.14929397

1505956028837 MAGNETIC_FIELD 2.8533936 -3.717041 -47.517395

1505956028974 ACCELEROMETER 0.5786133 0.5099182 2.5539703

1505956028974 GYROSCOPE 0.07293701 1.3849182 0.70755005

1505956028975 MAGNETIC_FIELD 5.706787 0.57373047 -46.731567

1505956028975 GRAVITY 1.9067796 3.4271984 8.988264

1505956028976 LINEAR_ACCELERATION -6.429762 -3.6798143 0.41244984

1505956028976 ROTATION_VECTOR 0.18517698 -0.08622972 0.07034008

1505956029184 GRAVITY -3.0678957 1.4507507 9.200746

1505956029196 LINEAR_ACCELERATION -8.001522 2.6784577 -0.60879993

1505956029199 ROTATION_VECTOR 0.030640412 0.17307132 0.2592518

1505956029202 ACCELEROMETER -5.045227 -0.12521362 8.082977

1505956029205 GYROSCOPE -1.3337708 4.4931335 3.0873108

1505956029207 MAGNETIC_FIELD 2.7359009 13.490295 -45.23163

1505956029376 ACCELEROMETER -10.647568 3.5116882 8.019287

1505956029377 GYROSCOPE -0.17272949 3.2156677 2.3823547

1505956029377 MAGNETIC_FIELD 29.058838 15.792847 -35.128784

1505956029377 GRAVITY -7.706798 1.0008768 5.9811287

1505956029378 LINEAR_ACCELERATION 0.12532568 -6.4640718 11.345209

1505956029378 ROTATION_VECTOR -0.23695707 0.3726911 0.57487535

1505956029577 ACCELEROMETER -7.1352386 -5.942917 16.567688

1505956029578 GYROSCOPE 6.524353 -3.19516 -1.2930298

1505956029578 MAGNETIC_FIELD 51.060486 -8.924866 -3.7780762

1505956029579 GRAVITY -7.989531 4.14737 3.890643

1505956029579 LINEAR_ACCELERATION -5.823612 -16.416605 2.6664846

1505956029580 ROTATION_VECTOR -0.16291963 0.5244899 0.5877114

1505956029788 ACCELEROMETER -12.990982 -13.06694 5.266632

1505956029796 GRAVITY -6.7201805 2.617787 6.645055

1505956029799 LINEAR_ACCELERATION -5.8303313 -6.3722363 -3.7244387

1505956029804 ROTATION_VECTOR -0.0203347 0.40097755 0.37523037

1505956029807 GYROSCOPE -1.1553955 -1.9956665 -2.1977234

1505956029810 MAGNETIC_FIELD 47.78595 -13.763428 -11.270142

1505956029991 ACCELEROMETER -12.293854 -2.267807 3.0960388

1505956029996 GYROSCOPE 0.91674805 2.4968262 0.46401978

1505956029999 MAGNETIC_FIELD 32.710266 -7.925415 -41.566467

1505956030005 GRAVITY -7.667194 1.4530163 5.939131

1505956030007 LINEAR_ACCELERATION -7.003257 3.8224332 -4.5588017

1505956030010 ROTATION_VECTOR -0.060901746 0.43986315 0.28599048

1505956030190 ACCELEROMETER -13.861252 4.749832 0.5267792

1505956030196 GRAVITY -8.030029 4.921643 2.732481

1505956030198 LINEAR_ACCELERATION -3.528801 -0.09377861 -2.3061917

1505956030205 ROTATION_VECTOR 0.050672024 0.59842676 0.3588188

1505956030207 GYROSCOPE 1.6537476 0.061523438 2.422943

1505956030211 MAGNETIC_FIELD 42.22412 1.3839722 -33.042908

1505956030392 GRAVITY -5.664975 7.940305 1.0148824

1505956030398 LINEAR_ACCELERATION 3.0319228 -2.855157 -4.416425

1505956030402 ACCELEROMETER -10.450043 4.4244537 -0.019699097

1505956030405 ROTATION_VECTOR 0.07822454 0.6649333 0.5501321

1505956030407 GYROSCOPE 0.20217896 0.026275635 1.2918091

1505956030411 MAGNETIC_FIELD 51.14746 -16.305542 -12.020874

1505956030592 ACCELEROMETER -2.1177063 4.6916504 -3.7512054

1505956030600 GRAVITY -4.111575 8.889248 0.4965976

1505956030603 LINEAR_ACCELERATION 0.9823382 -0.33657742 -6.24352

1505956030606 ROTATION_VECTOR -0.04121313 0.6877369 0.6748528

1505956030609 GYROSCOPE -0.08834839 0.11279297 0.5281067

1505956030611 MAGNETIC_FIELD 38.015747 -37.24518 -9.585571

1505956030790 ACCELEROMETER -2.5324097 7.7082367 -5.5371704

1505956030796 GRAVITY -2.553435 9.40125 1.1255505

1505956030799 LINEAR_ACCELERATION 0.55317426 0.68911934 -2.9514515

1505956030801 ROTATION_VECTOR -0.11870026 0.6546168 0.7438354

1505956030805 GYROSCOPE -0.8520508 0.2270813 1.170044

1505956030807 MAGNETIC_FIELD 30.641174 -43.325806 -7.9177856

1505956030990 GRAVITY -1.2095273 9.271822 2.9564748

1505956030995 LINEAR_ACCELERATION 0.6045011 2.529891 -1.2735829

1505956030997 ACCELEROMETER -1.5951538 9.271271 -1.8606415

1505956031000 GYROSCOPE -1.2493896 0.37020874 0.3678894

1505956031003 MAGNETIC_FIELD 23.994446 -45.321655 -8.329773

1505956031005 ROTATION_VECTOR 0.25920093 -0.53110886 -0.76463115

1505956031194 ACCELEROMETER -0.29560852 10.867355 1.5549927

1505956031197 GYROSCOPE 0.8366394 0.3103943 -0.69381714

1505956031200 MAGNETIC_FIELD 18.444824 -44.25049 -18.5318

1505956031202 GRAVITY -1.5844426 9.147438 3.159795

1505956031205 LINEAR_ACCELERATION 2.581264 1.1492472 -1.0352197

1505956031207 ROTATION_VECTOR 0.5812676 -0.031989124 -0.18258314

1505956031396 GRAVITY -2.2933118 9.395287 1.6247156

1505956031410 LINEAR_ACCELERATION 1.0921347 0.7846756 -4.041737

1505956031435 ROTATION_VECTOR 0.5871479 0.2691095 0.144446

1505956031444 ACCELEROMETER 0.81256104 9.484131 1.4868317

1505956031450 GYROSCOPE 0.4574585 0.15551758 -0.049743652

1505956031452 MAGNETIC_FIELD 19.395447 -46.507263 -16.685486

1505956031589 ACCELEROMETER -1.016159 9.330231 -2.6149292

1505956031590 GYROSCOPE 0.052642822 -0.30056763 0.018615723

1505956031590 MAGNETIC_FIELD 21.23108 -45.684814 -9.370422

1505956031591 GRAVITY -2.252277 9.493129 0.9890165

1505956031591 LINEAR_ACCELERATION 0.9895749 0.32503223 -3.2351847

1505956031591 ROTATION_VECTOR 0.4872381 0.46062264 0.37145504

1505956031798 GRAVITY -2.083545 9.55406 0.7410625

1505956031809 ACCELEROMETER -1.0286255 8.96936 -2.3592682

1505956031822 ROTATION_VECTOR 0.5022007 0.4582693 0.3675409

1505956031826 LINEAR_ACCELERATION 1.0244834 0.6972742 -3.7529223

1505956031828 GYROSCOPE 3.0517578E-4 0.205719 0.08483887

1505956031831 MAGNETIC_FIELD 22.279358 -47.53723 -6.298828

1505956031997 ACCELEROMETER -0.85935974 9.3954315 -3.056549

1505956032001 GYROSCOPE 0.08041382 0.009185791 -0.01449585

1505956032003 MAGNETIC_FIELD 20.022583 -49.465942 -5.015564

1505956032006 LINEAR_ACCELERATION 1.1733013 0.5839052 -3.1754704

1505956032008 ROTATION_VECTOR 0.5309324 0.442603 0.34231415

1505956032011 GRAVITY -1.9600961 9.598886 0.43567684

1505956032204 ACCELEROMETER -0.62693787 9.319138 -2.7562103

1505956032210 GRAVITY -1.5991544 9.645213 -0.76351625

1505956032213 LINEAR_ACCELERATION 0.5824747 0.33876896 -1.9522586

1505956032216 ROTATION_VECTOR 0.6490803 0.34296256 0.2147523

1505956032218 GYROSCOPE 0.0579834 0.017730713 0.03250122

1505956032221 MAGNETIC_FIELD 20.401001 -48.364258 -3.9413452

1505956032407 GRAVITY -1.1919638 9.605037 -1.5788819

1505956032412 ACCELEROMETER -0.8706665 9.244156 -2.698532

1505956032435 LINEAR_ACCELERATION 0.48986626 0.15968609 -1.4337667

1505956032437 ROTATION_VECTOR 0.6956788 0.3106954 0.1892768

1505956032440 GYROSCOPE -0.009307861 0.091430664 0.0869751

1505956032442 MAGNETIC_FIELD 18.891907 -49.249268 -4.145813

1505956032594 ACCELEROMETER -0.62072754 9.181992 -2.8909302

1505956032595 GYROSCOPE -0.22079468 -0.11685181 0.049591064

1505956032595 MAGNETIC_FIELD 19.66858 -48.72589 -3.5873413

1505956032595 GRAVITY -0.90633076 9.599967 -1.7859398

1505956032596 LINEAR_ACCELERATION 0.27236146 0.13664532 -0.85660255

1505956032596 ROTATION_VECTOR 0.7119546 0.29013482 0.18460226

