1492573145843 MAGNETIC_FIELD -5.1971436 -22.296143 -42.02881

1492573145949 ACCELEROMETER -0.66368103 2.0732117 9.71405

1492573145974 GYROSCOPE 0.122665405 -0.21047974 -0.4730835

1492573146039 MAGNETIC_FIELD -4.2144775 -26.164246 -41.178894

1492573146047 GRAVITY -0.4798998 2.3734026 9.503002

1492573146048 LINEAR_ACCELERATION -0.41669393 -0.38225245 -0.5697651

1492573146050 ROTATION_VECTOR 0.056473527 -0.11087153 -0.9558571

1492573146144 ACCELEROMETER 0.3126831 2.1141815 8.615341

1492573146169 GYROSCOPE 0.056655884 -0.20361328 -0.19398499

1492573146234 MAGNETIC_FIELD -5.4244995 -26.14746 -40.44342

1492573146247 GRAVITY -0.3426325 2.1606631 9.5595255

1492573146248 LINEAR_ACCELERATION 0.051299065 -0.5546222 -0.1835146

1492573146250 ROTATION_VECTOR 0.03997009 -0.104891606 -0.9725066

1492573146389 ACCELEROMETER 0.9423828 2.3691864 8.6219635

1492573146390 GYROSCOPE -0.26423645 -0.02822876 -0.016906738

1492573146447 GRAVITY 0.23120314 2.145876 9.566198

1492573146448 LINEAR_ACCELERATION 0.50762236 0.21059585 -0.08567333

1492573146450 ROTATION_VECTOR 0.004796939 -0.11061928 -0.9825922

1492573146500 MAGNETIC_FIELD -6.037903 -26.208496 -42.045593

1492573146585 ACCELEROMETER 0.61857605 2.2035675 8.034775

1492573146586 GYROSCOPE 0.029144287 0.12973022 0.12109375

1492573146647 GRAVITY 0.30814362 2.2303262 9.544688

1492573146648 LINEAR_ACCELERATION -0.026734978 0.27153087 -1.0749092

1492573146650 ROTATION_VECTOR -6.347456E-4 -0.115567826 -0.9846845

1492573146695 MAGNETIC_FIELD -4.3167114 -25.805664 -41.84265

1492573146780 ACCELEROMETER 0.75979614 3.0202026 9.421127

1492573146781 GYROSCOPE 0.17649841 0.13728333 0.14286804

1492573146847 GRAVITY 0.3133839 2.7396345 9.410981

1492573146848 LINEAR_ACCELERATION 0.74095666 0.25985765 0.72246456

1492573146850 ROTATION_VECTOR -5.8622565E-4 -0.14203213 -0.9839046

1492573146891 MAGNETIC_FIELD -2.89917 -26.39618 -40.48767

1492573146976 ACCELEROMETER 0.040008545 1.9340668 10.53421

1492573146976 GYROSCOPE -0.15646362 -0.08181763 -0.1377716

1492573147047 GRAVITY 0.30806255 2.230194 9.544722

1492573147048 LINEAR_ACCELERATION -0.80919546 -0.6022146 1.9980154

1492573147050 ROTATION_VECTOR -0.004765539 -0.115463875 -0.98872524

1492573147086 MAGNETIC_FIELD -2.307129 -26.037598 -42.74292

1492573147171 ACCELEROMETER -0.117126465 1.7311707 9.990387

1492573147171 GYROSCOPE -0.21330261 -0.11601257 0.050064087

1492573147247 GRAVITY 0.41581765 1.7857364 9.633723

1492573147248 LINEAR_ACCELERATION 0.057305276 0.23471868 -1.1318483

1492573147250 ROTATION_VECTOR -0.010789458 -0.093275905 -0.9891628

1492573147281 MAGNETIC_FIELD -3.5568237 -24.882507 -43.070984

1492573147366 ACCELEROMETER 0.1594696 1.8044739 7.7478485

1492573147367 GYROSCOPE 0.51168823 -0.074142456 -0.22573853

1492573147447 GRAVITY 0.47165158 2.7305193 9.407029

1492573147448 LINEAR_ACCELERATION -1.0656023 -0.94495106 -0.6003313

1492573147450 ROTATION_VECTOR -0.012631438 -0.14218104 -0.9863988

1492573147476 MAGNETIC_FIELD -2.2232056 -28.849792 -39.926147

1492573147561 ACCELEROMETER -0.65686035 2.9405212 9.007309

1492573147562 GYROSCOPE -0.25862122 0.07621765 -0.62971497

1492573147647 GRAVITY -0.11740116 2.428991 9.500347

1492573147648 LINEAR_ACCELERATION -0.59231776 0.6438422 0.040433884

1492573147650 ROTATION_VECTOR 0.00985691 -0.124578975 -0.9916944

1492573147672 MAGNETIC_FIELD 2.6290894 -28.445435 -43.022156

1492573147757 ACCELEROMETER 0.25753784 2.6445923 11.046631

1492573147758 GYROSCOPE -0.3179779 -0.03215027 0.09169006

1492573147847 GRAVITY -0.115984134 1.8092846 9.637605

1492573147848 LINEAR_ACCELERATION 0.54389876 1.1535993 0.79291916

1492573147850 ROTATION_VECTOR 0.008254368 -0.09247045 -0.9953698

1492573147867 MAGNETIC_FIELD 1.5213013 -23.101807 -42.91382

1492573147952 ACCELEROMETER 0.19372559 2.5550385 8.565796

1492573147953 GYROSCOPE 0.34196472 -0.115737915 0.25212097

1492573148047 GRAVITY 0.14819837 2.3596714 9.517372

1492573148048 LINEAR_ACCELERATION 0.023974404 0.21656728 -0.7378807

1492573148050 ROTATION_VECTOR -0.0029959204 -0.121408775 -0.9918796

1492573148063 MAGNETIC_FIELD 0.30670166 -27.722168 -42.9718

1492573148147 ACCELEROMETER 0.2933197 2.492691 9.697174

1492573148148 GYROSCOPE 0.34423828 -0.07763672 0.22546387

1492573148247 GRAVITY 0.34009537 3.0634437 9.309674

1492573148249 LINEAR_ACCELERATION 0.46060684 -0.08060479 0.5975628

1492573148251 ROTATION_VECTOR -0.00907087 -0.15892273 -0.98583424

1492573148258 MAGNETIC_FIELD 0.117492676 -31.060791 -41.503906

1492573148453 GRAVITY 0.6839743 2.5538378 9.443542

1492573148474 LINEAR_ACCELERATION -0.4865818 -0.9050014 2.8975954

1492573148494 ROTATION_VECTOR -0.02855726 -0.13303332 -0.9894507

1492573148495 ACCELEROMETER 0.3854065 2.24794 9.709

1492573148495 GYROSCOPE -0.25094604 -0.11071777 0.06352234

1492573148496 MAGNETIC_FIELD -1.083374 -29.556274 -42.381287

1492573148652 GRAVITY 0.8387822 2.8437276 9.347729

1492573148654 LINEAR_ACCELERATION 0.47015727 -1.3174181 -1.2451916

1492573148655 ACCELEROMETER 0.67900085 1.6860352 7.665802

1492573148656 GYROSCOPE 0.25280762 -0.10229492 -0.19371033

1492573148657 ROTATION_VECTOR -0.03840057 -0.14806703 -0.9876912

1492573148663 MAGNETIC_FIELD -0.66070557 -32.133484 -40.838623

1492573148849 ACCELEROMETER -0.25808716 2.510376 8.6219635

1492573148851 GYROSCOPE 0.03225708 -0.06587219 -0.6516266

1492573148851 MAGNETIC_FIELD 5.6762695 -31.427002 -40.470886

1492573148852 GRAVITY 0.51321244 3.056009 9.304182

1492573148853 LINEAR_ACCELERATION -0.79994124 -0.45274115 0.62456036

1492573148854 ROTATION_VECTOR 0.031939026 0.1568395 0.98651975

1492573149045 ACCELEROMETER 0.3231659 3.4293213 11.011353

1492573149046 GYROSCOPE -0.37509155 -0.10585022 -0.33877563

1492573149047 MAGNETIC_FIELD 6.227112 -28.182983 -42.114258

1492573149055 GRAVITY 0.39533216 2.5489192 9.461349

1492573149057 LINEAR_ACCELERATION 0.2394934 1.1508472 1.7581072

1492573149060 ROTATION_VECTOR 0.033138037 0.128481 0.9863491

1492573149224 ACCELEROMETER 1.2201843 3.3183136 8.803864

1492573149233 GYROSCOPE 0.30329895 -0.0476532 0.22491455

1492573149240 MAGNETIC_FIELD 5.029297 -30.645752 -41.05835

1492573149258 GRAVITY 0.6088284 2.7016745 9.407479

1492573149264 LINEAR_ACCELERATION 1.0494751 0.783123 0.095231056

1492573149267 ROTATION_VECTOR 0.04381601 0.13576522 0.9857184

1492573149463 ACCELEROMETER 0.88783264 3.4698944 7.0976257

1492573149464 GYROSCOPE 0.3414154 0.027709961 0.0072784424

1492573149465 MAGNETIC_FIELD 5.393982 -33.26416 -38.894653

1492573149466 GRAVITY 0.65017736 3.5326457 9.125134

1492573149471 LINEAR_ACCELERATION 0.34839928 0.0539124 -2.2316265

1492573149472 ROTATION_VECTOR 0.050922766 0.17931682 0.9780717

1492573149632 ACCELEROMETER 0.48060608 3.7436676 8.936707

1492573149638 GYROSCOPE -0.04156494 0.05090332 0.03453064

1492573149641 MAGNETIC_FIELD 7.286072 -33.432007 -39.100647

1492573149653 GRAVITY 0.5269792 3.685969 9.072283

1492573149663 LINEAR_ACCELERATION 0.17997682 -0.01470685 1.7463121

1492573149666 ROTATION_VECTOR 0.047116816 0.18767613 0.97580296

1492573149827 ACCELEROMETER 0.3827362 3.0720062 11.029678

1492573149829 GYROSCOPE -0.21832275 -0.04978943 -0.015899658

1492573149848 GRAVITY 0.5738419 3.2578123 9.231888

1492573149849 LINEAR_ACCELERATION -0.2994001 0.13723326 2.049304

1492573149851 ROTATION_VECTOR 0.04910624 0.16399178 0.97854984

1492573149905 MAGNETIC_FIELD 9.7717285 -32.51953 -39.95514

1492573150018 ACCELEROMETER 0.41807556 2.8354645 7.708023

1492573150030 GYROSCOPE -0.06336975 -0.08230591 -0.1724701

1492573150056 GRAVITY 0.612564 3.05124 9.299736

1492573150062 LINEAR_ACCELERATION -0.13866228 -0.20329022 -0.50745773

1492573150072 ROTATION_VECTOR 0.05274918 0.15186493 0.9778549

1492573150105 MAGNETIC_FIELD 8.59375 -32.26013 -40.803528

1492573150215 ACCELEROMETER 0.769104 2.8293304 8.1008

1492573150220 GYROSCOPE -0.2108612 -0.38069153 -0.69503784

1492573150275 GRAVITY 0.89873445 2.9545012 9.307716

1492573150285 LINEAR_ACCELERATION -0.24786943 -0.3989823 -2.845708

1492573150290 ROTATION_VECTOR 0.07476584 0.14088508 0.968946

1492573150303 MAGNETIC_FIELD 13.407898 -29.501343 -44.670105

1492573150405 ACCELEROMETER 0.63113403 2.1356354 8.548462

1492573150406 GYROSCOPE 0.13310242 -0.6207886 -1.2353668

1492573150448 GRAVITY 1.0506243 2.9282663 9.300098

1492573150449 LINEAR_ACCELERATION -1.0452414 -0.7272661 0.58500195

1492573150450 ROTATION_VECTOR 0.10045989 0.12543826 0.9334926

1492573150491 MAGNETIC_FIELD 15.837097 -23.130798 -47.740173

1492573150602 ACCELEROMETER 0.32461548 4.8201904 8.495117

1492573150606 GYROSCOPE 0.06436157 -1.5337067 -0.6531372

1492573150652 GRAVITY 1.6100485 3.2051091 9.127179

1492573150657 LINEAR_ACCELERATION -1.2207719 0.17274523 -0.9401026

1492573150665 ROTATION_VECTOR 0.14730878 0.113769434 0.8857156

1492573150690 MAGNETIC_FIELD 4.5455933 -12.6297 -55.418396

1492573150801 ACCELEROMETER -4.278427 2.695282 2.4094849

1492573150806 GYROSCOPE 2.6750488 -4.1181793 2.0171356

1492573150852 GRAVITY 7.129942 4.8924155 4.625861

1492573150866 LINEAR_ACCELERATION -10.179006 0.10227442 0.6375022

1492573150884 ROTATION_VECTOR 0.5108475 0.056405265 0.7563077

1492573150886 MAGNETIC_FIELD -23.327637 -29.934692 -23.60382

1492573150995 ACCELEROMETER 13.661911 -2.3055725 4.5893707

1492573150997 GYROSCOPE 0.97673035 3.1832275 0.06767273

1492573151052 GRAVITY 9.102358 3.2074497 1.7406145

1492573151056 LINEAR_ACCELERATION 1.7151642 -1.0192516 2.5646262

1492573151059 ROTATION_VECTOR 0.6301389 0.119072944 0.7584481

1492573151089 MAGNETIC_FIELD -28.140259 -26.383972 -21.19751

1492573151187 ACCELEROMETER 12.49791 4.7195587 14.110626

1492573151191 GYROSCOPE 1.2890472 0.9163513 -3.0980225

1492573151248 GRAVITY 5.491676 3.9288003 7.1117096

1492573151251 LINEAR_ACCELERATION 12.265334 -3.5655026 5.854549

1492573151253 ROTATION_VECTOR 0.3466355 0.13132998 0.89782274

1492573151272 MAGNETIC_FIELD 0.66833496 -26.652527 -36.42273

1492573151382 ACCELEROMETER -1.5422974 -1.3168335 4.7781525

1492573151383 GYROSCOPE -0.24195862 -0.21939087 -1.1725616

1492573151456 ROTATION_VECTOR 0.41574714 0.36527282 0.68232185

1492573151460 GRAVITY 2.1416566 8.783284 3.7996864

1492573151463 LINEAR_ACCELERATION -12.011582 -16.368189 -13.735454

1492573151471 MAGNETIC_FIELD 0.19378662 -26.356506 -37.58545

1492573151581 ACCELEROMETER 2.929123 1.5792999 9.930023

1492573151585 GYROSCOPE -0.41949463 0.3218994 -0.65509033

1492573151656 GRAVITY 1.2402514 7.3726254 6.3463817

1492573151660 LINEAR_ACCELERATION 4.280814 -4.609936 5.920795

1492573151664 ROTATION_VECTOR 0.30534804 0.28842184 0.7239711

1492573151667 MAGNETIC_FIELD 5.1239014 -22.28241 -39.031982

1492573151774 ACCELEROMETER 1.3710938 1.6830902 9.291565

1492573151777 GYROSCOPE -0.32040405 0.8104553 -0.40478516

1492573151860 ROTATION_VECTOR 0.23853119 0.3074329 0.71209717

1492573151865 GRAVITY -0.1922436 7.027761 6.836959

1492573151868 LINEAR_ACCELERATION 1.7876979 -4.873118 1.5584245

1492573151871 MAGNETIC_FIELD 12.689209 -19.613647 -38.272095

1492573152052 GRAVITY -1.3166387 6.403917 7.3093567

1492573152063 LINEAR_ACCELERATION 0.99747324 -4.996122 2.4359474

1492573152066 ROTATION_VECTOR 0.16296782 0.31743976 0.7281036

1492573152070 ACCELEROMETER 0.062088013 1.1510468 9.84108

1492573152072 GYROSCOPE 0.044906616 0.8345032 -0.040130615

1492573152076 MAGNETIC_FIELD 19.406128 -19.42749 -35.287476

1492573152256 ACCELEROMETER -2.988617 0.9201355 9.761353

1492573152261 GYROSCOPE 0.28657532 0.08824158 -0.20292664

1492573152265 MAGNETIC_FIELD 21.818542 -22.071838 -32.92389

1492573152267 GRAVITY -3.0662093 6.062577 7.0720515

1492573152271 LINEAR_ACCELERATION 1.7530468 -3.315948 2.3116412

1492573152274 ROTATION_VECTOR 0.088246986 0.3671351 0.73504704

1492573152446 ACCELEROMETER -1.9775238 2.0487213 9.373199

1492573152447 GYROSCOPE 0.025024414 -0.073135376 0.06561279

1492573152448 MAGNETIC_FIELD 19.915771 -20.082092 -31.777954

1492573152448 GRAVITY -2.6251256 6.2246714 7.108626

1492573152449 LINEAR_ACCELERATION 0.90467405 -3.1132693 1.4433074

1492573152450 ROTATION_VECTOR 0.088376895 0.36020893 0.74505705

