1492573162839 GRAVITY -1.7699137 4.8126183 8.359217

1492573162841 LINEAR_ACCELERATION 0.060348988 -0.12413454 0.89450836

1492573162842 ROTATION_VECTOR 0.25175774 -0.102061816 -0.64719653

1492573162855 ACCELEROMETER -2.405777 5.544586 9.012527

1492573162879 GYROSCOPE 1.2810211 1.4466248 -0.41462708

1492573162940 MAGNETIC_FIELD 4.396057 -27.867126 -37.339783

1492573163039 GRAVITY -5.2783403 6.0934954 5.5838

1492573163044 LINEAR_ACCELERATION -0.5636716 0.20358133 3.5378466

1492573163045 ROTATION_VECTOR 0.43732595 -0.15508528 -0.77041966

1492573163050 ACCELEROMETER -7.8194885 6.3464813 3.7685394

1492573163075 GYROSCOPE 2.2255554 4.545807 0.23468018

1492573163182 MAGNETIC_FIELD 24.787903 -42.11731 -3.8101196

1492573163239 GRAVITY -4.2069254 8.109497 -3.5648584

1492573163239 LINEAR_ACCELERATION -0.1089797 -3.0932713 -1.5076714

1492573163241 ROTATION_VECTOR 0.78517646 -0.25545087 -0.40195593

1492573163271 ACCELEROMETER -1.5690918 6.396759 -4.390808

1492573163271 GYROSCOPE 0.69062805 4.5895386 2.0489502

1492573163336 MAGNETIC_FIELD 3.2211304 -47.32666 11.143494

1492573163439 GRAVITY 2.171038 9.072191 -3.025279

1492573163439 LINEAR_ACCELERATION 0.71976805 -1.940939 1.5312948

1492573163441 ROTATION_VECTOR 0.796755 -0.13938336 0.036258996

1492573163466 ACCELEROMETER 1.9074402 7.578171 -1.4194794

1492573163467 GYROSCOPE -1.1342468 3.0239868 -0.2278595

1492573163531 MAGNETIC_FIELD 7.171631 -48.301697 -0.010681152

1492573163639 GRAVITY 0.7685309 9.776018 -0.09598486

1492573163639 LINEAR_ACCELERATION 0.2157352 -0.10846996 -0.9497682

1492573163641 ROTATION_VECTOR 0.70948803 0.038994912 0.09355878

1492573163661 ACCELEROMETER 0.9376068 9.834564 0.10281372

1492573163662 GYROSCOPE -1.2132568 0.13925171 -1.0318451

1492573163727 MAGNETIC_FIELD 13.424683 -44.807434 -8.137512

1492573163839 GRAVITY -0.40952867 9.723089 1.2100443

1492573163839 LINEAR_ACCELERATION -0.21640772 0.6931648 -0.50893736

1492573163841 ROTATION_VECTOR 0.65197104 0.11505931 0.0990776

1492573163856 ACCELEROMETER 1.5280914 9.216293 0.8875885

1492573163857 GYROSCOPE -1.314209 0.26689148 0.5161896

1492573163921 MAGNETIC_FIELD 13.824463 -39.944458 -17.900085

1492573164039 GRAVITY -0.48668835 8.882077 4.1282234

1492573164039 LINEAR_ACCELERATION -3.177457 -0.0527277 0.362

1492573164041 ROTATION_VECTOR 0.52357876 0.12403418 0.14913663

1492573164117 ACCELEROMETER -0.5080719 9.149826 4.793503

1492573164118 GYROSCOPE -0.7054291 0.12258911 -0.76434326

1492573164182 MAGNETIC_FIELD 10.829163 -40.270996 -22.10083

1492573164239 GRAVITY 0.8297399 8.893562 4.04802

1492573164239 LINEAR_ACCELERATION -3.1213198 -7.488634 -3.1524582

1492573164241 ROTATION_VECTOR 0.5375176 0.06843416 0.18313786

1492573164312 ACCELEROMETER 0.696228 7.3286896 5.065384

1492573164313 GYROSCOPE 0.1000061 -0.2702484 0.515152

1492573164377 MAGNETIC_FIELD 15.440369 -45.42389 -9.474182

1492573164439 GRAVITY 0.043309834 9.455948 2.598763

1492573164439 LINEAR_ACCELERATION 0.85866886 -1.3908615 -2.3498492

1492573164441 ROTATION_VECTOR 0.5768836 0.18629348 0.24786267

1492573164508 ACCELEROMETER -0.5778351 9.435699 -0.78227234

1492573164509 GYROSCOPE 1.4425659 2.0780182 -0.7883148

1492573164573 MAGNETIC_FIELD 23.449707 -43.333435 1.0437012

1492573164639 GRAVITY -1.4994934 9.615053 1.2135293

1492573164639 LINEAR_ACCELERATION -2.444497 -0.7294779 -2.1431751

1492573164641 ROTATION_VECTOR 0.5688491 0.33843458 0.27941898

1492573164703 ACCELEROMETER -3.076126 8.844818 -1.3863678

1492573164703 GYROSCOPE 0.1108551 -1.2944489 0.14770508

1492573164768 MAGNETIC_FIELD 22.125244 -43.122864 -0.4058838

1492573164839 GRAVITY -1.2206767 9.70283 0.73173076

1492573164839 LINEAR_ACCELERATION -1.2695223 -0.36705303 -1.7667603

1492573164841 ROTATION_VECTOR 0.6214527 0.27656585 0.21210971

1492573164898 ACCELEROMETER -2.1755676 8.303894 -1.2737732

1492573164899 GYROSCOPE 0.15081787 -0.18371582 -0.010528564

1492573164963 MAGNETIC_FIELD 21.098328 -43.873596 -2.3544312

1492573165039 GRAVITY -1.241337 9.711997 0.5536996

1492573165039 LINEAR_ACCELERATION -0.64530337 -1.4135218 -1.6882526

1492573165041 ROTATION_VECTOR 0.63429326 0.26351708 0.19149627

1492573165093 ACCELEROMETER -2.194275 7.925598 -0.5461426

1492573165094 GYROSCOPE -0.25239563 0.06703186 0.0011291504

1492573165158 MAGNETIC_FIELD 22.517395 -43.25409 -3.4881592

1492573165239 GRAVITY -1.593597 9.615765 1.0806965

1492573165239 LINEAR_ACCELERATION -2.9738948 -0.015319824 5.245209E-4

1492573165241 ROTATION_VECTOR 0.5987908 0.2938527 0.21446218

1492573165289 ACCELEROMETER -3.0837097 9.425308 0.15681458

1492573165290 GYROSCOPE -0.22183228 0.033599854 -0.26487732

1492573165354 MAGNETIC_FIELD 22.645569 -43.206787 -3.6941528

1492573165439 GRAVITY -1.9367436 9.561204 1.0013919

1492573165440 LINEAR_ACCELERATION -0.4597695 0.22449303 -2.9081552

1492573165442 ROTATION_VECTOR 0.60139245 0.29541555 0.18849935

1492573165484 ACCELEROMETER -0.7627106 11.522446 -2.048233

1492573165486 GYROSCOPE 0.4362793 0.1917572 0.0854187

1492573165551 MAGNETIC_FIELD 23.39325 -43.777466 -1.7745972

1492573165647 GRAVITY -1.5327678 9.684846 -0.15739611

1492573165653 LINEAR_ACCELERATION -0.05524242 -1.6845789 -1.658648

1492573165655 ROTATION_VECTOR 0.6404475 0.31281304 0.20552781

1492573165690 ACCELEROMETER -1.4374695 7.166931 -0.9919586

1492573165694 GYROSCOPE 0.2394104 -0.4381256 0.18641663

1492573165752 MAGNETIC_FIELD 20.89386 -43.663025 -1.3580322

1492573165847 GRAVITY -1.3015013 9.71812 -0.18610077

1492573165854 LINEAR_ACCELERATION 0.564963 -1.4242764 -0.8483276

1492573165857 ROTATION_VECTOR 0.65920496 0.27374676 0.18036552

1492573165888 ACCELEROMETER -0.62532043 8.840271 -0.8323364

1492573165890 GYROSCOPE 0.07846069 -0.80944824 0.12390137

1492573165940 MAGNETIC_FIELD 19.0094 -44.24286 -4.736328

1492573166042 GRAVITY -0.95347655 9.757066 -0.24685895

1492573166043 LINEAR_ACCELERATION 0.34997898 0.34205437 -1.9852535

1492573166044 ROTATION_VECTOR 0.68176836 0.2185823 0.14747804

1492573166071 ACCELEROMETER -2.1213531 12.143921 -2.712799

1492573166072 GYROSCOPE -0.07685852 -0.9327545 0.2584076

1492573166224 MAGNETIC_FIELD 18.447876 -44.45038 -5.5984497

1492573166239 GRAVITY -0.88131547 9.755603 -0.4710562

1492573166241 LINEAR_ACCELERATION -1.4842567 0.10239506 -0.7770484

1492573166242 ROTATION_VECTOR 0.6909552 0.21586592 0.14565046

1492573166331 ACCELEROMETER -2.1681976 8.126953 -1.5177002

1492573166332 GYROSCOPE 0.06529236 0.59617615 -0.15350342

1492573166395 MAGNETIC_FIELD 19.276428 -45.37964 -7.5286865

1492573166439 GRAVITY -1.1140981 9.739675 -0.2606263

1492573166440 LINEAR_ACCELERATION -0.20858324 -1.594841 -1.2324024

1492573166442 ROTATION_VECTOR 0.6772619 0.23367615 0.15112263

1492573166526 ACCELEROMETER -2.0161743 8.184845 -0.87384033

1492573166526 GYROSCOPE -0.19361877 0.3796234 -0.10632324

1492573166591 MAGNETIC_FIELD 21.788025 -44.622803 -6.567383

1492573166640 GRAVITY -1.4996885 9.690775 0.10098387

1492573166641 LINEAR_ACCELERATION -1.0391517 0.019509315 -0.46349573

1492573166642 ROTATION_VECTOR 0.6432429 0.28476277 0.18493402

1492573166720 ACCELEROMETER -2.2316284 10.182327 -0.4916687

1492573166721 GYROSCOPE -0.29814148 0.17419434 -0.11520386

1492573166793 MAGNETIC_FIELD 22.471619 -43.981934 -8.6883545

1492573166839 GRAVITY -1.5394827 9.682937 0.20275785

1492573166840 LINEAR_ACCELERATION 0.3344003 2.2808619 -1.5165651

1492573166842 ROTATION_VECTOR 0.6363992 0.29096094 0.1913423

1492573166915 ACCELEROMETER -1.9964752 10.563187 -0.26245117

1492573166916 GYROSCOPE 0.07220459 -0.09776306 0.058441162

1492573166981 MAGNETIC_FIELD 22.431946 -43.928528 -8.47168

1492573167039 GRAVITY -1.5845702 9.676188 0.1757865

1492573167039 LINEAR_ACCELERATION -1.3681989 -2.0054655 0.66316646

1492573167041 ROTATION_VECTOR 0.6385925 0.2885083 0.18479818

1492573167115 ACCELEROMETER -2.459076 7.2167053 0.53993225

1492573167116 GYROSCOPE 0.21400452 -0.6622772 0.08859253

1492573167176 MAGNETIC_FIELD 18.489075 -44.348145 -10.954285

1492573167239 GRAVITY -1.2300521 9.7291765 0.021975966

1492573167239 LINEAR_ACCELERATION -0.6742915 0.22032738 -0.20500273

1492573167242 ROTATION_VECTOR 0.67498213 0.20803516 0.12200177

1492573167306 ACCELEROMETER -0.8945923 6.2560425 -0.2939911

1492573167306 GYROSCOPE 0.22010803 -1.3065186 0.62838745

1492573167375 MAGNETIC_FIELD 6.5490723 -48.324585 -11.929321

1492573167443 GRAVITY 0.16828197 9.759542 -0.94519156

1492573167447 LINEAR_ACCELERATION -0.9800405 -5.6253414 -1.3405654

1492573167451 ROTATION_VECTOR 0.738421 0.054089874 0.06065523

1492573167505 ACCELEROMETER -1.2785797 11.917007 -2.6583252

1492573167510 GYROSCOPE 1.2049713 -0.6290283 0.96217346

1492573167571 MAGNETIC_FIELD -8.564758 -48.716736 -6.739807

1492573167641 GRAVITY 2.3470235 9.27269 -2.163121

1492573167646 LINEAR_ACCELERATION -1.1018605 -1.3328476 -0.26338816

1492573167651 ROTATION_VECTOR 0.7796624 -0.04914307 0.11480566

1492573167701 ACCELEROMETER 0.48815918 0.80540466 -0.32843018

1492573167705 GYROSCOPE -0.013793945 0.18830872 1.3523712

1492573167766 MAGNETIC_FIELD -29.516602 -40.179443 -2.4108887

1492573167843 GRAVITY 4.922546 7.9339957 -2.9984386

1492573167853 LINEAR_ACCELERATION -5.2190595 -6.49842 1.7203836

1492573167877 ROTATION_VECTOR 0.7901198 -0.16908117 0.19897652

1492573167914 ACCELEROMETER 10.629532 8.710205 -4.528656

1492573167916 GYROSCOPE -0.39004517 -0.5792999 1.6056976

1492573167958 MAGNETIC_FIELD -39.51111 -31.185913 1.4938354

1492573168039 GRAVITY 6.196072 6.7968025 -3.403314

1492573168041 LINEAR_ACCELERATION 0.35485554 -5.1149073 -0.74275374

1492573168044 ROTATION_VECTOR 0.7240052 -0.38644165 0.14075898

1492573168090 ACCELEROMETER 1.9143982 3.5685577 -6.0878906

1492573168093 GYROSCOPE 1.0568237 -2.8717957 0.35069275

1492573168154 MAGNETIC_FIELD -35.07538 -24.45221 15.286255

1492573168240 GRAVITY 4.4995055 4.6230154 -7.3859715

1492573168245 LINEAR_ACCELERATION -1.1461325 6.388815 -10.889316

1492573168248 ROTATION_VECTOR 0.7807638 -0.5167084 0.06539434

1492573168352 ACCELEROMETER 0.73921204 5.282303 -7.6840515

1492573168355 GYROSCOPE 1.1333771 -0.33651733 0.17272949

1492573168415 MAGNETIC_FIELD -28.45459 -20.288086 26.361084

1492573168440 GRAVITY 2.6582582 2.2365808 -9.170701

1492573168445 LINEAR_ACCELERATION 1.5973201 -1.744364 -10.742176

1492573168450 ROTATION_VECTOR 0.7412222 -0.646657 0.027614992

1492573168545 ACCELEROMETER 4.3857574 2.636673 -14.999817

1492573168548 GYROSCOPE -0.3776703 -0.5823822 1.523941

1492573168610 MAGNETIC_FIELD -31.478882 -17.803955 23.912048

1492573168640 GRAVITY 2.678802 2.6957142 -9.040328

1492573168645 LINEAR_ACCELERATION 2.7053566 4.170746 -9.618504

1492573168647 ROTATION_VECTOR 0.6522873 -0.7317443 -0.011950193

1492573168741 ACCELEROMETER 3.999054 5.0471344 -14.075775

1492573168744 GYROSCOPE -0.42477417 -1.0416412 1.0542297

1492573168805 MAGNETIC_FIELD -27.754211 -16.445923 27.243042

1492573168841 GRAVITY 1.7769526 3.6354158 -8.932893

1492573168845 LINEAR_ACCELERATION 1.215124 1.2788298 0.65487957

1492573168847 ROTATION_VECTOR 0.5938532 -0.77639496 -0.094306976

1492573168936 ACCELEROMETER 2.7151642 4.3398743 -8.651001

1492573168940 GYROSCOPE -0.83543396 0.15080261 -0.8030548

1492573169000 MAGNETIC_FIELD -26.272583 -25.99945 21.33789

1492573169040 GRAVITY 1.5719327 5.416587 -8.022469

1492573169045 LINEAR_ACCELERATION 1.1425197 0.047898293 -2.9002643

1492573169047 ROTATION_VECTOR 0.71635646 -0.6291784 -0.12798923

1492573169131 ACCELEROMETER 2.378479 7.1420593 -8.071045

1492573169134 GYROSCOPE -1.0141144 0.56622314 -0.9193878

1492573169196 MAGNETIC_FIELD -23.672485 -32.580566 15.065002

1492573169240 GRAVITY 1.5140362 6.9636087 -6.736931

1492573169245 LINEAR_ACCELERATION 0.27650666 0.44367552 -0.023565292

1492573169247 ROTATION_VECTOR 0.75218225 -0.5269817 -0.15298158

1492573169326 ACCELEROMETER 0.75335693 7.9446564 -4.5904236

1492573169331 GYROSCOPE 0.08418274 0.22520447 -0.596817

1492573169391 MAGNETIC_FIELD -22.468567 -32.42035 21.40503

1492573169440 GRAVITY 0.79252315 5.87644 -7.8108735

1492573169445 LINEAR_ACCELERATION -0.27346027 2.8069692 4.226214

1492573169447 ROTATION_VECTOR 0.8053177 -0.49970698 -0.13045336

1492573169521 ACCELEROMETER -1.2816925 2.5857544 -3.3760376

1492573169524 GYROSCOPE 2.4575348 1.4459381 -0.59210205

1492573169586 MAGNETIC_FIELD -33.010864 -23.916626 8.589172

1492573169640 GRAVITY 6.005414 2.1114767 -7.459696

1492573169645 LINEAR_ACCELERATION -4.4330053 -6.272051 2.1234045

1492573169647 ROTATION_VECTOR 0.8326867 -0.43240198 0.23673923

1492573169716 ACCELEROMETER 12.892685 0.96842957 -2.49115

1492573169720 GYROSCOPE 0.8561859 6.9000397 0.5751953

1492573169781 MAGNETIC_FIELD -21.168518 -23.280334 -27.288818

1492573169841 GRAVITY 8.605839 1.0802126 4.5763583

1492573169845 LINEAR_ACCELERATION 0.6822443 -0.7421888 -4.764315

1492573169849 ROTATION_VECTOR 0.46984944 -0.21427122 0.7288294

1492573169914 ACCELEROMETER 7.010025 2.2512054 6.1490936

1492573169917 GYROSCOPE -0.7252197 5.749527 -0.020523071

1492573169982 MAGNETIC_FIELD 9.414673 -19.186401 -36.260986

1492573170045 GRAVITY 1.68062 -0.46328855 9.6504545

1492573170050 LINEAR_ACCELERATION 0.78764105 2.172772 -0.9559622

1492573170052 ROTATION_VECTOR 0.05996253 -0.06609288 0.84121484

1492573170112 ACCELEROMETER 1.4231262 1.384018 10.049408

1492573170115 GYROSCOPE -0.47969055 2.1032104 0.88894653

1492573170176 MAGNETIC_FIELD 18.06488 -19.873047 -33.377075

1492573170244 GRAVITY -1.3711824 -0.9500501 9.663729

1492573170248 LINEAR_ACCELERATION 0.9666147 1.5635855 0.5776205

1492573170252 ROTATION_VECTOR -0.08494872 -0.008407498 0.87088156

1492573170300 ACCELEROMETER -0.82458496 1.2180939 9.251114

1492573170300 GYROSCOPE 0.26649475 0.524292 0.29179382

