1492573111610 MAGNETIC_FIELD 5.090332 18.426514 -48.88611

1492573111715 ACCELEROMETER -1.070816 2.716446 8.844986

1492573111740 GYROSCOPE 0.020095825 -0.20643616 -0.33898926

1492573111806 MAGNETIC_FIELD 2.9266357 17.858887 -49.064636

1492573111814 GRAVITY -1.0266265 2.6401105 9.388623

1492573111815 LINEAR_ACCELERATION 0.29881912 0.2790184 -0.4930687

1492573111817 ROTATION_VECTOR 0.13639507 0.052056096 -0.0062028063

1492573111910 ACCELEROMETER -0.7450714 3.3709106 9.503128

1492573111935 GYROSCOPE 0.18894958 -0.3566742 0.11199951

1492573112000 MAGNETIC_FIELD -0.016784668 13.442993 -48.324585

1492573112014 GRAVITY -0.6871135 3.0148957 9.306377

1492573112015 LINEAR_ACCELERATION -0.09742445 0.5640769 0.31840134

1492573112017 ROTATION_VECTOR 0.15720452 0.02816975 -0.04615185

1492573112156 ACCELEROMETER 0.5977478 2.5175476 11.177231

1492573112157 GYROSCOPE 0.1068573 0.0700531 0.051452637

1492573112214 GRAVITY -0.058789197 3.3654947 9.210883

1492573112215 LINEAR_ACCELERATION 0.6194165 0.0994308 0.30182362

1492573112217 ROTATION_VECTOR 0.17425647 -0.003213584 -0.035348907

1492573112267 MAGNETIC_FIELD 1.9989014 10.926819 -48.832703

1492573112352 ACCELEROMETER -0.7179718 1.0584106 9.044022

1492573112352 GYROSCOPE 0.21018982 0.20509338 -0.060272217

1492573112414 GRAVITY -0.52444357 2.844831 9.370288

1492573112415 LINEAR_ACCELERATION -0.9200696 -1.974565 -0.4382391

1492573112417 ROTATION_VECTOR 0.1467666 0.026605992 -0.0029361981

1492573112462 MAGNETIC_FIELD 5.155945 8.424377 -47.26715

1492573112546 ACCELEROMETER -1.0878601 1.7208557 7.593689

1492573112547 GYROSCOPE -0.23924255 0.2683258 0.31672668

1492573112614 GRAVITY -1.0656608 2.1224709 9.514719

1492573112615 LINEAR_ACCELERATION 0.12122619 0.05338669 -3.0084028

1492573112617 ROTATION_VECTOR 0.10778279 0.0571597 0.022128116

1492573112657 MAGNETIC_FIELD 6.7504883 8.3480835 -46.85669

1492573112742 ACCELEROMETER -0.1317749 1.9443054 9.894989

1492573112743 GYROSCOPE -0.34649658 -0.4236908 -0.18370056

1492573112814 GRAVITY -0.07071218 1.7498388 9.649013

1492573112815 LINEAR_ACCELERATION -0.35548946 -0.3383304 1.9512033

1492573112817 ROTATION_VECTOR 0.08957323 0.0037279453 0.0012014003

1492573112852 MAGNETIC_FIELD 2.5054932 11.383057 -47.639465

1492573112937 ACCELEROMETER 0.25263977 2.231308 11.969315

1492573112938 GYROSCOPE 0.13148499 -0.5299072 -0.48184204

1492573113014 GRAVITY 0.5056014 1.953096 9.596883

1492573113015 LINEAR_ACCELERATION -0.38165718 0.09956145 5.3120213

1492573113017 ROTATION_VECTOR 0.098212644 -0.032394554 -0.06489693

1492573113047 MAGNETIC_FIELD -0.4257202 9.562683 -48.13385

1492573113132 ACCELEROMETER 0.7822876 2.2398376 8.591858

1492573113134 GYROSCOPE 0.3892212 0.37277222 -0.5073242

1492573113214 GRAVITY -0.25089687 2.7214353 9.418133

1492573113215 LINEAR_ACCELERATION 1.7455581 0.006618738 -0.73113155

1492573113217 ROTATION_VECTOR 0.14074102 9.119057E-4 -0.084500216

1492573113243 MAGNETIC_FIELD 1.5380859 7.696533 -47.756958

1492573113327 ACCELEROMETER -0.3025818 2.3626556 7.082443

1492573113328 GYROSCOPE 0.39768982 -0.2243042 -0.5209961

1492573113414 GRAVITY -0.09579336 3.3925357 9.200647

1492573113415 LINEAR_ACCELERATION -0.4995257 -0.67420626 -3.8060102

1492573113417 ROTATION_VECTOR 0.17486884 -0.017844636 -0.12754041

1492573113438 MAGNETIC_FIELD 0.012207031 4.3899536 -48.753357

1492573113523 ACCELEROMETER 0.2281189 3.6461945 6.944229

1492573113524 GYROSCOPE -0.09121704 -0.42248535 -0.15730286

1492573113615 GRAVITY 0.5240099 3.3046916 9.218179

1492573113615 LINEAR_ACCELERATION 0.006522715 0.8593323 -1.2725811

1492573113617 ROTATION_VECTOR 0.16486306 -0.053140137 -0.15161629

1492573113633 MAGNETIC_FIELD -2.1575928 4.924011 -48.309326

1492573113718 ACCELEROMETER -0.105041504 3.9014893 11.322937

1492573113719 GYROSCOPE -0.5315094 -0.2422638 0.21360779

1492573113814 GRAVITY 0.94514006 2.3784728 9.466783

1492573113815 LINEAR_ACCELERATION -0.9248086 1.5836275 3.829134

1492573113817 ROTATION_VECTOR 0.11404818 -0.06573777 -0.14289075

1492573113828 MAGNETIC_FIELD -2.1102905 9.880066 -46.647644

1492573113913 ACCELEROMETER -0.18405151 2.0108643 11.569931

1492573113914 GYROSCOPE 0.4296875 0.25559998 0.73783875

1492573114014 GRAVITY 0.8123774 2.8815753 9.338467

1492573114015 LINEAR_ACCELERATION -0.53210664 -0.6996882 0.4344206

1492573114017 ROTATION_VECTOR 0.14551267 -0.051930662 -0.06713372

1492573114024 MAGNETIC_FIELD 1.1657715 3.6773682 -47.73407

1492573114111 ACCELEROMETER 0.19943237 1.7640839 7.1006927

1492573114114 GYROSCOPE 0.6109619 0.38008118 0.8115082

1492573114231 GRAVITY 0.6495371 3.7373645 9.0432625

1492573114234 LINEAR_ACCELERATION 0.14022171 -1.7567244 -2.646081

1492573114258 ROTATION_VECTOR 0.19536038 -0.02750026 0.03158986

1492573114262 MAGNETIC_FIELD 4.548645 -2.1713257 -45.726013

1492573114427 GRAVITY 0.5147586 3.986074 8.945201

1492573114433 LINEAR_ACCELERATION 0.680972 0.70893884 -1.2850075

1492573114436 ACCELEROMETER 0.58210754 3.9216614 7.7441406

1492573114438 GYROSCOPE 0.0021820068 0.35224915 0.38822937

1492573114443 ROTATION_VECTOR 0.20951168 -0.0051504327 0.10136171

1492573114446 MAGNETIC_FIELD 4.524231 -2.7954102 -45.132446

1492573114624 ACCELEROMETER 0.80270386 4.444687 10.129272

1492573114632 GYROSCOPE -0.25813293 -0.3217926 -0.18331909

1492573114635 MAGNETIC_FIELD 1.9866943 0.11291504 -46.562195

1492573114637 GRAVITY 0.7053251 3.5975945 9.095615

1492573114640 LINEAR_ACCELERATION 0.34124553 0.922663 1.7663584

1492573114642 ROTATION_VECTOR 0.18953098 -0.018185006 0.09599908

1492573114824 ACCELEROMETER 1.6093445 3.3274689 11.002274

1492573114830 GYROSCOPE -0.1006012 -0.31803894 -0.74920654

1492573114833 MAGNETIC_FIELD 1.1856079 2.1774292 -46.74225

1492573114837 GRAVITY 1.0313427 3.384345 9.146197

1492573114840 LINEAR_ACCELERATION 0.98048234 0.35449004 -0.9187231

1492573114842 ROTATION_VECTOR 0.17703295 -0.04830168 0.028937876

1492573115014 ACCELEROMETER 0.78593445 2.8448029 6.9099426

1492573115043 GYROSCOPE 0.41151428 -0.07687378 -0.5241089

1492573115046 MAGNETIC_FIELD 0.46691895 -1.197815 -46.879578

1492573115049 GRAVITY 0.7502037 4.4431195 8.710124

1492573115052 LINEAR_ACCELERATION 0.08665866 -1.1740108 -2.9133902

1492573115054 ROTATION_VECTOR 0.23133413 -0.048905674 -0.039895125

1492573115196 ACCELEROMETER 0.49394226 4.0555115 6.9852905

1492573115197 GYROSCOPE 0.034332275 -0.042434692 -0.34953308

1492573115199 MAGNETIC_FIELD 1.6677856 -0.340271 -46.63849

1492573115215 GRAVITY 0.6792505 4.4976325 8.68794

1492573115215 LINEAR_ACCELERATION -0.14587843 -0.1743908 -0.86148643

1492573115219 ROTATION_VECTOR 0.23383872 -0.04855701 -0.053236783

1492573115390 ACCELEROMETER -0.57759094 4.968933 9.503067

1492573115391 GYROSCOPE -0.22792053 0.34132385 0.13258362

1492573115391 MAGNETIC_FIELD 6.8389893 1.8844604 -47.206116

1492573115414 GRAVITY 0.23298585 4.3233066 8.799154

1492573115415 LINEAR_ACCELERATION -0.6502258 0.76877975 1.0781775

1492573115417 ROTATION_VECTOR 0.22559638 -0.021777177 -0.041279245

1492573115593 ACCELEROMETER -0.5793915 3.5927582 10.933563

1492573115602 GYROSCOPE -0.087875366 0.25671387 0.4886322

1492573115604 MAGNETIC_FIELD 6.5719604 0.7522583 -47.039795

1492573115619 GRAVITY -0.12085643 3.9381735 8.980344

1492573115623 LINEAR_ACCELERATION 0.07768705 0.48121834 -0.05217743

1492573115627 ROTATION_VECTOR 0.20500727 0.010095868 0.018132295

1492573115786 ACCELEROMETER -0.36361694 2.8395386 6.136841

1492573115792 GYROSCOPE -0.04548645 -0.36099243 0.37153625

1492573115822 GRAVITY 0.27547848 3.9055607 8.991168

1492573115825 LINEAR_ACCELERATION -0.81380105 -1.3505147 -1.5843773

1492573115829 ROTATION_VECTOR 0.20390303 -0.0012609588 0.0628415

1492573115875 MAGNETIC_FIELD 2.6519775 1.8692017 -48.53363

1492573115984 ACCELEROMETER 1.2362976 3.279892 7.9207306

1492573115989 GYROSCOPE -0.3901825 -0.5651703 -0.104644775

1492573116019 GRAVITY 1.5489055 3.3780644 9.075238

1492573116023 LINEAR_ACCELERATION -0.17392027 0.7711797 -2.0270987

1492573116027 ROTATION_VECTOR 0.18069509 -0.068124056 0.06802214

1492573116066 MAGNETIC_FIELD 0.8163452 6.05011 -47.543335

1492573116174 ACCELEROMETER 1.394989 2.3423004 4.734482

1492573116179 GYROSCOPE -0.19953918 -0.9159546 -0.8593445

1492573116221 GRAVITY 2.276192 3.1728837 8.995674

1492573116229 LINEAR_ACCELERATION -0.06556773 -0.14441681 -4.640319

1492573116233 ROTATION_VECTOR 0.16383742 -0.12043914 -0.011361602

1492573116259 MAGNETIC_FIELD -7.8430176 9.034729 -48.239136

1492573116372 ACCELEROMETER 1.7073212 3.2732697 5.669922

1492573116376 GYROSCOPE 1.3524323 -1.3768921 -0.2056427

1492573116419 GRAVITY 3.520484 4.0309587 8.21754

1492573116424 LINEAR_ACCELERATION -3.0494297 -0.20668554 -0.034556866

1492573116430 ROTATION_VECTOR 0.19290383 -0.20930888 -0.10358033

1492573116454 MAGNETIC_FIELD -18.936157 -1.4190674 -43.777466

1492573116563 ACCELEROMETER 11.560089 8.637772 11.058777

1492573116566 GYROSCOPE -0.6396942 -0.7463074 0.17230225

1492573116618 GRAVITY 6.4411087 5.5499926 4.886726

1492573116622 LINEAR_ACCELERATION 3.435132 0.45826912 7.2446513

1492573116625 ROTATION_VECTOR 0.2709159 -0.4212492 -0.12051635

1492573116650 MAGNETIC_FIELD -20.935059 5.4855347 -45.413208

1492573116761 ACCELEROMETER 8.01181 2.6690216 6.5256042

1492573116764 GYROSCOPE -2.3310394 2.0932007 -0.5895996

1492573116822 GRAVITY 4.8384724 3.9130654 7.5794125

1492573116827 LINEAR_ACCELERATION 1.1909046 -2.5705926 0.40477896

1492573116834 ROTATION_VECTOR 0.16404058 -0.29436067 -0.16080314

1492573116844 MAGNETIC_FIELD -4.3151855 26.768494 -44.963074

1492573116956 ACCELEROMETER 1.2830963 -2.519516 10.1467285

1492573116971 GYROSCOPE 0.37828064 -0.85362244 -2.2128906

1492573117015 GRAVITY 1.5966185 0.8245203 9.64061

1492573117016 LINEAR_ACCELERATION -1.0922728 -4.262201 3.514143

1492573117018 ROTATION_VECTOR 0.01768523 -0.09029353 -0.27832

1492573117038 MAGNETIC_FIELD -20.664978 20.515442 -43.97583

1492573117152 ACCELEROMETER 2.8180542 1.0783539 8.361832

1492573117156 GYROSCOPE 0.28845215 -0.57940674 -0.091934204

1492573117221 GRAVITY 3.546954 3.3378372 8.51166

1492573117228 LINEAR_ACCELERATION -1.6046877 -3.3167622 -0.10874605

1492573117231 ROTATION_VECTOR 0.071836576 -0.24670964 -0.43913496

1492573117236 MAGNETIC_FIELD -25.190735 18.403625 -42.781067

1492573117344 ACCELEROMETER 4.7661285 1.2680359 8.862137

1492573117348 GYROSCOPE -0.34043884 0.36280823 0.38635254

1492573117420 GRAVITY 4.0209937 2.658898 8.540038

1492573117423 LINEAR_ACCELERATION 2.8470783 0.07848191 1.0931854

1492573117426 ROTATION_VECTOR 0.041674253 -0.25068402 -0.39394188

1492573117431 MAGNETIC_FIELD -21.902466 22.909546 -41.860962

1492573117541 ACCELEROMETER 2.8562317 0.37579346 9.235397

1492573117544 GYROSCOPE 0.11187744 0.56726074 0.22502136

1492573117615 GRAVITY 3.208576 1.9494774 9.059524

1492573117615 LINEAR_ACCELERATION 2.4762392 -0.9173769 0.23742294

1492573117617 ROTATION_VECTOR 0.037657212 -0.19150664 -0.3379773

1492573117622 MAGNETIC_FIELD -14.634705 22.573853 -44.285583

1492573117732 ACCELEROMETER 2.627121 0.73779297 9.350296

1492573117732 GYROSCOPE 0.50549316 0.03717041 0.001953125

