1492573125828 GRAVITY -8.31369 4.4474545 2.696868

1492573125830 LINEAR_ACCELERATION 0.034605026 -0.04824257 1.5840704

1492573125833 ROTATION_VECTOR 0.064966574 0.5985627 0.2984576

1492573125844 ACCELEROMETER -11.377808 5.4302216 2.6414948

1492573125863 MAGNETIC_FIELD 48.7381 0.16784668 3.2913208

1492573125868 GYROSCOPE 0.830307 3.0239258 1.0522003

1492573126028 GRAVITY -6.3975787 6.0757155 -4.28101

1492573126029 LINEAR_ACCELERATION 1.1053209 -4.651621 -0.06488609

1492573126033 ROTATION_VECTOR -0.010533594 0.8474431 0.37026823

1492573126038 ACCELEROMETER -7.053604 3.7028656 -4.3916016

1492573126058 MAGNETIC_FIELD 14.178467 -24.008179 34.95636

1492573126063 GYROSCOPE -0.87739563 4.2650604 2.38826

1492573126228 GRAVITY -0.14068915 8.925652 -4.0599675

1492573126229 LINEAR_ACCELERATION 1.8580912 -1.4861736 5.898737

1492573126233 ROTATION_VECTOR 0.13124657 -0.830527 -0.53592443

1492573126259 MAGNETIC_FIELD -0.9963989 -33.5907 31.02417

1492573126324 ACCELEROMETER 0.6644592 6.771881 -0.22892761

1492573126325 GYROSCOPE -1.1442108 1.2987823 -0.5791168

1492573126428 GRAVITY -1.4099358 9.668429 -0.8390187

1492573126429 LINEAR_ACCELERATION -0.841306 1.9558258 1.5533794

1492573126433 ROTATION_VECTOR 0.22668909 -0.7009922 -0.6666665

1492573126454 ACCELEROMETER -1.4482269 9.875961 -0.10609436

1492573126519 GYROSCOPE -1.2932129 -0.009384155 -0.63661194

1492573126520 MAGNETIC_FIELD 5.3207397 -40.945435 20.852661

1492573126628 GRAVITY -1.5704808 9.568247 1.4671825

1492573126629 LINEAR_ACCELERATION -2.4765964 1.3954868 -0.9410757

1492573126633 ROTATION_VECTOR 0.2152617 -0.61551356 -0.74674433

1492573126649 ACCELEROMETER -1.1950531 8.360718 0.05606079

1492573126714 GYROSCOPE -1.9502716 -0.075408936 1.2169952

1492573126715 MAGNETIC_FIELD -5.6030273 -44.5755 3.0914307

1492573126828 GRAVITY 0.83776325 9.698232 1.1886296

1492573126829 LINEAR_ACCELERATION -2.6739516 -6.316638 4.0935593

1492573126833 ROTATION_VECTOR 0.19412336 -0.63380826 -0.694381

1492573126844 ACCELEROMETER 3.3886108 8.333832 -2.2238617

1492573126910 GYROSCOPE 2.8410797 0.59339905 0.3700409

1492573126910 MAGNETIC_FIELD -5.168152 -40.089417 21.842957

1492573127028 GRAVITY 1.5158411 9.53519 -1.7183633

1492573127029 LINEAR_ACCELERATION 0.7348101 -0.12587261 0.988816

1492573127033 ROTATION_VECTOR 0.24671087 -0.7257726 -0.5680171

1492573127040 ACCELEROMETER 1.5621185 8.350082 0.5565491

1492573127105 GYROSCOPE 0.9219513 2.9413605 -0.41496277

1492573127105 MAGNETIC_FIELD -13.414001 -37.149048 24.751282

1492573127228 GRAVITY 1.2038531 9.429527 -2.4093843

1492573127229 LINEAR_ACCELERATION -2.870767 0.7856331 -0.3615706

1492573127233 ROTATION_VECTOR 0.3456461 -0.709488 -0.5135897

1492573127235 ACCELEROMETER -1.3759613 9.468597 -1.7093048

1492573127301 GYROSCOPE -0.20594788 -0.7639923 0.056106567

1492573127302 MAGNETIC_FIELD -9.6710205 -38.064575 25.852966

1492573127428 GRAVITY 1.1184658 9.404063 -2.5461762

1492573127429 LINEAR_ACCELERATION -0.8477676 0.62152004 0.7438781

1492573127430 ACCELEROMETER -0.2824707 9.2630005 -1.1094818

1492573127433 ROTATION_VECTOR 0.30921075 -0.73089504 -0.528425

1492573127496 GYROSCOPE 0.3166809 -0.23478699 0.20039368

1492573127496 MAGNETIC_FIELD -7.2616577 -36.621094 28.242493

1492573127625 ACCELEROMETER -0.12509155 10.070908 -1.2818146

1492573127628 GRAVITY 1.3151506 9.312652 -2.777641

1492573127629 LINEAR_ACCELERATION -1.069704 0.8608389 1.0552125

1492573127633 ROTATION_VECTOR 0.2716979 -0.7535254 -0.5292309

1492573127691 GYROSCOPE 0.31704712 0.32333374 0.29574585

1492573127691 MAGNETIC_FIELD -11.86676 -33.520508 27.122498

1492573127821 ACCELEROMETER 1.4610138 11.3965 -3.2199402

1492573127828 GRAVITY 1.8889185 9.164444 -2.9351897

1492573127829 LINEAR_ACCELERATION -2.195296 3.4190826 -0.577255

1492573127833 ROTATION_VECTOR 0.27351183 -0.75818485 -0.5047702

1492573127886 GYROSCOPE -0.28578186 0.90101624 0.18704224

1492573127886 MAGNETIC_FIELD -17.967224 -34.552002 20.643616

1492573128016 ACCELEROMETER 4.176773 8.632462 -2.5549316

1492573128028 GRAVITY 2.5816107 9.226609 -2.0917323

1492573128029 LINEAR_ACCELERATION 2.3528192 -1.1999731 -1.44678

1492573128033 ROTATION_VECTOR 0.3080564 -0.71536696 -0.4878924

1492573128081 GYROSCOPE 0.052856445 0.46394348 -0.20413208

1492573128082 MAGNETIC_FIELD -19.606018 -35.910034 17.701721

1492573128211 ACCELEROMETER 1.3347626 7.112564 -0.88479614

1492573128228 GRAVITY 2.3239183 9.344973 -1.8550686

1492573128229 LINEAR_ACCELERATION -1.0112922 -1.5923595 0.22709823

1492573128233 ROTATION_VECTOR 0.34736586 -0.68841785 -0.48243284

1492573128285 GYROSCOPE -0.01574707 0.5823517 -0.18040466

1492573128286 MAGNETIC_FIELD -20.33844 -35.113525 14.953613

1492573128413 ACCELEROMETER 1.1366425 9.427399 -1.0054474

1492573128434 GRAVITY 2.2211857 9.372728 -1.8408384

1492573128436 LINEAR_ACCELERATION -0.72359824 -0.08246994 1.2399831

1492573128438 ROTATION_VECTOR 0.37384054 -0.6738693 -0.47097063

1492573128484 GYROSCOPE 0.3874359 -0.11581421 -0.03996277

1492573128492 MAGNETIC_FIELD -18.618774 -34.802246 20.329285

1492573128641 GRAVITY 1.5836318 9.270278 -2.7792885

1492573128647 LINEAR_ACCELERATION 0.1381222 3.494256 -0.44334745

1492573128650 ROTATION_VECTOR 0.35325718 -0.7189671 -0.48511243

1492573128677 ACCELEROMETER 1.4905548 12.244888 -3.0769653

1492573128745 GYROSCOPE -0.11190796 -1.0330353 -0.0856781

1492573128752 MAGNETIC_FIELD -10.2005005 -36.097717 21.916199

1492573128842 GRAVITY 1.0689334 9.456634 -2.3664017

1492573128848 LINEAR_ACCELERATION -1.388956 -0.77493477 -1.116482

1492573128851 ROTATION_VECTOR 0.26614612 -0.7414979 -0.55266184

1492573128873 ACCELEROMETER -0.1340332 8.285004 -3.0197906

1492573128941 GYROSCOPE -0.28401184 -0.6819763 0.1668396

1492573128947 MAGNETIC_FIELD -9.6206665 -37.96234 19.27185

1492573129035 GRAVITY 1.3548942 9.324323 -2.7187614

1492573129038 LINEAR_ACCELERATION -0.990347 -1.3060694 1.0500064

1492573129040 ROTATION_VECTOR 0.23771693 -0.7629606 -0.5422584

1492573129058 ACCELEROMETER 0.11381531 7.5216827 -1.6108551

1492573129123 GYROSCOPE 0.027877808 -0.13066101 0.3870697

1492573129124 MAGNETIC_FIELD -12.548828 -36.740112 18.70575

1492573129230 GRAVITY 1.9604701 9.306449 -2.3910136

1492573129231 LINEAR_ACCELERATION -0.6167519 0.37675858 0.8706641

1492573129236 ROTATION_VECTOR 0.19458556 -0.76422787 -0.551808

1492573129257 ACCELEROMETER 0.65753174 9.047714 -1.2852631

1492573129326 GYROSCOPE 0.1108551 0.13171387 0.35643005

1492573129335 MAGNETIC_FIELD -15.995789 -33.535767 17.733765

1492573129437 GRAVITY 2.6952207 9.085015 -2.5236218

1492573129443 LINEAR_ACCELERATION -2.4152353 4.225912 -0.9241905

1492573129446 ROTATION_VECTOR 0.19871187 -0.76758224 -0.52212346

1492573129456 ACCELEROMETER 2.8267365 11.893387 -2.62677

1492573129517 GYROSCOPE -0.16862488 0.77893066 0.48088074

1492573129522 MAGNETIC_FIELD -24.55597 -32.728577 11.726379

1492573129631 GRAVITY 3.6431158 8.9156885 -1.846239

1492573129645 LINEAR_ACCELERATION 2.175256 -0.17173004 -1.0092447

1492573129649 ROTATION_VECTOR 0.22044925 -0.7386028 -0.49618858

1492573129655 ACCELEROMETER 5.494217 8.631638 -1.9083099

1492573129712 GYROSCOPE -0.020462036 0.32987976 -0.123428345

1492573129717 MAGNETIC_FIELD -25.964355 -32.3349 9.677124

1492573129842 GRAVITY 3.3887467 9.09026 -1.4331614

1492573129850 LINEAR_ACCELERATION -0.4947853 -2.2187614 0.395849

1492573129854 ROTATION_VECTOR 0.2577837 -0.71177137 -0.49792853

1492573129857 ACCELEROMETER 2.714096 6.741333 -0.57481384

1492573129911 GYROSCOPE 0.16271973 0.40344238 -0.4463501

1492573129916 MAGNETIC_FIELD -22.291565 -35.142517 9.429932

1492573130032 GRAVITY 2.6397476 9.311623 -1.579812

1492573130041 LINEAR_ACCELERATION -1.6692278 -0.12938404 1.0317338

1492573130048 ACCELEROMETER 1.0827942 8.774979 -0.21124268

1492573130051 ROTATION_VECTOR 0.31902316 -0.6919337 -0.4918898

1492573130111 GYROSCOPE 0.13531494 0.069381714 -0.102264404

1492573130116 MAGNETIC_FIELD -21.723938 -34.59778 9.866333

1492573130238 ACCELEROMETER 1.8120117 9.548874 -0.19792175

1492573130243 GRAVITY 2.6751032 9.233404 -1.9386737

1492573130246 LINEAR_ACCELERATION -1.3798618 0.7240534 2.0931478

1492573130250 ROTATION_VECTOR 0.31226802 -0.7080491 -0.48549998

1492573130301 GYROSCOPE 0.50697327 -1.1162415 0.5054779

1492573130305 MAGNETIC_FIELD -21.009827 -29.97284 17.019653

1492573130427 ACCELEROMETER 0.813324 8.571625 -3.5775757

1492573130441 GRAVITY 2.894169 8.613461 -3.6881526

1492573130446 LINEAR_ACCELERATION 0.1185472 3.0089817 -0.04866481

1492573130449 ROTATION_VECTOR 0.20289738 -0.80428606 -0.46984512

1492573130494 GYROSCOPE 0.45899963 -2.0902557 1.3658295

1492573130503 MAGNETIC_FIELD -17.599487 -24.08905 24.88556

1492573130632 GRAVITY 3.613583 7.3374677 -5.4105425

1492573130643 LINEAR_ACCELERATION -3.5311584 -4.1288605 0.536767

1492573130646 ROTATION_VECTOR 0.02476231 -0.88048154 -0.41867277

1492573130687 ACCELEROMETER 1.0962982 4.401932 -5.120102

1492573130754 GYROSCOPE 1.200943 -0.53414917 2.379074

1492573130757 MAGNETIC_FIELD -28.831482 -0.59051514 26.860046

1492573130829 GRAVITY 6.22997 3.629335 -6.647239

1492573130830 LINEAR_ACCELERATION 5.2071095 6.0409617 1.3819442

1492573130834 ROTATION_VECTOR -0.12476115 -0.9073861 -0.24738626

1492573130878 ACCELEROMETER 9.231369 4.287155 -4.04393

1492573130945 GYROSCOPE 2.486679 -0.70414734 0.111312866

1492573130945 MAGNETIC_FIELD -26.957703 16.54663 28.407288

1492573131029 GRAVITY 4.76538 0.06907623 -8.570693

1492573131030 LINEAR_ACCELERATION -1.7318983 -0.20144707 -2.9064627

1492573131034 ROTATION_VECTOR -0.019410418 -0.9677845 -0.008670945

1492573131074 ACCELEROMETER 2.8524628 -1.8541718 -12.273224

1492573131142 GYROSCOPE -0.071258545 -0.29867554 0.22901917

1492573131147 MAGNETIC_FIELD -25.645447 18.551636 31.071472

1492573131232 GRAVITY 4.324087 0.9250324 -8.753112

1492573131238 LINEAR_ACCELERATION 5.1248155 -1.4909241 -1.7131319

1492573131241 ROTATION_VECTOR -0.009477996 -0.9727254 -0.05068956

1492573131272 ACCELEROMETER 5.736374 -0.23469543 -8.361954

1492573131337 GYROSCOPE -1.0692291 0.48306274 -0.030471802

1492573131342 MAGNETIC_FIELD -29.994202 11.274719 30.825806

1492573131431 GRAVITY 4.4123745 2.8381395 -8.285307

1492573131437 LINEAR_ACCELERATION 0.2336812 2.0059237 1.8172989

1492573131441 ROTATION_VECTOR -0.008854658 -0.96039295 -0.15281925

1492573131467 ACCELEROMETER 4.622345 2.4788818 -8.0746155

1492573131531 GYROSCOPE -0.1864624 -0.18386841 0.21490479

1492573131535 MAGNETIC_FIELD -26.712036 10.699463 33.110046

1492573131630 GRAVITY 4.2805057 1.939148 -8.607402

1492573131636 LINEAR_ACCELERATION 2.5621357 0.11498022 -3.0380678

1492573131650 ROTATION_VECTOR -0.014389375 -0.96883863 -0.105371445

1492573131660 ACCELEROMETER 5.112564 3.2420197 -9.263184

1492573131725 GYROSCOPE 0.17402649 -0.18870544 0.09555054

1492573131725 MAGNETIC_FIELD -25.6073 12.734985 33.685303

1492573131829 GRAVITY 3.8623176 2.321277 -8.710027

1492573131830 LINEAR_ACCELERATION 0.92690444 1.4661305 0.28977776

1492573131834 ROTATION_VECTOR -0.0012922661 -0.97164094 -0.12207583

1492573131856 ACCELEROMETER 4.068268 3.6150818 -8.549179

1492573131922 GYROSCOPE -0.35105896 -0.41481018 -0.20605469

1492573131925 MAGNETIC_FIELD -22.750854 7.9315186 36.701965

1492573132031 GRAVITY 3.072747 2.8993447 -8.849995

1492573132035 LINEAR_ACCELERATION -0.19210935 1.380744 -0.25556374

1492573132040 ROTATION_VECTOR 0.011020426 -0.97524494 -0.14974335

1492573132051 ACCELEROMETER 2.9573517 3.9327393 -9.263336

1492573132115 GYROSCOPE -0.5333557 -0.37236023 0.13058472

1492573132116 MAGNETIC_FIELD -19.038391 4.1656494 38.085938

1492573132231 GRAVITY 2.3364398 4.1901207 -8.55303

1492573132235 LINEAR_ACCELERATION 1.647577 0.033614635 -1.3932343

1492573132240 ROTATION_VECTOR -0.018300239 -0.9673408 -0.22309932

1492573132246 ACCELEROMETER 2.871811 4.096817 -8.1862335

1492573132311 GYROSCOPE -1.0575256 -0.6292267 0.09465027

1492573132316 MAGNETIC_FIELD -13.453674 -4.222107 37.783813

1492573132430 GRAVITY 1.4304496 5.5333347 -7.969091

1492573132435 LINEAR_ACCELERATION 1.7406341 1.614656 -1.0930371

1492573132437 ROTATION_VECTOR -0.060518134 -0.95007795 -0.30061573

1492573132445 ACCELEROMETER 1.8448029 6.5585785 -7.170807

1492573132507 GYROSCOPE -0.7576599 -1.1170349 0.2408905

1492573132511 MAGNETIC_FIELD -5.5160522 -9.246826 37.161255

1492573132630 GRAVITY 0.35502017 6.8490047 -7.0096707

1492573132637 LINEAR_ACCELERATION -0.07165447 -0.058589935 -0.1964159

1492573132641 ROTATION_VECTOR 0.122684285 0.9177921 0.37639135

1492573132645 ACCELEROMETER 0.3621521 7.028778 -5.3344727

1492573132766 GYROSCOPE -1.1697693 -0.85025024 0.20761108

1492573132767 MAGNETIC_FIELD -0.4928589 -17.192078 33.285522

1492573132832 GRAVITY -0.41902325 8.176013 -5.3988533

1492573132841 LINEAR_ACCELERATION 1.6819296 -0.032251358 -0.029301643

1492573132847 ROTATION_VECTOR 0.17136261 0.8636549 0.45966572

1492573132901 ACCELEROMETER -0.32106018 7.9644623 -4.64299

1492573132966 GYROSCOPE -0.306015 -1.036438 0.38575745

1492573132970 MAGNETIC_FIELD 4.9713135 -21.107483 31.059265

1492573133032 GRAVITY -0.7514417 8.497641 -4.8369236

1492573133037 LINEAR_ACCELERATION 0.65978587 -0.3548069 1.2689233

1492573133041 ROTATION_VECTOR 0.25053194 0.82695115 0.46702215

1492573133093 ACCELEROMETER -0.56082153 8.820602 -3.8255463

1492573133161 GYROSCOPE -0.17956543 -1.0409393 0.3932953

1492573133165 MAGNETIC_FIELD 8.164978 -21.29364 27.961731

1492573133231 GRAVITY -1.0296086 8.679688 -4.446719

1492573133237 LINEAR_ACCELERATION -1.2555344 -0.84444046 3.3295126

1492573133241 ROTATION_VECTOR 0.31589675 0.79178834 0.45934585

1492573133292 ACCELEROMETER -0.842865 7.908661 -3.5464325

1492573133350 GYROSCOPE 0.77967834 -0.7537079 0.45326233

1492573133351 MAGNETIC_FIELD 9.872437 -19.021606 31.08368

1492573133429 GRAVITY -0.97320616 7.967499 -5.6340237

1492573133429 LINEAR_ACCELERATION 0.48228562 -0.35309172 0.3747406

1492573133434 ROTATION_VECTOR 0.3878756 0.79800236 0.38732764

1492573133480 ACCELEROMETER 0.24824524 7.5303802 -6.0590363

1492573133546 GYROSCOPE 0.57258606 -0.522171 0.6801605

1492573133546 MAGNETIC_FIELD 10.577393 -15.69519 32.307434

1492573133629 GRAVITY -0.56635135 7.3647246 -6.450617

1492573133629 LINEAR_ACCELERATION 1.892208 0.11831331 -0.6566553

1492573133634 ROTATION_VECTOR 0.4613516 0.7848851 0.33948976

1492573133676 ACCELEROMETER 0.4656372 6.984329 -7.2839203

1492573133745 GYROSCOPE 0.07640076 -0.18475342 0.46868896

1492573133752 MAGNETIC_FIELD 9.077454 -16.311646 32.829285

1492573133831 GRAVITY -0.15224634 7.57453 -6.2268534

1492573133836 LINEAR_ACCELERATION 1.2140781 0.71301174 -1.3277082

1492573133841 ROTATION_VECTOR 0.48290378 0.76438546 0.3565247

1492573133874 ACCELEROMETER 0.12734985 7.6130676 -7.817444

1492573133941 GYROSCOPE -0.48712158 -0.48908997 -0.52841187

1492573133944 MAGNETIC_FIELD 13.977051 -21.040344 26.174927

1492573134031 GRAVITY -1.9340129 7.9953923 -5.338885

1492573134036 LINEAR_ACCELERATION 2.244177 1.1789136 1.8281322

1492573134040 ROTATION_VECTOR 0.47184992 0.7413265 0.33109644

1492573134069 ACCELEROMETER -0.801178 8.022903 -4.031067

1492573134158 GYROSCOPE -0.044692993 -2.3292694 0.003036499

1492573134159 MAGNETIC_FIELD 22.78595 -22.792053 17.973328

1492573134234 GRAVITY -4.800772 7.8005104 -3.5035703

1492573134235 LINEAR_ACCELERATION 2.918334 -1.5673895 0.52911854

1492573134236 ROTATION_VECTOR 0.56803167 0.59663427 0.14478056

1492573134267 ACCELEROMETER -3.170868 5.134674 -1.3907166

1492573134333 GYROSCOPE 0.78149414 -4.5105133 -0.81391907

1492573134335 MAGNETIC_FIELD 33.659363 -19.013977 -10.624695

1492573134434 GRAVITY -7.675278 6.0944257 0.34420028

1492573134436 LINEAR_ACCELERATION -2.2814302 -1.6314049 -6.5303745

1492573134443 ROTATION_VECTOR 0.5919135 0.3634406 -0.24603978

1492573134467 ACCELEROMETER -8.684021 5.651413 -1.5036621

1492573134535 GYROSCOPE 1.1311798 -3.4325714 -1.0553894

1492573134541 MAGNETIC_FIELD 24.552917 -15.187073 -27.792358

1492573134642 GRAVITY -7.498069 4.7499447 4.1698174

1492573134648 LINEAR_ACCELERATION -1.4751301 2.4530435 -0.7606387

1492573134651 ROTATION_VECTOR 0.49857047 0.19704306 -0.49715367

1492573134655 ACCELEROMETER -8.023575 5.9981995 3.8782806

1492573134736 GYROSCOPE -0.8549652 -1.8084869 -0.78489685

1492573134741 MAGNETIC_FIELD 13.635254 -5.3375244 -40.49225

1492573134841 GRAVITY -5.4579988 2.5589218 7.7351503

1492573134849 LINEAR_ACCELERATION -0.9219365 0.17223907 -8.344354

1492573134853 ROTATION_VECTOR 0.28901315 0.14862196 -0.5779009

1492573134917 ACCELEROMETER -4.9935913 2.2531128 7.1711273

1492573134986 GYROSCOPE -1.174881 -1.7433472 0.23745728

1492573134992 MAGNETIC_FIELD 0.31433105 4.3167114 -45.81604

1492573135036 GRAVITY -3.2345853 1.6776259 9.104582

1492573135044 LINEAR_ACCELERATION 0.85405684 -0.27238488 1.1992455

1492573135047 ROTATION_VECTOR 0.16679788 0.08929712 -0.5550955

1492573135114 ACCELEROMETER -2.2684326 1.2362518 9.777466

1492573135174 GYROSCOPE -0.14257813 -0.46687317 0.060028076

1492573135185 MAGNETIC_FIELD -5.2337646 3.4057617 -45.994568

1492573135229 GRAVITY -2.5383897 1.490529 9.354426

1492573135230 LINEAR_ACCELERATION 0.7085469 0.08045268 0.22861385

1492573135234 ROTATION_VECTOR 0.1368241 0.06584962 -0.5509706

1492573135302 ACCELEROMETER -1.9078369 1.6136932 9.110626

