1499536485788 ACCELEROMETER -0.81755066 3.399353 9.537033

1499536485791 GRAVITY -0.7712338 3.298247 9.203106

1499536485791 GYROSCOPE 0.12634277 0.11706543 0.04638672

1499536485792 MAGNETIC_FIELD 0.4623413 -10.63385 -40.730286

1499536485792 LINEAR_ACCELERATION 0.0 0.0 -0.0

1499536485793 ROTATION_VECTOR 0.0 0.0 0.0

1499536485988 ACCELEROMETER -0.39762878 2.6029205 9.889328

1499536485990 GYROSCOPE -0.2987671 -0.5579834 0.05065918

1499536485991 MAGNETIC_FIELD -0.71868896 -13.829041 -40.238953

1499536485991 LINEAR_ACCELERATION 7.0658326E-4 -0.31032133 0.12431049

1499536485992 GRAVITY -0.3276817 2.8398378 9.380743

1499536485992 ROTATION_VECTOR 0.1394337 -0.047681034 -0.425201

1499536486189 ACCELEROMETER 1.0430145 5.8836365 6.70549

1499536486189 GYROSCOPE -0.1737976 -0.572937 -0.1586914

1499536486190 MAGNETIC_FIELD -8.480835 -22.573853 -39.25476

1499536486190 GRAVITY 0.8641415 3.7285984 9.02891

1499536486191 LINEAR_ACCELERATION 0.18637872 2.2923224 -2.1333685

1499536486192 ROTATION_VECTOR 0.18244603 -0.07979472 -0.17983273

1499536486389 ACCELEROMETER 1.2049408 3.666153 8.580048

1499536486390 GYROSCOPE -0.52734375 -0.44049072 0.23010254

1499536486390 MAGNETIC_FIELD -7.2998047 -16.688538 -40.40222

1499536486391 GRAVITY 1.690799 3.2459345 9.0981045

1499536486391 LINEAR_ACCELERATION -0.40952373 0.46148372 -0.16602802

1499536486392 ROTATION_VECTOR 0.12987602 -0.13877326 -0.32581457

1499536486589 ACCELEROMETER 1.6041565 3.8372498 4.54541

1499536486591 GYROSCOPE 0.08468628 -1.5128784 1.114502

1499536486591 MAGNETIC_FIELD -16.242981 -17.529297 -38.597107

1499536486592 GRAVITY 3.7273307 3.1067522 8.522059

1499536486592 LINEAR_ACCELERATION -1.703757 1.0659618 -3.0920534

1499536486593 ROTATION_VECTOR 0.10068741 -0.23528275 -0.27687398

1499536486825 ACCELEROMETER 5.9049377 2.4519958 6.1937103

1499536486826 GYROSCOPE -1.2312317 -1.2447815 1.1711121

1499536486827 GRAVITY 6.9557276 1.1374959 6.818676

1499536486828 LINEAR_ACCELERATION 0.25689316 1.3942826 0.1907692

1499536486828 ROTATION_VECTOR -0.06433331 -0.3849747 -0.29631853

1499536487027 ACCELEROMETER 8.935638 3.572876 7.0910034

1499536487028 GYROSCOPE -0.35751343 1.9980164 0.04638672

1499536487028 MAGNETIC_FIELD -45.19806 -3.7994385 -19.128418

1499536487029 GRAVITY 6.7339616 -0.111157924 7.1282396

1499536487030 LINEAR_ACCELERATION 2.4793386 3.743009 0.4699726

1499536487030 ROTATION_VECTOR -0.11172614 -0.3522474 -0.26627895

1499536487226 ACCELEROMETER 7.1887817 1.6612854 6.752426

1499536487227 GYROSCOPE -0.5679321 2.1881409 -0.3060913

1499536487228 MAGNETIC_FIELD -46.90399 4.3182373 -14.379883

1499536487229 LINEAR_ACCELERATION 4.056222 1.5367094 -1.1625586

1499536487230 GRAVITY 3.8638325 -0.35856044 9.006254

1499536487230 ROTATION_VECTOR -0.07162251 -0.18888895 -0.26113245

1499536487427 ACCELEROMETER 7.5835876 0.60713196 8.866394

1499536487428 GYROSCOPE -1.0250854 1.3443298 -0.82092285

1499536487429 MAGNETIC_FIELD -39.334106 1.8890381 -25.215149

1499536487430 GRAVITY 1.2623417 -1.1404668 9.657961

1499536487430 LINEAR_ACCELERATION 5.307853 1.6271578 -0.5139637

1499536487431 ROTATION_VECTOR -0.07153124 -0.04964176 -0.22652738

1499536487628 ACCELEROMETER 4.2036133 0.81573486 6.683838

1499536487629 GYROSCOPE 1.2168884 -1.8204956 0.7972717

1499536487630 MAGNETIC_FIELD -31.732178 4.8049927 -31.175232

1499536487631 GRAVITY 2.1007411 -0.75934416 9.548858

1499536487631 LINEAR_ACCELERATION 2.7864382 1.7433305 -2.1256676

1499536487632 ROTATION_VECTOR -0.055033438 -0.100573905 -0.1522182

1499536487828 ACCELEROMETER 5.8695374 1.8695068 5.5299835

1499536487829 GYROSCOPE 0.33035278 -0.6989746 -0.46524048

1499536487830 MAGNETIC_FIELD -34.690857 3.100586 -27.88086

1499536487831 GRAVITY 4.637867 0.793642 8.60411

1499536487831 LINEAR_ACCELERATION 1.5785732 1.1660802 -2.4633985

1499536487832 ROTATION_VECTOR -3.538415E-4 -0.24761333 -0.16478236

1499536488029 ACCELEROMETER 9.206528 1.8200836 7.5636597

1499536488030 GYROSCOPE -3.310852 0.91067505 -0.9661865

1499536488031 MAGNETIC_FIELD -40.60974 -1.9760132 -23.76709

1499536488031 GRAVITY 4.7505574 -0.84280163 8.537697

1499536488032 LINEAR_ACCELERATION 6.2277155 2.7360663 0.9922986

1499536488032 ROTATION_VECTOR -0.120216034 -0.22415775 -0.30117166

1499536488230 ACCELEROMETER 7.109024 1.6024475 8.042297

1499536488231 GYROSCOPE 0.907135 -0.56973267 0.50994873

1499536488232 MAGNETIC_FIELD -41.16516 -0.25177002 -22.14508

1499536488232 GRAVITY 4.6864066 -2.339066 8.290763

1499536488233 LINEAR_ACCELERATION 1.5007877 3.7383235 -1.0883279

1499536488233 ROTATION_VECTOR -0.20674814 -0.18586001 -0.35237914

1499536488431 ACCELEROMETER 6.0481873 1.263382 5.9922028

1499536488433 GRAVITY 5.0178843 -1.4629916 8.297644

1499536488434 GYROSCOPE 0.26519775 0.1565857 0.14144897

1499536488434 ROTATION_VECTOR -0.15998703 -0.22658792 -0.31232473

1499536488434 LINEAR_ACCELERATION 1.3248377 2.364196 -1.2855239

1499536488435 MAGNETIC_FIELD -38.972473 2.558899 -23.617554

1499536488636 ACCELEROMETER 4.5807953 1.1412048 4.7918243

1499536488636 GYROSCOPE 0.88897705 0.034820557 0.5783081

1499536488639 MAGNETIC_FIELD -39.541626 1.4389038 -23.458862

1499536488640 GRAVITY 4.8508897 -0.7210147 8.492314

1499536488641 LINEAR_ACCELERATION -0.005150795 1.8808757 -3.267828

1499536488642 ROTATION_VECTOR -0.113614 -0.23260343 -0.29172024

1499536488846 ACCELEROMETER 9.112442 0.7749176 8.910522

1499536488851 GYROSCOPE -0.6565857 -1.203125 0.2482605

1499536488855 MAGNETIC_FIELD -37.599182 -0.07324219 -26.60675

1499536488860 GRAVITY 5.8825016 -0.7842824 7.807142

1499536488862 ROTATION_VECTOR -0.12573878 -0.29348987 -0.25480247

1499536488864 LINEAR_ACCELERATION 5.3286858 1.4011958 3.2794576

1499536489038 ACCELEROMETER 6.524002 1.0422821 7.8721313

1499536489042 GRAVITY 6.861719 -1.477067 6.848757

1499536489044 LINEAR_ACCELERATION -1.4122205 2.567228 0.37872362

1499536489046 ROTATION_VECTOR -0.18722723 -0.34023014 -0.26443076

1499536489049 GYROSCOPE -0.19622803 -0.24395752 0.07736206

1499536489051 MAGNETIC_FIELD -36.91559 4.3426514 -26.50299

1499536489246 ACCELEROMETER 5.2618256 1.4174805 6.171234

1499536489249 GYROSCOPE 0.25024414 0.3050537 -0.738678

1499536489252 MAGNETIC_FIELD -36.917114 6.3064575 -26.223755

1499536489254 GRAVITY 6.8878922 -0.85651404 6.9277496

1499536489256 ROTATION_VECTOR -0.1751063 -0.34076512 -0.31756678

1499536489258 LINEAR_ACCELERATION -1.1659093 2.0947351 -0.45192003

1499536489436 ACCELEROMETER 7.294754 0.2975464 8.388443

1499536489439 GYROSCOPE -2.8579712 1.642334 -0.34881592

1499536489441 MAGNETIC_FIELD -37.423706 1.5441895 -26.71814

1499536489442 GRAVITY 5.579043 -1.7551016 7.8717394

1499536489443 LINEAR_ACCELERATION 2.4412498 1.8016126 1.6814246

1499536489444 ROTATION_VECTOR -0.22187766 -0.22231348 -0.43809897

1499536489644 ACCELEROMETER 7.4213715 0.6787567 7.927368

1499536489651 GRAVITY 4.4834685 -3.4821906 7.996452

1499536489659 LINEAR_ACCELERATION 3.1248446 3.933392 -0.016661644

1499536489662 ROTATION_VECTOR -0.27839926 -0.121607006 -0.45560515

1499536489670 GYROSCOPE 0.11779785 0.08395386 0.12863159

1499536489672 MAGNETIC_FIELD -33.34961 7.4432373 -27.970886

1499536489834 ACCELEROMETER 6.3565063 -0.78323364 6.3580627

1499536489835 GYROSCOPE -0.16525269 -0.41485596 0.30273438

1499536489835 MAGNETIC_FIELD -36.16638 8.041382 -25.172424

1499536489836 LINEAR_ACCELERATION 1.9564142 2.4771528 -0.97958326

1499536489837 GRAVITY 4.7225084 -3.5868692 7.8104205

1499536489837 ROTATION_VECTOR -0.2828176 -0.14762652 -0.403807

1499536490035 ACCELEROMETER 6.983322 0.20401001 6.081436

1499536490035 GYROSCOPE -0.50491333 -0.8730774 0.42236328

1499536490036 MAGNETIC_FIELD -37.213135 10.35614 -25.100708

1499536490046 GRAVITY 5.521004 -4.224146 6.917043

1499536490049 LINEAR_ACCELERATION 1.9070168 4.165101 -0.20786572

1499536490052 ROTATION_VECTOR -0.3323989 -0.19193725 -0.3545136

1499536490252 ACCELEROMETER 6.88945 0.028686523 6.3815613

1499536490254 GYROSCOPE 0.869751 -0.97454834 0.8389282

1499536490255 MAGNETIC_FIELD -38.25836 15.745544 -16.607666

1499536490259 GRAVITY 6.2563305 -4.4223766 6.1213803

1499536490260 LINEAR_ACCELERATION 1.006146 4.0628905 0.49168873

1499536490261 ROTATION_VECTOR -0.34254792 -0.2656264 -0.262774

1499536490440 ACCELEROMETER 4.3925323 -0.2793274 4.4874725

1499536490445 GYROSCOPE 0.5343628 0.04336548 0.86135864

1499536490447 MAGNETIC_FIELD -39.389038 20.295715 -13.272095

1499536490448 GRAVITY 6.066233 -4.38292 6.337288

1499536490449 LINEAR_ACCELERATION -1.4657745 3.709784 -1.3481483

1499536490450 ROTATION_VECTOR -0.3022652 -0.29244485 -0.1590635

1499536490640 GRAVITY 5.237196 -5.6403637 6.076879

1499536490642 LINEAR_ACCELERATION 2.4717684 -0.33148384 -1.4322243

1499536490643 ACCELEROMETER 6.102249 -4.6053314 3.2940674

1499536490645 GYROSCOPE 0.6454468 -1.9796448 3.2144165

1499536490646 MAGNETIC_FIELD -34.306335 20.108032 -17.315674

1499536490650 ROTATION_VECTOR -0.28939652 -0.3262132 0.08695837

1499536490845 ACCELEROMETER 7.975998 0.7707367 2.69841

1499536490857 GYROSCOPE 1.8545532 1.4319153 -1.2866211

1499536490860 MAGNETIC_FIELD -20.361328 30.11322 -15.925598

1499536490863 LINEAR_ACCELERATION 2.8273406 5.5446777 -4.656158

1499536490866 ROTATION_VECTOR -0.1700591 -0.32188317 0.26291227

1499536490869 GRAVITY 4.763935 -4.6400247 7.2073216

1499536491048 ACCELEROMETER 7.779297 -7.459305 8.879578

1499536491053 GYROSCOPE 1.3002014 1.6839905 1.5278625

1499536491056 MAGNETIC_FIELD -14.77356 17.562866 -28.897095

1499536491061 GRAVITY 2.2102628 -2.5530095 9.206914

1499536491063 LINEAR_ACCELERATION 6.7478943 -5.7638407 1.6319733

1499536491067 ROTATION_VECTOR -0.07711057 -0.15694581 0.3839181

1499536491240 ACCELEROMETER -7.1385193 5.0325775 17.827118

1499536491241 GYROSCOPE -2.662506 0.41506958 0.24612427

1499536491242 MAGNETIC_FIELD 0.78430176 10.877991 -33.128357

1499536491243 GRAVITY -0.6571919 -3.4076395 9.172049

1499536491243 LINEAR_ACCELERATION -9.212566 10.450851 10.045242

1499536491244 ROTATION_VECTOR -0.17427303 -0.044548612 0.4196909

1499536491463 ACCELEROMETER -19.353943 8.192184 16.615082

1499536491475 GRAVITY -3.9014843 -5.672438 6.9837136

1499536491476 LINEAR_ACCELERATION -15.609993 11.408056 9.883968

1499536491481 ROTATION_VECTOR -0.3668402 0.096736535 0.31261393

1499536491484 GYROSCOPE -0.9780884 3.486969 -1.0740662

1499536491485 MAGNETIC_FIELD 38.568115 -13.273621 -15.167236

1499536491638 ACCELEROMETER -10.651291 -3.5089417 -9.234024

1499536491640 GYROSCOPE -1.4982605 -6.283081 3.7922668

1499536491641 MAGNETIC_FIELD 47.54944 -5.2749634 9.40094

1499536491641 GRAVITY -4.0636377 -6.2305264 6.3904433

1499536491642 LINEAR_ACCELERATION -5.3380036 3.1087365 -17.366056

1499536491642 ROTATION_VECTOR -0.4165078 -0.02644429 0.54367286

1499536491850 GRAVITY -6.1739855 -7.034791 2.9264324

1499536491854 LINEAR_ACCELERATION -13.506902 -0.5786185 -5.3028803

1499536491857 ROTATION_VECTOR -0.5827224 -0.10596264 0.63125104

1499536491860 ACCELEROMETER -17.871063 -7.2464905 -2.0325165

1499536491862 GYROSCOPE -1.8945313 7.8395386 -2.129364

1499536491865 MAGNETIC_FIELD 50.05951 -11.231995 12.5

1499536492045 ACCELEROMETER -0.3128662 5.7856293 5.093979

1499536492052 GRAVITY -5.959586 -7.2404594 -2.8687048

1499536492055 ROTATION_VECTOR -0.80190986 0.05660208 0.34470245

1499536492057 GYROSCOPE 1.3760376 1.0548706 1.9422913

1499536492061 MAGNETIC_FIELD 50.15869 -16.838074 17.74292

1499536492063 LINEAR_ACCELERATION 6.009573 11.972834 8.301569

1499536492242 ACCELEROMETER 0.42279053 6.3811493 -7.6642914

1499536492245 GYROSCOPE -0.7826233 0.73443604 1.7489624

1499536492245 MAGNETIC_FIELD 29.570007 -29.652405 48.538208

1499536492246 GRAVITY -7.536292 -4.353715 -4.5188327

1499536492248 LINEAR_ACCELERATION 7.055547 10.189864 -4.4972143

1499536492250 ROTATION_VECTOR -0.8135036 0.2619316 0.34836003

1499536492442 ACCELEROMETER 2.2747192 8.910904 -3.6995697

1499536492443 GYROSCOPE 0.18295288 0.502655 1.2298584

1499536492443 MAGNETIC_FIELD 15.582275 -44.291687 47.039795

1499536492444 GRAVITY -7.749466 -1.0909464 -5.909822

1499536492444 LINEAR_ACCELERATION 7.98316 9.699981 0.86618567

1499536492445 ROTATION_VECTOR -0.7507558 0.48752728 0.33634076

1499536492651 GRAVITY -7.1074667 0.33334485 -6.748569

1499536492657 LINEAR_ACCELERATION 5.7903166 8.797472 -0.2277379

1499536492661 ACCELEROMETER 0.64019775 9.107437 -5.2803345

1499536492664 ROTATION_VECTOR -0.7364168 0.5493373 0.32721868

1499536492667 GYROSCOPE -0.19836426 0.32855225 -0.20355225

1499536492670 MAGNETIC_FIELD 3.829956 -44.898987 49.50409

1499536492854 ACCELEROMETER -2.1698456 7.9141083 -4.2393646

1499536492858 GYROSCOPE 0.22888184 -0.33047485 -0.65856934

1499536492861 MAGNETIC_FIELD 3.3843994 -44.04602 49.33319

1499536492864 GRAVITY -7.040445 0.24859056 -6.8220763

1499536492867 LINEAR_ACCELERATION 2.891427 7.7154427 0.7668681

1499536492870 ROTATION_VECTOR -0.7701156 0.5047287 0.33360505

1499536492966 MAGNETIC_FIELD 5.654907 -45.150757 50.860596

1499536493053 ACCELEROMETER -2.0530853 8.330383 -4.2983093

1499536493057 GYROSCOPE -0.003967285 0.024139404 0.5078125

1499536493061 GRAVITY -7.1481857 0.5760044 -6.68895

1499536493063 LINEAR_ACCELERATION 3.216444 7.999808 0.5094347

1499536493066 ROTATION_VECTOR -0.775273 0.48989102 0.35306233

1499536493243 ACCELEROMETER -1.7335358 8.409241 -3.3322754

1499536493247 GYROSCOPE -0.022125244 0.113861084 0.114746094

1499536493248 MAGNETIC_FIELD 4.6936035 -44.685364 49.19281

1499536493248 GRAVITY -6.8943048 1.6015216 -6.7877884

1499536493249 LINEAR_ACCELERATION 3.128241 7.297625 1.5342603

1499536493249 ROTATION_VECTOR -0.76250577 0.5144568 0.3664397

