1499536501385 GYROSCOPE 0.108184814 0.12667847 -0.29327393

1499536501389 MAGNETIC_FIELD 41.807556 20.140076 6.6833496

1499536501390 LINEAR_ACCELERATION 0.0 0.0 -0.0

1499536501391 GRAVITY -5.5465527 -6.8013153 4.375871

1499536501391 ROTATION_VECTOR 0.0 0.0 0.0

1499536501585 ACCELEROMETER -5.562271 -6.8857574 4.4366913

1499536501586 GYROSCOPE -0.2784729 2.744629 0.39138794

1499536501586 MAGNETIC_FIELD 42.64984 17.953491 9.472656

1499536501587 GRAVITY -6.1617527 -7.1599865 2.6339657

1499536501588 LINEAR_ACCELERATION 1.025876 0.34807587 -0.10995865

1499536501589 ROTATION_VECTOR -0.6018446 0.05906061 0.45806348

1499536501785 ACCELEROMETER -4.671295 -6.240448 2.2944489

1499536501786 GYROSCOPE -0.07446289 -0.31445313 -0.09033203

1499536501787 MAGNETIC_FIELD 38.093567 24.848938 13.574219

1499536501787 GRAVITY -6.416674 -7.3188353 1.1963806

1499536501788 LINEAR_ACCELERATION 0.17188644 -0.9920049 0.84724176

1499536501788 ROTATION_VECTOR -0.6482436 0.13704656 0.36660257

1499536501954 ACCELEROMETER -5.7779694 -7.887192 1.9460907

1499536501985 GYROSCOPE 0.6059265 -1.8600159 1.0739136

1499536501986 MAGNETIC_FIELD 39.78119 21.821594 22.761536

1499536501987 GRAVITY -6.562249 -6.6319337 3.0207157

1499536501988 LINEAR_ACCELERATION -0.14446306 -0.41445112 0.03748417

1499536501988 ROTATION_VECTOR -0.5768783 0.11488144 0.44558835

1499536502186 ACCELEROMETER -6.393097 -6.833069 2.7154999

1499536502187 GYROSCOPE 1.7947388 1.0324402 -0.46203613

1499536502188 GRAVITY -7.199292 -5.26207 4.0805874

1499536502188 LINEAR_ACCELERATION -3.9532022 -0.9043269 -2.5678225

1499536502189 MAGNETIC_FIELD 38.937378 25.016785 19.972229

1499536502189 ROTATION_VECTOR -0.5131298 0.16925064 0.48961434

1499536502422 ACCELEROMETER -10.790344 -6.1626434 1.5338593

1499536502423 ACCELEROMETER -1.7531433 -4.356476 2.4858093

1499536502424 GYROSCOPE -0.594635 -1.4498596 0.23864746

1499536502424 MAGNETIC_FIELD 38.090515 25.932312 6.0409546

1499536502425 GRAVITY -6.5195417 -5.1701617 5.1899323

1499536502425 LINEAR_ACCELERATION 4.3928943 0.53576994 -2.120061

1499536502426 ROTATION_VECTOR -0.46651566 0.13323 0.50959307

1499536502623 ACCELEROMETER -2.5285187 -7.13266 -1.574997

1499536502624 GYROSCOPE 0.17547607 2.2394104 -1.2075806

1499536502631 MAGNETIC_FIELD 29.989624 32.60956 5.215454

1499536502631 GRAVITY -6.1521034 -6.693694 3.676476

1499536502632 LINEAR_ACCELERATION 3.1494808 -1.7150764 -5.49977

1499536502633 ROTATION_VECTOR -0.5528719 0.08297336 0.4642489

1499536502823 ACCELEROMETER -7.5617676 -10.862564 2.3552856

1499536502824 GYROSCOPE 1.2799072 -4.6488647 -0.42892456

1499536502824 MAGNETIC_FIELD 12.1658325 42.364502 9.228516

1499536502825 GRAVITY -4.12697 -7.2514486 5.1531534

1499536502826 LINEAR_ACCELERATION -4.461687 -4.8162074 -1.5974703

1499536502826 ROTATION_VECTOR -0.48685104 0.015438929 0.40770742

1499536503024 ACCELEROMETER -0.22927856 -10.933594 4.213562

1499536503025 GYROSCOPE -0.7142639 3.3310242 -3.1355286

1499536503025 MAGNETIC_FIELD 2.217102 42.17682 2.972412

1499536503026 GRAVITY -0.49672005 -8.126993 5.465862

1499536503027 LINEAR_ACCELERATION 0.47883448 -2.6830206 -1.2030144

1499536503027 ROTATION_VECTOR -0.4590359 -0.102978945 0.24532904

1499536503224 ACCELEROMETER -0.08433533 -4.59993 2.9589996

1499536503226 GYROSCOPE 0.94451904 1.9050903 -0.64682007

1499536503226 MAGNETIC_FIELD -8.673096 41.43219 -0.86517334

1499536503227 GRAVITY -0.5768901 -7.641768 6.1189027

1499536503228 LINEAR_ACCELERATION 0.6147268 2.6604424 -2.6960287

1499536503228 ROTATION_VECTOR -0.4242761 0.08951302 -0.119117975

1499536503425 ACCELEROMETER 2.7080078 -10.897598 8.256607

1499536503425 GYROSCOPE 0.24490356 -0.030334473 0.2482605

1499536503426 MAGNETIC_FIELD -11.560059 38.287354 -12.837219

1499536503427 GRAVITY -1.0306 -7.043545 6.7451262

1499536503427 LINEAR_ACCELERATION 4.4752917 -4.511131 2.2501655

1499536503428 ROTATION_VECTOR -0.3775036 0.11655604 -0.14107762

1499536503626 ACCELEROMETER 1.6020813 -6.0329437 4.3707123

1499536503627 GYROSCOPE -1.3711548 0.7258911 0.40847778

1499536503628 MAGNETIC_FIELD -9.312439 40.377808 -10.73761

1499536503629 GRAVITY -1.6767002 -7.7131586 5.819472

1499536503629 LINEAR_ACCELERATION 2.7457292 1.4199438 -1.1238942

1499536503630 ROTATION_VECTOR -0.4261712 0.14719927 -0.10554079

1499536503826 ACCELEROMETER 0.24420166 -6.7089386 4.9542084

1499536503826 GYROSCOPE -1.1756897 1.3603516 0.6124878

1499536503828 MAGNETIC_FIELD -2.0004272 43.296814 1.4038086

1499536503829 GRAVITY -2.9685721 -8.727955 3.343766

1499536503829 LINEAR_ACCELERATION 2.7556996 1.2732997 1.6684871

1499536503830 ROTATION_VECTOR -0.5334411 0.21202812 -0.041314878

1499536504027 ACCELEROMETER -3.3660889 -12.607346 8.212341

1499536504027 GYROSCOPE 1.5544128 2.8674622 1.9967651

1499536504028 MAGNETIC_FIELD 5.3207397 43.876648 7.7194214

1499536504029 GRAVITY -5.801848 -7.711497 1.7440678

1499536504029 LINEAR_ACCELERATION 1.4179678 -6.03442 7.3313828

1499536504030 ROTATION_VECTOR -0.52186763 0.37246677 0.019289128

1499536504229 ACCELEROMETER -5.593338 -8.481659 6.101883

1499536504231 GYROSCOPE -0.6159973 -0.23754883 -0.42358398

1499536504231 LINEAR_ACCELERATION 1.9037719 -1.3279719 4.6108375

1499536504232 ROTATION_VECTOR -0.49022138 0.46694618 0.04840407

1499536504233 GRAVITY -7.1910324 -6.6175756 0.8167813

1499536504233 MAGNETIC_FIELD 13.980103 41.28418 7.470703

1499536504436 GRAVITY -6.676152 -6.9731226 1.7248015

1499536504441 LINEAR_ACCELERATION 2.2447042 1.2829547 0.31914687

1499536504443 ROTATION_VECTOR -0.4779444 0.42851925 0.025082404

1499536504445 ACCELEROMETER -3.8538208 -5.367386 2.050705

1499536504448 GYROSCOPE 1.4967346 -0.11685181 -0.18539429

1499536504450 MAGNETIC_FIELD 11.210632 41.56494 5.633545

1499536504630 ACCELEROMETER -6.570404 -11.494873 8.517593

1499536504631 GYROSCOPE 0.21820068 0.17687988 0.43197632

1499536504632 GRAVITY -6.6281667 -6.530561 3.0967023

1499536504633 LINEAR_ACCELERATION -0.1371026 -5.412744 5.825766

1499536504633 ROTATION_VECTOR -0.39755398 0.4290256 -0.024847224

1499536504634 MAGNETIC_FIELD 10.969543 35.10437 -11.637878

1499536504836 ACCELEROMETER -1.8909912 -5.2825317 4.49765

1499536504841 GYROSCOPE -0.6095886 0.91815186 -0.3616333

1499536504843 MAGNETIC_FIELD 11.651611 36.531067 -8.139038

1499536504845 GRAVITY -6.816826 -6.674822 2.2689257

1499536504847 LINEAR_ACCELERATION 4.7771525 1.3647199 2.0761185

1499536504849 ROTATION_VECTOR -0.4046649 0.46964166 -0.04991482

1499536505031 ACCELEROMETER -2.7337494 -5.808975 3.3719482

1499536505035 GYROSCOPE -1.9874573 0.2687378 0.70007324

1499536505038 MAGNETIC_FIELD 15.032959 37.83722 3.1738281

1499536505040 GRAVITY -6.9619284 -6.9059787 -0.09698848

1499536505041 LINEAR_ACCELERATION 3.780849 0.51653004 3.4316237

1499536505042 ROTATION_VECTOR -0.51013035 0.4946838 0.01365306

1499536505229 ACCELEROMETER -10.883804 -12.251358 4.362076

1499536505231 GRAVITY -7.231827 -5.521167 -3.6589317

1499536505231 GYROSCOPE 0.053710938 3.653595 1.3217163

1499536505232 MAGNETIC_FIELD 19.972229 35.598755 6.300354

1499536505232 LINEAR_ACCELERATION -4.390102 -7.1623015 7.874466

1499536505233 ROTATION_VECTOR -0.589989 0.58177876 0.07831824

1499536505431 ACCELEROMETER -6.329056 -5.99675 3.8970184

1499536505432 GYROSCOPE 0.42114258 0.63082886 -0.44708252

1499536505432 MAGNETIC_FIELD 23.954773 33.088684 11.209106

1499536505433 GRAVITY -5.762837 -5.2292438 -5.9678397

1499536505433 LINEAR_ACCELERATION -0.7356429 -0.84982777 9.409633

1499536505434 ROTATION_VECTOR -0.5960928 0.67003614 -0.0043485747

1499536505631 ACCELEROMETER -6.368332 -3.9294891 3.4285126

1499536505632 GYROSCOPE 0.21072388 -1.4765625 0.04425049

1499536505632 MAGNETIC_FIELD 20.585632 35.568237 8.093262

1499536505633 GRAVITY -6.200016 -5.8847737 -4.8062067

1499536505633 LINEAR_ACCELERATION -0.7826061 1.4870358 7.648023

1499536505634 ROTATION_VECTOR -0.587763 0.6321258 -0.0051856507

1499536505844 ACCELEROMETER -5.6698303 -4.3402557 5.439316

1499536505865 GYROSCOPE 0.71273804 1.3486023 4.285736

1499536505866 MAGNETIC_FIELD 29.341125 29.067993 -1.0879517

1499536505866 GRAVITY -8.3052 -3.343902 -4.0015445

1499536505867 LINEAR_ACCELERATION 1.5650864 -1.4351482 9.303969

1499536505868 ROTATION_VECTOR -0.3997355 0.73772186 0.061775908

1499536506033 ACCELEROMETER -3.1403809 -4.16214 -0.25283813

1499536506034 GYROSCOPE -4.4740295 -1.5844421 0.23010254

1499536506035 MAGNETIC_FIELD 44.46411 11.102295 10.920715

1499536506035 GRAVITY -9.06971 1.7948874 -3.2694232

1499536506036 LINEAR_ACCELERATION 4.7394843 -5.634795 2.1229146

1499536506036 ROTATION_VECTOR -0.38648126 0.7192541 0.3667961

1499536506232 ACCELEROMETER -3.1335754 -0.042907715 -1.5981598

1499536506234 GYROSCOPE 1.9421387 -2.7497559 4.1436768

1499536506235 MAGNETIC_FIELD 47.732544 -17.779541 1.5975952

1499536506235 GRAVITY -7.58902 6.0517635 1.3976148

1499536506236 LINEAR_ACCELERATION 3.27035 -4.557646 -2.551924

1499536506236 ROTATION_VECTOR -0.16530052 0.63357496 0.60514843

1499536506433 ACCELEROMETER -5.594635 5.936325 1.949295

1499536506434 GYROSCOPE -0.093688965 3.9163513 7.0350647

1499536506435 MAGNETIC_FIELD 40.898132 -42.440796 12.217712

1499536506436 GRAVITY 1.7355253 9.6518545 0.005856901

1499536506436 LINEAR_ACCELERATION -7.452787 -1.9537029 1.9001012

1499536506437 ROTATION_VECTOR 0.027946105 -0.706343 -0.6906603

1499536506634 ACCELEROMETER -8.689758 -13.985718 4.566498

1499536506637 GYROSCOPE -11.039734 -6.302307 0.8432007

1499536506637 MAGNETIC_FIELD -3.6712646 -48.59619 -20.04242

1499536506638 GRAVITY 9.048701 1.5623322 3.4424577

1499536506638 LINEAR_ACCELERATION -14.677503 -15.456089 2.1280954

1499536506639 ROTATION_VECTOR -0.5220277 -0.22797067 -0.79819053

1499536506834 ACCELEROMETER -0.16567993 -2.5017853 -6.010147

1499536506836 GYROSCOPE -0.8744812 -1.2191467 0.97991943

1499536506836 MAGNETIC_FIELD -11.117554 -26.679993 -34.492493

1499536506837 LINEAR_ACCELERATION -5.319576 0.049455643 -2.301833

1499536506838 GRAVITY 7.2549825 -3.30272 -5.712063

1499536506838 ROTATION_VECTOR -0.8264792 0.32888636 -0.45637235

1499536507035 ACCELEROMETER -4.692688 4.355789 14.601486

1499536507036 GYROSCOPE 0.07400513 -0.07519531 -0.0390625

1499536507036 MAGNETIC_FIELD -8.734131 -24.464417 -40.18097

1499536507037 GRAVITY 6.4459686 -3.5738773 -6.4689474

1499536507038 LINEAR_ACCELERATION -8.424673 6.4108777 18.451277

1499536507038 ROTATION_VECTOR -0.884381 0.2183913 -0.39821553

1499536507235 ACCELEROMETER 0.4993286 -0.09378052 9.581848

1499536507236 GYROSCOPE 0.0077819824 -0.049560547 -0.0016784668

1499536507237 GRAVITY 6.781074 -3.8089488 -5.9732175

1499536507238 MAGNETIC_FIELD -7.785034 -24.241638 -39.930725

1499536507238 LINEAR_ACCELERATION -3.0728316 1.9171045 12.723474

1499536507239 ROTATION_VECTOR -0.8487817 0.29003263 -0.43475467

1499536507435 ACCELEROMETER 0.14164734 -0.033294678 7.4886017

1499536507436 GYROSCOPE 0.29190063 0.8882446 0.0047302246

1499536507437 MAGNETIC_FIELD -8.47168 -17.781067 -45.881653

1499536507438 GRAVITY 7.54384 -4.1472845 -4.6969028

1499536507438 LINEAR_ACCELERATION -3.498405 1.9664934 9.734867

1499536507439 ROTATION_VECTOR -0.79216844 0.33458117 -0.50770974

1499536507637 ACCELEROMETER 0.52804565 -0.23693848 10.9249115

1499536507638 GYROSCOPE -0.06484985 -0.18414307 0.010070801

1499536507639 MAGNETIC_FIELD -6.1294556 -19.132996 -45.552063

1499536507639 LINEAR_ACCELERATION -3.0875013 1.7261311 12.236834

1499536507640 ROTATION_VECTOR -0.7294501 0.3459069 -0.58924705

1499536507641 GRAVITY 8.211644 -4.4588027 -2.9762998

1499536507837 GYROSCOPE -0.011444092 -0.047424316 0.009002686

1499536507838 GRAVITY 8.417719 -4.5998898 -2.0379908

1499536507839 LINEAR_ACCELERATION -3.0022109 1.71143 11.033602

1499536507839 ROTATION_VECTOR -0.68360937 0.3695766 -0.62935156

1499536508037 ACCELEROMETER 0.42007446 -0.158844 10.206192

1499536508038 GYROSCOPE 0.001373291 0.015594482 0.009002686

1499536508038 MAGNETIC_FIELD -7.649231 -17.282104 -46.04492

1499536508039 GRAVITY 8.565448 -4.702561 -0.8303087

1499536508039 LINEAR_ACCELERATION -2.89046 1.5845628 9.97282

1499536508040 ROTATION_VECTOR 0.6299652 -0.38141558 0.6759041

1499536508237 ACCELEROMETER 0.37356567 -0.20594788 9.6609955

1499536508239 GYROSCOPE -7.6293945E-4 0.0038452148 0.009002686

1499536508240 MAGNETIC_FIELD -7.1365356 -18.444824 -45.225525

1499536508240 GRAVITY 8.577686 -4.7244763 0.522495

1499536508241 LINEAR_ACCELERATION -2.7524831 1.5460005 9.495171

1499536508241 ROTATION_VECTOR 0.5751336 -0.37759966 0.7235205

