1499536441259 ACCELEROMETER -7.0118103 -5.4157715 4.600189

1499536441261 GYROSCOPE 0.04623413 0.091430664 0.17883301

1499536441262 MAGNETIC_FIELD 36.00464 10.473633 -30.441284

1499536441262 GRAVITY -6.861995 -5.297311 4.584966

1499536441263 LINEAR_ACCELERATION 0.0 0.0 -0.0

1499536441263 ROTATION_VECTOR 0.0 0.0 0.0

1499536441460 ACCELEROMETER -6.6136475 -3.686905 3.3411255

1499536441461 GYROSCOPE -0.20050049 0.27835083 -0.6190491

1499536441462 MAGNETIC_FIELD 38.198853 8.624268 -29.292297

1499536441462 GRAVITY -7.306517 -5.0595245 4.14565

1499536441464 LINEAR_ACCELERATION 0.16106844 1.1024485 -0.50117517

1499536441465 ROTATION_VECTOR 0.41307583 0.3435099 -0.8401593

1499536441660 ACCELEROMETER -5.8245544 -8.670044 3.3647766

1499536441662 GYROSCOPE -1.725769 0.32107544 -2.6623535

1499536441670 MAGNETIC_FIELD 31.78711 25.10376 -26.339722

1499536441670 GRAVITY -5.445957 -7.714478 2.6455164

1499536441671 LINEAR_ACCELERATION -0.7604308 -0.8356662 0.8646326

1499536441671 ROTATION_VECTOR -0.39762923 -0.45498043 0.79252934

1499536441860 ACCELEROMETER -0.87246704 -9.98909 0.45576477

1499536441862 GYROSCOPE -0.036010742 1.2706299 -2.5598145

1499536441862 MAGNETIC_FIELD 24.023438 37.21161 -20.761108

1499536441863 GRAVITY -1.0103962 -9.727226 0.72839844

1499536441864 LINEAR_ACCELERATION -0.037758827 -0.28388405 -0.20855242

1499536441864 ROTATION_VECTOR -0.24469815 -0.63481086 0.70742595

1499536442096 ACCELEROMETER 3.655548 -9.957993 0.6548157

1499536442097 GYROSCOPE -1.1489868 1.0132141 0.23651123

1499536442098 GRAVITY 2.0919695 -9.580919 -0.0059426767

1499536442099 LINEAR_ACCELERATION 1.4176362 -0.18609142 0.6075386

1499536442099 ROTATION_VECTOR 0.11310751 -0.69821894 0.7058478

1499536442297 ACCELEROMETER 3.8998718 -9.239258 1.1326599

1499536442299 GYROSCOPE -0.4119873 0.3595276 -0.5848694

1499536442299 MAGNETIC_FIELD -13.833618 42.01355 -19.866943

1499536442300 GRAVITY 2.7902403 -9.371024 -0.7542326

1499536442300 LINEAR_ACCELERATION 0.84779024 0.35433006 1.985609

1499536442301 ROTATION_VECTOR 0.119299084 -0.7240324 0.6739775

1499536442497 ACCELEROMETER 6.0601044 -10.256073 3.3487854

1499536442498 GYROSCOPE 1.611023 2.7061768 -0.70022583

1499536442499 MAGNETIC_FIELD -16.41388 41.76178 -16.442871

1499536442499 GRAVITY 3.9361567 -8.811633 1.7413145

1499536442500 LINEAR_ACCELERATION 2.35959 -1.0085087 1.7770426

1499536442501 ROTATION_VECTOR 0.047619686 -0.63949203 0.7219052

1499536442698 ACCELEROMETER 7.214966 -7.9234314 -0.26293945

1499536442699 GYROSCOPE 2.3490906 0.6820984 -1.0964966

1499536442700 MAGNETIC_FIELD -19.155884 30.932617 -30.27649

1499536442700 GRAVITY 4.116246 -6.9650903 5.5420594

1499536442701 LINEAR_ACCELERATION 3.0808868 -0.7045131 -6.235392

1499536442701 ROTATION_VECTOR 0.04062826 -0.46452445 0.7978938

1499536442899 ACCELEROMETER 5.3350525 -5.3786774 3.2366333

1499536442900 GYROSCOPE 0.15304565 0.3242798 0.05065918

1499536442901 MAGNETIC_FIELD -17.956543 11.482239 -43.940735

1499536442901 GRAVITY 4.316126 -5.0726 7.197929

1499536442902 LINEAR_ACCELERATION 0.7425742 -0.03574419 -3.668849

1499536442903 ROTATION_VECTOR 0.092098236 -0.35288197 0.8385474

1499536443099 ACCELEROMETER 3.4262695 -1.079956 3.9394836

1499536443100 GYROSCOPE 0.41687012 -0.5921631 0.04425049

1499536443101 MAGNETIC_FIELD -14.042664 1.0070801 -46.095276

1499536443102 GRAVITY 4.579391 -4.537657 7.3898063

1499536443103 LINEAR_ACCELERATION -0.98227596 3.3467464 -2.9377532

1499536443103 ROTATION_VECTOR 0.13374777 -0.32455552 0.8627801

1499536443300 ACCELEROMETER 9.058258 -8.558212 7.2347717

1499536443301 GYROSCOPE -2.1765137 -0.15957642 0.83999634

1499536443302 MAGNETIC_FIELD -20.19043 10.72998 -44.50531

1499536443303 GRAVITY 4.831223 -6.1414833 5.9255266

1499536443303 LINEAR_ACCELERATION 4.5610065 -3.3629398 1.8482447

1499536443304 ROTATION_VECTOR 0.13376887 -0.4242501 0.837848

1499536443500 ACCELEROMETER 4.7769623 -7.7957306 3.161087

1499536443501 GYROSCOPE -1.085968 -0.46505737 -0.080718994

1499536443502 MAGNETIC_FIELD -18.144226 31.137085 -36.17859

1499536443503 LINEAR_ACCELERATION 0.23986101 0.56003237 -0.5947449

1499536443503 GRAVITY 4.607234 -8.041483 3.2059834

1499536443504 ROTATION_VECTOR 0.06780367 -0.57614493 0.7492345

1499536443701 ACCELEROMETER 4.3746643 -8.131073 2.534729

1499536443702 GYROSCOPE 0.6977844 -1.6880493 0.1574707

1499536443703 MAGNETIC_FIELD -18.437195 38.705444 -25.05951

1499536443703 LINEAR_ACCELERATION -0.62746906 -0.08762264 0.6426859

1499536443704 GRAVITY 5.0111165 -8.211615 1.9048595

1499536443704 ROTATION_VECTOR 0.10444013 -0.6260762 0.71685755

1499536443904 GRAVITY 5.4756975 -8.027682 1.320393

1499536443904 LINEAR_ACCELERATION 0.04600525 0.14391899 -0.15047276

1499536443905 ACCELEROMETER 5.407669 -7.770981 1.2553558

1499536443905 GYROSCOPE -0.9321594 0.9790344 -0.5848694

1499536443905 MAGNETIC_FIELD -25.138855 37.7594 -20.127869

1499536443906 ROTATION_VECTOR 0.13785508 -0.6431755 0.69737

1499536444104 GRAVITY 6.049225 -7.328107 2.4240725

1499536444105 LINEAR_ACCELERATION 2.0341454 -4.135583 -2.6655285

1499536444105 ACCELEROMETER 7.906204 -11.440857 0.08648682

1499536444105 GYROSCOPE 1.1090088 0.9768982 -0.7119751

1499536444106 MAGNETIC_FIELD -23.63739 41.363525 -17.732239

1499536444106 ROTATION_VECTOR 0.1353511 -0.5984035 0.7048939

1499536444306 ACCELEROMETER 4.8515167 -8.45018 2.559433

1499536444308 GYROSCOPE 2.8083801 0.118133545 -0.12023926

1499536444309 MAGNETIC_FIELD -22.418213 35.94513 -28.26538

1499536444310 GRAVITY 6.0031276 -5.5527325 5.412948

1499536444311 LINEAR_ACCELERATION -1.3871169 -2.6844325 -2.304152

1499536444312 ROTATION_VECTOR 0.19445093 -0.4315151 0.8110249

1499536444512 ACCELEROMETER 6.2871704 -6.6640778 3.946457

1499536444515 GYROSCOPE 1.0235596 0.5079956 -0.17471313

1499536444517 MAGNETIC_FIELD -20.428467 16.760254 -43.850708

1499536444519 GRAVITY 5.7854238 -3.184955 7.249505

1499536444522 LINEAR_ACCELERATION 0.48815346 -3.3852382 -3.4083633

1499536444524 ROTATION_VECTOR 0.25764906 -0.25297248 0.89799947

1499536444725 GRAVITY 5.645196 -3.9091897 7.0014563

1499536444726 LINEAR_ACCELERATION -1.5139685 2.3350172 -2.9818907

1499536444726 ROTATION_VECTOR 0.24914673 -0.2845189 0.8978774

1499536444727 ACCELEROMETER 4.0630493 -1.8148956 3.8197632

1499536444728 GYROSCOPE -1.9810486 -0.31552124 0.32943726

1499536444728 MAGNETIC_FIELD -17.669678 1.8829346 -48.88153

1499536444905 ACCELEROMETER 4.5279083 -1.9261322 6.4510193

1499536444907 GYROSCOPE -1.7407227 0.30718994 -0.37338257

1499536444907 MAGNETIC_FIELD -19.729614 12.7456665 -46.10138

1499536444908 GRAVITY 5.681392 -6.032717 5.2439013

1499536444908 LINEAR_ACCELERATION -1.1846166 3.9073563 1.180882

1499536444908 ROTATION_VECTOR 0.18817213 -0.44410214 0.8214833

1499536445106 ACCELEROMETER 5.7078705 -8.104843 4.3329773

1499536445107 GYROSCOPE -0.35751343 -0.9211426 -0.12023926

1499536445107 MAGNETIC_FIELD -19.073486 28.80249 -39.33716

1499536445108 GRAVITY 6.1438766 -6.757657 3.5717282

1499536445108 LINEAR_ACCELERATION -0.013015747 -2.002346 0.9628179

1499536445108 ROTATION_VECTOR 0.16797085 -0.5382177 0.7488599

1499536445306 ACCELEROMETER 4.484436 -7.645172 2.1439056

1499536445313 GYROSCOPE 0.07720947 -1.3206177 0.32302856

1499536445314 MAGNETIC_FIELD -20.35675 35.055542 -31.903076

1499536445316 GRAVITY 6.528119 -7.0484605 1.9680556

1499536445318 LINEAR_ACCELERATION -1.9674559 -0.7311897 0.13238168

1499536445319 ROTATION_VECTOR 0.23051661 -0.5886588 0.72130007

1499536445519 GRAVITY 6.6498055 -7.0727005 1.388299

1499536445549 LINEAR_ACCELERATION 0.45094252 -0.20070457 0.14241958

1499536445553 ROTATION_VECTOR 0.26919445 -0.59728616 0.71445316

1499536445556 ACCELEROMETER 6.7851715 -7.0932465 1.4615326

1499536445563 GYROSCOPE 0.17547607 0.15765381 -0.19393921

1499536445564 MAGNETIC_FIELD -27.29187 36.16638 -25.70343

1499536445707 ACCELEROMETER 2.6821594 -7.767441 2.0787659

1499536445709 GYROSCOPE -0.071258545 0.2623291 1.9604492

1499536445709 MAGNETIC_FIELD -27.571106 36.34491 -25.164795

1499536445710 GRAVITY 5.13892 -8.171422 1.7290894

1499536445710 LINEAR_ACCELERATION -2.416741 0.099357605 0.40218198

1499536445710 ROTATION_VECTOR 0.20182803 -0.60918504 0.74466616

1499536445932 GRAVITY 0.53341055 -9.755683 0.8441028

1499536445952 LINEAR_ACCELERATION 6.0637712 3.8245869 -0.94244754

1499536445964 ROTATION_VECTOR -0.14949061 -0.6592536 0.70869684

1499536445964 ACCELEROMETER 6.2154083 -5.574951 -0.24998474

1499536445964 GYROSCOPE -0.8798218 2.2575684 3.218689

1499536445965 MAGNETIC_FIELD -9.577942 43.833923 -27.388

1499536446109 ACCELEROMETER -2.1224823 -14.354752 0.32112122

1499536446110 GYROSCOPE 0.41259766 0.5293579 1.6848755

1499536446111 MAGNETIC_FIELD 13.264465 40.43274 -31.689453

1499536446111 GRAVITY -3.9306242 -8.959962 -0.6630668

1499536446112 LINEAR_ACCELERATION 0.9348893 -5.9721394 0.85099113

1499536446112 ROTATION_VECTOR -0.4725392 -0.55723757 0.65428716

1499536446324 ACCELEROMETER -5.107086 -6.440872 4.5921326

1499536446334 GRAVITY -5.7709694 -7.7097054 1.8511451

1499536446338 LINEAR_ACCELERATION 0.5625496 1.193706 2.9317636

1499536446338 ROTATION_VECTOR -0.5290248 -0.35461336 0.7274146

1499536446339 GYROSCOPE 2.565918 -0.5163269 0.4875183

1499536446340 MAGNETIC_FIELD 31.661987 27.978516 -32.218933

1499536446512 ACCELEROMETER -6.4520874 -0.5761566 8.7092285

1499536446514 GYROSCOPE 0.10925293 0.65112305 -0.41290283

1499536446514 MAGNETIC_FIELD 28.465271 11.030579 -42.401123

1499536446515 LINEAR_ACCELERATION -0.55426216 6.003792 4.842398

1499536446516 ROTATION_VECTOR -0.48576498 -0.2405638 0.7807625

1499536446521 GRAVITY -5.972439 -6.644578 4.043506

1499536446717 ACCELEROMETER -5.703293 -2.0806427 7.472412

1499536446723 GRAVITY -5.676504 -7.2301087 3.41661

1499536446725 LINEAR_ACCELERATION -0.48350096 4.681667 4.2737694

1499536446730 ROTATION_VECTOR -0.5054845 -0.2651165 0.7490103

1499536446733 GYROSCOPE -0.42800903 0.57315063 -0.7408142

1499536446735 MAGNETIC_FIELD 26.480103 4.083252 -46.154785

1499536446920 ACCELEROMETER -4.1613464 -3.4791412 9.311066

1499536446923 GYROSCOPE -0.42160034 0.45031738 -0.36376953

1499536446926 MAGNETIC_FIELD 29.934692 10.153198 -44.206238

1499536446928 GRAVITY -5.115132 -7.939557 2.6399333

1499536446934 LINEAR_ACCELERATION 0.63347816 3.9248295 6.9081697

1499536446937 ROTATION_VECTOR -0.5316155 -0.28772527 0.698185

1499536447120 ACCELEROMETER -5.8280945 -4.1475677 7.5558624

1499536447123 GYROSCOPE 0.32180786 -0.29522705 0.32089233

1499536447127 MAGNETIC_FIELD 28.805542 8.509827 -30.23529

1499536447129 GRAVITY -5.1972675 -7.8409276 2.7710388

1499536447131 LINEAR_ACCELERATION -1.0139909 3.1505213 4.9756136

1499536447134 ROTATION_VECTOR -0.534565 -0.2701049 0.6959096

1499536447322 ACCELEROMETER -6.061096 -4.1513824 6.4147644

1499536447330 GYROSCOPE 0.049438477 -0.8826904 1.0354614

1499536447335 MAGNETIC_FIELD 29.670715 6.123352 -29.995728

1499536447351 GRAVITY -5.8504443 -6.8345723 3.902732

1499536447352 LINEAR_ACCELERATION -0.5948448 2.2569413 2.7741036

1499536447353 ROTATION_VECTOR -0.48854345 -0.24968249 0.77315927

1499536447514 ACCELEROMETER -4.7277374 -3.7644958 5.9782715

1499536447516 GYROSCOPE 0.61660767 -1.2693481 0.4928589

1499536447521 MAGNETIC_FIELD 21.69342 -3.2348633 -37.14142

1499536447523 GRAVITY -5.7391367 -5.5344296 5.709885

1499536447524 LINEAR_ACCELERATION 0.62635946 1.3754678 0.6637049

1499536447526 ROTATION_VECTOR -0.3888758 -0.24010931 0.8691442

1499536447722 ACCELEROMETER -4.541916 -4.16658 7.651352

1499536447729 GRAVITY -4.4369926 -3.5720994 7.9827056

1499536447732 LINEAR_ACCELERATION -0.41302156 -0.8547621 0.21156359

1499536447734 GYROSCOPE 0.9893799 -1.6837769 1.1593628

1499536447738 MAGNETIC_FIELD 12.3703 -7.157898 -40.257263

1499536447740 ROTATION_VECTOR -0.24658781 -0.17941499 0.95123315

1499536447927 ACCELEROMETER -4.7525635 -1.0749664 7.2360535

1499536447932 GYROSCOPE -1.0977173 0.177948 0.069885254

1499536447935 MAGNETIC_FIELD -2.5512695 -14.326477 -43.02368

1499536447938 LINEAR_ACCELERATION -1.3234155 1.7015965 -0.72273636

1499536447940 ROTATION_VECTOR 0.17471112 0.17889181 -0.9620493

1499536447943 GRAVITY -3.679928 -3.0011501 8.580304

1499536448124 ACCELEROMETER -0.96603394 -4.016556 9.4162445

1499536448130 GRAVITY -3.7456224 -3.9552448 8.154553

1499536448134 LINEAR_ACCELERATION 2.507879 -0.4089749 1.8282194

1499536448137 ROTATION_VECTOR 0.15668334 0.24430273 -0.94011056

1499536448140 GYROSCOPE -0.21011353 -0.04849243 0.3315735

1499536448143 MAGNETIC_FIELD 0.31280518 1.0055542 -40.219116

1499536448316 ACCELEROMETER -1.1643372 -0.9585266 9.073395

1499536448332 GYROSCOPE -0.09902954 0.66500854 -0.37231445

1499536448335 MAGNETIC_FIELD 0.97351074 -0.8331299 -40.08026

1499536448338 GRAVITY -4.0851145 -4.0837364 7.924981

1499536448340 LINEAR_ACCELERATION 2.7692516 2.8489985 1.7320924

1499536448343 ROTATION_VECTOR 0.17245363 0.25729004 -0.93278754

1499536448524 ACCELEROMETER -5.7799683 -3.6916962 8.338394

1499536448532 GYROSCOPE -0.45791626 0.8316345 -0.042266846

1499536448535 MAGNETIC_FIELD 5.6243896 -0.44555664 -39.064026

1499536448538 GRAVITY -5.035844 -4.6077514 7.041256

1499536448540 LINEAR_ACCELERATION -1.1480603 0.64879084 1.7805781

1499536448543 ROTATION_VECTOR 0.23325053 0.29426187 -0.91505903

1499536448724 ACCELEROMETER -3.695877 -3.118515 7.366287

1499536448732 GYROSCOPE -1.1618042 2.0119019 -2.9283142

1499536448735 GRAVITY -4.994369 -6.8113093 4.983245

1499536448738 LINEAR_ACCELERATION 0.9422054 3.2841086 2.9018269

1499536448740 ROTATION_VECTOR -0.3191662 -0.37954992 0.8664555

1499536448743 MAGNETIC_FIELD 14.353943 7.411194 -34.223938

1499536448924 ACCELEROMETER -3.9620667 -6.8287964 4.052887

1499536448935 GRAVITY -1.760387 -8.962427 3.570199

1499536448938 GYROSCOPE -0.26138306 -0.28668213 -2.212677

1499536448942 LINEAR_ACCELERATION -2.3983798 1.6021099 0.7042637

1499536448944 ROTATION_VECTOR -0.27330005 -0.49323177 0.7859707

1499536448949 MAGNETIC_FIELD 12.246704 23.590088 -26.811218

1499536449127 ACCELEROMETER -1.4500732 -9.173889 4.169464

1499536449133 GYROSCOPE 0.18295288 -0.7630615 0.078430176

1499536449136 GRAVITY 0.4418515 -9.153447 3.4913545

1499536449138 LINEAR_ACCELERATION -1.8577431 -0.6895504 0.86104155

1499536449141 ROTATION_VECTOR -0.107052326 -0.5572524 0.8001968

1499536449143 MAGNETIC_FIELD -1.1886597 33.247375 -20.196533

1499536449324 ACCELEROMETER -0.77815247 -9.128937 5.2966003

1499536449327 GYROSCOPE -0.07980347 -0.4533081 -0.34561157

1499536449331 MAGNETIC_FIELD -6.880188 34.361267 -17.76123

1499536449333 GRAVITY 1.009046 -9.079124 3.5667505

1499536449336 LINEAR_ACCELERATION -1.8102773 -0.56950474 1.9897814

1499536449339 ROTATION_VECTOR 0.020364674 -0.5636769 0.8234494

1499536449526 ACCELEROMETER 0.856308 -10.624802 4.7208405

1499536449529 GYROSCOPE 0.40512085 -0.5163269 -0.4310608

1499536449532 MAGNETIC_FIELD -10.505676 35.6308 -17.218018

1499536449535 GRAVITY 1.9865175 -8.865539 3.6913896

1499536449537 LINEAR_ACCELERATION -1.1618043 -2.4874926 1.2577577

1499536449539 ROTATION_VECTOR -0.12851425 0.54339266 -0.82952553

1499536449725 ACCELEROMETER 2.0458221 -6.848114 3.8043976

1499536449731 GYROSCOPE 0.5482483 1.1221619 0.18417358

1499536449734 MAGNETIC_FIELD -13.218689 32.00531 -20.15686

1499536449737 GRAVITY 1.953598 -8.416286 4.638962

1499536449739 LINEAR_ACCELERATION 0.24549806 1.0800095 -0.5963106

1499536449741 ROTATION_VECTOR -0.148032 0.49149293 -0.8564255

1499536449932 ACCELEROMETER 2.1449127 -7.041397 6.2356567

1499536449942 GYROSCOPE -7.6293945E-4 0.65005493 0.14892578

1499536449951 MAGNETIC_FIELD -9.797668 31.988525 -21.76361

1499536449954 GRAVITY 0.8175617 -8.161698 5.374818

1499536449956 LINEAR_ACCELERATION 1.3087958 0.9169259 1.075984

1499536449958 ROTATION_VECTOR -0.050307184 0.47268358 -0.87977827

1499536450126 ACCELEROMETER 1.5263519 -9.1414795 6.6155396

1499536450130 GYROSCOPE -0.6437683 -2.825592 -1.1349487

1499536450132 MAGNETIC_FIELD -6.9366455 33.491516 -21.96045

1499536450135 GRAVITY 2.5589647 -8.346024 4.4683304

1499536450144 LINEAR_ACCELERATION -0.7490747 -1.1633153 2.4530845

1499536450146 ROTATION_VECTOR 0.14061634 -0.50239986 0.85286635

1499536450329 ACCELEROMETER 1.1093903 -8.999573 4.612335

1499536450334 LINEAR_ACCELERATION -3.6070776 -1.2701459 2.9501283

1499536450343 ROTATION_VECTOR -0.4239072 0.4759147 -0.7562614

1499536450345 GRAVITY 4.9071198 -8.288872 1.8398823

1499536450347 GYROSCOPE -0.539093 -1.1443787 -0.70983887

1499536450349 MAGNETIC_FIELD -13.635254 31.059265 -22.120667

1499536450526 ACCELEROMETER 0.9474182 -8.140945 3.415619

1499536450532 GYROSCOPE 0.1776123 -0.47253418 0.1927185

1499536450534 MAGNETIC_FIELD -23.524475 30.801392 -18.78357

1499536450536 GRAVITY 5.324334 -8.1934185 0.83051103

1499536450540 LINEAR_ACCELERATION -4.2917876 -0.5156007 2.8045087

1499536450542 ROTATION_VECTOR -0.5875814 0.3352668 -0.6545644

1499536450722 ACCELEROMETER 3.9188843 -8.324371 2.9904938

1499536450723 GYROSCOPE 0.72769165 2.8129883 0.09552002

1499536450724 MAGNETIC_FIELD -25.471497 29.490662 -17.660522

1499536450724 GRAVITY 4.551328 -8.244673 2.7351744

1499536450724 LINEAR_ACCELERATION -0.3180461 -0.46694946 0.31986833

1499536450725 ROTATION_VECTOR -0.4924343 0.343589 -0.7175318

1499536450922 ACCELEROMETER 2.6595154 -8.792816 3.9077454

1499536450924 GYROSCOPE -0.4333496 -0.22579956 -0.18859863

1499536450925 MAGNETIC_FIELD -18.945313 30.632019 -20.965576

1499536450925 GRAVITY 3.6576943 -8.14541 4.0551157

1499536450925 LINEAR_ACCELERATION -0.6886227 -1.0322671 0.107605696

1499536450926 ROTATION_VECTOR -0.33212635 0.42771336 -0.8169502

