1499536425119 ACCELEROMETER 0.513031 3.4429626 8.906921

1499536425128 GYROSCOPE 0.005645752 0.06259155 0.051727295

1499536425129 MAGNETIC_FIELD 4.786682 -36.44409 -35.855103

1499536425130 GRAVITY 0.5437569 3.5193942 9.137208

1499536425130 LINEAR_ACCELERATION 0.0 0.0 -0.0

1499536425131 ROTATION_VECTOR 0.0 0.0 0.0

1499536425320 ACCELEROMETER 0.9146118 3.5585327 8.83667

1499536425322 GYROSCOPE 0.19256592 0.02947998 -0.09994507

1499536425323 MAGNETIC_FIELD 3.4362793 -36.1084 -35.198975

1499536425324 GRAVITY 0.6936373 3.626252 9.085128

1499536425324 LINEAR_ACCELERATION 0.2433793 -0.08696389 -0.014606476

1499536425325 ROTATION_VECTOR 0.069653034 0.17870604 0.96510834

1499536425521 ACCELEROMETER 0.1492157 3.752243 8.527817

1499536425522 GYROSCOPE -0.057373047 0.12133789 0.31982422

1499536425523 MAGNETIC_FIELD 4.786682 -39.471436 -34.542847

1499536425524 GRAVITY 0.47931877 3.7972898 9.028911

1499536425524 LINEAR_ACCELERATION -0.31877333 0.035200834 -0.24847889

1499536425525 ROTATION_VECTOR 0.055092003 0.19135971 0.96826136

1499536425721 ACCELEROMETER 2.6187744 4.0487976 8.543411

1499536425722 GYROSCOPE -0.26885986 -0.74276733 -0.27511597

1499536425723 MAGNETIC_FIELD 2.4246216 -39.471436 -32.244873

1499536425724 GRAVITY 1.3181268 3.6488142 9.006614

1499536425724 LINEAR_ACCELERATION 0.757105 0.5074408 -0.096443176

1499536425725 ROTATION_VECTOR 0.1015284 0.1745924 0.96355885

1499536425958 ACCELEROMETER 3.511917 5.227234 8.039703

1499536425958 GYROSCOPE -0.7110596 -0.31658936 0.19485474

1499536425959 MAGNETIC_FIELD -3.4194946 -39.852905 -33.744812

1499536425960 GRAVITY 2.6751697 3.0827487 8.916867

1499536425961 LINEAR_ACCELERATION 1.0033712 2.0011425 -0.5212002

1499536425961 ROTATION_VECTOR 0.16895951 0.12968808 0.95730186

1499536426158 ACCELEROMETER 2.6191864 5.3078156 8.3112335

1499536426159 GYROSCOPE 0.35491943 0.3050537 0.18203735

1499536426160 MAGNETIC_FIELD -8.239746 -34.53369 -36.749268

1499536426160 GRAVITY 2.7635324 3.1060798 8.881753

1499536426161 LINEAR_ACCELERATION -0.116817 2.257143 -0.45037937

1499536426161 ROTATION_VECTOR 0.17058001 0.13438405 0.960984

1499536426359 ACCELEROMETER 3.619995 5.0913696 8.844269

1499536426359 GYROSCOPE -0.65979004 1.0826416 0.22903442

1499536426360 MAGNETIC_FIELD -8.09021 -35.42633 -36.520386

1499536426361 GRAVITY 1.8833761 3.040944 9.1310425

1499536426361 LINEAR_ACCELERATION 1.6881421 2.0992973 -0.35151196

1499536426362 ROTATION_VECTOR 0.12659337 0.1357222 0.9637942

1499536426559 ACCELEROMETER 4.5326233 1.8283386 11.133926

1499536426560 GYROSCOPE 0.028076172 0.91815186 0.605011

1499536426561 MAGNETIC_FIELD -5.9921265 -33.00171 -39.541626

1499536426561 GRAVITY 0.7718737 2.179903 9.53009

1499536426562 LINEAR_ACCELERATION 3.8977256 -0.35863066 1.6864719

1499536426563 ROTATION_VECTOR 0.064951494 0.099407904 0.96483254

1499536426760 ACCELEROMETER 1.7819519 1.1265411 6.2501373

1499536426761 GYROSCOPE 0.023803711 -1.286438 0.17990112

1499536426762 GRAVITY 1.383376 2.1211998 9.474026

1499536426763 LINEAR_ACCELERATION 0.3097931 -1.0156419 -3.0777826

1499536426763 MAGNETIC_FIELD -6.9473267 -33.143616 -38.39569

1499536426764 ROTATION_VECTOR 0.09348378 0.09066363 0.966974

1499536426960 ACCELEROMETER 6.111786 3.2923126 8.4535675

1499536426961 GYROSCOPE -0.7548523 -0.15209961 0.1638794

1499536426962 MAGNETIC_FIELD -16.230774 -33.15277 -35.240173

1499536426962 GRAVITY 3.138772 1.5585389 9.159119

1499536426963 LINEAR_ACCELERATION 2.9565187 1.7173913 -0.7170906

1499536426964 ROTATION_VECTOR 0.1760601 0.04491949 0.96153045

1499536427162 ACCELEROMETER 5.8234863 2.511032 8.244629

1499536427162 GYROSCOPE -0.6715393 -0.20123291 -0.36483765

1499536427163 MAGNETIC_FIELD -17.590332 -32.720947 -38.528442

1499536427163 GRAVITY 3.6441913 0.50664824 9.090301

1499536427164 LINEAR_ACCELERATION 2.2212641 2.0927536 -0.50027275

1499536427165 ROTATION_VECTOR 0.19049276 -0.015367723 0.95819986

1499536427362 ACCELEROMETER 5.3185883 1.8989105 5.8762207

1499536427363 GYROSCOPE -0.29022217 -0.42660522 -0.31143188

1499536427363 MAGNETIC_FIELD -20.039368 -28.862 -38.6261

1499536427364 GRAVITY 4.3529577 0.043033384 8.787508

1499536427365 LINEAR_ACCELERATION 1.1609063 1.8265146 -2.7015953

1499536427365 ROTATION_VECTOR 0.21894649 -0.06343681 0.932485

1499536427562 ACCELEROMETER 4.7740326 2.6407318 7.656906

1499536427563 GYROSCOPE 0.23849487 0.3680725 0.32196045

1499536427564 MAGNETIC_FIELD -19.526672 -28.526306 -39.257813

1499536427564 GRAVITY 4.4613137 0.20492227 8.730697

1499536427565 LINEAR_ACCELERATION 0.41779232 2.4627435 -0.8426094

1499536427565 ROTATION_VECTOR 0.22681873 -0.058408916 0.92935306

1499536427768 ACCELEROMETER 7.0838623 1.3078766 10.72168

1499536427768 GYROSCOPE 0.77682495 0.07647705 0.4020691

1499536427768 MAGNETIC_FIELD -19.369507 -27.462769 -38.746643

1499536427769 GRAVITY 4.1885123 0.79483557 8.831477

1499536427769 LINEAR_ACCELERATION 2.8815136 0.5706222 2.2444468

1499536427769 ROTATION_VECTOR 0.22270724 -0.011021317 0.94757736

1499536427974 ACCELEROMETER 4.81546 0.9991913 6.4569244

1499536427977 GYROSCOPE 0.24276733 -0.018585205 0.28457642

1499536427979 MAGNETIC_FIELD -21.644592 -29.696655 -38.459778

1499536427981 GRAVITY 4.295285 1.3901278 8.705656

1499536427983 LINEAR_ACCELERATION 0.8354182 -0.4096017 -2.2185965

1499536427986 ROTATION_VECTOR 0.23427929 0.03533086 0.95859843

1499536428172 ACCELEROMETER 3.6109924 1.8331451 8.023087

1499536428175 GYROSCOPE 0.43502808 0.8294983 0.5996704

1499536428179 MAGNETIC_FIELD -20.996094 -27.644348 -38.316345

1499536428181 GRAVITY 3.6943204 1.6165515 8.939192

1499536428183 LINEAR_ACCELERATION -0.13691974 0.23704386 -0.69459057

1499536428185 ROTATION_VECTOR 0.19817854 0.070379995 0.97515655

1499536428372 ACCELEROMETER 5.3606415 1.490921 7.0536346

1499536428374 GYROSCOPE -0.84350586 -0.020721436 -0.17150879

1499536428375 MAGNETIC_FIELD -21.740723 -28.619385 -38.972473

1499536428381 GRAVITY 3.1795006 1.1282272 9.208055

1499536428383 LINEAR_ACCELERATION 2.1136308 0.48145008 -2.1032534

1499536428385 ROTATION_VECTOR 0.1681027 0.047553863 0.9825232

1499536428568 ACCELEROMETER 5.910965 -0.61231995 11.144119

1499536428569 GRAVITY 3.8522038 0.77364093 8.985121

1499536428569 LINEAR_ACCELERATION 2.1578906 -1.4124985 2.542225

1499536428572 ROTATION_VECTOR 0.20361501 0.02067067 0.97422934

1499536428573 GYROSCOPE 0.49697876 -0.6786804 -0.035858154

1499536428573 MAGNETIC_FIELD -18.90564 -22.506714 -42.95807

1499536428780 ACCELEROMETER 5.63562 0.8271942 6.5975037

1499536428795 GRAVITY 4.4752793 1.0430439 8.663389

1499536428798 LINEAR_ACCELERATION 1.4108639 -0.21220553 -1.8083944

1499536428800 ROTATION_VECTOR 0.23953247 0.030236723 0.96523315

1499536428803 GYROSCOPE -0.3137207 0.06686401 -0.25161743

1499536428805 MAGNETIC_FIELD -19.41986 -23.89679 -41.25061

1499536428973 ACCELEROMETER 5.077179 1.2009888 7.468933

1499536428977 GYROSCOPE -0.12786865 -0.1862793 -0.13305664

1499536428980 MAGNETIC_FIELD -18.63556 -25.11444 -40.79895

1499536428982 GRAVITY 4.582564 0.84746563 8.628575

1499536428985 LINEAR_ACCELERATION 0.5941701 0.279988 -1.0147514

1499536428990 ROTATION_VECTOR 0.24455644 0.016039945 0.962832

1499536429167 ACCELEROMETER 3.8421326 2.3996277 7.9805756

1499536429168 GYROSCOPE 0.62942505 1.178772 0.78338623

1499536429169 MAGNETIC_FIELD -20.56427 -24.830627 -42.417908

1499536429169 GRAVITY 3.7989922 1.0506432 8.979654

1499536429170 LINEAR_ACCELERATION 0.7676437 1.2916859 -0.70501995

1499536429170 ROTATION_VECTOR 0.20192108 0.03732191 0.97498524

1499536429368 ACCELEROMETER 0.63998413 5.3425446 5.658325

1499536429369 GYROSCOPE 0.46920776 -0.94036865 -0.11917114

1499536429369 MAGNETIC_FIELD -16.11023 -25.314331 -42.826843

1499536429370 GRAVITY 3.5150077 1.9803735 8.938301

1499536429370 LINEAR_ACCELERATION -3.602484 3.1161857 -2.6780472

1499536429371 ROTATION_VECTOR 0.18684201 0.09676537 0.9770067

1499536429569 ACCELEROMETER 9.4652405 4.6671753 7.1416626

1499536429570 GYROSCOPE -2.253418 1.1915894 1.7617798

1499536429570 MAGNETIC_FIELD -17.678833 -38.352966 -35.542297

1499536429571 GRAVITY 3.8468697 -0.0316345 9.020586

1499536429571 LINEAR_ACCELERATION 4.8859625 3.8088431 -2.7309942

1499536429572 ROTATION_VECTOR -0.20018828 -0.0016592101 -0.9796225

1499536429769 ACCELEROMETER 2.8424072 13.949738 10.5877075

1499536429770 GYROSCOPE -2.078247 2.2970886 -0.47805786

1499536429771 MAGNETIC_FIELD -12.240601 -52.32086 -23.760986

1499536429771 LINEAR_ACCELERATION 2.9627843 18.467281 3.1023912

1499536429772 GRAVITY 1.0419185 -3.3249671 9.166755

1499536429772 ROTATION_VECTOR 0.05109808 -0.17324719 0.98341215

1499536429970 ACCELEROMETER 7.4291077 6.7393036 4.380127

1499536429970 GYROSCOPE 1.101532 -1.9091492 0.12756348

1499536429971 MAGNETIC_FIELD -14.717102 -51.72882 -25.221252

1499536429971 GRAVITY 1.2183913 -3.7478075 8.979969

1499536429972 LINEAR_ACCELERATION 6.3904576 9.829973 -3.2196817

1499536429972 ROTATION_VECTOR 0.009783695 -0.20506895 0.944112

1499536430174 ACCELEROMETER 4.3272705 4.1391907 8.4687805

1499536430179 GRAVITY 3.8114982 -2.5315733 8.673754

1499536430181 LINEAR_ACCELERATION 1.3219886 6.660696 0.42193222

1499536430182 ROTATION_VECTOR 0.16349314 -0.17615798 0.9436968

1499536430184 GYROSCOPE -0.25390625 -0.65197754 -0.61691284

1499536430186 MAGNETIC_FIELD -16.133118 -52.61841 -21.598816

1499536430377 ACCELEROMETER 4.4456635 5.6085663 6.2451477

1499536430381 GYROSCOPE -0.14068604 -0.25250244 -0.29434204

1499536430383 MAGNETIC_FIELD -15.516663 -53.208923 -21.064758

1499536430386 GRAVITY 4.863442 -2.1161304 8.248594

1499536430391 LINEAR_ACCELERATION -0.07517147 7.393077 -1.2407179

1499536430393 ROTATION_VECTOR 0.226246 -0.16808176 0.9345091

1499536430579 GRAVITY 4.969499 -1.591894 8.303032

1499536430583 ROTATION_VECTOR 0.23934871 -0.1391955 0.93842155

1499536430586 ACCELEROMETER 3.2707062 6.0657806 6.636917

1499536430588 GYROSCOPE 0.19256592 0.16726685 0.18096924

1499536430591 MAGNETIC_FIELD -13.264465 -52.45819 -20.005798

1499536430593 LINEAR_ACCELERATION -1.002737 7.510967 -0.5700536

1499536430780 ACCELEROMETER 3.9908295 5.747238 6.877411

1499536430787 GYROSCOPE -0.024261475 0.0657959 0.05065918

1499536430787 GRAVITY 4.765712 -1.1660781 8.491093

1499536430788 LINEAR_ACCELERATION -0.16423798 6.7684593 -0.4259162

1499536430789 ROTATION_VECTOR 0.23733626 -0.10366435 0.9516545

1499536430790 MAGNETIC_FIELD -14.953613 -53.424072 -21.392822

1499536430980 GRAVITY 4.7081904 -0.87639433 8.55776

1499536430985 LINEAR_ACCELERATION 8.673668E-4 6.425093 -0.66262484

1499536430988 ROTATION_VECTOR 0.2391642 -0.080474466 0.95809734

1499536430991 ACCELEROMETER 4.0615234 5.747406 6.593048

1499536430993 GYROSCOPE -0.057373047 0.038024902 0.00579834

1499536430996 MAGNETIC_FIELD -15.672302 -52.967834 -21.374512

1499536431182 GRAVITY 5.005391 -0.86077493 8.389011

1499536431186 LINEAR_ACCELERATION 0.44889832 6.812333 -1.0363302

1499536431189 ROTATION_VECTOR 0.25638205 -0.08091787 0.95436484

1499536431192 ACCELEROMETER 4.3877106 5.7952423 6.3403473

1499536431195 GYROSCOPE -0.35858154 -0.313385 0.080566406

1499536431197 MAGNETIC_FIELD -13.528442 -52.423096 -21.824646

1499536431383 ACCELEROMETER 3.7194672 5.1159515 6.9888

1499536431384 GYROSCOPE 0.036621094 -0.011108398 -0.20462036

1499536431384 MAGNETIC_FIELD -12.391663 -51.2558 -23.396301

1499536431385 GRAVITY 5.2420206 -0.7338912 8.255484

1499536431385 LINEAR_ACCELERATION -1.0470891 5.440825 0.49545813

1499536431385 ROTATION_VECTOR 0.27137625 -0.07377269 0.9519939

1499536431574 ACCELEROMETER 4.6542053 5.614807 6.21669

1499536431575 GYROSCOPE -0.044555664 0.014526367 -0.07324219

1499536431576 MAGNETIC_FIELD -12.332153 -51.32904 -23.098755

1499536431576 GRAVITY 5.3040447 -0.2282124 8.245327

1499536431577 LINEAR_ACCELERATION 0.3157091 5.8825636 -0.84987783

1499536431578 ROTATION_VECTOR 0.27727583 -0.05218667 0.94957465

1499536431781 GRAVITY 5.272431 0.19137895 8.266513

1499536431785 LINEAR_ACCELERATION -0.29852057 5.421858 -0.50415564

1499536431794 ROTATION_VECTOR 0.2786438 -0.029711755 0.95020354

1499536431797 ACCELEROMETER 4.135727 5.5272675 6.5796814

1499536431800 GYROSCOPE 0.14556885 0.024139404 0.08270264

1499536431802 MAGNETIC_FIELD -10.539246 -51.960754 -23.936462

1499536431983 ACCELEROMETER 4.311493 5.3308716 7.0681

1499536431988 GRAVITY 5.1586757 0.57469344 8.320347

1499536431991 LINEAR_ACCELERATION -0.04741144 4.789843 0.23367548

1499536431993 ROTATION_VECTOR 0.2752548 -0.0038947705 0.9538512

1499536431996 GYROSCOPE 0.02166748 0.095703125 0.022888184

1499536431998 MAGNETIC_FIELD -11.74469 -51.908875 -23.622131

1499536432183 GRAVITY 5.0763144 0.95722735 8.335774

1499536432188 LINEAR_ACCELERATION 0.19394636 4.842229 -0.6273904

1499536432190 ACCELEROMETER 4.392746 5.6138 6.422989

1499536432193 ROTATION_VECTOR 0.2731837 0.019090923 0.9552409

1499536432195 GYROSCOPE 0.110321045 0.023071289 0.038909912

1499536432198 MAGNETIC_FIELD -11.155701 -52.098083 -24.092102

