1508377414177 GYROSCOPE 0.09173584 -0.020584106 -0.046401978

1508377414180 MAGNETIC_FIELD -26.338196 -29.64325 -28.459167

1508377414180 LINEAR_ACCELERATION 0.0 0.0 -0.0

1508377414181 GRAVITY 1.445871 8.359728 4.9188213

1508377414182 ROTATION_VECTOR 0.0 0.0 0.0

1508377414373 ACCELEROMETER 1.4948883 8.207535 4.787842

1508377414474 ACCELEROMETER 1.5675964 8.255371 4.9154053

1508377414475 GYROSCOPE 0.09814453 -0.020584106 -0.08592224

1508377414476 MAGNETIC_FIELD -27.688599 -29.307556 -28.131104

1508377414476 LINEAR_ACCELERATION 0.19915342 0.005262375 0.19180393

1508377414477 GRAVITY 1.4941716 8.416989 4.805426

1508377414478 ROTATION_VECTOR 0.382629 -0.32952464 -0.44027066

1508377414580 GYROSCOPE 0.02658081 0.024276733 0.008071899

1508377414581 MAGNETIC_FIELD -27.519226 -28.80249 -27.966309

1508377414582 GRAVITY 1.4546614 8.410438 4.828963

1508377414582 LINEAR_ACCELERATION -0.007990003 -0.08953571 0.15488958

1508377414583 ROTATION_VECTOR 0.37555414 -0.3357834 -0.4575983

1508377414776 ACCELEROMETER 1.417511 8.264008 4.906143

1508377414877 ACCELEROMETER 1.4889221 8.3359375 4.774109

1508377414878 GYROSCOPE -0.0065307617 -0.004562378 0.015548706

1508377414879 MAGNETIC_FIELD -26.507568 -29.138184 -27.966309

1508377414880 LINEAR_ACCELERATION 0.012903929 0.042069435 0.043186665

1508377414880 GRAVITY 1.4714746 8.416687 4.812954

1508377414881 ROTATION_VECTOR 0.37725905 -0.3350869 -0.45361084

1508377414983 GYROSCOPE 0.019104004 -0.0066986084 0.013412476

1508377414984 MAGNETIC_FIELD -25.831604 -29.138184 -27.966309

1508377414985 LINEAR_ACCELERATION -0.005778432 -0.068579674 -0.14148426

1508377414986 GRAVITY 1.4942545 8.439002 4.7666388

1508377414987 ROTATION_VECTOR 0.38165653 -0.33362758 -0.44547352

1508377415119 ACCELEROMETER 1.4804993 8.266724 4.5476074

1508377415221 GYROSCOPE 0.05114746 -0.03126526 -0.018630981

1508377415222 GRAVITY 1.5384276 8.460501 4.7141867

1508377415222 LINEAR_ACCELERATION 0.07298672 0.058716774 0.10237455

1508377415223 ROTATION_VECTOR 0.38320926 -0.33584824 -0.44220337

1508377415321 ACCELEROMETER 1.5937195 8.425552 4.7637177

1508377415321 MAGNETIC_FIELD -26.704407 -29.704285 -26.800537

1508377415422 GYROSCOPE -0.037506104 -0.0013580322 0.01020813

1508377415423 LINEAR_ACCELERATION 0.017023802 0.0022821426 -0.03262472

1508377415424 GRAVITY 1.5561774 8.474205 4.6836467

1508377415424 ROTATION_VECTOR 0.38229895 -0.33918726 -0.4449377

1508377415523 ACCELEROMETER 1.5546875 8.376511 4.5953674

1508377415524 MAGNETIC_FIELD -27.314758 -30.984497 -27.786255

1508377415624 GYROSCOPE 0.031921387 -0.0131073 0.0027313232

1508377415625 GRAVITY 1.5661718 8.467648 4.6921678

1508377415626 LINEAR_ACCELERATION -0.025840163 -0.05887127 -0.018623829

1508377415627 ROTATION_VECTOR 0.38231546 -0.33852756 -0.4433998

1508377415725 ACCELEROMETER 1.5187073 8.283981 4.6052856

1508377415725 MAGNETIC_FIELD -27.18811 -29.133606 -28.260803

1508377415826 GYROSCOPE 0.010559082 -0.03981018 0.031570435

1508377415827 GRAVITY 1.6325744 8.45687 4.68897

1508377415828 LINEAR_ACCELERATION 0.029649734 -0.020271301 0.098873615

1508377415829 ROTATION_VECTOR 0.37948892 -0.34193164 -0.44397604

1508377415926 ACCELEROMETER 1.6403198 8.325287 4.7277985

1508377415927 MAGNETIC_FIELD -27.848816 -29.446411 -27.313232

1508377416028 GYROSCOPE -0.027893066 -0.018447876 0.0027313232

1508377416029 GRAVITY 1.6658635 8.430418 4.724758

1508377416030 LINEAR_ACCELERATION -0.053293586 -0.05991745 0.041258812

1508377416030 ROTATION_VECTOR 0.3765 -0.34256697 -0.4448707

1508377416128 ACCELEROMETER 1.588623 8.244339 4.6940613

1508377416129 MAGNETIC_FIELD -26.35498 -28.639221 -28.43628

1508377416229 GYROSCOPE -0.0054626465 -2.89917E-4 0.01020813

1508377416231 GRAVITY 1.6874472 8.41716 4.74071

1508377416231 LINEAR_ACCELERATION 0.009266257 0.040200233 -9.1934204E-4

1508377416232 ROTATION_VECTOR 0.37588316 -0.3420569 -0.4431289

1508377416330 ACCELEROMETER 1.6746674 8.345108 4.6760864

1508377416331 MAGNETIC_FIELD -28.353882 -29.638672 -27.149963

1508377416432 GYROSCOPE 0.04473877 0.005050659 -0.062423706

1508377416433 GRAVITY 1.679813 8.399024 4.775459

1508377416434 LINEAR_ACCELERATION 0.09403753 -0.005601883 0.18117619

1508377416434 ROTATION_VECTOR 0.37400788 -0.34152228 -0.44526047

1508377416532 ACCELEROMETER 1.7592316 8.323532 4.918518

1508377416532 MAGNETIC_FIELD -27.519226 -28.797913 -27.966309

1508377416633 GYROSCOPE -0.04284668 -0.010971069 0.019821167

1508377416634 GRAVITY 1.6603653 8.4238205 4.7384405

1508377416635 LINEAR_ACCELERATION 0.018784523 -0.009842873 -0.092535496

1508377416635 ROTATION_VECTOR 0.37841958 -0.3394192 -0.44017354

1508377416738 ACCELEROMETER 1.661026 8.322205 4.5957947

1508377416739 MAGNETIC_FIELD -27.01416 -29.307556 -27.792358

1508377416835 GYROSCOPE -0.003326416 0.016799927 0.007003784

1508377416837 LINEAR_ACCELERATION -0.03081739 -0.023857117 0.019713879

1508377416837 GRAVITY 1.6661675 8.391994 4.7925673

1508377416837 ROTATION_VECTOR 0.37610155 -0.33792707 -0.44060576

1508377416941 ACCELEROMETER 1.6162109 8.270676 4.756531

1508377416942 MAGNETIC_FIELD -27.516174 -28.80249 -26.985168

1508377417043 GRAVITY 1.6563293 8.409957 4.764409

1508377417043 LINEAR_ACCELERATION 0.018714547 -0.009153366 -0.0032930374

1508377417043 ROTATION_VECTOR 0.38004667 -0.33562967 -0.43495512

1508377417044 ACCELEROMETER 1.6553802 8.300278 4.7042694

1508377417044 GYROSCOPE 0.04046631 0.003982544 -0.018630981

1508377417067 MAGNETIC_FIELD -26.507568 -30.145264 -27.966309

1508377417244 ACCELEROMETER 1.6313171 8.27858 4.637253

1508377417246 GYROSCOPE 0.014831543 7.7819824E-4 -4.7302246E-4

1508377417251 MAGNETIC_FIELD -28.361511 -30.987549 -27.80304

1508377417253 GRAVITY 1.6457696 8.437052 4.7199574

1508377417255 LINEAR_ACCELERATION 0.008754849 -0.03986168 -0.016242027

1508377417257 ROTATION_VECTOR 0.38236323 -0.3363741 -0.43421605

1508377417450 GRAVITY 1.6581352 8.440998 4.708558

1508377417453 LINEAR_ACCELERATION 0.027347326 -0.0063762665 -0.02350235

1508377417455 ROTATION_VECTOR 0.38211402 -0.33751923 -0.43455523

1508377417457 ACCELEROMETER 1.6609802 8.310776 4.61644

1508377417460 GYROSCOPE -0.01828003 -0.03340149 -0.020767212

1508377417462 MAGNETIC_FIELD -29.026794 -30.647278 -27.476501

1508377417652 GRAVITY 1.6704708 8.44321 4.700226

1508377417655 LINEAR_ACCELERATION 0.023614287 -0.0056533813 -0.02954197

1508377417657 ROTATION_VECTOR 0.38173234 -0.3385788 -0.434946

1508377417663 ACCELEROMETER 1.6684723 8.307205 4.6003876

1508377417665 GYROSCOPE 0.0073547363 -0.004562378 -0.0015411377

1508377417667 MAGNETIC_FIELD -27.005005 -30.311584 -25.860596

1508377417866 GRAVITY 1.6842662 8.434539 4.71086

1508377417871 LINEAR_ACCELERATION 0.014692903 -0.03213024 0.054924488

1508377417873 ROTATION_VECTOR 0.3823469 -0.3370814 -0.43156245

1508377417875 ACCELEROMETER 1.6742096 8.273941 4.692734

1508377417879 GYROSCOPE 0.013763428 0.010391235 0.01234436

1508377417881 MAGNETIC_FIELD -26.84021 -28.46222 -28.29895

1508377418065 GRAVITY 1.7276189 8.400323 4.75608

1508377418074 LINEAR_ACCELERATION -0.009616852 -0.008822441 0.034748554

1508377418076 ROTATION_VECTOR 0.37904403 -0.33739153 -0.43150654

1508377418078 ACCELEROMETER 1.6871643 8.263397 4.716812

1508377418083 GYROSCOPE -0.04925537 -0.016311646 0.04118347

1508377418085 MAGNETIC_FIELD -27.435303 -29.28009 -27.775574

1508377418266 ACCELEROMETER 1.7371826 8.218262 4.7285004

1508377418276 GRAVITY 1.7781726 8.3586 4.810644

1508377418278 LINEAR_ACCELERATION -0.015216827 -0.01017952 -0.007016182

1508377418283 ROTATION_VECTOR 0.37586176 -0.33682835 -0.42975655

1508377418285 GYROSCOPE -0.017211914 0.0071868896 0.020889282

1508377418287 MAGNETIC_FIELD -29.28009 -28.634644 -27.145386

1508377418471 ACCELEROMETER 1.8283691 8.298798 4.791168

1508377418477 GRAVITY 1.8056761 8.335333 4.8406773

1508377418480 LINEAR_ACCELERATION 0.04539466 0.06437397 0.011880398

1508377418484 ROTATION_VECTOR 0.37521982 -0.33526742 -0.42630917

1508377418487 GYROSCOPE -0.031097412 -0.0034942627 -0.0058135986

1508377418489 MAGNETIC_FIELD -28.674316 -28.353882 -28.704834

1508377418660 ACCELEROMETER 1.8524017 8.309784 4.784729

1508377418666 GYROSCOPE -0.031097412 0.0018463135 0.026229858

1508377418673 MAGNETIC_FIELD -28.341675 -28.320313 -26.51062

1508377418675 GRAVITY 1.8372622 8.316077 4.8618627

1508377418677 LINEAR_ACCELERATION 0.037543654 0.07644749 -0.03237009

1508377418680 ROTATION_VECTOR 0.3744724 -0.33449128 -0.42340574

1508377418856 GRAVITY 1.8316267 8.324611 4.8493705

1508377418856 LINEAR_ACCELERATION -0.045181632 -0.0031833649 -0.023834229

1508377418857 ACCELEROMETER 1.7718506 8.23674 4.7712555

1508377418857 ROTATION_VECTOR 0.37655136 -0.3331066 -0.42024684

1508377418857 GYROSCOPE 0.036193848 -0.012039185 -0.0143585205

1508377418858 MAGNETIC_FIELD -26.278687 -28.767395 -27.999878

1508377419065 ACCELEROMETER 1.8250427 8.241837 4.804413

1508377419079 GYROSCOPE 0.014831543 7.7819824E-4 -0.0047454834

1508377419081 MAGNETIC_FIELD -27.656555 -28.656006 -27.74353

1508377419083 GRAVITY 1.8284849 8.342768 4.819258

1508377419086 LINEAR_ACCELERATION 0.015719652 -0.015218735 0.03194666

1508377419091 ROTATION_VECTOR 0.37666583 -0.3352746 -0.4227441

1508377419262 LINEAR_ACCELERATION 0.03152013 0.050640106 0.067905426

1508377419263 ROTATION_VECTOR 0.3769862 -0.33665806 -0.4244967

1508377419264 GRAVITY 1.8216434 8.357488 4.7962904

1508377419265 ACCELEROMETER 1.8392639 8.352982 4.8291626

1508377419265 GYROSCOPE 0.027648926 -0.0066986084 -0.016494751

1508377419266 MAGNETIC_FIELD -27.383423 -28.634644 -27.505493

1508377419465 ACCELEROMETER 1.5853119 8.189743 4.605011

1508377419474 GYROSCOPE 0.005218506 -0.012039185 0.007003784

1508377419476 MAGNETIC_FIELD -27.975464 -29.257202 -28.736877

1508377419479 GRAVITY 1.7583864 8.39379 4.756338

1508377419481 LINEAR_ACCELERATION -0.15500867 -0.09295273 -0.091172695

1508377419483 ROTATION_VECTOR 0.38031796 -0.3359353 -0.4259191

1508377419670 ACCELEROMETER 1.6951599 8.263199 4.7409515

1508377419672 GRAVITY 1.7598083 8.382812 4.775136

1508377419675 LINEAR_ACCELERATION -0.040011406 -0.0035209656 0.026513577

1508377419677 ROTATION_VECTOR 0.37863484 -0.3364097 -0.42804897

1508377419679 GYROSCOPE -0.017211914 -0.010971069 0.005935669

1508377419681 MAGNETIC_FIELD -28.179932 -30.052185 -27.09198

1508377419878 ACCELEROMETER 1.7166901 8.383148 4.8012085

1508377419884 GRAVITY 1.7499912 8.386438 4.7723765

1508377419887 LINEAR_ACCELERATION -0.01537025 0.07429314 0.078905106

1508377419889 ROTATION_VECTOR 0.37845722 -0.33681846 -0.42953765

1508377419891 GYROSCOPE 0.036193848 -0.0013580322 -0.0047454834

1508377419894 MAGNETIC_FIELD -26.663208 -29.754639 -27.365112

1508377420080 ACCELEROMETER 1.5859528 8.259888 4.625351

1508377420087 GRAVITY 1.7085162 8.423118 4.7225475

1508377420089 LINEAR_ACCELERATION -0.10222435 -0.05854416 -0.042002678

1508377420091 ROTATION_VECTOR 0.38157114 -0.3370765 -0.4302262

1508377420094 GYROSCOPE 0.02230835 -0.0013580322 0.005935669

1508377420096 MAGNETIC_FIELD -26.921082 -30.05371 -28.507996

1508377420276 ACCELEROMETER 1.6439209 8.296417 4.5695496

1508377420289 GRAVITY 1.7149581 8.439234 4.691335

1508377420291 LINEAR_ACCELERATION -0.04663956 -0.011394501 -0.048899174

1508377420293 ROTATION_VECTOR 0.38304138 -0.3377688 -0.42883188

1508377420295 GYROSCOPE -0.007598877 -0.021652222 0.01234436

1508377420298 MAGNETIC_FIELD -27.192688 -28.834534 -28.79486

1508377420484 ACCELEROMETER 1.6846771 8.345169 4.7520447

1508377420490 GRAVITY 1.7412777 8.413615 4.727516

1508377420492 LINEAR_ACCELERATION -0.031983733 0.035583496 0.08527565

1508377420494 ROTATION_VECTOR 0.3803836 -0.33804148 -0.42956096

1508377420497 GYROSCOPE -0.008666992 -0.005630493 0.029434204

1508377420499 MAGNETIC_FIELD -26.507568 -28.825378 -27.922058

1508377420683 ACCELEROMETER 1.6207886 8.244278 4.7322845

1508377420686 GRAVITY 1.7293236 8.401662 4.753095

1508377420688 LINEAR_ACCELERATION -0.08722389 -0.049084663 0.044909

1508377420691 ROTATION_VECTOR 0.37876973 -0.3379247 -0.43219346

1508377420693 GYROSCOPE 0.013763428 -0.0034942627 -4.7302246E-4

1508377420695 MAGNETIC_FIELD -27.096558 -29.438782 -26.713562

1508377420887 ACCELEROMETER 1.7267609 8.318726 4.630356

1508377420893 GRAVITY 1.7446576 8.415413 4.7230687

1508377420895 LINEAR_ACCELERATION 0.0047034025 0.020345688 -0.03634453

1508377420898 ROTATION_VECTOR 0.38067165 -0.33805266 -0.4289714

1508377420900 GYROSCOPE -0.0054626465 -0.021652222 0.001663208

1508377420903 MAGNETIC_FIELD -27.064514 -28.970337 -27.522278

1508377421085 ACCELEROMETER 1.7591553 8.310104 4.648712

1508377421094 GRAVITY 1.7761194 8.402375 4.7345414

1508377421097 LINEAR_ACCELERATION 0.007659316 0.018799782 -0.024076462

1508377421099 ROTATION_VECTOR 0.38037917 -0.3375163 -0.42592534

1508377421101 GYROSCOPE -0.033233643 -0.021652222 0.007003784

1508377421104 MAGNETIC_FIELD -27.326965 -28.03955 -28.990173

1508377421292 ACCELEROMETER 1.7695007 8.3103485 4.7908325

1508377421298 GRAVITY 1.7964318 8.360808 4.8000116

1508377421300 LINEAR_ACCELERATION -0.0035868883 0.040215492 0.05377102

1508377421302 ROTATION_VECTOR 0.37641478 -0.3370155 -0.42773578

1508377421304 GYROSCOPE -0.033233643 0.003982544 0.015548706

1508377421307 MAGNETIC_FIELD -27.816772 -28.311157 -27.02179

1508377421493 ACCELEROMETER 1.7899323 8.26683 4.784973

1508377421499 GRAVITY 1.8193753 8.34042 4.8267646

1508377421501 LINEAR_ACCELERATION -0.012374282 0.005166054 0.0037164688

1508377421503 ROTATION_VECTOR 0.37536022 -0.33616692 -0.42588374

1508377421505 GYROSCOPE 9.460449E-4 -0.010971069 0.015548706

1508377421508 MAGNETIC_FIELD -27.01416 -28.607178 -27.392578

1508377421694 ACCELEROMETER 1.7597961 8.281616 4.733963

1508377421703 GRAVITY 1.8223891 8.350526 4.808119

1508377421705 LINEAR_ACCELERATION -0.04502368 0.020562172 -0.020440578

1508377421707 ROTATION_VECTOR 0.37651128 -0.33629367 -0.42454046

1508377421710 GYROSCOPE 0.0041503906 -0.012039185 0.001663208

1508377421712 MAGNETIC_FIELD -28.378296 -29.148865 -28.359985

1508377421897 ACCELEROMETER 1.8083496 8.304169 4.7130585

1508377421903 GRAVITY 1.828185 8.364993 4.7806926

1508377421905 LINEAR_ACCELERATION 0.0012383461 0.023594856 -0.03353691

1508377421907 ROTATION_VECTOR 0.37774065 -0.33699334 -0.42347494

1508377421910 GYROSCOPE 0.006286621 0.008255005 0.0027313232

1508377421912 MAGNETIC_FIELD -27.35138 -29.246521 -26.876831

1508377422128 ACCELEROMETER 1.7962036 8.252899 4.797531

1508377422128 GRAVITY 1.8269029 8.353755 4.800792

1508377422131 LINEAR_ACCELERATION -0.003280878 -0.017585754 0.0545516

1508377422132 ROTATION_VECTOR 0.37776783 -0.33543882 -0.42191133

1508377422132 GYROSCOPE 0.0020141602 0.003982544 0.005935669

1508377422133 MAGNETIC_FIELD -27.82898 -27.57721 -29.190063

1508377422292 GRAVITY 1.8485197 8.342876 4.8114214

1508377422296 LINEAR_ACCELERATION 0.02896285 0.013833046 0.014277935

1508377422298 ROTATION_VECTOR 0.3767112 -0.3358191 -0.42147002

1508377422300 ACCELEROMETER 1.8662872 8.290222 4.7839813

1508377422302 GYROSCOPE -0.016143799 -0.01737976 -0.002609253

1508377422304 MAGNETIC_FIELD -26.968384 -29.138184 -27.36969

1508377422492 ACCELEROMETER 1.9231873 8.350327 4.8407593

1508377422495 GYROSCOPE 0.014831543 -0.01737976 -0.023971558

1508377422499 MAGNETIC_FIELD -27.552795 -27.827454 -28.094482

1508377422501 GRAVITY 1.8686392 8.337004 4.813828

1508377422503 LINEAR_ACCELERATION 0.06660187 0.050020218 0.05589533

1508377422505 ROTATION_VECTOR 0.3765683 -0.33579665 -0.41977614

1508377422694 GRAVITY 1.8494195 8.3724575 4.7594104

1508377422699 LINEAR_ACCELERATION -0.015874624 -0.028181076 -0.116000175

1508377422701 ROTATION_VECTOR 0.37956905 -0.33654857 -0.41919073

1508377422703 ACCELEROMETER 1.8218079 8.277191 4.6168365

1508377422705 GYROSCOPE 9.460449E-4 -2.89917E-4 -0.009017944

1508377422707 MAGNETIC_FIELD -28.347778 -29.660034 -27.818298

1508377422894 ACCELEROMETER 1.7943878 8.277023 4.7046356

1508377422899 GYROSCOPE 0.011627197 7.7819824E-4 -0.009017944

1508377422915 MAGNETIC_FIELD -27.809143 -28.988647 -25.753784

1508377422918 GRAVITY 1.8263744 8.382621 4.7504115

1508377422920 LINEAR_ACCELERATION -0.020986676 -0.025782585 -0.012445927

1508377422922 ROTATION_VECTOR 0.37926766 -0.33756846 -0.4226509

1508377423098 GRAVITY 1.7818383 8.424359 4.693144

1508377423101 LINEAR_ACCELERATION -0.058214903 -0.025673866 -0.08673954

1508377423103 ROTATION_VECTOR 0.38403088 -0.33650637 -0.42056656

1508377423105 ACCELEROMETER 1.7051392 8.286667 4.552536

1508377423111 GYROSCOPE 0.02230835 -0.01524353 -0.025039673

1508377423113 MAGNETIC_FIELD -27.200317 -28.556824 -27.72522

1508377423304 GRAVITY 1.7400419 8.437211 4.6857343

1508377423308 LINEAR_ACCELERATION -0.047850013 -0.004432678 0.052083492

1508377423310 ROTATION_VECTOR 0.3840329 -0.33706492 -0.42485654

1508377423312 ACCELEROMETER 1.6741943 8.321365 4.6604156

1508377423314 GYROSCOPE 0.009490967 -0.005630493 -0.0058135986

1508377423317 MAGNETIC_FIELD -28.045654 -29.551697 -27.456665

1508377423508 ACCELEROMETER 1.7140808 8.326096 4.633621

1508377423512 GRAVITY 1.7179772 8.447406 4.675498

1508377423514 LINEAR_ACCELERATION 0.02602446 -0.008683205 0.012652397

1508377423516 ROTATION_VECTOR 0.38461146 -0.33717945 -0.4263249

1508377423518 GYROSCOPE 0.010559082 0.012527466 -0.031448364

1508377423521 MAGNETIC_FIELD -26.611328 -28.674316 -27.360535

1508377423709 ACCELEROMETER 1.6756287 8.298019 4.6319275

1508377423713 GRAVITY 1.6776046 8.450491 4.6845737

1508377423715 LINEAR_ACCELERATION 0.021126032 -0.03665924 0.017868519

1508377423718 ROTATION_VECTOR 0.38557684 -0.33538592 -0.42703974

1508377423720 GYROSCOPE -1.2207031E-4 0.012527466 -0.016494751

1508377423722 MAGNETIC_FIELD -26.23291 -29.292297 -26.921082

1508377423899 ACCELEROMETER 1.6319122 8.350311 4.661911

1508377423900 GYROSCOPE 0.02444458 -0.0013580322 -0.011154175

1508377423900 MAGNETIC_FIELD -27.426147 -29.606628 -27.438354

1508377423901 GRAVITY 1.6476564 8.459455 4.6790214

1508377423901 LINEAR_ACCELERATION 3.604889E-4 0.0015468597 0.034555435

1508377423901 ROTATION_VECTOR 0.38653398 -0.33470553 -0.42798558

1508377424113 GRAVITY 1.6982394 8.4941225 4.5974183

1508377424119 LINEAR_ACCELERATION 0.085383534 -0.0018053055 -0.12631035

1508377424121 ROTATION_VECTOR 0.39113894 -0.33557 -0.41966364

1508377424138 ACCELEROMETER 1.7431335 8.3576355 4.4143066

1508377424154 GYROSCOPE 0.006286621 -0.0131073 0.007003784

1508377424156 MAGNETIC_FIELD -27.877808 -28.341675 -27.693176

1508377424300 ACCELEROMETER 1.7075043 8.34668 4.608368

1508377424301 GYROSCOPE -0.0054626465 0.003982544 0.024093628

1508377424302 MAGNETIC_FIELD -27.62909 -30.296326 -27.900696

1508377424302 GRAVITY 1.7249303 8.472979 4.626406

1508377424303 LINEAR_ACCELERATION -0.003834486 -0.009827614 0.07361269

1508377424303 ROTATION_VECTOR 0.38849154 -0.33644205 -0.42093492

1508377424512 ACCELEROMETER -3.5774994 8.047638 3.4458923

1508377424515 GYROSCOPE 0.030853271 1.0785065 2.3290863

1508377424518 MAGNETIC_FIELD -27.796936 -29.159546 -28.771973

1508377424520 GRAVITY 2.815117 7.970577 4.9714603

1508377424525 LINEAR_ACCELERATION -6.951724 0.12418699 -1.5393476

1508377424536 ROTATION_VECTOR 0.3713195 -0.32961783 -0.3271715

1508377424705 GRAVITY 4.9801564 4.9717445 6.830094

1508377424705 LINEAR_ACCELERATION 0.43195724 -2.1948385 1.8227196

1508377424706 ACCELEROMETER 4.241211 2.81633 8.039764

1508377424706 GYROSCOPE -0.83966064 1.2494049 2.8204193

1508377424706 MAGNETIC_FIELD -32.691956 -4.9209595 -39.642334

1508377424707 ROTATION_VECTOR 0.2558753 -0.29375154 -0.0625416

1508377424914 ACCELEROMETER 6.6579895 1.5634918 6.9062347

1508377424925 GRAVITY 5.922674 2.0222545 7.55002

1508377424929 LINEAR_ACCELERATION 0.72442675 -0.51906717 -0.57842493

1508377424932 ROTATION_VECTOR 0.18440472 -0.28469458 0.22885637

1508377424935 GYROSCOPE 0.75717163 -0.106033325 1.9317474

1508377424942 MAGNETIC_FIELD -25.935364 6.628418 -43.67218

1508377425107 ACCELEROMETER 5.1188965 2.239914 6.467575

1508377425107 GYROSCOPE -0.39105225 0.18769836 1.8484344

1508377425108 MAGNETIC_FIELD -25.31128 12.312317 -44.107056

1508377425109 GRAVITY 6.18064 0.07490386 7.6134396

1508377425109 LINEAR_ACCELERATION -0.90446377 2.1697342 -0.847136

1508377425109 ROTATION_VECTOR 0.15292759 -0.29738152 0.42080566

1508377425311 GRAVITY 2.967445 -2.3813734 9.038458

1508377425312 LINEAR_ACCELERATION 1.4242713 1.3674748 -2.8143501

1508377425312 ACCELEROMETER 4.269394 -0.7457733 5.8379974

1508377425312 GYROSCOPE 1.8306274 2.3484955 4.357437

1508377425313 MAGNETIC_FIELD -15.245056 18.667603 -45.24536

1508377425313 ROTATION_VECTOR 0.021433024 -0.19674231 0.69268876

1508377425510 ACCELEROMETER 2.490982 -4.4041443 3.0752563

1508377425511 GYROSCOPE -2.3051147 -2.1536102 -1.1422882

1508377425512 MAGNETIC_FIELD 16.078186 -1.3336182 -44.248962

1508377425512 GRAVITY 1.9522519 -3.7776477 8.836768

1508377425513 LINEAR_ACCELERATION 0.43749928 -0.82930875 -5.552129

1508377425513 ROTATION_VECTOR -0.020096209 -0.2214641 0.822142

1508377425712 ACCELEROMETER -0.8180542 -3.3353424 1.3452911

1508377425713 GYROSCOPE 8.888733 1.6435394 -0.454422

1508377425713 MAGNETIC_FIELD 21.685791 17.701721 -38.919067

1508377425714 GRAVITY 2.9352882 2.5308979 9.008276

1508377425714 LINEAR_ACCELERATION -3.5898924 -5.9707623 -6.4013166

1508377425715 ROTATION_VECTOR 0.20022635 0.024802947 0.81477505

1508377425913 ACCELEROMETER 2.2787476 0.39398193 2.384964

1508377425914 GYROSCOPE -0.012939453 0.26887512 0.20780945

1508377425915 MAGNETIC_FIELD 25.254822 7.8308105 -40.924072

1508377425915 GRAVITY 2.2526495 8.582741 4.1752267

1508377425915 LINEAR_ACCELERATION 0.76653695 -6.3010216 -0.9784465

1508377425916 ROTATION_VECTOR 0.3398498 0.4142762 0.76733494

1508377426129 GRAVITY 2.2675543 8.2941065 4.715547

1508377426134 LINEAR_ACCELERATION -1.6376022 -7.0047417 5.711995

1508377426138 ROTATION_VECTOR 0.2989082 0.41258684 0.805293

1508377426140 ACCELEROMETER 0.4769745 0.02960205 9.338287

1508377426143 GYROSCOPE 9.460449E-4 -0.0024261475 -0.0047454834

1508377426146 MAGNETIC_FIELD 22.3526 6.8725586 -43.840027

1508377426330 GRAVITY 2.213071 8.0369215 5.1653256

1508377426334 LINEAR_ACCELERATION -1.4932926 -6.654988 5.467063

1508377426338 ROTATION_VECTOR 0.2997228 0.38315523 0.80638546

1508377426340 ACCELEROMETER 0.30244446 -0.11845398 9.66777

1508377426343 GYROSCOPE -0.0011901855 -0.004562378 -0.0047454834

1508377426346 MAGNETIC_FIELD 22.354126 7.394409 -42.80548

1508377426530 ACCELEROMETER 0.2949829 -0.11502075 9.675583

1508377426536 GYROSCOPE 9.460449E-4 -0.005630493 -0.0058135986

1508377426540 GRAVITY 2.153692 7.76127 5.594165

1508377426545 LINEAR_ACCELERATION -1.429684 -6.3205647 5.1987023

1508377426548 ROTATION_VECTOR 0.29888776 0.35417944 0.8053665

1508377426551 MAGNETIC_FIELD 21.19751 6.680298 -42.1875

1508377426733 GRAVITY 2.088516 7.4700356 6.000588

1508377426739 ROTATION_VECTOR 0.29717985 0.3251758 0.80128473

1508377426741 ACCELEROMETER 0.30177307 -0.13111877 9.690201

1508377426745 GYROSCOPE -1.2207031E-4 -0.0024261475 -0.006881714

1508377426748 MAGNETIC_FIELD 20.443726 7.521057 -42.521667

1508377426750 LINEAR_ACCELERATION -1.3427866 -6.028467 4.9620686

1508377426936 GRAVITY 1.5523916 5.049655 8.262049

1508377426940 LINEAR_ACCELERATION -0.8908025 -3.9979682 3.2865539

1508377426943 ROTATION_VECTOR 0.18093155 0.21451461 0.88314146

1508377426947 ACCELEROMETER 0.30863953 -0.106552124 9.663391

1508377426954 GYROSCOPE 0.0020141602 -0.004562378 -0.0058135986

1508377426957 MAGNETIC_FIELD 22.01233 7.2113037 -43.47992

1508377427130 ACCELEROMETER 0.29959106 -0.12309265 9.660446

1508377427139 GYROSCOPE -1.2207031E-4 -0.0024261475 -0.0058135986

1508377427142 MAGNETIC_FIELD 21.809387 6.4575195 -43.281555

1508377427148 GRAVITY 1.1091335 3.1561027 9.218418

1508377427152 LINEAR_ACCELERATION -0.59778404 -2.6821322 2.1928864

1508377427157 ROTATION_VECTOR 0.1201037 0.12476619 0.8958806

1508377427442 ACCELEROMETER 0.35321045 -0.13128662 9.643616

1508377427444 GRAVITY 0.8296636 1.9408985 9.576793

1508377427444 GYROSCOPE -0.001159668 -0.0023956299 -0.0047454834

1508377427445 MAGNETIC_FIELD 21.923828 6.3430786 -43.22357

1508377427445 LINEAR_ACCELERATION -0.37720686 -1.7856753 1.4850321

1508377427445 ROTATION_VECTOR 0.077299744 0.07579062 0.91898125

