1508377389131 GYROSCOPE 2.105133 0.47395325 -0.82292175

1508377389133 MAGNETIC_FIELD 14.668274 -39.22882 -25.997925

1508377389134 GRAVITY 1.0661272 9.437884 2.4413326

1508377389135 LINEAR_ACCELERATION 0.0 0.0 -0.0

1508377389135 ROTATION_VECTOR 0.0 0.0 0.0

1508377389327 ACCELEROMETER 1.0762177 8.9734955 2.1061096

1508377389429 ACCELEROMETER -0.4066162 9.121277 1.5876465

1508377389430 GYROSCOPE -0.3814392 0.37568665 -0.12864685

1508377389431 MAGNETIC_FIELD 16.860962 -41.7511 -16.317749

1508377389431 GRAVITY -0.44675595 9.775758 0.6366651

1508377389432 LINEAR_ACCELERATION -0.157599 -0.2854824 0.6757815

1508377389433 ROTATION_VECTOR 0.57579046 0.36878783 0.36509797

1508377389535 GYROSCOPE 1.4760132 0.4632721 2.0866241

1508377389536 MAGNETIC_FIELD 22.598267 -44.778442 -5.1620483

1508377389537 GRAVITY 0.8464302 9.7700405 -0.016055766

1508377389537 LINEAR_ACCELERATION 0.57973975 0.5053339 -0.21026644

1508377389538 ROTATION_VECTOR 0.5607526 0.43171188 0.47771767

1508377389731 ACCELEROMETER 1.150238 9.647781 -0.65182495

1508377389832 ACCELEROMETER 0.62931824 8.537537 3.0678558

1508377389833 GYROSCOPE -0.7798462 -2.095932 -1.3975677

1508377389834 MAGNETIC_FIELD 14.836121 -43.096924 -16.973877

1508377389834 GRAVITY 1.3332846 9.710137 -0.32554856

1508377389835 LINEAR_ACCELERATION -0.7453141 -0.61778355 3.2022815

1508377389835 ROTATION_VECTOR 0.5719507 0.4352824 0.49241284

1508377389939 GYROSCOPE -0.09838867 -0.251297 -0.19914246

1508377389939 MAGNETIC_FIELD 16.693115 -38.8916 -24.029541

1508377389940 GRAVITY 0.45966658 9.760984 0.82600504

1508377389941 LINEAR_ACCELERATION -0.21513104 0.08263683 2.8307676

1508377389941 ROTATION_VECTOR 0.51200825 0.44241726 0.50706613

1508377390074 ACCELEROMETER 0.16734314 9.233597 3.5544128

1508377390175 ACCELEROMETER 0.17152405 10.1853485 1.4148865

1508377390176 GYROSCOPE -0.3536682 -0.5802765 -0.12223816

1508377390177 GRAVITY 0.20826924 9.714268 1.3266517

1508377390178 LINEAR_ACCELERATION -0.03582929 0.8240738 0.08107269

1508377390178 ROTATION_VECTOR 0.5749058 0.3191284 0.37969747

1508377390276 MAGNETIC_FIELD 18.156433 -38.334656 -21.147156

1508377390377 ACCELEROMETER 0.30166626 9.370346 2.4566956

1508377390378 GYROSCOPE -0.212677 0.045639038 -0.006881714

1508377390379 GRAVITY 0.21348882 9.603935 1.9721156

1508377390380 LINEAR_ACCELERATION 0.182694 0.28143406 0.6483568

1508377390381 ROTATION_VECTOR 0.56928384 0.27452868 0.3520428

1508377390478 MAGNETIC_FIELD 19.128418 -37.576294 -24.435425

1508377390579 ACCELEROMETER 0.14512634 9.291794 2.956192

1508377390580 GYROSCOPE 0.12484741 -0.41151428 -0.20555115

1508377390581 LINEAR_ACCELERATION 0.041609876 0.13216877 0.88388157

1508377390582 GRAVITY 0.08903792 9.56147 2.177326

1508377390582 ROTATION_VECTOR 0.5689419 0.25552374 0.32687563

1508377390680 MAGNETIC_FIELD 17.993164 -36.827087 -25.19989

1508377390781 ACCELEROMETER -0.31393433 9.067474 3.0757751

1508377390781 GYROSCOPE -0.18917847 0.20051575 0.16615295

1508377390782 GRAVITY 0.047211558 9.524737 2.333995

1508377390783 LINEAR_ACCELERATION -0.39440456 -0.07790661 0.7627926

1508377390783 ROTATION_VECTOR 0.56600773 0.24624097 0.31743774

1508377390882 MAGNETIC_FIELD 16.612244 -35.490417 -26.88446

1508377390983 ACCELEROMETER -0.25465393 9.132217 2.9416962

1508377390984 GYROSCOPE -0.028961182 0.08088684 0.035842896

1508377390985 GRAVITY 0.11825395 9.453816 2.6041822

1508377390985 LINEAR_ACCELERATION -0.4378317 0.01206398 0.51461935

1508377390986 ROTATION_VECTOR 0.5543049 0.2448872 0.33053493

1508377391084 MAGNETIC_FIELD 16.305542 -36.25183 -26.081848

1508377391185 ACCELEROMETER -0.05795288 9.294846 2.9109497

1508377391186 GYROSCOPE 0.0020141602 0.097976685 -0.0047454834

1508377391187 GRAVITY 0.058740094 9.425154 2.708028

1508377391187 LINEAR_ACCELERATION -0.07889625 0.16046715 0.20372796

1508377391188 ROTATION_VECTOR 0.5468168 0.25083935 0.33757532

1508377391285 MAGNETIC_FIELD 17.062378 -36.372375 -26.194763

1508377391386 ACCELEROMETER -0.14282227 9.140518 3.0208282

1508377391388 GYROSCOPE 0.0020141602 0.037094116 -0.0058135986

1508377391389 GRAVITY -0.054819115 9.385394 2.8428433

1508377391389 LINEAR_ACCELERATION -0.13014764 -0.027071953 0.2848208

1508377391390 ROTATION_VECTOR 0.535117 0.26211667 0.34905243

1508377391488 MAGNETIC_FIELD 18.263245 -35.879517 -25.505066

1508377391588 ACCELEROMETER -0.02128601 9.108765 3.0373688

1508377391589 GYROSCOPE -0.02041626 0.008255005 0.031570435

1508377391590 GRAVITY -0.018954024 9.3532 2.9474888

1508377391591 LINEAR_ACCELERATION 0.047909535 -0.051968575 0.17072153

1508377391592 ROTATION_VECTOR 0.5277707 0.266792 0.362341

1508377391689 MAGNETIC_FIELD 17.462158 -36.523438 -25.505066

1508377391791 ACCELEROMETER -0.18190002 9.096039 3.0881653

1508377391792 GYROSCOPE -0.010803223 0.042434692 0.056137085

1508377391793 LINEAR_ACCELERATION -0.158128 -0.00541687 0.13567185

1508377391793 GRAVITY -0.032174256 9.323153 3.0410812

1508377391794 ROTATION_VECTOR 0.5232694 0.26671547 0.3650533

1508377391891 MAGNETIC_FIELD 17.384338 -36.167908 -26.013184

1508377392005 ACCELEROMETER -0.12542725 9.104187 3.1887207

1508377392006 LINEAR_ACCELERATION -0.06670055 0.007706642 0.13796043

1508377392007 GRAVITY -0.02822452 9.298487 3.1157246

1508377392007 ROTATION_VECTOR 0.5197155 0.26652965 0.36820817

1508377392008 GYROSCOPE -0.0022583008 7.7819824E-4 -0.0015411377

1508377392095 MAGNETIC_FIELD 16.790771 -36.766052 -25.436401

1508377392204 ACCELEROMETER 0.008758545 9.123795 3.1141815

1508377392209 GRAVITY -0.014513143 9.295473 3.1247962

1508377392211 LINEAR_ACCELERATION 0.007939567 -0.010577202 0.04621005

1508377392213 ROTATION_VECTOR 0.5201598 0.2647896 0.36723277

1508377392215 GYROSCOPE 0.016967773 -0.024856567 0.0037994385

1508377392300 MAGNETIC_FIELD 17.539978 -35.231018 -26.254272

1508377392403 GRAVITY -0.06218335 9.273178 3.1897798

1508377392406 LINEAR_ACCELERATION -0.1014773 -0.0674572 -0.02829218

1508377392410 ROTATION_VECTOR 0.5181748 0.26241446 0.36288968

1508377392412 ACCELEROMETER -0.13362122 9.007919 3.1220093

1508377392414 GYROSCOPE -0.088775635 0.05845642 0.01234436

1508377392500 MAGNETIC_FIELD 16.578674 -35.975647 -26.31836

1508377392605 GRAVITY 0.001330877 9.282865 3.1620884

1508377392610 LINEAR_ACCELERATION 0.08285486 0.1824379 0.058355093

1508377392612 ROTATION_VECTOR 0.5185277 0.26440006 0.36948714

1508377392614 ACCELEROMETER 0.057617188 9.293716 3.1299896

1508377392616 GYROSCOPE 0.11630249 0.050979614 0.047592163

1508377392704 MAGNETIC_FIELD 18.154907 -36.42578 -25.668335

1508377392815 GRAVITY 0.037424568 9.326357 3.0311809

1508377392827 LINEAR_ACCELERATION 0.1413391 0.005247116 -0.113705635

1508377392829 ROTATION_VECTOR 0.52180976 0.27049464 0.37521502

1508377392831 ACCELEROMETER 0.094696045 9.170502 2.9185486

1508377392837 GYROSCOPE -0.033233643 0.025344849 -0.060287476

1508377392903 MAGNETIC_FIELD 17.536926 -36.70807 -24.301147

1508377393004 ACCELEROMETER 0.03012085 9.13266 3.0257263

1508377393005 GRAVITY -0.04023819 9.311366 3.0768857

1508377393005 LINEAR_ACCELERATION -0.036970284 -0.049258232 0.014521599

1508377393006 GYROSCOPE -1.2207031E-4 -0.03767395 -0.0058135986

1508377393006 ROTATION_VECTOR 0.51729196 0.27482992 0.37716436

1508377393109 MAGNETIC_FIELD 16.998291 -36.706543 -25.48523

1508377393214 GRAVITY -0.019751351 9.324343 3.0375366

1508377393217 LINEAR_ACCELERATION 0.046481 0.03328991 0.0108885765

1508377393219 ROTATION_VECTOR 0.52107614 0.27130863 0.37220275

1508377393221 ACCELEROMETER -0.01574707 9.206177 3.0042572

1508377393223 GYROSCOPE 0.04260254 -0.036605835 -0.021835327

1508377393309 MAGNETIC_FIELD 16.43219 -37.47101 -25.611877

1508377393408 GRAVITY -0.047812194 9.342297 2.9815435

1508377393410 LINEAR_ACCELERATION -0.06522517 -0.032532692 -0.0018305779

1508377393411 ROTATION_VECTOR 0.5246574 0.2696631 0.36544302

1508377393411 ACCELEROMETER -0.09590149 9.135376 2.9454346

1508377393412 GYROSCOPE 0.021240234 -0.026992798 0.007003784

1508377393512 MAGNETIC_FIELD 16.810608 -36.457825 -25.65155

1508377393616 ACCELEROMETER 0.006011963 9.2226715 2.8752136

1508377393620 GYROSCOPE -0.0043945313 -0.020584106 -0.0143585205

1508377393622 GRAVITY -0.01779985 9.350694 2.9554353

1508377393624 LINEAR_ACCELERATION 0.0445536 0.029766083 -0.0131549835

1508377393653 ROTATION_VECTOR 0.5276439 0.266283 0.36205825

1508377393709 MAGNETIC_FIELD 16.60614 -36.78894 -26.008606

1508377393813 GRAVITY -0.013231362 9.347106 2.9667878

1508377393814 LINEAR_ACCELERATION 0.07340151 0.02645874 0.006130457

1508377393814 ROTATION_VECTOR 0.52820826 0.2640681 0.359844

1508377393814 ACCELEROMETER 0.05569458 9.24736 2.9430695

1508377393815 GYROSCOPE -0.008666992 0.0061187744 -0.025039673

1508377393916 MAGNETIC_FIELD 16.847229 -36.78589 -24.14093

1508377394024 ROTATION_VECTOR 0.52972937 0.26288727 0.35725334

1508377394034 LINEAR_ACCELERATION 0.06288218 0.09899807 -0.096419096

1508377394037 GRAVITY -0.015789285 9.353224 2.9474301

1508377394040 ACCELEROMETER 0.05760193 9.342117 2.8321838

1508377394042 GYROSCOPE -0.033233643 0.005050659 -0.007949829

1508377394121 MAGNETIC_FIELD 16.815186 -35.469055 -25.190735

1508377394227 GRAVITY -0.02990613 9.342436 2.9813404

1508377394231 LINEAR_ACCELERATION -0.019632984 -0.04790783 0.005281925

1508377394234 ROTATION_VECTOR 0.5286345 0.26180053 0.3560344

1508377394237 ACCELEROMETER -0.033935547 9.1753845 2.9302216

1508377394239 GYROSCOPE 0.0073547363 -0.0077667236 0.0027313232

1508377394317 MAGNETIC_FIELD 17.204285 -36.3266 -24.842834

1508377394422 GRAVITY -0.055731285 9.338765 2.9924488

1508377394424 LINEAR_ACCELERATION 0.009391598 -0.001543045 -0.01884675

1508377394426 ROTATION_VECTOR 0.5283506 0.2612914 0.3537749

1508377394433 ACCELEROMETER -0.04121399 9.199554 2.944168

1508377394436 GYROSCOPE -0.027893066 -0.026992798 -0.046401978

1508377394521 MAGNETIC_FIELD 16.712952 -36.854553 -25.976563

1508377394623 GRAVITY -0.025880568 9.346346 2.9690962

1508377394625 LINEAR_ACCELERATION 0.1323117 0.042972565 -0.10419035

1508377394629 ROTATION_VECTOR 0.5308231 0.25854412 0.3513983

1508377394631 ACCELEROMETER 0.06794739 9.263382 2.837265

1508377394635 GYROSCOPE -0.0043945313 -0.008834839 -0.0047454834

1508377394720 MAGNETIC_FIELD 16.481018 -37.171936 -24.97406

1508377394829 GRAVITY -0.05823497 9.341066 2.9852085

1508377394832 LINEAR_ACCELERATION -0.040561307 -0.03331375 0.017220259

1508377394834 ROTATION_VECTOR 0.53001815 0.2586068 0.3496032

1508377394838 ACCELEROMETER -0.06587219 9.1822815 2.938919

1508377394840 GYROSCOPE 9.460449E-4 -0.005630493 -0.01222229

1508377394922 MAGNETIC_FIELD 16.601563 -37.017822 -25.201416

1508377395031 GRAVITY -0.092376076 9.338709 2.9917178

1508377395034 LINEAR_ACCELERATION 0.011834703 -0.058548927 -0.012235403

1508377395036 ACCELEROMETER -0.069732666 9.128571 2.9286804

1508377395040 ROTATION_VECTOR 0.53007543 0.2578466 0.34614986

1508377395042 GYROSCOPE -0.0043945313 -0.018447876 -0.037857056

1508377395128 MAGNETIC_FIELD 17.260742 -36.67755 -26.260376

1508377395232 GRAVITY -0.08241719 9.344157 2.974949

1508377395235 LINEAR_ACCELERATION 0.09987021 0.08243847 -0.081103325

1508377395239 ROTATION_VECTOR 0.531793 0.25596103 0.34367886

1508377395241 ACCELEROMETER -0.010559082 9.250488 2.8374023

1508377395243 GYROSCOPE -0.030029297 0.0018463135 -0.011154175

1508377395331 MAGNETIC_FIELD 16.882324 -35.568237 -25.758362

1508377395429 GRAVITY -0.11168123 9.331266 3.014196

1508377395430 LINEAR_ACCELERATION -0.0249772 -0.027124405 0.0075933933

1508377395431 ROTATION_VECTOR 0.5296382 0.25651938 0.34369025

1508377395432 ACCELEROMETER -0.10647583 9.164688 2.9767761

1508377395432 GYROSCOPE -0.003326416 -0.023788452 -0.013290405

1508377395528 MAGNETIC_FIELD 17.466736 -36.57379 -25.839233

1508377395630 GRAVITY -0.10427053 9.330586 3.016565

1508377395631 LINEAR_ACCELERATION 0.027180769 -0.004231453 -0.023883581

1508377395632 ROTATION_VECTOR 0.53034437 0.2548192 0.3420154

1508377395633 ACCELEROMETER -0.08331299 9.164001 2.9442139

1508377395633 GYROSCOPE -0.009735107 -0.010971069 -0.0047454834

1508377395730 MAGNETIC_FIELD 16.96167 -35.328674 -25.602722

1508377395832 GRAVITY -0.07699295 9.319183 3.0524218

1508377395833 LINEAR_ACCELERATION 0.06945975 -0.014824867 0.0990808

1508377395834 ROTATION_VECTOR 0.5289997 0.25402582 0.34446332

1508377395835 ACCELEROMETER -0.02104187 9.160095 3.0688477

1508377395835 GYROSCOPE 0.023376465 -0.054763794 -0.025039673

1508377395933 MAGNETIC_FIELD 16.18805 -35.6308 -25.700378

1508377396040 GRAVITY -0.0724152 9.323063 3.0406644

1508377396044 LINEAR_ACCELERATION 0.0472451 0.03927803 0.004719496

1508377396047 ACCELEROMETER -0.017486572 9.210403 3.0183258

1508377396049 ROTATION_VECTOR 0.53063464 0.25178587 0.34126434

1508377396051 GYROSCOPE -0.014007568 -0.012039185 -0.017562866

1508377396135 MAGNETIC_FIELD 17.372131 -35.723877 -26.64795

1508377396239 ACCELEROMETER -0.096328735 9.192398 3.0151367

1508377396242 GYROSCOPE -0.007598877 -0.009902954 -0.017562866

1508377396244 GRAVITY -0.107387036 9.316819 3.0587144

1508377396248 LINEAR_ACCELERATION -0.017134808 -0.01050663 -0.00873971

1508377396250 ROTATION_VECTOR 0.53015345 0.25097075 0.33807635

1508377396338 MAGNETIC_FIELD 17.37976 -34.56726 -25.177002

1508377396442 GRAVITY -0.14548343 9.309931 3.078052

1508377396447 LINEAR_ACCELERATION -0.06419934 -0.028829575 0.045550823

1508377396449 ROTATION_VECTOR 0.52809644 0.2533321 0.3391011

1508377396451 ACCELEROMETER -0.19718933 9.134827 3.0485382

1508377396454 GYROSCOPE 0.013763428 0.005050659 0.01020813

1508377396540 MAGNETIC_FIELD 17.16919 -35.72693 -25.14801

1508377396643 GRAVITY -0.13994093 9.316631 3.0579724

1508377396646 LINEAR_ACCELERATION 0.0027602464 -0.021909714 -0.016328573

1508377396651 ROTATION_VECTOR 0.5283529 0.2548137 0.3408174

1508377396654 ACCELEROMETER -0.14805603 9.129929 3.0098267

1508377396656 GYROSCOPE 0.0030822754 -0.0024261475 -0.0047454834

1508377396740 MAGNETIC_FIELD 17.100525 -36.634827 -25.59967

1508377396844 GRAVITY -0.12737028 9.325119 3.0325418

1508377396850 LINEAR_ACCELERATION 0.07382549 0.05084896 -0.09633517

1508377396853 ROTATION_VECTOR 0.52993816 0.25406483 0.33977705

1508377396855 ACCELEROMETER -0.06890869 9.233231 2.9082184

1508377396857 GYROSCOPE -0.031097412 0.0029144287 -0.021835327

1508377396942 MAGNETIC_FIELD 17.182922 -36.68976 -26.367188

1508377397048 ACCELEROMETER -0.06341553 9.142639 3.030899

1508377397049 GRAVITY -0.14209718 9.304537 3.0944762

1508377397049 LINEAR_ACCELERATION 0.060834974 -0.019400597 0.014082909

1508377397050 ROTATION_VECTOR 0.5257256 0.25658962 0.34455955

1508377397051 GYROSCOPE -0.02468872 -0.004562378 -0.027175903

1508377397143 MAGNETIC_FIELD 17.723083 -36.026 -25.045776

1508377397246 ACCELEROMETER -0.09309387 9.1940155 2.9369507

1508377397253 GRAVITY -0.13156256 9.312746 3.0701537

1508377397256 LINEAR_ACCELERATION 0.06483647 0.04318714 -0.08997798

1508377397258 ROTATION_VECTOR 0.52667224 0.2570644 0.34508812

1508377397260 GYROSCOPE -1.2207031E-4 0.00932312 0.0048675537

1508377397345 MAGNETIC_FIELD 18.789673 -36.56311 -25.457764

1508377397451 GRAVITY -0.1577083 9.302482 3.0998964

1508377397457 LINEAR_ACCELERATION -0.06406818 -0.014213562 0.07765007

1508377397459 ROTATION_VECTOR 0.52450734 0.2585369 0.34626523

1508377397461 ACCELEROMETER -0.17449951 9.134766 3.110611

1508377397464 GYROSCOPE 0.008422852 -0.0066986084 0.0027313232

1508377397549 MAGNETIC_FIELD 16.377258 -36.416626 -25.41504

1508377397654 GRAVITY -0.120863415 9.308169 3.0844393

1508377397658 LINEAR_ACCELERATION 0.044751935 -0.023302078 0.01591301

1508377397660 ROTATION_VECTOR 0.52515286 0.2587505 0.34884676

1508377397662 ACCELEROMETER -0.11164856 9.140274 3.0651245

1508377397665 GYROSCOPE 0.02017212 -0.022720337 0.0027313232

1508377397749 MAGNETIC_FIELD 17.22107 -36.34796 -26.41449

1508377397852 GRAVITY -0.12144814 9.303598 3.098175

1508377397854 LINEAR_ACCELERATION -0.004782073 -0.052357674 0.095952034

1508377397859 ROTATION_VECTOR 0.5244256 0.25887215 0.3495209

1508377397862 ACCELEROMETER -0.095214844 9.111374 3.1175995

1508377397864 GYROSCOPE 0.021240234 -0.03553772 -0.019699097

1508377397948 MAGNETIC_FIELD 17.625427 -36.314392 -25.592041

1508377398055 GRAVITY -0.12148015 9.321384 3.0442424

1508377398063 LINEAR_ACCELERATION 0.027514875 0.04274273 -0.061416626

1508377398065 ROTATION_VECTOR 0.5278966 0.2571226 0.34493777

1508377398068 ACCELEROMETER -0.10954285 9.168304 2.980667

1508377398070 GYROSCOPE -1.2207031E-4 7.7819824E-4 -0.006881714

1508377398153 MAGNETIC_FIELD 16.93573 -36.07025 -26.411438

1508377398259 GRAVITY -0.13860728 9.323333 3.0375407

1508377398266 LINEAR_ACCELERATION 0.008648142 0.015207291 -0.04987979

1508377398268 ROTATION_VECTOR 0.52879286 0.25594273 0.3416911

1508377398271 ACCELEROMETER -0.10601807 9.208817 2.9161682

1508377398273 GYROSCOPE -0.019348145 -0.012039185 -0.019699097

1508377398354 MAGNETIC_FIELD 17.216492 -35.942078 -26.25122

1508377398467 GRAVITY -0.14580074 9.312904 3.0690274

1508377398473 ACCELEROMETER -0.17436218 9.208359 3.0097046

1508377398475 ROTATION_VECTOR 0.52725637 0.25597635 0.342407

1508377398478 LINEAR_ACCELERATION -0.007701859 0.059622765 -0.018591166

1508377398480 GYROSCOPE -0.033233643 0.040298462 0.025161743

1508377398556 MAGNETIC_FIELD 17.930603 -36.53412 -26.217651

1508377398664 GRAVITY -0.15640116 9.298635 3.1114805

1508377398670 LINEAR_ACCELERATION -0.025904238 -0.013670921 0.0032615662

1508377398673 ROTATION_VECTOR 0.5248405 0.2567121 0.34427604

1508377398675 ACCELEROMETER -0.14642334 9.189987 3.0357666

1508377398677 GYROSCOPE -0.008666992 -0.0131073 -0.013290405

1508377398754 MAGNETIC_FIELD 17.988586 -36.219788 -25.76294

1508377398853 ACCELEROMETER -0.1693573 9.144211 3.1237946

1508377398853 GYROSCOPE -0.0011901855 -0.0013580322 -0.006881714

1508377398854 GRAVITY -0.16142572 9.2915745 3.132247

1508377398855 LINEAR_ACCELERATION 0.018299267 -0.010043144 0.021361828

1508377398855 ROTATION_VECTOR 0.52294976 0.2585022 0.34721828

1508377398954 MAGNETIC_FIELD 17.964172 -35.6781 -25.706482

1508377399055 ACCELEROMETER -0.14585876 9.147247 3.0973206

1508377399056 GYROSCOPE 0.0030822754 -0.018447876 -0.028244019

1508377399070 GRAVITY -0.1856283 9.2874775 3.1430395

1508377399078 LINEAR_ACCELERATION 0.0051562637 -0.017782211 0.020711184

1508377399097 ROTATION_VECTOR 0.52219343 0.25896648 0.3463905

1508377399155 MAGNETIC_FIELD 17.779541 -36.871338 -26.760864

1508377399256 ACCELEROMETER -0.15000916 9.061127 3.1259918

1508377399257 GYROSCOPE -0.026824951 0.008255005 -0.013290405

1508377399258 GRAVITY -0.1874911 9.279921 3.1651716

1508377399258 LINEAR_ACCELERATION 0.06728098 -0.038869858 -0.014407873

1508377399259 ROTATION_VECTOR 0.5210788 0.25903282 0.34722784

1508377399362 MAGNETIC_FIELD 17.655945 -35.665894 -26.42517

1508377399474 ACCELEROMETER 0.09440613 9.238571 2.2765045

1508377399480 GRAVITY -0.7309173 9.100084 3.5811481

1508377399488 LINEAR_ACCELERATION 0.8989281 0.3983698 -1.5959239

1508377399500 GYROSCOPE -0.54486084 0.46754456 -0.42878723

1508377399518 ROTATION_VECTOR 0.4906382 0.27692315 0.34718612

1508377399571 MAGNETIC_FIELD 20.254517 -33.540344 -27.728271

1508377399667 ACCELEROMETER 0.5227661 8.28891 1.9382477

1508377399670 GYROSCOPE -1.1643677 0.15885925 -1.6902313

1508377399673 GRAVITY -2.8085613 8.092663 4.774011

1508377399675 LINEAR_ACCELERATION 3.3865752 0.272923 -2.3950849

1508377399678 ROTATION_VECTOR 0.38609427 0.32790914 0.3118222

1508377399765 MAGNETIC_FIELD 30.4245 -18.153381 -32.08618

1508377399874 ACCELEROMETER -2.7243042 6.7630463 5.1714478

1508377399880 GRAVITY -4.1531816 4.53634 7.638265

1508377399883 LINEAR_ACCELERATION -0.37447596 1.2690501 -1.4068966

1508377399886 ROTATION_VECTOR 0.17194794 0.2845888 0.26603234

1508377399889 GYROSCOPE -3.1393127 -0.9957733 -0.8400116

1508377399964 MAGNETIC_FIELD 30.012512 -1.7593384 -36.694336

1508377400064 ACCELEROMETER -5.457321 4.275543 7.4604645

1508377400065 GYROSCOPE -1.565979 -0.2929535 -1.2725983

1508377400065 GRAVITY -3.9470823 -0.09828348 8.976707

1508377400066 LINEAR_ACCELERATION -0.83883667 4.219759 -1.086751

1508377400067 ROTATION_VECTOR -0.05052304 0.19940597 0.21666579

1508377400165 MAGNETIC_FIELD 29.438782 13.858032 -38.542175

1508377400266 ACCELEROMETER -1.279541 3.0822754 9.908508

1508377400279 GYROSCOPE 0.3277893 -0.59843445 -2.0192108

1508377400282 GRAVITY -2.8270397 -2.2170935 9.124842

1508377400284 LINEAR_ACCELERATION 1.375541 5.0977592 1.4536238

1508377400287 ROTATION_VECTOR -0.12437869 0.1388975 0.064057216

1508377400370 MAGNETIC_FIELD 22.76764 26.950073 -37.268066

1508377400468 ACCELEROMETER -6.366226 -4.339966 1.1678772

1508377400470 GYROSCOPE -0.39852905 1.8977509 1.4254608

1508377400471 GRAVITY -4.117682 -2.672352 8.489618

1508377400472 LINEAR_ACCELERATION -2.054363 -2.3400922 -9.117165

1508377400472 ROTATION_VECTOR -0.13555054 0.22085287 -0.024329396

1508377400570 MAGNETIC_FIELD 22.027588 18.661499 -40.203857

1508377400680 ACCELEROMETER -5.4128113 -6.438034 9.450394

1508377400684 GYROSCOPE 7.962677 -5.192398 1.0783234

1508377400688 GRAVITY -2.218783 4.1083145 8.6237545

1508377400690 ROTATION_VECTOR 0.2207997 0.10750994 -0.04076601

1508377400693 LINEAR_ACCELERATION -3.090359 -11.071786 5.279318

1508377400775 MAGNETIC_FIELD 10.255432 27.401733 -38.89618

1508377400883 ACCELEROMETER -2.433197 -0.6452637 9.486694

1508377400887 GYROSCOPE 0.07785034 -1.6206207 0.2825775

1508377400890 GRAVITY 0.291257 9.123549 3.584188

1508377400893 LINEAR_ACCELERATION -3.6496096 -8.470149 5.1138477

1508377400895 ROTATION_VECTOR 0.5259181 -0.20166165 -0.27106515

1508377400982 MAGNETIC_FIELD 8.218384 23.329163 -42.85431

1508377401085 ACCELEROMETER -2.4017792 0.47465515 9.148514

1508377401089 GYROSCOPE 0.49334717 -0.72554016 -0.12971497

1508377401092 GRAVITY 0.98717093 9.168144 3.3378165

1508377401095 LINEAR_ACCELERATION -3.0946689 -7.8278847 6.015784

1508377401098 ROTATION_VECTOR 0.46098313 -0.34251028 -0.41508478

1508377401182 MAGNETIC_FIELD 4.447937 24.519348 -42.10205

1508377401287 ACCELEROMETER -2.1749725 -0.73625183 9.298401

1508377401290 GYROSCOPE -0.27783203 0.4921112 0.64360046

1508377401293 GRAVITY 1.389565 9.014063 3.6036336

1508377401295 LINEAR_ACCELERATION -3.1779575 -7.8130507 6.1423526

1508377401299 ROTATION_VECTOR 0.4429887 -0.3464489 -0.40421468

1508377401383 MAGNETIC_FIELD 3.88031 25.013733 -42.222595

1508377401484 ACCELEROMETER -1.5118713 -0.0015563965 9.682632

1508377401489 GYROSCOPE 0.08959961 -0.4403534 -0.07203674

1508377401492 GRAVITY 1.7734859 8.628721 4.309327

1508377401494 LINEAR_ACCELERATION -2.495635 -6.826681 6.6817284

1508377401496 ROTATION_VECTOR 0.42312935 -0.31819335 -0.36293808

1508377401580 MAGNETIC_FIELD -0.105285645 25.267029 -42.817688

1508377401690 ACCELEROMETER -0.74575806 -0.13899231 9.796646

1508377401694 GYROSCOPE 0.028717041 0.07020569 -0.015426636

1508377401698 GRAVITY 1.7575593 8.454406 4.648052

1508377401700 LINEAR_ACCELERATION -2.1293252 -6.858657 6.1316247

1508377401703 ROTATION_VECTOR 0.4172318 -0.29821622 -0.34659252

1508377401784 MAGNETIC_FIELD -0.93688965 24.249268 -43.302917

1508377401893 ACCELEROMETER -1.2866516 -0.15917969 10.197327

1508377401898 GRAVITY 1.114936 8.149497 5.3397574

1508377401900 LINEAR_ACCELERATION -2.4939725 -6.5320635 5.928793

1508377401903 ROTATION_VECTOR 0.4205548 -0.22557002 -0.30656445

1508377401905 GYROSCOPE -0.084503174 0.9332428 -0.0015411377

1508377401985 MAGNETIC_FIELD 4.966736 25.262451 -42.81311

1508377402091 ACCELEROMETER -2.6879883 -0.3053894 8.912994

1508377402092 GYROSCOPE 0.0041503906 0.11079407 0.08711243

1508377402092 GRAVITY 0.4029512 7.8339753 5.885308

1508377402092 LINEAR_ACCELERATION -3.1834567 -6.260779 3.9112253

1508377402093 ROTATION_VECTOR 0.42369404 -0.14288516 -0.24191481

1508377402182 MAGNETIC_FIELD 6.9869995 25.427246 -42.156982

1508377402284 ACCELEROMETER -2.7416534 -0.5262146 8.112808

1508377402285 GYROSCOPE -0.05886841 1.2216339 -0.0901947

1508377402285 GRAVITY -0.55714005 7.4974 6.2967434

1508377402286 LINEAR_ACCELERATION -2.2014918 -6.17749 3.856073

1508377402291 ROTATION_VECTOR 0.42006028 -0.05004793 -0.17358346

1508377402390 MAGNETIC_FIELD 5.8639526 25.509644 -40.93628

1508377402492 ACCELEROMETER -2.7357178 -0.28442383 9.474655

1508377402495 GYROSCOPE 0.02017212 0.0071868896 -0.029312134

1508377402499 GRAVITY -1.552928 7.1162624 6.5664

1508377402502 LINEAR_ACCELERATION -1.6781319 -5.6728597 4.630838

1508377402504 ROTATION_VECTOR 0.40475768 0.037121233 -0.112458944

1508377402595 MAGNETIC_FIELD 7.827759 25.408936 -42.16156

1508377402687 ACCELEROMETER -2.772583 -0.294281 9.239151

1508377402688 GYROSCOPE -0.064208984 0.19517517 0.07963562

1508377402689 GRAVITY -1.759137 6.747483 6.8954554

1508377402689 LINEAR_ACCELERATION -1.4295088 -5.2993627 4.2890253

1508377402690 ROTATION_VECTOR 0.37951767 0.066302024 -0.07565686

1508377402790 MAGNETIC_FIELD 6.587219 25.325012 -41.4093

