1508377365304 GYROSCOPE -0.1913147 -0.101760864 0.21742249

1508377365307 MAGNETIC_FIELD 13.99231 -0.88653564 -46.340942

1508377365307 GRAVITY -0.53869194 4.3503118 8.772399

1508377365308 LINEAR_ACCELERATION 0.0 0.0 -0.0

1508377365309 ROTATION_VECTOR 0.0 0.0 0.0

1508377365500 ACCELEROMETER -0.17485046 4.6107483 8.567627

1508377365601 ACCELEROMETER 0.057434082 4.496811 8.634094

1508377365602 GYROSCOPE 0.052215576 0.003982544 0.04866028

1508377365603 MAGNETIC_FIELD 11.967468 -1.5594482 -45.028687

1508377365603 GRAVITY -0.030892225 4.4946938 8.715915

1508377365604 LINEAR_ACCELERATION 0.2087218 0.22214985 -0.32352257

1508377365604 ROTATION_VECTOR 0.22617742 0.06675193 0.26866484

1508377365707 GYROSCOPE -0.09197998 -0.012039185 -0.084854126

1508377365708 MAGNETIC_FIELD 11.123657 -2.4002075 -45.521545

1508377365709 LINEAR_ACCELERATION 0.056679986 -0.004787445 0.0899086

1508377365709 GRAVITY -0.007082938 4.455956 8.735834

1508377365710 ROTATION_VECTOR 0.224914 0.06332553 0.26202697

1508377365903 ACCELEROMETER 0.29386902 4.452423 8.472641

1508377366004 ACCELEROMETER 0.41464233 4.4431763 8.542938

1508377366005 GYROSCOPE -0.18917847 0.06059265 -0.013290405

1508377366006 MAGNETIC_FIELD 10.279846 -0.21514893 -47.325134

1508377366006 GRAVITY 0.019032514 4.235455 8.844826

1508377366007 LINEAR_ACCELERATION 0.46292123 0.3672428 -0.36763668

1508377366007 ROTATION_VECTOR 0.21360786 0.05840438 0.2614143

1508377366111 GYROSCOPE 0.060760498 0.022140503 -0.14894104

1508377366112 MAGNETIC_FIELD 11.630249 1.8035889 -47.325134

1508377366112 GRAVITY -0.030189862 4.095245 8.910581

1508377366113 LINEAR_ACCELERATION 0.10126306 -0.08902025 0.6393976

1508377366113 ROTATION_VECTOR 0.20589621 0.057389777 0.25534758

1508377366246 ACCELEROMETER -0.14897156 3.922577 9.840744

1508377366348 GYROSCOPE 0.06930542 -0.014175415 0.020889282

1508377366349 MAGNETIC_FIELD 12.693787 1.4038086 -47.251892

1508377366350 GRAVITY -0.10276641 4.1846747 8.868389

1508377366350 LINEAR_ACCELERATION -0.012558691 -0.13791895 0.31167126

1508377366351 ROTATION_VECTOR 0.21010093 0.060791455 0.24811979

1508377366448 ACCELEROMETER -0.12339783 4.0962524 9.085678

1508377366550 GYROSCOPE 0.039398193 0.0018463135 -0.039993286

1508377366551 MAGNETIC_FIELD 12.760925 1.248169 -47.854614

1508377366551 GRAVITY -0.12725201 4.2644877 8.829968

1508377366552 LINEAR_ACCELERATION -0.16221285 -0.19955683 -0.15306854

1508377366553 ROTATION_VECTOR 0.21411063 0.06287729 0.2466447

1508377366650 ACCELEROMETER -0.2743988 4.0580597 8.797104

1508377366751 GYROSCOPE -0.003326416 0.0029144287 0.0037994385

1508377366753 MAGNETIC_FIELD 12.634277 1.7669678 -47.317505

1508377366753 GRAVITY -0.15231462 4.259323 8.832065

1508377366754 LINEAR_ACCELERATION -0.038149923 -0.21896839 0.20469093

1508377366754 ROTATION_VECTOR 0.21354926 0.06392788 0.24601503

1508377366852 ACCELEROMETER -0.2206726 4.0335846 8.94603

1508377366954 GYROSCOPE 0.011627197 0.024276733 -0.033584595

1508377366955 MAGNETIC_FIELD 13.389587 1.0391235 -46.82312

1508377366955 GRAVITY -0.2255209 4.1886353 8.864246

1508377366956 LINEAR_ACCELERATION -0.0697293 -0.20693731 -0.036183357

1508377366957 ROTATION_VECTOR 0.20877506 0.06679971 0.2469392

1508377367054 ACCELEROMETER -0.27902222 3.9600983 8.812866

1508377367156 GYROSCOPE -0.0791626 0.03175354 -0.027175903

1508377367157 MAGNETIC_FIELD 13.642883 1.7440796 -47.642517

1508377367158 GRAVITY -0.28261417 4.081292 8.912551

1508377367159 LINEAR_ACCELERATION 0.040442586 -0.13172531 -0.047449112

1508377367159 ROTATION_VECTOR 0.20216493 0.068670936 0.24956018

1508377367256 ACCELEROMETER -0.26197815 3.8934174 8.849777

1508377367357 GYROSCOPE -0.04711914 0.03175354 -0.042129517

1508377367358 MAGNETIC_FIELD 13.162231 3.1524658 -47.703552

1508377367359 GRAVITY -0.3560965 3.9265707 8.979177

1508377367360 LINEAR_ACCELERATION 0.023460865 -0.061972618 0.06844902

1508377367360 ROTATION_VECTOR 0.19316101 0.06984409 0.24830279

1508377367457 ACCELEROMETER -0.35487366 3.807846 8.952759

1508377367559 GYROSCOPE -0.021484375 0.025344849 0.018753052

1508377367560 MAGNETIC_FIELD 12.036133 3.35083 -47.521973

1508377367561 GRAVITY -0.41910428 3.8468874 9.010893

1508377367561 LINEAR_ACCELERATION -2.2551417E-4 -0.064612865 -0.060379982

1508377367562 ROTATION_VECTOR 0.18850799 0.070972204 0.2438151

1508377367659 ACCELEROMETER -0.38008118 3.7542877 8.872559

1508377367761 GYROSCOPE -0.023620605 0.039230347 0.0048675537

1508377367761 MAGNETIC_FIELD 12.504578 2.6382446 -47.555542

1508377367762 GRAVITY -0.4237208 3.808909 9.026797

1508377367763 LINEAR_ACCELERATION 0.08733302 0.019838095 0.039809227

1508377367763 ROTATION_VECTOR 0.18619405 0.07136686 0.24739985

1508377367861 ACCELEROMETER -0.3577118 3.7876434 8.931534

1508377367971 GRAVITY -0.4961898 3.7761514 9.036861

1508377367972 LINEAR_ACCELERATION -0.07407951 -0.03016138 -0.090081215

1508377367972 ROTATION_VECTOR 0.18391748 0.07363875 0.24268098

1508377367972 GYROSCOPE -0.015075684 -0.0024261475 -0.002609253

1508377367973 MAGNETIC_FIELD 13.259888 3.918457 -47.5708

1508377368068 ACCELEROMETER -0.5770111 3.689621 8.826782

1508377368170 GYROSCOPE -0.02468872 -0.012039185 5.950928E-4

1508377368171 ROTATION_VECTOR 0.18301682 0.07324908 0.23757938

1508377368171 LINEAR_ACCELERATION -0.057569265 0.020482063 -0.041874886

1508377368172 GRAVITY -0.5136761 3.7555509 9.044466

1508377368172 MAGNETIC_FIELD 13.340759 3.4103394 -47.535706

1508377368270 ACCELEROMETER -0.5548706 3.718216 8.897736

1508377368372 LINEAR_ACCELERATION -0.015098035 0.03318286 -0.08457184

1508377368372 ROTATION_VECTOR 0.18336964 0.07368526 0.23301682

1508377368373 GRAVITY -0.53806174 3.761263 9.040673

1508377368373 GYROSCOPE -1.2207031E-4 0.020004272 -0.020767212

1508377368373 MAGNETIC_FIELD 13.259888 3.7200928 -46.949768

1508377368471 ACCELEROMETER -0.5797119 3.706543 8.743317

1508377368574 GYROSCOPE -0.012939453 -0.021652222 0.020889282

1508377368574 GRAVITY -0.5721001 3.7669754 9.036204

1508377368574 LINEAR_ACCELERATION -0.06503487 0.0029380322 -0.09458923

1508377368575 ROTATION_VECTOR 0.18373634 0.07431535 0.22691856

1508377368575 MAGNETIC_FIELD 12.95166 4.1290283 -46.731567

1508377368673 ACCELEROMETER -0.5919342 3.6884613 8.752655

1508377368775 GYROSCOPE 0.052215576 0.0018463135 0.013412476

1508377368776 GRAVITY -0.5444049 3.7653859 9.038577

1508377368780 LINEAR_ACCELERATION -0.011227369 -0.044840574 0.10865784

1508377368782 ROTATION_VECTOR 0.18376586 0.073422946 0.22969523

1508377368783 MAGNETIC_FIELD 14.558411 4.295349 -47.161865

1508377368875 ACCELEROMETER -0.5280304 3.670395 8.960129

1508377368981 GRAVITY -0.5413837 3.8028805 9.023047

1508377368983 LINEAR_ACCELERATION 0.026381016 -0.00499177 -0.03895378

1508377368985 ROTATION_VECTOR 0.1856401 0.074096985 0.23134111

1508377368987 GYROSCOPE -0.016143799 0.003982544 -0.023971558

1508377368989 MAGNETIC_FIELD 14.251709 3.652954 -47.18628

1508377369078 ACCELEROMETER -0.52783203 3.7077942 8.797211

1508377369191 GYROSCOPE -0.02468872 -2.89917E-4 -0.029312134

1508377369198 GRAVITY -0.60329556 3.76313 9.035777

1508377369200 LINEAR_ACCELERATION -0.06911117 -0.030859709 -0.082891464

1508377369202 ROTATION_VECTOR 0.18320352 0.07576308 0.22647116

1508377369205 MAGNETIC_FIELD 14.611816 4.525757 -46.891785

1508377369289 ACCELEROMETER -0.6425476 3.639038 8.74942

1508377369393 GYROSCOPE -0.023620605 0.0071868896 -0.046401978

1508377369399 GRAVITY -0.5706062 3.7509694 9.042954

1508377369401 LINEAR_ACCELERATION 0.13063502 0.08098674 0.0022144318

1508377369403 ROTATION_VECTOR 0.18292314 0.0740052 0.22681044

1508377369406 MAGNETIC_FIELD 13.943481 4.370117 -48.35205

1508377369484 ACCELEROMETER -0.4409027 3.7310028 8.834564

1508377369598 GYROSCOPE 0.0030822754 0.024276733 -0.047470093

1508377369602 GRAVITY -0.5908295 3.7117612 9.057822

1508377369605 LINEAR_ACCELERATION 0.07890934 0.015072107 0.1254654

1508377369607 ROTATION_VECTOR 0.18081944 0.07405366 0.22439863

1508377369609 MAGNETIC_FIELD 13.485718 4.397583 -47.409058

1508377369694 ACCELEROMETER -0.50782776 3.6476746 9.009842

1508377369797 GYROSCOPE -0.016143799 -0.0034942627 0.0048675537

1508377369802 GRAVITY -0.6490446 3.6518705 9.078159

1508377369805 LINEAR_ACCELERATION -0.045103967 -0.092321634 0.02495861

1508377369807 ROTATION_VECTOR 0.17730221 0.07554229 0.22072145

1508377369809 MAGNETIC_FIELD 13.798523 5.470276 -47.200012

1508377369892 ACCELEROMETER -0.6678009 3.51062 8.928711

1508377369994 GYROSCOPE -0.025756836 -0.029129028 -0.028244019

1508377369999 MAGNETIC_FIELD 13.1866455 4.2648315 -47.200012

1508377370001 GRAVITY -0.6041031 3.6263916 9.091464

1508377370003 LINEAR_ACCELERATION 0.04722011 0.02331996 -0.020977974

1508377370006 ROTATION_VECTOR 0.17655596 0.07274826 0.21974112

1508377370093 ACCELEROMETER -0.57328796 3.5651245 8.941452

1508377370197 GYROSCOPE 0.058624268 -0.023788452 -0.002609253

1508377370203 GRAVITY -0.5770145 3.623947 9.094198

1508377370206 LINEAR_ACCELERATION -0.026173532 -0.020372868 0.122763634

1508377370208 ROTATION_VECTOR 0.17707442 0.07049514 0.21516715

1508377370210 MAGNETIC_FIELD 13.446045 5.8273315 -47.276306

1508377370295 ACCELEROMETER -0.58403015 3.5490723 9.083542

1508377370399 GYROSCOPE -0.0022583008 -0.008834839 0.024093628

1508377370405 GRAVITY -0.59816664 3.6416302 9.085764

1508377370408 LINEAR_ACCELERATION -0.11288524 -0.08964515 -0.029478073

1508377370410 ROTATION_VECTOR 0.17772922 0.071883745 0.21565454

1508377370412 MAGNETIC_FIELD 14.950562 3.8757324 -47.52655

1508377370500 ACCELEROMETER -0.6934204 3.4895172 8.888657

1508377370604 GYROSCOPE 0.02658081 -0.020584106 0.047592163

1508377370609 GRAVITY -0.59984875 3.6232054 9.093017

1508377370611 LINEAR_ACCELERATION -0.109434426 -0.081129074 0.047039032

1508377370613 ROTATION_VECTOR 0.17676823 0.071681075 0.21535009

1508377370615 MAGNETIC_FIELD 12.886047 4.1381836 -46.8338

1508377370705 ACCELEROMETER -0.6923218 3.5158844 8.989258

1508377370804 GRAVITY -0.593393 3.6100478 9.098672

1508377370809 LINEAR_ACCELERATION -0.07293904 -0.043116093 -0.029641151

1508377370811 ROTATION_VECTOR 0.17635687 0.070676096 0.21257024

1508377370814 GYROSCOPE -0.02468872 -0.030197144 -0.05281067

1508377370816 MAGNETIC_FIELD 13.331604 4.5074463 -46.79718

1508377370904 ACCELEROMETER -0.67874146 3.4728699 8.931839

1508377371007 GYROSCOPE 0.015899658 -0.019515991 0.011276245

1508377371012 GRAVITY -0.5715266 3.6176777 9.097041

1508377371014 LINEAR_ACCELERATION -0.015477955 0.025802612 -0.04044342

1508377371016 ROTATION_VECTOR 0.17710277 0.06938738 0.21110521

1508377371019 MAGNETIC_FIELD 14.413452 4.5532227 -47.00775

1508377371103 ACCELEROMETER -0.57406616 3.5869293 8.88945

1508377371206 GYROSCOPE -0.0065307617 -0.03126526 -0.0036773682

1508377371213 GRAVITY -0.6077163 3.6001418 9.10165

1508377371215 LINEAR_ACCELERATION -0.171166 -0.03314376 0.05834961

1508377371218 ROTATION_VECTOR 0.17629713 0.06974447 0.20418648

1508377371220 MAGNETIC_FIELD 13.647461 4.2892456 -46.73004

1508377371305 ACCELEROMETER -0.76239014 3.5177765 8.998169

1508377371412 GRAVITY -0.6010149 3.596163 9.103668

1508377371415 LINEAR_ACCELERATION -0.07341224 0.03500223 0.00969696

1508377371420 ROTATION_VECTOR 0.1761493 0.06937952 0.20431787

1508377371423 GYROSCOPE -0.011871338 -0.016311646 0.0027313232

1508377371425 MAGNETIC_FIELD 14.76593 3.779602 -47.421265

1508377371501 ACCELEROMETER -0.6524811 3.5851746 8.979355

1508377374523 ACCELEROMETER -0.6172638 3.6068573 9.014725

1508377374624 GYROSCOPE -0.010803223 -0.0077667236 -0.009017944

1508377374625 GRAVITY -0.62511694 3.7043626 9.058549

1508377374625 LINEAR_ACCELERATION 0.023330271 0.014050245 -0.08303738

1508377374626 MAGNETIC_FIELD 15.434265 4.2999268 -46.479797

1508377374626 ROTATION_VECTOR 0.17922336 0.07759845 0.23448339

1508377374724 ACCELEROMETER -0.59028625 3.6602478 8.844528

1508377374826 GYROSCOPE -0.0065307617 0.0071868896 -0.015426636

1508377374827 MAGNETIC_FIELD 14.234924 5.1605225 -46.29669

1508377374827 LINEAR_ACCELERATION 0.079918265 0.02079153 0.02448082

1508377374828 GRAVITY -0.5923418 3.6926422 9.065535

1508377374828 ROTATION_VECTOR 0.17889003 0.07605751 0.23598081

1508377374925 ACCELEROMETER -0.5181885 3.6512299 8.953308

1508377375027 GYROSCOPE -0.012939453 -2.89917E-4 -0.0015411377

1508377375027 MAGNETIC_FIELD 14.587402 4.7592163 -46.736145

1508377375028 GRAVITY -0.6207646 3.658161 9.077604

1508377375028 LINEAR_ACCELERATION -0.02889824 -0.044417143 -0.023056984

1508377375029 ROTATION_VECTOR 0.17699413 0.076446556 0.23288259

1508377375127 ACCELEROMETER -0.6276398 3.5565796 8.9109955

1508377375229 GYROSCOPE -0.015075684 0.003982544 -0.018630981

1508377375230 MAGNETIC_FIELD 14.401245 6.1019897 -46.691895

1508377375230 LINEAR_ACCELERATION 0.04100144 0.0039355755 0.045469284

1508377375231 GRAVITY -0.609462 3.6254957 9.091464

1508377375231 ROTATION_VECTOR 0.17540161 0.075489104 0.23320484

1508377375333 ACCELEROMETER -0.5701294 3.569641 9.008362

1508377375442 GYROSCOPE 0.0030822754 -0.012039185 0.011276245

1508377375448 GRAVITY -0.60334843 3.6052547 9.099917

1508377375451 LINEAR_ACCELERATION 0.0012303591 -0.008090258 0.030281067

1508377375453 ROTATION_VECTOR 0.1744724 0.0747845 0.23254834

1508377375456 MAGNETIC_FIELD 13.601685 4.7439575 -47.421265

1508377375535 ACCELEROMETER -0.5261383 3.5496826 8.966949

1508377375644 GRAVITY 0.085186504 2.9802341 9.342448

1508377375648 LINEAR_ACCELERATION -0.6403633 1.7048788 -2.9369297

1508377375673 ROTATION_VECTOR 0.15061827 0.03133463 0.22881234

1508377375682 GYROSCOPE -0.8215027 -0.6849518 0.15867615

1508377375686 MAGNETIC_FIELD 14.620972 4.135132 -46.95282

1508377375735 ACCELEROMETER -0.78108215 4.5775146 6.0968018

1508377375835 GYROSCOPE -0.81829834 -0.6732025 0.46522522

1508377375836 MAGNETIC_FIELD 8.459473 9.246826 -48.16742

1508377375836 GRAVITY 1.4381489 1.4522254 9.591307

1508377375836 LINEAR_ACCELERATION -3.1832266 0.864203 -1.5711794

1508377375837 ROTATION_VECTOR 0.088814214 -0.0556014 0.21817335

1508377375936 ACCELEROMETER -1.620163 2.121231 7.644104

1508377376049 GRAVITY 2.4699092 -0.44693857 9.479988

1508377376054 LINEAR_ACCELERATION -1.3548915 1.389929 -1.1687536

1508377376063 ROTATION_VECTOR 0.009504347 -0.12870423 0.24795611

1508377376083 GYROSCOPE -0.9689026 -0.24275208 1.0110321

1508377376093 MAGNETIC_FIELD 1.524353 18.811035 -47.506714

1508377376140 ACCELEROMETER 1.261673 0.92852783 8.506638

1508377376239 GYROSCOPE 0.65463257 -0.07185364 1.1797943

1508377376240 GRAVITY 2.5058072 -1.1973643 9.405192

1508377376240 LINEAR_ACCELERATION 0.10941172 0.49762273 8.251098

1508377376241 MAGNETIC_FIELD -0.14190674 25.164795 -44.995117

1508377376241 ROTATION_VECTOR -0.0150942085 -0.14227028 0.33011207

1508377376339 ACCELEROMETER 2.4285583 -0.6805725 16.660309

1508377376440 GYROSCOPE -3.6253052 -8.343338 -0.15855408

1508377376440 MAGNETIC_FIELD 6.4682007 23.58551 -42.460632

1508377376441 GRAVITY 7.6543465 -4.4090986 4.25925

1508377376441 LINEAR_ACCELERATION -9.280502 -3.0174637 5.6672244

1508377376442 ROTATION_VECTOR -0.0151086245 -0.53161114 0.40167996

1508377376540 ACCELEROMETER -1.6047363 -7.5529633 10.753967

1508377376642 GYROSCOPE 0.73794556 3.2574615 0.026229858

1508377376642 MAGNETIC_FIELD 3.779602 16.732788 -46.772766

1508377376643 GRAVITY 8.269378 -5.2598195 -0.34940016

1508377376643 LINEAR_ACCELERATION 1.0859761 2.795013 17.962524

1508377376644 ROTATION_VECTOR -0.13303278 -0.7071893 0.2579339

1508377376742 ACCELEROMETER 8.8853 -2.1324158 17.269638

1508377376843 GYROSCOPE 0.0041503906 -0.0024261475 -0.01008606

1508377376845 MAGNETIC_FIELD 21.287537 10.601807 -42.492676

1508377376845 GRAVITY 7.687335 -5.1985583 3.170214

1508377376845 LINEAR_ACCELERATION -6.784671 4.7200675 6.5529695

1508377376846 ROTATION_VECTOR -0.1686589 -0.55670303 0.24071892

1508377376951 ACCELEROMETER 0.4035492 -0.13746643 9.537949

1508377377055 GRAVITY 7.557184 -5.0826807 3.6367178

1508377377061 LINEAR_ACCELERATION -6.4774427 4.4792576 6.412709

1508377377063 ROTATION_VECTOR -0.16732834 -0.5353319 0.23604633

1508377377067 GYROSCOPE 0.0020141602 -0.004562378 -0.0058135986

1508377377070 MAGNETIC_FIELD 21.026611 10.192871 -43.26935

1508377377150 ACCELEROMETER 0.37893677 -0.12797546 9.715424

1508377377254 GRAVITY 7.4060564 -4.95731 4.092161

1508377377257 LINEAR_ACCELERATION -6.1533365 4.2887697 6.0934296

1508377377260 ROTATION_VECTOR -0.14670527 -0.51945686 0.26049596

1508377377262 GYROSCOPE -0.003326416 -0.0034942627 -0.0058135986

1508377377265 MAGNETIC_FIELD 19.104004 10.766602 -43.07556

1508377377352 ACCELEROMETER 0.38719177 -0.09150696 9.70697

1508377377458 GYROSCOPE -1.2207031E-4 -0.004562378 -0.0058135986

1508377377463 MAGNETIC_FIELD 20.524597 10.217285 -43.771362

1508377377466 GRAVITY 7.235429 -4.821552 4.535592

1508377377468 LINEAR_ACCELERATION -5.862384 4.0523977 5.7873507

1508377377472 ROTATION_VECTOR -0.12701005 -0.5026108 0.28540605

1508377377553 ACCELEROMETER 0.3773651 -0.10594177 9.696457

1508377377661 GRAVITY 5.417686 -3.545344 7.3654327

1508377377664 LINEAR_ACCELERATION -3.9157724 2.686746 3.8589163

1508377377669 ROTATION_VECTOR -0.14382261 -0.3221529 0.14867875

1508377377672 GYROSCOPE -0.0011901855 -0.005630493 -0.0058135986

1508377377675 MAGNETIC_FIELD 18.763733 11.694336 -43.3136

1508377377756 ACCELEROMETER 0.37557983 -0.12104797 9.694504

1508377377865 GRAVITY 3.6791945 -2.3444748 8.782787

1508377377868 LINEAR_ACCELERATION -2.6335733 1.8026681 2.5883002

1508377377871 ROTATION_VECTOR -0.098852426 -0.20598707 0.116455264

1508377377873 GYROSCOPE 9.460449E-4 -0.004562378 -0.006881714

1508377377876 MAGNETIC_FIELD 19.311523 11.051941 -42.538452

1508377377974 ACCELEROMETER 0.37686157 -0.068725586 9.476425

