1504140261081 ACCELEROMETER -0.58081055 4.3604126 8.113159

1504140261148 GYROSCOPE 0.0045776367 -0.04421997 -0.1159668

1504140261148 MAGNETIC_FIELD -19.152832 -12.213135 -39.92462

1504140261149 LINEAR_ACCELERATION 0.0 0.0 -0.0

1504140261149 GRAVITY -0.7081463 4.6274176 8.6171875

1504140261150 ROTATION_VECTOR 0.0 0.0 0.0

1504140261294 ACCELEROMETER 0.77445984 4.678955 7.99263

1504140261294 GYROSCOPE -0.41732788 -0.33901978 -0.5154419

1504140261295 MAGNETIC_FIELD -20.503235 -13.894653 -39.596558

1504140261299 GRAVITY -0.013135814 4.5376515 8.693672

1504140261300 LINEAR_ACCELERATION 0.61302143 0.26651144 -0.21159458

1504140261300 ROTATION_VECTOR 0.19760744 -0.13303153 -0.5447066

1504140261483 ACCELEROMETER 2.2172852 5.919922 9.461884

1504140261484 GYROSCOPE -0.29769897 0.08288574 -0.1234436

1504140261484 MAGNETIC_FIELD -21.0083 -9.690857 -41.401672

1504140261485 GRAVITY 0.53594 4.3438644 8.775762

1504140261486 LINEAR_ACCELERATION 1.2131529 1.4340138 0.7584009

1504140261486 ROTATION_VECTOR 0.17748141 -0.14512417 -0.51924187

1504140261684 ACCELEROMETER 1.4095001 4.422394 7.589432

1504140261685 GYROSCOPE -0.7078552 0.38623047 -0.7034302

1504140261686 MAGNETIC_FIELD -17.971802 -9.353638 -41.729736

1504140261686 GRAVITY 0.37098077 3.9302454 8.976967

1504140261687 LINEAR_ACCELERATION 1.8681967 1.0576379 -1.3710747

1504140261687 ROTATION_VECTOR 0.17028931 -0.115341365 -0.47023454

1504140261921 ACCELEROMETER -2.1433105 2.0868073 10.812897

1504140261922 GYROSCOPE 0.20645142 -0.25463867 -0.24627686

1504140261922 MAGNETIC_FIELD -16.438293 -8.830261 -41.267395

1504140261923 GRAVITY -0.5761444 3.105918 9.28395

1504140261924 LINEAR_ACCELERATION -1.4621103 -0.87878275 1.245307

1504140261924 ROTATION_VECTOR 0.1530272 -0.056859363 -0.50653523

1504140262123 ACCELEROMETER -1.453125 2.6594543 8.797943

1504140262123 GYROSCOPE -0.16311646 -0.11151123 -0.18325806

1504140262124 MAGNETIC_FIELD -15.945435 -8.021545 -42.72461

1504140262124 GRAVITY -0.55481994 3.0745938 9.295668

1504140262125 LINEAR_ACCELERATION -0.9035244 -0.3768611 -0.44830704

1504140262125 ROTATION_VECTOR 0.14895056 -0.062181927 -0.53587914

1504140262324 ACCELEROMETER -1.7089539 2.6429443 9.689774

1504140262324 GYROSCOPE -0.019989014 -0.07733154 -0.18112183

1504140262325 MAGNETIC_FIELD -15.600586 -10.675049 -41.42151

1504140262325 GRAVITY -0.6617246 2.8315399 9.3656225

1504140262326 LINEAR_ACCELERATION -1.048248 -0.1818769 0.38437748

1504140262327 ROTATION_VECTOR 0.13846229 -0.05757026 -0.5773709

1504140262525 ACCELEROMETER -1.372818 2.404068 8.687042

1504140262526 GYROSCOPE -0.016784668 -0.04849243 -0.06790161

1504140262527 MAGNETIC_FIELD -15.940857 -11.038208 -41.407776

1504140262527 GRAVITY -0.7152678 2.7580428 9.383601

1504140262528 LINEAR_ACCELERATION -0.664397 -0.31776762 -0.5830374

1504140262528 ROTATION_VECTOR 0.1353574 -0.056989927 -0.6003978

1504140262726 ACCELEROMETER -1.2425079 2.6299133 8.977631

1504140262727 GYROSCOPE -0.07019043 0.017730713 -0.06149292

1504140262728 MAGNETIC_FIELD -16.448975 -11.203003 -41.23993

1504140262728 LINEAR_ACCELERATION -0.471488 -0.0011267662 -0.27015686

1504140262729 GRAVITY -0.78396285 2.674039 9.40241

1504140262729 ROTATION_VECTOR 0.13307942 -0.053855363 -0.61433876

1504140262927 ACCELEROMETER -1.1413879 2.5396118 9.273376

1504140262928 GYROSCOPE 0.06225586 -0.053833008 0.13824463

1504140262928 MAGNETIC_FIELD -14.271545 -10.020447 -41.73584

1504140262929 GRAVITY -0.7721184 2.6620693 9.406785

1504140262929 LINEAR_ACCELERATION -0.3829044 -0.0842793 0.024644852

1504140262930 ROTATION_VECTOR 0.13213634 -0.054105695 -0.61535275

1504140263129 ACCELEROMETER -0.91278076 2.7062836 9.095703

1504140263129 GYROSCOPE -0.00289917 0.017730713 0.031433105

1504140263130 MAGNETIC_FIELD -17.463684 -10.197449 -41.56494

1504140263130 GRAVITY -0.7139411 2.7366586 9.389961

1504140263131 LINEAR_ACCELERATION -0.20418292 0.021747112 -0.14504814

1504140263132 ROTATION_VECTOR 0.13350289 -0.058499523 -0.6129429

1504140263330 ACCELEROMETER -0.79042053 2.7429047 8.891983

1504140263330 GYROSCOPE 0.038757324 0.00491333 -0.037994385

1504140263331 GRAVITY -0.76639473 2.8070323 9.36502

1504140263331 LINEAR_ACCELERATION -0.04162121 0.014088154 -0.22242165

1504140263332 ROTATION_VECTOR 0.13776322 -0.059482582 -0.61714625

1504140263530 ACCELEROMETER -1.1707916 2.5270233 9.461578

1504140263531 GYROSCOPE -0.02960205 0.008117676 0.035705566

1504140263532 MAGNETIC_FIELD -17.12799 -8.178711 -40.252686

1504140263532 GRAVITY -0.9109569 2.7128856 9.379807

1504140263533 LINEAR_ACCELERATION -0.27565813 -0.14128757 0.23729324

1504140263533 ROTATION_VECTOR 0.13746561 -0.05353601 -0.6336353

1504140263732 ACCELEROMETER -0.83117676 2.7686005 9.221588

1504140263733 GRAVITY -0.9157437 2.7212367 9.376923

1504140263734 LINEAR_ACCELERATION 0.07114267 0.091781616 -0.007892609

1504140263734 GYROSCOPE -0.012512207 0.04550171 -0.0016784668

1504140263735 MAGNETIC_FIELD -18.64624 -9.359741 -41.401672

1504140263735 MAGNETIC_FIELD -18.309021 -10.028076 -43.69507

1504140263735 ROTATION_VECTOR 0.13792558 -0.053726695 -0.6341398

1504140263933 ACCELEROMETER -0.65930176 2.8832092 8.735306

1504140263934 GYROSCOPE 0.005645752 0.017730713 0.0025939941

1504140263934 LINEAR_ACCELERATION 0.19896328 0.1423366 -0.31914616

1504140263935 GRAVITY -0.88690513 2.828713 9.347843

1504140263935 ROTATION_VECTOR 0.14175756 -0.057423364 -0.6280629

1504140264134 ACCELEROMETER -1.1007538 2.670105 9.347809

1504140264135 GYROSCOPE 0.0035095215 0.008117676 0.033569336

1504140264135 MAGNETIC_FIELD -16.966248 -11.030579 -41.744995

1504140264136 GRAVITY -0.97020996 2.7859457 9.352411

1504140264139 LINEAR_ACCELERATION -0.1518889 -0.055567265 0.18714619

1504140264139 ROTATION_VECTOR 0.14228836 -0.05397948 -0.6349812

1504140264339 ACCELEROMETER -0.8773041 2.7464142 9.302597

1504140264340 GYROSCOPE -0.039215088 -0.007904053 -0.030517578

1504140264341 MAGNETIC_FIELD -17.955017 -9.69696 -42.710876

1504140264342 GRAVITY -0.940172 2.756884 9.364083

1504140264342 LINEAR_ACCELERATION 0.048276544 0.03551483 0.09526348

1504140264343 ROTATION_VECTOR 0.13988298 -0.0547484 -0.63820636

1504140264541 ACCELEROMETER -0.951004 2.775589 9.359985

1504140264542 GYROSCOPE -0.013580322 0.023071289 -0.01876831

1504140264543 MAGNETIC_FIELD -16.119385 -10.85968 -43.188477

1504140264544 GRAVITY -0.96238256 2.7269502 9.370589

1504140264544 LINEAR_ACCELERATION 4.903078E-4 0.07834911 0.0914917

1504140264545 ROTATION_VECTOR 0.13931832 -0.05313481 -0.6397586

1504140264746 ACCELEROMETER -0.91737366 2.8709717 9.214493

1504140264752 GYROSCOPE -0.012512207 0.0017089844 0.019683838

1504140264754 MAGNETIC_FIELD -16.96167 -9.677124 -43.03131

1504140264756 GRAVITY -0.9665997 2.7697003 9.357608

1504140264759 LINEAR_ACCELERATION 0.037782848 0.13186717 -0.03890419

1504140264761 ROTATION_VECTOR 0.14143491 -0.053767387 -0.6360887

1504140264948 ACCELEROMETER -0.8248596 2.9090118 9.211853

1504140264952 GYROSCOPE -0.048828125 -0.007904053 0.016479492

1504140264954 MAGNETIC_FIELD -16.958618 -11.035156 -41.10565

1504140264956 GRAVITY -0.9102204 2.792844 9.356383

1504140264959 LINEAR_ACCELERATION 0.080533326 0.15152454 -0.043060303

1504140264961 ROTATION_VECTOR 0.14074643 -0.056104034 -0.632514

1504140265150 GRAVITY -0.92307574 2.7934785 9.354935

1504140265154 LINEAR_ACCELERATION -0.086456716 0.06391907 -3.4427643E-4

1504140265157 ROTATION_VECTOR 0.14109507 -0.05588627 -0.63393515

1504140265159 ACCELEROMETER -0.99964905 2.828064 9.256363

1504140265161 GYROSCOPE 0.01739502 -0.018585205 4.5776367E-4

1504140265163 MAGNETIC_FIELD -17.46521 -10.542297 -40.91339

1504140265351 ACCELEROMETER -0.93833923 2.7723389 9.176941

1504140265357 GYROSCOPE -0.017852783 -4.272461E-4 -0.01876831

1504140265360 MAGNETIC_FIELD -16.500854 -9.547424 -40.290833

1504140265362 GRAVITY -0.9256365 2.8015988 9.352253

1504140265365 LINEAR_ACCELERATION -0.025596559 0.005938053 -0.05701828

1504140265367 ROTATION_VECTOR 0.14115663 -0.0569441 -0.63863516

1504140265552 ACCELEROMETER -0.8702698 2.8585815 9.158463

1504140265561 GYROSCOPE -0.03173828 -0.036743164 -0.029449463

1504140265563 MAGNETIC_FIELD -16.80603 -10.194397 -41.24298

1504140265565 GRAVITY -0.89807194 2.8032348 9.354449

1504140265568 LINEAR_ACCELERATION 0.014754653 0.09578729 -0.060563087

1504140265570 ROTATION_VECTOR 0.1401755 -0.058366407 -0.6402081

1504140265752 ACCELEROMETER -0.81495667 2.838745 9.190384

1504140265755 GYROSCOPE 0.03982544 0.044433594 -0.0038146973

1504140265759 MAGNETIC_FIELD -18.30597 -9.70459 -42.053223

1504140265761 GRAVITY -0.8852075 2.8323584 9.3469

1504140265763 LINEAR_ACCELERATION 0.057975233 0.04816675 -0.009860992

1504140265765 ROTATION_VECTOR 0.14077677 -0.060188312 -0.641852

1504140265953 ACCELEROMETER -1.0384979 2.6809387 9.128159

1504140265958 GYROSCOPE -0.04135132 -0.0057678223 -0.01449585

1504140265960 MAGNETIC_FIELD -17.616272 -9.3811035 -41.081238

1504140265962 GRAVITY -0.9735677 2.8018417 9.347312

1504140265965 LINEAR_ACCELERATION -0.0855515 -0.07298565 -0.05610943

1504140265967 ROTATION_VECTOR 0.14194 -0.057208207 -0.64979655

1504140266155 ACCELEROMETER -0.81599426 2.844757 9.173691

1504140266160 GYROSCOPE 0.02166748 -0.008972168 0.010070801

1504140266162 MAGNETIC_FIELD -16.82129 -11.174011 -41.896057

1504140266164 GRAVITY -0.91674083 2.820124 9.34756

1504140266170 LINEAR_ACCELERATION 0.086224616 0.07487345 -0.007863045

1504140266172 ROTATION_VECTOR 0.14078927 -0.05987881 -0.6489637

1504140266358 ACCELEROMETER -0.86376953 2.8038788 9.155609

1504140266363 GYROSCOPE 0.0579834 0.02520752 0.02822876

1504140266365 MAGNETIC_FIELD -17.807007 -10.542297 -41.929626

1504140266368 GRAVITY -0.908053 2.8856204 9.328399

1504140266370 LINEAR_ACCELERATION 0.026996315 -0.028888702 -0.0044078827

1504140266373 ROTATION_VECTOR 0.14295945 -0.06282226 -0.6504861

1504140266558 ACCELEROMETER -0.9015808 2.7373505 9.186981

1504140266565 GYROSCOPE -0.0018310547 6.4086914E-4 0.020751953

1504140266568 MAGNETIC_FIELD -16.314697 -10.65979 -42.074585

1504140266570 GRAVITY -0.91791105 2.8924217 9.325327

1504140266572 LINEAR_ACCELERATION 7.272363E-4 -0.100266695 0.02604866

1504140266574 ROTATION_VECTOR 0.14334296 -0.06319373 -0.6531142

1504140266760 ACCELEROMETER -0.79615784 2.7883606 9.169525

1504140266764 GYROSCOPE -0.003967285 -0.01965332 -0.007019043

1504140266767 MAGNETIC_FIELD -16.181946 -9.25293 -42.19055

1504140266769 GRAVITY -0.8672221 2.8733413 9.336071

1504140266772 LINEAR_ACCELERATION 0.056795 -0.029990911 0.0119524

1504140266774 ROTATION_VECTOR 0.1406106 -0.06497317 -0.655853

1504140266961 ACCELEROMETER -0.9488983 2.7328033 9.328552

1504140266966 GYROSCOPE -0.013580322 0.0113220215 -6.1035156E-4

1504140266969 MAGNETIC_FIELD -17.175293 -9.895325 -42.852783

1504140266971 GRAVITY -0.8927488 2.8180385 9.350511

1504140266973 LINEAR_ACCELERATION -0.06975776 -0.047656298 0.107336044

1504140266975 ROTATION_VECTOR 0.13893878 -0.06287021 -0.6603418

1504140267162 ACCELEROMETER -0.9336548 2.7177277 9.1884

1504140267171 GYROSCOPE 0.023803711 0.013458252 0.010070801

1504140267181 MAGNETIC_FIELD -16.847229 -9.890747 -42.262268

1504140267183 GRAVITY -0.925419 2.8091173 9.3500185

1504140267185 LINEAR_ACCELERATION -0.02106762 -0.04657507 -0.018688202

1504140267188 ROTATION_VECTOR 0.13954414 -0.06171842 -0.6624839

1504140267361 ACCELEROMETER -0.92437744 2.7634125 9.23938

1504140267364 GYROSCOPE -0.053100586 -0.023925781 -0.033721924

1504140267367 MAGNETIC_FIELD -17.459106 -10.525513 -41.316223

1504140267369 GRAVITY -0.92689353 2.7854645 9.356946

1504140267372 LINEAR_ACCELERATION -0.011362374 0.018598318 0.018011093

1504140267374 ROTATION_VECTOR 0.1387058 -0.060738944 -0.66210604

1504140267561 ACCELEROMETER -0.9261627 2.7200012 9.288666

1504140267565 GYROSCOPE 0.01739502 0.024139404 -0.008087158

1504140267568 MAGNETIC_FIELD -17.163086 -9.237671 -42.1875

1504140267570 GRAVITY -0.937934 2.745439 9.367669

1504140267573 LINEAR_ACCELERATION -0.0021476746 0.006073475 0.03962803

1504140267575 ROTATION_VECTOR 0.13746941 -0.059024982 -0.6628691

1504140267764 ACCELEROMETER -0.9968567 2.6958008 9.198242

1504140267770 GYROSCOPE -0.028533936 -0.010040283 -0.01663208

1504140267773 MAGNETIC_FIELD -16.499329 -9.25293 -42.59491

1504140267775 GRAVITY -0.975365 2.7379587 9.366036

1504140267778 LINEAR_ACCELERATION -0.030183911 -1.5568733E-4 -0.043748856

1504140267780 ROTATION_VECTOR 0.13848647 -0.0573285 -0.66279763

1504140267968 ACCELEROMETER -0.86720276 2.7504272 9.318802

1504140267971 GYROSCOPE -0.022125244 -0.011108398 -0.021972656

1504140267974 MAGNETIC_FIELD -16.654968 -9.625244 -42.36908

1504140267977 GRAVITY -0.9351053 2.7122412 9.377618

1504140267979 LINEAR_ACCELERATION 0.055440784 0.0672791 0.046034813

1504140267981 ROTATION_VECTOR 0.13620959 -0.05763258 -0.6612175

1504140268165 ACCELEROMETER -0.9631958 2.6832886 9.303925

1504140268170 GYROSCOPE 0.010986328 0.0059814453 -0.010223389

1504140268172 MAGNETIC_FIELD -17.779541 -10.188293 -41.61682

1504140268176 GRAVITY -0.95033455 2.7009318 9.379351

1504140268178 LINEAR_ACCELERATION -0.024734199 0.010861397 0.019664764

1504140268180 ROTATION_VECTOR 0.13629365 -0.056659073 -0.66126186

1504140268368 ACCELEROMETER -0.92196655 2.6262207 9.353027

1504140268371 GYROSCOPE -0.009307861 0.008117676 0.010070801

1504140268374 MAGNETIC_FIELD -16.958618 -9.017944 -42.015076

1504140268379 GRAVITY -0.9531391 2.6802847 9.384988

1504140268382 LINEAR_ACCELERATION 0.017717302 -0.035055637 0.046046257

1504140268384 ROTATION_VECTOR 0.13551182 -0.055994343 -0.662241

1504140268566 ACCELEROMETER -0.7844238 2.7183685 9.274353

1504140268566 GYROSCOPE -0.011444092 0.008117676 -0.0016784668

1504140268566 MAGNETIC_FIELD -16.685486 -9.353638 -42.71393

1504140268567 GRAVITY -0.9066485 2.6928718 9.38599

1504140268567 LINEAR_ACCELERATION 0.120461464 0.05575061 -0.029093742

1504140268567 ROTATION_VECTOR 0.13473661 -0.057390936 -0.6577887

1504140268765 ACCELEROMETER -0.9549408 2.6204224 9.436996

1504140268766 GRAVITY -0.9196783 2.6523106 9.396267

1504140268771 LINEAR_ACCELERATION -0.042085886 -0.021113157 0.09686661

1504140268773 ROTATION_VECTOR 0.13331154 -0.05614059 -0.661591

1504140268776 GYROSCOPE -0.0061035156 -0.015380859 -0.009155273

1504140268780 MAGNETIC_FIELD -16.98761 -8.786011 -41.42914

1504140268974 ACCELEROMETER -0.9024658 2.6880493 9.221558

1504140268975 GYROSCOPE 0.010986328 0.012390137 -0.0048828125

1504140268976 MAGNETIC_FIELD -16.99524 -9.727478 -42.06848

1504140268976 ROTATION_VECTOR 0.13427241 -0.057519514 -0.6631569

1504140268978 LINEAR_ACCELERATION 0.01142931 0.03134036 -0.0839138

1504140268979 GRAVITY -0.9182809 2.6813781 9.388149

1504140269168 ACCELEROMETER -1.0155487 2.5953827 9.236877

1504140269169 GYROSCOPE -0.037078857 0.0070495605 -0.031585693

1504140269170 MAGNETIC_FIELD -17.30957 -11.022949 -40.682983

1504140269171 GRAVITY -0.97190166 2.6511023 9.39135

1504140269171 LINEAR_ACCELERATION -0.044248044 -0.01997447 -0.06016922

1504140269172 ROTATION_VECTOR 0.13471848 -0.05500323 -0.6663907

1504140269365 ACCELEROMETER -1.0858002 2.611145 9.335495

1504140269367 GYROSCOPE -0.0050354004 -0.027130127 -0.015563965

1504140269368 GRAVITY -1.0110488 2.6106803 9.398538

1504140269369 LINEAR_ACCELERATION -0.09480405 0.019741058 0.033041

1504140269369 ROTATION_VECTOR 0.13438565 -0.052425485 -0.66828835

1504140269370 MAGNETIC_FIELD -15.710449 -9.94873 -42.614746

1504140269569 ACCELEROMETER -0.98524475 2.6958618 9.22641

1504140269570 GRAVITY -1.0012128 2.6456125 9.389819

1504140269570 LINEAR_ACCELERATION 0.011282802 0.080862045 -0.062185287

1504140269570 ROTATION_VECTOR 0.13559493 -0.053539738 -0.6655083

1504140269571 GYROSCOPE -0.0061035156 0.018798828 0.009002686

1504140269571 MAGNETIC_FIELD -17.018127 -10.392761 -42.44232

1504140269774 ACCELEROMETER -0.9943085 2.7219696 9.244537

1504140269779 GYROSCOPE 0.012054443 -0.0036315918 0.0036621094

1504140269781 MAGNETIC_FIELD -16.416931 -9.706116 -42.399597

1504140269783 GRAVITY -1.0108724 2.686256 9.377236

1504140269787 LINEAR_ACCELERATION 0.0028492212 0.06601977 -0.021147728

1504140269789 ROTATION_VECTOR 0.13771422 -0.054118596 -0.66273516

1504140269980 ACCELEROMETER -0.95040894 2.7289124 9.152603

1504140269994 LINEAR_ACCELERATION 0.018465996 0.014134884 -0.06817055

1504140270000 ROTATION_VECTOR 0.13961506 -0.056687597 -0.6593452

1504140270000 GRAVITY -0.9865345 2.750081 9.361314

1504140270001 GYROSCOPE 0.034484863 -0.004699707 0.03463745

1504140270002 MAGNETIC_FIELD -17.156982 -9.802246 -42.52014

1504140270172 ACCELEROMETER -0.98898315 2.7753906 9.279556

1504140270174 GYROSCOPE 0.014190674 -0.0057678223 0.019683838

1504140270175 MAGNETIC_FIELD -16.299438 -9.397888 -42.099

1504140270176 GRAVITY -0.9729465 2.7998571 9.347971

1504140270180 LINEAR_ACCELERATION -0.026999414 0.011622906 0.045315742

1504140270182 ROTATION_VECTOR 0.14103848 -0.05911238 -0.66000193

1504140270380 ACCELEROMETER -0.90859985 2.7731018 9.069092

1504140270383 GYROSCOPE 0.010986328 -0.0025634766 0.021820068

1504140270386 MAGNETIC_FIELD -17.753601 -10.818481 -42.630005

1504140270389 GRAVITY -0.9502314 2.835447 9.339577

1504140270391 LINEAR_ACCELERATION 0.017487168 -0.018507957 -0.11556721

1504140270394 ROTATION_VECTOR 0.14174114 -0.061021164 -0.6588021

1504140270577 ACCELEROMETER -0.86013794 2.800354 9.196304

1504140270580 GYROSCOPE 0.005645752 -0.01751709 0.011138916

1504140270582 MAGNETIC_FIELD -18.569946 -9.707642 -42.340088

1504140270584 GRAVITY -0.90513974 2.8505938 9.339444

1504140270591 LINEAR_ACCELERATION 0.031318724 -7.624626E-4 0.02560234

1504140270593 ROTATION_VECTOR 0.14086795 -0.063064076 -0.65768737

1504140270771 ACCELEROMETER -0.8289795 2.8279114 9.115433

1504140270772 GYROSCOPE 0.02166748 -0.0014953613 -0.009155273

1504140270773 MAGNETIC_FIELD -16.757202 -9.724426 -42.352295

1504140270773 GRAVITY -0.87419754 2.882001 9.33275

1504140270774 LINEAR_ACCELERATION 0.02790445 8.8620186E-4 -0.03445816

1504140270774 ROTATION_VECTOR 0.14113656 -0.065135404 -0.6564716

1504140270972 ACCELEROMETER -0.8778534 2.7822418 9.1922455

1504140270974 GYROSCOPE 0.024871826 -0.010040283 -0.002746582

1504140270974 MAGNETIC_FIELD -17.338562 -9.169006 -42.495728

1504140270974 GRAVITY -0.875895 2.895544 9.328399

1504140270975 LINEAR_ACCELERATION -0.017961502 -0.056690454 0.017802238

1504140270975 ROTATION_VECTOR 0.141518 -0.066005304 -0.6588084

1504140271173 ACCELEROMETER -0.87431335 2.7544556 9.175507

1504140271174 GYROSCOPE 0.0035095215 0.008117676 0.012207031

1504140271175 MAGNETIC_FIELD -17.147827 -10.069275 -41.656494

1504140271175 GRAVITY -0.882782 2.876842 9.333534

1504140271176 LINEAR_ACCELERATION -0.022885084 -0.08904219 0.030670166

1504140271180 ROTATION_VECTOR 0.14042783 -0.06634921 -0.6654678

1504140271385 ACCELEROMETER -0.37528992 3.1723175 9.009888

1504140271391 GYROSCOPE 0.44677734 -0.7406311 -0.10101318

1504140271394 MAGNETIC_FIELD -17.921448 -10.15625 -41.35132

1504140271405 GRAVITY -0.31181166 3.2762146 9.237943

1504140271405 LINEAR_ACCELERATION -0.1614865 -0.038457155 -0.035500526

1504140271406 ROTATION_VECTOR 0.13455 -0.10436628 -0.675005

1504140271576 ACCELEROMETER 0.96203613 2.9315643 8.101624

1504140271577 GYROSCOPE -0.30197144 -0.9510498 -0.37338257

1504140271578 MAGNETIC_FIELD -17.539978 -11.677551 -42.514038

1504140271578 GRAVITY 1.0961939 3.3891368 9.136876

1504140271579 LINEAR_ACCELERATION -0.11637664 -0.37375188 -0.8454418

1504140271579 ROTATION_VECTOR 0.080631725 -0.16627541 -0.7094062

1504140271785 ACCELEROMETER 1.0269775 3.0040588 8.885681

1504140271794 GRAVITY 2.293675 3.4153047 8.901974

1504140271812 LINEAR_ACCELERATION -1.1973572 -0.26801062 0.39714146

1504140271813 ROTATION_VECTOR 0.020235436 -0.21381344 -0.7558775

1504140271813 GYROSCOPE 0.24490356 -0.8186035 -0.62545776

1504140271813 MAGNETIC_FIELD -24.86267 -11.502075 -38.789368

1504140271978 ACCELEROMETER 1.6431732 1.6107635 6.084244

1504140271979 GYROSCOPE -0.32333374 -0.3262024 -0.6575012

1504140271979 MAGNETIC_FIELD -29.367065 -12.93335 -36.061096

1504140271980 GRAVITY 2.8300586 3.5718687 8.683485

1504140271980 LINEAR_ACCELERATION -1.2001317 -1.8146367 -2.2036448

1504140271981 ROTATION_VECTOR -0.01915139 -0.23853451 -0.806839

1504140272179 ACCELEROMETER 4.2422943 3.3101196 8.011414

1504140272181 GYROSCOPE 0.08468628 -1.2052612 -0.43746948

1504140272187 MAGNETIC_FIELD -32.77893 -19.53125 -29.629517

1504140272187 GRAVITY 3.774733 3.642955 8.285569

1504140272188 LINEAR_ACCELERATION 0.580282 -0.22058678 -0.35135508

1504140272188 ROTATION_VECTOR -0.08252563 -0.26597568 -0.8418025

1504140272391 ACCELEROMETER 2.5684967 2.2801208 11.782883

1504140272397 GYROSCOPE -0.2218628 2.8717346 -2.203064

1504140272400 MAGNETIC_FIELD -32.67212 -20.431519 -28.831482

1504140272405 GRAVITY 1.3393701 4.232361 8.744347

1504140272408 LINEAR_ACCELERATION 1.709618 -1.9679432 3.0721302

1504140272411 ROTATION_VECTOR 0.015099474 -0.23223785 -0.9062292

1504140272586 ACCELEROMETER -4.558853 3.2657013 16.39769

1504140272591 GRAVITY -2.6297352 2.1654985 9.1959505

1504140272594 LINEAR_ACCELERATION -1.3857565 1.5317287 7.002928

1504140272597 ROTATION_VECTOR 0.15788314 -0.078803256 -0.9592911

1504140272599 GYROSCOPE -2.2224426 0.22280884 -0.21743774

1504140272601 MAGNETIC_FIELD -34.40094 -21.307373 -25.952148

1504140272791 ACCELEROMETER 4.3308563 -3.0580902 10.052475

1504140272794 GYROSCOPE 0.7725525 -3.334015 2.013855

1504140272797 MAGNETIC_FIELD -27.416992 -27.70691 -29.06189

1504140272799 GRAVITY 0.88544965 0.9952018 9.715757

1504140272802 LINEAR_ACCELERATION 1.0796933 -4.5336103 1.3673744

1504140272809 ROTATION_VECTOR -0.028077971 -0.062015112 -0.95254093

1504140272990 ACCELEROMETER 16.266449 -0.6577301 5.8899994

1504140272993 GYROSCOPE -0.362854 -2.2797852 -0.20141602

1504140272996 MAGNETIC_FIELD -48.42224 -11.401367 2.3147583

1504140272998 GRAVITY 6.4173555 1.0943965 7.3341823

1504140273001 LINEAR_ACCELERATION 10.44907 -1.7697556 -1.436635

1504140273003 ROTATION_VECTOR -0.30757135 -0.17737147 -0.8768201

1504140273191 ACCELEROMETER 6.735504 2.8625793 -1.7787781

1504140273194 GYROSCOPE 0.43075562 0.7654114 -0.47485352

1504140273197 MAGNETIC_FIELD -36.595154 -21.45996 27.357483

1504140273199 GRAVITY 7.5294166 1.6772705 6.055166

1504140273202 LINEAR_ACCELERATION -0.87690735 1.047893 -7.730891

1504140273204 ROTATION_VECTOR -0.38385856 -0.20958306 -0.864127

1504140273394 ACCELEROMETER 6.1523743 3.9272614 -2.1708221

1504140273399 GYROSCOPE 0.32608032 0.95233154 0.7246399

1504140273401 MAGNETIC_FIELD -32.2464 -25.157166 30.136108

1504140273404 GRAVITY 6.6439886 2.1140866 6.8962626

1504140273407 LINEAR_ACCELERATION -0.40473318 1.8624465 -9.264004

1504140273411 ROTATION_VECTOR -0.3097348 -0.2290258 -0.8734421

1504140273593 ACCELEROMETER 8.355362 3.1632385 0.33551025

1504140273598 GYROSCOPE 0.47348022 1.6412659 1.096344

1504140273600 MAGNETIC_FIELD -38.276672 -25.010681 22.247314

1504140273603 GRAVITY 5.242683 1.5623327 8.139029

1504140273605 LINEAR_ACCELERATION 3.3783002 1.9132386 -7.718857

1504140273608 ROTATION_VECTOR -0.21183442 -0.20037772 -0.8536931

1504140273795 ACCELEROMETER 7.4057617 -1.1743469 5.5957184

1504140273800 GYROSCOPE -1.2664795 3.5916443 0.119018555

1504140273803 MAGNETIC_FIELD -47.833252 -15.036011 8.573914

1504140273805 GRAVITY 0.93827355 0.21519509 9.759289

1504140273808 LINEAR_ACCELERATION 6.655197 -0.8929186 -4.061223

1504140273810 ROTATION_VECTOR -0.03569509 -0.03377291 -0.8606102

1504140273998 ACCELEROMETER 5.346756 -2.937378 9.841721

1504140274001 GYROSCOPE 0.11886597 -0.3272705 0.3390503

1504140274003 MAGNETIC_FIELD -47.95685 -0.77819824 -20.425415

1504140274005 GRAVITY -1.8404619 -1.0788924 9.571786

1504140274008 LINEAR_ACCELERATION 7.1543093 -2.1738799 1.1432648

1504140274011 ROTATION_VECTOR 0.05603601 0.093993224 -0.8708878

1504140274198 ACCELEROMETER 5.4167023 -1.7419586 7.9920197

1504140274203 LINEAR_ACCELERATION 6.103229 -0.7692992 -0.9438133

1504140274206 ROTATION_VECTOR 0.007360842 0.068340026 -0.8556193

1504140274208 GRAVITY -0.8111666 -1.0727843 9.713986

1504140274211 GYROSCOPE -0.120391846 -0.42340088 -0.017700195

1504140274213 MAGNETIC_FIELD -43.11676 -0.77667236 -29.841614

1504140274391 ACCELEROMETER 6.4128876 -1.8843231 7.542618

1504140274392 GYROSCOPE -0.003967285 -0.535553 -0.049743652

1504140274393 MAGNETIC_FIELD -46.41266 1.0726929 -23.526001

1504140274393 GRAVITY 0.47407275 -1.2498415 9.715119

1504140274394 LINEAR_ACCELERATION 5.933258 -0.7424365 -1.3908138

1504140274394 ROTATION_VECTOR -0.055591434 0.03970363 -0.83007467

1504140274593 ACCELEROMETER 7.0190125 -1.7125244 6.8239746

1504140274594 GYROSCOPE 0.06652832 0.038024902 -0.0390625

1504140274595 MAGNETIC_FIELD -47.875977 0.79803467 -19.857788

1504140274595 GRAVITY 1.3120472 -1.2284706 9.640528

1504140274596 LINEAR_ACCELERATION 5.791395 -0.630371 -1.920146

1504140274602 ROTATION_VECTOR -0.091089845 0.013134493 -0.8165647

1504140274806 ACCELEROMETER 7.0133667 -1.3085175 6.783539

1504140274810 GYROSCOPE 0.17333984 -0.24075317 0.07736206

1504140274813 MAGNETIC_FIELD -47.94464 -0.31280518 -18.696594

1504140274816 GRAVITY 1.8240719 -1.0272204 9.580604

1504140274819 LINEAR_ACCELERATION 5.3804445 -0.35553056 -1.9606009

1504140274824 ROTATION_VECTOR -0.106681615 -0.012008121 -0.8062942

1504140275005 ACCELEROMETER 7.056961 -1.529419 6.6999054

1504140275011 GYROSCOPE -0.0050354004 0.010253906 0.0047302246

1504140275014 MAGNETIC_FIELD -49.464417 -1.020813 -17.95044

1504140275017 GRAVITY 2.330709 -0.92407024 9.480732

1504140275019 LINEAR_ACCELERATION 4.9101763 -0.7012437 -1.8595362

1504140275026 ROTATION_VECTOR -0.12439448 -0.033811536 -0.7937054

1504140275208 ACCELEROMETER 7.3363495 -1.3687439 6.424301

1504140275212 GYROSCOPE -0.02960205 0.08074951 0.00793457

1504140275215 MAGNETIC_FIELD -50.14801 -0.33111572 -16.57257

1504140275218 GRAVITY 2.546206 -0.9922302 9.418212

1504140275221 LINEAR_ACCELERATION 5.0345144 -0.4779945 -2.0836525

1504140275227 ROTATION_VECTOR -0.13520901 -0.03903074 -0.78659075

1504140275406 ACCELEROMETER 7.3518524 -1.3914948 6.5147095

1504140275409 GYROSCOPE 0.016326904 -0.07626343 0.020751953

1504140275411 MAGNETIC_FIELD -50.20294 -0.3250122 -16.358948

1504140275414 GRAVITY 4.4054146 -1.1874468 8.680593

1504140275416 LINEAR_ACCELERATION 3.3772812 -0.31940353 -1.3056703

1504140275418 ROTATION_VECTOR -0.22762798 -0.07482298 -0.81163436

1504140275609 ACCELEROMETER 7.361496 -1.407547 6.399338

1504140275612 GYROSCOPE 0.0035095215 -0.12966919 -0.0059509277

1504140275614 MAGNETIC_FIELD -48.765564 -0.92163086 -16.383362

1504140275617 LINEAR_ACCELERATION 2.1417413 -0.22972953 -0.89916754

1504140275619 ROTATION_VECTOR -0.29684442 -0.090577014 -0.825693

1504140275621 GRAVITY 5.644135 -1.2757814 7.9174814

1504140275810 ACCELEROMETER 7.4566956 -1.3851776 6.3580017

1504140275814 GYROSCOPE -0.030670166 0.050842285 -0.020904541

1504140275816 MAGNETIC_FIELD -50.065613 -0.80718994 -15.507507

1504140275818 GRAVITY 6.3400464 -1.3199893 7.364226

1504140275820 LINEAR_ACCELERATION 1.4561887 -0.13097525 -0.5901871

1504140275822 ROTATION_VECTOR -0.3400213 -0.09441652 -0.8316009

1504140276011 ACCELEROMETER 7.442108 -1.4612122 6.3514404

1504140276014 GYROSCOPE 0.022735596 -0.092285156 0.006866455

1504140276016 MAGNETIC_FIELD -50.47455 -0.4348755 -15.579224

1504140276018 GRAVITY 6.7442923 -1.369224 6.9864254

1504140276020 LINEAR_ACCELERATION 0.9487457 -0.14876318 -0.40864468

1504140276022 ROTATION_VECTOR -0.3634504 -0.108144574 -0.81665176

1504140276212 ACCELEROMETER 7.3899536 -1.386795 6.3772125

1504140276215 GYROSCOPE -0.008239746 -0.043151855 0.00793457

1504140276217 MAGNETIC_FIELD -49.645996 -0.77819824 -16.511536

1504140276219 GRAVITY 7.0160365 -1.3714012 6.7130384

1504140276222 LINEAR_ACCELERATION 0.53020144 -0.040555358 -0.17620373

1504140276224 ROTATION_VECTOR -0.3765971 -0.12611477 -0.7981819

1504140276407 ACCELEROMETER 7.497345 -1.4022064 6.2967224

1504140276407 GRAVITY 7.1217375 -1.4344265 6.587387

1504140276408 LINEAR_ACCELERATION 0.4603362 0.005638242 -0.21977186

1504140276408 GYROSCOPE -0.10116577 0.13415527 -6.1035156E-4

1504140276408 ROTATION_VECTOR -0.3813224 -0.13685744 -0.7825909

1504140276409 MAGNETIC_FIELD -50.42267 -1.4343262 -15.354919

