1508377498398 GYROSCOPE -0.14752197 -0.28868103 -0.03251648

1508377498400 MAGNETIC_FIELD 16.01715 -34.184265 -26.325989

1508377498401 LINEAR_ACCELERATION 0.0 0.0 -0.0

1508377498401 GRAVITY 0.15583 6.912279 6.954603

1508377498402 ROTATION_VECTOR 0.0 0.0 0.0

1508377498599 ACCELEROMETER 0.2621765 6.98526 7.3966827

1508377498600 GYROSCOPE -0.088775635 -0.18293762 0.026229858

1508377498601 MAGNETIC_FIELD 14.498901 -32.670593 -28.131104

1508377498602 GRAVITY 0.90799034 6.176852 7.5625687

1508377498602 LINEAR_ACCELERATION 0.42246407 -0.6343007 0.41198444

1508377498603 ROTATION_VECTOR 0.21899943 0.2577898 0.7981789

1508377498801 ACCELEROMETER 1.3191986 5.6749573 7.999939

1508377498801 GYROSCOPE -0.16461182 0.15138245 0.0710907

1508377498802 MAGNETIC_FIELD 16.186523 -30.989075 -28.787231

1508377498802 GRAVITY 1.0245477 6.12137 7.592728

1508377498803 LINEAR_ACCELERATION -0.011816025 -0.15313387 -0.8140235

1508377498803 ROTATION_VECTOR 0.2298335 0.24506156 0.78394264

1508377499002 ACCELEROMETER 0.9601135 5.8884277 6.7214355

1508377499003 GYROSCOPE -0.0011901855 0.42695618 0.34346008

1508377499003 MAGNETIC_FIELD 16.355896 -29.475403 -31.246948

1508377499004 LINEAR_ACCELERATION -0.78309685 0.29073238 0.48134613

1508377499004 GRAVITY 0.55391365 5.940846 7.7826676

1508377499005 ROTATION_VECTOR 0.19563974 0.25479302 0.8014168

1508377499204 ACCELEROMETER -0.19073486 6.18927 8.412552

1508377499206 GYROSCOPE -0.03857422 0.011459351 0.69166565

1508377499207 MAGNETIC_FIELD 14.668274 -32.165527 -30.59082

1508377499207 GRAVITY 0.7408444 5.6096096 8.009607

1508377499208 LINEAR_ACCELERATION -0.3029408 -0.6079874 0.96794415

1508377499208 ROTATION_VECTOR 0.17463274 0.2472389 0.8437694

1508377499441 ACCELEROMETER 0.43426514 5.04657 8.89296

1508377499441 ACCELEROMETER 0.8414917 5.1213684 6.9144135

1508377499442 GYROSCOPE -0.09411621 0.025344849 0.33918762

1508377499443 MAGNETIC_FIELD 11.201477 -31.402588 -29.257202

1508377499444 GRAVITY 1.3169882 5.426753 8.061407

1508377499444 LINEAR_ACCELERATION -0.4723543 -0.20894766 -1.0732107

1508377499446 ROTATION_VECTOR 0.17852923 0.23897688 0.8778086

1508377499642 ACCELEROMETER 0.5313721 5.5846863 8.932373

1508377499643 GYROSCOPE -0.19558716 0.17488098 -0.2589569

1508377499644 MAGNETIC_FIELD 10.279846 -31.835938 -29.444885

1508377499644 GRAVITY 1.0855218 5.167393 8.263781

1508377499645 LINEAR_ACCELERATION -0.5440068 0.43154716 0.9224806

1508377499646 ROTATION_VECTOR 0.1547142 0.23394006 0.89236724

1508377499844 ACCELEROMETER 1.2397919 4.907654 8.578629

1508377499845 GYROSCOPE 0.3769226 -0.14555359 -0.060287476

1508377499846 MAGNETIC_FIELD 11.164856 -31.28357 -29.07257

1508377499846 GRAVITY 0.94323856 5.2954297 8.199946

1508377499847 LINEAR_ACCELERATION 0.32516146 -0.48165655 0.057540894

1508377499848 ROTATION_VECTOR 0.1572378 0.23915556 0.88052565

1508377500046 ACCELEROMETER 0.60961914 5.096756 6.757965

1508377500047 GYROSCOPE 0.0041503906 -0.022720337 -0.0058135986

1508377500047 MAGNETIC_FIELD 11.378479 -32.33185 -27.474976

1508377500048 GRAVITY 1.0087626 5.6512303 7.950873

1508377500049 LINEAR_ACCELERATION -0.40107256 -0.3838625 -1.1596375

1508377500049 ROTATION_VECTOR 0.17249888 0.25468105 0.869324

1508377500247 ACCELEROMETER 0.19319153 6.4149475 8.596695

1508377500249 GYROSCOPE -0.2692871 0.17381287 0.028366089

1508377500249 MAGNETIC_FIELD 12.350464 -32.3761 -26.37024

1508377500250 GRAVITY 0.8086619 5.482258 8.090816

1508377500250 LINEAR_ACCELERATION -0.6954221 1.099359 0.7923107

1508377500251 ROTATION_VECTOR 0.15703009 0.25064868 0.8748542

1508377500449 ACCELEROMETER -0.20727539 4.8747864 7.637726

1508377500449 GYROSCOPE 0.19320679 -0.029129028 0.38938904

1508377500450 MAGNETIC_FIELD 11.677551 -32.11975 -26.29242

1508377500450 GRAVITY 0.82806355 5.364707 8.16729

1508377500451 LINEAR_ACCELERATION -1.0115957 -0.7555394 -0.69269943

1508377500451 ROTATION_VECTOR 0.14947797 0.2474681 0.8853275

1508377500650 ACCELEROMETER 0.48765564 5.086136 7.415619

1508377500652 GYROSCOPE 0.09814453 0.020004272 0.040115356

1508377500652 MAGNETIC_FIELD 10.653687 -33.62274 -24.830627

1508377500653 GRAVITY 1.0293902 5.5617657 8.011086

1508377500654 LINEAR_ACCELERATION -0.45882916 -0.26990032 -0.34392262

1508377500654 ROTATION_VECTOR 0.15622701 0.25911656 0.89217895

1508377500852 ACCELEROMETER 1.1581116 6.2993774 7.59964

1508377500853 GYROSCOPE -0.27142334 0.075546265 -0.28779602

1508377500854 MAGNETIC_FIELD 12.2039795 -34.272766 -24.60022

1508377500855 GRAVITY 0.84427387 5.5216217 8.060352

1508377500855 LINEAR_ACCELERATION 0.39482838 1.0007792 -0.5158181

1508377500856 ROTATION_VECTOR 0.14938451 0.25830343 0.8889523

1508377501059 ACCELEROMETER 0.39907837 4.635269 7.511261

1508377501060 GRAVITY 0.6257711 5.5089107 8.088924

1508377501060 LINEAR_ACCELERATION -0.24919295 -0.9768524 -0.41043997

1508377501061 ROTATION_VECTOR 0.14922252 0.25556266 0.87397605

1508377501062 GYROSCOPE 0.250885 -0.23207092 -0.30381775

1508377501062 MAGNETIC_FIELD 14.906311 -33.32672 -25.57373

1508377501260 ACCELEROMETER 0.30096436 5.372696 6.4618835

1508377501261 GYROSCOPE -0.019348145 -0.24702454 -0.34654236

1508377501262 MAGNETIC_FIELD 16.096497 -33.166504 -25.72937

1508377501263 GRAVITY 0.62186486 5.764435 7.9091697

1508377501263 LINEAR_ACCELERATION -0.41673368 -0.083144665 -1.2125783

1508377501264 ROTATION_VECTOR 0.17081748 0.25993454 0.8456483

1508377501462 GRAVITY -0.009658991 5.300131 8.250995

1508377501463 LINEAR_ACCELERATION -0.40857565 0.8270669 1.7627621

1508377501464 ROTATION_VECTOR 0.14975718 0.23851448 0.81169075

1508377501464 ACCELEROMETER -0.20761108 6.1723785 9.397858

1508377501465 GYROSCOPE -0.5683594 -0.054763794 -1.1177216

1508377501466 MAGNETIC_FIELD 19.648743 -30.281067 -25.141907

1508377501669 GRAVITY -0.17528626 4.847211 8.523157

1508377501672 LINEAR_ACCELERATION -0.66910243 -0.4470787 0.26192474

1508377501674 ROTATION_VECTOR 0.14208333 0.21272577 0.78397113

1508377501676 ACCELEROMETER -0.9770355 4.4221497 8.96904

1508377501678 GYROSCOPE 0.07678223 -0.15196228 0.5549469

1508377501680 MAGNETIC_FIELD 21.565247 -26.908875 -26.59607

1508377501871 GRAVITY 0.18929188 5.0913687 8.379291

1508377501873 LINEAR_ACCELERATION 0.07739897 0.4776163 -1.5202627

1508377501875 ROTATION_VECTOR 0.16379936 0.21434745 0.7862968

1508377501878 ACCELEROMETER 0.17102051 5.334549 6.8963776

1508377501880 GYROSCOPE 0.13446045 0.018936157 -0.051742554

1508377501882 MAGNETIC_FIELD 18.63861 -30.200195 -26.72882

1508377502065 GRAVITY -0.16748036 4.6818414 8.615259

1508377502066 LINEAR_ACCELERATION 0.8651025 1.6864853 -0.32002163

1508377502067 ROTATION_VECTOR 0.13782214 0.2043259 0.7835709

1508377502068 ACCELEROMETER 0.579834 6.1788635 7.8400726

1508377502068 GYROSCOPE -0.7093506 0.15672302 -0.43946838

1508377502069 MAGNETIC_FIELD 19.636536 -29.414368 -25.72937

1508377502269 LINEAR_ACCELERATION 0.5010699 -0.5348015 -0.7766743

1508377502270 GRAVITY -0.3147689 4.588555 8.661205

1508377502270 ACCELEROMETER 0.13697815 4.11586 8.063553

1508377502271 ROTATION_VECTOR 0.13488132 0.20052052 0.7662025

1508377502272 GYROSCOPE 0.61938477 -0.17012024 0.04866028

1508377502272 MAGNETIC_FIELD 21.646118 -27.01416 -28.160095

1508377502475 ACCELEROMETER 0.23794556 5.151062 7.104767

1508377502480 GRAVITY -0.119118944 5.066179 8.395834

1508377502482 LINEAR_ACCELERATION 0.15017039 0.3260522 -0.8171625

1508377502484 ROTATION_VECTOR 0.16444036 0.21187489 0.7469493

1508377502486 GYROSCOPE -0.090911865 -0.1882782 -0.2995453

1508377502488 MAGNETIC_FIELD 21.885681 -24.824524 -28.076172

1508377502681 GRAVITY 0.16820881 4.7064886 8.601806

1508377502684 ACCELEROMETER -0.1468811 6.5556183 8.838898

1508377502686 LINEAR_ACCELERATION -0.27022886 2.1139216 0.58109

1508377502689 ROTATION_VECTOR 0.1680197 0.18220691 0.73521274

1508377502691 GYROSCOPE -0.40600586 -0.36131287 -0.045333862

1508377502695 MAGNETIC_FIELD 22.377014 -24.629211 -30.31311

1508377502873 GRAVITY 0.7242842 4.59827 8.631437

1508377502875 LINEAR_ACCELERATION -1.284107 -0.6058011 -0.9129143

1508377502876 ROTATION_VECTOR 0.18679544 0.15819809 0.7341058

1508377502879 ACCELEROMETER -0.5621033 4.235565 7.705963

1508377502882 GYROSCOPE 0.29040527 -0.22459412 0.28044128

1508377502884 MAGNETIC_FIELD 19.880676 -25.288391 -29.716492

1508377503075 ACCELEROMETER 0.19395447 4.887924 7.1958313

1508377503076 GYROSCOPE -0.03643799 0.02748108 0.10206604

1508377503076 GRAVITY 1.033326 4.826949 8.473677

1508377503077 LINEAR_ACCELERATION -0.7940835 0.3145976 -1.0757065

1508377503077 ROTATION_VECTOR 0.2040529 0.16225034 0.74572146

1508377503077 MAGNETIC_FIELD 19.320679 -26.087952 -28.504944

1508377503281 ROTATION_VECTOR 0.20421953 0.1562205 0.743748

1508377503287 LINEAR_ACCELERATION -0.27294707 1.8201623 -0.45765114

1508377503289 GRAVITY 1.0884365 4.750315 8.510006

1508377503291 ACCELEROMETER 0.7316437 6.253937 7.747406

1508377503293 GYROSCOPE -0.17422485 -0.20536804 -0.26750183

1508377503295 MAGNETIC_FIELD 19.92035 -26.252747 -28.807068

1508377503485 ACCELEROMETER 0.078201294 4.8935547 9.056229

1508377503492 GYROSCOPE 0.3000183 0.15779114 0.48124695

1508377503494 MAGNETIC_FIELD 19.937134 -25.169373 -30.516052

1508377503496 GRAVITY 1.1644555 4.817565 8.462004

1508377503498 LINEAR_ACCELERATION -1.1843015 -0.057462215 0.76662064

1508377503503 ROTATION_VECTOR 0.20787835 0.15919955 0.7503972

1508377503691 ACCELEROMETER -0.71302795 4.588455 7.4431305

1508377503695 GRAVITY 1.03706 4.863833 8.452102

1508377503697 LINEAR_ACCELERATION -1.865701 -0.1792779 -0.9054642

1508377503699 ROTATION_VECTOR 0.18678395 0.18486346 0.80680114

1508377503704 GYROSCOPE -0.007598877 0.693985 0.96510315

1508377503707 MAGNETIC_FIELD 20.019531 -27.07367 -28.344727

1508377503885 GRAVITY 0.6767771 4.5164146 8.678385

1508377503889 LINEAR_ACCELERATION -1.8252068 -0.3309102 0.19095516

1508377503892 ROTATION_VECTOR 0.12101689 0.20707594 0.90150964

1508377503894 ACCELEROMETER -1.1115723 4.1463623 8.304138

1508377503896 GYROSCOPE 0.17932129 1.1287079 1.8217316

1508377503898 MAGNETIC_FIELD 16.218567 -30.578613 -27.172852

1508377504094 ACCELEROMETER -1.6369781 2.7046661 10.033676

1508377504098 GRAVITY 0.36797926 4.163052 8.871526

1508377504100 LINEAR_ACCELERATION -1.8640711 -1.4325042 1.5610161

1508377504102 ROTATION_VECTOR 0.042761263 0.21412504 0.9700841

1508377504108 GYROSCOPE 0.2295227 1.0389862 2.1197357

1508377504110 MAGNETIC_FIELD 7.975769 -35.624695 -25.015259

1508377504295 ACCELEROMETER -1.0603943 2.5321808 10.332596

1508377504300 GRAVITY -0.019816108 3.920179 8.989003

1508377504313 LINEAR_ACCELERATION -1.0711706 -1.4206803 1.5375385

1508377504315 ROTATION_VECTOR 0.03761757 -0.20068203 -0.9630753

1508377504317 GYROSCOPE 0.23699951 1.2921295 2.2831573

1508377504320 MAGNETIC_FIELD -1.7440796 -36.82556 -23.556519

1508377504489 GRAVITY -0.8419686 3.6684754 9.0555935

1508377504492 LINEAR_ACCELERATION 0.46177447 -0.91533804 0.29828835

1508377504494 ROTATION_VECTOR 0.123231545 -0.15201066 -0.8806314

1508377504496 ACCELEROMETER -0.46020508 2.5790558 9.359528

1508377504498 GYROSCOPE -0.08343506 1.426712 1.9605865

1508377504500 MAGNETIC_FIELD -12.030029 -33.955383 -24.45221

1508377504699 ACCELEROMETER 1.0367584 3.9524994 9.494736

1508377504703 GRAVITY -1.7411911 3.5971441 8.9554

1508377504705 LINEAR_ACCELERATION 2.901124 0.5518286 0.9674635

1508377504710 ROTATION_VECTOR 0.18740168 -0.09100698 -0.76789135

1508377504713 GYROSCOPE -0.10266113 1.0101471 1.1456146

1508377504715 MAGNETIC_FIELD -16.729736 -28.439331 -29.325867

1508377504901 ACCELEROMETER 0.71780396 3.9185638 8.843765

1508377504904 GRAVITY -2.034622 3.8205566 8.799662

1508377504906 LINEAR_ACCELERATION 2.5943928 0.16272211 -0.10086918

1508377504908 ROTATION_VECTOR 0.21930665 -0.056979917 -0.6592937

1508377504914 GYROSCOPE 9.460449E-4 0.3927765 1.0505524

1508377504916 MAGNETIC_FIELD -18.487549 -24.313354 -32.307434

1508377505095 GRAVITY -1.7010176 4.1227107 8.733852

1508377505100 LINEAR_ACCELERATION 1.9201766 0.36244583 -0.3190012

1508377505102 ROTATION_VECTOR 0.22820139 -0.051201325 -0.5585983

1508377505104 ACCELEROMETER 0.26989746 4.256241 8.098282

1508377505106 GYROSCOPE -0.041778564 0.17167664 0.77497864

1508377505108 MAGNETIC_FIELD -20.907593 -18.841553 -35.520935

1508377505298 GRAVITY -1.0853133 3.969449 8.901458

1508377505301 LINEAR_ACCELERATION 1.33804 0.76674294 1.8462629

1508377505303 ROTATION_VECTOR 0.20715655 -0.056904417 -0.49791527

1508377505305 ACCELEROMETER 0.28601074 4.711975 10.3029175

1508377505307 GYROSCOPE -0.33551025 -0.17759705 0.46736145

1508377505310 MAGNETIC_FIELD -22.288513 -15.821838 -36.297607

1508377505500 GRAVITY -0.43091983 3.8103905 9.02583

1508377505503 LINEAR_ACCELERATION 0.1132901 0.051862717 -0.51069736

1508377505505 ACCELEROMETER -0.36408997 3.8322296 8.524628

1508377505507 ROTATION_VECTOR 0.18761358 -0.0679107 -0.4349439

1508377505509 GYROSCOPE 0.019104004 0.100112915 0.95762634

1508377505511 MAGNETIC_FIELD -23.031616 -10.844421 -38.694763

1508377505702 ACCELEROMETER 0.33488464 4.147812 7.8298187

1508377505711 GRAVITY -0.17155394 4.0543056 8.927686

1508377505712 LINEAR_ACCELERATION 0.55760026 0.24726033 -1.1435957

1508377505713 ROTATION_VECTOR 0.19953665 -0.0707097 -0.36509994

1508377505713 GYROSCOPE 0.1867981 0.2111969 0.36802673

1508377505714 MAGNETIC_FIELD -22.845459 -7.6644897 -39.268494

1508377505902 ACCELEROMETER 1.0612946 4.690567 9.315247

1508377505911 GRAVITY -0.23112378 3.8172214 9.030271

1508377505915 LINEAR_ACCELERATION 1.3860054 1.0132983 0.80835724

1508377505920 ROTATION_VECTOR 0.18858534 -0.063402705 -0.36787263

1508377505922 GYROSCOPE -0.48077393 -0.11778259 -0.49180603

1508377505925 MAGNETIC_FIELD -22.253418 -7.0098877 -40.171814

1508377506102 ACCELEROMETER 0.19174194 3.8449402 8.309677

1508377506111 GYROSCOPE 0.061828613 0.10652161 -0.103012085

1508377506115 MAGNETIC_FIELD -20.652771 -6.8237305 -40.45105

1508377506120 GRAVITY -0.42546493 3.4487107 9.170374

1508377506122 LINEAR_ACCELERATION 0.4764262 0.3775339 -1.0525236

1508377506124 ROTATION_VECTOR 0.1722031 -0.052793402 -0.40129682

1508377506304 ACCELEROMETER 0.0074920654 4.525116 8.018723

1508377506313 GYROSCOPE -0.066345215 0.014663696 0.024093628

1508377506317 MAGNETIC_FIELD -19.89746 -6.402588 -41.548157

1508377506322 GRAVITY -0.54221934 3.5045605 9.143

1508377506324 LINEAR_ACCELERATION 0.42831862 1.1289861 -0.55574703

1508377506327 ROTATION_VECTOR 0.17715256 -0.049535174 -0.4063201

1508377506506 ACCELEROMETER 0.08985901 4.905411 10.162415

1508377506512 GYROSCOPE -0.64953613 -0.31004333 -0.062423706

1508377506514 MAGNETIC_FIELD -18.913269 -6.8740845 -40.82794

1508377506518 GRAVITY -0.24279547 2.917543 9.359454

1508377506522 LINEAR_ACCELERATION 0.57954615 2.0707393 1.1837864

1508377506524 ROTATION_VECTOR 0.14189078 -0.051649403 -0.41400138

1508377506707 ACCELEROMETER -0.45869446 3.9335327 8.050598

1508377506716 GYROSCOPE -0.45620728 0.13536072 0.18110657

1508377506719 MAGNETIC_FIELD -18.356323 -6.4224243 -42.182922

1508377506723 GRAVITY -0.07779392 1.9704018 9.606344

1508377506725 LINEAR_ACCELERATION -0.72386754 1.7931614 -1.4890413

1508377506728 ROTATION_VECTOR 0.09352741 -0.038280252 -0.41288543

1508377506908 ACCELEROMETER -0.115737915 4.4347687 7.898178

1508377506917 GYROSCOPE 0.12591553 0.15031433 0.19392395

1508377506921 MAGNETIC_FIELD -17.042542 -6.0195923 -42.34619

1508377506925 GRAVITY -0.26618344 1.8232034 9.632002

1508377506927 LINEAR_ACCELERATION 0.3240901 2.9426959 -1.953126

1508377506929 ROTATION_VECTOR 0.0914189 -0.0233915 -0.38352346

1508377507113 ACCELEROMETER 0.60543823 4.6930084 10.575378

1508377507127 GYROSCOPE -0.87597656 -0.33781433 -0.66911316

1508377507130 MAGNETIC_FIELD -16.918945 -5.4870605 -41.453552

1508377507132 GRAVITY -0.11958588 1.2397169 9.72724

1508377507134 LINEAR_ACCELERATION 0.8897294 3.2827387 1.6494303

1508377507136 ROTATION_VECTOR 0.060509734 -0.01968217 -0.39839032

1508377507310 GRAVITY 0.14953575 0.960726 9.758331

1508377507312 LINEAR_ACCELERATION -0.12381944 2.891138 -1.5080662

1508377507314 ROTATION_VECTOR 0.04085586 -0.028184563 -0.4339564

1508377507315 ACCELEROMETER 0.17396545 3.8054657 8.733917

1508377507317 GYROSCOPE 0.44100952 -0.03981018 -0.11048889

1508377507319 MAGNETIC_FIELD -14.920044 -5.340576 -42.552185

1508377507514 ACCELEROMETER 0.13723755 4.77359 7.0658417

1508377507521 GYROSCOPE -0.093048096 -0.08680725 -0.021835327

1508377507529 MAGNETIC_FIELD -15.385437 -7.4676514 -41.889954

1508377507532 GRAVITY 0.26047912 1.5062094 9.686789

1508377507534 LINEAR_ACCELERATION -0.045612037 3.5142305 -2.0412703

1508377507537 ROTATION_VECTOR 0.06304462 -0.04622359 -0.44384995

1508377507712 GRAVITY 0.5200557 1.2227716 9.716211

1508377507713 LINEAR_ACCELERATION -0.00635612 4.279174 0.24757099

1508377507713 ROTATION_VECTOR 0.043173824 -0.052413046 -0.46038088

1508377507714 ACCELEROMETER 0.42382813 5.433777 9.57045

1508377507715 GYROSCOPE -0.43270874 -0.21070862 -0.17991638

1508377507715 MAGNETIC_FIELD -15.675354 -7.710266 -40.95764

1508377507919 ACCELEROMETER 0.3187561 3.4801483 7.9157715

1508377507922 GRAVITY 0.7222147 0.79678476 9.747509

1508377507924 LINEAR_ACCELERATION -0.6420977 2.2912962 -1.6912985

1508377507927 ROTATION_VECTOR 0.017786637 -0.051951967 -0.4827206

1508377507929 GYROSCOPE -0.15713501 -0.081466675 -0.27711487

1508377507932 MAGNETIC_FIELD -14.073181 -8.045959 -42.884827

1508377508118 GRAVITY 1.0720046 1.0253905 9.693801

1508377508121 LINEAR_ACCELERATION -1.1089894 4.074805 -2.1694374

1508377508123 ROTATION_VECTOR 0.017688874 -0.073762015 -0.50219303

1508377508125 ACCELEROMETER -0.10044861 4.6527863 7.4121246

1508377508130 GYROSCOPE 0.115234375 -0.36878967 -0.24079895

1508377508131 MAGNETIC_FIELD -14.126587 -9.379578 -42.05475

1508377508320 GRAVITY 1.2315964 0.9751391 9.680014

1508377508324 LINEAR_ACCELERATION -1.435394 4.1250615 -0.85404396

1508377508326 ROTATION_VECTOR 0.009858369 -0.07974637 -0.5181934

1508377508328 ACCELEROMETER -0.22921753 5.2269287 8.13707

1508377508330 GYROSCOPE -0.4220276 0.11079407 0.06575012

1508377508332 MAGNETIC_FIELD -16.592407 -10.241699 -42.279053

1508377508522 GRAVITY 1.5076369 1.007291 9.637571

1508377508525 LINEAR_ACCELERATION -1.9557265 1.927414 -0.36843204

1508377508527 ROTATION_VECTOR 0.0034089268 -0.09278467 -0.5223705

1508377508530 ACCELEROMETER -0.6997833 2.9208221 8.745728

1508377508532 GYROSCOPE 0.35235596 -0.49375916 0.009140015

1508377508534 MAGNETIC_FIELD -15.974426 -8.403015 -42.77954

1508377508721 ACCELEROMETER 0.5094452 4.69046 7.9878845

1508377508724 GYROSCOPE 0.15475464 -0.108169556 0.07322693

1508377508727 MAGNETIC_FIELD -14.703369 -8.877563 -42.066956

1508377508729 GRAVITY 2.0222683 1.6720514 9.449078

1508377508731 LINEAR_ACCELERATION -1.4033355 3.2574286 -0.92727566

1508377508733 ROTATION_VECTOR 0.018882452 -0.1336959 -0.5183868

1508377508928 ACCELEROMETER 0.20431519 4.612488 9.465118

1508377508931 GRAVITY 2.271909 1.5870343 9.4069195

1508377508933 LINEAR_ACCELERATION -1.845887 3.115406 0.9486704

1508377508935 ROTATION_VECTOR 0.005793065 -0.14264299 -0.53340447

1508377508939 GYROSCOPE -0.416687 -0.27479553 -0.07310486

1508377508941 MAGNETIC_FIELD -15.431213 -10.151672 -42.222595

1508377509125 GRAVITY 2.6318154 0.9918863 9.394685

1508377509130 LINEAR_ACCELERATION -2.378075 2.2212667 -0.6828575

1508377509132 ROTATION_VECTOR -0.030920299 -0.14159216 -0.53844255

1508377509134 ACCELEROMETER 0.13491821 3.408142 8.392746

1508377509136 GYROSCOPE -0.34725952 -0.22779846 0.051864624

1508377509138 MAGNETIC_FIELD -18.103027 -7.432556 -42.474365

1508377509330 GRAVITY 2.8401947 1.0558363 9.326783

1508377509334 ACCELEROMETER 0.40489197 4.2023315 8.383392

1508377509346 LINEAR_ACCELERATION -2.2884464 3.4764135 -0.5927496

1508377509349 ROTATION_VECTOR -0.031039942 -0.15330659 -0.5210326

1508377509351 GYROSCOPE 0.2434082 -0.09855652 0.08711243

1508377509353 MAGNETIC_FIELD -17.617798 -6.060791 -41.937256

1508377509529 ACCELEROMETER 1.2044373 4.512497 10.365433

1508377509532 GYROSCOPE -0.4519348 -0.40403748 -0.48753357

1508377509534 MAGNETIC_FIELD -18.580627 -7.3272705 -42.567444

1508377509536 GRAVITY 3.1420162 1.1437563 9.218999

1508377509538 LINEAR_ACCELERATION -1.6151485 3.2587368 2.1567583

1508377509541 ROTATION_VECTOR -0.039393436 -0.16855274 -0.53868365

1508377509730 GRAVITY 3.26092 1.0029439 9.194068

1508377509733 LINEAR_ACCELERATION -2.129378 2.8255267 -0.8762102

1508377509735 ROTATION_VECTOR -0.056846254 -0.16733645 -0.57657623

1508377509737 ACCELEROMETER 1.0476074 3.7556152 8.442276

1508377509740 GYROSCOPE -0.12936401 0.07020569 -0.27070618

1508377509742 MAGNETIC_FIELD -20.26062 -9.358215 -41.37268

1508377509933 GRAVITY 3.0769548 1.1312876 9.242453

1508377509936 LINEAR_ACCELERATION -2.3696954 3.5381494 -0.69861126

1508377509938 ROTATION_VECTOR -0.047578502 -0.16279548 -0.58590335

1508377509940 ACCELEROMETER 0.60632324 4.5177765 7.689911

1508377509942 GYROSCOPE -0.06100464 -0.030197144 -0.03678894

1508377509946 MAGNETIC_FIELD -19.47937 -10.238647 -41.80298

1508377510133 GRAVITY 3.1009538 1.0168293 9.247731

1508377510136 LINEAR_ACCELERATION -1.8916905 3.691234 1.3063707

1508377510140 ROTATION_VECTOR -0.054171827 -0.1598823 -0.59142256

1508377510142 ACCELEROMETER 0.97750854 4.8369293 9.439621

1508377510144 GYROSCOPE -0.33016968 -0.14768982 -0.121170044

1508377510149 MAGNETIC_FIELD -20.652771 -10.298157 -42.41028

1508377510334 GRAVITY 2.9578793 1.0621943 9.289407

1508377510339 LINEAR_ACCELERATION -2.363422 3.0351954 -0.14152145

1508377510341 ROTATION_VECTOR -0.04770968 -0.15522839 -0.5916021

1508377510343 ACCELEROMETER 0.5164795 3.9843445 9.249161

1508377510345 GYROSCOPE 0.16436768 0.15992737 0.03477478

1508377510349 MAGNETIC_FIELD -22.296143 -9.347534 -42.567444

1508377510535 GRAVITY 2.8511374 1.3950049 9.278759

1508377510541 LINEAR_ACCELERATION -2.029698 3.2886868 -1.2419081

1508377510543 ROTATION_VECTOR -0.030434756 -0.16121009 -0.5903914

1508377510545 ACCELEROMETER 0.6273346 4.436966 7.442566

1508377510547 GYROSCOPE -0.05886841 -0.15943909 -0.16603088

1508377510550 MAGNETIC_FIELD -22.11914 -9.638977 -42.83905

1508377510734 GRAVITY 2.964111 1.1396773 9.278231

1508377510735 LINEAR_ACCELERATION -1.9073865 2.8499923 2.0252523

1508377510735 ROTATION_VECTOR -0.0499499 -0.15635502 -0.61740994

1508377510736 ACCELEROMETER 0.82121277 4.19928 9.880066

1508377510743 GYROSCOPE -0.5288391 -0.18721008 -0.3497467

1508377510745 MAGNETIC_FIELD -23.921204 -9.632874 -42.95044

1508377510943 ACCELEROMETER 1.339798 3.753952 9.419083

1508377510946 GRAVITY 2.942367 0.953406 9.306121

1508377510949 LINEAR_ACCELERATION -1.4380019 2.9188085 -0.22606754

1508377510952 ROTATION_VECTOR -0.061139792 -0.14758669 -0.6405331

1508377510955 GYROSCOPE -0.072753906 0.034957886 -0.37324524

1508377510957 MAGNETIC_FIELD -24.090576 -8.232117 -42.67578

1508377511142 GRAVITY 2.8085773 1.1769536 9.321859

1508377511145 LINEAR_ACCELERATION -1.9835689 3.6000748 -0.31881428

1508377511147 ROTATION_VECTOR -0.04957015 -0.14919871 -0.64939666

1508377511149 ACCELEROMETER 0.6858978 4.49794 8.11821

1508377511151 GYROSCOPE -0.03643799 -0.047286987 -0.03678894

1508377511155 MAGNETIC_FIELD -24.482727 -10.978699 -42.6239

1508377511344 GRAVITY 2.6008399 1.6429116 9.311651

1508377511347 LINEAR_ACCELERATION -2.0724554 2.7891014 -0.42035103

1508377511349 ROTATION_VECTOR -0.024546033 -0.15695663 -0.64991367

1508377511351 ACCELEROMETER 0.41505432 4.5716095 8.316483

1508377511353 GYROSCOPE 0.33740234 0.14283752 -0.0410614

1508377511357 MAGNETIC_FIELD -26.05896 -10.191345 -42.73224

1508377511543 GRAVITY 2.2365584 2.2880797 9.2699995

1508377511548 LINEAR_ACCELERATION -1.5070546 1.7134175 -0.7357397

1508377511550 ROTATION_VECTOR 0.013279636 -0.16487946 -0.64764005

1508377511552 ACCELEROMETER 0.48762512 3.72937 8.126877

1508377511554 GYROSCOPE 0.24661255 0.1695404 0.060409546

1508377511558 MAGNETIC_FIELD -26.39618 -9.632874 -41.526794

1508377511745 ACCELEROMETER 0.83044434 4.427246 8.007034

1508377511748 GYROSCOPE -0.11868286 -0.07826233 -0.05281067

1508377511751 MAGNETIC_FIELD -26.556396 -11.601257 -42.57202

1508377511753 GRAVITY 2.0916426 2.5305495 9.240765

1508377511755 LINEAR_ACCELERATION -1.0832633 2.2021673 -0.3327732

1508377511760 ROTATION_VECTOR 0.027161583 -0.16767338 -0.6494135

1508377511949 GRAVITY 1.723885 2.4137137 9.347331

1508377511952 LINEAR_ACCELERATION -0.5025972 1.509126 0.81842804

1508377511954 ROTATION_VECTOR 0.0284984 -0.15035494 -0.683154

1508377511956 ACCELEROMETER 1.1832733 4.069824 9.397766

1508377511960 GYROSCOPE -0.27355957 0.17381287 -0.85069275

1508377511962 MAGNETIC_FIELD -26.068115 -10.884094 -42.94281

1508377512141 ACCELEROMETER 0.9231262 4.0527496 8.241043

1508377512142 GYROSCOPE 0.008422852 0.07661438 -0.18632507

1508377512142 MAGNETIC_FIELD -24.87793 -13.041687 -42.669678

1508377512142 GRAVITY 1.2171896 2.4482546 9.417796

1508377512142 LINEAR_ACCELERATION -0.20480978 1.9998944 -0.9015436

1508377512143 ROTATION_VECTOR 0.04220132 -0.13433197 -0.71366614

1508377512346 LINEAR_ACCELERATION -0.71732396 1.8599055 0.054901123

1508377512348 GRAVITY 0.9194166 2.619324 9.40554

1508377512350 ROTATION_VECTOR 0.060200434 -0.1297181 -0.7090949

1508377512351 ACCELEROMETER 0.2114563 4.326935 8.519272

1508377512353 GYROSCOPE 0.063964844 0.18235779 0.147995

1508377512354 MAGNETIC_FIELD -23.921204 -12.776184 -43.71643

1508377512550 GRAVITY 0.5947772 3.0464673 9.302455

1508377512553 LINEAR_ACCELERATION -0.22594357 1.300673 0.07265568

1508377512555 ROTATION_VECTOR 0.09353488 -0.13022302 -0.6764992

1508377512557 ACCELEROMETER 0.34960938 4.3316193 9.196259

1508377512559 GYROSCOPE 0.38546753 0.31800842 0.45988464

1508377512561 MAGNETIC_FIELD -24.029541 -12.097168 -43.05725

1508377512753 GRAVITY 0.27415797 3.4873736 9.16152

1508377512757 LINEAR_ACCELERATION 0.12546462 0.65589714 -0.8359232

1508377512759 ROTATION_VECTOR 0.1277062 -0.12877735 -0.6418598

1508377512761 ACCELEROMETER 0.33763123 3.8154602 7.625473

1508377512764 GYROSCOPE 0.07891846 0.22935486 0.12556458

1508377512767 MAGNETIC_FIELD -25.091553 -11.37085 -44.19403

1508377512950 GRAVITY 0.2039262 3.6580505 9.096563

1508377512952 LINEAR_ACCELERATION 0.3576163 1.0940998 -0.32702827

1508377512953 ROTATION_VECTOR 0.13924652 -0.12967171 -0.6280214

1508377512954 ACCELEROMETER 0.4875183 4.3290863 8.06517

1508377512955 GYROSCOPE 0.045806885 -0.09107971 -0.021835327

1508377512956 MAGNETIC_FIELD -24.198914 -11.491394 -44.526672

1508377513160 ACCELEROMETER 0.78944397 4.5837708 8.934433

1508377513162 GRAVITY 0.4304761 3.3586032 9.203525

1508377513165 LINEAR_ACCELERATION 0.5346405 1.3117166 0.72877216

1508377513168 ROTATION_VECTOR 0.11902673 -0.12877691 -0.6321607

1508377513170 GYROSCOPE -0.42843628 -0.19682312 -0.16496277

1508377513173 MAGNETIC_FIELD -25.170898 -11.224365 -43.07251

1508377513359 GRAVITY 0.50802046 3.1721573 9.265512

1508377513362 LINEAR_ACCELERATION -0.27843204 0.4972372 -0.24189281

1508377513364 ROTATION_VECTOR 0.11119674 -0.12339218 -0.61893517

1508377513367 ACCELEROMETER 0.5216217 3.6607056 8.99086

1508377513370 GYROSCOPE 0.20709229 0.17167664 0.37016296

1508377513372 MAGNETIC_FIELD -23.658752 -10.610962 -43.21747

1508377513561 GRAVITY 0.23381047 3.3440113 9.215927

1508377513564 LINEAR_ACCELERATION -0.867747 0.37097335 -0.16528034

1508377513566 ROTATION_VECTOR 0.13974714 -0.10290404 -0.5272146

1508377513568 ACCELEROMETER -0.5737457 3.550766 8.330048

1508377513573 GYROSCOPE 0.12271118 0.7174835 1.5429535

1508377513575 MAGNETIC_FIELD -24.88556 -8.71582 -44.40918

1508377513762 GRAVITY 0.29142925 3.1368833 9.286841

1508377513765 LINEAR_ACCELERATION -0.47703207 -0.73200107 2.0181856

1508377513767 ROTATION_VECTOR 0.14854604 -0.06661047 -0.31869137

1508377513769 ACCELEROMETER -0.5373535 2.3594818 10.269302

1508377513774 GYROSCOPE 0.1451416 0.6320343 2.613205

1508377513777 MAGNETIC_FIELD -20.298767 -4.672241 -46.939087

1508377513963 GRAVITY 0.0054928414 2.929613 9.358831

1508377513966 LINEAR_ACCELERATION 0.67875576 -0.85299873 2.0219479

1508377513968 ROTATION_VECTOR 0.15099671 -0.0056919386 -0.03538435

1508377513970 ACCELEROMETER 0.723114 1.9811707 11.305786

1508377513975 GYROSCOPE 0.2006836 1.1692963 1.9488373

1508377513977 MAGNETIC_FIELD -15.411377 1.6983032 -49.768066

1508377514164 GRAVITY -0.9844002 3.1001656 9.251503

1508377514169 LINEAR_ACCELERATION 1.7552202 -0.57090855 0.43611717

1508377514171 ROTATION_VECTOR 0.14501168 0.085300766 0.21921588

1508377514173 ACCELEROMETER 0.7579498 2.2953339 9.641327

1508377514177 GYROSCOPE 0.21990967 1.0977325 1.640152

1508377514179 MAGNETIC_FIELD -2.6153564 1.826477 -51.68457

1508377514368 GRAVITY -1.8991073 3.271177 9.047828

1508377514385 LINEAR_ACCELERATION 2.8310719 0.108924866 -0.301589

1508377514388 ROTATION_VECTOR 0.111894734 0.16176762 0.417318

1508377514390 ACCELEROMETER 1.06604 3.1767883 8.283356

1508377514392 GYROSCOPE -0.2190857 0.953537 0.96510315

1508377514396 MAGNETIC_FIELD 5.256653 -0.15411377 -52.30713

1508377514567 GRAVITY -2.369494 3.4524455 8.8677225

1508377514571 LINEAR_ACCELERATION 3.1946514 -0.0849781 0.5320463

1508377514580 ROTATION_VECTOR 0.07631744 0.20505518 0.56139386

1508377514583 ACCELEROMETER 0.9182434 3.2104492 9.002426

1508377514585 GYROSCOPE 0.055419922 0.57115173 1.1595001

1508377514587 MAGNETIC_FIELD 14.149475 -1.0818481 -50.74463

1508377514768 ACCELEROMETER 1.327774 3.6704712 7.6854553

1508377514771 GYROSCOPE 0.021240234 0.46861267 0.87324524

1508377514773 MAGNETIC_FIELD 18.643188 -8.726501 -47.76001

1508377514776 GRAVITY -2.3549268 3.9706552 8.652087

1508377514783 LINEAR_ACCELERATION 3.597954 0.094788074 -0.78769207

1508377514789 ROTATION_VECTOR 0.06942212 0.23247993 0.6579228

1508377514973 GRAVITY -2.3588428 4.5057187 8.384792

1508377514976 LINEAR_ACCELERATION 2.829139 0.20395756 0.8175726

1508377514978 ROTATION_VECTOR 0.061254345 0.26218784 0.7292259

1508377514983 ACCELEROMETER 0.7194977 4.3368683 8.487335

1508377514986 GYROSCOPE 0.18359375 0.5807648 0.8721771

1508377514988 MAGNETIC_FIELD 21.037292 -13.226318 -45.24994

1508377515174 GRAVITY -1.8504083 5.1874123 8.114008

1508377515177 LINEAR_ACCELERATION 2.2283525 -1.3472571 2.9797015

1508377515179 ROTATION_VECTOR 0.06932321 0.28547332 0.7991008

1508377515184 ACCELEROMETER 0.5684662 3.8017578 10.78154

1508377515186 GYROSCOPE 0.31604004 0.122543335 1.1135712

1508377515188 MAGNETIC_FIELD 21.568298 -15.657043 -43.98651

1508377515373 GRAVITY -1.2470152 5.7993526 7.8091516

1508377515378 LINEAR_ACCELERATION 1.4846699 -1.9342742 1.1666698

1508377515380 ROTATION_VECTOR 0.07907425 0.3091785 0.8482751

1508377515386 ACCELEROMETER 0.25411987 3.5513153 8.710693

1508377515388 GYROSCOPE 0.2572937 0.41734314 0.65000916

1508377515390 MAGNETIC_FIELD 18.930054 -20.152283 -41.95404

1508377515574 GRAVITY -1.0626998 6.1462693 7.5673265

1508377515580 LINEAR_ACCELERATION 2.0497622 -1.5327835 1.5156355

1508377515582 ROTATION_VECTOR 0.07678861 0.32905507 0.8667161

1508377515587 ACCELEROMETER 0.89024353 4.1608276 8.361679

1508377515590 GYROSCOPE 0.19747925 0.08409119 0.11488342

1508377515592 MAGNETIC_FIELD 19.66858 -24.613953 -40.405273

1508377515778 GRAVITY -1.0419251 6.2204666 7.5093665

1508377515781 LINEAR_ACCELERATION 2.0506735 -2.294804 1.4864049

1508377515783 ROTATION_VECTOR 0.07726144 0.333406 0.86773777

1508377515789 ACCELEROMETER 1.2407837 3.8336334 8.905258

1508377515791 GYROSCOPE 0.015899658 0.20158386 0.0849762

1508377515793 MAGNETIC_FIELD 20.811462 -23.466492 -40.08789

1508377515981 ACCELEROMETER 0.75679016 3.687973 8.06694

1508377515984 GRAVITY -1.0319723 6.0909276 7.616168

1508377515989 LINEAR_ACCELERATION 1.7246816 -1.9144053 0.9640951

1508377515992 ROTATION_VECTOR 0.07931301 0.32464278 0.865347

1508377515994 GYROSCOPE -0.08770752 -0.018447876 0.005935669

1508377515996 MAGNETIC_FIELD 20.385742 -23.266602 -40.05127

1508377516181 GRAVITY -1.0015978 6.008969 7.6850166

1508377516184 LINEAR_ACCELERATION 1.9283273 -1.2003608 2.1164403

1508377516187 ROTATION_VECTOR 0.08491708 0.31774563 0.85984266

1508377516192 ACCELEROMETER 0.90341187 4.3967285 9.043625

1508377516194 GYROSCOPE 0.08746338 0.1973114 0.0849762

1508377516199 MAGNETIC_FIELD 21.142578 -24.07074 -39.961243

1508377516384 GRAVITY -1.1402481 6.170345 7.536383

1508377516387 ACCELEROMETER 0.4084015 3.7881927 8.62735

1508377516391 LINEAR_ACCELERATION 1.4082899 -2.1818304 0.96423054

1508377516393 ROTATION_VECTOR 0.07878895 0.3309739 0.85997987

1508377516396 GYROSCOPE 0.20388794 0.36073303 0.25907898

1508377516398 MAGNETIC_FIELD 19.487 -25.410461 -38.578796

1508377516583 GRAVITY -1.1657835 6.4646373 7.2814693

1508377516586 LINEAR_ACCELERATION 1.7813876 -2.1565776 1.5377135

1508377516590 ROTATION_VECTOR 0.077823564 0.350274 0.8607974

1508377516594 ACCELEROMETER 0.65808105 3.8350372 8.388687

1508377516596 GYROSCOPE 0.27651978 0.12361145 0.10954285

1508377516598 MAGNETIC_FIELD 18.211365 -27.500916 -36.73706

1508377516784 GRAVITY -1.0246301 6.5124674 7.2600474

1508377516789 LINEAR_ACCELERATION 1.8489377 -1.7003913 1.8683848

1508377516791 ROTATION_VECTOR 0.086743616 0.34973726 0.8594872

1508377516795 ACCELEROMETER 0.74642944 4.336426 8.114532

1508377516797 GYROSCOPE -0.08023071 -0.16371155 -0.09660339

1508377516799 MAGNETIC_FIELD 17.051697 -29.499817 -34.391785

1508377516986 ACCELEROMETER 1.1721954 4.1236115 9.222473

1508377516989 GYROSCOPE -0.026824951 0.020004272 -0.11048889

1508377516991 MAGNETIC_FIELD 17.536926 -26.708984 -35.743713

1508377516995 GRAVITY -0.94977623 6.2999754 7.455107

1508377516997 LINEAR_ACCELERATION 1.86303 -1.9917164 1.939352

1508377516999 ROTATION_VECTOR 0.09317932 0.33348605 0.85580164

1508377517185 ACCELEROMETER 0.6499939 4.0350647 7.540863

1508377517185 GYROSCOPE -0.08557129 0.039230347 -0.05921936

1508377517186 MAGNETIC_FIELD 16.433716 -24.1745 -35.386658

1508377517186 GRAVITY -1.0192285 6.1423903 7.5764503

1508377517187 LINEAR_ACCELERATION 1.5851612 -1.5713696 0.2969656

1508377517187 ROTATION_VECTOR 0.09514459 0.32350588 0.8475139

1508377517388 ROTATION_VECTOR 0.09335009 0.32627702 0.8517182

1508377517393 LINEAR_ACCELERATION 0.8810843 -1.4298601 1.8898325

1508377517395 GRAVITY -0.99557185 6.1814575 7.547768

1508377517398 ACCELEROMETER 0.052017212 4.3511047 8.574478

1508377517400 GYROSCOPE 0.21350098 0.35432434 0.49086

1508377517403 MAGNETIC_FIELD 16.42456 -23.86322 -36.349487

1508377517593 GRAVITY -0.6288597 6.1945734 7.5764227

1508377517596 LINEAR_ACCELERATION 1.9798636 -1.4596052 3.155446

1508377517599 ROTATION_VECTOR 0.0928794 0.32416564 0.8741978

1508377517602 ACCELEROMETER 1.215683 4.364746 10.506866

1508377517604 GYROSCOPE -0.117614746 0.18022156 0.55067444

1508377517606 MAGNETIC_FIELD 13.220215 -25.590515 -35.365295

1508377517792 ACCELEROMETER 0.7976532 3.8957825 8.221024

1508377517795 GYROSCOPE 0.046875 0.26460266 0.040115356

1508377517802 MAGNETIC_FIELD 11.982727 -28.114319 -35.147095

1508377517804 GRAVITY -0.5272333 6.080856 7.67565

1508377517807 LINEAR_ACCELERATION 1.3454114 -1.9248452 0.8508215

1508377517809 ROTATION_VECTOR 0.08334184 0.31891206 0.8894029

1508377517994 GRAVITY -0.5529097 6.102726 7.656462

1508377517999 LINEAR_ACCELERATION 1.6873093 -0.90009594 1.3575101

1508377518004 ROTATION_VECTOR 0.085382946 0.31990442 0.8860062

1508377518007 ACCELEROMETER 1.0938873 4.621048 8.414963

1508377518009 GYROSCOPE 0.06716919 -0.13700867 -0.078445435

1508377518012 MAGNETIC_FIELD 11.096191 -28.346252 -33.607483

1508377518189 ACCELEROMETER 0.996521 3.7787476 10.485809

1508377518190 GYROSCOPE 0.17504883 -0.09214783 0.24519348

1508377518190 MAGNETIC_FIELD 10.9939575 -27.113342 -33.833313

1508377518191 GRAVITY -0.2083704 6.133655 7.6488724

1508377518191 LINEAR_ACCELERATION 1.2291801 -2.2339444 3.2363253

1508377518191 ROTATION_VECTOR 0.10279789 0.3153548 0.88649416

1508377518401 ACCELEROMETER 0.98202515 3.9543 7.8605957

1508377518410 GYROSCOPE 0.0030822754 0.12895203 0.029434204

1508377518414 MAGNETIC_FIELD 10.84137 -27.105713 -34.387207

1508377518417 GRAVITY -0.020770472 6.1965876 7.600806

1508377518419 LINEAR_ACCELERATION 0.8262182 -1.9010186 0.51004124

1508377518423 ROTATION_VECTOR 0.10944573 0.316999 0.88947314

1508377518601 ACCELEROMETER 0.53666687 4.4236298 8.059601

1508377518608 GYROSCOPE 0.18572998 0.38957214 0.41075134

1508377518612 MAGNETIC_FIELD 11.174011 -26.745605 -33.755493

1508377518615 GRAVITY -0.10143082 6.2725472 7.5375886

1508377518618 LINEAR_ACCELERATION 0.643958 -1.2811279 0.7583823

1508377518620 ROTATION_VECTOR 0.09903618 0.32539478 0.8950877

1508377518805 ACCELEROMETER -1.0368958 3.671341 5.609421

1508377518817 GYROSCOPE 0.008422852 0.6256256 1.1103668

1508377518828 MAGNETIC_FIELD 8.811951 -28.663635 -33.602905

1508377518844 GRAVITY 0.027776811 6.335167 7.485671

1508377518844 LINEAR_ACCELERATION -1.2292974 -2.629146 -2.1652613

1508377518845 ROTATION_VECTOR 0.07562981 0.33558476 0.91689163

1508377518993 ACCELEROMETER 0.9160309 2.5569 5.262207

1508377518994 GYROSCOPE -1.908844 -2.169632 -0.033584595

1508377518995 MAGNETIC_FIELD 7.8964233 -32.83539 -31.13861

1508377518995 GRAVITY 2.0172386 4.6775756 8.379822

1508377518996 LINEAR_ACCELERATION -0.4384296 -1.895709 -0.1284523

1508377518996 ROTATION_VECTOR 0.14850792 0.2251519 0.9480758

1508377519195 ACCELEROMETER -0.14149475 2.5312958 9.684769

1508377519196 GYROSCOPE -1.3267212 1.6606293 1.3165131

1508377519229 MAGNETIC_FIELD 7.975769 -29.623413 -31.918335

1508377519246 GRAVITY 2.9155712 1.5688009 9.230856

1508377519251 LINEAR_ACCELERATION -3.1764724 1.6999767 -0.37113762

1508377519252 ROTATION_VECTOR 0.15885253 0.06421232 0.9793115

1508377519399 GRAVITY 8.866512 -3.5113597 2.2859786

1508377519400 LINEAR_ACCELERATION -7.431327 -4.76222 15.160928

1508377519406 ROTATION_VECTOR -0.43403175 -0.44166046 -0.30549386

1508377519406 ACCELEROMETER -0.1781311 -3.1312408 14.5559845

1508377519407 GYROSCOPE -29.621094 13.895889 -7.6802216

1508377519407 MAGNETIC_FIELD 2.2277832 -30.557251 -31.974792

1508377519605 ACCELEROMETER 3.3083496 -12.746231 5.0776367

1508377519615 GYROSCOPE 10.041229 13.755966 -5.1498566

1508377519618 MAGNETIC_FIELD 29.312134 -13.33313 -33.285522

1508377519620 GRAVITY -7.1920667 -5.690781 -3.472689

1508377519622 LINEAR_ACCELERATION 9.808875 -7.7913733 5.12164

1508377519625 ROTATION_VECTOR -0.81339073 -0.12431176 0.49380404

1508377519806 ACCELEROMETER 2.250183 -3.7425842 2.8944092

1508377519807 LINEAR_ACCELERATION 6.210229 6.450547 5.1678247

1508377519807 GRAVITY -5.9396105 -7.4927588 -2.1794438

1508377519808 ROTATION_VECTOR -0.7152168 0.31557187 0.15714923

1508377519809 GYROSCOPE 0.054351807 0.013595581 -0.025039673

1508377519809 MAGNETIC_FIELD 17.129517 -6.704712 -42.69867

1508377520002 ACCELEROMETER 0.21412659 0.05897522 8.975113

1508377520004 GYROSCOPE 0.0073547363 0.0018463135 -0.0047454834

1508377520005 MAGNETIC_FIELD 18.075562 -8.859253 -41.911316

1508377520006 GRAVITY -5.9731574 -7.6224275 -1.5460856

1508377520013 LINEAR_ACCELERATION 4.8280435 5.807486 10.778908

1508377520019 ROTATION_VECTOR -0.66927177 0.36180615 0.109209314

1508377520215 GRAVITY -6.006433 -7.7007966 -0.8893133

1508377520222 LINEAR_ACCELERATION 4.513935 5.5306215 10.27621

1508377520224 ROTATION_VECTOR -0.6618891 0.32748318 0.1359121

1508377520227 ACCELEROMETER 0.17385864 -0.044525146 9.61911

1508377520229 GYROSCOPE 9.460449E-4 -0.0013580322 -0.0058135986

1508377520232 MAGNETIC_FIELD 17.60254 -9.127808 -41.78009

1508377520418 GRAVITY -6.0156407 -7.7426553 -0.18370174

1508377520425 LINEAR_ACCELERATION 4.267421 5.335939 9.824018

1508377520428 ROTATION_VECTOR -0.6531669 0.2876442 0.17037313

1508377520431 ACCELEROMETER 0.1465149 0.021820068 9.692993

1508377520434 GYROSCOPE 9.460449E-4 -2.89917E-4 -0.0058135986

1508377520437 MAGNETIC_FIELD 16.03241 -5.960083 -20.12024

1508377520613 GRAVITY -5.991582 -7.742792 0.5661339

1508377520616 LINEAR_ACCELERATION 4.053815 5.075998 9.380368

1508377520621 ROTATION_VECTOR -0.63987845 0.24837634 0.20678039

1508377520624 ACCELEROMETER 0.14283752 0.031082153 9.723953

1508377520626 GYROSCOPE -1.2207031E-4 -0.0013580322 -0.0058135986

1508377520628 MAGNETIC_FIELD 15.59906 -5.7250977 -19.64264

1508377520817 GRAVITY -4.560401 -6.0515532 6.2250967

1508377520824 LINEAR_ACCELERATION 2.7115335 3.350276 6.2008142

1508377520829 ROTATION_VECTOR -0.40968496 0.12151801 0.31633064

1508377520832 ACCELEROMETER 0.16670227 -0.028442383 9.692322

1508377520835 GYROSCOPE -1.2207031E-4 -0.0034942627 -0.0047454834

1508377520838 MAGNETIC_FIELD 15.46936 -4.647827 -20.083618

1508377521021 GRAVITY -2.5837617 -3.5836217 8.755125

1508377521028 LINEAR_ACCELERATION 1.8020761 2.2173774 4.1409163

1508377521032 ROTATION_VECTOR -0.22617039 0.049596414 0.38671038

1508377521034 ACCELEROMETER 0.16967773 -0.042175293 9.681381

1508377521037 GYROSCOPE -0.0011901855 -0.0034942627 -0.0058135986

1508377521040 MAGNETIC_FIELD 15.72113 -5.847168 -18.719482

1508377521222 ACCELEROMETER 0.14445496 -0.042922974 9.69603

1508377521229 GRAVITY -1.4212536 -2.0885427 9.475675

1508377521233 LINEAR_ACCELERATION 1.1795512 1.487952 2.7727404

1508377521235 ROTATION_VECTOR -0.12874085 0.017344605 0.4433819

1508377521238 GYROSCOPE -1.2207031E-4 -0.0034942627 -0.0058135986

1508377521241 MAGNETIC_FIELD 14.945984 -5.5664063 -18.429565

1508377521423 GRAVITY -0.79555345 -1.284133 9.689607

1508377521431 LINEAR_ACCELERATION 0.775868 0.9799017 1.8282313

1508377521434 ACCELEROMETER 0.13908386 -0.05441284 9.685242

1508377521437 GYROSCOPE -0.0011901855 -0.004562378 -0.0058135986

1508377521439 MAGNETIC_FIELD 15.576172 -5.4733276 -19.607544

1508377521442 ROTATION_VECTOR -0.07720644 0.0025892113 0.49637225

1508377521624 GRAVITY -0.4313284 -0.81570834 9.763144

1508377521631 LINEAR_ACCELERATION 0.5257474 0.6708489 1.2289562

1508377521634 ROTATION_VECTOR -0.04689034 -0.0044202516 0.54774487

1508377521639 ACCELEROMETER 0.14305115 -0.042922974 9.676636

1508377521642 GYROSCOPE -0.0011901855 -0.0034942627 -0.0047454834

1508377521644 MAGNETIC_FIELD 16.61377 -6.286621 -19.927979

1508377521816 ACCELEROMETER 0.123672485 -0.08888245 9.842987

1508377521816 GYROSCOPE -0.011871338 -0.0024261475 -0.006881714

1508377521817 MAGNETIC_FIELD 15.419006 -6.274414 -19.586182

1508377521817 GRAVITY -0.23573168 -0.56578773 9.787477

1508377521817 LINEAR_ACCELERATION 0.30453026 0.40178174 0.9856138

1508377521818 ROTATION_VECTOR -0.030386083 -0.0073658098 0.5909475

