1492574136506 ACCELEROMETER -2.4786072 6.7558136 6.880478

1492574136530 GYROSCOPE 0.92181396 1.302475 -0.22142029

1492574136591 MAGNETIC_FIELD 7.4554443 -31.040955 -34.666443

1492574136607 GRAVITY -2.1375282 6.5119996 7.013931

1492574136608 LINEAR_ACCELERATION 0.80581164 0.30591154 1.6968832

1492574136612 ROTATION_VECTOR 0.35455772 -0.12914291 -0.5725085

1492574136701 ACCELEROMETER -7.540863 7.924515 0.45036316

1492574136726 GYROSCOPE 1.7664795 4.184677 0.57554626

1492574136786 MAGNETIC_FIELD 23.41156 -44.15741 -3.741455

1492574136807 GRAVITY -5.484451 7.1651864 3.8407414

1492574136808 LINEAR_ACCELERATION -3.3109884 1.1082006 0.64552975

1492574136812 ROTATION_VECTOR 0.5506597 -0.030831411 -0.5432498

1492574136987 ACCELEROMETER -1.2127228 6.114258 -2.9331512

1492574136988 GYROSCOPE -0.3626709 3.679657 1.3546753

1492574136989 MAGNETIC_FIELD 12.113953 -47.764587 4.9865723

1492574137007 GRAVITY -3.412092 8.496627 -3.5121717

1492574137008 LINEAR_ACCELERATION 0.948514 -3.0569735 -2.4150653

1492574137012 ROTATION_VECTOR 0.82294923 -0.042726096 -0.23808457

1492574137117 ACCELEROMETER 1.1732483 8.004532 -1.9680939

1492574137118 GYROSCOPE -0.0554657 2.6460266 0.09689331

1492574137182 MAGNETIC_FIELD 13.739014 -48.794556 7.4508667

1492574137207 GRAVITY 1.1959608 9.247331 -3.037589

1492574137208 LINEAR_ACCELERATION -1.0270482 -1.7214584 0.72431827

1492574137212 ROTATION_VECTOR 0.8059099 0.073370345 0.12786405

1492574137312 ACCELEROMETER 0.9968567 8.958862 -2.6707

1492574137313 GYROSCOPE -0.89190674 0.79507446 -0.40185547

1492574137377 MAGNETIC_FIELD 15.434265 -46.92993 -3.0456543

1492574137407 GRAVITY 1.1002306 9.612807 -1.5980645

1492574137408 LINEAR_ACCELERATION -0.7911221 1.1784029 -0.18672812

1492574137412 ROTATION_VECTOR 0.7247764 0.23701856 0.26969853

1492574137508 ACCELEROMETER -0.5435791 9.794022 1.9561462

1492574137509 GYROSCOPE -2.320465 -0.087768555 -0.6482086

1492574137573 MAGNETIC_FIELD 20.373535 -40.438843 -17.703247

1492574137607 GRAVITY 0.4849713 9.679675 1.4963537

1492574137608 LINEAR_ACCELERATION 0.16686329 1.0770235 -1.1410137

1492574137612 ROTATION_VECTOR 0.60985965 0.22754873 0.30063456

1492574137703 ACCELEROMETER -0.5763397 5.7918396 3.374939

1492574137704 GYROSCOPE -0.26390076 0.6231537 0.6922302

1492574137768 MAGNETIC_FIELD 20.570374 -43.72101 -12.385559

1492574137807 GRAVITY -0.17746376 9.126141 3.5850317

1492574137808 LINEAR_ACCELERATION 0.095854744 -0.1682167 0.24567294

1492574137812 ROTATION_VECTOR 0.52501917 0.20388512 0.28409207

1492574137963 ACCELEROMETER -1.1237335 11.705994 0.7698822

1492574137965 GYROSCOPE 1.0744019 2.1929321 0.21690369

1492574138007 GRAVITY -1.0258893 9.406812 2.5748482

1492574138008 LINEAR_ACCELERATION -3.462429 10.38178 -3.5634847

1492574138012 ROTATION_VECTOR 0.47418568 0.37929836 0.42610762

1492574138029 MAGNETIC_FIELD 24.198914 -42.077637 -6.5200806

1492574138159 ACCELEROMETER -0.7301636 9.07962 2.3740387

1492574138159 GYROSCOPE -0.82089233 0.8146057 -0.020309448

1492574138207 GRAVITY -0.7513769 9.452538 2.5010698

1492574138208 LINEAR_ACCELERATION 0.30881232 0.2362957 1.2223456

1492574138212 ROTATION_VECTOR 0.42697817 0.43608552 0.5203273

1492574138225 MAGNETIC_FIELD 23.849487 -40.953064 -8.651733

1492574138354 ACCELEROMETER -0.75053406 8.400589 3.8995361

1492574138355 GYROSCOPE -1.0989838 0.15905762 0.103515625

1492574138407 GRAVITY -1.0319926 8.99773 3.7611465

1492574138408 LINEAR_ACCELERATION 0.21566105 -0.10280514 -0.46608973

1492574138412 ROTATION_VECTOR 0.36177358 0.4211351 0.56503356

1492574138420 MAGNETIC_FIELD 23.971558 -38.313293 -17.80243

1492574138550 ACCELEROMETER -1.5674744 6.2463226 7.1600647

1492574138550 GYROSCOPE -1.3718567 0.06297302 0.024368286

1492574138607 GRAVITY -1.1034814 7.7853713 5.8600955

1492574138608 LINEAR_ACCELERATION -0.43432307 0.06762409 -0.18873835

1492574138612 ROTATION_VECTOR 0.27844277 0.35169294 0.6159305

1492574138615 MAGNETIC_FIELD 22.01233 -32.766724 -25.617981

1492574138745 ACCELEROMETER -0.6985626 4.8234863 9.026215

1492574138746 GYROSCOPE -0.8019409 -0.2979126 0.27789307

1492574138807 GRAVITY -0.80051035 6.2076216 7.5495033

1492574138808 LINEAR_ACCELERATION -0.4213704 -0.27288342 1.2196512

1492574138810 MAGNETIC_FIELD 18.339539 -30.378723 -31.274414

1492574138814 ROTATION_VECTOR 0.17576079 0.20233893 0.70941204

1492574138940 ACCELEROMETER -0.50738525 3.674759 8.845047

1492574138941 GYROSCOPE -0.5923004 0.09451294 0.24612427

1492574139006 MAGNETIC_FIELD 19.656372 -27.018738 -33.224487

1492574139010 GRAVITY -0.3037917 4.196675 8.858105

1492574139010 LINEAR_ACCELERATION -1.0673925 -0.63932323 0.19458675

1492574139012 ROTATION_VECTOR 0.13171327 0.17610784 0.7369746

1492574139139 ACCELEROMETER -0.4270172 3.2994385 8.4700165

1492574139140 GYROSCOPE -0.15350342 0.106918335 -0.15187073

1492574139203 MAGNETIC_FIELD 21.18988 -26.373291 -33.1131

1492574139334 ACCELEROMETER -0.6011505 3.495987 9.1633

1492574139337 GYROSCOPE 0.022399902 0.22836304 -0.09466553

1492574139405 MAGNETIC_FIELD 23.503113 -25.714111 -32.106018

1492574139414 GRAVITY -0.81451356 4.0065036 8.913747

1492574139416 LINEAR_ACCELERATION 0.4008302 -0.8491535 0.3922453

1492574139419 ROTATION_VECTOR 0.10379243 0.18642029 0.7417973

1492574139531 ACCELEROMETER -1.171402 3.8702393 8.584274

1492574139534 GYROSCOPE -0.18986511 0.19322205 -0.060012817

1492574139601 MAGNETIC_FIELD 24.867249 -23.207092 -32.878113

1492574139615 GRAVITY -1.1980445 3.9317086 8.9037485

1492574139620 LINEAR_ACCELERATION 0.11188483 0.7116587 -0.33151722

1492574139622 ROTATION_VECTOR 0.08386917 0.19748701 0.748678

1492574139733 ACCELEROMETER -1.8933716 2.6283264 9.062988

1492574139737 GYROSCOPE -0.14151001 0.095062256 -0.0014190674

1492574139795 MAGNETIC_FIELD 24.752808 -22.769165 -31.999207

1492574139815 GRAVITY -1.5325109 3.4364743 9.056072

1492574139820 LINEAR_ACCELERATION -0.39999294 -0.8069556 0.3310833

1492574139822 ROTATION_VECTOR 0.05121417 0.18880132 0.75984716

1492574139927 ACCELEROMETER -1.8968353 2.8996277 9.083588

1492574139933 GYROSCOPE -0.02708435 -0.029327393 -0.04046631

1492574139992 MAGNETIC_FIELD 24.212646 -23.04535 -32.128906

1492574140015 GRAVITY -1.5807827 3.3226907 9.090173

1492574140020 LINEAR_ACCELERATION -0.45599282 -0.63626075 0.47482872

1492574140022 ROTATION_VECTOR 0.043357763 0.18614587 0.7675971

1492574140179 ACCELEROMETER -1.4384613 2.8881836 8.858841

1492574140180 GYROSCOPE -0.005264282 -0.0184021 -0.030654907

1492574140217 GRAVITY -1.5493973 3.2723022 9.113824

1492574140229 LINEAR_ACCELERATION 0.014836311 -0.32120228 -0.056667328

1492574140231 ROTATION_VECTOR 0.041130647 0.18339182 0.7741999

1492574140260 MAGNETIC_FIELD 25.056458 -20.951843 -33.215332

1492574140383 ACCELEROMETER -1.8035889 2.7589111 8.925079

1492574140390 GYROSCOPE -0.037124634 0.022949219 0.001373291

1492574140420 GRAVITY -1.6148629 3.1865902 9.132812

1492574140426 LINEAR_ACCELERATION -0.23899555 -0.34076667 0.045171738

1492574140429 ROTATION_VECTOR 0.03219735 0.1825364 0.7860553

1492574140450 MAGNETIC_FIELD 25.66681 -22.114563 -33.45642

1492574140583 ACCELEROMETER -1.7264862 2.7468262 8.90567

1492574140589 GYROSCOPE 0.0071411133 0.017700195 0.0077819824

1492574140618 GRAVITY -1.708554 3.0452044 9.163949

1492574140624 LINEAR_ACCELERATION -0.11521542 -0.2782638 0.09479046

1492574140627 ROTATION_VECTOR 0.019354574 0.17998345 0.8013336

1492574140644 MAGNETIC_FIELD 26.000977 -22.540283 -32.203674

1492574140775 ACCELEROMETER -1.7366943 2.8415222 9.015732

1492574140786 GYROSCOPE -0.02810669 0.0072021484 0.006134033

1492574140811 GRAVITY -1.7435218 3.0098643 9.169037

1492574140816 LINEAR_ACCELERATION 0.0024750233 0.010042667 0.14057922

1492574140818 ROTATION_VECTOR 0.0136572365 0.17978519 0.8113339

1492574140845 MAGNETIC_FIELD 26.779175 -22.57843 -32.139587

1492574140968 ACCELEROMETER -1.7935791 2.78125 8.962448

1492574140969 GYROSCOPE -0.022857666 0.011520386 0.0073394775

1492574141013 GRAVITY -1.7553412 2.9273949 9.19345

1492574141014 LINEAR_ACCELERATION -0.021442533 -0.09418821 0.1324091

1492574141014 ROTATION_VECTOR 0.008417934 0.17661722 0.81906706

1492574141034 MAGNETIC_FIELD 25.083923 -22.175598 -32.463074

1492574141163 ACCELEROMETER -1.795166 2.7220917 8.980743

1492574141163 GYROSCOPE -0.028289795 -9.1552734E-5 0.011795044

1492574141213 GRAVITY -1.7967373 2.863565 9.205548

1492574141214 LINEAR_ACCELERATION -0.075336695 -0.036453962 0.0148124695

1492574141214 ROTATION_VECTOR 0.0027728714 0.1750428 0.8255909

1492574141235 MAGNETIC_FIELD 25.904846 -21.832275 -33.241272

1492574141366 ACCELEROMETER -1.8048401 2.6894379 9.014877

1492574141372 GYROSCOPE -0.026870728 -0.012390137 0.008758545

1492574141423 GRAVITY -1.8029824 2.8114216 9.220387

1492574141429 LINEAR_ACCELERATION -0.055548906 0.016102552 0.002989769

1492574141431 ROTATION_VECTOR -4.8312676E-4 0.17288965 0.83057815

1492574141434 MAGNETIC_FIELD 25.51117 -21.01593 -32.62024

1492574141560 ACCELEROMETER -1.7626495 2.6709595 9.000198

1492574141569 GYROSCOPE -0.014556885 3.8146973E-4 0.007537842

1492574141615 GRAVITY -1.7857184 2.7604966 9.239116

1492574141621 LINEAR_ACCELERATION 0.015101314 0.011630774 0.17056274

1492574141623 MAGNETIC_FIELD 25.230408 -21.607971 -32.54547

1492574141626 ROTATION_VECTOR -0.004057839 0.16868411 0.8373559

1492574141750 ACCELEROMETER -1.7876587 2.6416473 9.044769

1492574141754 GYROSCOPE -0.016403198 -0.013580322 0.0041656494

1492574141813 MAGNETIC_FIELD 25.169373 -22.210693 -33.71582

1492574141817 GRAVITY -1.7907684 2.7053797 9.254429

1492574141820 LINEAR_ACCELERATION -0.09080601 -0.052886486 -0.009266853

1492574141822 ROTATION_VECTOR -0.00601674 0.16768792 0.8410292

1492574141943 ACCELEROMETER -1.7904205 2.628708 8.939194

1492574141947 GYROSCOPE 6.4086914E-4 0.0015869141 0.0022277832

1492574142031 MAGNETIC_FIELD 26.309204 -20.95337 -33.32672

1492574142204 ACCELEROMETER -1.76268 2.6822968 9.034256

1492574142207 GYROSCOPE -0.02128601 -0.005264282 0.0046844482

1492574142212 MAGNETIC_FIELD 24.894714 -20.089722 -32.540894

1492574142215 GRAVITY -1.8102843 2.7159472 9.247534

1492574142218 LINEAR_ACCELERATION -0.022389054 0.09600401 0.010293007

1492574142220 ROTATION_VECTOR -0.0073290193 0.16868097 0.84310985

1492574142411 ACCELEROMETER -1.725235 2.5641327 9.087418

1492574142422 GYROSCOPE -0.058395386 -0.033447266 0.013061523

1492574142424 GRAVITY -1.7787126 2.661826 9.269372

1492574142439 LINEAR_ACCELERATION -0.0056431293 0.026298523 0.024924278

1492574142440 ROTATION_VECTOR -0.00718532 0.165354 0.84299713

1492574142463 MAGNETIC_FIELD 25.062561 -20.5307 -33.950806

1492574142602 ACCELEROMETER -1.696701 2.554123 9.175919

1492574142604 GYROSCOPE 0.015457153 -0.0022277832 0.021820068

1492574142610 GRAVITY -1.7381563 2.5950162 9.295972

1492574142613 LINEAR_ACCELERATION -0.079292655 -0.07995725 -0.009464264

1492574142615 ROTATION_VECTOR -0.00800925 0.16116205 0.8462066

1492574142669 MAGNETIC_FIELD 25.067139 -21.385193 -33.90503

1492574142803 ACCELEROMETER -1.7254333 2.5052795 9.023361

1492574142811 GYROSCOPE -5.645752E-4 0.0048980713 -0.006149292

1492574142815 GRAVITY -1.7336098 2.6199265 9.289831

1492574142818 LINEAR_ACCELERATION -0.05481267 0.013013601 -0.21092033

1492574142820 ROTATION_VECTOR -0.007398604 0.16215943 0.8468581

1492574142865 MAGNETIC_FIELD 25.498962 -20.02716 -33.50067

1492574142997 ACCELEROMETER -1.7126312 2.593338 9.052567

1492574143003 GYROSCOPE 0.015090942 -0.0020141602 -0.0011291504

1492574143017 GRAVITY -1.7404374 2.633706 9.284657

1492574143023 LINEAR_ACCELERATION -0.023770213 0.05343938 0.031525612

1492574143026 ROTATION_VECTOR -0.007518554 0.16296537 0.84730715

1492574143066 MAGNETIC_FIELD 25.326538 -21.965027 -33.540344

1492574143192 ACCELEROMETER -1.7022095 2.625824 9.083511

1492574143198 GYROSCOPE 0.016738892 -0.017837524 0.0041503906

1492574143218 GRAVITY -1.7363731 2.6545537 9.279479

1492574143225 LINEAR_ACCELERATION -0.022699356 -0.07560778 -0.021233559

1492574143227 ROTATION_VECTOR -0.0069594933 0.163798 0.8477234

1492574143256 MAGNETIC_FIELD 25.531006 -20.863342 -33.210754

1492574143384 ACCELEROMETER -1.7533569 2.5818634 8.978821

1492574143393 GYROSCOPE -0.0015411377 0.016555786 -1.373291E-4

1492574143418 GRAVITY -1.7390206 2.6870637 9.269622

1492574143425 LINEAR_ACCELERATION -0.08101988 0.05061865 -0.12159538

1492574143428 ROTATION_VECTOR -0.0063155983 0.16535099 0.8477977

1492574143453 MAGNETIC_FIELD 25.813293 -20.774841 -33.0307

1492574143584 ACCELEROMETER -1.7501373 2.6123352 9.029953

1492574143590 GYROSCOPE -0.010650635 0.006072998 0.0077667236

1492574143618 GRAVITY -1.7686899 2.6706393 9.268755

1492574143625 LINEAR_ACCELERATION -0.01454246 -0.012167692 0.025732994

1492574143627 ROTATION_VECTOR -0.008423096 0.16539074 0.84885764

1492574143642 MAGNETIC_FIELD 25.949097 -21.21582 -33.296204

1492574143776 ACCELEROMETER -1.7901764 2.5995026 8.9758

1492574143785 GYROSCOPE -0.012084961 0.0050201416 0.0113220215

1492574143818 GRAVITY -1.7831075 2.652645 9.271159

1492574143825 LINEAR_ACCELERATION -0.060844183 -0.02668047 -0.06264019

1492574143827 ROTATION_VECTOR -0.009818471 0.16494256 0.84976465

1492574143834 MAGNETIC_FIELD 26.89972 -20.681763 -33.26416

1492574143975 ACCELEROMETER -1.7647247 2.5744781 9.070923

1492574143981 GYROSCOPE -0.01361084 0.0053100586 0.008255005

1492574144021 GRAVITY -1.8067663 2.648672 9.267714

1492574144029 LINEAR_ACCELERATION -0.032264948 0.10096598 0.003777504

1492574144031 ROTATION_VECTOR -0.011119434 0.16539186 0.8501171

1492574144034 MAGNETIC_FIELD 25.299072 -20.651245 -34.350586

1492574144169 ACCELEROMETER -1.7494202 2.5994263 9.014053

1492574144175 GYROSCOPE -0.014755249 0.0013580322 0.0098724365

1492574144217 GRAVITY -1.8065621 2.6284692 9.273503

1492574144226 LINEAR_ACCELERATION -0.018533468 -0.0037121773 -0.028935432

1492574144229 ROTATION_VECTOR -0.011590312 0.1644645 0.85010123

1492574144255 MAGNETIC_FIELD 24.917603 -21.82312 -31.710815

1492574144421 GRAVITY -1.7927957 2.609533 9.28152

1492574144427 LINEAR_ACCELERATION -0.03416705 0.031167269 0.040937424

1492574144433 ROTATION_VECTOR -0.011814096 0.16320118 0.85132974

1492574144435 ACCELEROMETER -1.7793884 2.568222 9.047394

1492574144438 GYROSCOPE -0.015304565 -0.015930176 0.012634277

1492574144441 MAGNETIC_FIELD 24.98169 -19.862366 -33.059692

1492574144568 ACCELEROMETER -1.7623749 2.5296936 9.028549

1492574144576 GYROSCOPE -0.012191772 0.0070648193 0.0067596436

1492574144621 GRAVITY -1.7783984 2.6064384 9.285159

1492574144629 LINEAR_ACCELERATION -0.046178102 0.031215906 0.02681446

1492574144631 ROTATION_VECTOR -0.011560547 0.16265003 0.8523558

1492574144634 MAGNETIC_FIELD 26.513672 -19.316101 -34.6344

1492574144766 ACCELEROMETER -1.7677155 2.5564423 9.031342

1492574144772 GYROSCOPE -0.008102417 -0.0058288574 0.008132935

1492574144821 GRAVITY -1.7921834 2.5879354 9.287683

1492574144827 LINEAR_ACCELERATION -0.041535497 -0.012579918 -0.047919273

1492574144830 ROTATION_VECTOR -0.01274459 0.16216515 0.85268134

1492574144893 MAGNETIC_FIELD 26.383972 -20.542908 -32.35016

1492574145023 GRAVITY -1.7897468 2.5897093 9.287659

1492574145029 LINEAR_ACCELERATION -0.016019225 -0.003815651 -0.049168587

1492574145032 ACCELEROMETER -1.7397003 2.5304718 9.01799

1492574145034 ROTATION_VECTOR -0.011040422 0.16193154 0.8513485

1492574145037 GYROSCOPE -5.187988E-4 -0.009109497 0.0036010742

1492574145088 MAGNETIC_FIELD 24.794006 -20.783997 -33.31299

1492574145207 ACCELEROMETER -1.720108 2.5490112 9.078766

1492574145211 GYROSCOPE 0.001083374 -0.0074005127 9.765625E-4

1492574145216 GRAVITY -1.7614316 2.600603 9.290027

1492574145217 LINEAR_ACCELERATION -0.0031006336 -0.07164216 0.010131836

1492574145217 ROTATION_VECTOR -0.010689189 0.16194497 0.8516521

1492574145272 MAGNETIC_FIELD 25.099182 -20.832825 -33.250427

1492574145403 ACCELEROMETER -1.7461243 2.5715942 9.03418

1492574145405 GYROSCOPE 0.008911133 1.5258789E-4 0.0015258789

1492574145471 MAGNETIC_FIELD 24.60022 -20.272827 -33.84857

1492574145605 ACCELEROMETER -1.7522736 2.5457153 9.00589

1492574145611 GYROSCOPE 0.006576538 0.003479004 0.0025482178

1492574145615 GRAVITY -1.7783197 2.625572 9.279781

1492574145617 LINEAR_ACCELERATION -0.034255743 -0.024555683 0.029694557

1492574145619 ROTATION_VECTOR -0.010939037 0.16353342 0.8518662

1492574145671 MAGNETIC_FIELD 26.177979 -22.229004 -33.946228

1492574145802 ACCELEROMETER -1.7192688 2.5771027 9.053436

1492574145805 GYROSCOPE -0.007507324 -0.0062561035 0.010543823

1492574145809 GRAVITY -1.7746106 2.6305833 9.279072

1492574145811 LINEAR_ACCELERATION 0.03546822 -0.025242329 -3.1471252E-5

1492574145815 ROTATION_VECTOR -0.011046868 0.1636367 0.85307515

1492574145864 MAGNETIC_FIELD 26.315308 -21.598816 -32.63855

1492574145995 ACCELEROMETER -1.7623444 2.5971527 9.016434

1492574146001 GYROSCOPE 9.1552734E-4 0.0074005127 0.013748169

1492574146014 GRAVITY -1.771335 2.626738 9.2807865

1492574146015 LINEAR_ACCELERATION -0.013993382 -0.03537965 -0.008687973

1492574146019 ROTATION_VECTOR -0.011268612 0.16335416 0.85392755

1492574146053 MAGNETIC_FIELD 25.917053 -21.382141 -33.943176

1492574146184 ACCELEROMETER -1.7666779 2.5778046 9.012604

1492574146185 GYROSCOPE -0.007537842 0.005218506 0.011962891

1492574146217 GRAVITY -1.7886055 2.6485093 9.271282

1492574146227 LINEAR_ACCELERATION -0.002592206 0.06579065 -0.08170986

1492574146237 ROTATION_VECTOR -0.011486967 0.1648157 0.85373366

1492574146248 MAGNETIC_FIELD 26.681519 -21.06018 -33.976746

1492574146378 ACCELEROMETER -1.7298279 2.5991364 9.054138

1492574146379 GYROSCOPE -0.022109985 -0.012313843 0.0126953125

1492574146408 GRAVITY -1.7855778 2.6363513 9.27533

1492574146408 LINEAR_ACCELERATION -0.008074164 0.061192036 -0.022961617

1492574146413 ROTATION_VECTOR -0.011390224 0.16419514 0.85299677

1492574146443 MAGNETIC_FIELD 25.787354 -20.317078 -33.62274

1492574146573 ACCELEROMETER -1.8025055 2.5401764 9.002396

1492574146574 GYROSCOPE -0.02319336 0.006713867 0.007537842

1492574146611 GRAVITY -1.7713441 2.6084056 9.285954

1492574146614 LINEAR_ACCELERATION -0.025583267 0.036777496 -0.077199936

1492574146616 ROTATION_VECTOR -0.011363717 0.16253911 0.8528914

1492574146640 MAGNETIC_FIELD 26.63269 -20.414734 -34.280396

1492574146770 ACCELEROMETER -1.774704 2.5281677 9.0451355

1492574146772 GYROSCOPE -0.014251709 0.0011444092 0.009048462

1492574146810 GRAVITY -1.7982792 2.5850854 9.287298

1492574146815 LINEAR_ACCELERATION -0.038764358 0.039987803 -0.019254684

1492574146817 ROTATION_VECTOR -0.0132840965 0.1621823 0.8532631

1492574146836 MAGNETIC_FIELD 24.397278 -21.18988 -32.03888

1492574147011 GRAVITY -1.8036411 2.5710356 9.290158

1492574147016 LINEAR_ACCELERATION -0.02101767 -0.032921553 0.010444641

1492574147019 ROTATION_VECTOR -0.013907465 0.16167973 0.85338897

1492574147033 ACCELEROMETER -1.7903137 2.5175476 8.997482

1492574147037 GYROSCOPE -0.0070495605 -0.002822876 0.0048217773

1492574147101 MAGNETIC_FIELD 26.376343 -20.869446 -34.52301

1492574147211 GRAVITY -1.8103479 2.567632 9.289795

1492574147216 LINEAR_ACCELERATION -0.016827106 -0.035809755 -0.11049366

1492574147218 ROTATION_VECTOR -0.014477818 0.16168694 0.8539386

1492574147226 ACCELEROMETER -1.7834778 2.509369 9.090485

1492574147230 GYROSCOPE -0.003967285 -0.003982544 -0.0030517578

1492574147296 MAGNETIC_FIELD 25.900269 -19.734192 -34.225464

1492574147411 GRAVITY -1.8103098 2.5626671 9.291173

1492574147417 LINEAR_ACCELERATION -0.017929554 -0.024311066 0.10723686

1492574147424 ROTATION_VECTOR -0.014610688 0.16145752 0.8539895

1492574147428 ACCELEROMETER -1.9602051 2.1338348 9.104782

1492574147431 GYROSCOPE 0.23435974 0.02468872 0.025146484

1492574147489 MAGNETIC_FIELD 25.401306 -23.033142 -31.626892

1492574147611 GRAVITY -1.8912524 2.9795961 9.14962

1492574147621 LINEAR_ACCELERATION -0.21295178 -0.78437805 0.6993637

1492574147624 ROTATION_VECTOR -0.009579755 0.18277694 0.85645956

1492574147627 ACCELEROMETER -2.3720703 2.8056946 8.835907

1492574147632 GYROSCOPE 0.7781067 -0.42266846 0.26565552

1492574147683 MAGNETIC_FIELD 17.884827 -31.47583 -31.140137

1492574147813 GRAVITY -0.8709533 4.4045777 8.718459

1492574147821 LINEAR_ACCELERATION -1.1834779 -0.542346 -0.010855675

1492574147824 ACCELEROMETER -0.4008789 5.207016 7.7117615

1492574147827 GYROSCOPE 0.9662628 -1.4963226 0.9480591

1492574147831 ROTATION_VECTOR 0.24437417 0.24332207 0.8635796

1492574147880 MAGNETIC_FIELD -0.10986328 -37.07733 -28.694153

1492574148014 ACCELEROMETER 3.1288147 5.6618958 4.9598694

1492574148019 GYROSCOPE 0.88726807 -1.9216461 1.261322

1492574148023 GRAVITY 6.0464325 6.06153 4.7821426

1492574148026 LINEAR_ACCELERATION -1.9800639 -0.06294155 -0.28910017

1492574148029 ROTATION_VECTOR 0.44655022 0.23826766 0.82481766

1492574148076 MAGNETIC_FIELD -22.511292 -37.506104 -18.153381

1492574148202 ACCELEROMETER 6.937256 2.3555756 -0.58091736

1492574148213 GYROSCOPE 0.40544128 -2.9768524 2.8344727

1492574148267 MAGNETIC_FIELD -42.999268 -20.195007 7.635498

1492574148399 ACCELEROMETER 10.393295 -1.5379944 -4.835144

1492574148403 GYROSCOPE 0.31774902 -3.411026 0.8211975

1492574148410 GRAVITY 9.431681 1.1919024 -2.4068995

1492574148414 LINEAR_ACCELERATION 6.7252398 -1.123787 -1.516159

1492574148416 ROTATION_VECTOR -0.78142446 -0.10997041 -0.614172

1492574148462 MAGNETIC_FIELD -30.018616 -10.543823 34.680176

1492574148593 ACCELEROMETER 6.947891 0.045288086 -5.543915

1492574148594 GYROSCOPE 0.25849915 -0.3285675 1.2612305

1492574148608 GRAVITY 6.0385766 -0.85501885 -7.6795135

1492574148609 LINEAR_ACCELERATION 2.6026235 1.6344769 1.1570482

1492574148613 ROTATION_VECTOR -0.93517137 -0.13038695 -0.31657147

1492574148657 MAGNETIC_FIELD -27.612305 2.0523071 37.38098

1492574148792 ACCELEROMETER 2.716568 -3.1771088 -10.55571

1492574148796 GYROSCOPE 0.70422363 -2.6860352 -0.516098

1492574148811 GRAVITY 5.0937715 -2.7062793 -7.9309473

1492574148816 LINEAR_ACCELERATION 2.0043268 -1.9290531 1.1800156

1492574148819 ROTATION_VECTOR -0.94584244 -0.09873117 -0.25655738

1492574148855 MAGNETIC_FIELD -8.403015 -5.541992 46.673584

1492574148986 ACCELEROMETER -2.1316528 -1.8080444 -7.8020477

1492574148992 GYROSCOPE -2.4388275 0.53079224 0.24472046

1492574149023 ROTATION_VECTOR -0.9737881 -0.18915808 -0.05175881

1492574149023 GRAVITY 1.416041 -2.0086935 -9.493702

1492574149024 LINEAR_ACCELERATION -0.28414214 0.74804914 -1.5533876

1492574149047 MAGNETIC_FIELD -9.091187 -31.4682 36.012268

1492574149208 GRAVITY 1.1821612 3.8184922 -8.954999

1492574149208 LINEAR_ACCELERATION -2.3742452 -7.151026 5.7043047

1492574149212 ROTATION_VECTOR 0.97493744 0.077941604 0.07729345

1492574149242 ACCELEROMETER 6.96669 4.7929993 -6.6601105

1492574149243 GYROSCOPE -2.518692 0.023773193 1.4943848

1492574149308 MAGNETIC_FIELD -18.362427 -29.440308 32.380676

1492574149408 GRAVITY 3.9290428 5.6114473 -7.017454

1492574149409 LINEAR_ACCELERATION -1.7024872 -3.2996588 3.9736032

1492574149413 ROTATION_VECTOR 0.9213418 -0.09444543 0.18366599

1492574149438 ACCELEROMETER 1.7352905 3.751236 -6.7447205

1492574149439 GYROSCOPE 0.51316833 -3.8188934 -0.19682312

1492574149503 MAGNETIC_FIELD 6.8374634 -25.927734 41.955566

1492574149608 GRAVITY -2.2476325 4.5232205 -8.405891

1492574149609 LINEAR_ACCELERATION -4.5716715 -3.1049857 4.3617263

1492574149613 ROTATION_VECTOR 0.9628335 -0.03915136 -0.12854801

1492574149633 ACCELEROMETER -4.845001 1.8615875 -9.522354

1492574149634 GYROSCOPE -0.4925995 -0.19839478 -0.39805603

1492574149698 MAGNETIC_FIELD 9.883118 -28.120422 39.045715

1492574149808 GRAVITY -3.031981 5.055002 -7.837374

1492574149808 LINEAR_ACCELERATION -1.3552458 -2.0287519 -1.3237829

1492574149813 ROTATION_VECTOR 0.9478056 -0.035488114 -0.17303994

1492574149829 ACCELEROMETER -4.831848 2.6934814 -7.8433075

1492574149829 GYROSCOPE -0.11265564 -0.47869873 0.2623291

1492574149893 MAGNETIC_FIELD 10.899353 -30.78003 37.05139

1492574150008 GRAVITY -3.548628 5.24644 -7.4868217

1492574150008 LINEAR_ACCELERATION -1.8048594 -2.1995034 -0.5334573

1492574150013 ROTATION_VECTOR 0.9353686 -0.08250589 -0.21696843

1492574150024 ACCELEROMETER -4.1269073 3.8917847 -7.5688934

1492574150026 GYROSCOPE -0.058441162 -0.068374634 0.2977295

1492574150089 MAGNETIC_FIELD 9.973145 -30.535889 37.469482

1492574150208 GRAVITY -3.360521 5.461304 -7.419666

1492574150209 LINEAR_ACCELERATION -0.6885731 -1.1268363 -0.8384948

1492574150213 ROTATION_VECTOR 0.92951816 -0.11955618 -0.21923423

1492574150220 ACCELEROMETER -4.09639 3.6579285 -7.8544006

1492574150220 GYROSCOPE -0.04649353 0.26557922 -0.08659363

1492574150284 MAGNETIC_FIELD 8.718872 -31.422424 36.33423

1492574150408 GRAVITY -3.1137867 5.3953314 -7.5739765

1492574150409 LINEAR_ACCELERATION -0.7529981 -1.465837 -1.0295072

1492574150413 ROTATION_VECTOR 0.9336941 -0.1199191 -0.2044994

1492574150415 ACCELEROMETER -5.1688538 3.695221 -7.672699

1492574150415 GYROSCOPE -0.0473938 0.25608826 0.14318848

1492574150480 MAGNETIC_FIELD 4.4189453 -30.107117 38.819885

1492574150608 GRAVITY -2.7294369 5.457343 -7.677107

1492574150609 LINEAR_ACCELERATION -1.9780288 -1.4849234 -0.35829306

1492574150610 ACCELEROMETER -4.3013306 4.7375336 -8.484116

1492574150611 GYROSCOPE -0.2504425 -0.7949066 1.0653992

1492574150613 ROTATION_VECTOR 0.8894377 -0.27465653 -0.23960781

1492574150675 MAGNETIC_FIELD 7.1228027 -35.325623 33.309937

1492574150806 ACCELEROMETER -4.2860107 5.5969696 -7.147629

1492574150806 GYROSCOPE -0.7128601 -0.81077576 0.46990967

1492574150808 GRAVITY -3.270894 7.2165594 -5.7786603

1492574150809 LINEAR_ACCELERATION -0.89317155 -1.3114719 -1.8453531

1492574150813 ROTATION_VECTOR 0.8350881 -0.31186143 -0.31966326

1492574150871 MAGNETIC_FIELD 5.441284 -40.170288 29.02832

1492574151001 ACCELEROMETER -4.855194 7.078888 -4.308075

1492574151002 GYROSCOPE -0.37068176 -0.3280487 1.3661957

1492574151067 MAGNETIC_FIELD -3.829956 -38.015747 31.411743

1492574151197 ACCELEROMETER -2.7421722 5.625168 -4.7162476

1492574151197 GYROSCOPE 0.8241272 -2.6354065 1.1749115

1492574151208 GRAVITY -1.2128438 8.143188 -5.3280287

1492574151209 LINEAR_ACCELERATION -3.9156373 -0.41137934 1.7301083

1492574151213 ROTATION_VECTOR 0.7340089 -0.4825814 -0.31847316

1492574151327 MAGNETIC_FIELD 18.20221 -40.196228 25.524902

1492574151408 GRAVITY -3.7832878 8.007762 -4.2110395

1492574151409 LINEAR_ACCELERATION 0.75203705 -3.4482965 -1.7988873

1492574151413 ROTATION_VECTOR 0.55976325 -0.6335364 -0.5129914

1492574151457 ACCELEROMETER -6.2125244 6.656082 1.199646

1492574151458 GYROSCOPE -0.68429565 -6.4205627 -0.7192383

1492574151522 MAGNETIC_FIELD 32.562256 -35.403442 -5.6137085

1492574151608 GRAVITY -5.5570993 7.581892 2.7935555

1492574151608 LINEAR_ACCELERATION -2.5009503 1.5010085 1.9464157

1492574151615 ROTATION_VECTOR -0.2343246 0.5501457 0.7804415

1492574151652 ACCELEROMETER -5.260483 6.554718 5.3800964

1492574151653 GYROSCOPE -1.0260315 -3.0809479 -0.5648346

1492574151717 MAGNETIC_FIELD 20.614624 -24.482727 -34.391785

1492574151808 GRAVITY -2.9291282 5.6049924 7.4949756

1492574151808 LINEAR_ACCELERATION -2.0437047 -0.19177532 -2.7674632

1492574151813 ROTATION_VECTOR -0.04086401 0.34087056 0.87826926

1492574151848 ACCELEROMETER 1.4742584 3.1439362 10.834991

1492574151848 GYROSCOPE -1.273407 -2.9562073 -0.6382904

1492574151913 MAGNETIC_FIELD 7.421875 -20.500183 -40.802002

1492574152008 GRAVITY 0.8013119 3.7554252 9.023584

1492574152008 LINEAR_ACCELERATION 0.31934607 -1.3025098 5.83572

1492574152013 ROTATION_VECTOR 0.1216923 0.15848105 0.88457054

1492574152043 ACCELEROMETER 2.5883026 3.7984772 7.8946686

1492574152044 GYROSCOPE 0.50398254 -0.5502777 -0.53222656

1492574152108 MAGNETIC_FIELD 6.176758 -21.601868 -40.39612

1492574152208 GRAVITY 1.3456935 4.6144195 8.547902

1492574152208 LINEAR_ACCELERATION 1.2571303 -0.18978548 -0.8561382

1492574152217 ROTATION_VECTOR 0.18272154 0.17547402 0.83860934

1492574152245 ACCELEROMETER 2.1480865 4.2951202 8.439896

1492574152246 GYROSCOPE 0.12231445 -0.1476593 -0.20289612

1492574152313 MAGNETIC_FIELD 5.596924 -22.540283 -40.72113

1492574152421 GRAVITY 1.4724636 4.868588 8.384455

1492574152427 LINEAR_ACCELERATION 1.0480372 -0.38392544 -0.55976295

1492574152430 ROTATION_VECTOR 0.20298667 0.17694117 0.81588256

1492574152445 ACCELEROMETER 2.5199127 4.5506744 7.854599

1492574152452 GYROSCOPE -0.005004883 0.15837097 -0.041290283

1492574152514 MAGNETIC_FIELD 7.2540283 -18.229675 -40.655518

1492574152621 GRAVITY 1.2373582 4.8589253 8.42794

1492574152627 LINEAR_ACCELERATION 0.99090004 0.012454033 -0.12205982

1492574152630 ROTATION_VECTOR 0.19745769 0.17693248 0.8007686

1492574152635 ACCELEROMETER 2.1203003 4.595886 8.300446

1492574152638 GYROSCOPE 0.0234375 0.01777649 0.0068359375

1492574152707 MAGNETIC_FIELD 6.02417 -18.185425 -41.368103

1492574152822 GRAVITY 1.2534442 4.8741593 8.4167595

1492574152830 LINEAR_ACCELERATION 0.8780923 -0.20315552 0.379344

1492574152833 ROTATION_VECTOR 0.20356634 0.17153849 0.7851443

1492574152835 ACCELEROMETER 2.236969 4.604767 8.323898

1492574152838 GYROSCOPE 0.015396118 0.04118347 0.022766113

1492574152889 MAGNETIC_FIELD 7.83844 -19.743347 -40.185547

1492574153009 GRAVITY 1.3189874 4.8586874 8.4156885

1492574153010 LINEAR_ACCELERATION 0.5994797 -0.071704865 0.33828926

1492574153013 ROTATION_VECTOR 0.21175765 0.16148683 0.7648808

1492574153019 ACCELEROMETER 2.5141144 4.585129 8.037659

1492574153020 GYROSCOPE -0.14123535 -0.12423706 0.023117065

