1492574112603 MAGNETIC_FIELD -8.8974 -48.77472 -2.4978638

1492574112709 ACCELEROMETER -1.0472565 9.355759 -1.7518005

1492574112733 GYROSCOPE 0.11218262 -0.02192688 -0.019638062

1492574112799 MAGNETIC_FIELD -9.051514 -47.634888 -0.119018555

1492574112807 GRAVITY -0.9418564 9.603993 -1.7454525

1492574112808 LINEAR_ACCELERATION -0.190467 -0.09251881 -0.07642281

1492574112810 ROTATION_VECTOR 0.70983887 -0.29175687 -0.30042994

1492574112903 ACCELEROMETER -1.0734711 9.396164 -2.138443

1492574112929 GYROSCOPE 0.03425598 -0.05697632 -0.085617065

1492574112994 MAGNETIC_FIELD -8.52356 -46.917725 -0.63934326

1492574113007 GRAVITY -1.0667254 9.533106 -2.037737

1492574113008 LINEAR_ACCELERATION 0.017285943 0.07754135 0.1547885

1492574113010 ROTATION_VECTOR 0.7192018 -0.2943543 -0.30168733

1492574113149 ACCELEROMETER -1.3896027 9.26326 -1.9493103

1492574113150 GYROSCOPE 0.036315918 -0.07974243 -0.063186646

1492574113207 GRAVITY -1.298328 9.500801 -2.0541465

1492574113208 LINEAR_ACCELERATION -0.20885634 -0.08176708 0.09517431

1492574113210 ROTATION_VECTOR 0.71948737 -0.2950767 -0.3151218

1492574113260 MAGNETIC_FIELD -7.611084 -49.37744 0.18157959

1492574113345 ACCELEROMETER -1.4702148 9.3007965 -2.23555

1492574113346 GYROSCOPE -0.009506226 -0.05430603 -0.02911377

1492574113407 GRAVITY -1.4832397 9.460404 -2.1145034

1492574113408 LINEAR_ACCELERATION 0.11424434 0.029479027 0.06442237

1492574113410 ROTATION_VECTOR 0.7207456 -0.2972128 -0.3255383

1492574113455 MAGNETIC_FIELD -6.9015503 -48.568726 0.34332275

1492574113540 ACCELEROMETER -1.5634155 9.240433 -1.894989

1492574113541 GYROSCOPE 0.05039978 -0.042236328 -0.013504028

1492574113607 GRAVITY -1.5750037 9.433846 -2.166173

1492574113608 LINEAR_ACCELERATION -0.24527097 -0.11438465 -0.1910398

1492574113610 ROTATION_VECTOR 0.72024596 -0.30280328 -0.3333374

1492574113651 MAGNETIC_FIELD -7.0220947 -48.176575 1.133728

1492574113736 ACCELEROMETER -1.5878754 9.247971 -2.1777039

1492574113737 GYROSCOPE -0.005142212 -5.0354004E-4 -0.010696411

1492574113807 GRAVITY -1.5679898 9.432289 -2.1780088

1492574113808 LINEAR_ACCELERATION 0.18387175 0.06078434 0.05771494

1492574113810 ROTATION_VECTOR 0.72028065 -0.3037158 -0.33327004

1492574113846 MAGNETIC_FIELD -7.319641 -47.314453 0.033569336

1492574113931 ACCELEROMETER -1.6491089 9.180481 -2.1635742

1492574114007 GRAVITY -1.6767057 9.400048 -2.235651

1492574114008 LINEAR_ACCELERATION -0.01259017 -0.035202026 -0.2788701

1492574114010 ROTATION_VECTOR 0.7201865 -0.30873603 -0.34126985

1492574114042 GYROSCOPE 0.037078857 -0.034729004 -0.020019531

1492574114042 MAGNETIC_FIELD -6.817627 -48.184204 2.3895264

1492574114127 ACCELEROMETER -1.7496948 9.199402 -2.2027283

1492574114207 GRAVITY -1.6828226 9.399355 -2.2339697

1492574114208 LINEAR_ACCELERATION 0.021309495 0.07007599 0.050271273

1492574114210 ROTATION_VECTOR 0.71796584 -0.3137289 -0.34525287

1492574114237 GYROSCOPE 0.025665283 -0.017120361 0.006881714

1492574114237 MAGNETIC_FIELD -6.0653687 -47.92328 2.1087646

1492574114321 ACCELEROMETER -1.6665802 9.189041 -2.3291626

1492574114407 GRAVITY -1.7171372 9.364532 -2.3510344

1492574114408 LINEAR_ACCELERATION -0.09239125 -0.05543804 -0.23608398

1492574114410 ROTATION_VECTOR 0.72216356 -0.31360677 -0.3435551

1492574114432 GYROSCOPE 0.04359436 -0.045410156 -0.016677856

1492574114433 MAGNETIC_FIELD -6.265259 -48.53363 2.0706177

1492574114517 ACCELEROMETER -1.9174957 9.095428 -2.3377228

1492574114607 GRAVITY -1.8434055 9.301945 -2.4992142

1492574114608 LINEAR_ACCELERATION -0.17102289 -0.012073517 -0.27186227

1492574114610 ROTATION_VECTOR 0.7219727 -0.32585257 -0.35446116

1492574114627 GYROSCOPE 0.10215759 -0.09150696 -0.006576538

1492574114628 MAGNETIC_FIELD -6.3476563 -48.210144 3.1158447

1492574114712 ACCELEROMETER -1.9971466 9.012192 -2.503189

1492574114807 GRAVITY -1.9142575 9.274142 -2.5487823

1492574114808 LINEAR_ACCELERATION -0.09481859 -0.059892654 0.018980742

1492574114810 ROTATION_VECTOR 0.71600986 -0.34246406 -0.36799097

1492574114823 GYROSCOPE 0.08206177 -0.10925293 0.04827881

1492574114823 MAGNETIC_FIELD -5.5740356 -48.99292 4.1137695

1492574114908 ACCELEROMETER -1.7232513 9.067993 -2.740448

1492574115007 GRAVITY -1.7586509 9.285383 -2.619006

1492574115008 LINEAR_ACCELERATION 0.27661395 0.058044434 -0.40426826

1492574115010 ROTATION_VECTOR 0.7160641 -0.3475404 -0.36105558

1492574115018 GYROSCOPE -0.01260376 0.013885498 0.054504395

1492574115019 MAGNETIC_FIELD -6.8481445 -50.04425 3.565979

1492574115103 ACCELEROMETER -1.5782318 9.144897 -2.622696

1492574115208 GRAVITY -1.7195768 9.296201 -2.6065497

1492574115216 LINEAR_ACCELERATION 0.016385913 0.071290016 0.0027723312

1492574115217 ROTATION_VECTOR 0.71933836 -0.3397784 -0.35410735

1492574115220 GYROSCOPE -0.017120361 -0.006942749 -0.024993896

1492574115232 MAGNETIC_FIELD -6.60553 -49.20044 4.873657

1492574115299 ACCELEROMETER -1.8347473 9.035599 -2.633957

1492574115412 GRAVITY -1.7914535 9.281107 -2.61192

1492574115413 LINEAR_ACCELERATION -0.106891274 -0.054224014 -0.27996206

1492574115414 ROTATION_VECTOR 0.7184468 -0.3420601 -0.35928133

1492574115414 GYROSCOPE -0.015182495 -0.03427124 0.015777588

1492574115499 ACCELEROMETER -1.5986938 9.11911 -2.5462494

1492574115500 MAGNETIC_FIELD -5.6640625 -48.10028 3.1448364

1492574115610 GYROSCOPE -0.015655518 -0.04371643 -0.033325195

1492574115611 GRAVITY -1.7881141 9.301876 -2.5393205

1492574115612 LINEAR_ACCELERATION 0.2078439 0.06809902 -0.03234315

1492574115613 ROTATION_VECTOR 0.7160158 -0.3417465 -0.36118677

1492574115695 ACCELEROMETER -1.9296265 9.024124 -2.5552673

1492574115696 MAGNETIC_FIELD -6.8756104 -48.802185 4.1290283

1492574115805 GYROSCOPE -0.017120361 -0.011749268 -0.023010254

1492574115809 GRAVITY -1.8766804 9.287487 -2.5280502

1492574115810 LINEAR_ACCELERATION -0.2470932 -0.09006786 0.22714138

1492574115811 ROTATION_VECTOR 0.71723855 -0.33832458 -0.3638688

1492574115896 ACCELEROMETER -2.049347 9.028702 -2.5477295

1492574115905 MAGNETIC_FIELD -6.3919067 -48.750305 3.302002

1492574116005 GYROSCOPE -0.027542114 -0.012023926 0.05253601

1492574116017 GRAVITY -1.8644279 9.284972 -2.5462906

1492574116020 LINEAR_ACCELERATION 0.033994198 0.027602196 -0.11078119

1492574116023 ROTATION_VECTOR 0.71907955 -0.33578157 -0.36091766

1492574116094 MAGNETIC_FIELD -5.619812 -49.07379 3.7658691

1492574116204 ACCELEROMETER -1.8015137 9.0937195 -2.4127045

1492574116213 GYROSCOPE 0.0056152344 -0.030960083 -0.010635376

1492574116216 GRAVITY -1.8783582 9.281812 -2.5475712

1492574116219 LINEAR_ACCELERATION -0.09213507 -0.053468704 -0.15386462

1492574116221 ROTATION_VECTOR 0.72024626 -0.3333696 -0.35997045

1492574116286 MAGNETIC_FIELD -5.895996 -47.90497 3.2806396

1492574116397 ACCELEROMETER -1.9306183 9.078751 -2.5349274

1492574116406 GYROSCOPE 0.012634277 -0.011245728 0.025039673

1492574116412 GRAVITY -1.8960098 9.282915 -2.5304198

1492574116414 LINEAR_ACCELERATION -0.1416291 -0.068564415 -0.015382767

1492574116417 ROTATION_VECTOR 0.71662134 -0.33980784 -0.3658185

1492574116480 MAGNETIC_FIELD -6.3949585 -48.713684 3.3843994

1492574116595 ACCELEROMETER -1.8535309 9.089371 -2.5605469

1492574116601 GYROSCOPE 0.062805176 -0.050750732 0.046218872

1492574116617 GRAVITY -1.8493916 9.273271 -2.5993452

1492574116624 LINEAR_ACCELERATION -0.12688768 -0.04668045 0.10416341

1492574116627 ROTATION_VECTOR 0.7190361 -0.33987758 -0.36124116

1492574116676 MAGNETIC_FIELD -6.8496704 -48.091125 4.180908

1492574116782 ACCELEROMETER -1.8246613 9.047501 -2.6629639

1492574116786 GYROSCOPE 0.00440979 -0.019042969 0.017242432

1492574116814 GRAVITY -1.8074068 9.266093 -2.6539004

1492574116818 LINEAR_ACCELERATION -0.0015310049 -0.0131111145 0.039532423

1492574116822 ROTATION_VECTOR 0.7170134 -0.3481423 -0.36289358

1492574116867 MAGNETIC_FIELD -6.665039 -48.46039 4.9591064

1492574116982 ACCELEROMETER -1.8101807 9.050842 -2.636444

1492574116992 GYROSCOPE 0.029342651 -0.021850586 0.011550903

1492574117018 GRAVITY -1.8470956 9.255258 -2.664365

1492574117025 LINEAR_ACCELERATION -0.033765197 -0.032173157 0.19561625

1492574117028 ROTATION_VECTOR 0.7146458 -0.35373184 -0.368366

1492574117070 MAGNETIC_FIELD -6.9839478 -48.31848 4.7164917

1492574117183 ACCELEROMETER -1.8274689 9.025879 -2.6687775

1492574117189 GYROSCOPE 0.032211304 -0.0067443848 0.02960205

1492574117218 GRAVITY -1.8383512 9.234701 -2.740649

1492574117225 LINEAR_ACCELERATION -0.053421617 -0.051852226 -0.14392161

1492574117227 ROTATION_VECTOR 0.71793985 -0.35255715 -0.36466697

1492574117264 MAGNETIC_FIELD -7.144165 -47.291565 5.7266235

1492574117367 ACCELEROMETER -1.6859589 9.049301 -2.791565

1492574117370 GYROSCOPE -0.0017547607 -0.02319336 0.0035552979

1492574117412 GRAVITY -1.7957779 9.232777 -2.7751396

1492574117415 LINEAR_ACCELERATION -0.07693851 0.030415535 -0.16849947

1492574117417 ROTATION_VECTOR 0.7156083 -0.35971865 -0.36610657

1492574117451 MAGNETIC_FIELD -5.4885864 -47.77832 6.022644

1492574117569 ACCELEROMETER -1.9325104 8.99025 -2.7736359

1492574117620 GRAVITY -1.7752442 9.241712 -2.7585607

1492574117627 LINEAR_ACCELERATION -0.077901006 -0.09082985 -0.15838003

1492574117629 ROTATION_VECTOR 0.71600986 -0.3577392 -0.36427683

1492574117656 GYROSCOPE -0.029342651 0.006576538 0.005355835

1492574117662 MAGNETIC_FIELD -6.7504883 -48.286438 4.4937134

1492574117763 ACCELEROMETER -1.8773193 9.012894 -2.8121185

1492574117819 GRAVITY -1.8276635 9.245335 -2.711791

1492574117825 LINEAR_ACCELERATION -0.044208884 -0.067661285 0.035916567

1492574117828 ROTATION_VECTOR 0.7137722 -0.3588762 -0.36925253

1492574117853 GYROSCOPE -0.008453369 -0.008178711 0.009033203

1492574117883 MAGNETIC_FIELD -5.755615 -49.20349 5.2093506

1492574117951 ACCELEROMETER -1.8430176 8.9897 -2.6641388

1492574118010 GRAVITY -1.8360327 9.217444 -2.7996588

1492574118011 LINEAR_ACCELERATION 0.19754434 0.012817383 -0.25128865

1492574118012 ROTATION_VECTOR 0.7196658 -0.3533044 -0.36314306

1492574118037 GYROSCOPE -0.014862061 0.009689331 0.0053253174

1492574118040 MAGNETIC_FIELD -6.958008 -48.72589 4.2175293

1492574118154 ACCELEROMETER -1.7534485 9.082001 -2.917099

1492574118216 GRAVITY -1.842937 9.227284 -2.762461

1492574118222 LINEAR_ACCELERATION -0.27887714 -0.07784176 0.24308133

1492574118224 ROTATION_VECTOR 0.71733785 -0.35534868 -0.3660491

1492574118236 GYROSCOPE -0.022918701 -0.024230957 0.01373291

1492574118351 ACCELEROMETER -1.7675781 9.05365 -2.6924286

1492574118355 MAGNETIC_FIELD -7.6782227 -48.43445 4.46167

1492574118415 GRAVITY -1.7861903 9.234722 -2.7748575

1492574118421 LINEAR_ACCELERATION 0.3183632 0.091386795 0.0066170692

1492574118424 ROTATION_VECTOR 0.72256386 -0.3455138 -0.35618627

1492574118428 GYROSCOPE -0.034179688 -0.031143188 -0.07766724

1492574118545 ACCELEROMETER -2.1224365 8.968491 -2.6647491

1492574118551 MAGNETIC_FIELD -5.4260254 -48.207092 4.0283203

1492574118615 GRAVITY -1.9624437 9.223308 -2.6925442

1492574118623 LINEAR_ACCELERATION -0.21076298 -0.09472561 0.097132206

1492574118625 ROTATION_VECTOR 0.7218528 -0.34089604 -0.36488628

1492574118628 GYROSCOPE -0.008422852 -0.014892578 -0.01574707

1492574118742 ACCELEROMETER -2.102768 9.006775 -2.6375732

1492574118746 MAGNETIC_FIELD -6.2454224 -48.75946 2.8930664

1492574118815 GRAVITY -2.0387623 9.214579 -2.6655912

1492574118823 LINEAR_ACCELERATION -0.08110201 0.007855415 0.13185501

1492574118825 ROTATION_VECTOR 0.7215424 -0.3395348 -0.36879686

1492574118828 GYROSCOPE -0.022827148 0.026748657 -0.022415161

1492574118927 ACCELEROMETER -2.1781464 8.981415 -2.5626373

1492574118928 MAGNETIC_FIELD -4.5944214 -48.95935 4.1625977

1492574119011 GRAVITY -2.0620074 9.206997 -2.6738973

1492574119039 LINEAR_ACCELERATION -0.14189768 -0.05603218 -0.03341198

1492574119042 GYROSCOPE -0.004837036 0.011245728 0.010879517

1492574119046 ROTATION_VECTOR 0.7267354 -0.32840958 -0.36222675

1492574119121 ACCELEROMETER -2.0483704 9.034119 -2.5356903

1492574119121 MAGNETIC_FIELD -5.74646 -48.87848 4.371643

1492574119206 GYROSCOPE -0.0021209717 0.011016846 0.0025634766

1492574119208 GRAVITY -2.0692484 9.223318 -2.6113234

1492574119216 LINEAR_ACCELERATION -0.060734272 -0.09010124 0.0209136

1492574119217 ROTATION_VECTOR 0.7222735 -0.33385828 -0.36832455

1492574119322 ACCELEROMETER -2.0692596 8.985809 -2.6100616

1492574119322 MAGNETIC_FIELD -5.44281 -48.754883 4.110718

1492574119401 GYROSCOPE -0.006668091 -0.032089233 -0.0067443848

1492574119411 GRAVITY -2.0825484 9.215993 -2.626568

1492574119415 LINEAR_ACCELERATION -0.020149708 -0.031900406 0.02329588

1492574119417 ROTATION_VECTOR 0.72391593 -0.33145657 -0.3669437

1492574119523 ACCELEROMETER -2.1297302 8.974075 -2.4998627

1492574119530 MAGNETIC_FIELD -5.2124023 -48.4375 4.562378

1492574119613 GYROSCOPE -0.0066223145 -0.0030670166 0.0035858154

1492574119620 GRAVITY -2.1170418 9.207506 -2.6287534

1492574119622 LINEAR_ACCELERATION -0.05808139 0.020633698 -0.08683252

1492574119625 ROTATION_VECTOR 0.7240223 -0.33139223 -0.3686315

1492574119722 ACCELEROMETER -2.1867523 8.963394 -2.714798

1492574119728 MAGNETIC_FIELD -4.826355 -48.72284 3.9016724

1492574119803 GYROSCOPE -0.0115356445 -0.003692627 0.0061950684

1492574119815 GRAVITY -2.1462555 9.208267 -2.6022673

1492574119818 LINEAR_ACCELERATION -0.067414284 0.024762154 0.2082293

1492574119821 ROTATION_VECTOR 0.72299874 -0.33158934 -0.3711124

1492574119917 MAGNETIC_FIELD -3.9978027 -49.179077 5.0872803

1492574120001 ACCELEROMETER -2.1134186 9.019897 -2.6427155

1492574120008 GYROSCOPE -0.001449585 0.021606445 0.012680054

1492574120014 GRAVITY -2.1338553 9.196655 -2.653033

1492574120016 LINEAR_ACCELERATION -0.09464049 -0.051577568 0.10275531

1492574120019 ROTATION_VECTOR 0.7256055 -0.32979336 -0.3676926

1492574120112 MAGNETIC_FIELD -5.1498413 -49.601746 3.3096313

1492574120196 ACCELEROMETER -2.1525726 8.993134 -2.5904083

1492574120202 GYROSCOPE -9.765625E-4 -6.4086914E-4 0.014709473

1492574120218 GRAVITY -2.1381266 9.1904335 -2.671093

1492574120225 LINEAR_ACCELERATION -0.078094006 -0.005332947 -0.19497776

1492574120227 ROTATION_VECTOR 0.7264026 -0.32943454 -0.36711663

1492574120304 MAGNETIC_FIELD -4.38385 -48.924255 5.1879883

1492574120392 ACCELEROMETER -2.078354 9.0078125 -2.6546326

1492574120399 GYROSCOPE -0.008453369 -0.0051574707 -0.001739502

1492574120417 GRAVITY -2.1380308 9.185389 -2.6884668

1492574120424 LINEAR_ACCELERATION -0.108029366 -0.07415676 -0.21939969

1492574120427 ROTATION_VECTOR 0.72783566 -0.32761088 -0.36537218

1492574120502 MAGNETIC_FIELD -4.58374 -49.050903 5.3848267

1492574120584 ACCELEROMETER -2.2041473 8.996643 -2.6529388

1492574120618 GRAVITY -2.156546 9.191163 -2.6537192

1492574120625 LINEAR_ACCELERATION -0.042487383 -0.035987854 -0.077629805

1492574120627 ROTATION_VECTOR 0.7250436 -0.33107975 -0.36969993

1492574120696 GYROSCOPE -0.007980347 -0.003921509 0.011978149

1492574120704 MAGNETIC_FIELD -4.8690796 -48.776245 4.8980713

1492574120782 ACCELEROMETER -2.1738281 8.987152 -2.653305

1492574120819 GRAVITY -2.1487112 9.207487 -2.603002

1492574120825 LINEAR_ACCELERATION -0.048446655 -0.07062626 0.074154854

1492574120828 ROTATION_VECTOR 0.7228402 -0.3319913 -0.37148345

1492574120899 GYROSCOPE -0.027740479 -0.002090454 0.011795044

1492574120908 MAGNETIC_FIELD -5.5404663 -49.098206 4.058838

1492574120963 ACCELEROMETER -2.1510315 8.996094 -2.4876556

1492574121008 GRAVITY -2.168199 9.211423 -2.5727394

1492574121010 LINEAR_ACCELERATION -0.0961864 -0.12243557 0.13856268

1492574121012 ROTATION_VECTOR 0.71961725 -0.3366366 -0.3765271

1492574121076 GYROSCOPE 0.007797241 -0.007904053 0.0048675537

1492574121080 MAGNETIC_FIELD -4.412842 -48.846436 4.992676

1492574121161 ACCELEROMETER -2.170166 8.946701 -2.6333923

1492574121211 GRAVITY -2.1821618 9.183286 -2.6600416

1492574121214 LINEAR_ACCELERATION 0.13013673 0.0659399 -0.1511302

1492574121217 ROTATION_VECTOR 0.72519183 -0.3312419 -0.37093842

1492574121277 GYROSCOPE -0.01159668 -0.012054443 -0.010055542

1492574121282 MAGNETIC_FIELD -5.432129 -48.550415 4.675293

1492574121361 ACCELEROMETER -2.1680145 9.011993 -2.5511627

1492574121414 GRAVITY -2.3189297 9.168013 -2.5962458

1492574121417 LINEAR_ACCELERATION 0.06432533 0.0012722015 0.17710757

1492574121422 ROTATION_VECTOR 0.7240579 -0.32880366 -0.37842092

1492574121473 GYROSCOPE -0.0079956055 -0.03189087 -0.078125

1492574121476 MAGNETIC_FIELD -3.1524658 -48.554993 5.177307

1492574121557 ACCELEROMETER -2.4979553 8.860855 -2.6423645

1492574121612 GRAVITY -2.4631977 9.131137 -2.5933342

1492574121615 LINEAR_ACCELERATION -0.075325966 -0.071154594 -0.054505587

1492574121618 ROTATION_VECTOR 0.72464055 -0.32729092 -0.38495785

1492574121669 GYROSCOPE -0.009002686 -0.02684021 -0.017730713

1492574121672 MAGNETIC_FIELD -4.017639 -49.023438 5.291748

1492574121751 ACCELEROMETER -2.5060883 8.919617 -2.5885925

1492574121813 GRAVITY -2.4770918 9.12817 -2.590544

1492574121816 LINEAR_ACCELERATION 0.0146615505 0.010158539 -0.19017148

1492574121819 ROTATION_VECTOR 0.72665364 -0.32257637 -0.38270915

1492574121857 GYROSCOPE -0.02720642 -0.010848999 0.010986328

1492574121946 ACCELEROMETER -2.4132538 8.982376 -2.4811401

1492574121950 MAGNETIC_FIELD -4.46167 -47.940063 3.6514282

1492574122012 GRAVITY -2.5103028 9.147596 -2.4880195

1492574122015 LINEAR_ACCELERATION -0.008452654 0.02519226 0.18954802

1492574122017 ROTATION_VECTOR 0.72039723 -0.3284532 -0.39146823

1492574122060 GYROSCOPE -0.025939941 -0.0036010742 -0.00642395

1492574122141 ACCELEROMETER -2.5228271 8.905594 -2.445221

1492574122143 MAGNETIC_FIELD -3.451538 -47.969055 3.9779663

1492574122224 GRAVITY -2.499869 9.144235 -2.5107796

1492574122225 LINEAR_ACCELERATION -0.01475358 -0.07705498 -0.08421874

1492574122229 ROTATION_VECTOR 0.7230612 -0.32434034 -0.38753235

1492574122246 GYROSCOPE -0.014434814 9.460449E-4 0.02633667

1492574122331 ACCELEROMETER -2.394455 8.989304 -2.4858093

1492574122331 MAGNETIC_FIELD -3.968811 -48.213196 4.6783447

1492574122415 GRAVITY -2.4739673 9.16598 -2.456556

1492574122420 LINEAR_ACCELERATION 0.0018379688 -0.0068683624 0.10224223

1492574122423 ROTATION_VECTOR 0.7200815 -0.3266988 -0.3894555

1492574122444 GYROSCOPE -0.019729614 -0.0071868896 0.007156372

1492574122534 MAGNETIC_FIELD -3.5232544 -49.536133 2.7893066

1492574122612 GRAVITY -2.472071 9.158286 -2.4869761

1492574122617 LINEAR_ACCELERATION 0.0395844 0.040973663 -0.13783193

1492574122621 ROTATION_VECTOR 0.72177315 -0.32533678 -0.38750175

1492574122640 ACCELEROMETER -2.4001007 8.946121 -2.3465424

1492574122647 GYROSCOPE 0.008728027 -0.012283325 -0.01159668

1492574122721 MAGNETIC_FIELD -3.9840698 -49.461365 3.5873413

1492574122810 GRAVITY -2.5024855 9.155743 -2.4658322

1492574122814 LINEAR_ACCELERATION -0.24884987 -0.12593746 0.23267484

1492574122814 ROTATION_VECTOR 0.71980506 -0.32802913 -0.39149797

1492574122834 ACCELEROMETER -2.52919 8.897949 -2.4716187

1492574122837 GYROSCOPE -9.1552734E-5 0.0036010742 0.026504517

1492574122920 MAGNETIC_FIELD -3.1738281 -48.687744 3.8101196

1492574123012 GRAVITY -2.4418924 9.167803 -2.4817207

1492574123016 LINEAR_ACCELERATION 0.39171147 0.27848053 -0.0016958714

1492574123021 ROTATION_VECTOR 0.721241 -0.32610422 -0.38661367

1492574123028 ACCELEROMETER -1.7617493 9.225571 -2.4871368

1492574123031 GYROSCOPE 0.004272461 -0.20709229 -0.21165466

1492574123115 MAGNETIC_FIELD -0.84991455 -49.076843 4.852295

1492574123211 GRAVITY -3.587198 8.858677 -2.1968699

1492574123215 LINEAR_ACCELERATION 2.454417 1.0069704 0.5452988

1492574123217 ROTATION_VECTOR 0.71861905 -0.30918583 -0.44293725

1492574123225 ACCELEROMETER -1.0375519 9.486908 -2.4534454

1492574123227 GYROSCOPE 0.21551514 -2.2402344 -1.0274963

1492574123310 MAGNETIC_FIELD 9.04541 -48.66333 5.177307

1492574123411 GRAVITY -6.185893 7.446857 1.5650676

1492574123415 LINEAR_ACCELERATION 4.7164774 0.69485664 -1.2251227

1492574123421 ROTATION_VECTOR 0.54372215 -0.35294476 -0.7270128

1492574123425 ACCELEROMETER -1.4945679 7.585785 1.1017151

1492574123427 GYROSCOPE 0.46080017 -4.875244 -1.7960815

1492574123505 MAGNETIC_FIELD 23.724365 -42.35382 -9.268188

1492574123610 GRAVITY -5.062191 6.2040157 5.6616955

1492574123617 LINEAR_ACCELERATION -1.2111893 -2.123177 2.3583865

1492574123621 ROTATION_VECTOR -0.27622664 0.36746797 0.88736534

1492574123624 ACCELEROMETER -4.2158203 4.325882 6.901581

1492574123629 GYROSCOPE 1.6768341 -2.7881622 -0.4547119

1492574123701 MAGNETIC_FIELD 20.329285 -42.38434 -6.80542

1492574123813 ACCELEROMETER -1.6267853 4.6594086 3.0697327

1492574123816 GRAVITY -2.0625765 7.952128 5.3553553

1492574123820 LINEAR_ACCELERATION 0.53532505 -3.3108306 -1.8965669

1492574123822 ROTATION_VECTOR 0.009044066 0.47630987 0.846725

1492574123825 GYROSCOPE -0.48072815 -2.917923 0.84606934

1492574123896 MAGNETIC_FIELD 4.6539307 -42.056274 -20.895386

1492574124004 ACCELEROMETER 3.8226776 6.877228 8.688263

1492574124008 GRAVITY 2.3821778 6.2498446 7.1718235

1492574124008 LINEAR_ACCELERATION -0.020800829 -0.9010091 7.6394076

1492574124010 ROTATION_VECTOR 0.21193838 0.29903325 0.900927

1492574124088 GYROSCOPE 0.45391846 -2.2920837 0.35116577

1492574124089 MAGNETIC_FIELD -5.8029175 -44.77539 -15.689087

1492574124201 ACCELEROMETER 3.084076 6.414749 4.450592

1492574124214 GRAVITY 4.344738 7.6776977 4.283293

1492574124218 LINEAR_ACCELERATION -3.275249 -0.9349451 4.154433

1492574124226 ROTATION_VECTOR 0.37231824 0.3781428 0.8185042

1492574124287 GYROSCOPE 0.46243286 -0.14581299 0.04774475

1492574124294 MAGNETIC_FIELD -9.666443 -47.470093 -9.25293

1492574124396 ACCELEROMETER 8.9930725 9.184784 5.4527435

1492574124410 GRAVITY 5.078157 7.020811 4.5924854

1492574124415 LINEAR_ACCELERATION -3.7640495 -1.3455572 -3.788526

1492574124417 ROTATION_VECTOR 0.40101492 0.32409173 0.8269404

1492574124483 GYROSCOPE -3.5648346 -0.7867584 0.8733063

1492574124487 MAGNETIC_FIELD -17.662048 -34.00421 -28.204346

1492574124591 ACCELEROMETER 11.806595 5.070709 9.796082

1492574124612 GRAVITY 6.787223 1.8072654 6.8438134

1492574124616 LINEAR_ACCELERATION -2.4420633 -2.0380187 11.068115

1492574124623 ROTATION_VECTOR 0.38803217 -0.022218307 0.87534577

1492574124677 GYROSCOPE -1.5736084 -1.1161194 0.48634338

1492574124792 ACCELEROMETER 5.7000885 3.9554749 7.7497864

1492574124795 MAGNETIC_FIELD -29.167175 -19.607544 -33.325195

1492574124812 GRAVITY 8.437896 -0.5320595 4.968824

1492574124816 LINEAR_ACCELERATION -0.46289158 6.2404666 -7.389658

1492574124820 ROTATION_VECTOR 0.4540868 -0.20116074 0.81411916

1492574124873 GYROSCOPE 0.6513214 -1.326004 1.1652527

1492574124987 ACCELEROMETER 6.571411 -1.0629425 -0.7247162

1492574124993 MAGNETIC_FIELD -33.195496 -18.469238 -29.277039

1492574125012 GRAVITY 9.123567 -0.9901583 3.4569507

1492574125016 LINEAR_ACCELERATION 10.455633 6.2767687 -15.953554

1492574125020 ROTATION_VECTOR 0.52372724 -0.22238329 0.78719556

1492574125071 GYROSCOPE -0.43917847 0.16241455 -0.15719604

1492574125182 ACCELEROMETER 8.412582 2.0115356 2.791748

1492574125186 MAGNETIC_FIELD -34.46808 -18.534851 -28.981018

1492574125212 GRAVITY 9.050832 -1.3327845 3.5322113

1492574125216 LINEAR_ACCELERATION -0.8168869 3.8514552 -0.9375887

1492574125221 ROTATION_VECTOR 0.5061459 -0.2524355 0.7837328

1492574125263 GYROSCOPE -0.19973755 0.9142151 0.32295227

1492574125374 ACCELEROMETER 9.081146 1.0778351 5.0216675

1492574125377 MAGNETIC_FIELD -29.263306 -14.949036 -35.06775

1492574125412 GRAVITY 8.315777 -1.7780191 4.8843513

1492574125416 LINEAR_ACCELERATION 1.6365128 2.7665727 0.4954357

1492574125419 ROTATION_VECTOR 0.424354 -0.2662538 0.813083

1492574125457 GYROSCOPE 0.0033111572 0.08357239 0.15394592

1492574125571 ACCELEROMETER 7.8818817 0.46835327 6.3444214

1492574125575 MAGNETIC_FIELD -27.696228 -13.925171 -36.288452

1492574125612 GRAVITY 8.210598 -1.8963654 5.0160017

1492574125616 LINEAR_ACCELERATION 0.21576595 2.0629487 1.4851351

1492574125621 ROTATION_VECTOR 0.4141191 -0.2697415 0.81652695

1492574125654 GYROSCOPE 0.13409424 0.1903534 0.10293579

1492574125760 ACCELEROMETER 7.8524017 0.6160736 6.128433

1492574125761 MAGNETIC_FIELD -27.119446 -14.518738 -37.48169

1492574125808 GRAVITY 7.980782 -1.7918036 5.4098935

1492574125808 LINEAR_ACCELERATION -0.09153557 2.0160747 1.4384274

1492574125811 ROTATION_VECTOR 0.4005236 -0.25249368 0.82990956

1492574125846 GYROSCOPE 0.22662354 0.09410095 0.036193848

