1492574064254 ACCELEROMETER -0.7393341 2.4891205 8.761154

1492574064279 GYROSCOPE 0.085739136 -0.0074005127 -0.07437134

1492574064280 MAGNETIC_FIELD -1.2664795 3.4591675 -44.89441

1492574064353 GRAVITY -0.7517246 2.6608677 9.408776

1492574064354 LINEAR_ACCELERATION -0.2501111 -0.19648695 -0.4430046

1492574064355 ROTATION_VECTOR 0.13999559 0.026213229 -0.08919469

1492574064477 GYROSCOPE 0.062088013 -0.08929443 -0.10636902

1492574064478 MAGNETIC_FIELD -1.6311646 2.6565552 -44.525146

1492574064514 ACCELEROMETER -0.947052 2.9039612 8.983353

1492574064553 GRAVITY -0.68793964 2.8329256 9.363315

1492574064553 LINEAR_ACCELERATION -0.2601753 0.3318293 0.026076317

1492574064555 ROTATION_VECTOR 0.14917172 0.01875163 -0.111651674

1492574064695 ACCELEROMETER -1.1206818 2.7943726 9.105957

1492574064696 GYROSCOPE 0.008407593 -0.007675171 -0.039733887

1492574064696 MAGNETIC_FIELD -2.2460938 2.0828247 -44.483948

1492574064752 GRAVITY -0.7995615 2.9072719 9.331606

1492574064753 LINEAR_ACCELERATION -0.49446523 0.020614624 0.08568382

1492574064755 ROTATION_VECTOR 0.15456109 0.018204624 -0.148734

1492574064891 ACCELEROMETER -0.77041626 2.8572388 8.916092

1492574064892 GYROSCOPE 0.0435791 0.012054443 0.06919861

1492574064892 MAGNETIC_FIELD -1.6143799 1.4923096 -44.99359

1492574064952 GRAVITY -0.8333647 2.9891226 9.302743

1492574064953 LINEAR_ACCELERATION 0.4333743 0.12525845 0.15225029

1492574064955 ROTATION_VECTOR 0.15922624 0.018414594 -0.1540961

1492574065086 ACCELEROMETER -0.8526764 2.9504395 9.101059

1492574065086 GYROSCOPE -0.038848877 0.029159546 -0.0129852295

1492574065087 MAGNETIC_FIELD -1.0757446 2.0721436 -44.966125

1492574065152 GRAVITY -0.8857345 2.95651 9.308325

1492574065153 LINEAR_ACCELERATION -0.18909854 -0.004960537 -0.102832794

1492574065155 ROTATION_VECTOR 0.15792535 0.021612626 -0.15247466

1492574065281 ACCELEROMETER -0.8624115 2.8643646 9.270554

1492574065282 GYROSCOPE -0.0045928955 -0.024612427 -0.030822754

1492574065283 MAGNETIC_FIELD -1.3442993 2.583313 -45.78247

1492574065352 GRAVITY -0.85503566 2.9184756 9.323187

1492574065353 LINEAR_ACCELERATION 0.007970631 0.06494951 0.07249832

1492574065355 ROTATION_VECTOR 0.15575524 0.019750997 -0.15623397

1492574065476 ACCELEROMETER -0.9981537 2.7866821 9.128311

1492574065477 GYROSCOPE -0.015625 -0.011688232 -0.02078247

1492574065478 MAGNETIC_FIELD -1.184082 3.4545898 -44.924927

1492574065553 GRAVITY -0.88410336 2.8986487 9.32666

1492574065553 LINEAR_ACCELERATION 0.03994268 0.021922588 -0.09638786

1492574065555 ROTATION_VECTOR 0.15515745 0.019971441 -0.16518047

1492574065672 ACCELEROMETER -0.9388428 2.8303375 9.094131

1492574065673 GYROSCOPE 0.02079773 0.011428833 -0.019699097

1492574065674 MAGNETIC_FIELD -1.3412476 2.0446777 -45.27588

1492574065753 GRAVITY -0.92011493 2.9180207 9.317131

1492574065753 LINEAR_ACCELERATION -0.0468688 0.022895336 0.08281326

1492574065758 ROTATION_VECTOR 0.1565222 0.021431997 -0.16644783

1492574065867 ACCELEROMETER -0.9439087 2.8697357 8.961472

1492574065867 GYROSCOPE 0.024246216 -0.015548706 -0.0065460205

1492574065868 MAGNETIC_FIELD -1.4083862 2.0477295 -45.317078

1492574065952 GRAVITY -0.9544398 2.9617507 9.299864

1492574065953 LINEAR_ACCELERATION -0.09007347 -0.027617931 0.15781021

1492574065955 ROTATION_VECTOR 0.15926547 0.021758335 -0.17278787

1492574066152 GRAVITY -0.9826401 2.9599 9.297516

1492574066153 LINEAR_ACCELERATION -0.18987644 -0.08232665 -0.19127941

1492574066155 ROTATION_VECTOR 0.15950675 0.022720587 -0.17576316

1492574066173 ACCELEROMETER -1.0468597 2.8486633 9.050827

1492574066173 GYROSCOPE -0.0050964355 0.0049591064 0.02468872

1492574066174 MAGNETIC_FIELD -0.743103 1.1032104 -44.00177

1492574066352 GRAVITY -0.96953994 3.0002806 9.285941

1492574066353 LINEAR_ACCELERATION 0.22793096 0.09577608 -0.04488182

1492574066355 ROTATION_VECTOR 0.1614641 0.021866273 -0.17464817

1492574066368 ACCELEROMETER -0.86026 2.9965363 9.054443

1492574066369 GYROSCOPE 0.03012085 -0.013977051 0.023742676

1492574066370 MAGNETIC_FIELD -2.1255493 2.0339966 -45.373535

1492574066553 GRAVITY -0.9718427 3.006905 9.283557

1492574066554 LINEAR_ACCELERATION 0.0123131275 0.06439328 -0.06768894

1492574066555 ROTATION_VECTOR 0.16177255 0.022359962 -0.17202137

1492574066564 ACCELEROMETER -1.0172577 2.942978 9.008133

1492574066564 GYROSCOPE -0.02079773 0.012649536 0.0033416748

1492574066565 MAGNETIC_FIELD -0.7827759 2.1957397 -45.173645

1492574066754 GRAVITY -1.0745646 2.7459779 9.352823

1492574066756 LINEAR_ACCELERATION -0.022290707 0.16535544 -0.39344501

1492574066757 ROTATION_VECTOR 0.1492353 0.029454285 -0.17513761

1492574066760 ACCELEROMETER -1.0840759 2.658493 8.724121

1492574066761 GYROSCOPE -0.29263306 0.0054779053 -0.023742676

1492574066761 MAGNETIC_FIELD -1.3839722 2.2125244 -44.911194

1492574066957 GRAVITY -0.55011994 2.1988502 9.541112

1492574066958 LINEAR_ACCELERATION -0.08986944 0.061894894 0.35954475

1492574066963 ACCELEROMETER -0.65452576 2.1694336 9.403809

1492574066965 GYROSCOPE -0.19767761 -0.42356873 -0.064834595

1492574066968 MAGNETIC_FIELD -4.3914795 5.7373047 -43.65387

1492574066970 ROTATION_VECTOR 0.11624785 0.0050127795 -0.19932298

1492574067166 GRAVITY -0.40561008 2.0092678 9.590032

1492574067173 LINEAR_ACCELERATION 0.29519153 0.0289706 0.45474625

1492574067175 ROTATION_VECTOR 0.10509227 -2.7419179E-4 -0.19932483

1492574067178 ACCELEROMETER -0.060684204 2.0131226 9.479645

1492574067180 GYROSCOPE -0.07597351 0.024642944 0.015838623

1492574067182 MAGNETIC_FIELD -5.6777954 7.7026367 -44.577026

1492574067362 ACCELEROMETER -0.2546692 1.898529 9.36142

1492574067368 GYROSCOPE 0.076156616 -0.031906128 0.041870117

1492574067371 GRAVITY -0.36739573 2.1149404 9.568826

1492574067374 LINEAR_ACCELERATION 0.24014845 0.030092001 0.081703186

1492574067376 ROTATION_VECTOR 0.110078044 -0.0029106992 -0.1959355

1492574067379 MAGNETIC_FIELD -4.573059 7.017517 -44.963074

1492574067560 ACCELEROMETER -0.20376587 2.049057 9.327103

1492574067566 GYROSCOPE 0.036849976 -0.030700684 -0.047576904

1492574067569 MAGNETIC_FIELD -6.214905 7.194519 -45.251465

1492574067571 GRAVITY -0.28281447 2.1511462 9.563627

1492574067574 LINEAR_ACCELERATION 0.09193078 -0.026656866 0.009140968

1492574067576 ROTATION_VECTOR 0.11102981 -0.007942401 -0.19951278

1492574067750 ACCELEROMETER -0.16365051 2.0250397 9.3667755

1492574067760 GYROSCOPE -0.012374878 -0.009552002 -0.029830933

1492574067762 MAGNETIC_FIELD -6.033325 7.9055786 -44.67621

1492574067765 GRAVITY -0.27036628 2.127875 9.569192

1492574067767 LINEAR_ACCELERATION 0.0341177 -0.04197836 0.28406334

1492574067770 ROTATION_VECTOR 0.109659806 -0.009039894 -0.20586404

1492574067944 ACCELEROMETER -0.19786072 2.0563354 9.414581

1492574067950 GYROSCOPE 0.042922974 -0.016784668 0.01713562

1492574067953 MAGNETIC_FIELD -6.311035 6.6085815 -45.44983

1492574067959 GRAVITY -0.23059137 2.1370597 9.568187

1492574067961 LINEAR_ACCELERATION 0.038793117 -0.054025173 0.030499458

1492574067964 ROTATION_VECTOR 0.10973266 -0.010817188 -0.20305131

1492574068142 ACCELEROMETER -0.10449219 2.1676788 9.332031

1492574068149 GYROSCOPE 0.040359497 -2.4414063E-4 -0.007888794

1492574068151 MAGNETIC_FIELD -5.7128906 4.951477 -45.021057

1492574068157 GRAVITY -0.20125115 2.23491 9.546469

1492574068159 LINEAR_ACCELERATION 0.1562513 0.021762848 0.053720474

1492574068162 ROTATION_VECTOR 0.114366926 -0.013629892 -0.2055413

1492574068331 ACCELEROMETER -0.07043457 2.2477417 9.339661

1492574068341 GYROSCOPE 0.029037476 -0.052459717 0.0018310547

1492574068357 MAGNETIC_FIELD -6.7123413 4.6966553 -44.47632

1492574068358 GRAVITY -0.10935548 2.3063948 9.530949

1492574068358 LINEAR_ACCELERATION -0.007038653 0.12014818 0.105267525

1492574068359 ROTATION_VECTOR 0.117086016 -0.018648209 -0.20244366

1492574068523 ACCELEROMETER -0.029144287 2.315979 9.411133

1492574068524 GYROSCOPE 0.020126343 -0.026763916 0.0058898926

1492574068524 MAGNETIC_FIELD -6.7596436 4.48761 -44.578552

1492574068553 GRAVITY -0.026177816 2.3318229 9.525351

1492574068554 LINEAR_ACCELERATION 0.03348679 0.08328247 0.11194515

1492574068555 ROTATION_VECTOR 0.1175145 -0.023078753 -0.20224644

1492574068721 ACCELEROMETER 0.17201233 2.4420319 9.21756

1492574068722 GYROSCOPE 0.03843689 -0.08404541 0.0017089844

1492574068722 MAGNETIC_FIELD -7.5439453 3.8101196 -45.428467

1492574068760 GRAVITY -0.005439366 2.360476 9.518325

1492574068760 LINEAR_ACCELERATION 0.10853027 0.119136095 0.025948524

1492574068760 ROTATION_VECTOR 0.11869153 -0.024755064 -0.20490526

1492574068916 ACCELEROMETER 0.26060486 2.5435333 9.198578

1492574068916 GYROSCOPE 0.05696106 -0.087509155 -0.0016326904

1492574068916 MAGNETIC_FIELD -9.234619 3.993225 -46.022034

1492574068959 GRAVITY 0.28519362 2.5336745 9.4694

1492574068960 LINEAR_ACCELERATION -0.109048724 0.007016897 0.21001625

1492574068960 ROTATION_VECTOR 0.124227524 -0.041981794 -0.21034653

1492574069113 ACCELEROMETER 0.3224182 2.624405 9.268738

1492574069114 GYROSCOPE 0.040878296 -0.025512695 0.0010681152

1492574069114 MAGNETIC_FIELD -7.4432373 3.0517578 -46.09375

1492574069159 GRAVITY 0.32999447 2.5787013 9.455781

1492574069160 LINEAR_ACCELERATION -0.0049410164 0.07274294 0.07354641

1492574069160 ROTATION_VECTOR 0.12587759 -0.045212727 -0.21390074

1492574069306 ACCELEROMETER 0.3938141 2.7068481 9.114944

1492574069307 GYROSCOPE 0.02279663 -0.010391235 9.0026855E-4

1492574069307 MAGNETIC_FIELD -9.059143 3.1280518 -45.484924

1492574069353 GRAVITY 0.395672 2.727439 9.411425

1492574069354 LINEAR_ACCELERATION 0.033677578 0.037486076 -0.089609146

1492574069355 ROTATION_VECTOR 0.13291234 -0.049851976 -0.21096429

1492574069497 ACCELEROMETER 0.31199646 2.7148895 9.175125

1492574069502 GYROSCOPE -0.0071105957 0.02835083 -0.0022125244

1492574069505 MAGNETIC_FIELD -9.700012 2.7328491 -45.373535

1492574069553 GRAVITY 0.34792703 2.7241127 9.414273

1492574069554 LINEAR_ACCELERATION -0.016744763 0.06193781 0.011385918

1492574069555 ROTATION_VECTOR 0.13327317 -0.047369927 -0.21069464

1492574069756 GRAVITY 0.32141772 2.7459533 9.408869

1492574069757 LINEAR_ACCELERATION -0.11028978 -0.007571459 -0.07219887

1492574069757 ROTATION_VECTOR 0.13473189 -0.04613573 -0.2096162

1492574069775 ACCELEROMETER 0.31455994 2.7644958 9.132751

1492574069775 GYROSCOPE 0.01373291 -0.0154418945 0.010116577

1492574069776 MAGNETIC_FIELD -7.8338623 2.0812988 -44.958496

1492574069966 GRAVITY 0.32121453 2.7697096 9.401911

1492574069976 LINEAR_ACCELERATION 0.032286406 0.060643673 0.0072784424

1492574069979 ROTATION_VECTOR 0.13611925 -0.045907933 -0.20612788

1492574069981 ACCELEROMETER 0.29304504 2.7406006 9.238541

1492574069984 GYROSCOPE 1.0681152E-4 0.01763916 0.009613037

1492574069986 MAGNETIC_FIELD -8.837891 3.8528442 -45.220947

1492574070165 GRAVITY 0.26475054 2.7736917 9.402495

1492574070177 LINEAR_ACCELERATION -0.065496564 0.005386591 0.07634449

1492574070180 ROTATION_VECTOR 0.1367847 -0.043543987 -0.20923637

1492574070183 ACCELEROMETER 0.27124023 2.7697144 9.139023

1492574070185 GYROSCOPE -0.010818481 0.018692017 0.007659912

1492574070188 MAGNETIC_FIELD -7.434082 2.6046753 -44.24591

1492574070370 GRAVITY 0.24148905 2.7681262 9.404761

1492574070376 LINEAR_ACCELERATION -0.09228903 0.053791285 0.07401276

1492574070379 ROTATION_VECTOR 0.13693479 -0.041706856 -0.20498632

1492574070381 ACCELEROMETER 0.2861023 2.8242493 9.16127

1492574070384 GYROSCOPE -0.016159058 0.009216309 0.014923096

1492574070386 MAGNETIC_FIELD -8.233643 2.0812988 -45.550537

1492574070569 GRAVITY 0.21661969 2.7556329 9.409036

1492574070590 LINEAR_ACCELERATION 0.005645871 0.087803364 0.18678951

1492574070591 ROTATION_VECTOR 0.13664371 -0.04001495 -0.20287685

1492574070592 ACCELEROMETER 0.12416077 2.7604065 9.209976

1492574070592 GYROSCOPE -0.02885437 0.09213257 0.02557373

1492574070593 MAGNETIC_FIELD -7.9071045 1.8493652 -45.4834

1492574070754 ACCELEROMETER 0.087768555 2.7329407 9.13385

1492574070764 GYROSCOPE -0.008300781 0.034469604 0.0077819824

1492574070769 MAGNETIC_FIELD -7.1868896 4.7073364 -46.661377

1492574070771 GRAVITY 0.030852372 2.7435415 9.4150095

1492574070773 LINEAR_ACCELERATION -0.05066868 0.01057291 -0.14544487

1492574070778 ROTATION_VECTOR 0.13828197 -0.029089252 -0.19288436

1492574070952 ACCELEROMETER -0.023361206 2.7140198 9.220657

1492574070954 GYROSCOPE -0.005355835 0.021865845 3.8146973E-4

1492574070954 MAGNETIC_FIELD -6.060791 3.0044556 -45.536804

1492574070956 GRAVITY -0.025875933 2.7465947 9.414135

1492574070956 LINEAR_ACCELERATION 0.057043817 0.055230856 0.017374039

1492574070957 ROTATION_VECTOR 0.13902934 -0.026144799 -0.19211145

1492574071159 ACCELEROMETER -0.11483765 2.7072296 9.182449

1492574071165 GYROSCOPE -0.004196167 0.040786743 -0.013320923

1492574071168 MAGNETIC_FIELD -6.1309814 3.0914307 -44.796753

1492574071170 GRAVITY -0.1173739 2.7465193 9.413461

1492574071173 LINEAR_ACCELERATION -0.127451 0.027145624 -0.013902664

1492574071175 ROTATION_VECTOR 0.13993822 -0.02154939 -0.19230147

1492574071351 ACCELEROMETER -0.1298523 2.723236 9.13295

1492574071360 GYROSCOPE 0.0061950684 -0.0078125 -0.0066223145

1492574071363 MAGNETIC_FIELD -6.2713623 3.0014038 -45.474243

1492574071366 GRAVITY -0.12049696 2.7698617 9.406579

1492574071368 LINEAR_ACCELERATION -0.03655518 0.019053698 0.007939339

1492574071371 ROTATION_VECTOR 0.14115682 -0.021741457 -0.19304028

1492574071544 ACCELEROMETER -0.16659546 2.7380981 9.149277

1492574071553 GYROSCOPE 0.0020751953 0.0048980713 3.9672852E-4

1492574071559 MAGNETIC_FIELD -6.187439 3.3416748 -46.061707

1492574071562 GRAVITY -0.15274091 2.7731614 9.405138

1492574071565 LINEAR_ACCELERATION -0.023678511 0.020549774 0.02448082

1492574071567 ROTATION_VECTOR 0.14158764 -0.020599253 -0.19613704

1492574071742 ACCELEROMETER -0.15956116 2.7325745 9.139175

1492574071748 GYROSCOPE 0.0033721924 0.003982544 -0.0034942627

1492574071750 MAGNETIC_FIELD -6.1187744 3.4469604 -45.126343

1492574071757 GRAVITY -0.15326554 2.787431 9.400911

1492574071759 LINEAR_ACCELERATION -0.028259307 0.02455926 0.008547783

1492574071762 ROTATION_VECTOR 0.14232183 -0.020771135 -0.19645903

1492574071935 ACCELEROMETER -0.16255188 2.7711182 9.103653

1492574071943 GYROSCOPE 0.001159668 0.0056915283 0.0033569336

1492574071946 MAGNETIC_FIELD -6.011963 1.9104004 -45.051575

1492574071957 GRAVITY -0.16192745 2.803143 9.396092

1492574071979 LINEAR_ACCELERATION -0.04578209 0.015006304 0.007791519

1492574071981 ROTATION_VECTOR 0.14322022 -0.020508014 -0.19650881

1492574072124 ACCELEROMETER -0.20648193 2.7996368 9.063446

1492574072130 GYROSCOPE 5.79834E-4 -0.010116577 0.002319336

1492574072132 MAGNETIC_FIELD -7.067871 2.8945923 -45.33844

1492574072159 GRAVITY -0.14531493 2.836941 9.386215

1492574072163 LINEAR_ACCELERATION 0.030339167 0.10595131 -0.03622818

1492574072166 ROTATION_VECTOR 0.14477345 -0.021837125 -0.19738698

1492574072326 ACCELEROMETER -0.16271973 2.759552 9.152908

1492574072335 GYROSCOPE -0.0256958 0.060028076 0.022476196

1492574072337 MAGNETIC_FIELD -6.5704346 2.7389526 -45.401

1492574072365 GRAVITY -0.21384399 2.8074272 9.393775

1492574072371 LINEAR_ACCELERATION 0.049334392 0.006940365 0.056749344

1492574072374 ROTATION_VECTOR 0.14400694 -0.017685318 -0.19484167

1492574072523 ACCELEROMETER -0.5834656 2.7332916 9.168961

1492574072529 GYROSCOPE -0.08566284 0.37791443 -0.052520752

1492574072532 MAGNETIC_FIELD -4.9606323 3.2577515 -45.124817

1492574072563 GRAVITY -0.8066919 2.6763942 9.3998165

1492574072571 LINEAR_ACCELERATION 0.11200595 0.18742394 0.124575615

1492574072580 ROTATION_VECTOR 0.14315623 0.015781002 -0.1800411

1492574072789 ACCELEROMETER -0.9587097 2.7548065 9.009064

1492574072793 GYROSCOPE 0.025772095 -0.00970459 -0.032836914

1492574072795 MAGNETIC_FIELD -2.1591187 3.0075073 -45.38269

1492574072962 GRAVITY -0.87213016 2.7841609 9.362597

1492574072966 LINEAR_ACCELERATION -0.07816905 -0.039898157 -0.124305725

1492574072970 ROTATION_VECTOR 0.14959888 0.01614235 -0.19260493

1492574072990 ACCELEROMETER -0.9421234 2.6574707 9.097122

1492574072996 GYROSCOPE 0.012832642 -0.073898315 -0.048324585

1492574072999 MAGNETIC_FIELD -4.071045 2.4093628 -46.04187

1492574073166 GRAVITY -0.8018902 2.805306 9.362565

1492574073172 LINEAR_ACCELERATION 0.034979105 0.073212385 -0.03369713

1492574073175 ROTATION_VECTOR 0.15004386 0.011353192 -0.19921735

1492574073181 ACCELEROMETER -0.8019867 2.7147827 9.030334

1492574073183 GYROSCOPE -0.0040893555 -0.027832031 -0.048721313

1492574073186 MAGNETIC_FIELD -3.3935547 3.1219482 -46.011353

1492574073364 GRAVITY -0.86525255 2.7051606 9.386365

1492574073383 LINEAR_ACCELERATION -0.08779538 -0.021374226 -0.050151825

1492574073396 ROTATION_VECTOR 0.14571057 0.014037467 -0.20962593

1492574073410 ACCELEROMETER -0.9165497 2.6230774 9.121902

1492574073423 GYROSCOPE -0.04484558 4.5776367E-4 -0.041778564

1492574073423 MAGNETIC_FIELD -2.6687622 4.156494 -45.462036

1492574073558 GRAVITY -0.90196705 2.6514704 9.398221

1492574073559 LINEAR_ACCELERATION -0.025037646 -0.002845049 0.10603905

1492574073559 ROTATION_VECTOR 0.14336406 0.016457934 -0.20975931

1492574073570 ACCELEROMETER -0.88990784 2.612915 9.1479645

1492574073570 GYROSCOPE -0.012557983 0.026123047 -0.005218506

1492574073571 MAGNETIC_FIELD -2.859497 3.8513184 -45.199585

1492574073757 GRAVITY -0.9641912 2.6092167 9.403867

1492574073757 LINEAR_ACCELERATION 0.058728755 0.13389874 -0.17991447

1492574073758 ROTATION_VECTOR 0.14183524 0.02046951 -0.20692737

1492574073768 ACCELEROMETER -0.97068787 2.503006 9.0989685

1492574073771 GYROSCOPE -0.076156616 0.024108887 -0.04850769

1492574073773 MAGNETIC_FIELD -3.0807495 3.8513184 -45.591736

1492574073957 GRAVITY -1.0604384 2.4771185 9.429196

1492574073960 LINEAR_ACCELERATION -0.20244718 -0.15459967 0.12206364

1492574073964 ACCELEROMETER -1.1275635 2.329834 9.254913

1492574073966 GYROSCOPE 0.023284912 -0.020553589 0.0046691895

1492574073968 MAGNETIC_FIELD -2.8549194 3.3828735 -45.49408

1492574073970 ROTATION_VECTOR 0.13645668 0.024987333 -0.21938393

1492574074157 ACCELEROMETER -0.93981934 2.571869 9.108963

1492574074165 GYROSCOPE 0.0423584 0.008102417 0.011749268

1492574074172 MAGNETIC_FIELD -2.9586792 4.8309326 -44.38629

1492574074175 GRAVITY -0.9940894 2.61272 9.39978

1492574074178 LINEAR_ACCELERATION 0.11796063 0.07452798 -0.1813078

1492574074182 ROTATION_VECTOR 0.14261585 0.020132398 -0.21916729

1492574074351 ACCELEROMETER -1.0437317 2.6127014 9.139236

1492574074363 GYROSCOPE -0.00932312 0.0026550293 3.0517578E-4

1492574074370 MAGNETIC_FIELD -3.7399292 3.8009644 -45.985413

1492574074373 GRAVITY -1.0163621 2.6418762 9.389243

1492574074376 LINEAR_ACCELERATION -0.0012611151 0.07922006 0.1442976

1492574074380 ROTATION_VECTOR 0.14426465 0.021669084 -0.21412688

1492574074546 ACCELEROMETER -1.0448151 2.6502533 9.204285

1492574074558 GYROSCOPE 0.054351807 0.06124878 -0.016952515

1492574074564 MAGNETIC_FIELD -4.057312 3.6346436 -44.961548

1492574074570 GRAVITY -1.0509424 2.6572366 9.381098

1492574074576 LINEAR_ACCELERATION 0.08166003 0.09098077 0.20721531

1492574074580 ROTATION_VECTOR 0.1454518 0.02325711 -0.21398513

1492574074744 ACCELEROMETER -0.79730225 2.6295624 8.851593

1492574074752 GYROSCOPE -0.11312866 -0.0741272 -0.1085968

1492574074763 MAGNETIC_FIELD -2.9174805 3.413391 -45.433044

1492574074767 GRAVITY -1.1350267 2.6984408 9.359514

1492574074770 LINEAR_ACCELERATION -0.08385682 -0.033821583 -0.24967289

1492574074772 ROTATION_VECTOR 0.14878567 0.025697863 -0.22259828

1492574074936 ACCELEROMETER -0.80055237 2.7731934 9.337784

1492574074945 GYROSCOPE -0.9997711 0.20315552 -1.126297

1492574074948 MAGNETIC_FIELD -3.2104492 10.154724 -44.970703

1492574074962 GRAVITY -1.0088364 2.079821 9.530319

1492574074972 LINEAR_ACCELERATION 0.722123 0.64909744 -0.6001644

1492574074975 ROTATION_VECTOR 0.11623858 0.024032475 -0.24348488

1492574075161 GRAVITY -1.3216473 0.109487414 9.716566

1492574075167 LINEAR_ACCELERATION -0.9682418 2.2193117 0.8623438

1492574075170 ROTATION_VECTOR 0.030151542 0.060695264 -0.36859104

1492574075234 ACCELEROMETER -0.38815308 1.5612793 7.957947

1492574075238 GYROSCOPE 0.27868652 -1.9044342 -1.5842743

1492574075242 MAGNETIC_FIELD -15.463257 12.406921 -43.927002

1492574075360 GRAVITY 3.499287 0.60024756 9.141394

1492574075365 LINEAR_ACCELERATION -2.1690807 -1.0364399 -0.8319731

1492574075368 ROTATION_VECTOR -0.0633613 -0.17292766 -0.48931333

1492574075427 ACCELEROMETER 3.4349365 -2.3720398 8.030975

1492574075428 GYROSCOPE -0.84783936 -1.3822632 0.44004822

1492574075429 MAGNETIC_FIELD -35.55298 12.051392 -33.57849

1492574075554 GRAVITY 5.006132 -1.7038393 8.25869

1492574075555 LINEAR_ACCELERATION -0.8169904 1.1352003 0.6916466

1492574075556 ROTATION_VECTOR -0.20700535 -0.18992838 -0.46040502

1492574075617 ACCELEROMETER 5.733673 0.12750244 9.96785

1492574075622 GYROSCOPE -0.16235352 -1.531189 -0.78466797

1492574075626 MAGNETIC_FIELD -40.78369 17.207336 -24.14093

1492574075757 GRAVITY 6.7711577 -0.04497531 7.093644

1492574075757 LINEAR_ACCELERATION 1.2502766 -2.6749249 3.5870585

1492574075759 ROTATION_VECTOR -0.21607928 -0.302712 -0.53427535

1492574075813 ACCELEROMETER 7.871048 -3.0875702 8.476105

1492574075814 GYROSCOPE 1.0051575 -1.0030365 -0.5362549

1492574075815 MAGNETIC_FIELD -47.213745 6.6329956 -19.873047

1492574075957 GRAVITY 8.79158 2.4017525 3.620784

1492574075962 LINEAR_ACCELERATION 5.185645 -2.3099108 4.2647324

1492574075965 ROTATION_VECTOR -0.2240386 -0.5149739 -0.51835805

1492574076012 ACCELEROMETER 14.643417 -2.24292 3.032135

1492574076015 GYROSCOPE 0.14331055 -3.516632 -3.7076569

1492574076017 MAGNETIC_FIELD -48.371887 -15.280151 7.5042725

1492574076157 GRAVITY 5.332936 7.990542 -1.9701316

1492574076162 LINEAR_ACCELERATION 9.614344 -15.881731 3.3765953

1492574076165 ROTATION_VECTOR -0.339079 -0.69675976 -0.626298

1492574076207 ACCELEROMETER -1.8007507 -0.08860779 -0.16018677

1492574076211 GYROSCOPE 0.7107239 -6.7457733 -1.6734772

1492574076214 MAGNETIC_FIELD 6.6452026 -36.930847 36.035156

1492574076357 GRAVITY -0.8669101 8.854165 -4.1258464

1492574076362 LINEAR_ACCELERATION -6.3568487 -5.997445 0.9865422

1492574076365 ROTATION_VECTOR 0.5959584 0.5959809 0.34166673

1492574076403 ACCELEROMETER 0.0074005127 6.9692383 -0.79039

1492574076406 GYROSCOPE -2.8553314 -1.5828857 0.6483612

1492574076411 MAGNETIC_FIELD 20.7016 -42.485046 14.237976

1492574076557 GRAVITY -1.5450363 9.176696 3.093784

1492574076562 LINEAR_ACCELERATION 6.164218 -3.486226 -2.5166848

1492574076565 ROTATION_VECTOR 0.43908736 0.38660473 0.42744008

1492574076597 ACCELEROMETER -2.032669 2.227417 14.800049

1492574076601 GYROSCOPE -3.9330597 1.8047028 -2.634735

1492574076603 MAGNETIC_FIELD 35.360718 -23.075867 -16.011047

1492574076757 GRAVITY -7.2105064 4.6757407 4.724027

1492574076763 LINEAR_ACCELERATION 1.7251902 -3.500063 13.784537

1492574076766 ROTATION_VECTOR 0.017776914 0.50874907 0.44280252

1492574076793 ACCELEROMETER -5.9659576 0.76400757 2.536148

1492574076796 GYROSCOPE 0.21812439 3.600525 -0.6053772

1492574076799 MAGNETIC_FIELD 40.43274 -13.7161255 23.310852

1492574076957 GRAVITY -9.2201605 3.2629392 -0.7157155

1492574076962 LINEAR_ACCELERATION 4.4780436 -0.52755 -1.2015424

1492574076965 ROTATION_VECTOR -0.1774703 0.7106304 0.37587067

1492574076987 ACCELEROMETER -5.925354 -3.5813446 1.4750977

1492574076991 GYROSCOPE 3.016922 -3.2690582 -3.750534

1492574076993 MAGNETIC_FIELD 40.04059 19.580078 9.761047

1492574077157 GRAVITY -7.216509 -3.024579 5.9113717

1492574077175 LINEAR_ACCELERATION 0.062327385 -2.7086217 -3.899797

1492574077191 ROTATION_VECTOR -0.15653677 0.41725314 -0.033981144

1492574077200 ACCELEROMETER -6.4835815 -8.541275 8.844162

1492574077203 GYROSCOPE 0.9386139 -1.0942078 -0.8091736

1492574077213 MAGNETIC_FIELD 20.057678 33.229065 -22.03064

1492574077353 GRAVITY -5.104177 -3.0073545 7.814959

1492574077354 LINEAR_ACCELERATION -1.9407377 -6.251069 -0.8390703

1492574077356 ROTATION_VECTOR -0.114407696 0.29742035 -0.1558933

1492574077375 ACCELEROMETER -0.7081299 -2.659668 12.005936

1492574077375 GYROSCOPE 0.7086029 -0.45195007 0.6581726

1492574077376 MAGNETIC_FIELD 16.74347 24.598694 -34.144592

1492574077553 GRAVITY -4.408971 -1.1045668 8.689724

1492574077554 LINEAR_ACCELERATION 4.4175982 -1.118901 6.988575

1492574077556 ROTATION_VECTOR -0.03221795 0.2364517 -0.106657594

1492574077570 ACCELEROMETER -2.5937958 -1.5001678 8.596329

1492574077570 GYROSCOPE 0.10951233 0.753952 -0.037261963

1492574077571 MAGNETIC_FIELD 21.447754 21.496582 -32.42035

1492574077753 GRAVITY -5.5062947 -0.97396606 8.056209

1492574077754 LINEAR_ACCELERATION 2.707858 -0.77891034 0.463202

1492574077756 ROTATION_VECTOR -0.022176959 0.2979192 -0.096004546

1492574077765 ACCELEROMETER -3.9555054 -1.7095337 8.275116

1492574077766 GYROSCOPE -0.08430481 0.3888092 -0.14710999

1492574077766 MAGNETIC_FIELD 23.908997 23.458862 -29.322815

1492574077953 GRAVITY -5.9863567 -1.288686 7.6598444

1492574077954 LINEAR_ACCELERATION 2.0574498 -0.22388458 0.6571355

1492574077956 ROTATION_VECTOR -0.038928352 0.3285441 -0.08866716

1492574077961 ACCELEROMETER -4.254547 -2.4033508 9.026199

1492574077961 GYROSCOPE -0.33422852 0.085510254 -0.07901001

1492574077962 MAGNETIC_FIELD 24.147034 25.534058 -26.834106

