1492574085215 ACCELEROMETER -4.8837585 7.3328094 5.9483337

1492574085235 MAGNETIC_FIELD 24.209595 -22.955322 -32.130432

1492574085240 GYROSCOPE 0.7511902 1.4049225 -0.084609985

1492574085304 GRAVITY -3.1178143 6.491621 6.6564612

1492574085305 LINEAR_ACCELERATION -0.17440248 0.041666508 1.3630304

1492574085306 ROTATION_VECTOR 0.29490873 0.27137387 0.26734447

1492574085410 ACCELEROMETER -6.6684113 7.9372253 0.30361938

1492574085430 MAGNETIC_FIELD 40.56549 -29.626465 -1.473999

1492574085435 GYROSCOPE 1.2270355 4.0900726 0.6568451

1492574085504 GRAVITY -5.915649 7.4757466 2.2997158

1492574085505 LINEAR_ACCELERATION 0.45155048 0.6075649 -0.7001121

1492574085506 ROTATION_VECTOR 0.34905988 0.51078796 0.23359813

1492574085633 MAGNETIC_FIELD 24.549866 -36.314392 24.458313

1492574085696 ACCELEROMETER -0.5475464 6.7332916 -3.396637

1492574085697 GYROSCOPE -0.1331482 3.3226318 0.9710083

1492574085704 GRAVITY -3.1675026 8.398873 -3.9492078

1492574085704 LINEAR_ACCELERATION 3.0942802 -2.690381 -0.30828953

1492574085706 ROTATION_VECTOR 0.21450137 0.8095324 0.44488147

1492574085827 ACCELEROMETER 0.879776 9.446823 -0.63150024

1492574085827 GYROSCOPE -1.3114319 1.6757507 0.5619812

1492574085828 MAGNETIC_FIELD 11.938477 -43.52112 21.531677

1492574085904 GRAVITY 0.8230522 9.656114 -1.5008124

1492574085904 LINEAR_ACCELERATION 0.2783314 1.5124769 2.901225

1492574085908 ROTATION_VECTOR -0.037498463 -0.7583627 -0.65034044

1492574086022 ACCELEROMETER 0.35412598 9.287476 -0.63194275

1492574086022 GYROSCOPE -0.35838318 0.582901 -0.26055908

1492574086023 MAGNETIC_FIELD 11.990356 -45.17212 21.522522

1492574086104 GRAVITY 0.5999135 9.784052 -0.287777

1492574086104 LINEAR_ACCELERATION 0.6792787 0.7457533 1.8524393

1492574086106 ROTATION_VECTOR -0.036750585 -0.7164649 -0.6966197

1492574086217 ACCELEROMETER -0.14489746 9.970139 -0.05555725

1492574086218 GYROSCOPE -0.96784973 -0.14042664 -0.40211487

1492574086219 MAGNETIC_FIELD 15.522766 -45.92285 12.338257

1492574086304 GRAVITY -0.17565998 9.799146 0.34098494

1492574086304 LINEAR_ACCELERATION -1.0061411 -0.04643917 -2.0758026

1492574086306 ROTATION_VECTOR 0.073496886 0.6908059 0.71377945

1492574086412 ACCELEROMETER -1.0207672 8.900513 1.528595

1492574086413 GYROSCOPE -0.9404907 -0.5760193 -0.23898315

1492574086413 MAGNETIC_FIELD 18.527222 -46.099854 2.8915405

1492574086504 GRAVITY -0.78381866 9.553386 2.0709486

1492574086504 LINEAR_ACCELERATION 0.38436705 0.5381279 -1.2562013

1492574086506 ROTATION_VECTOR 0.16539448 0.6058512 0.7314516

1492574086608 ACCELEROMETER 1.9151611 9.910736 4.2130585

1492574086609 GYROSCOPE 0.22724915 0.9733734 0.51130676

1492574086609 MAGNETIC_FIELD 12.059021 -47.940063 6.881714

1492574086704 GRAVITY 0.42203987 8.993716 3.8865583

1492574086705 LINEAR_ACCELERATION -0.52016866 -1.0591516 4.774603

1492574086706 ROTATION_VECTOR 0.20180903 0.51099294 0.7906798

1492574086868 ACCELEROMETER -1.2959137 7.82489 2.555725

1492574086869 GYROSCOPE -0.11222839 -0.4480133 -0.33561707

1492574086870 MAGNETIC_FIELD 15.376282 -48.269653 5.067444

1492574086904 GRAVITY -0.55967593 9.317659 3.006388

1492574086904 LINEAR_ACCELERATION -2.3408322 -3.3065805 0.049044847

1492574086906 ROTATION_VECTOR 0.15127651 0.56906265 0.76727426

1492574087064 ACCELEROMETER -0.52189636 9.071274 2.0963898

1492574087065 GYROSCOPE 0.46688843 1.1042633 -0.08705139

1492574087065 MAGNETIC_FIELD 14.239502 -47.29309 13.35907

1492574087104 GRAVITY -0.722686 9.358892 2.8388822

1492574087105 LINEAR_ACCELERATION 0.6588921 0.09941101 -1.4044728

1492574087106 ROTATION_VECTOR 0.1392705 0.5795352 0.76396894

1492574087259 ACCELEROMETER -2.2693176 9.36235 -0.6543579

1492574087260 GYROSCOPE 0.52111816 1.7446289 -0.31492615

1492574087261 MAGNETIC_FIELD 11.512756 -45.150757 22.218323

1492574087304 GRAVITY -1.8802413 9.6063 0.5950462

1492574087304 LINEAR_ACCELERATION 0.26971745 0.5803747 -0.7619032

1492574087306 ROTATION_VECTOR -0.039248012 0.68419343 0.7215207

1492574087455 ACCELEROMETER -1.7597961 9.54129 -0.44615173

1492574087455 GYROSCOPE 0.25556946 -0.43284607 -0.020965576

1492574087456 MAGNETIC_FIELD 13.543701 -43.481445 23.61145

1492574087504 GRAVITY -2.0051713 9.59105 0.40179443

1492574087505 LINEAR_ACCELERATION -0.042265892 0.11467171 -0.41559765

1492574087506 ROTATION_VECTOR -0.050228145 0.6906456 0.7150277

1492574087650 ACCELEROMETER -1.6582031 9.413467 -0.86442566

1492574087651 GYROSCOPE -0.02809143 -0.12583923 0.07763672

1492574087652 MAGNETIC_FIELD 14.43634 -43.23883 22.531128

1492574087705 GRAVITY -2.0243409 9.589647 -0.33330193

1492574087711 LINEAR_ACCELERATION 0.35558558 0.6822643 -0.927083

1492574087712 ROTATION_VECTOR -0.027910005 0.7184808 0.68506014

1492574087848 ACCELEROMETER -1.8197174 9.166107 -0.61727905

1492574087849 GYROSCOPE -0.04345703 0.07685852 0.008605957

1492574087850 MAGNETIC_FIELD 13.131714 -44.14215 21.299744

1492574087907 GRAVITY -1.8737907 9.625188 -0.12265981

1492574087908 LINEAR_ACCELERATION -0.10553622 0.033308983 -0.26741362

1492574087911 ROTATION_VECTOR -0.013625202 0.7113848 0.6921672

1492574088047 ACCELEROMETER -1.8916779 9.453491 -0.7042999

1492574088059 GYROSCOPE 0.044128418 0.035507202 0.011734009

1492574088062 MAGNETIC_FIELD 13.667297 -43.64319 23.661804

1492574088115 GRAVITY -1.8757014 9.620705 -0.30688736

1492574088123 LINEAR_ACCELERATION -0.036124825 0.049967766 -0.2604022

1492574088126 ROTATION_VECTOR -0.01567569 0.71791446 0.68583775

1492574088251 ACCELEROMETER -1.7598877 9.296387 -0.572052

1492574088257 GYROSCOPE -0.037765503 -0.015975952 0.05241394

1492574088260 MAGNETIC_FIELD 13.525391 -43.852234 21.34552

1492574088316 GRAVITY -1.835068 9.62699 -0.35210416

1492574088322 LINEAR_ACCELERATION -0.06507504 -0.24050426 -0.26311433

1492574088324 ROTATION_VECTOR -0.0076544685 0.71964836 0.68336076

1492574088446 ACCELEROMETER -1.6141968 9.41011 -0.64682007

1492574088452 GYROSCOPE 0.014144897 -0.019012451 0.040786743

1492574088454 MAGNETIC_FIELD 13.197327 -43.07251 22.76001

1492574088514 GRAVITY -1.7201161 9.643103 -0.4713461

1492574088523 LINEAR_ACCELERATION 0.2024386 0.01091671 -0.41360787

1492574088526 ROTATION_VECTOR 0.006757884 0.72386897 0.67802304

1492574088642 ACCELEROMETER -1.5970001 9.377441 -0.7923584

1492574088650 GYROSCOPE 0.015686035 0.011230469 0.019927979

1492574088652 MAGNETIC_FIELD 13.505554 -43.348694 22.221375

1492574088714 GRAVITY -1.6545523 9.649667 -0.56283253

1492574088723 LINEAR_ACCELERATION 0.01922679 0.062239647 -0.07166594

1492574088726 ROTATION_VECTOR 0.01347075 0.7269904 0.67437565

1492574088832 ACCELEROMETER -1.5541992 9.542648 -0.7516632

1492574088836 GYROSCOPE -0.019088745 0.004425049 0.022216797

1492574088839 MAGNETIC_FIELD 13.249207 -42.39044 23.487854

1492574088911 GRAVITY -1.6055151 9.653547 -0.63383573

1492574088916 LINEAR_ACCELERATION 0.10240793 0.07272911 -0.22391212

1492574088919 ROTATION_VECTOR 0.023401342 0.7292249 0.67066187

1492574089096 ACCELEROMETER -1.5480499 9.39888 -0.7093506

1492574089106 GYROSCOPE 0.0115356445 -0.012161255 0.007385254

1492574089110 MAGNETIC_FIELD 12.815857 -43.90869 21.878052

1492574089113 GRAVITY -1.5846851 9.656666 -0.6387247

1492574089117 LINEAR_ACCELERATION 0.01790452 -0.20931625 -0.09439486

1492574089120 ROTATION_VECTOR 0.028599747 0.7292105 0.66981035

1492574089294 ACCELEROMETER -1.6568756 9.429092 -0.6954956

1492574089301 GYROSCOPE 0.023864746 -0.010406494 0.040863037

1492574089303 MAGNETIC_FIELD 12.826538 -44.084167 22.219849

1492574089311 GRAVITY -1.5949842 9.652629 -0.67318565

1492574089314 LINEAR_ACCELERATION -0.18805087 -0.0211792 -0.019060731

1492574089316 ROTATION_VECTOR 0.026980592 0.73047584 0.6687107

1492574089486 ACCELEROMETER -1.4304199 9.390381 -0.7571411

1492574089496 GYROSCOPE 0.021377563 -0.051635742 0.0025787354

1492574089499 MAGNETIC_FIELD 13.101196 -42.918396 24.191284

1492574089516 GRAVITY -1.5097276 9.659486 -0.7651395

1492574089524 LINEAR_ACCELERATION 0.4031881 -0.39492035 -0.29896832

1492574089527 ROTATION_VECTOR 0.039949242 0.73308617 0.6641187

1492574089677 ACCELEROMETER -1.5600281 9.4198 -0.8888092

1492574089683 GYROSCOPE -0.03404236 -0.041275024 0.026550293

1492574089686 MAGNETIC_FIELD 12.828064 -43.936157 22.98584

1492574089714 GRAVITY -1.5366336 9.655043 -0.7676548

1492574089717 LINEAR_ACCELERATION -0.08742452 -0.083322525 -0.22761631

1492574089724 ROTATION_VECTOR 0.038289282 0.7332622 0.66395295

1492574089872 ACCELEROMETER -1.4313812 9.472443 -0.8112488

1492574089872 GYROSCOPE -0.038467407 -0.09552002 0.021377563

1492574089872 MAGNETIC_FIELD 14.709473 -43.614197 21.305847

1492574089911 GRAVITY -1.4952227 9.661607 -0.76684386

1492574089911 LINEAR_ACCELERATION -0.23029125 0.2205658 -0.19983447

1492574089912 ROTATION_VECTOR 0.044720747 0.73286986 0.66334105

1492574090067 ACCELEROMETER -1.6178894 9.468872 -0.63952637

1492574090068 GYROSCOPE -0.011688232 0.058776855 0.0066070557

1492574090073 MAGNETIC_FIELD 12.998962 -43.450928 21.64917

1492574090116 GRAVITY -1.4944572 9.67081 -0.64219993

1492574090125 LINEAR_ACCELERATION -0.07388449 -0.061398506 0.18416947

1492574090127 ROTATION_VECTOR 0.055081144 0.7278112 0.66573906

1492574090270 ACCELEROMETER -1.4132538 9.343735 -0.6491699

1492574090280 GYROSCOPE -0.01612854 0.040237427 0.027648926

1492574090293 MAGNETIC_FIELD 11.51886 -44.085693 22.569275

1492574090311 GRAVITY -1.5052181 9.668714 -0.64860994

1492574090315 LINEAR_ACCELERATION 0.08177376 0.025731087 0.21999794

1492574090318 ROTATION_VECTOR 0.04716536 0.7285913 0.66698927

1492574090457 ACCELEROMETER -1.4729462 9.40213 -0.7588806

1492574090463 GYROSCOPE 0.033859253 -0.023376465 0.014266968

1492574090465 MAGNETIC_FIELD 14.0060425 -43.052673 22.753906

1492574090515 GRAVITY -1.4452934 9.676437 -0.669377

1492574090524 LINEAR_ACCELERATION -0.016297817 -0.06247616 -0.060038984

1492574090526 ROTATION_VECTOR 0.044829268 0.72946495 0.6676033

1492574090661 ACCELEROMETER -1.4843292 9.434036 -0.89845276

1492574090667 GYROSCOPE 0.06726074 -0.06338501 -0.0015869141

1492574090673 MAGNETIC_FIELD 11.338806 -43.24646 22.860718

1492574090706 GRAVITY -1.4628432 9.665211 -0.783693

1492574090717 LINEAR_ACCELERATION 0.05765152 -0.009184837 0.01076293

1492574090719 ROTATION_VECTOR 0.049555726 0.7331449 0.662255

1492574090845 ACCELEROMETER -1.463562 9.434113 -0.9016266

1492574090850 GYROSCOPE 0.018981934 0.0017547607 -0.006072998

1492574090852 MAGNETIC_FIELD 13.305664 -43.72101 22.825623

1492574090910 GRAVITY -1.4951093 9.648846 -0.9136755

1492574090912 LINEAR_ACCELERATION 0.036180973 0.12237835 -0.09803271

1492574090915 ROTATION_VECTOR 0.055700134 0.7372123 0.6557609

1492574091118 ACCELEROMETER -1.3723755 9.335678 -1.0443268

1492574091124 GRAVITY -1.475218 9.647126 -0.96285194

1492574091127 LINEAR_ACCELERATION -0.23936594 0.10579491 0.0077913404

1492574091130 ROTATION_VECTOR 0.05696192 0.73881465 0.65401417

1492574091132 GYROSCOPE 0.073898315 -0.037887573 0.031097412

1492574091135 MAGNETIC_FIELD 12.255859 -43.05725 24.121094

1492574091314 ACCELEROMETER -1.5534973 9.528778 -0.9466553

1492574091320 GYROSCOPE 0.0038757324 0.0693512 -0.028045654

1492574091323 GRAVITY -1.4406422 9.651107 -0.975232

1492574091325 LINEAR_ACCELERATION -0.21055567 0.24384975 0.080673814

1492574091327 ROTATION_VECTOR 0.06224817 0.73881537 0.65301293

1492574091330 MAGNETIC_FIELD 12.944031 -42.642212 24.208069

1492574091510 ACCELEROMETER -1.6611023 9.420319 -1.0246277

1492574091516 GYROSCOPE -0.06565857 0.012191772 -0.04244995

1492574091519 MAGNETIC_FIELD 13.954163 -43.045044 24.415588

1492574091522 GRAVITY -1.5814211 9.626716 -0.99791265

1492574091524 LINEAR_ACCELERATION -0.14607477 0.16029263 -0.15076941

1492574091527 ROTATION_VECTOR 0.048685797 0.740614 0.6527509

1492574091700 ACCELEROMETER -1.6221161 9.327972 -1.1135101

1492574091710 GYROSCOPE 0.00630188 0.02041626 -0.009963989

1492574091713 MAGNETIC_FIELD 12.649536 -42.23175 23.28186

1492574091715 GRAVITY -1.6374744 9.615865 -1.0120285

1492574091718 LINEAR_ACCELERATION 0.019583583 -0.07245159 -0.2224378

1492574091720 ROTATION_VECTOR 0.046553724 0.7412367 0.6517803

1492574091895 ACCELEROMETER -1.6107483 9.310745 -1.0298004

1492574091904 GYROSCOPE -0.03768921 0.011520386 0.030807495

1492574091912 MAGNETIC_FIELD 13.278198 -43.3609 23.454285

1492574091914 GRAVITY -1.628528 9.615338 -1.0312833

1492574091917 LINEAR_ACCELERATION 0.061386347 0.0268507 -0.12620091

1492574091920 ROTATION_VECTOR 0.04554078 0.7419615 0.65142

1492574092093 ACCELEROMETER -1.5443115 9.451904 -0.94525146

1492574092099 GYROSCOPE 0.048080444 -0.013473511 0.044189453

1492574092102 MAGNETIC_FIELD 13.063049 -43.06488 25.132751

1492574092108 GRAVITY -1.5657645 9.629082 -0.9997788

1492574092111 LINEAR_ACCELERATION 0.0391711 0.057850838 0.083427906

1492574092113 ROTATION_VECTOR 0.047623128 0.74074733 0.6531436

1492574092286 ACCELEROMETER -1.5163727 9.435959 -1.0445709

1492574092295 GYROSCOPE -0.0026550293 -0.014511108 0.015991211

1492574092298 MAGNETIC_FIELD 13.37738 -43.47992 24.03717

1492574092314 GRAVITY -1.5217981 9.631548 -1.0429745

1492574092321 LINEAR_ACCELERATION 0.052253842 0.085246086 0.099407315

1492574092324 ROTATION_VECTOR 0.04821624 0.7421941 0.6521058

1492574092484 ACCELEROMETER -1.5185242 9.403244 -1.0808105

1492574092490 GYROSCOPE 0.0047912598 0.017837524 0.009002686

1492574092492 MAGNETIC_FIELD 13.37738 -42.43927 24.972534

1492574092516 GRAVITY -1.5125954 9.630774 -1.0633155

1492574092522 LINEAR_ACCELERATION -0.04847014 -0.011463165 -0.10370064

1492574092525 ROTATION_VECTOR 0.049113933 0.7428337 0.65131515

1492574092677 ACCELEROMETER -1.5251923 9.402298 -1.0991364

1492574092689 GYROSCOPE -0.0012054443 -0.004470825 0.012542725

1492574092692 MAGNETIC_FIELD 13.188171 -42.04712 22.862244

1492574092716 GRAVITY -1.5136788 9.627599 -1.090183

1492574092722 LINEAR_ACCELERATION -0.066978574 -0.07881355 -0.1539818

1492574092725 ROTATION_VECTOR 0.048604827 0.74378854 0.65040237

1492574092866 ACCELEROMETER -1.5076904 9.413956 -1.1188965

1492574092872 GYROSCOPE 0.0012512207 7.171631E-4 0.021408081

1492574092882 MAGNETIC_FIELD 14.08844 -42.50946 24.720764

1492574092911 GRAVITY -1.5030216 9.62837 -1.0980889

1492574092911 LINEAR_ACCELERATION -0.07202959 0.035580635 -0.041077256

1492574092912 ROTATION_VECTOR 0.049456924 0.74400336 0.6501031

1492574093062 ACCELEROMETER -1.4511719 9.453003 -1.1053009

1492574093062 GYROSCOPE -0.01751709 -0.03286743 0.014526367

1492574093063 MAGNETIC_FIELD 12.767029 -42.50946 23.963928

1492574093111 GRAVITY -1.4833165 9.630828 -1.1033198

1492574093111 LINEAR_ACCELERATION -0.0218997 -0.0096645355 -0.009506345

1492574093112 ROTATION_VECTOR 0.051272977 0.7440596 0.64985114

1492574093310 GRAVITY -1.4722292 9.635301 -1.0788442

1492574093311 LINEAR_ACCELERATION 0.02125597 0.0014705658 -0.113181114

1492574093311 ROTATION_VECTOR 0.055478845 0.7429185 0.6500913

1492574093320 ACCELEROMETER -1.5068054 9.380539 -1.0899963

1492574093321 GYROSCOPE -0.0063323975 0.008590698 -0.005859375

1492574093321 MAGNETIC_FIELD 13.589478 -44.592285 23.886108

1492574093511 GRAVITY -1.4969686 9.630725 -1.0856391

1492574093511 LINEAR_ACCELERATION -0.09669626 -0.051929474 -0.03161311

1492574093511 ROTATION_VECTOR 0.05467988 0.7432108 0.64961594

1492574093512 ACCELEROMETER -1.5310974 9.365112 -1.1264801

1492574093513 GYROSCOPE -0.0118255615 0.010925293 0.0055389404

1492574093513 MAGNETIC_FIELD 12.451172 -44.206238 24.435425

1492574093706 GRAVITY -1.5070432 9.629064 -1.0864381

1492574093708 LINEAR_ACCELERATION -0.06431615 0.0054559708 -0.07221806

1492574093709 ROTATION_VECTOR 0.052134838 0.7434211 0.64994234

1492574093713 MAGNETIC_FIELD 13.2369995 -43.388367 23.495483

1492574093733 GYROSCOPE -0.010498047 0.002670288 0.02154541

1492574093910 GRAVITY -1.477911 9.633958 -1.0830617

1492574093916 LINEAR_ACCELERATION -0.02936852 0.039585114 0.03573227

1492574093919 ROTATION_VECTOR 0.05512939 0.7430892 0.6499174

1492574093921 ACCELEROMETER -1.4972382 9.36586 -1.1109009

1492574093923 ACCELEROMETER -1.4435883 9.433563 -1.043747

1492574093926 GYROSCOPE -0.00592041 -0.020980835 0.033569336

1492574093928 MAGNETIC_FIELD 12.864685 -43.598938 22.467041

1492574094115 GRAVITY -1.4331557 9.642938 -1.0631125

1492574094121 LINEAR_ACCELERATION -0.04340279 0.011470795 -0.0019711256

1492574094124 ROTATION_VECTOR 0.058111235 0.742177 0.6507487

1492574094126 ACCELEROMETER -1.4477081 9.390915 -1.0591431

1492574094131 GYROSCOPE -0.011260986 -0.009918213 0.019119263

1492574094133 MAGNETIC_FIELD 13.075256 -42.666626 23.760986

1492574094314 GRAVITY -1.3862936 9.648945 -1.0707165

1492574094318 LINEAR_ACCELERATION -0.012769699 -0.077139854 -0.06813073

1492574094321 ROTATION_VECTOR 0.06221174 0.74210584 0.65036833

1492574094323 ACCELEROMETER -1.378006 9.473923 -1.0474243

1492574094326 GYROSCOPE 0.0067749023 -0.0048675537 0.022216797

1492574094329 MAGNETIC_FIELD 12.867737 -43.829346 24.183655

1492574094510 ACCELEROMETER -1.4100342 9.436081 -1.0951538

1492574094515 GYROSCOPE 0.006134033 -0.0015106201 0.020462036

1492574094517 MAGNETIC_FIELD 12.820435 -42.300415 23.571777

1492574094520 GRAVITY -1.3717778 9.648707 -1.0913596

1492574094522 LINEAR_ACCELERATION 0.0024210215 0.043517113 -0.035401583

1492574094524 ROTATION_VECTOR 0.06122682 0.74289644 0.650027

1492574094701 ACCELEROMETER -1.3384552 9.428543 -1.0876923

1492574094701 GYROSCOPE -0.002105713 -0.014144897 0.024368286

1492574094702 MAGNETIC_FIELD 11.460876 -42.684937 25.158691

1492574094705 GRAVITY -1.3394192 9.653093 -1.0927666

1492574094706 LINEAR_ACCELERATION -0.0058630705 -0.029024124 -0.05818689

1492574094707 ROTATION_VECTOR 0.06408711 0.74270344 0.6499014

1492574094895 ACCELEROMETER -1.2725067 9.473389 -1.1326752

1492574094904 GYROSCOPE 0.0032806396 -0.008010864 0.025680542

1492574094923 MAGNETIC_FIELD 13.548279 -43.325806 23.324585

1492574094926 GRAVITY -1.29714 9.655899 -1.118672

1492574094930 LINEAR_ACCELERATION -0.06745005 -0.0119524 -0.13419998

1492574094933 ROTATION_VECTOR 0.06633835 0.7433947 0.64914274

1492574095088 ACCELEROMETER -1.2885437 9.462952 -1.1296997

1492574095098 GYROSCOPE -0.010620117 -0.0022125244 0.004272461

1492574095103 MAGNETIC_FIELD 12.14447 -43.093872 23.594666

1492574095110 GRAVITY -1.2901635 9.657272 -1.1148812

1492574095118 LINEAR_ACCELERATION 0.005579233 0.04358864 0.013180852

1492574095120 ROTATION_VECTOR 0.07021968 0.742908 0.64861506

1492574095284 ACCELEROMETER -1.2911682 9.40831 -1.0297852

1492574095299 GYROSCOPE -0.011123657 0.0045166016 -0.009185791

1492574095315 MAGNETIC_FIELD 12.425232 -43.078613 23.918152

1492574095318 GRAVITY -1.3132141 9.656092 -1.0980688

1492574095320 LINEAR_ACCELERATION -0.011541009 -0.038583755 -0.049868464

1492574095324 ROTATION_VECTOR 0.06748485 0.74258447 0.6494291

1492574095477 ACCELEROMETER -1.4537811 9.256165 -0.51934814

1492574095482 GYROSCOPE 0.17977905 -0.003189087 0.045181274

1492574095485 MAGNETIC_FIELD 12.062073 -42.19055 23.666382

1492574095517 GRAVITY -1.3474579 9.648719 -1.1211421

1492574095520 LINEAR_ACCELERATION -0.36821115 0.05523491 0.79172575

1492574095525 ROTATION_VECTOR 0.058934316 0.7441029 0.6497404

1492574095710 GRAVITY -1.0784172 9.472077 -2.2993805

1492574095714 LINEAR_ACCELERATION -0.4981799 -0.2800665 1.8870144

1492574095722 ROTATION_VECTOR 0.080173984 0.781542 0.60435706

1492574095752 MAGNETIC_FIELD 12.64801 -39.172363 28.971863

1492574095787 GYROSCOPE 0.83522034 -0.16140747 0.2374878

1492574095933 ACCELEROMETER -1.6294861 8.516907 -0.7213135

1492574095937 ACCELEROMETER -1.1595459 7.299057 -1.7154999

1492574095940 MAGNETIC_FIELD 11.923218 -29.792786 39.64386

1492574095995 GYROSCOPE 2.0354156 -0.98599243 0.76875305

1492574096112 GRAVITY -0.62154484 8.245193 -5.2726536

1492574096115 LINEAR_ACCELERATION -1.1073492 0.46918917 4.0565896

1492574096122 ROTATION_VECTOR 0.18073307 0.8580012 0.4616958

1492574096135 ACCELEROMETER 0.97343445 4.204956 -6.3654175

1492574096139 GYROSCOPE 2.5625305 0.79608154 0.4091339

1492574096142 MAGNETIC_FIELD 3.7658691 -8.807373 46.44928

1492574096310 GRAVITY 1.879794 3.3619473 -9.01854

1492574096314 LINEAR_ACCELERATION -0.09567487 -1.0929959 -0.08487511

1492574096318 ROTATION_VECTOR -0.24564911 -0.9484061 -0.193903

1492574096324 ACCELEROMETER 2.17984 1.0776978 -10.192566

1492574096329 GYROSCOPE 2.4656677 0.8826599 1.8650208

1492574096332 MAGNETIC_FIELD -0.25177002 14.796448 45.03479

1492574096505 GRAVITY 3.4605923 -1.8582925 -8.985624

1492574096506 LINEAR_ACCELERATION 1.0655844 3.1219049 -3.3774996

1492574096507 ROTATION_VECTOR -0.3625955 -0.90921056 0.023136312

1492574096520 ACCELEROMETER 6.3268585 -3.3837738 -8.780243

1492574096524 GYROSCOPE 0.33216858 -0.23138428 0.8568268

1492574096529 MAGNETIC_FIELD 5.380249 19.342041 44.13147

1492574096719 GRAVITY 2.7389402 -2.9454637 -8.9438715

1492574096724 LINEAR_ACCELERATION 1.5233827 -1.5549085 3.7938175

1492574096739 ROTATION_VECTOR -0.43369675 -0.8763091 0.07430552

1492574096740 ACCELEROMETER -1.4600983 -3.4197845 -12.853394

1492574096740 GYROSCOPE -1.4646301 -2.619751 0.2758026

1492574096741 MAGNETIC_FIELD 27.075195 4.974365 39.219666

1492574096912 GRAVITY -2.1865175 -0.06292858 -9.55958

1492574096914 LINEAR_ACCELERATION 0.9732578 0.6381141 -0.3377304

1492574096917 ACCELEROMETER -2.6001282 -0.65522766 -10.6670685

1492574096919 GYROSCOPE -1.1524506 -1.9692383 -0.614624

1492574096923 MAGNETIC_FIELD 41.267395 2.5848389 24.433899

1492574096925 ROTATION_VECTOR 0.43016753 0.85514003 -0.08090013

1492574097104 ACCELEROMETER -5.6717987 -7.3919373 5.5112915

1492574097110 GYROSCOPE -2.4915009 -5.597885 -3.2844238

1492574097113 MAGNETIC_FIELD 31.723022 26.435852 -19.424438

1492574097116 GRAVITY -9.594103 0.11311997 2.0275078

1492574097132 LINEAR_ACCELERATION 6.2979136 -5.478904 9.236788

1492574097137 ROTATION_VECTOR 0.023589188 0.62934047 -0.019941289

1492574097295 ACCELEROMETER -5.629959 -5.941818 6.9879913

1492574097296 GYROSCOPE -0.14312744 -2.0363922 -1.7915039

1492574097297 MAGNETIC_FIELD 11.569214 35.946655 -30.819702

1492574097304 GRAVITY -7.2744646 -3.3869596 5.63747

1492574097305 LINEAR_ACCELERATION 2.7198005 -1.17274 -2.2318754

1492574097307 ROTATION_VECTOR -0.10650155 0.44858274 -0.1785938

1492574097491 ACCELEROMETER -4.743088 -5.422287 10.395508

1492574097491 GYROSCOPE 0.13667297 -0.6296997 -0.6907959

1492574097492 MAGNETIC_FIELD 4.4906616 34.635925 -34.34143

1492574097504 GRAVITY -5.8164716 -4.1626596 6.7090473

1492574097505 LINEAR_ACCELERATION 1.7099824 -0.7842488 1.147728

1492574097507 ROTATION_VECTOR -0.13453175 0.3739452 -0.249905

1492574097686 ACCELEROMETER -4.994751 -3.6462708 8.227173

1492574097686 GYROSCOPE 1.0848236 0.39398193 0.17260742

1492574097687 MAGNETIC_FIELD 7.1640015 26.927185 -39.157104

1492574097704 GRAVITY -6.077738 -2.8616369 7.1444054

1492574097705 LINEAR_ACCELERATION 1.5981522 -0.8822329 1.1474662

1492574097707 ROTATION_VECTOR -0.040743556 0.36616483 -0.30057418

1492574097904 GRAVITY -6.139124 -1.3279545 7.531141

1492574097905 LINEAR_ACCELERATION 2.985505 0.20509267 -0.2951064

1492574097907 ROTATION_VECTOR 0.045506496 0.3375616 -0.3197686

1492574097947 ACCELEROMETER -2.9249573 -1.4473877 7.4543

1492574097947 GYROSCOPE 0.67401123 -0.026626587 0.22717285

1492574097947 MAGNETIC_FIELD 9.507751 19.9646 -42.182922

1492574098104 GRAVITY -7.2825823 -1.5105819 6.391598

1492574098105 LINEAR_ACCELERATION -3.2592068 -1.9125278 -0.1935587

1492574098107 ROTATION_VECTOR 0.06284063 0.41251698 -0.3164762

1492574098142 ACCELEROMETER -6.2852173 -1.585556 8.124695

1492574098142 GYROSCOPE -0.12416077 0.7845764 0.08528137

1492574098142 MAGNETIC_FIELD 14.781189 19.746399 -39.888

1492574098304 GRAVITY -7.0307026 1.4750419 6.675617

1492574098305 LINEAR_ACCELERATION 2.4669557 0.9464346 3.0529594

1492574098307 ROTATION_VECTOR 0.20649315 0.34205094 -0.30253673

1492574098337 ACCELEROMETER -4.860504 1.6515961 10.095337

1492574098338 GYROSCOPE 1.9901276 -0.103652954 0.5948639

1492574098338 MAGNETIC_FIELD 15.751648 -0.97961426 -43.940735

1492574098504 GRAVITY -4.5494328 4.549198 7.4012055

1492574098505 LINEAR_ACCELERATION 4.8414555 -2.305521 -0.0991025

1492574098507 ROTATION_VECTOR 0.3314336 0.113116324 -0.41291592

1492574098533 ACCELEROMETER -0.5845337 1.9385376 6.5855103

1492574098533 MAGNETIC_FIELD -13.128662 -12.559509 -45.401

1492574098598 GYROSCOPE 1.246872 -2.53096 0.63319397

1492574098728 ACCELEROMETER 0.23034668 3.9184113 7.2475586

1492574098729 GYROSCOPE -0.782135 -1.6966095 -0.841568

1492574098729 MAGNETIC_FIELD -27.91748 -10.113525 -37.675476

1492574098904 GRAVITY -0.26817346 3.19589 9.267403

1492574098905 LINEAR_ACCELERATION -0.6585092 1.1090667 -1.1760502

1492574098907 ROTATION_VECTOR 0.14317113 -0.08364199 -0.5669112

1492574098923 ACCELEROMETER 1.5466461 3.407364 10.224655

1492574098924 GYROSCOPE -1.5539398 -0.26141357 -0.5440521

1492574098925 MAGNETIC_FIELD -29.812622 -2.6748657 -38.79547

1492574099104 GRAVITY -0.01166937 0.41892442 9.797691

1492574099105 LINEAR_ACCELERATION 3.0137281 2.9673653 -0.685174

1492574099107 ROTATION_VECTOR 0.017254017 -0.012612573 -0.6122451

1492574099119 ACCELEROMETER 2.9111938 1.4262543 11.647247

1492574099119 GYROSCOPE -0.32199097 -0.060150146 -0.37272644

1492574099120 MAGNETIC_FIELD -32.28607 -3.5247803 -36.17096

1492574099309 GRAVITY 0.27714494 -0.28413153 9.7986145

1492574099310 LINEAR_ACCELERATION 1.9157299 1.4433172 0.7629156

1492574099310 ROTATION_VECTOR -0.020160876 -0.0018001585 -0.6316895

1492574099314 ACCELEROMETER 3.5455322 2.0402832 8.593109

1492574099315 GYROSCOPE 0.24131775 -0.24963379 -0.16477966

1492574099315 MAGNETIC_FIELD -33.465576 -6.956482 -34.872437

