1492574040091 ACCELEROMETER -5.0080414 4.1435547 7.447174

1492574040116 GYROSCOPE 0.37167358 0.96699524 1.0401459

1492574040117 MAGNETIC_FIELD 10.919189 -7.145691 -43.50128

1492574040190 GRAVITY -4.6576047 3.3606167 7.9487963

1492574040191 LINEAR_ACCELERATION -0.22973776 0.33766198 0.15565968

1492574040193 ROTATION_VECTOR 0.27231464 0.1434187 -0.42326185

1492574040286 ACCELEROMETER -7.3566284 7.6531982 7.526367

1492574040311 GYROSCOPE 0.9317627 1.7764893 1.6499176

1492574040312 MAGNETIC_FIELD 19.50531 -18.153381 -37.213135

1492574040390 GRAVITY -4.9402933 5.2154474 6.675552

1492574040391 LINEAR_ACCELERATION 0.2971282 0.89049816 1.8591881

1492574040393 ROTATION_VECTOR 0.35840282 0.17660405 -0.27132523

1492574040532 ACCELEROMETER -5.7261047 5.805069 0.8174286

1492574040533 GYROSCOPE 0.37382507 3.6896973 2.664322

1492574040534 MAGNETIC_FIELD 25.016785 -35.461426 -18.649292

1492574040590 GRAVITY -5.1636205 7.924083 2.5915868

1492574040591 LINEAR_ACCELERATION -2.4135776 -1.3083916 -0.99115753

1492574040593 ROTATION_VECTOR 0.5525477 0.25011373 -0.12075079

1492574040728 ACCELEROMETER 0.89515686 5.765442 2.517105

1492574040729 GYROSCOPE -0.03201294 3.1043549 1.6909485

1492574040729 MAGNETIC_FIELD 13.510132 -45.65735 -3.9093018

1492574040790 GRAVITY -0.29714411 9.783233 0.6086431

1492574040791 LINEAR_ACCELERATION 2.6989071 -0.8009777 2.0475879

1492574040793 ROTATION_VECTOR 0.5539046 0.4026879 0.41041502

1492574040923 ACCELEROMETER 1.2922668 9.380447 2.5334778

1492574040928 GYROSCOPE -0.3955536 0.96473694 -0.09870911

1492574040929 MAGNETIC_FIELD 13.653564 -46.38214 -0.5264282

1492574040990 GRAVITY -0.35017848 9.6405945 1.7625877

1492574040991 LINEAR_ACCELERATION 1.4463805 0.95406723 1.2610298

1492574040993 ROTATION_VECTOR 0.41643754 0.4865314 0.5649663

1492574041118 ACCELEROMETER 0.25048828 8.802383 1.5875549

1492574041120 GYROSCOPE -0.98202515 0.65278625 -0.4628601

1492574041120 MAGNETIC_FIELD 19.151306 -43.692017 -4.3258667

1492574041190 GRAVITY -1.3385081 9.12635 3.3299417

1492574041191 LINEAR_ACCELERATION 1.0337127 1.2001858 -1.3620939

1492574041193 ROTATION_VECTOR 0.32228127 0.47576782 0.6038017

1492574041313 ACCELEROMETER -0.6082001 7.936737 5.0973053

1492574041314 GYROSCOPE -0.8964386 0.1877594 0.07698059

1492574041315 MAGNETIC_FIELD 22.285461 -39.653015 -12.722778

1492574041390 GRAVITY -1.2599883 8.42078 4.8655195

1492574041391 LINEAR_ACCELERATION -0.5918962 0.36084795 -0.23253012

1492574041393 ROTATION_VECTOR 0.27565536 0.419454 0.6445504

1492574041509 ACCELEROMETER 1.2760773 7.088089 3.6883545

1492574041511 GYROSCOPE 1.2076263 1.1514893 0.44340515

1492574041511 MAGNETIC_FIELD 16.421509 -42.489624 -8.64563

1492574041590 GRAVITY -1.1872599 9.148548 3.3263903

1492574041591 LINEAR_ACCELERATION 0.50269306 -1.8694954 3.3229966

1492574041593 ROTATION_VECTOR 0.22568968 0.5286449 0.7049688

1492574041704 ACCELEROMETER -1.2758179 7.6516876 3.911316

1492574041705 GYROSCOPE 0.18930054 -0.32232666 -0.22476196

1492574041706 MAGNETIC_FIELD 20.08667 -44.587708 4.092407

1492574041790 GRAVITY -0.95622945 9.588741 1.8199006

1492574041791 LINEAR_ACCELERATION -0.8099431 -0.96662617 -2.845759

1492574041793 ROTATION_VECTOR 0.3198537 0.5521816 0.62464374

1492574041900 ACCELEROMETER -0.15228271 9.123962 2.1931305

1492574041901 GYROSCOPE -0.05883789 0.23641968 -0.061309814

1492574041901 MAGNETIC_FIELD 19.378662 -43.77594 2.8121948

1492574041990 GRAVITY -0.8592306 9.475945 2.3745651

1492574041991 LINEAR_ACCELERATION 0.5917889 0.2752819 1.0014598

1492574041993 ROTATION_VECTOR 0.29758763 0.5388622 0.6526476

1492574042190 GRAVITY -2.386207 9.5097475 -0.20276468

1492574042191 LINEAR_ACCELERATION 1.5224159 0.98478603 1.7106556

1492574042193 ROTATION_VECTOR 0.1201367 0.70420545 0.6404115

1492574042205 ACCELEROMETER -1.5835571 9.3346405 0.19989014

1492574042206 GYROSCOPE 0.9505615 3.5477905 -0.78663635

1492574042206 MAGNETIC_FIELD 21.77124 -42.77954 11.747742

1492574042390 GRAVITY -2.7443311 9.374224 -0.87348217

1492574042391 LINEAR_ACCELERATION 0.56476307 0.36071777 -0.44491303

1492574042393 ROTATION_VECTOR 0.096607655 0.73157513 0.61729807

1492574042400 ACCELEROMETER -2.9022217 9.210297 -0.7731018

1492574042401 GYROSCOPE 0.10241699 -0.5886383 -0.049545288

1492574042402 MAGNETIC_FIELD 22.05658 -38.63678 20.521545

1492574042590 GRAVITY -2.7263727 9.361365 -1.0498168

1492574042591 LINEAR_ACCELERATION 0.048086166 0.30432892 0.111772776

1492574042593 ROTATION_VECTOR 0.10737085 0.7362046 0.60785407

1492574042595 ACCELEROMETER -2.8892212 9.036285 -0.7596283

1492574042596 GYROSCOPE 0.15916443 -0.2169342 0.069885254

1492574042597 MAGNETIC_FIELD 22.737122 -38.972473 22.010803

1492574042795 GRAVITY -2.894264 9.304358 -1.1056924

1492574042797 LINEAR_ACCELERATION 0.72449064 1.0692863 -0.124412775

1492574042797 ACCELEROMETER -2.5442505 9.460022 -1.1577911

1492574042803 GYROSCOPE 0.06304932 -0.13757324 -0.07304382

1492574042806 MAGNETIC_FIELD 24.201965 -38.409424 21.676636

1492574042808 ROTATION_VECTOR 0.123639435 0.73558676 0.5944019

1492574043003 ACCELEROMETER -2.418396 9.20488 -0.8470154

1492574043009 GYROSCOPE -0.20942688 0.17895508 0.064590454

1492574043012 MAGNETIC_FIELD 24.33319 -37.612915 20.683289

1492574043014 GRAVITY -2.755092 9.366979 -0.91628337

1492574043019 LINEAR_ACCELERATION 0.37623668 0.3200493 -0.07514191

1492574043021 ROTATION_VECTOR 0.1202163 0.72956526 0.6064213

1492574043200 ACCELEROMETER -2.5828247 9.076584 -0.5196228

1492574043206 GYROSCOPE -0.1635437 0.27671814 0.05960083

1492574043209 GRAVITY -2.588349 9.433954 -0.6865408

1492574043211 LINEAR_ACCELERATION -0.061335564 0.08303261 0.058541894

1492574043213 ROTATION_VECTOR 0.09956863 0.7246309 0.6269224

1492574043216 MAGNETIC_FIELD 21.855164 -39.67285 19.80896

1492574043384 ACCELEROMETER -2.529831 9.153976 -0.42033386

1492574043396 GYROSCOPE -0.047790527 0.057540894 0.021972656

1492574043399 MAGNETIC_FIELD 22.167969 -39.492798 21.032715

1492574043401 GRAVITY -2.5298293 9.457072 -0.57804275

1492574043406 LINEAR_ACCELERATION -0.1264782 0.16155624 0.2502411

1492574043408 ROTATION_VECTOR 0.08642657 0.72249734 0.63690525

1492574043585 ACCELEROMETER -2.3990326 9.2026825 -0.5024109

1492574043596 GYROSCOPE 0.028533936 -0.06454468 -0.017654419

1492574043599 MAGNETIC_FIELD 21.704102 -39.768982 20.207214

1492574043602 GRAVITY -2.519369 9.461514 -0.550379

1492574043604 LINEAR_ACCELERATION 0.12683702 0.22280502 -0.012481153

1492574043607 ROTATION_VECTOR 0.09360629 0.72062427 0.63554597

1492574043783 ACCELEROMETER -2.4945679 9.252762 -0.61117554

1492574043789 GYROSCOPE 0.018005371 0.015670776 -0.035064697

1492574043795 MAGNETIC_FIELD 21.676636 -39.715576 20.155334

1492574043797 GRAVITY -2.5505707 9.450129 -0.60003555

1492574043800 LINEAR_ACCELERATION 0.07442188 0.15946007 -0.088113666

1492574043803 ROTATION_VECTOR 0.09781075 0.72182155 0.6315011

1492574043976 ACCELEROMETER -2.5523376 9.275269 -0.58354187

1492574043985 GYROSCOPE -0.004501343 -0.058776855 -0.0065460205

1492574043988 MAGNETIC_FIELD 21.42334 -38.7619 21.156311

1492574043994 GRAVITY -2.5849004 9.438862 -0.6297458

1492574043999 LINEAR_ACCELERATION 0.014575481 0.12293148 -0.04417759

1492574044002 ROTATION_VECTOR 0.09856893 0.7227671 0.62926966

1492574044175 ACCELEROMETER -2.540268 9.152832 -0.43797302

1492574044181 GYROSCOPE 0.0016479492 -0.10046387 -0.0054016113

1492574044186 MAGNETIC_FIELD 21.414185 -37.730408 20.376587

1492574044202 GRAVITY -2.6069427 9.435959 -0.5804383

1492574044211 LINEAR_ACCELERATION -0.046794176 0.024704933 0.05324042

1492574044213 ROTATION_VECTOR 0.10471956 0.7201583 0.6279321

1492574044367 ACCELEROMETER -2.5987244 9.165558 -0.45629883

1492574044375 GYROSCOPE -0.0021362305 -0.10069275 -0.009109497

1492574044382 MAGNETIC_FIELD 22.756958 -37.91504 19.98291

1492574044401 GRAVITY -2.63056 9.434006 -0.500078

1492574044407 LINEAR_ACCELERATION -0.021512508 0.06000328 -0.017620087

1492574044410 ROTATION_VECTOR 0.110524245 0.7164365 0.6275634

1492574044565 ACCELEROMETER -2.6250458 9.219925 -0.45376587

1492574044572 GYROSCOPE -0.026626587 -0.04815674 -0.007949829

1492574044574 MAGNETIC_FIELD 23.062134 -38.728333 18.510437

1492574044602 GRAVITY -2.6761367 9.4245825 -0.4311904

1492574044613 LINEAR_ACCELERATION -0.0532434 0.044625282 0.010766089

1492574044626 ROTATION_VECTOR 0.1137427 0.7134754 0.6270675

1492574044753 ACCELEROMETER -2.64122 9.145798 -0.3895874

1492574044753 GYROSCOPE -0.027694702 0.013763428 0.026290894

1492574044753 MAGNETIC_FIELD 23.197937 -38.67035 19.352722

1492574044799 GRAVITY -2.6640468 9.4302635 -0.37862834

1492574044799 LINEAR_ACCELERATION -0.020005226 -0.08396053 0.029417187

1492574044800 ROTATION_VECTOR 0.115575336 0.71129954 0.62834257

1492574044947 ACCELEROMETER -2.6128693 9.1454315 -0.28849792

1492574044951 GYROSCOPE 0.0012512207 -0.0010681152 0.058685303

1492574044955 MAGNETIC_FIELD 23.023987 -38.8443 18.753052

1492574045005 ROTATION_VECTOR 0.11532354 0.71120846 0.6301557

1492574045011 GRAVITY -2.6123805 9.444854 -0.37494695

1492574045014 LINEAR_ACCELERATION -0.041576147 -0.04139042 0.068699

1492574045151 ACCELEROMETER -2.4703217 9.214859 -0.3355713

1492574045160 GYROSCOPE -0.004272461 0.0018463135 0.04925537

1492574045172 MAGNETIC_FIELD 23.721313 -39.738464 19.805908

1492574045197 GRAVITY -2.5446134 9.46436 -0.34814635

1492574045202 LINEAR_ACCELERATION -0.08304739 -4.043579E-4 0.034605086

1492574045205 ROTATION_VECTOR 0.11345432 0.7105481 0.63380754

1492574045337 ACCELEROMETER -2.3880157 9.249649 -0.32287598

1492574045343 GYROSCOPE -0.020599365 0.01272583 0.035705566

1492574045345 MAGNETIC_FIELD 21.89331 -38.57727 20.207214

1492574045408 GRAVITY -2.4564118 9.488461 -0.3248885

1492574045411 LINEAR_ACCELERATION 0.044934034 0.029610634 0.012584388

1492574045414 ROTATION_VECTOR 0.116342224 0.7092455 0.6360202

1492574045531 ACCELEROMETER -2.3947906 9.257645 -0.27926636

1492574045534 GYROSCOPE 0.012481689 0.0060577393 0.037994385

1492574045537 MAGNETIC_FIELD 21.446228 -39.839172 20.048523

1492574045594 GRAVITY -2.3920877 9.505643 -0.3017533

1492574045597 LINEAR_ACCELERATION 0.047209024 0.04433918 0.1523369

1492574045600 ROTATION_VECTOR 0.11561597 0.70853233 0.63892305

1492574045737 ACCELEROMETER -2.2978516 9.282944 -0.4152069

1492574045743 GYROSCOPE 0.032333374 -0.017745972 0.0317688

1492574045746 MAGNETIC_FIELD 23.422241 -40.77301 18.623352

1492574045805 ROTATION_VECTOR 0.11690401 0.71052986 0.6377281

1492574045811 GRAVITY -2.348746 9.5142975 -0.36322397

1492574045813 LINEAR_ACCELERATION -0.016534805 0.03432083 0.06653261

1492574045996 GRAVITY -2.3079233 9.5215 -0.43003815

1492574046004 LINEAR_ACCELERATION -0.0076975822 0.056664467 -0.0036216974

1492574046007 ROTATION_VECTOR 0.123240404 0.71185505 0.6343358

1492574046009 ACCELEROMETER -2.2391052 9.296326 -0.40020752

1492574046012 GYROSCOPE -4.119873E-4 -0.020111084 0.0017852783

1492574046014 MAGNETIC_FIELD 22.285461 -38.867188 20.005798

1492574046208 ROTATION_VECTOR 0.124945216 0.71047664 0.63471

1492574046214 ACCELEROMETER -2.3262482 9.251221 -0.40016174

1492574046217 GYROSCOPE -0.042175293 -0.013320923 -0.03300476

1492574046219 MAGNETIC_FIELD 23.00415 -39.22577 20.333862

1492574046222 GRAVITY -2.3051736 9.523479 -0.39988354

1492574046224 LINEAR_ACCELERATION 0.09938574 -0.020134926 -0.03529775

1492574046421 GRAVITY -2.3903189 9.505339 -0.32448813

1492574046422 LINEAR_ACCELERATION -0.07106328 0.029953957 -0.02343151

1492574046423 ACCELEROMETER -2.4156036 9.238144 -0.36546326

1492574046423 GYROSCOPE -0.06774902 -0.016143799 -0.036224365

1492574046424 MAGNETIC_FIELD 23.80066 -39.305115 19.352722

1492574046425 ROTATION_VECTOR 0.12412862 0.7046258 0.6355224

1492574046594 ACCELEROMETER -2.5420532 9.216095 -0.17367554

1492574046596 GRAVITY -2.5130315 9.477998 -0.1503986

1492574046603 LINEAR_ACCELERATION -0.08957195 -0.0059928894 -0.013910025

1492574046605 GYROSCOPE -0.044036865 -0.022949219 -0.017120361

1492574046608 MAGNETIC_FIELD 22.442627 -39.64691 17.655945

1492574046610 ROTATION_VECTOR 0.12291126 0.70182693 0.63703954

1492574046798 GRAVITY -2.522278 9.476202 -0.1004718

1492574046804 LINEAR_ACCELERATION -0.048083782 0.02924633 -0.014999181

1492574046806 ROTATION_VECTOR 0.122199506 0.70013565 0.6385715

1492574046810 ACCELEROMETER -2.5221252 9.172836 -0.07084656

1492574046812 GYROSCOPE -0.018936157 -0.03515625 0.014755249

1492574046814 MAGNETIC_FIELD 22.740173 -40.06195 17.73529

1492574046994 ACCELEROMETER -2.4773712 9.202072 -0.1388855

1492574047001 GYROSCOPE -6.713867E-4 -0.008041382 0.023208618

1492574047003 MAGNETIC_FIELD 23.00415 -39.8468 18.591309

1492574047006 GRAVITY -2.4912162 9.48425 -0.11498923

1492574047008 LINEAR_ACCELERATION -0.030046701 -0.042773247 -0.015149377

1492574047012 ROTATION_VECTOR 0.12338123 0.7004569 0.638598

1492574047187 ACCELEROMETER -2.401474 9.239899 -0.1887207

1492574047196 GYROSCOPE 0.015991211 -0.0014648438 0.04499817

1492574047199 MAGNETIC_FIELD 23.887634 -39.863586 18.327332

1492574047201 GRAVITY -2.4142745 9.503487 -0.15940075

1492574047204 LINEAR_ACCELERATION -0.014240265 0.028508186 -0.026732236

1492574047206 ROTATION_VECTOR 0.12690955 0.7014422 0.63814163

1492574047372 ACCELEROMETER -2.306839 9.24675 -0.19641113

1492574047377 GYROSCOPE 0.008163452 0.01234436 0.04800415

1492574047383 MAGNETIC_FIELD 21.800232 -40.090942 17.932129

1492574047401 GRAVITY -2.3362482 9.522416 -0.18955319

1492574047407 LINEAR_ACCELERATION 0.003768444 0.044116974 -0.049716488

1492574047410 ROTATION_VECTOR 0.12784727 0.7023671 0.6391976

1492574047570 ACCELEROMETER -2.2744446 9.280792 -0.25852966

1492574047577 GYROSCOPE -0.0068969727 0.014709473 0.03451538

1492574047583 MAGNETIC_FIELD 21.93451 -39.360046 17.93518

1492574047596 GRAVITY -2.2830386 9.534827 -0.21257938

1492574047599 LINEAR_ACCELERATION -0.00783658 -0.010222435 0.018309444

1492574047602 ROTATION_VECTOR 0.12965715 0.70287097 0.63934463

1492574047767 ACCELEROMETER -2.2552338 9.273895 -0.20866394

1492574047776 GYROSCOPE -0.0011749268 0.010421753 0.022842407

1492574047777 MAGNETIC_FIELD 21.21582 -41.288757 18.301392

1492574047797 GRAVITY -2.2462013 9.5432205 -0.22783582

1492574047798 LINEAR_ACCELERATION -9.829998E-4 -0.03401661 -0.04325214

1492574047798 ROTATION_VECTOR 0.12930036 0.7034897 0.64010483

1492574047960 ACCELEROMETER -2.2057648 9.302887 -0.25302124

1492574047961 GYROSCOPE 0.01600647 0.027526855 0.017929077

1492574047961 MAGNETIC_FIELD 23.278809 -39.146423 19.064331

1492574047997 GRAVITY -2.2422905 9.543447 -0.25523415

1492574047998 LINEAR_ACCELERATION -0.03977871 -0.02000904 0.08081421

1492574048004 ROTATION_VECTOR 0.12587585 0.70510185 0.6407201

1492574048154 ACCELEROMETER -2.1968384 9.28392 -0.3031311

1492574048156 GYROSCOPE 0.005432129 0.02935791 -0.006362915

1492574048157 MAGNETIC_FIELD 21.295166 -38.85956 18.94989

1492574048196 GRAVITY -2.2438083 9.541779 -0.3002699

1492574048197 LINEAR_ACCELERATION -0.060032606 0.032302856 0.02252552

1492574048203 ROTATION_VECTOR 0.12564875 0.70676863 0.6393539

1492574048351 ACCELEROMETER -2.2427979 9.286758 -0.26461792

1492574048351 GYROSCOPE -4.119873E-4 0.018096924 -0.015716553

1492574048352 MAGNETIC_FIELD 22.499084 -39.149475 19.55719

1492574048395 GRAVITY -2.265576 9.536499 -0.30452552

1492574048396 LINEAR_ACCELERATION -0.0024604797 0.025053024 0.0029551685

1492574048396 ROTATION_VECTOR 0.12501131 0.7070351 0.63883936

1492574048616 ACCELEROMETER -2.3292694 9.287872 -0.38845825

1492574048620 GYROSCOPE 0.0014648438 0.0069732666 -0.019317627

1492574048624 MAGNETIC_FIELD 21.450806 -39.81476 19.090271

1492574048801 GRAVITY -2.3778725 9.509417 -0.29514045

1492574048807 LINEAR_ACCELERATION -0.012545347 0.052996635 -0.06752932

1492574048812 ROTATION_VECTOR 0.12168461 0.70727706 0.6371585

1492574048815 ACCELEROMETER -2.3612976 9.305008 -0.29203796

1492574048817 GYROSCOPE -0.03829956 -0.01991272 -0.0211792

1492574048821 MAGNETIC_FIELD 22.480774 -40.234375 17.94281

1492574049000 GRAVITY -2.428858 9.498679 -0.21478501

1492574049004 LINEAR_ACCELERATION -0.10069537 -0.046945572 -8.994788E-4

1492574049009 ROTATION_VECTOR 0.119641796 0.70472467 0.6389664

1492574049012 ACCELEROMETER -2.4522858 9.222717 -0.22175598

1492574049014 GYROSCOPE -0.034606934 -0.023422241 -0.00869751

1492574049017 MAGNETIC_FIELD 23.451233 -40.11078 18.559265

1492574049200 GRAVITY -2.4641132 9.490573 -0.1659829

1492574049208 LINEAR_ACCELERATION -0.07900882 0.055070877 0.02322352

1492574049210 ROTATION_VECTOR 0.11946124 0.70298773 0.6394892

1492574049213 ACCELEROMETER -2.4534607 9.254562 -0.17131042

1492574049215 GYROSCOPE -0.015029907 -0.02557373 0.0029449463

1492574049219 MAGNETIC_FIELD 23.347473 -39.419556 18.418884

1492574049402 GRAVITY -2.4755917 9.487954 -0.14340492

1492574049407 LINEAR_ACCELERATION -0.112499714 0.0155210495 -0.027210817

1492574049409 ROTATION_VECTOR 0.1199291 0.7020888 0.6396437

1492574049412 ACCELEROMETER -2.442978 9.250198 -0.20193481

1492574049414 GYROSCOPE -0.013534546 -0.01914978 0.022491455

1492574049416 MAGNETIC_FIELD 22.190857 -40.19928 19.281006

1492574049615 GRAVITY -2.4166098 9.503131 -0.1445666

1492574049620 LINEAR_ACCELERATION -0.020172596 -0.052023888 -0.02397959

1492574049621 ROTATION_VECTOR 0.12135379 0.7018861 0.64081115

1492574049622 ACCELEROMETER -2.3858185 9.241867 -0.17422485

1492574049623 GYROSCOPE 0.002319336 -9.1552734E-5 0.040649414

1492574049628 MAGNETIC_FIELD 22.879028 -40.377808 18.832397

1492574049796 ACCELEROMETER -2.2532349 9.3022 -0.24520874

1492574049810 GYROSCOPE 0.0023956299 -0.003479004 0.04447937

1492574049814 MAGNETIC_FIELD 22.009277 -39.292908 17.56897

1492574049816 GRAVITY -2.3221626 9.525715 -0.19674495

1492574049820 LINEAR_ACCELERATION 0.044204712 0.03771019 -0.11100072

1492574049823 ROTATION_VECTOR 0.1268794 0.70280355 0.63978994

1492574049985 ACCELEROMETER -2.167389 9.28241 -0.18171692

1492574049990 GYROSCOPE 0.0019989014 -0.0059661865 0.02104187

1492574050001 MAGNETIC_FIELD 22.009277 -40.237427 17.915344

1492574050005 GRAVITY -2.2658274 9.539257 -0.19745821

1492574050007 LINEAR_ACCELERATION -0.030764818 -0.038205147 -0.024692982

1492574050011 ROTATION_VECTOR 0.13073254 0.7021229 0.63988847

1492574050182 ACCELEROMETER -2.21109 9.29924 -0.24502563

1492574050206 GYROSCOPE -0.005706787 0.032791138 -0.0087890625

1492574050214 MAGNETIC_FIELD 21.99707 -39.482117 18.695068

1492574050216 GRAVITY -2.2484543 9.542821 -0.2222774

1492574050219 LINEAR_ACCELERATION 0.045889378 -0.029506683 -0.038958192

1492574050225 ROTATION_VECTOR 0.13203663 0.7027797 0.6391135

1492574050371 ACCELEROMETER -2.5821075 8.972137 -0.2747345

1492574050371 GYROSCOPE 0.113082886 0.007980347 0.1567688

1492574050372 MAGNETIC_FIELD 22.315979 -40.829468 18.229675

1492574050391 GRAVITY -2.2373183 9.545255 -0.23003273

1492574050391 LINEAR_ACCELERATION -0.058885098 -0.013557434 0.03537722

1492574050393 ROTATION_VECTOR 0.12740482 0.70391506 0.6410488

1492574050566 ACCELEROMETER -2.2602997 6.27359 -1.0860138

1492574050566 GYROSCOPE 0.5007324 -0.39041138 0.7447815

1492574050567 MAGNETIC_FIELD 18.12439 -40.649414 20.812988

1492574050591 GRAVITY -1.6203659 9.644459 -0.7274717

1492574050591 LINEAR_ACCELERATION -1.04357 -1.1494417 0.2419864

1492574050593 ROTATION_VECTOR 0.15594772 0.7160803 0.6316155

1492574050767 ACCELEROMETER -0.21330261 2.9448395 -0.8833313

1492574050773 GYROSCOPE 1.9609985 -0.30975342 1.6917572

1492574050776 MAGNETIC_FIELD 10.115051 -39.364624 30.239868

1492574050795 GRAVITY 0.0013407855 9.558621 -2.1916058

1492574050805 LINEAR_ACCELERATION -1.0192119 -5.042672 1.2809215

1492574050808 ROTATION_VECTOR 0.25428247 0.7396494 0.5892831

1492574050995 GRAVITY 3.0367076 6.533378 -6.6531014

1492574051001 LINEAR_ACCELERATION -2.1917033 -2.4146047 4.3181443

1492574051004 ROTATION_VECTOR 0.45427084 0.7955198 0.39957586

1492574051062 ACCELEROMETER 6.0521393 6.2121124 -5.993332

1492574051065 GYROSCOPE 0.83862305 -0.48060608 2.3289337

1492574051071 MAGNETIC_FIELD 4.055786 -25.050354 42.507935

1492574051197 GRAVITY 7.671968 3.8544726 -4.7386007

1492574051203 LINEAR_ACCELERATION 4.8848915 3.6122084 1.1189318

1492574051205 ROTATION_VECTOR -0.49153328 -0.70710427 -0.44664347

1492574051253 ACCELEROMETER 8.518204 5.1225433 -9.867218

1492574051254 GYROSCOPE 1.1087189 1.7466431 0.45291138

1492574051254 MAGNETIC_FIELD -35.751343 -11.582947 30.558777

1492574051396 GRAVITY 7.4670706 4.6306505 -4.3554935

1492574051402 LINEAR_ACCELERATION 4.393642 2.3987546 -5.359425

1492574051405 ROTATION_VECTOR -0.44744956 -0.72239685 -0.4721252

1492574051452 ACCELEROMETER 11.456314 6.429413 -8.201401

1492574051453 GYROSCOPE -0.6879425 3.733841 -0.79875183

1492574051454 MAGNETIC_FIELD -37.257385 -21.490479 21.162415

1492574051596 GRAVITY 8.093368 5.491984 0.71126556

1492574051600 LINEAR_ACCELERATION 2.14606 13.841381 -20.256916

1492574051603 ROTATION_VECTOR -0.37908927 -0.5657092 -0.67891294

1492574051645 ACCELEROMETER 6.2337646 -3.6785278 3.2054138

1492574051649 GYROSCOPE -2.9787903 -2.3743439 3.007553

1492574051654 MAGNETIC_FIELD -40.811157 -22.897339 11.860657

1492574051795 GRAVITY 9.753759 -1.0062927 0.14811479

1492574051799 LINEAR_ACCELERATION 9.727016 -4.6922317 -4.5669365

1492574051801 ROTATION_VECTOR -0.64610416 -0.273857 -0.62394184

1492574051841 ACCELEROMETER 11.361588 -4.292221 8.260452

1492574051845 GYROSCOPE -0.44392395 1.5405884 0.2345581

1492574051849 MAGNETIC_FIELD -48.364258 -10.897827 -7.5393677

1492574051995 GRAVITY 9.497629 -1.4871368 1.9374869

1492574051999 LINEAR_ACCELERATION -2.1200695 -3.3763142 0.7164718

1492574052001 ROTATION_VECTOR -0.60957915 -0.17213054 -0.70319736

1492574052037 ACCELEROMETER 7.0774994 -1.7069092 5.9257507

1492574052041 GYROSCOPE -0.52731323 0.14297485 -0.26139832

1492574052046 MAGNETIC_FIELD -45.81299 -11.984253 -14.389038

1492574052191 GRAVITY 9.547374 -1.0597473 1.9735701

1492574052191 LINEAR_ACCELERATION -1.5354309 -0.15302968 4.500303

1492574052194 ROTATION_VECTOR -0.6103675 -0.16379084 -0.7217888

1492574052228 ACCELEROMETER 8.249634 -0.6107178 4.6827545

1492574052229 GYROSCOPE 0.24343872 -0.6365967 -0.26393127

1492574052229 MAGNETIC_FIELD -45.851135 -13.253784 -10.488892

1492574052391 GRAVITY 9.756046 -0.44898129 0.88789845

1492574052391 LINEAR_ACCELERATION -1.2662821 -0.018167526 3.472905

1492574052394 ROTATION_VECTOR -0.63975114 -0.2131859 -0.6890791

1492574052423 ACCELEROMETER 9.256485 0.36616516 2.947754

1492574052425 GYROSCOPE 0.3176422 -1.0321045 -0.54203796

1492574052425 MAGNETIC_FIELD -44.122314 -18.617249 0.24719238

1492574052591 GRAVITY 9.725001 0.7288361 -1.0312792

1492574052591 LINEAR_ACCELERATION -0.47652245 0.34749103 3.5780258

1492574052593 ROTATION_VECTOR -0.6819914 -0.29575047 -0.6318477

1492574052618 ACCELEROMETER 10.681824 0.7864075 0.29360962

1492574052619 GYROSCOPE 0.8294678 -1.6325836 -0.83340454

1492574052619 MAGNETIC_FIELD -41.09192 -23.498535 12.27417

1492574052791 GRAVITY 8.377703 1.8656019 -4.7438393

1492574052791 LINEAR_ACCELERATION 3.0630112 -0.77038074 4.791633

1492574052793 ROTATION_VECTOR -0.7386974 -0.44293863 -0.48210987

1492574052814 ACCELEROMETER 7.571823 2.7484741 -6.560379

1492574052814 GYROSCOPE 1.5653076 -2.9394379 -1.5365753

1492574052815 MAGNETIC_FIELD -12.658691 -21.632385 42.836

1492574052991 GRAVITY 4.0604477 2.1500556 -8.663741

1492574052991 LINEAR_ACCELERATION 2.0937853 1.0918288 -0.20650864

1492574052993 ROTATION_VECTOR -0.7142544 -0.6569388 -0.23348977

1492574053009 ACCELEROMETER 3.3391113 3.13414 -8.000656

1492574053009 GYROSCOPE 0.0054626465 -0.88249207 -1.1179504

1492574053010 MAGNETIC_FIELD 0.32806396 -21.917725 44.537354

1492574053191 GRAVITY 2.2290137 2.952414 -9.082133

1492574053191 LINEAR_ACCELERATION -0.035267353 0.65744925 1.3683462

1492574053193 ROTATION_VECTOR 0.6620563 0.7243903 0.19135338

1492574053204 ACCELEROMETER 4.537277 5.3286285 -5.7725983

1492574053205 GYROSCOPE -0.87641907 2.0954742 -1.2343445

1492574053205 MAGNETIC_FIELD -6.654358 -29.933167 38.674927

1492574053391 GRAVITY 4.510117 5.0416503 -7.10007

1492574053391 LINEAR_ACCELERATION -0.30189514 -0.31726933 2.2201986

1492574053393 ROTATION_VECTOR -0.53543717 -0.7584919 -0.369021

1492574053399 ACCELEROMETER -0.8692322 6.4248505 -6.5975494

1492574053399 GYROSCOPE 0.39343262 -0.33590698 0.27197266

1492574053400 MAGNETIC_FIELD -3.5491943 -30.473328 38.95111

1492574053591 GRAVITY 5.431692 3.3211055 -7.459046

1492574053591 LINEAR_ACCELERATION 2.6940389 4.2634664 -0.3584714

1492574053593 ROTATION_VECTOR -0.5530896 -0.7578901 -0.3197812

1492574053595 ACCELEROMETER 6.234146 5.9159393 -7.140442

1492574053596 GYROSCOPE 0.36878967 1.6234283 -0.0096588135

1492574053596 MAGNETIC_FIELD -13.450623 -23.184204 41.36963

1492574053790 ACCELEROMETER 8.047546 4.2851563 -4.5606995

1492574053791 GYROSCOPE -0.74272156 1.2168732 0.63697815

1492574053791 MAGNETIC_FIELD -22.158813 -27.658081 32.133484

1492574053795 GRAVITY 7.9831357 3.7819939 -4.258692

1492574053795 LINEAR_ACCELERATION -0.9012413 -0.07414007 -0.66910315

1492574053795 ROTATION_VECTOR -0.5355846 -0.6559588 -0.4803635

1492574053986 ACCELEROMETER 8.804398 4.753479 -3.2304688

1492574053986 GYROSCOPE 1.2128601 1.011261 0.14619446

1492574053987 MAGNETIC_FIELD -30.018616 -16.217041 34.187317

1492574053991 GRAVITY 8.827678 2.4208078 -3.5188332

1492574053991 LINEAR_ACCELERATION 1.0509348 0.956362 2.442852

1492574053993 ROTATION_VECTOR -0.45757845 -0.6855892 -0.4276794

1492574054181 ACCELEROMETER 7.8058167 3.59581 -3.7252197

1492574054181 GYROSCOPE 0.15699768 0.31240845 0.23809814

1492574054182 MAGNETIC_FIELD -33.906555 -11.894226 32.67975

1492574054191 GRAVITY 9.193671 1.9914057 -2.7714806

1492574054191 LINEAR_ACCELERATION -0.05172634 2.462804 -2.1749818

1492574054194 ROTATION_VECTOR -0.443981 -0.66647357 -0.43003485

1492574054391 GRAVITY 9.329352 2.6035585 -1.5346166

1492574054393 LINEAR_ACCELERATION 0.9139538 1.676523 0.897701

1492574054394 ROTATION_VECTOR -0.40663213 -0.6425683 -0.48200777

1492574054481 ACCELEROMETER 9.102432 4.2756195 -2.7833862

1492574054486 GYROSCOPE -0.20028687 0.808197 -0.3327942

1492574054489 MAGNETIC_FIELD -39.31122 -16.4505 31.90918

1492574054603 GRAVITY 8.99237 3.7514179 1.1110996

1492574054606 LINEAR_ACCELERATION 0.0051813126 2.3002985 -3.2017426

1492574054608 ROTATION_VECTOR -0.3441845 -0.56998837 -0.6018364

1492574054672 ACCELEROMETER 8.722 6.4482574 -1.1906433

1492574054672 GYROSCOPE -0.9726105 1.3725281 -0.5251465

1492574054673 MAGNETIC_FIELD -41.7099 -23.62976 20.726013

1492574054797 GRAVITY 7.5253963 3.8002162 5.009706

1492574054797 LINEAR_ACCELERATION 0.9510417 2.0482805 -3.6834884

1492574054798 ROTATION_VECTOR -0.17804997 -0.46138301 -0.644838

1492574054869 ACCELEROMETER 7.3632965 4.254242 2.457306

1492574054869 GYROSCOPE 0.66500854 2.8035278 0.6448364

1492574054870 MAGNETIC_FIELD -47.43042 -24.154663 0.80566406

1492574054997 GRAVITY 5.416585 1.25621 8.0779295

1492574054997 LINEAR_ACCELERATION -2.7754354 -1.5141808 -8.439814

1492574054998 ROTATION_VECTOR -0.09056979 -0.28273198 -0.48923424

1492574055072 ACCELEROMETER 4.638809 1.4221954 0.7440338

1492574055079 GYROSCOPE 0.3996582 2.157669 2.3637543

1492574055081 MAGNETIC_FIELD -46.92993 -6.1950684 -19.610596

1492574055204 GRAVITY 2.1706047 0.43155247 9.553671

1492574055210 LINEAR_ACCELERATION 1.4282217 2.0249066 -1.5841637

1492574055213 ROTATION_VECTOR -0.020807266 -0.111648634 -0.3689889

1492574055265 ACCELEROMETER 4.09494 3.7001495 12.980942

1492574055274 GYROSCOPE -0.8648224 1.9742432 0.29629517

1492574055276 MAGNETIC_FIELD -35.168457 -1.1032104 -35.317993

1492574055404 GRAVITY 0.4424156 -2.9263494 9.349392

1492574055410 LINEAR_ACCELERATION 3.2992654 2.7476509 0.87535095

1492574055413 ROTATION_VECTOR -0.14516836 0.047326654 -0.44333637

1492574055463 ACCELEROMETER 3.6221924 0.82110596 9.372452

1492574055469 GYROSCOPE -1.276535 1.0974121 -0.92648315

1492574055471 MAGNETIC_FIELD -29.99878 4.8690796 -38.80005

1492574055594 GRAVITY -0.23832607 -3.8010404 9.036906

1492574055598 LINEAR_ACCELERATION -1.6653559 1.3336549 -0.5788183

1492574055600 ROTATION_VECTOR -0.1544356 0.124079205 -0.5648946

1492574055647 ACCELEROMETER -1.2716522 -1.4380493 9.297058

1492574055652 GYROSCOPE -0.18554688 0.4093933 -0.52388

1492574055654 MAGNETIC_FIELD -24.88861 5.545044 -40.930176

1492574055795 GRAVITY -0.42927837 -3.3546999 9.205004

1492574055820 LINEAR_ACCELERATION -0.023653269 2.842999 0.31886864

1492574055832 ROTATION_VECTOR -0.12767561 0.11989313 -0.5774109

1492574055849 ACCELEROMETER 0.24176025 0.03387451 9.627792

1492574055859 GYROSCOPE 0.0725708 -0.010696411 -0.030914307

1492574055860 MAGNETIC_FIELD -23.70758 4.9850464 -40.837097

