1492574020737 ACCELEROMETER 0.15759277 3.1085663 8.97142

1492574020756 MAGNETIC_FIELD -17.224121 -0.67749023 -44.46869

1492574020761 GYROSCOPE -0.005859375 0.01689148 0.015411377

1492574020827 GRAVITY 0.15664001 3.2355702 9.256184

1492574020828 LINEAR_ACCELERATION -0.10991463 -0.043976784 -0.054003716

1492574020830 ROTATION_VECTOR 0.14872313 -0.07711945 -0.41097763

1492574020932 ACCELEROMETER -0.021316528 2.9769745 9.133148

1492574020952 MAGNETIC_FIELD -16.375732 -0.7461548 -44.17572

1492574020956 GYROSCOPE 0.021453857 -0.012969971 0.0791626

1492574021027 GRAVITY 0.10071297 3.1498504 9.286479

1492574021028 LINEAR_ACCELERATION -0.12794343 -0.056622267 0.1766243

1492574021030 ROTATION_VECTOR 0.14537668 -0.07339606 -0.41629598

1492574021152 ACCELEROMETER 0.3091278 3.013443 8.920883

1492574021153 GYROSCOPE -0.041625977 -0.090270996 -0.07472229

1492574021154 MAGNETIC_FIELD -16.777039 0.3265381 -44.882202

1492574021227 GRAVITY 0.20481305 3.1603985 9.281181

1492574021228 LINEAR_ACCELERATION 0.14734213 0.023929358 -0.10553837

1492574021230 ROTATION_VECTOR 0.14398633 -0.07784219 -0.41205475

1492574021282 ACCELEROMETER 0.31596375 3.0185242 9.058212

1492574021413 GYROSCOPE -0.026931763 -0.013885498 -0.23718262

1492574021413 MAGNETIC_FIELD -17.352295 -0.76904297 -45.039368

1492574021427 GRAVITY 0.28643122 3.0998995 9.299407

1492574021431 LINEAR_ACCELERATION 0.21329159 0.07455659 0.064468384

1492574021431 ROTATION_VECTOR 0.13780162 -0.082903095 -0.42882887

1492574021543 ACCELEROMETER 0.006713867 3.0236206 9.116089

1492574021608 GYROSCOPE -0.07879639 0.01939392 -0.14231873

1492574021609 MAGNETIC_FIELD -17.108154 -0.390625 -44.207764

1492574021627 GRAVITY 0.10742804 2.989343 9.339308

1492574021628 LINEAR_ACCELERATION -0.16347897 0.05119133 0.21023941

1492574021630 ROTATION_VECTOR 0.13519351 -0.07450189 -0.44547263

1492574021738 ACCELEROMETER -0.27482605 2.8126526 9.134277

1492574021803 GYROSCOPE -0.04284668 -0.037399292 -0.0035247803

1492574021804 MAGNETIC_FIELD -16.670227 -1.1260986 -44.400024

1492574021827 GRAVITY -0.02818841 2.9270854 9.359581

1492574021828 LINEAR_ACCELERATION -0.2359258 -0.040871143 0.018987656

1492574021830 ROTATION_VECTOR 0.13456917 -0.068449296 -0.4566416

1492574021933 ACCELEROMETER -0.10076904 2.6978912 9.457687

1492574021999 GYROSCOPE -0.06591797 -0.03024292 0.032043457

1492574021999 MAGNETIC_FIELD -16.783142 -0.5432129 -45.394897

1492574022027 GRAVITY 0.024612797 2.7664452 9.408324

1492574022028 LINEAR_ACCELERATION -0.15646361 0.016244888 0.22579288

1492574022030 ROTATION_VECTOR 0.12574364 -0.067063496 -0.45799816

1492574022128 ACCELEROMETER 0.0783844 2.6594543 9.136459

1492574022194 GYROSCOPE -0.014541626 0.016281128 0.045654297

1492574022194 MAGNETIC_FIELD -16.696167 0.920105 -44.952393

1492574022227 GRAVITY 0.072583 2.7335968 9.417673

1492574022228 LINEAR_ACCELERATION 0.17265299 0.10131407 -0.39127254

1492574022230 ROTATION_VECTOR 0.12368101 -0.06734476 -0.45019698

1492574022324 ACCELEROMETER 0.17124939 2.6770172 9.112274

1492574022389 GYROSCOPE -0.024047852 -9.918213E-4 -0.0069732666

1492574022390 MAGNETIC_FIELD -17.770386 -0.17089844 -43.68286

1492574022427 GRAVITY 0.061602198 2.6883662 9.430762

1492574022428 LINEAR_ACCELERATION 0.14062999 0.10392976 -0.11294842

1492574022430 ROTATION_VECTOR 0.12231183 -0.064844094 -0.4437229

1492574022519 ACCELEROMETER 0.15141296 2.7057343 9.163223

1492574022584 GYROSCOPE -0.12236023 -0.11701965 -0.087890625

1492574022585 MAGNETIC_FIELD -18.59436 0.98876953 -43.125916

1492574022627 GRAVITY 0.08922181 2.668605 9.436152

1492574022628 LINEAR_ACCELERATION -0.2429575 0.09617257 -0.24457836

1492574022630 ROTATION_VECTOR 0.120678976 -0.06577773 -0.4447196

1492574022714 ACCELEROMETER 0.023361206 2.2448883 9.555725

1492574022780 GYROSCOPE -0.030929565 -0.027313232 -0.040252686

1492574022781 MAGNETIC_FIELD -17.59491 1.0131836 -42.993164

1492574022827 GRAVITY 0.29518488 2.444221 9.492578

1492574022828 LINEAR_ACCELERATION -0.32539052 -0.22319913 0.64411545

1492574022830 ROTATION_VECTOR 0.104158014 -0.07186329 -0.46137136

1492574022910 ACCELEROMETER 0.20671082 2.4136505 9.230118

1492574022975 GYROSCOPE 0.060287476 0.03326416 0.080825806

1492574022975 MAGNETIC_FIELD -19.058228 -0.01373291 -43.885803

1492574023027 GRAVITY 0.17025164 2.37887 9.512223

1492574023028 LINEAR_ACCELERATION -0.1854777 -0.12873697 -0.05685234

1492574023030 ROTATION_VECTOR 0.10406715 -0.06466571 -0.46229956

1492574023105 ACCELEROMETER 0.13401794 2.4705963 9.181732

1492574023179 GYROSCOPE 0.029022217 0.008560181 0.08459473

1492574023180 MAGNETIC_FIELD -18.43872 0.43945313 -43.06183

1492574023228 GRAVITY 0.20928252 2.5433877 9.468779

1492574023229 LINEAR_ACCELERATION 0.04317093 0.012001038 0.05624771

1492574023230 ROTATION_VECTOR 0.111141935 -0.06981494 -0.4567013

1492574023307 ACCELEROMETER 0.41096497 2.655014 9.241104

1492574023372 GYROSCOPE -0.022338867 0.01499939 0.03730774

1492574023373 MAGNETIC_FIELD -18.133545 -0.12207031 -44.325256

1492574023432 GRAVITY 0.21361804 2.553003 9.466094

1492574023433 LINEAR_ACCELERATION 0.07091561 0.07226896 -0.10874939

1492574023434 ROTATION_VECTOR 0.112004 -0.0694165 -0.45012936

1492574023567 ACCELEROMETER 0.13600159 2.520996 9.058136

1492574023640 GYROSCOPE -0.032577515 -0.002319336 0.016998291

1492574023646 MAGNETIC_FIELD -19.154358 1.3961792 -43.66913

1492574023649 GRAVITY 0.20771074 2.548515 9.467435

1492574023653 LINEAR_ACCELERATION -0.37312847 -0.14134145 -0.018252373

1492574023655 ROTATION_VECTOR 0.11226971 -0.06848869 -0.44580722

1492574023767 ACCELEROMETER 0.24221802 2.5288544 9.3390045

1492574023837 GRAVITY 0.23207863 2.5310702 9.471548

1492574023844 LINEAR_ACCELERATION 0.037896737 0.021511793 0.2610712

1492574023846 ROTATION_VECTOR 0.11128816 -0.06855967 -0.44076556

1492574023849 GYROSCOPE -0.011428833 0.014602661 -0.0059051514

1492574023851 MAGNETIC_FIELD -18.77594 0.7293701 -44.241333

1492574023965 ACCELEROMETER 0.24598694 2.5301514 9.401138

1492574024032 GYROSCOPE 0.050445557 -0.022644043 -0.024459839

1492574024039 MAGNETIC_FIELD -18.231201 -0.730896 -44.322205

1492574024041 GRAVITY 0.23546322 2.5438576 9.468038

1492574024044 LINEAR_ACCELERATION 0.10890593 0.14326906 -0.090247154

1492574024046 ROTATION_VECTOR 0.111733034 -0.06913879 -0.44171473

1492574024157 ACCELEROMETER 0.19770813 2.594162 9.096939

1492574024227 GYROSCOPE 0.0340271 1.2207031E-4 -0.010726929

1492574024241 MAGNETIC_FIELD -17.825317 0.47302246 -44.5282

1492574024253 GRAVITY 0.23258965 2.6685581 9.433721

1492574024255 LINEAR_ACCELERATION -0.10238503 -0.03884673 -0.3868475

1492574024257 ROTATION_VECTOR 0.116828784 -0.07324714 -0.45126793

1492574024345 ACCELEROMETER 0.1940918 2.6946106 9.131454

1492574024412 GYROSCOPE 0.014221191 0.008224487 0.001083374

1492574024415 MAGNETIC_FIELD -18.31665 0.4699707 -43.891907

1492574024432 GRAVITY 0.24061091 2.7406578 9.412826

1492574024435 LINEAR_ACCELERATION -0.05327706 0.074264765 -0.052606583

1492574024437 ROTATION_VECTOR 0.12033982 -0.07481835 -0.44714448

1492574024551 ACCELEROMETER 0.26034546 2.734085 9.206696

1492574024615 GYROSCOPE 0.0044555664 0.0059051514 0.023468018

1492574024622 MAGNETIC_FIELD -17.773438 0.46081543 -44.692993

1492574024637 GRAVITY 0.20762128 2.7338352 9.415595

1492574024644 LINEAR_ACCELERATION 0.060063437 0.064284086 0.11957264

1492574024646 ROTATION_VECTOR 0.12089195 -0.072961695 -0.44588453

1492574024743 ACCELEROMETER 0.20550537 2.6685486 9.159042

1492574024823 GYROSCOPE -0.0048217773 0.010147095 0.010864258

1492574024839 MAGNETIC_FIELD -18.74237 0.21820068 -44.9234

1492574024841 GRAVITY 0.20690487 2.7559578 9.409159

1492574024844 LINEAR_ACCELERATION -0.124921724 -0.10271454 0.1037302

1492574024846 ROTATION_VECTOR 0.122178346 -0.073067494 -0.44300774

1492574024932 ACCELEROMETER 0.14785767 2.690979 9.139557

1492574024997 GYROSCOPE -0.011672974 0.017822266 -0.00642395

1492574025002 MAGNETIC_FIELD -17.781067 -0.54626465 -44.403076

1492574025032 GRAVITY 0.18737254 2.7393613 9.414413

1492574025035 LINEAR_ACCELERATION -0.11993843 -0.04786992 0.0063505173

1492574025037 ROTATION_VECTOR 0.121870324 -0.071736574 -0.4427867

1492574025129 ACCELEROMETER 0.053604126 2.7265472 9.1601715

1492574025197 GYROSCOPE 0.012664795 0.0018310547 0.01234436

1492574025197 MAGNETIC_FIELD -17.167664 0.23345947 -43.829346

1492574025234 GRAVITY 0.14815238 2.7455304 9.413315

1492574025238 LINEAR_ACCELERATION -0.14581378 -0.003382206 -0.037402153

1492574025239 ROTATION_VECTOR 0.12302261 -0.07014232 -0.4432653

1492574025318 ACCELEROMETER 0.078186035 2.7758026 9.127045

1492574025384 GYROSCOPE 0.023925781 0.005279541 0.025848389

1492574025385 MAGNETIC_FIELD -19.19403 -0.16784668 -44.709778

1492574025431 GRAVITY 0.13409504 2.8018079 9.39693

1492574025434 LINEAR_ACCELERATION 0.06763695 0.12110376 -0.02293396

1492574025435 ROTATION_VECTOR 0.12621585 -0.0704238 -0.4402729

1492574025520 ACCELEROMETER 0.15852356 2.7746887 9.203934

1492574025585 GYROSCOPE -0.0073394775 0.0013275146 0.023025513

1492574025587 MAGNETIC_FIELD -18.70575 -0.11444092 -45.066833

1492574025638 GRAVITY 0.13830999 2.8350563 9.38689

1492574025647 LINEAR_ACCELERATION 0.10913205 0.017892838 -0.10405445

1492574025649 ROTATION_VECTOR 0.12774014 -0.07130385 -0.43949604

1492574025777 ACCELEROMETER 0.12519836 2.752243 9.05191

1492574025834 GRAVITY 0.15143377 2.8468723 9.383111

1492574025838 LINEAR_ACCELERATION 0.14863707 0.1449821 -0.30884266

1492574025843 ROTATION_VECTOR 0.12821256 -0.07180548 -0.4368081

1492574025845 GYROSCOPE 0.0077667236 0.006500244 -0.005569458

1492574025848 MAGNETIC_FIELD -16.551208 0.7293701 -45.126343

1492574025975 ACCELEROMETER 0.1681366 2.8157654 9.161438

1492574026042 GRAVITY 0.13705774 2.8418303 9.38486

1492574026048 LINEAR_ACCELERATION 0.13174628 0.03930807 -0.030140877

1492574026051 ROTATION_VECTOR 0.1281802 -0.07123997 -0.4383316

1492574026054 GYROSCOPE -0.014343262 0.010131836 -0.009277344

1492574026056 MAGNETIC_FIELD -17.277527 -0.79345703 -45.32013

1492574026176 ACCELEROMETER 0.17530823 2.814865 9.115082

1492574026242 GRAVITY 0.116527624 2.8390281 9.385985

1492574026249 LINEAR_ACCELERATION 0.022796482 0.058925867 0.13085365

1492574026251 ROTATION_VECTOR 0.12846069 -0.07032615 -0.43904042

1492574026254 GYROSCOPE -0.022994995 0.0025939941 -0.010574341

1492574026256 MAGNETIC_FIELD -17.552185 -0.80718994 -42.874146

1492574026361 ACCELEROMETER 0.033935547 2.760437 9.290146

1492574026427 GYROSCOPE -0.020736694 0.0013580322 0.004852295

1492574026437 MAGNETIC_FIELD -17.729187 0.13885498 -44.036865

1492574026440 GRAVITY 0.1206175 2.8011026 9.397322

1492574026445 LINEAR_ACCELERATION 0.0019455925 0.050919056 0.11877823

1492574026447 ROTATION_VECTOR 0.12646605 -0.06983024 -0.44059438

1492574026565 ACCELEROMETER 0.027572632 2.7077484 9.168945

1492574026635 GYROSCOPE 8.69751E-4 -0.009185791 0.024475098

1492574026641 MAGNETIC_FIELD -18.325806 -0.36773682 -45.0058

1492574026647 GRAVITY 0.09022466 2.7696075 9.406994

1492574026650 LINEAR_ACCELERATION -0.054227516 0.02574563 -0.03238201

1492574026653 ROTATION_VECTOR 0.12558183 -0.06786778 -0.44197038

1492574026764 ACCELEROMETER 0.13632202 2.7723236 9.217545

1492574026828 GYROSCOPE 0.021316528 -0.018096924 -0.007247925

1492574026839 MAGNETIC_FIELD -17.65747 -0.96435547 -44.692993

1492574026842 GRAVITY 0.13616009 2.7953584 9.39882

1492574026845 LINEAR_ACCELERATION 0.11559148 0.084154606 -0.011816978

1492574026847 ROTATION_VECTOR 0.12585148 -0.07039142 -0.4404611

1492574026957 ACCELEROMETER 0.098861694 2.8037262 9.109665

1492574027025 GYROSCOPE 0.0044555664 0.014602661 0.010345459

1492574027036 MAGNETIC_FIELD -17.182922 -0.9094238 -44.592285

1492574027039 GRAVITY 0.13789147 2.8430746 9.384471

1492574027042 LINEAR_ACCELERATION 0.066223025 0.036121845 -0.29789257

1492574027044 ROTATION_VECTOR 0.12788582 -0.07190517 -0.44246027

1492574027155 ACCELEROMETER 0.1541748 2.83844 9.083832

1492574027217 GYROSCOPE 0.037139893 0.0013580322 0.03591919

1492574027226 MAGNETIC_FIELD -16.604614 -0.7675171 -44.761658

1492574027232 GRAVITY 0.095861696 2.8838408 9.372548

1492574027235 LINEAR_ACCELERATION -0.1025005 -0.0023303032 0.17511654

1492574027237 ROTATION_VECTOR 0.13079426 -0.0708936 -0.4420798

1492574027338 ACCELEROMETER 0.1544342 2.9496307 9.143448

1492574027404 GYROSCOPE 0.0069274902 3.5095215E-4 0.009460449

1492574027404 MAGNETIC_FIELD -17.996216 -0.32806396 -43.76831

1492574027430 GRAVITY 0.15669018 2.931372 9.356971

1492574027431 LINEAR_ACCELERATION 0.01739423 0.07049441 -0.057696342

1492574027432 ROTATION_VECTOR 0.13221563 -0.07379914 -0.4350114

1492574027537 ACCELEROMETER 0.109954834 2.921051 9.100815

1492574027606 GYROSCOPE 0.027862549 -0.0040893555 0.010437012

1492574027612 MAGNETIC_FIELD -18.461609 -1.5792847 -44.92035

1492574027635 GRAVITY 0.14926863 2.978768 9.342112

1492574027639 LINEAR_ACCELERATION -0.05928433 -0.008762836 0.10092831

1492574027642 ROTATION_VECTOR 0.1345784 -0.07465609 -0.43547475

1492574027735 ACCELEROMETER 0.17216492 3.0466766 9.018326

1492574027835 GRAVITY 0.15670408 3.0333664 9.324404

1492574027841 LINEAR_ACCELERATION 0.03104876 0.04505396 0.12311649

1492574027844 ROTATION_VECTOR 0.13680482 -0.07662983 -0.4375539

1492574027867 GYROSCOPE 0.027359009 -0.011123657 -0.0019378662

1492574027871 MAGNETIC_FIELD -18.051147 -1.0772705 -44.119263

1492574027995 ACCELEROMETER 0.06278992 3.0429077 9.076294

1492574028036 GRAVITY 0.15891632 3.0984838 9.302931

1492574028041 LINEAR_ACCELERATION -0.1994021 -0.011775732 0.17160988

1492574028043 ROTATION_VECTOR 0.13949803 -0.078884825 -0.44122797

1492574028062 GYROSCOPE -0.0010681152 0.0074157715 0.0315094

1492574028067 MAGNETIC_FIELD -18.063354 -1.4602661 -45.67108

1492574028192 ACCELEROMETER 0.19169617 3.0824432 9.006531

1492574028236 GRAVITY 0.14471747 3.1160781 9.297285

1492574028242 LINEAR_ACCELERATION 0.03636001 0.080197334 -0.23357487

1492574028245 ROTATION_VECTOR 0.1410825 -0.07788544 -0.43638608

1492574028250 GYROSCOPE -0.0062408447 0.032730103 0.013366699

1492574028252 MAGNETIC_FIELD -16.77246 -1.5853882 -44.27948

1492574028386 ACCELEROMETER 0.10520935 3.0127258 8.960663

1492574028435 GRAVITY 0.11143603 3.1136978 9.298541

1492574028442 LINEAR_ACCELERATION 0.011646017 0.013076305 -0.20508862

1492574028446 ROTATION_VECTOR 0.1420802 -0.075628005 -0.43228838

1492574028449 GYROSCOPE -0.046340942 0.024749756 -2.746582E-4

1492574028451 MAGNETIC_FIELD -17.25769 -2.3406982 -43.649292

1492574028582 ACCELEROMETER 0.09567261 3.007492 9.177307

1492574028636 GRAVITY 0.087662525 3.041265 9.322737

1492574028644 LINEAR_ACCELERATION 0.1631926 0.11151028 0.1411314

1492574028647 ROTATION_VECTOR 0.13926287 -0.07265395 -0.431382

1492574028649 GYROSCOPE -0.004119873 0.014663696 -0.0074920654

1492574028652 MAGNETIC_FIELD -17.048645 -1.1123657 -44.358826

1492574028776 ACCELEROMETER 0.053146362 2.9632874 9.075653

1492574028837 GRAVITY 0.051565066 3.048395 9.320677

1492574028844 LINEAR_ACCELERATION -0.015944041 0.035836697 -0.35586262

1492574028846 ROTATION_VECTOR 0.14042458 -0.071124405 -0.43124646

1492574028848 GYROSCOPE -0.029266357 -0.006652832 0.0046539307

1492574028851 MAGNETIC_FIELD -17.636108 -1.0574341 -45.34149

1492574028971 ACCELEROMETER 0.009994507 2.8955688 9.109619

1492574029035 GRAVITY 0.071629904 2.9841552 9.3413105

1492574029036 LINEAR_ACCELERATION -0.13811621 -0.048027515 0.21654224

1492574029036 GYROSCOPE -0.013946533 -0.009094238 0.013336182

1492574029036 MAGNETIC_FIELD -17.364502 -0.84381104 -44.61975

1492574029037 ROTATION_VECTOR 0.13681431 -0.070764266 -0.4327407

1492574029165 ACCELEROMETER -0.0466156 2.9004211 9.1814575

1492574029230 GYROSCOPE -0.056503296 0.10635376 0.025650024

1492574029231 MAGNETIC_FIELD -17.414856 -0.36621094 -44.641113

1492574029231 GRAVITY 3.1748606E-4 2.921075 9.361502

1492574029231 LINEAR_ACCELERATION -0.035160925 0.048225403 0.23443413

1492574029232 ROTATION_VECTOR 0.1354446 -0.06596237 -0.43274972

1492574029360 ACCELEROMETER -0.16932678 2.739563 9.167526

1492574029425 GYROSCOPE -0.022583008 -0.008346558 0.012039185

1492574029426 MAGNETIC_FIELD -15.637207 -0.7614136 -44.309998

1492574029430 GRAVITY -0.12190221 2.8668878 9.377445

1492574029430 LINEAR_ACCELERATION -0.030143991 -0.039202213 -0.05206299

1492574029431 ROTATION_VECTOR 0.13598433 -0.05823758 -0.42762196

1492574029556 ACCELEROMETER -0.15403748 2.7804718 9.181213

1492574029620 GYROSCOPE 0.005340576 -5.187988E-4 0.017196655

1492574029621 MAGNETIC_FIELD -16.410828 1.0894775 -44.010925

1492574029634 GRAVITY -0.11794361 2.8208854 9.391437

1492574029634 LINEAR_ACCELERATION -0.05971709 -0.008030415 0.28452396

1492574029635 ROTATION_VECTOR 0.13343851 -0.058001384 -0.43195483

1492574029751 ACCELEROMETER -0.08491516 2.7604065 9.105118

1492574029816 GYROSCOPE 0.0014648438 0.012023926 0.024459839

1492574029817 MAGNETIC_FIELD -15.835571 -0.28381348 -44.281006

1492574029834 GRAVITY -0.12982337 2.8282874 9.389053

1492574029834 LINEAR_ACCELERATION -0.055594444 -0.05942726 0.038039207

1492574029835 ROTATION_VECTOR 0.13414358 -0.05741958 -0.43059254

1492574030011 ACCELEROMETER -0.16474915 2.7326355 9.24086

1492574030034 GRAVITY -0.11056735 2.8289297 9.389106

1492574030035 LINEAR_ACCELERATION -0.0076351687 -0.09413004 0.33228588

1492574030035 ROTATION_VECTOR 0.13379733 -0.058198646 -0.42973575

1492574030078 GYROSCOPE -0.01171875 0.004562378 -0.035446167

1492574030085 MAGNETIC_FIELD -16.63208 -0.2166748 -45.50934

1492574030216 ACCELEROMETER -0.20626831 2.764801 9.167374

1492574030237 GRAVITY -0.16194698 2.8011153 9.396697

1492574030244 LINEAR_ACCELERATION -0.012557372 0.059520006 -0.14296627

1492574030247 ROTATION_VECTOR 0.13341106 -0.055707112 -0.4333362

1492574030265 GYROSCOPE -0.006072998 -0.0053100586 -0.0014648438

1492574030266 MAGNETIC_FIELD -16.589355 -0.3768921 -44.708252

1492574030393 ACCELEROMETER -0.1642456 2.7964935 9.122971

1492574030429 GRAVITY -0.1591898 2.8082175 9.394624

1492574030437 LINEAR_ACCELERATION 0.06574038 0.09923434 -0.14655209

1492574030440 ROTATION_VECTOR 0.13376129 -0.055815816 -0.4320997

1492574030461 GYROSCOPE -0.0022583008 -0.014892578 -3.5095215E-4

1492574030464 MAGNETIC_FIELD -17.202759 -1.2329102 -44.525146

1492574030592 ACCELEROMETER -0.16142273 2.821289 9.161209

1492574030633 GRAVITY -0.14843786 2.8241076 9.390036

1492574030639 LINEAR_ACCELERATION -0.11152661 0.036577225 -0.13026333

1492574030642 ROTATION_VECTOR 0.13390622 -0.057537414 -0.43773946

1492574030656 GYROSCOPE 0.020568848 -0.017944336 0.012252808

1492574030660 MAGNETIC_FIELD -16.944885 -0.5874634 -44.770813

1492574030785 ACCELEROMETER -0.07249451 2.8643646 9.023514

1492574030830 GRAVITY -0.10184905 2.8900728 9.370565

1492574030838 LINEAR_ACCELERATION 0.07414164 0.12167525 -0.004761696

1492574030842 ROTATION_VECTOR 0.13600057 -0.061139062 -0.4369513

1492574030852 GYROSCOPE 0.024108887 -0.021606445 -0.01524353

1492574030855 MAGNETIC_FIELD -16.955566 -1.171875 -44.856262

1492574030981 ACCELEROMETER -0.032913208 2.885727 8.923264

1492574031030 GRAVITY -0.08359635 2.934847 9.356819

1492574031035 LINEAR_ACCELERATION -0.086858205 -0.031129599 -0.052023888

1492574031038 ROTATION_VECTOR 0.13736233 -0.06376967 -0.4415822

1492574031046 GYROSCOPE 0.028152466 -0.04928589 -0.07852173

1492574031050 MAGNETIC_FIELD -17.033386 -1.6311646 -45.08362

1492574031175 ACCELEROMETER 0.41680908 3.0311432 8.349426

1492574031230 GRAVITY -0.04694437 3.0034616 9.335278

1492574031234 LINEAR_ACCELERATION -0.29180035 -0.07670164 -0.20124435

1492574031237 ROTATION_VECTOR 0.13899942 -0.06864756 -0.45124695

1492574031242 GYROSCOPE -0.076187134 -0.1822052 -0.38090515

1492574031244 MAGNETIC_FIELD -18.423462 -2.481079 -43.823242

1492574031374 ACCELEROMETER 0.5769043 2.7590637 5.8973236

1492574031432 GRAVITY 0.2097309 2.9702868 9.34365

1492574031442 LINEAR_ACCELERATION 0.38097805 0.5114949 -1.8908119

1492574031444 ROTATION_VECTOR 0.12915476 -0.08321949 -0.47537354

1492574031447 GYROSCOPE -0.4176178 -0.63409424 -0.9599457

1492574031452 MAGNETIC_FIELD -23.414612 -1.3000488 -43.096924

1492574031567 ACCELEROMETER 0.5093384 3.2345886 5.2252197

1492574031634 GRAVITY 0.61480594 2.1896453 9.53928

1492574031637 LINEAR_ACCELERATION -0.5301764 -0.17344332 -2.9660206

1492574031641 GYROSCOPE 0.78855896 -2.235962 -0.8813782

1492574031644 MAGNETIC_FIELD -36.772156 -9.663391 -29.389954

1492574031647 ROTATION_VECTOR 0.07524237 -0.08927873 -0.5581365

1492574031762 ACCELEROMETER 7.5042267 4.901779 8.9552765

1492574031833 GYROSCOPE 2.6255035 -5.1664734 -1.3488617

1492574031835 MAGNETIC_FIELD -34.28955 -24.48883 24.291992

1492574031838 GRAVITY 4.5736394 4.6413693 7.3287044

1492574031841 LINEAR_ACCELERATION -1.8420477 -1.1367221 0.5606861

1492574031844 ROTATION_VECTOR 0.004217149 -0.3554185 -0.6579403

1492574032022 ACCELEROMETER 8.2204895 11.747879 0.82974243

1492574032033 GRAVITY 5.557725 7.823415 -2.0189762

1492574032036 LINEAR_ACCELERATION 1.847187 1.6747785 3.6257954

1492574032039 ROTATION_VECTOR -0.19535424 -0.7515157 -0.58898735

1492574032090 GYROSCOPE 2.4742737 -2.4125671 -0.12487793

1492574032094 MAGNETIC_FIELD -18.751526 -7.823181 46.40503

1492574032217 ACCELEROMETER 7.686981 5.2826385 -7.2634125

1492574032229 GRAVITY 3.299133 4.9917765 -7.7697024

1492574032234 LINEAR_ACCELERATION 6.054923 -0.051322937 -2.9025064

1492574032237 ROTATION_VECTOR -0.24880016 -0.91336906 -0.30610213

1492574032283 GYROSCOPE 2.898819 -0.95222473 -0.85310364

1492574032285 MAGNETIC_FIELD -11.276245 19.665527 41.04309

1492574032412 ACCELEROMETER 5.955002 -6.3901978 -9.200958

1492574032429 GRAVITY 3.8310928 2.0185173 -8.79879

1492574032433 LINEAR_ACCELERATION 1.2192953 -2.0345855 -10.986501

1492574032436 ROTATION_VECTOR -0.12333257 -0.9661276 -0.13021158

1492574032479 GYROSCOPE -3.449707 10.302689 -0.88597107

1492574032481 MAGNETIC_FIELD -41.786194 6.6329956 -30.853271

1492574032608 ACCELEROMETER 9.131454 -1.15448 7.1925507

1492574032629 GRAVITY 5.8912277 4.320492 6.541955

1492574032634 LINEAR_ACCELERATION -5.0358877 -16.33402 -6.927128

1492574032636 ROTATION_VECTOR 0.12423527 -0.3886113 -0.29010168

1492574032673 GYROSCOPE 0.13511658 -0.9603882 1.2366638

1492574032676 MAGNETIC_FIELD -37.464905 17.306519 -31.652832

1492574032801 ACCELEROMETER 5.640915 1.420105 8.838242

1492574032828 GRAVITY 7.518574 3.1594765 5.44602

1492574032828 LINEAR_ACCELERATION 1.62779 0.07325959 1.4748082

1492574032830 ROTATION_VECTOR 0.07581883 -0.46538344 -0.20646526

1492574032867 GYROSCOPE -0.40118408 0.6203308 -0.019424438

1492574032867 MAGNETIC_FIELD -34.588623 19.340515 -35.202026

1492574032996 ACCELEROMETER 5.3870544 0.030715942 8.122147

1492574033028 GRAVITY 6.721151 2.6202784 6.6430917

1492574033038 LINEAR_ACCELERATION 1.4374709 -1.8957801 2.6474729

1492574033041 ROTATION_VECTOR 0.058081213 -0.3973955 -0.20575379

1492574033065 GYROSCOPE -0.07875061 0.24584961 0.5476837

1492574033069 MAGNETIC_FIELD -29.888916 23.472595 -36.17096

1492574033195 ACCELEROMETER 4.3695984 -0.9463196 8.127991

1492574033230 GRAVITY 6.589456 1.6975557 7.0617113

1492574033235 LINEAR_ACCELERATION -1.372797 -2.0048542 0.48709488

1492574033239 ROTATION_VECTOR 0.035935726 -0.3723729 -0.14402024

1492574033262 GYROSCOPE -0.22679138 0.45968628 0.025344849

1492574033266 MAGNETIC_FIELD -26.66626 24.604797 -37.03308

1492574033387 ACCELEROMETER 3.9788818 -1.2837524 8.071304

1492574033428 GRAVITY 5.8618484 1.201803 7.7694783

1492574033429 LINEAR_ACCELERATION -1.6991916 -2.0142136 1.303041

1492574033430 ROTATION_VECTOR 0.01817528 -0.3217709 -0.1375262

