1508955856394 ACCELEROMETER 0.7060852 5.4038696 5.737854

1508955856398 GYROSCOPE 0.94729614 -0.25450134 -0.16923523

1508955856399 MAGNETIC_FIELD -14.071655 -11.592102 -49.847412

1508955856399 GRAVITY 0.6577707 4.3152604 8.781586

1508955856400 LINEAR_ACCELERATION 0.0 0.0 -0.0

1508955856401 ROTATION_VECTOR 0.0 0.0 0.0

1508955856595 ACCELEROMETER -0.10206604 6.1003723 7.3435516

1508955856597 GYROSCOPE 0.973999 -0.2662506 -0.53453064

1508955856597 MAGNETIC_FIELD -9.010315 -11.927795 -53.129578

1508955856598 GRAVITY 0.122557074 6.565842 7.2832055

1508955856598 LINEAR_ACCELERATION -0.543941 0.55541277 -0.37154198

1508955856599 ROTATION_VECTOR 0.32756978 -0.14614345 -0.36434677

1508955856795 ACCELEROMETER -0.41789246 6.254364 9.20726

1508955856796 GYROSCOPE 1.0829468 -0.18507385 -0.26643372

1508955856797 MAGNETIC_FIELD -9.684753 -19.664001 -49.847412

1508955856798 GRAVITY -0.18495874 7.1379232 6.72207

1508955856798 LINEAR_ACCELERATION -0.10232562 -0.18983746 2.6648717

1508955856799 ROTATION_VECTOR 0.31406787 -0.24213874 -0.5791575

1508955856996 ACCELEROMETER -0.84002686 5.6709137 13.207901

1508955856997 GYROSCOPE -1.4217834 0.7388458 -0.83573914

1508955856997 MAGNETIC_FIELD -9.684753 -20.335388 -48.535156

1508955856998 GRAVITY -1.0923673 5.9683456 7.7042828

1508955856999 LINEAR_ACCELERATION 0.41696107 -0.66036606 4.6185637

1508955856999 ROTATION_VECTOR 0.22063524 -0.24189048 -0.80133504

1508955857232 ACCELEROMETER -0.33232117 3.9596863 7.6927185

1508955857233 GYROSCOPE -0.07809448 -0.25663757 -0.6498871

1508955857233 MAGNETIC_FIELD -15.545654 -18.840027 -48.353577

1508955857234 GRAVITY -2.1113408 4.2427793 8.585537

1508955857235 LINEAR_ACCELERATION 2.0186172 0.044612885 0.64746284

1508955857235 ROTATION_VECTOR 0.22247945 -0.11297047 -0.77719164

1508955857433 ACCELEROMETER -1.4072113 4.2096405 4.2985535

1508955857434 GYROSCOPE 0.21670532 -0.18293762 -0.4618988

1508955857435 MAGNETIC_FIELD -14.372253 -17.02118 -50.456238

1508955857435 GRAVITY -2.2645292 4.3676763 8.48326

1508955857436 LINEAR_ACCELERATION 0.42742205 -0.15591621 -3.808587

1508955857436 ROTATION_VECTOR 0.25283986 -0.05954934 -0.62918365

1508955857634 ACCELEROMETER -0.26887512 5.440506 5.6136627

1508955857635 GYROSCOPE -0.87384033 -0.55570984 -0.73960876

1508955857636 MAGNETIC_FIELD -15.925598 -18.234253 -48.945618

1508955857637 GRAVITY -1.9157664 3.9745903 8.758017

1508955857637 LINEAR_ACCELERATION 1.7020785 1.7250254 -3.248972

1508955857638 ROTATION_VECTOR 0.22584683 -0.049584623 -0.60054195

1508955857834 ACCELEROMETER -0.9263153 5.2824554 7.4317474

1508955857835 GYROSCOPE 0.16864014 -0.35810852 -0.047470093

1508955857836 MAGNETIC_FIELD -19.32373 -17.536926 -48.37036

1508955857837 LINEAR_ACCELERATION 0.20632744 2.0463674 -0.8794575

1508955857838 GRAVITY -1.3607032 3.5049088 9.057289

1508955857838 ROTATION_VECTOR 0.18795748 -0.05365405 -0.5922472

1508955858035 ACCELEROMETER 0.51091003 4.4986267 9.424103

1508955858037 GYROSCOPE 0.12591553 0.38209534 -0.35401917

1508955858038 MAGNETIC_FIELD -21.97113 -16.542053 -47.366333

1508955858039 GRAVITY -1.2908654 3.8093133 8.943892

1508955858039 LINEAR_ACCELERATION 1.5651704 1.160224 1.034133

1508955858040 ROTATION_VECTOR 0.19822916 -0.06851037 -0.59908336

1508955858236 ACCELEROMETER 1.2763824 3.4225006 8.869186

1508955858237 GYROSCOPE 0.008422852 -0.15196228 -0.41490173

1508955858238 MAGNETIC_FIELD -20.08667 -17.494202 -46.925354

1508955858239 GRAVITY -1.4497706 3.7957125 8.925308

1508955858239 LINEAR_ACCELERATION 2.8298385 -0.17096591 0.6561909

1508955858240 ROTATION_VECTOR 0.19883844 -0.07347942 -0.6435375

1508955858436 ACCELEROMETER 0.07675171 3.8949738 7.0223846

1508955858437 GYROSCOPE 0.13873291 0.31159973 -0.016494751

1508955858438 MAGNETIC_FIELD -17.352295 -19.67163 -47.387695

1508955858439 GRAVITY -1.6148123 3.927057 8.83974

1508955858440 LINEAR_ACCELERATION 1.5569626 0.040911436 -1.3372583

1508955858440 ROTATION_VECTOR 0.20854865 -0.076198325 -0.6577671

1508955858638 ACCELEROMETER -0.80015564 6.6410522 8.867569

1508955858638 GYROSCOPE 0.8543701 0.8371124 0.015548706

1508955858639 MAGNETIC_FIELD -15.211487 -21.80481 -46.93756

1508955858640 GRAVITY -2.4039629 4.890162 8.153384

1508955858640 LINEAR_ACCELERATION 1.3790576 1.7410665 1.0906305

1508955858641 ROTATION_VECTOR 0.28026912 -0.07577823 -0.6316734

1508955858841 ROTATION_VECTOR 0.30503845 -0.13611935 -0.6982052

1508955858842 LINEAR_ACCELERATION 2.9236352 -0.13488007 2.2391648

1508955858843 GRAVITY -2.4867644 5.652303 7.618258

1508955858843 ACCELEROMETER 0.55426025 4.509247 9.241913

1508955858844 GYROSCOPE 0.32351685 -0.63475037 -0.4469452

1508955858844 MAGNETIC_FIELD -12.623596 -28.359985 -42.871094

1508955859044 GRAVITY -1.8923889 5.3573647 7.9929905

1508955859045 ACCELEROMETER -0.6737213 3.1101532 6.513443

1508955859046 LINEAR_ACCELERATION 1.3621788 -2.289126 -0.73567677

1508955859046 ROTATION_VECTOR 0.24105228 -0.1853772 -0.79910135

1508955859046 GYROSCOPE -0.32589722 -0.5589142 -0.29740906

1508955859047 MAGNETIC_FIELD -12.481689 -32.637024 -38.87787

1508955859250 ACCELEROMETER -0.8745575 5.485779 7.463089

1508955859253 LINEAR_ACCELERATION 0.36647725 1.1679268 -0.8753729

1508955859256 GRAVITY -1.3782986 4.6035113 8.548588

1508955859258 ROTATION_VECTOR 0.18622161 -0.17165318 -0.83213425

1508955859260 GYROSCOPE -0.44873047 -0.6294098 -0.6979523

1508955859262 MAGNETIC_FIELD -12.969971 -32.47528 -38.95874

1508955859441 ACCELEROMETER -0.0667572 5.8621674 8.601318

1508955859442 GYROSCOPE 0.18893433 -0.57814026 -0.47257996

1508955859442 MAGNETIC_FIELD -14.56604 -32.8537 -38.606262

1508955859443 GRAVITY -0.80285054 4.2905726 8.781618

1508955859443 LINEAR_ACCELERATION 0.5483329 1.9320378 0.3637228

1508955859443 ROTATION_VECTOR 0.14490755 -0.17681606 -0.8536131

1508955859641 ACCELEROMETER 0.63960266 4.1770477 7.2953796

1508955859643 GRAVITY -0.40117037 4.4869175 8.710742

1508955859644 LINEAR_ACCELERATION 0.9648982 0.14010572 -0.4441681

1508955859645 GYROSCOPE 0.22525024 -0.594162 -1.1422882

1508955859645 MAGNETIC_FIELD -14.559937 -31.854248 -38.960266

1508955859646 ROTATION_VECTOR 0.109984174 -0.20923494 -0.8969201

1508955859849 GRAVITY -0.39464188 4.4955416 8.706593

1508955859853 LINEAR_ACCELERATION 0.2625138 0.24824333 -0.6931772

1508955859858 ROTATION_VECTOR 0.08121855 -0.22246546 -0.93827343

1508955859860 ACCELEROMETER -0.24624634 4.7075043 7.8523254

1508955859863 GYROSCOPE -0.09838867 -0.2577057 -0.54841614

1508955859865 MAGNETIC_FIELD -12.469482 -35.48889 -35.917664

1508955860054 ACCELEROMETER -1.6036377 5.145355 10.55397

1508955860058 GRAVITY -0.843535 4.178746 8.831586

1508955860060 LINEAR_ACCELERATION -0.56027323 1.3437266 1.9072781

1508955860063 ROTATION_VECTOR 0.089720465 -0.20411924 -0.95239383

1508955860067 GYROSCOPE -0.24578857 0.4205475 -0.07951355

1508955860069 MAGNETIC_FIELD -9.117126 -36.268616 -36.169434

1508955860248 LINEAR_ACCELERATION 0.09795654 -0.03899622 1.8505449

1508955860249 ROTATION_VECTOR 0.11123375 -0.22214933 -0.9469728

1508955860250 GRAVITY -1.1781621 4.570579 8.596053

1508955860251 ACCELEROMETER -0.6963501 4.0596924 8.933441

1508955860251 GYROSCOPE 0.7347412 0.030685425 0.17042542

1508955860252 MAGNETIC_FIELD -8.447266 -36.257935 -36.940002

1508955860458 ACCELEROMETER -0.55537415 3.4735565 6.5392

1508955860461 GRAVITY -0.98155624 5.058711 8.343643

1508955860463 LINEAR_ACCELERATION 0.53588617 -1.3938718 -1.9031096

1508955860465 ROTATION_VECTOR 0.10741529 -0.25110668 -0.94033045

1508955860468 GYROSCOPE -0.16781616 -0.17759705 -0.046401978

1508955860470 MAGNETIC_FIELD -10.1119995 -39.48822 -34.657288

1508955860659 ACCELEROMETER 0.4319458 5.565796 8.624374

1508955860663 GRAVITY -0.63916725 4.919397 8.459396

1508955860665 LINEAR_ACCELERATION 0.4689117 0.7148261 0.52693176

1508955860668 ROTATION_VECTOR 0.09404549 -0.24463497 -0.9378837

1508955860670 GYROSCOPE -0.03857422 -0.0900116 0.21742249

1508955860672 MAGNETIC_FIELD -13.99231 -38.04779 -35.21118

1508955860851 GRAVITY -0.44106087 4.9361362 8.462294

1508955860852 ROTATION_VECTOR 0.083365284 -0.24818006 -0.9386049

1508955860853 LINEAR_ACCELERATION 2.1075954 -0.5321312 -0.115950584

1508955860853 ACCELEROMETER 1.3290863 3.835083 7.3539734

1508955860854 GYROSCOPE 0.1098938 -0.223526 -0.59007263

1508955860861 MAGNETIC_FIELD -16.02478 -36.58142 -38.619995

1508955861056 ACCELEROMETER -0.15222168 4.607727 7.946396

1508955861062 GRAVITY -0.31522396 5.005663 8.427002

1508955861065 LINEAR_ACCELERATION 0.6303707 -0.39055252 -1.03121

1508955861067 ROTATION_VECTOR 0.0663988 -0.25677556 -0.9468082

1508955861069 GYROSCOPE 0.021240234 -0.35276794 -0.20982361

1508955861072 MAGNETIC_FIELD -11.805725 -37.431335 -37.075806

1508955861257 ACCELEROMETER -1.4485474 5.3831024 12.581345

1508955861263 GRAVITY -0.22189297 4.8252125 8.534546

1508955861265 LINEAR_ACCELERATION -1.514102 0.76122284 4.8378286

1508955861268 ROTATION_VECTOR 0.06278346 -0.24681471 -0.947143

1508955861270 GYROSCOPE -0.13897705 0.23042297 0.34666443

1508955861272 MAGNETIC_FIELD -9.596252 -37.03766 -37.490845

1508955861463 ACCELEROMETER -0.62898254 3.5323486 8.1362915

1508955861470 GRAVITY -0.060173847 5.3813715 8.198025

1508955861472 LINEAR_ACCELERATION -0.81120276 -1.1996374 1.363739

1508955861475 ROTATION_VECTOR 0.08738098 -0.27272996 -0.91563845

1508955861477 GYROSCOPE 0.91845703 0.34043884 1.0420074

1508955861479 MAGNETIC_FIELD -12.0224 -37.202454 -36.898804

1508955861660 ACCELEROMETER 0.9660187 3.861023 5.4010925

1508955861670 GRAVITY 0.5665835 5.4810257 8.112196

1508955861672 LINEAR_ACCELERATION 0.3604523 -1.650114 -3.5138268

1508955861675 ROTATION_VECTOR 0.069106 -0.2856877 -0.9010026

1508955861677 GYROSCOPE -0.82684326 -0.8056488 -0.64668274

1508955861679 MAGNETIC_FIELD -17.254639 -39.738464 -32.969666

1508955861861 GRAVITY 1.6424589 4.8696446 8.352201

1508955861867 LINEAR_ACCELERATION -1.4150252 0.17112923 5.356593

1508955861869 ROTATION_VECTOR 0.003447205 -0.27229458 -0.9077779

1508955861871 ACCELEROMETER 0.19935608 4.887207 13.5347595

1508955861874 GYROSCOPE 0.21670532 -0.69029236 0.54533386

1508955861876 MAGNETIC_FIELD -18.504333 -36.914063 -34.93347

1508955862065 GRAVITY 2.454057 4.934235 8.111801

1508955862071 LINEAR_ACCELERATION -1.5330675 -0.66287374 0.021025658

1508955862073 ROTATION_VECTOR -0.0137164695 -0.29364112 -0.8747418

1508955862075 ACCELEROMETER 0.5527954 3.8493347 6.774643

1508955862078 GYROSCOPE 0.10668945 0.1834259 0.44493103

1508955862080 MAGNETIC_FIELD -21.517944 -34.898376 -36.027527

1508955862263 ACCELEROMETER -0.026290894 4.9830475 7.7825317

1508955862269 GYROSCOPE 0.10028076 0.8648834 0.5624237

1508955862271 MAGNETIC_FIELD -21.803284 -33.416748 -36.694336

1508955862273 GRAVITY 1.9778683 4.851354 8.289921

1508955862276 LINEAR_ACCELERATION -2.1527293 -0.2581973 -0.9440179

1508955862278 ROTATION_VECTOR 0.03378568 -0.2760257 -0.8388279

1508955862468 ACCELEROMETER -0.3847046 5.188553 10.533157

1508955862474 GRAVITY 1.2708966 4.9332905 8.37961

1508955862476 LINEAR_ACCELERATION -1.2110021 0.87454176 1.7540302

1508955862479 ROTATION_VECTOR 0.088813104 -0.25469795 -0.8013975

1508955862481 GYROSCOPE 0.27331543 0.47395325 0.44493103

1508955862483 MAGNETIC_FIELD -21.736145 -31.071472 -39.634705

1508955862657 GRAVITY 1.2272177 5.629315 7.9356875

1508955862658 LINEAR_ACCELERATION -1.3464446 -1.6906219 3.058773

1508955862667 ROTATION_VECTOR 0.122635484 -0.2834662 -0.7724473

1508955862668 ACCELEROMETER 0.30488586 3.5545044 9.288803

1508955862668 GYROSCOPE 0.9013672 -0.0034942627 0.3861847

1508955862669 MAGNETIC_FIELD -22.677612 -33.927917 -39.64081

1508955862856 ACCELEROMETER 0.39915466 4.110138 5.964676

1508955862857 GYROSCOPE -1.0671692 -0.0622406 -0.4618988

1508955862858 MAGNETIC_FIELD -24.775696 -37.48932 -34.472656

1508955862859 GRAVITY 1.2158749 5.487473 8.036148

1508955862859 LINEAR_ACCELERATION -0.7084458 -1.7405586 -1.7720599

1508955862860 ROTATION_VECTOR 0.112377636 -0.27864268 -0.7864476

1508955863060 GRAVITY 1.1829934 4.6558785 8.549486

1508955863064 LINEAR_ACCELERATION -1.6581322 1.1759591 1.4080429

1508955863066 ROTATION_VECTOR 0.089529365 -0.23681645 -0.7927969

1508955863068 ACCELEROMETER -0.39811707 5.5495453 10.417526

1508955863070 GYROSCOPE 0.056488037 0.059524536 0.5827179

1508955863073 MAGNETIC_FIELD -23.19336 -35.72693 -37.130737

1508955863262 GRAVITY 1.225976 4.6841745 8.527947

1508955863267 LINEAR_ACCELERATION -0.37743032 0.20301104 -0.4651146

1508955863270 ROTATION_VECTOR 0.10285886 -0.23370017 -0.7574783

1508955863272 ACCELEROMETER 0.33125305 4.4862213 7.14122

1508955863274 GYROSCOPE 0.061828613 0.24324036 0.10847473

1508955863276 MAGNETIC_FIELD -22.883606 -33.418274 -38.301086

1508955863463 GRAVITY 1.0940882 4.7433057 8.51319

1508955863468 LINEAR_ACCELERATION -2.206747 0.025002003 -0.43540764

1508955863471 ROTATION_VECTOR 0.1225336 -0.22568478 -0.72397244

1508955863473 ACCELEROMETER -1.0727692 4.9499817 7.9101257

1508955863475 GYROSCOPE 0.1451416 0.28276062 0.8230438

1508955863477 MAGNETIC_FIELD -22.390747 -33.909607 -39.326477

1508955863667 GRAVITY 1.1434685 4.733799 8.511992

1508955863670 LINEAR_ACCELERATION -1.4154803 1.1415029 0.29837894

1508955863672 ROTATION_VECTOR 0.13819705 -0.2165889 -0.6698792

1508955863674 ACCELEROMETER -0.17198181 5.280655 8.983429

1508955863676 GYROSCOPE 0.019104004 0.3158722 0.5496063

1508955863678 MAGNETIC_FIELD -22.865295 -31.6391 -39.874268

1508955863863 ACCELEROMETER 0.27816772 3.5833435 8.037628

1508955863867 GYROSCOPE -0.068481445 -0.07826233 0.25160217

1508955863870 MAGNETIC_FIELD -25.715637 -29.77295 -41.638184

1508955863872 GRAVITY 1.2536895 4.554796 8.593747

1508955863879 LINEAR_ACCELERATION -1.1879426 -0.65961313 0.21892262

1508955863880 ROTATION_VECTOR 0.13643402 -0.20791014 -0.63973963

1508955864064 GRAVITY 1.8743999 4.2578716 8.632934

1508955864065 LINEAR_ACCELERATION -0.3710165 -0.5983906 0.6691885

1508955864065 ROTATION_VECTOR 0.09110958 -0.22702849 -0.67808735

1508955864065 ACCELEROMETER 1.8596344 3.6588593 9.0833435

1508955864066 GYROSCOPE -0.30667114 -0.9882965 -0.8827362

1508955864066 MAGNETIC_FIELD -25.605774 -29.65393 -40.91034

1508955864263 ROTATION_VECTOR 0.017883556 -0.22336856 -0.75815463

1508955864263 LINEAR_ACCELERATION 0.054926157 0.22721529 -0.57377434

1508955864263 GRAVITY 2.4168313 3.536261 8.821801

1508955864264 ACCELEROMETER 1.9484253 3.6820068 8.487137

1508955864264 GYROSCOPE -0.8140259 -0.42219543 -0.7834015

1508955864270 MAGNETIC_FIELD -26.132202 -30.941772 -40.135193

1508955864474 ACCELEROMETER 1.7045898 4.0089264 8.790375

1508955864482 GRAVITY 2.0217404 3.3135228 9.00575

1508955864485 LINEAR_ACCELERATION -0.4276321 0.9509342 0.70059395

1508955864487 ROTATION_VECTOR 0.012346031 -0.20169817 -0.8033092

1508955864489 GYROSCOPE 0.21243286 0.30091858 -0.49501038

1508955864491 MAGNETIC_FIELD -23.132324 -30.168152 -41.99829

1508955864664 ACCELEROMETER 1.9715729 3.5503235 8.839554

1508955864665 GYROSCOPE 0.5253906 -0.12739563 -0.40101624

1508955864666 GRAVITY 1.5779368 4.1037517 8.765827

1508955864666 LINEAR_ACCELERATION 0.33847237 -0.5800681 0.5244026

1508955864666 ROTATION_VECTOR 0.040483095 -0.22677813 -0.8327654

1508955864667 MAGNETIC_FIELD -19.909668 -32.687378 -40.908813

1508955864865 ROTATION_VECTOR 0.011695926 -0.25549704 -0.882179

1508955864867 LINEAR_ACCELERATION -0.35089397 0.1494689 -0.21914291

1508955864868 GRAVITY 1.7790592 4.511427 8.523636

1508955864869 ACCELEROMETER 0.87153625 4.8274536 8.529205

1508955864869 GYROSCOPE -0.27355957 -0.7896271 -0.95643616

1508955864870 MAGNETIC_FIELD -18.63556 -36.64093 -37.716675

1508955865069 LINEAR_ACCELERATION -1.5092342 1.2526808 0.483531

1508955865083 ROTATION_VECTOR -0.016340598 -0.26214784 -0.9277482

1508955865086 GRAVITY 1.6605335 4.685123 8.453558

1508955865088 ACCELEROMETER -0.17401123 5.713745 8.310974

1508955865090 GYROSCOPE 0.09814453 -0.34742737 -1.1882172

1508955865098 MAGNETIC_FIELD -16.036987 -38.760376 -36.96289

1508955865267 ACCELEROMETER -0.91778564 4.764389 8.584824

1508955865273 GYROSCOPE -0.13790894 -0.6796112 -0.8538971

1508955865276 MAGNETIC_FIELD -9.899902 -40.42206 -36.63025

1508955865283 GRAVITY 1.4217417 4.906679 8.370994

1508955865285 LINEAR_ACCELERATION -2.2273002 0.14819479 -0.005065918

1508955865287 ROTATION_VECTOR -0.037300713 -0.26796785 -0.95277965

1508955865468 ACCELEROMETER 0.12809753 4.930786 9.276047

1508955865475 GYROSCOPE -0.08984375 -0.6806793 -0.88700867

1508955865483 MAGNETIC_FIELD -7.548523 -42.622375 -35.847473

1508955865487 GRAVITY 1.5967237 4.869731 8.361015

1508955865489 LINEAR_ACCELERATION -1.6171093 0.35370684 1.688056

1508955865491 ROTATION_VECTOR -0.080154896 -0.25938782 -0.9623

1508955865670 ACCELEROMETER -0.10290527 3.4533844 8.096176

1508955865675 GYROSCOPE 0.11843872 0.32228088 -0.029312134

1508955865678 MAGNETIC_FIELD -5.557251 -41.31317 -36.479187

1508955865682 GRAVITY 1.362978 4.9753747 8.340163

1508955865687 LINEAR_ACCELERATION -1.589537 -1.251658 0.025201797

1508955865690 ROTATION_VECTOR 0.08232413 0.2607542 0.96117866

1508955865868 GRAVITY 0.8129544 5.3429217 8.183072

1508955865869 LINEAR_ACCELERATION -0.4610414 -1.2187753 -0.30470753

1508955865870 ROTATION_VECTOR 0.059039254 0.28159153 0.95623255

1508955865871 ACCELEROMETER 0.18840027 4.3302765 8.151489

1508955865871 GYROSCOPE 0.33740234 0.19517517 -0.1809845

1508955865872 MAGNETIC_FIELD -1.8417358 -42.962646 -34.843445

1508955866072 GRAVITY 1.0197232 5.634272 7.961503

1508955866080 LINEAR_ACCELERATION -1.3955705 -0.6652169 2.561386

1508955866082 ROTATION_VECTOR 0.07961429 0.29620582 0.9484819

1508955866085 ACCELEROMETER -0.9243469 4.4148865 11.270218

1508955866087 GYROSCOPE 0.097076416 -0.7842865 -0.14787292

1508955866089 MAGNETIC_FIELD 0.6088257 -43.16864 -35.246277

1508955866273 GRAVITY 1.6314936 5.762375 7.7655425

1508955866282 LINEAR_ACCELERATION -3.2346044 -2.4238815 2.6358657

1508955866284 ROTATION_VECTOR 0.11490674 0.3014365 0.9428507

1508955866286 ACCELEROMETER -1.1034698 3.2208405 8.893677

1508955866288 GYROSCOPE 0.20709229 -0.3922882 -0.0688324

1508955866291 MAGNETIC_FIELD 0.077819824 -42.640686 -35.458374

1508955866477 GRAVITY 1.8083488 6.0743885 7.4834523

1508955866484 ACCELEROMETER -0.97232056 4.475662 7.0074463

1508955866486 LINEAR_ACCELERATION -2.3760915 -1.9103718 -0.16930723

1508955866489 ROTATION_VECTOR 0.12065555 0.32232335 0.9366852

1508955866491 GYROSCOPE 0.26690674 0.043502808 0.11381531

1508955866493 MAGNETIC_FIELD -0.5935669 -45.046997 -34.077454

1508955866676 GRAVITY 1.9171089 6.32315 7.2465754

1508955866680 LINEAR_ACCELERATION -3.3676467 -0.8000097 2.5570498

1508955866683 ROTATION_VECTOR 0.107202515 0.34501466 0.932433

1508955866685 ACCELEROMETER -1.4526062 4.841263 10.787842

1508955866687 GYROSCOPE 0.34381104 0.08622742 0.53678894

1508955866690 MAGNETIC_FIELD -2.5894165 -45.173645 -33.163452

1508955866878 ACCELEROMETER -0.7919769 3.9614258 9.007172

1508955866884 GYROSCOPE -0.02255249 0.5423126 0.9768524

1508955866886 MAGNETIC_FIELD -6.6604614 -45.654297 -31.484985

1508955866888 GRAVITY 2.2366054 6.0746217 7.3666105

1508955866891 LINEAR_ACCELERATION -3.1178145 -2.1391778 2.7338428

1508955866893 ROTATION_VECTOR -0.08513618 -0.34228528 -0.93017745

1508955867078 GRAVITY 2.0503254 5.4480696 7.8920903

1508955867081 LINEAR_ACCELERATION -2.7100754 -0.96015644 0.084555626

1508955867085 ROTATION_VECTOR -0.037668377 -0.31015557 -0.9229179

1508955867087 ACCELEROMETER -0.7216797 4.683975 7.6427155

1508955867089 GYROSCOPE -0.1699524 0.8200226 0.71943665

1508955867091 MAGNETIC_FIELD -10.752869 -43.040466 -32.58362

1508955867277 ACCELEROMETER -1.2085419 5.6574097 8.927124

1508955867282 GRAVITY 1.1500021 5.1480823 8.267111

1508955867285 LINEAR_ACCELERATION -2.0232437 0.7584381 0.65001774

1508955867288 ROTATION_VECTOR 0.03164646 -0.2783759 -0.90722525

1508955867290 GYROSCOPE 0.07998657 0.84672546 0.34880066

1508955867292 MAGNETIC_FIELD -13.4262085 -41.020203 -34.010315

1508955867479 GRAVITY 0.65330243 4.929364 8.452511

1508955867482 LINEAR_ACCELERATION -2.7727172 0.23013783 0.82787514

1508955867484 ROTATION_VECTOR 0.07232359 -0.25260872 -0.8846591

1508955867488 ACCELEROMETER -1.9006348 4.711136 8.991058

1508955867490 GYROSCOPE -0.111206055 0.33189392 0.92344666

1508955867492 MAGNETIC_FIELD -10.894775 -39.926147 -36.642456

1508955867680 GRAVITY 0.8027255 4.688245 8.575918

1508955867685 LINEAR_ACCELERATION -1.3096073 -0.4445138 -0.6734829

1508955867697 ROTATION_VECTOR 0.08216587 -0.23664027 -0.84784603

1508955867700 ACCELEROMETER -0.29981995 4.2942963 6.805359

1508955867702 GYROSCOPE 0.014831543 0.2881012 0.60835266

1508955867704 MAGNETIC_FIELD -15.12146 -39.77356 -37.03308

1508955867878 ACCELEROMETER -0.5138855 5.542679 8.156784

1508955867880 GRAVITY 1.1394758 3.9713798 8.893825

1508955867886 LINEAR_ACCELERATION -1.682414 1.1792583 -1.6482344

1508955867890 ROTATION_VECTOR 0.055620946 -0.2084405 -0.8374196

1508955867892 GYROSCOPE -0.91122437 -0.631546 -0.36683655

1508955867896 MAGNETIC_FIELD -17.552185 -37.817383 -38.371277

1508955868076 ACCELEROMETER -1.9437103 4.6488953 9.46846

1508955868079 GYROSCOPE 0.5435486 0.30412292 1.9007721

1508955868081 MAGNETIC_FIELD -21.055603 -35.37903 -37.849426

1508955868090 GRAVITY 1.854389 3.4973571 8.972186

1508955868092 LINEAR_ACCELERATION -2.8509107 1.9945414 1.6795254

1508955868094 ROTATION_VECTOR 0.031035181 -0.20391823 -0.7856822

1508955868281 ACCELEROMETER -2.4221497 2.9473877 8.265366

1508955868284 GYROSCOPE 0.4666443 2.8483734 3.3053436

1508955868291 MAGNETIC_FIELD -26.79596 -29.211426 -39.204407

1508955868294 GRAVITY 0.30771884 3.065532 9.310113

1508955868296 LINEAR_ACCELERATION -2.9758034 0.867877 -1.3559465

1508955868298 ROTATION_VECTOR 0.12028849 -0.10414899 -0.56845134

1508955868472 ACCELEROMETER -2.0253448 4.105942 10.469727

1508955868474 GYROSCOPE -0.090911865 2.149826 2.983841

1508955868474 GRAVITY -2.5754304 2.6250584 9.091019

1508955868482 LINEAR_ACCELERATION 0.61691236 -0.19771957 0.94046974

1508955868483 MAGNETIC_FIELD -16.975403 -16.441345 -50.546265

1508955868483 ROTATION_VECTOR 0.16523446 0.09583653 -0.24310458

1508955868672 ACCELEROMETER -0.19003296 6.27536 7.8871155

1508955868673 GYROSCOPE 0.4111023 1.1767731 0.8369293

1508955868673 MAGNETIC_FIELD -2.9708862 -17.488098 -53.84674

1508955868674 GRAVITY -4.08635 3.8155205 8.056918

1508955868674 LINEAR_ACCELERATION 2.7213068 2.943171 1.8968396

1508955868674 ROTATION_VECTOR 0.20046316 0.22141819 0.014666842

1508955868880 ACCELEROMETER -0.12159729 5.4423065 6.8389893

1508955868881 GRAVITY -5.4748435 4.1775317 6.981741

1508955868881 LINEAR_ACCELERATION 5.609782 1.5226846 0.16801596

1508955868882 ROTATION_VECTOR 0.18524149 0.33123386 0.1308261

1508955868883 GYROSCOPE -0.6174927 1.4747772 0.16294861

1508955868883 MAGNETIC_FIELD 6.666565 -22.503662 -51.385498

1508955869083 ACCELEROMETER 0.2255249 7.281616 6.342972

1508955869087 GYROSCOPE -0.24685669 0.5561981 0.17256165

1508955869089 MAGNETIC_FIELD 13.037109 -20.46814 -50.601196

1508955869091 GRAVITY -6.470487 3.9778826 6.2031956

1508955869094 LINEAR_ACCELERATION 6.2320747 3.101362 -0.16882849

1508955869096 ROTATION_VECTOR 0.124708004 0.410089 0.22877054

1508955869287 GRAVITY -6.2280054 4.334235 6.2126274

1508955869290 ACCELEROMETER 0.28482056 5.5786743 8.574448

1508955869292 LINEAR_ACCELERATION 5.8087378 2.145606 2.8370562

1508955869294 ROTATION_VECTOR 0.11412666 0.41257638 0.2997815

1508955869296 GYROSCOPE -0.015075684 -0.08894348 0.41609192

1508955869301 MAGNETIC_FIELD 16.685486 -17.204285 -49.632263

1508955869486 ACCELEROMETER 1.1533661 6.5664215 6.6531525

1508955869489 GYROSCOPE 0.8191223 0.39491272 0.21635437

1508955869491 GRAVITY -5.8393207 5.3385754 5.7941637

1508955869493 ROTATION_VECTOR 0.17014918 0.4190813 0.3099678

1508955869496 LINEAR_ACCELERATION 6.5692725 0.68666697 1.4694543

1508955869501 MAGNETIC_FIELD 12.980652 -20.619202 -49.66278

1508955869687 GRAVITY -5.8843374 6.283318 4.697325

1508955869690 LINEAR_ACCELERATION 5.779985 1.6609483 2.5849423

1508955869692 ROTATION_VECTOR 0.21287529 0.4638827 0.32530573

1508955869694 ACCELEROMETER -0.3026886 7.4229584 8.393982

1508955869696 GYROSCOPE 0.43780518 0.527359 -0.009017944

1508955869699 MAGNETIC_FIELD 16.73584 -25.189209 -44.480896

1508955869884 ACCELEROMETER -0.29039 7.2763367 6.7537384

1508955869889 GYROSCOPE 0.60549927 -0.6529083 0.73332214

1508955869891 MAGNETIC_FIELD 20.635986 -31.65741 -40.577698

1508955869893 GRAVITY -5.1435623 7.1462817 4.317964

1508955869895 LINEAR_ACCELERATION 3.279944 0.97584915 5.2406425

1508955869898 ROTATION_VECTOR 0.24195501 0.4704284 0.38575774

1508955870091 ACCELEROMETER 1.6065063 4.7577057 4.7841187

1508955870094 GRAVITY -4.2407846 7.48451 4.708317

1508955870097 LINEAR_ACCELERATION 5.899865 -1.2189498 0.33943844

1508955870107 ROTATION_VECTOR 0.25816557 0.43965122 0.43067983

1508955870109 GYROSCOPE -0.79907227 0.36286926 -0.030380249

1508955870146 MAGNETIC_FIELD 15.965271 -36.25183 -39.02893

1508955870283 GRAVITY -3.7709355 6.618327 6.176421

1508955870284 LINEAR_ACCELERATION 5.3241863 -0.35444784 -0.100847244

1508955870284 ROTATION_VECTOR 0.2374384 0.35876617 0.40743077

1508955870285 ACCELEROMETER 3.204132 6.708481 6.255966

1508955870285 GYROSCOPE -0.5843811 -1.3535919 -0.4693756

1508955870285 MAGNETIC_FIELD 14.733887 -32.49817 -41.529846

1508955870492 ACCELEROMETER 2.578308 6.7021027 7.9283295

1508955870500 GRAVITY -2.3636918 5.3405504 7.8779354

1508955870502 LINEAR_ACCELERATION 5.8628187 2.572246 1.1255088

1508955870505 ROTATION_VECTOR 0.2376663 0.20457715 0.2752013

1508955870510 GYROSCOPE -0.5053406 -1.4358368 -1.1380157

1508955870512 MAGNETIC_FIELD 5.429077 -22.619629 -50.245667

1508955870696 ACCELEROMETER -0.80934143 6.0439606 7.078583

1508955870701 GRAVITY -1.4440515 4.3293715 8.679956

1508955870704 LINEAR_ACCELERATION 1.132827 2.0240564 -0.99610186

1508955870709 ROTATION_VECTOR 0.21827528 0.099001475 0.10066037

1508955870711 GYROSCOPE -0.45620728 -0.33995056 -0.1532135

1508955870713 MAGNETIC_FIELD -2.406311 -18.47229 -52.55127

1508955870894 ACCELEROMETER 0.43878174 6.8270264 5.4308167

1508955870900 GYROSCOPE -0.63031006 1.0891876 0.87538147

1508955870903 MAGNETIC_FIELD -4.673767 -14.836121 -53.57361

1508955870905 GRAVITY -1.7294406 3.6572928 8.933288

1508955870907 LINEAR_ACCELERATION 1.3965477 3.312842 -1.4958072

1508955870910 ROTATION_VECTOR 0.18456474 0.10229832 0.06290765

1508955871097 ACCELEROMETER 0.89030457 5.941864 10.014313

1508955871103 GRAVITY -2.5125735 4.1368847 8.528983

1508955871106 LINEAR_ACCELERATION 2.7999778 2.7552743 0.36219597

1508955871108 ROTATION_VECTOR 0.1951529 0.16449392 0.1488309

1508955871110 GYROSCOPE 0.8116455 0.49531555 0.26228333

1508955871113 MAGNETIC_FIELD 0.5203247 -13.204956 -53.75061

1508955871299 ACCELEROMETER 0.30119324 4.6484833 8.097366

1508955871305 GRAVITY -3.025401 5.0395956 7.8498287

1508955871307 LINEAR_ACCELERATION 3.8044207 0.57078695 2.1952438

1508955871309 ROTATION_VECTOR 0.22326298 0.22343627 0.23025523

1508955871311 GYROSCOPE 0.14086914 0.65766907 0.13838196

1508955871317 MAGNETIC_FIELD 7.9177856 -18.711853 -51.853943

1508955871499 ACCELEROMETER 0.21047974 4.3451843 5.514084

1508955871505 GRAVITY -3.4154072 4.990094 7.7203846

1508955871507 LINEAR_ACCELERATION 3.0593832 -0.23479557 -0.9895153

1508955871509 ROTATION_VECTOR 0.19630405 0.26045087 0.30159923

1508955871511 GYROSCOPE -0.38464355 0.2325592 0.19606018

1508955871516 MAGNETIC_FIELD 13.015747 -20.887756 -48.449707

1508955871700 ACCELEROMETER -0.34628296 5.9356384 11.087677

1508955871706 GRAVITY -3.3061795 4.4627075 8.0823145

1508955871708 LINEAR_ACCELERATION 3.1926494 1.799079 2.3059177

1508955871710 ROTATION_VECTOR 0.15422322 0.25324267 0.35970858

1508955871713 GYROSCOPE -0.5619507 0.21653748 0.3028717

1508955871718 MAGNETIC_FIELD 18.231201 -14.801025 -50.915527

1508955871898 ACCELEROMETER 0.18052673 5.389145 6.2117004

1508955871905 GYROSCOPE 0.32565308 -0.26091003 0.17149353

1508955871907 MAGNETIC_FIELD 19.509888 -15.280151 -50.012207

1508955871909 GRAVITY -2.9171093 4.4853873 8.218404

1508955871911 LINEAR_ACCELERATION 2.336087 1.0666947 0.22376013

1508955871913 ROTATION_VECTOR 0.15955567 0.23562685 0.37238324

1508955872101 ACCELEROMETER -0.42260742 6.9518127 6.4432526

1508955872107 GRAVITY -2.4390693 4.793299 8.200342

1508955872109 LINEAR_ACCELERATION 1.5795021 1.5910292 -1.5598683

1508955872111 ROTATION_VECTOR 0.18706276 0.21657895 0.36223978

1508955872114 GYROSCOPE -0.17422485 -0.10282898 0.05079651

1508955872116 MAGNETIC_FIELD 19.93103 -19.573975 -47.555542

1508955872301 ACCELEROMETER -0.21069336 7.0041504 9.372482

1508955872308 GRAVITY -2.059572 5.0506845 8.149794

1508955872310 LINEAR_ACCELERATION 1.9274888 3.6111298 1.9995856

1508955872312 ROTATION_VECTOR 0.20492102 0.20611537 0.37358338

1508955872314 GYROSCOPE 0.25408936 0.0061187744 0.25587463

1508955872317 MAGNETIC_FIELD 19.677734 -21.963501 -46.139526

1508955872503 ACCELEROMETER -0.09239197 3.9360962 6.1675415

1508955872509 GRAVITY -1.6100224 5.7793026 7.75744

1508955872511 LINEAR_ACCELERATION 1.2338653 -0.7314329 -0.17196131

1508955872513 ROTATION_VECTOR 0.24575588 0.20996352 0.39906606

1508955872516 GYROSCOPE 0.56170654 -0.18400574 0.22703552

1508955872518 MAGNETIC_FIELD 19.598389 -25.187683 -43.43872

1508955872704 ACCELEROMETER 0.76042175 5.94046 6.1192627

1508955872714 GRAVITY -1.2746861 5.294916 8.155332

1508955872724 LINEAR_ACCELERATION 1.5650822 -0.29049778 -1.8916259

1508955872727 ROTATION_VECTOR 0.22494866 0.183281 0.41404396

1508955872729 GYROSCOPE -1.1974792 -0.23207092 -0.36576843

1508955872731 MAGNETIC_FIELD 16.444397 -26.222229 -43.29834

1508955872893 ACCELEROMETER 1.1915588 5.9710693 8.290451

1508955872898 GYROSCOPE 0.30429077 0.030685425 0.1832428

1508955872900 MAGNETIC_FIELD 14.710999 -21.586609 -47.021484

1508955872902 GRAVITY -1.0713046 4.6547904 8.56479

1508955872904 LINEAR_ACCELERATION 1.9752963 3.0443983 0.4965353

1508955872906 ROTATION_VECTOR 0.2027453 0.14903559 0.38372055

1508955873098 ACCELEROMETER 0.88256836 4.803772 5.3334503

1508955873101 GRAVITY -1.0868704 4.958831 8.390417

1508955873103 LINEAR_ACCELERATION 2.3442633 -0.016217709 -1.5361686

1508955873106 ROTATION_VECTOR 0.22096106 0.15291828 0.36585772

1508955873108 GYROSCOPE 0.027648926 0.013595581 -0.4063568

1508955873110 MAGNETIC_FIELD 13.243103 -22.65625 -45.47882

1508955873305 ACCELEROMETER -0.560379 7.412369 10.795319

1508955873311 GRAVITY -1.4035558 4.0531287 8.818875

1508955873314 LINEAR_ACCELERATION 1.2806839 2.874387 -0.25043917

1508955873316 ROTATION_VECTOR 0.17290096 0.14306554 0.3413602

1508955873318 GYROSCOPE -1.1045532 -0.077194214 -0.5174408

1508955873320 MAGNETIC_FIELD 15.206909 -22.424316 -45.78705

1508955873496 ACCELEROMETER -0.35154724 6.2655487 8.611938

1508955873496 GYROSCOPE 0.23699951 0.042434692 0.09992981

1508955873497 GRAVITY -1.4682307 3.3791208 9.088246

1508955873497 LINEAR_ACCELERATION 0.59415424 4.383763 3.1004314

1508955873497 ROTATION_VECTOR 0.14226216 0.1280229 0.31142828

1508955873498 MAGNETIC_FIELD 16.74347 -20.0943 -46.928406

1508955873697 ROTATION_VECTOR 0.19153175 0.12046428 0.3114049

1508955873697 LINEAR_ACCELERATION 1.2119141 0.94448113 -2.9751396

1508955873698 GRAVITY -1.0108342 4.2028713 8.802526

1508955873698 ACCELEROMETER 0.32878113 5.0902405 4.7881165

1508955873698 GYROSCOPE 0.54141235 -0.46705627 -0.023971558

1508955873699 MAGNETIC_FIELD 17.692566 -25.117493 -44.12079

1508955873897 LINEAR_ACCELERATION 0.6974561 2.1914985 -1.1022768

1508955873898 GRAVITY -0.6384418 4.2827315 8.79892

1508955873898 ROTATION_VECTOR 0.2040064 0.09879949 0.29063874

1508955873898 ACCELEROMETER 0.12478638 6.648651 10.433884

1508955873899 GYROSCOPE -0.5160217 -0.20429993 -0.6018219

1508955873899 MAGNETIC_FIELD 15.008545 -23.097229 -44.384766

1508955874098 GRAVITY -0.47548676 4.180161 8.858361

1508955874098 ROTATION_VECTOR 0.20476405 0.08013105 0.2505544

1508955874099 LINEAR_ACCELERATION 1.0970166 2.18448 3.3420086

1508955874099 ACCELEROMETER 0.72724915 4.9498596 7.7585144

1508955874099 GYROSCOPE 0.45062256 -0.3282013 -0.2995453

1508955874100 MAGNETIC_FIELD 13.725281 -19.418335 -47.250366

1508955874299 GRAVITY -0.6323855 4.6272397 8.623174

1508955874299 LINEAR_ACCELERATION 0.77848893 0.15629005 -2.5637016

1508955874300 ROTATION_VECTOR 0.22988242 0.08657119 0.2156455

1508955874300 ACCELEROMETER 0.0977478 5.7611694 5.6618347

1508955874300 GYROSCOPE 0.032989502 0.19303894 -0.44267273

1508955874301 MAGNETIC_FIELD 10.400391 -20.50476 -46.5683

1508955874499 GRAVITY -1.3207037 4.9913006 8.337449

1508955874500 LINEAR_ACCELERATION 1.2704566 3.2375326 -1.5321746

1508955874500 ROTATION_VECTOR 0.24450019 0.12299627 0.19806609

1508955874500 ACCELEROMETER 0.14323425 8.513901 7.1378784

1508955874501 GYROSCOPE 0.2562256 0.27207947 -0.3561554

1508955874501 MAGNETIC_FIELD 9.466553 -20.758057 -45.11566

1508955874709 ACCELEROMETER -0.024978638 6.360855 8.067841

1508955874715 GYROSCOPE 0.65356445 -0.48094177 0.15760803

1508955874717 MAGNETIC_FIELD 11.152649 -22.845459 -45.05005

1508955874720 GRAVITY -1.1844705 5.7480407 7.8566813

1508955874722 LINEAR_ACCELERATION 0.8827176 2.4804268 1.9511318

1508955874724 ROTATION_VECTOR 0.28681174 0.13099527 0.21192448

1508955874912 ACCELEROMETER 0.6864166 6.259613 4.8422394

1508955874918 GRAVITY -0.66408193 6.5088162 7.3051143

1508955874920 LINEAR_ACCELERATION 1.0652128 -0.45866776 -2.0255218

1508955874923 ROTATION_VECTOR 0.34001634 0.109232485 0.19395104

1508955874925 GYROSCOPE 0.33206177 -0.36238098 -0.4202423

1508955874927 MAGNETIC_FIELD 8.921814 -27.71759 -44.456482

1508955875111 ACCELEROMETER 1.3201294 7.396118 6.75383

1508955875118 GRAVITY -0.29460436 6.8038516 7.056288

1508955875120 LINEAR_ACCELERATION 1.3146007 1.0667753 -1.1856208

1508955875122 ROTATION_VECTOR 0.36611548 0.07866955 0.1553965

1508955875125 GYROSCOPE 0.050079346 -0.5610504 -0.13505554

1508955875127 MAGNETIC_FIELD 7.9849243 -26.461792 -45.655823

1508955875313 ACCELEROMETER 0.73114014 5.790039 6.596405

1508955875319 GRAVITY 0.4907151 6.9750824 6.8758864

1508955875321 LINEAR_ACCELERATION 0.8885933 -0.11436939 1.987781

1508955875324 ROTATION_VECTOR 0.38603002 0.02020379 0.112719364

1508955875326 GYROSCOPE 0.29360962 -0.7084503 -0.05708313

1508955875328 MAGNETIC_FIELD 2.5238037 -23.236084 -46.928406

1508955875513 ACCELEROMETER 1.3429108 7.4004974 6.3691254

1508955875519 GRAVITY 1.44544 6.760668 6.9551744

1508955875522 LINEAR_ACCELERATION -0.42647827 -0.040040016 -1.469058

1508955875524 ROTATION_VECTOR 0.37677652 -0.058516912 0.05225172

1508955875527 GYROSCOPE -0.6548767 -0.6144562 0.098861694

1508955875529 MAGNETIC_FIELD -1.5991211 -27.030945 -46.894836

1508955875714 ACCELEROMETER 0.2982025 8.286087 5.921219

1508955875720 GRAVITY 1.1342727 6.1641827 7.5423245

1508955875723 LINEAR_ACCELERATION 0.07299459 2.7367554 -0.3660779

1508955875725 ROTATION_VECTOR 0.33363435 -0.06431627 -0.007960395

1508955875727 GYROSCOPE -0.37823486 0.64805603 -0.5110321

1508955875730 MAGNETIC_FIELD -2.670288 -22.549438 -50.48523

1508955875901 ACCELEROMETER -0.30892944 5.91481 7.4239044

1508955875902 GYROSCOPE 0.26049805 0.3308258 0.32209778

1508955875903 MAGNETIC_FIELD 0.0076293945 -19.160461 -52.053833

1508955875903 GRAVITY 0.21693455 6.1421113 7.641845

1508955875904 LINEAR_ACCELERATION -0.88903886 1.2115259 -0.16249847

1508955875905 ROTATION_VECTOR 0.33210915 -0.008822853 0.00824786

1508955876109 ACCELEROMETER 0.5406189 5.4389954 6.53421

1508955876116 GYROSCOPE 0.074645996 -0.020584106 -0.68193054

1508955876120 GRAVITY -0.19102924 6.3678074 7.4555297

1508955876123 LINEAR_ACCELERATION 0.8054553 -0.7704406 0.25587893

1508955876129 ROTATION_VECTOR 0.3454125 0.023748318 0.036255408

1508955876132 MAGNETIC_FIELD -1.6403198 -24.446106 -48.77472

1508955876303 GRAVITY -0.83398527 6.431268 7.356198

1508955876303 LINEAR_ACCELERATION 1.3009963 1.4732056 -0.9824619

1508955876304 ROTATION_VECTOR 0.35076195 0.04363886 -0.0048468956

1508955876304 ACCELEROMETER 1.1136932 8.386993 6.2379456

1508955876305 GYROSCOPE 0.0041503906 -0.087875366 -0.5740509

1508955876305 MAGNETIC_FIELD -2.9754639 -22.225952 -50.117493

1508955876510 ACCELEROMETER 0.41357422 6.4612274 6.2309113

1508955876525 GYROSCOPE 0.5852051 -0.60484314 -0.41810608

1508955876534 GRAVITY -0.8911897 6.7908883 7.018548

1508955876538 LINEAR_ACCELERATION 1.5988777 0.9517827 -0.5887933

1508955876540 ROTATION_VECTOR 0.37602237 0.027583586 -0.053007443

1508955876543 MAGNETIC_FIELD -4.312134 -22.888184 -50.6958

1508955876705 GRAVITY -0.42460135 6.6530895 7.192114

1508955876706 LINEAR_ACCELERATION 0.68658644 -0.2405324 0.49903107

1508955876706 ROTATION_VECTOR 0.36423665 -0.025217095 -0.1233209

1508955876706 ACCELEROMETER -0.7170868 6.7989655 7.068939

1508955876707 GYROSCOPE -0.6463318 -0.62086487 -0.24507141

1508955876707 MAGNETIC_FIELD -4.9468994 -25.787354 -48.931885

1508955876905 GRAVITY 0.096277006 6.525317 7.3199286

1508955876906 LINEAR_ACCELERATION -0.57734185 1.9865375 -1.6293011

1508955876906 ROTATION_VECTOR 0.34764597 -0.07700513 -0.1886068

1508955876907 ACCELEROMETER -0.25564575 7.4974365 6.1399994

1508955876907 GYROSCOPE 0.34381104 -0.38908386 -0.049606323

1508955876907 MAGNETIC_FIELD -7.8170776 -27.035522 -47.16034

1508955877109 GRAVITY 0.88050747 6.98236 6.8294764

1508955877112 LINEAR_ACCELERATION -1.1185831 -0.11637926 1.8292255

1508955877116 ROTATION_VECTOR 0.34979075 -0.17158104 -0.29895708

1508955877120 ACCELEROMETER -0.11601257 6.193924 7.45195

1508955877123 GYROSCOPE 0.38119507 -1.4849701 -0.60609436

1508955877125 MAGNETIC_FIELD -12.956238 -30.006409 -45.233154

1508955877318 GRAVITY 1.5151573 7.3415008 6.322741

1508955877324 LINEAR_ACCELERATION -1.4138383 -0.38912058 2.01652

1508955877327 ROTATION_VECTOR 0.2955842 -0.30043286 -0.50453997

1508955877334 ACCELEROMETER 0.6305847 7.033905 7.9110565

1508955877350 GYROSCOPE 0.18145752 -1.7722931 -1.3366852

1508955877353 MAGNETIC_FIELD -19.950867 -33.929443 -39.55841

1508955877506 ACCELEROMETER 0.6666565 6.9501038 5.8337708

1508955877506 GRAVITY 1.9513625 8.098387 5.1748147

1508955877507 LINEAR_ACCELERATION -1.1033077 -0.45303154 1.7945218

1508955877507 ROTATION_VECTOR 0.21058787 -0.4379619 -0.6770214

1508955877507 GYROSCOPE 0.90670776 -2.1002045 -0.7705841

1508955877508 MAGNETIC_FIELD -24.80011 -40.65399 -26.885986

1508955877703 ACCELEROMETER 0.6961212 6.5976563 6.1424255

1508955877723 GYROSCOPE 1.2068481 -2.4932709 -0.47151184

1508955877734 MAGNETIC_FIELD -26.376343 -46.961975 -6.7703247

1508955877736 GRAVITY 2.2416954 9.147502 2.7328382

1508955877739 LINEAR_ACCELERATION -1.5160255 -1.9817314 2.7797396

1508955877741 ROTATION_VECTOR 0.068118416 -0.5966774 -0.75000674

1508955877911 GRAVITY 1.1354493 9.682415 -1.0639449

1508955877916 LINEAR_ACCELERATION -0.7593466 -3.2467127 5.162829

1508955877919 ROTATION_VECTOR 0.11080336 0.73618525 0.6672921

1508955877921 ACCELEROMETER -1.4950867 6.1236877 0.75305176

1508955877924 GYROSCOPE 2.2600098 -2.569107 -0.16282654

1508955877933 MAGNETIC_FIELD -16.345215 -43.954468 14.633179

1508955878129 ACCELEROMETER -3.9351501 8.655197 -13.024719

1508955878132 GRAVITY -0.5736846 7.139913 -6.697978

1508955878135 LINEAR_ACCELERATION -0.6459258 4.472056 2.4005451

1508955878137 ROTATION_VECTOR 0.23227726 0.88743967 0.37583324

1508955878140 GYROSCOPE 4.348175 -0.27693176 0.4577484

1508955878142 MAGNETIC_FIELD -4.5196533 -30.015564 34.243774

1508955878313 ACCELEROMETER -4.778824 -3.8318634 -11.54216

1508955878318 GRAVITY -1.6209031 3.7745104 -8.904838

1508955878320 ROTATION_VECTOR 0.29813266 0.93012756 0.16180071

1508955878323 LINEAR_ACCELERATION -5.809856 -5.5754848 -10.874058

1508955878328 GYROSCOPE -0.6826477 -1.0278168 0.03477478

1508955878335 MAGNETIC_FIELD -2.0111084 -10.942078 40.34424

1508955878508 ACCELEROMETER -1.6799469 6.0028534 -8.370804

1508955878511 GYROSCOPE 0.2637024 0.046707153 0.18965149

1508955878511 MAGNETIC_FIELD -0.7110596 -14.111328 38.604736

1508955878512 GRAVITY -2.44056 4.1600037 -8.538643

1508955878513 LINEAR_ACCELERATION 0.18573213 -2.3649986 4.104252

1508955878513 ROTATION_VECTOR 0.28623536 0.9238068 0.17140445

1508955878708 ACCELEROMETER -1.7189789 6.033264 -7.249359

1508955878710 GYROSCOPE 0.41644287 0.47181702 -0.4469452

1508955878711 MAGNETIC_FIELD 0.2822876 -11.096191 39.891052

1508955878712 LINEAR_ACCELERATION 0.10735786 4.0096517 -0.50664425

1508955878713 GRAVITY -2.0584803 3.687382 -8.850778

1508955878714 ROTATION_VECTOR 0.26857314 0.93762064 0.15567596

1508955878924 ACCELEROMETER 0.24986267 4.515991 -8.632095

1508955878928 GRAVITY -1.598786 3.2295146 -9.120554

1508955878931 LINEAR_ACCELERATION 0.70746684 1.2159994 0.51128674

1508955878934 ROTATION_VECTOR 0.19950604 0.9618816 0.14727178

1508955878936 GYROSCOPE 0.05114746 0.19303894 -0.056015015

1508955878940 MAGNETIC_FIELD -1.7547607 -8.735657 40.87677

1508955879112 GYROSCOPE 0.53500366 0.16099548 -0.0901947

1508955879113 GRAVITY -1.2336308 2.7456276 -9.333278

1508955879113 LINEAR_ACCELERATION 1.3914281 1.6772485 -0.37300777

1508955879113 ROTATION_VECTOR 0.15671715 0.97534835 0.12981305

