1 2 2 2.2679519875 0.53774341469 2.33083122462 1.8095551 0.7303773000000002 195.0 1.4443664499999997 488.5 488.5021416067943 0.36518865 97.5 97.5006523197 1
1 1 1 2.1822872125 0.219475265213 2.193295892 0.7450714 0 0 0.6943663999999998 395.0 395.00061030927213 0.0 0.0 0.0 1
1 1 1 1.8871002 0.25556620214 1.90432698046 0.6326905 0 0 0.5853576999999999 656.0 656.0002611612567 0.0 0.0 0.0 1
1 2 2 2.2679519875 0.53774341469 2.33083122462 1.8095551 0.7303773000000002 195.0 1.4443664499999997 488.5 488.5021416067943 0.36518865 97.5 97.5006523197 2
1 1 1 2.1822872125 0.219475265213 2.193295892 0.7450714 0 0 0.6943663999999998 395.0 395.00061030927213 0.0 0.0 0.0 2
1 1 1 1.8871002 0.25556620214 1.90432698046 0.6326905 0 0 0.5853576999999999 656.0 656.0002611612567 0.0 0.0 0.0 2
1 2 2 3.6921081625 0.669481250006 3.7523149958 2.094696 1.5151976999999999 195.0 1.33709715 488.5 488.50294871462376 0.75759885 97.5 97.4973378197 1
1 1 1 3.86038207143 0.468992703892 3.88876637171 1.6173096 0 0 1.3396149 396.0 396.00226586230576 0.0 0.0 0.0 1
1 2 2 3.78450884286 0.510372395102 3.81876775457 1.6173096 0.5836182000000001 133.0 1.3255004999999995 443.5 443.5019907628464 0.2918091 66.5 66.500573633 1
1 2 2 3.6921081625 0.669481250006 3.7523149958 2.094696 1.5151976999999999 195.0 1.33709715 488.5 488.50294871462376 0.75759885 97.5 97.4973378197 2
1 1 1 3.86038207143 0.468992703892 3.88876637171 1.6173096 0 0 1.3396149 396.0 396.00226586230576 0.0 0.0 0.0 2
1 2 2 3.78450884286 0.510372395102 3.81876775457 1.6173096 0.5836182000000001 133.0 1.3255004999999995 443.5 443.5019907628464 0.2918091 66.5 66.500573633 2
0 0 0 3.6231517875 2.09264307302 4.18406308584 6.3763582 1
1 1 1 3.893913275 1.36536430837 4.12635193455 4.1187744 0 0 4.1187743999999995 397.0 397.0213650454571 0.0 0.0 0.0 1
1 1 1 3.81366622857 1.57206145541 4.12497603903 4.7085571 0 0 3.8540954000000003 582.0 582.0127610726008 0.0 0.0 0.0 1
0 0 0 4.05480742857 2.60887249743 4.82158469703 7.3309633 1
0 1 0 4.3355007625 2.28097732597 4.89892074066 7.3309633 1
1 1 1 3.84874344125 1.86455515199 4.27660987131 5.48887637 0 0 2.4125062 395.0 395.00736725555515 0.0 0.0 0.0 1
0 0 0 3.76539829 1.76580644255 4.15888166156 5.43351737 1
1 1 1 4.57823834286 1.30902802981 4.76170355092 3.9035797 0 0 1.4134214999999997 449.0 449.0022246719237 0.0 0.0 0.0 1
0 0 0 5.03516195 1.73532242349 5.32580508245 5.6341858 1
1 1 1 4.7806262875 2.11224097432 5.22646626645 6.0385132 0 0 6.0385132 394.0 394.04627093993236 0.0 0.0 0.0 1
1 2 2 4.1464473 2.40547089343 4.79367452283 6.5425415 0.5040282999999999 258.0 6.29052735 523.0 523.0395479591533 0.25201415 129.0 128.993277019 1
0 0 0 4.0240631 2.19982729288 4.58610117107 6.2831725 1
1 1 1 4.256958025 1.81074163708 4.62606494797 4.9167786 0 0 4.674759 382.0 382.0286028188309 0.0 0.0 0.0 1
1 1 1 4.93760031429 2.05237493562 5.3471618397 6.1841583 0 0 4.6269227 591.0 591.0181117475773 0.0 0.0 0.0 1
1 1 1 4.60054234286 2.05996685919 5.04067984595 6.0230713 0 0 4.0278321 392.0 392.0206926061758 0.0 0.0 0.0 1
1 1 1 3.68966860375 1.79085100186 4.10131707094 5.35032647 0 0 4.0278321 392.0 392.0206926061758 0.0 0.0 0.0 1
0 0 0 3.60115049 1.90071742766 4.07197882993 5.35032647 1
1 1 1 4.32630265714 2.14877769425 4.83054243957 5.7835693 0 0 5.5648651 395.0 395.0391977052166 0.0 0.0 0.0 1
0 0 0 5.0493488125 2.18613358565 5.50228166169 5.7835693 1
1 1 1 5.5532874875 1.71392201879 5.81175796169 5.4057159 0 0 5.405715900000001 391.0 391.03736619969135 0.0 0.0 0.0 1
0 0 0 5.03558783571 2.45774603325 5.60336152815 7.53175355 1
1 1 1 4.51741679286 2.77521761294 5.30178151941 7.53175355 0 0 5.1513518 400.0 400.03316915646803 0.0 0.0 0.0 1
1 1 1 4.9836216 2.15470015524 5.42947667929 5.7610474 0 0 5.1513518 400.0 400.03316915646803 0.0 0.0 0.0 1
1 0 0 4.848773975 1.81567654555 5.17757572409 5.4963684 1
1 1 1 5.2404724 1.66834646446 5.49963006944 4.3590698 0 0 4.087616000000001 391.0 391.0213659182366 0.0 0.0 0.0 1
0 0 0 3.6231517875 2.09264307302 4.18406308584 6.3763582 2
1 1 1 3.893913275 1.36536430837 4.12635193455 4.1187744 0 0 4.1187743999999995 397.0 397.0213650454571 0.0 0.0 0.0 2
1 1 1 3.81366622857 1.57206145541 4.12497603903 4.7085571 0 0 3.8540954000000003 582.0 582.0127610726008 0.0 0.0 0.0 2
0 0 0 4.05480742857 2.60887249743 4.82158469703 7.3309633 2
0 1 0 4.3355007625 2.28097732597 4.89892074066 7.3309633 2
1 1 1 3.84874344125 1.86455515199 4.27660987131 5.48887637 0 0 2.4125062 395.0 395.00736725555515 0.0 0.0 0.0 2
0 0 0 3.76539829 1.76580644255 4.15888166156 5.43351737 2
1 1 1 4.57823834286 1.30902802981 4.76170355092 3.9035797 0 0 1.4134214999999997 449.0 449.0022246719237 0.0 0.0 0.0 2
0 0 0 5.03516195 1.73532242349 5.32580508245 5.6341858 2
1 1 1 4.7806262875 2.11224097432 5.22646626645 6.0385132 0 0 6.0385132 394.0 394.04627093993236 0.0 0.0 0.0 2
1 2 2 4.1464473 2.40547089343 4.79367452283 6.5425415 0.5040282999999999 258.0 6.29052735 523.0 523.0395479591533 0.25201415 129.0 128.993277019 2
0 0 0 4.0240631 2.19982729288 4.58610117107 6.2831725 2
1 1 1 4.256958025 1.81074163708 4.62606494797 4.9167786 0 0 4.674759 382.0 382.0286028188309 0.0 0.0 0.0 2
1 1 1 4.93760031429 2.05237493562 5.3471618397 6.1841583 0 0 4.6269227 591.0 591.0181117475773 0.0 0.0 0.0 2
1 1 1 4.60054234286 2.05996685919 5.04067984595 6.0230713 0 0 4.0278321 392.0 392.0206926061758 0.0 0.0 0.0 2
1 1 1 3.68966860375 1.79085100186 4.10131707094 5.35032647 0 0 4.0278321 392.0 392.0206926061758 0.0 0.0 0.0 2
0 0 0 3.60115049 1.90071742766 4.07197882993 5.35032647 2
1 1 1 4.32630265714 2.14877769425 4.83054243957 5.7835693 0 0 5.5648651 395.0 395.0391977052166 0.0 0.0 0.0 2
0 0 0 5.0493488125 2.18613358565 5.50228166169 5.7835693 2
1 1 1 5.5532874875 1.71392201879 5.81175796169 5.4057159 0 0 5.405715900000001 391.0 391.03736619969135 0.0 0.0 0.0 2
0 0 0 5.03558783571 2.45774603325 5.60336152815 7.53175355 2
1 1 1 4.51741679286 2.77521761294 5.30178151941 7.53175355 0 0 5.1513518 400.0 400.03316915646803 0.0 0.0 0.0 2
1 1 1 4.9836216 2.15470015524 5.42947667929 5.7610474 0 0 5.1513518 400.0 400.03316915646803 0.0 0.0 0.0 2
1 0 0 4.848773975 1.81567654555 5.17757572409 5.4963684 2
1 1 1 5.2404724 1.66834646446 5.49963006944 4.3590698 0 0 4.087616000000001 391.0 391.0213659182366 0.0 0.0 0.0 2
1 1 1 4.176111225 1.64720397451 4.48922998934 4.7021332 0 0 4.3365936 391.0 391.02404791016573 0.0 0.0 0.0 1
1 2 2 4.0285601 1.63713964593 4.34850810044 4.5613859 1.4718323 202.0 3.6006774499999996 492.0 492.0154838241483 0.73591615 101.0 100.991435914 1
0 0 0 4.0923963 1.90447876277 4.5138394781 5.3070982 1
0 0 0 4.3526000875 2.04159479055 4.80762278164 6.1631775 1
1 1 1 4.323205925 1.78180944048 4.67599768522 5.3074799 0 0 3.8049621 790.0 790.0091630712789 0.0 0.0 0.0 1
1 1 1 3.9273967875 1.31447959799 4.14153379076 4.0297546 0 0 0.4102477000000002 395.0 395.00021304193666 0.0 0.0 0.0 1
1 1 1 2.92896166714 1.19777554278 3.1644087439 4.37959303 0 0 4.37959303 393.0 393.0244023405015 0.0 0.0 0.0 1
1 2 1 3.12601583143 1.90416694393 3.66030418527 5.53886403 0 0 5.53886403 674.0 674.0227585287776 0.0 0.0 0.0 1
1 1 1 3.95381739375 1.72975142733 4.31563575658 5.26797475 0 0 4.19767775 396.0 396.02224747922037 0.0 0.0 0.0 1
1 1 1 3.1697197 1.41992899513 3.47322923629 3.5480501 0 0 3.2476197000000004 583.0 583.0090454132901 0.0 0.0 0.0 1
2 1 2 3.04886737143 1.05921371175 3.22761923649 3.3188021 1.34433 306.0 2.6466371 549.0 549.0063836863229 0.672165 153.0 153.001461318 1
1 1 1 3.9695457 1.06159568645 4.109048365 3.4544678 0 0 2.8176423999999995 384.0 384.01033724197356 0.0 0.0 0.0 1
0 0 0 3.561645575 1.32971350175 3.80177027168 3.8979187 1
1 1 1 3.53972245 1.40526933132 3.80846647833 4.4329223 0 0 2.9292604 390.0 390.0110005711262 0.0 0.0 0.0 1
1 0 0 3.96815492857 1.43486784558 4.21960890029 4.0783694 1
1 1 1 3.62168452857 1.38567039988 3.87771598774 3.8033755 0 0 3.250702 389.0 389.01358210670844 0.0 0.0 0.0 1
1 1 1 3.9534759375 1.50009282855 4.22850452083 4.8435975 0 0 2.0307767999999995 371.0 371.00555798318095 0.0 0.0 0.0 1
0 0 0 3.70717074714 1.71370247564 4.08410224205 6.28475957 1
1 1 1 2.36952211857 1.06831889788 2.59921917851 3.13464357 0 0 2.2249756 773.0 773.0032021385297 0.0 0.0 0.0 1
2 1 2 2.33408902143 1.21006201751 2.62911042868 3.70935055 0.8019561 291.0 1.95368195 544.5 544.5035194199364 0.40097805 145.5 145.500498267 1
1 1 1 2.84977503571 1.1590111886 3.07644676364 3.70935055 0 0 3.56210325 594.0 594.0106805265067 0.0 0.0 0.0 1
1 2 2 2.9151153625 0.636076616996 2.98370424797 1.9108581 0.9092407 15.0 1.4562377499999997 386.5 386.50304511676313 0.45462035 7.5 7.49822802511 1
1 2 2 1.756702425 1.38521155826 2.23714426695 4.83844 3.0039063000000006 211.0 3.33648685 488.5 488.51669685535234 1.50195315 105.5 105.486136062 1
1 0 0 1.47471617143 1.51104569631 2.11140874362 5.3582916 1
1 1 1 2.623336775 1.30320950889 2.92920652381 3.4775085 0 0 3.4775085 412.0 412.01467578882136 0.0 0.0 0.0 1
1 1 1 4.176111225 1.64720397451 4.48922998934 4.7021332 0 0 4.3365936 391.0 391.02404791016573 0.0 0.0 0.0 2
1 2 2 4.0285601 1.63713964593 4.34850810044 4.5613859 1.4718323 202.0 3.6006774499999996 492.0 492.0154838241483 0.73591615 101.0 100.991435914 2
0 0 0 4.0923963 1.90447876277 4.5138394781 5.3070982 2
0 0 0 4.3526000875 2.04159479055 4.80762278164 6.1631775 2
1 1 1 4.323205925 1.78180944048 4.67599768522 5.3074799 0 0 3.8049621 790.0 790.0091630712789 0.0 0.0 0.0 2
1 1 1 3.9273967875 1.31447959799 4.14153379076 4.0297546 0 0 0.4102477000000002 395.0 395.00021304193666 0.0 0.0 0.0 2
1 1 1 2.92896166714 1.19777554278 3.1644087439 4.37959303 0 0 4.37959303 393.0 393.0244023405015 0.0 0.0 0.0 2
1 2 1 3.12601583143 1.90416694393 3.66030418527 5.53886403 0 0 5.53886403 674.0 674.0227585287776 0.0 0.0 0.0 2
1 1 1 3.95381739375 1.72975142733 4.31563575658 5.26797475 0 0 4.19767775 396.0 396.02224747922037 0.0 0.0 0.0 2
1 1 1 3.1697197 1.41992899513 3.47322923629 3.5480501 0 0 3.2476197000000004 583.0 583.0090454132901 0.0 0.0 0.0 2
2 1 2 3.04886737143 1.05921371175 3.22761923649 3.3188021 1.34433 306.0 2.6466371 549.0 549.0063836863229 0.672165 153.0 153.001461318 2
1 1 1 3.9695457 1.06159568645 4.109048365 3.4544678 0 0 2.8176423999999995 384.0 384.01033724197356 0.0 0.0 0.0 2
0 0 0 3.561645575 1.32971350175 3.80177027168 3.8979187 2
1 1 1 3.53972245 1.40526933132 3.80846647833 4.4329223 0 0 2.9292604 390.0 390.0110005711262 0.0 0.0 0.0 2
1 0 0 3.96815492857 1.43486784558 4.21960890029 4.0783694 2
1 1 1 3.62168452857 1.38567039988 3.87771598774 3.8033755 0 0 3.250702 389.0 389.01358210670844 0.0 0.0 0.0 2
1 1 1 3.9534759375 1.50009282855 4.22850452083 4.8435975 0 0 2.0307767999999995 371.0 371.00555798318095 0.0 0.0 0.0 2
0 0 0 3.70717074714 1.71370247564 4.08410224205 6.28475957 2
1 1 1 2.36952211857 1.06831889788 2.59921917851 3.13464357 0 0 2.2249756 773.0 773.0032021385297 0.0 0.0 0.0 2
2 1 2 2.33408902143 1.21006201751 2.62911042868 3.70935055 0.8019561 291.0 1.95368195 544.5 544.5035194199364 0.40097805 145.5 145.500498267 2
1 1 1 2.84977503571 1.1590111886 3.07644676364 3.70935055 0 0 3.56210325 594.0 594.0106805265067 0.0 0.0 0.0 2
1 2 2 2.9151153625 0.636076616996 2.98370424797 1.9108581 0.9092407 15.0 1.4562377499999997 386.5 386.50304511676313 0.45462035 7.5 7.49822802511 2
1 2 2 1.756702425 1.38521155826 2.23714426695 4.83844 3.0039063000000006 211.0 3.33648685 488.5 488.51669685535234 1.50195315 105.5 105.486136062 2
1 0 0 1.47471617143 1.51104569631 2.11140874362 5.3582916 2
1 1 1 2.623336775 1.30320950889 2.92920652381 3.4775085 0 0 3.4775085 412.0 412.01467578882136 0.0 0.0 0.0 2
1 0 0 5.6923332125 0.334239244178 5.70213760571 1.0248565 1
1 1 1 5.0590610875 0.387366924267 5.07386955105 1.002121 0 0 0.9739684999999998 1044.0 1044.000454317257 0.0 0.0 0.0 1
1 1 1 4.68719921429 0.0591974942742 4.68757301999 0.2043 0 0 0.10020450000000025 396.0 396.00001267795665 0.0 0.0 0.0 1
1 1 1 4.71288848571 0.0810213689721 4.71358487152 0.2597656 0 0 0.12496950000000062 397.0 397.0000196692387 0.0 0.0 0.0 1
0 0 0 4.7185173625 0.096134301917 4.71949657318 0.2836303 1
1 0 0 4.5912018 0.127310268967 4.59296656562 0.402634 1
1 1 1 4.45973642857 0.0607665432445 4.46015039938 0.154373 0 0 0.15437300000000054 661.0 661.0000180264923 0.0 0.0 0.0 1
0 0 0 4.40180098571 0.0225054684255 4.40185851817 0.0626525 1
1 1 1 4.3776702625 0.0285937730603 4.37776364495 0.106903 0 0 0.03222660000000044 387.0 387.0000013418007 0.0 0.0 0.0 1
1 0 0 4.34849984286 0.0315796106857 4.34861450983 0.098938 1
2 1 1 4.29204015714 0.0489977905758 4.29231982662 0.1596375 0 0 0.07733159999999994 387.0 387.000007726326 0.0 0.0 0.0 1
1 0 0 5.6923332125 0.334239244178 5.70213760571 1.0248565 2
1 1 1 5.0590610875 0.387366924267 5.07386955105 1.002121 0 0 0.9739684999999998 1044.0 1044.000454317257 0.0 0.0 0.0 2
1 1 1 4.68719921429 0.0591974942742 4.68757301999 0.2043 0 0 0.10020450000000025 396.0 396.00001267795665 0.0 0.0 0.0 2
1 1 1 4.71288848571 0.0810213689721 4.71358487152 0.2597656 0 0 0.12496950000000062 397.0 397.0000196692387 0.0 0.0 0.0 2
0 0 0 4.7185173625 0.096134301917 4.71949657318 0.2836303 2
1 0 0 4.5912018 0.127310268967 4.59296656562 0.402634 2
1 1 1 4.45973642857 0.0607665432445 4.46015039938 0.154373 0 0 0.15437300000000054 661.0 661.0000180264923 0.0 0.0 0.0 2
0 0 0 4.40180098571 0.0225054684255 4.40185851817 0.0626525 2
1 1 1 4.3776702625 0.0285937730603 4.37776364495 0.106903 0 0 0.03222660000000044 387.0 387.0000013418007 0.0 0.0 0.0 2
1 0 0 4.34849984286 0.0315796106857 4.34861450983 0.098938 2
2 1 1 4.29204015714 0.0489977905758 4.29231982662 0.1596375 0 0 0.07733159999999994 387.0 387.000007726326 0.0 0.0 0.0 2
1 0 0 7.9222545125 0.0414214765661 7.92236279777 0.127594 1
1 1 1 7.8566493625 0.044799476956 7.85677708723 0.1544952 0 0 0.12757869999999993 793.0 793.0000102624998 0.0 0.0 0.0 1
1 0 0 7.78359762857 0.0534362489685 7.78378105269 0.154602 1
1 1 1 7.67523192857 0.0581147180677 7.67545193965 0.1856383 0 0 0.1490632999999999 786.0 786.0000141347756 0.0 0.0 0.0 1
1 0 0 7.62495202857 0.024359795786 7.62499094017 0.0731507 1
1 1 1 7.6083126 0.0171799942726 7.60833199667 0.050125 0 0 0.05012499999999953 403.0 403.00000311726507 0.0 0.0 0.0 1
0 1 0 7.580657975 0.0323028589646 7.5807267995 0.0956879 1
1 1 1 7.537129 0.0130547909048 7.53714030586 0.0448151 0 0 0.012618999999999936 395.0 395.0000002015686 0.0 0.0 0.0 1
0 0 0 7.5266228125 0.0232067951877 7.52665858911 0.063248 1
1 1 1 7.505590475 0.0236012315706 7.50562758179 0.0690004 0 0 0.00866699999999998 385.0 385.0000000975544 0.0 0.0 0.0 1
2 2 2 7.49334931429 0.00588429265161 7.49335162466 0.0152586 0.005401400000000223 63.0 0.011367700000000092 416.5 416.50000015922353 0.0027007 31.5 31.5000000617 1
1 0 0 7.9222545125 0.0414214765661 7.92236279777 0.127594 2
1 1 1 7.8566493625 0.044799476956 7.85677708723 0.1544952 0 0 0.12757869999999993 793.0 793.0000102624998 0.0 0.0 0.0 2
1 0 0 7.78359762857 0.0534362489685 7.78378105269 0.154602 2
1 1 1 7.67523192857 0.0581147180677 7.67545193965 0.1856383 0 0 0.1490632999999999 786.0 786.0000141347756 0.0 0.0 0.0 2
1 0 0 7.62495202857 0.024359795786 7.62499094017 0.0731507 2
1 1 1 7.6083126 0.0171799942726 7.60833199667 0.050125 0 0 0.05012499999999953 403.0 403.00000311726507 0.0 0.0 0.0 2
0 1 0 7.580657975 0.0323028589646 7.5807267995 0.0956879 2
1 1 1 7.537129 0.0130547909048 7.53714030586 0.0448151 0 0 0.012618999999999936 395.0 395.0000002015686 0.0 0.0 0.0 2
0 0 0 7.5266228125 0.0232067951877 7.52665858911 0.063248 2
1 1 1 7.505590475 0.0236012315706 7.50562758179 0.0690004 0 0 0.00866699999999998 385.0 385.0000000975544 0.0 0.0 0.0 2
2 2 2 7.49334931429 0.00588429265161 7.49335162466 0.0152586 0.005401400000000223 63.0 0.011367700000000092 416.5 416.50000015922353 0.0027007 31.5 31.5000000617 2
1 2 2 1.9249973375 0.0776901064585 1.92656442976 0.2258759 0.15951539999999986 241.0 0.141922 661.5 661.5000174960896 0.0797577 120.5 120.500013925 1
2 1 2 2.0145351 0.0384704271636 2.01490239041 0.1192474 0.05708309999999983 178.0 0.09070584999999998 452.0 452.0000115791157 0.02854155 89.0 88.9999919924 1
2 1 2 2.06333705714 0.015796926218 2.06339752696 0.0563355 0.012786900000000045 5.0 0.027984650000000055 390.5 390.50000105805583 0.00639345 2.5 2.49999953505 1
1 1 1 2.080999375 0.0128836707955 2.08103925665 0.0357818 0 0 0.007247900000000307 392.0 392.0000000670052 0.0 0.0 0.0 1
1 2 2 2.07977731429 0.0145327481181 2.07982808852 0.0466918 0.03854369999999996 4.0 0.027419950000000082 395.0 395.00000142865576 0.01927185 2.0 1.99999865496 1
1 1 1 2.08031571429 0.0173925227497 2.08038841829 0.0631866 0 0 0.040512000000000103 545.0 545.0000015057084 0.0 0.0 0.0 1
1 0 0 2.090324375 0.0096805059808 2.09034679059 0.0305176 1
2 1 2 2.09311105 0.0112839678862 2.09314146573 0.037735 0.016906799999999667 408.0 0.029281599999999797 585.0 585.0000010717943 0.0084534 204.0 203.999999203 1
1 1 1 2.09747315714 0.0117155261841 2.09750587567 0.037735 0 0 0.03773499999999963 381.0 381.0000018686748 0.0 0.0 0.0 1
1 1 1 2.07501437143 0.0223304951297 2.07513452399 0.0615845 0 0 0.05857849999999987 586.0 586.0000029278503 0.0 0.0 0.0 1
2 2 2 2.0655918125 0.0256635683716 2.06575123251 0.0886537 0.000900300000000076 19.0 0.021675149999999865 373.5 373.5000006289456 0.00045015 9.5 9.50000001013 1
1 2 2 1.9249973375 0.0776901064585 1.92656442976 0.2258759 0.15951539999999986 241.0 0.141922 661.5 661.5000174960896 0.0797577 120.5 120.500013925 2
2 1 2 2.0145351 0.0384704271636 2.01490239041 0.1192474 0.05708309999999983 178.0 0.09070584999999998 452.0 452.0000115791157 0.02854155 89.0 88.9999919924 2
2 1 2 2.06333705714 0.015796926218 2.06339752696 0.0563355 0.012786900000000045 5.0 0.027984650000000055 390.5 390.50000105805583 0.00639345 2.5 2.49999953505 2
1 1 1 2.080999375 0.0128836707955 2.08103925665 0.0357818 0 0 0.007247900000000307 392.0 392.0000000670052 0.0 0.0 0.0 2
1 2 2 2.07977731429 0.0145327481181 2.07982808852 0.0466918 0.03854369999999996 4.0 0.027419950000000082 395.0 395.00000142865576 0.01927185 2.0 1.99999865496 2
1 1 1 2.08031571429 0.0173925227497 2.08038841829 0.0631866 0 0 0.040512000000000103 545.0 545.0000015057084 0.0 0.0 0.0 2
1 0 0 2.090324375 0.0096805059808 2.09034679059 0.0305176 2
2 1 2 2.09311105 0.0112839678862 2.09314146573 0.037735 0.016906799999999667 408.0 0.029281599999999797 585.0 585.0000010717943 0.0084534 204.0 203.999999203 2
1 1 1 2.09747315714 0.0117155261841 2.09750587567 0.037735 0 0 0.03773499999999963 381.0 381.0000018686748 0.0 0.0 0.0 2
1 1 1 2.07501437143 0.0223304951297 2.07513452399 0.0615845 0 0 0.05857849999999987 586.0 586.0000029278503 0.0 0.0 0.0 2
2 2 2 2.0655918125 0.0256635683716 2.06575123251 0.0886537 0.000900300000000076 19.0 0.021675149999999865 373.5 373.5000006289456 0.00045015 9.5 9.50000001013 2
0 0 0 2.4852943375 0.0832116773541 2.48668697814 0.2208252 1
0 1 0 2.4334586 0.0711595579317 2.43449880686 0.2208252 1
0 1 0 2.44672505714 0.0319238333917 2.44693331262 0.0918732 1
0 1 0 2.4944572625 0.0305321210092 2.49464411186 0.1087647 1
2 2 2 2.53782465 0.0272162834816 2.53797058301 0.079712 0.0009919000000002676 214.0 0.051628150000000206 486.0 486.0000028943999 0.00049595 107.0 106.99999931 1
2 2 2 2.56889345 0.0216710400771 2.56898485621 0.0736999 0.006897100000000211 4.0 0.048675550000000234 381.0 381.0000031273355 0.00344855 2.0 1.99999954301 1
2 1 2 2.57738384286 0.0179898450775 2.57744662563 0.0511628 0.008377100000000137 214.0 0.04103845000000006 490.0 490.00000190381184 0.00418855 107.0 106.999999233 1
1 1 1 2.57147648571 0.015191715115 2.57152135997 0.043396 0 0 0.016098100000000226 477.0 477.00000027164447 0.0 0.0 0.0 1
1 1 1 2.58974561429 0.0260223932288 2.58987635065 0.063736 0 0 0.06292729999999969 397.0 397.0000049872104 0.0 0.0 0.0 1
2 2 2 2.61515045 0.01649788553 2.6152024886 0.0509948 0.01158149999999969 107.0 0.02384194999999978 340.5 340.5000008410059 0.00579075 53.5 53.5000002733 1
1 1 1 2.6031932875 0.0216004163634 2.60328290243 0.0625306 0 0 0.018051199999999934 287.0 287.0000005676756 0.0 0.0 0.0 1
0 0 0 2.4852943375 0.0832116773541 2.48668697814 0.2208252 2
0 1 0 2.4334586 0.0711595579317 2.43449880686 0.2208252 2
0 1 0 2.44672505714 0.0319238333917 2.44693331262 0.0918732 2
0 1 0 2.4944572625 0.0305321210092 2.49464411186 0.1087647 2
2 2 2 2.53782465 0.0272162834816 2.53797058301 0.079712 0.0009919000000002676 214.0 0.051628150000000206 486.0 486.0000028943999 0.00049595 107.0 106.99999931 2
2 2 2 2.56889345 0.0216710400771 2.56898485621 0.0736999 0.006897100000000211 4.0 0.048675550000000234 381.0 381.0000031273355 0.00344855 2.0 1.99999954301 2
2 1 2 2.57738384286 0.0179898450775 2.57744662563 0.0511628 0.008377100000000137 214.0 0.04103845000000006 490.0 490.00000190381184 0.00418855 107.0 106.999999233 2
1 1 1 2.57147648571 0.015191715115 2.57152135997 0.043396 0 0 0.016098100000000226 477.0 477.00000027164447 0.0 0.0 0.0 2
1 1 1 2.58974561429 0.0260223932288 2.58987635065 0.063736 0 0 0.06292729999999969 397.0 397.0000049872104 0.0 0.0 0.0 2
2 2 2 2.61515045 0.01649788553 2.6152024886 0.0509948 0.01158149999999969 107.0 0.02384194999999978 340.5 340.5000008410059 0.00579075 53.5 53.5000002733 2
1 1 1 2.6031932875 0.0216004163634 2.60328290243 0.0625306 0 0 0.018051199999999934 287.0 287.0000005676756 0.0 0.0 0.0 2
1 1 1 2.818298375 0.108076269646 2.82036987124 0.3628082 0 0 0.10684200000000033 783.0 783.000007289408 0.0 0.0 0.0 1
2 1 2 2.81604005714 0.0507905777975 2.81649805365 0.1330719 0.09649650000000021 1.0 0.05773925000000024 392.5 392.5000072033453 0.04824825 0.5 0.500007088449 1
0 0 0 2.88947621429 0.0201809947938 2.88954668858 0.0610963 1
1 1 1 2.9330711375 0.0356100074113 2.9332872976 0.1095582 0 0 0.06074529999999978 396.0 396.0000046590801 0.0 0.0 0.0 1
1 1 1 2.925899525 0.052555584423 2.92637149382 0.1689148 0 0 0.16891480000000003 777.0 777.0000183604951 0.0 0.0 0.0 1
2 1 2 2.947145475 0.0697705852399 2.94797123212 0.1993866 0.07083130000000004 417.0 0.16397094999999995 585.5 585.5000234765164 0.03541565 208.5 208.500001558 1
1 1 1 2.97240558571 0.0564682506776 2.97294191489 0.1791382 0 0 0.06240850000000009 390.0 390.00000499336005 0.0 0.0 0.0 1
1 1 1 2.88878525714 0.0516526899261 2.8892470061 0.1469727 0 0 0.14697269999999962 686.0 686.0000157441503 0.0 0.0 0.0 1
1 2 2 2.8547897625 0.0196632418815 2.85485748001 0.0547486 0.015747100000000014 199.0 0.04687504999999992 481.5 481.50000228525846 0.00787355 99.5 99.5000002943 1
0 1 0 2.9432544875 0.110047948066 2.94531110904 0.2836457 1
1 1 1 3.04090447143 0.0730338387066 3.04178137708 0.2195435 0 0 0.21954350000000034 781.0 781.0000308574567 0.0 0.0 0.0 1
1 1 1 2.818298375 0.108076269646 2.82036987124 0.3628082 0 0 0.10684200000000033 783.0 783.000007289408 0.0 0.0 0.0 2
2 1 2 2.81604005714 0.0507905777975 2.81649805365 0.1330719 0.09649650000000021 1.0 0.05773925000000024 392.5 392.5000072033453 0.04824825 0.5 0.500007088449 2
0 0 0 2.88947621429 0.0201809947938 2.88954668858 0.0610963 2
1 1 1 2.9330711375 0.0356100074113 2.9332872976 0.1095582 0 0 0.06074529999999978 396.0 396.0000046590801 0.0 0.0 0.0 2
1 1 1 2.925899525 0.052555584423 2.92637149382 0.1689148 0 0 0.16891480000000003 777.0 777.0000183604951 0.0 0.0 0.0 2
2 1 2 2.947145475 0.0697705852399 2.94797123212 0.1993866 0.07083130000000004 417.0 0.16397094999999995 585.5 585.5000234765164 0.03541565 208.5 208.500001558 2
1 1 1 2.97240558571 0.0564682506776 2.97294191489 0.1791382 0 0 0.06240850000000009 390.0 390.00000499336005 0.0 0.0 0.0 2
1 1 1 2.88878525714 0.0516526899261 2.8892470061 0.1469727 0 0 0.14697269999999962 686.0 686.0000157441503 0.0 0.0 0.0 2
1 2 2 2.8547897625 0.0196632418815 2.85485748001 0.0547486 0.015747100000000014 199.0 0.04687504999999992 481.5 481.50000228525846 0.00787355 99.5 99.5000002943 2
0 1 0 2.9432544875 0.110047948066 2.94531110904 0.2836457 2
1 1 1 3.04090447143 0.0730338387066 3.04178137708 0.2195435 0 0 0.21954350000000034 781.0 781.0000308574567 0.0 0.0 0.0 2
2 1 2 2.3415184125 0.0292847936722 2.34170153419 0.0906983 0.000625600000000226 85.0 0.09038550000000001 543.5 543.5000075660975 0.0003128 42.5 42.4999993563 1
1 1 1 2.40364074286 0.068061550366 2.40460416605 0.1816558 0 0 0.043075500000000044 402.0 402.0000023078342 0.0 0.0 0.0 1
1 1 1 2.48510307143 0.0493785600219 2.48559359466 0.1382446 0 0 0.13824460000000016 778.0 778.0000122824995 0.0 0.0 0.0 1
1 1 1 2.39443015 0.117682320797 2.39732035236 0.3645783 0 0 0.26838700000000015 377.0 377.00009553258974 0.0 0.0 0.0 1
2 1 2 2.287054025 0.0641671679934 2.28795400712 0.1983338 0.05166639999999978 3.0 0.11880489999999999 392.5 392.5000188606783 0.0258332 1.5 1.49999210853 1
1 2 2 2.29199652857 0.055545251851 2.29266948381 0.1556854 0.02937320000000021 87.0 0.12995149999999978 434.5 434.5000203248169 0.0146866 43.5 43.4999935727 1
1 1 1 2.38809857143 0.0822182279927 2.38951347012 0.2420196 0 0 0.20263669999999978 777.0 777.0000264231863 0.0 0.0 0.0 1
1 0 0 2.4754524375 0.0392203914349 2.47576311658 0.1331787 1
1 1 1 2.46922741429 0.0409074411878 2.46956624576 0.1092987 0 0 0.10929870000000008 781.0 781.000007648019 0.0 0.0 0.0 1
0 1 0 2.51152257143 0.108926171862 2.51388355691 0.3049011 1
1 1 1 2.5680847 0.125924581299 2.57117016678 0.384964 0 0 0.26441959999999964 589.0 589.0000593529044 0.0 0.0 0.0 1
2 1 2 2.3415184125 0.0292847936722 2.34170153419 0.0906983 0.000625600000000226 85.0 0.09038550000000001 543.5 543.5000075660975 0.0003128 42.5 42.4999993563 2
1 1 1 2.40364074286 0.068061550366 2.40460416605 0.1816558 0 0 0.043075500000000044 402.0 402.0000023078342 0.0 0.0 0.0 2
1 1 1 2.48510307143 0.0493785600219 2.48559359466 0.1382446 0 0 0.13824460000000016 778.0 778.0000122824995 0.0 0.0 0.0 2
1 1 1 2.39443015 0.117682320797 2.39732035236 0.3645783 0 0 0.26838700000000015 377.0 377.00009553258974 0.0 0.0 0.0 2
2 1 2 2.287054025 0.0641671679934 2.28795400712 0.1983338 0.05166639999999978 3.0 0.11880489999999999 392.5 392.5000188606783 0.0258332 1.5 1.49999210853 2
1 2 2 2.29199652857 0.055545251851 2.29266948381 0.1556854 0.02937320000000021 87.0 0.12995149999999978 434.5 434.5000203248169 0.0146866 43.5 43.4999935727 2
1 1 1 2.38809857143 0.0822182279927 2.38951347012 0.2420196 0 0 0.20263669999999978 777.0 777.0000264231863 0.0 0.0 0.0 2
1 0 0 2.4754524375 0.0392203914349 2.47576311658 0.1331787 2
1 1 1 2.46922741429 0.0409074411878 2.46956624576 0.1092987 0 0 0.10929870000000008 781.0 781.000007648019 0.0 0.0 0.0 2
0 1 0 2.51152257143 0.108926171862 2.51388355691 0.3049011 2
1 1 1 2.5680847 0.125924581299 2.57117016678 0.384964 0 0 0.26441959999999964 589.0 589.0000593529044 0.0 0.0 0.0 2
1 2 2 2.6468925625 0.536004325973 2.70061860967 1.6821747 0.08863840000000023 1.0 1.6378555 586.5 586.5022884976678 0.0443192 0.5 0.500121814012 1
2 1 2 2.32852824286 0.493251856392 2.38019771692 1.739502 0.6372375999999997 201.0 0.8489990000000001 491.5 491.50099048681733 0.3186188 100.5 100.4992471 1
1 1 1 2.26401625714 0.590787964883 2.33982906044 1.9246216 0 0 1.9246216 583.0 583.0031768080712 0.0 0.0 0.0 1
1 2 2 2.6468925625 0.536004325973 2.70061860967 1.6821747 0.08863840000000023 1.0 1.6378555 586.5 586.5022884976678 0.0443192 0.5 0.500121814012 2
2 1 2 2.32852824286 0.493251856392 2.38019771692 1.739502 0.6372375999999997 201.0 0.8489990000000001 491.5 491.50099048681733 0.3186188 100.5 100.4992471 2
1 1 1 2.26401625714 0.590787964883 2.33982906044 1.9246216 0 0 1.9246216 583.0 583.0031768080712 0.0 0.0 0.0 2
2 1 2 1.2493038225 0.851617019899 1.51195621282 2.69023134 0.9539337000000001 1.0 2.21326449 390.5 390.50655991279086 0.47696685 0.5 0.502694894129 1
1 1 1 1.43466841714 0.577080338189 1.54638131904 1.66743472 0 0 1.38618472 702.0 702.0013685941631 0.0 0.0 0.0 1
1 2 1 1.7504338 0.437386533028 1.80425205209 1.1853333 0 0 0.7505187999999998 387.0 387.0007277492759 0.0 0.0 0.0 1
2 1 2 1.2493038225 0.851617019899 1.51195621282 2.69023134 0.9539337000000001 1.0 2.21326449 390.5 390.50655991279086 0.47696685 0.5 0.502694894129 2
1 1 1 1.43466841714 0.577080338189 1.54638131904 1.66743472 0 0 1.38618472 702.0 702.0013685941631 0.0 0.0 0.0 2
1 2 1 1.7504338 0.437386533028 1.80425205209 1.1853333 0 0 0.7505187999999998 387.0 387.0007277492759 0.0 0.0 0.0 2
1 2 2 2.9197731 0.211914156688 2.92745325587 0.76532 0.32946779999999976 131.0 0.6005861000000001 522.5 522.5004011809631 0.1647339 65.5 65.4997603557 1
2 2 3 2.9548378125 0.406847815332 2.98271548141 1.3567505 0.42710099999999995 30.5 1.0720165 417.3333333333333 417.33482089109657 0.241949406057 28.0515398666 28.0509363603 1
2 1 2 3.08693587143 0.529118608221 3.13195459352 1.7407531 0.3840026000000001 3.0 1.5487518 395.5 395.50308189279036 0.1920013 1.5 1.49923645298 1
1 2 2 3.1965746 0.528202053969 3.23992076804 1.5379486 0.2588805999999999 8.0 1.2615967 391.0 391.0020526898457 0.1294403 4.0 4.00039664931 1
2 2 3 3.3087196 0.502697790919 3.34668947774 1.7658386 0.43989559999999983 27.0 1.4725748666666663 417.0 417.002617686369 0.214071548479 28.3313724812 28.3319221506 1
2 2 2 2.9730567625 0.638326656102 3.04081032505 2.2853241 0.23138430000000088 14.0 1.37654115 392.0 392.0024420180988 0.11569215 7.0 6.99955013257 1
1 2 2 2.16092354286 0.595406983861 2.24145043097 1.874939 0.6684569999999999 6.0 1.5407104999999999 396.0 396.0031482716831 0.3342285 3.0 2.99867578281 1
1 2 2 2.05956595714 0.551532980161 2.13213521148 1.7564087 0.48123169999999993 51.0 1.14227295 421.5 421.50158280977365 0.24061585 25.5 25.5005563142 1
2 2 2 2.5122661625 0.616869909192 2.5868919104 1.9073028 0.45481870000000013 9.0 1.12906645 391.5 391.5017018917939 0.22740935 4.5 4.49932460375 1
1 2 1 2.74086651429 0.637165369098 2.81395255054 1.9073028 0 0 1.9073028 396.0 396.00459316019413 0.0 0.0 0.0 1
1 2 1 2.97937228571 0.427951958245 3.00995051379 1.3272553 0 0 1.3272553 394.0 394.0022355350682 0.0 0.0 0.0 1
2 2 2 3.0995426 0.439640425242 3.13056672708 1.5578155 0.8989562999999996 177.0 1.10833735 483.5 483.5017256634836 0.44947815 88.5 88.4986537905 1
2 2 2 3.1335887875 0.564012272386 3.18394229416 1.5867005 0.3984681000000001 5.0 1.3585814499999997 392.5 392.50239752845505 0.19923405 2.5 2.50067434458 1
2 1 1 2.96409827143 0.542255106911 3.01329042139 1.7961426 0 0 1.4762726000000002 389.0 389.0028012505688 0.0 0.0 0.0 1
2 1 2 2.64995684286 0.452602629823 2.68833041301 1.379837 0.2617644000000001 22.0 0.9836043999999997 390.0 390.0012540028258 0.1308822 11.0 11.0002947228 1
2 2 2 2.577129375 0.443080338965 2.61494091755 1.379837 0.4538878999999998 10.0 1.15289305 394.0 394.0017608203753 0.22694395 5.0 4.99931359138 1
2 1 2 2.4692383 0.483876447767 2.51620233664 1.3549347 0.2738951999999997 60.0 1.0628967 429.0 429.0013213147479 0.1369476 30.0 30.000246903 1
2 1 2 2.44192941429 0.554809289334 2.50416305617 1.4764557 0.02221680000000026 5.0 1.3660431 389.5 389.5023959731581 0.0111084 2.5 2.49994566276 1
1 2 2 2.44418715 0.67787116401 2.53644636041 2.2071227 0.4515228 10.0 1.9813612999999997 384.0 384.00516374560755 0.2257614 5.0 5.00109763152 1
2 2 3 2.331291175 0.635012822356 2.41622843026 2.2071227 0.9585112499999995 42.0 1.5681152 417.0 417.0033703580909 0.482759457042 36.120169804 36.118524591 1
2 1 2 2.34041485714 0.458473585842 2.38489826459 1.4694519 0.4290160999999997 53.0 1.25494385 441.5 441.5018790337474 0.21450805 26.5 26.499277489 1
1 2 2 2.51076398571 0.43335151223 2.54788722771 1.1898193 0 0 0.7949523499999998 391.0 391.00081174068873 0.05322265 0.0 0.00010820814029 1
2 2 2 2.6270504 0.426954982301 2.66151918292 1.3447265 0.49655150000000026 4.0 1.09645075 389.0 389.00162811646976 0.24827575 2.0 1.99929183236 1
1 2 2 2.7082557625 0.440170535133 2.74379288123 1.085144 0.002975500000000242 58.0 0.7906570499999999 418.0 418.00075119587115 0.00148775 29.0 28.9999506977 1
1 1 1 2.64720458 0.395225087184 2.67654534016 1.0580748 0 0 1.0580748 392.0 392.00142795949404 0.0 0.0 0.0 1
1 2 2 2.9197731 0.211914156688 2.92745325587 0.76532 0.32946779999999976 131.0 0.6005861000000001 522.5 522.5004011809631 0.1647339 65.5 65.4997603557 2
2 2 3 2.9548378125 0.406847815332 2.98271548141 1.3567505 0.42710099999999995 30.5 1.0720165 417.3333333333333 417.33482089109657 0.241949406057 28.0515398666 28.0509363603 2
2 1 2 3.08693587143 0.529118608221 3.13195459352 1.7407531 0.3840026000000001 3.0 1.5487518 395.5 395.50308189279036 0.1920013 1.5 1.49923645298 2
1 2 2 3.1965746 0.528202053969 3.23992076804 1.5379486 0.2588805999999999 8.0 1.2615967 391.0 391.0020526898457 0.1294403 4.0 4.00039664931 2
2 2 3 3.3087196 0.502697790919 3.34668947774 1.7658386 0.43989559999999983 27.0 1.4725748666666663 417.0 417.002617686369 0.214071548479 28.3313724812 28.3319221506 2
2 2 2 2.9730567625 0.638326656102 3.04081032505 2.2853241 0.23138430000000088 14.0 1.37654115 392.0 392.0024420180988 0.11569215 7.0 6.99955013257 2
1 2 2 2.16092354286 0.595406983861 2.24145043097 1.874939 0.6684569999999999 6.0 1.5407104999999999 396.0 396.0031482716831 0.3342285 3.0 2.99867578281 2
1 2 2 2.05956595714 0.551532980161 2.13213521148 1.7564087 0.48123169999999993 51.0 1.14227295 421.5 421.50158280977365 0.24061585 25.5 25.5005563142 2
2 2 2 2.5122661625 0.616869909192 2.5868919104 1.9073028 0.45481870000000013 9.0 1.12906645 391.5 391.5017018917939 0.22740935 4.5 4.49932460375 2
1 2 1 2.74086651429 0.637165369098 2.81395255054 1.9073028 0 0 1.9073028 396.0 396.00459316019413 0.0 0.0 0.0 2
1 2 1 2.97937228571 0.427951958245 3.00995051379 1.3272553 0 0 1.3272553 394.0 394.0022355350682 0.0 0.0 0.0 2
2 2 2 3.0995426 0.439640425242 3.13056672708 1.5578155 0.8989562999999996 177.0 1.10833735 483.5 483.5017256634836 0.44947815 88.5 88.4986537905 2
2 2 2 3.1335887875 0.564012272386 3.18394229416 1.5867005 0.3984681000000001 5.0 1.3585814499999997 392.5 392.50239752845505 0.19923405 2.5 2.50067434458 2
2 1 1 2.96409827143 0.542255106911 3.01329042139 1.7961426 0 0 1.4762726000000002 389.0 389.0028012505688 0.0 0.0 0.0 2
2 1 2 2.64995684286 0.452602629823 2.68833041301 1.379837 0.2617644000000001 22.0 0.9836043999999997 390.0 390.0012540028258 0.1308822 11.0 11.0002947228 2
2 2 2 2.577129375 0.443080338965 2.61494091755 1.379837 0.4538878999999998 10.0 1.15289305 394.0 394.0017608203753 0.22694395 5.0 4.99931359138 2
2 1 2 2.4692383 0.483876447767 2.51620233664 1.3549347 0.2738951999999997 60.0 1.0628967 429.0 429.0013213147479 0.1369476 30.0 30.000246903 2
2 1 2 2.44192941429 0.554809289334 2.50416305617 1.4764557 0.02221680000000026 5.0 1.3660431 389.5 389.5023959731581 0.0111084 2.5 2.49994566276 2
1 2 2 2.44418715 0.67787116401 2.53644636041 2.2071227 0.4515228 10.0 1.9813612999999997 384.0 384.00516374560755 0.2257614 5.0 5.00109763152 2
2 2 3 2.331291175 0.635012822356 2.41622843026 2.2071227 0.9585112499999995 42.0 1.5681152 417.0 417.0033703580909 0.482759457042 36.120169804 36.118524591 2
2 1 2 2.34041485714 0.458473585842 2.38489826459 1.4694519 0.4290160999999997 53.0 1.25494385 441.5 441.5018790337474 0.21450805 26.5 26.499277489 2
1 2 2 2.51076398571 0.43335151223 2.54788722771 1.1898193 0 0 0.7949523499999998 391.0 391.00081174068873 0.05322265 0.0 0.00010820814029 2
2 2 2 2.6270504 0.426954982301 2.66151918292 1.3447265 0.49655150000000026 4.0 1.09645075 389.0 389.00162811646976 0.24827575 2.0 1.99929183236 2
1 2 2 2.7082557625 0.440170535133 2.74379288123 1.085144 0.002975500000000242 58.0 0.7906570499999999 418.0 418.00075119587115 0.00148775 29.0 28.9999506977 2
1 1 1 2.64720458 0.395225087184 2.67654534016 1.0580748 0 0 1.0580748 392.0 392.00142795949404 0.0 0.0 0.0 2
2 1 2 2.7690467875 0.509595146712 2.81554742899 1.314499 0.006866500000000109 1.0 1.31106575 390.5 390.50220091509425 0.00343325 0.5 0.499985655205 1
2 2 2 2.9948616 0.509627857247 3.037913191 1.3139801 0.2860414000000002 58.0 1.0950318 428.0 428.0014063683525 0.1430207 29.0 29.0002706242 1
2 1 2 3.04930767143 0.558185233264 3.09997548856 1.6061554 0.05892940000000024 4.0 0.9225463999999999 397.0 397.0010726783512 0.0294647 2.0 2.00006306582 1
1 2 2 3.03014918571 0.54079411322 3.07802897332 1.5832368 0.6269532 71.0 1.2697602 428.5 428.5020872615428 0.3134766 35.5 35.4988981666 1
2 2 2 3.2815513625 0.402256904152 3.30611402732 1.1697082 0.2134246000000002 74.0 1.0629959 427.0 427.001369774473 0.1067123 37.0 36.9996156537 1
1 2 2 3.19604685 0.542011833121 3.24168047387 1.6251678 0.6062012000000001 13.0 1.2186584000000003 388.5 388.5020460722625 0.3031006 6.5 6.49901499731 1
1 2 2 2.42942158571 0.958940827832 2.61183015382 2.714798 1.2369689999999998 69.0 1.9568177 425.5 425.5047496422916 0.6184845 34.5 34.5024591941 1
0 1 0 2.18604387143 0.766781759879 2.31662298942 2.3466034 1
1 2 2 2.664434425 0.538770654789 2.71836065002 1.4638977 0.22492979999999996 200.0 1.3086167 486.0 486.0019183443628 0.1124649 100.0 99.9993024557 1
1 2 2 2.74792262857 0.547272267225 2.80188966719 1.4982758 0.3391114000000002 40.0 1.2943419999999999 421.0 421.0020532290372 0.1695557 20.0 19.9993811725 1
1 1 1 2.7878309 0.457682220741 2.82515028665 1.3688049 0 0 1.3688049000000002 395.0 395.00237167244234 0.0 0.0 0.0 1
2 2 2 2.457496625 0.535394308833 2.5151414926 1.5845337 0.0029143999999998726 2.0 1.1313400000000002 396.0 396.0016160936811 0.0014572 1.0 0.999991755886 1
2 2 2 2.1130561625 0.37786976321 2.14657678731 1.1327972 0.2909241 63.0 0.9873351500000002 426.5 426.50119904101405 0.14546205 31.5 31.4995747032 1
2 1 2 2.10533795714 0.295589918456 2.12598713864 0.8397826 0.19259629999999994 7.0 0.7434844499999997 383.5 383.50073454452195 0.09629815 3.5 3.49980660511 1
1 1 1 2.3524519 0.458029451943 2.39662698822 1.4458008 0 0 1.4458008000000002 390.0 390.0026799138094 0.0 0.0 0.0 1
2 2 2 2.4576378125 0.462073146039 2.50069894424 1.4151307 0.3286439000000001 73.0 1.25080875 421.5 421.5018596436407 0.16432195 36.5 36.5003265901 1
2 2 2 1.9246921625 0.665732086356 2.03657534385 2.3522034 0.4599609999999996 7.0 1.3164672999999998 388.5 388.50229171266517 0.2299805 3.5 3.50075865914 1
0 0 0 1.48304095714 0.558988728549 1.58489080987 1.4496613 1
1 2 2 2.19906398571 0.750076707848 2.3234666946 2.2736816 1.4000854 7.0 1.5736389000000002 397.5 397.5037559849209 0.7000427 3.5 3.49719559789 1
2 2 2 2.6801795875 0.503185030244 2.72700527977 1.5259399 0.37957759999999974 16.0 1.063385 393.0 393.00149555790813 0.1897888 8.0 7.9994560249 1
1 1 1 2.70981707143 0.561226374715 2.767324268 1.8008728 0 0 0.7923277999999998 390.0 390.0008048496088 0.0 0.0 0.0 1
1 2 2 2.66705977143 0.51810902992 2.71691825259 1.5641327 0.4968720000000002 41.0 1.3156967 421.5 421.50216950600725 0.248436 20.5 20.499119005 1
2 1 2 2.5424518625 0.50868688387 2.59284087806 1.3869628 0.0928192000000001 4.0 1.3405532 394.0 394.0022825459789 0.0464096 2.0 2.00014631754 1
2 2 2 2.4596633875 0.514267683041 2.51285002132 1.5468292 0.39494320000000016 64.0 1.0966719999999999 424.0 424.0015114040061 0.1974716 32.0 31.9993751756 1
1 1 1 2.45223082 0.496358368821 2.50196075606 1.4283752 0 0 1.4283752 386.0 386.00264280923255 0.0 0.0 0.0 1
2 1 2 2.7690467875 0.509595146712 2.81554742899 1.314499 0.006866500000000109 1.0 1.31106575 390.5 390.50220091509425 0.00343325 0.5 0.499985655205 2
2 2 2 2.9948616 0.509627857247 3.037913191 1.3139801 0.2860414000000002 58.0 1.0950318 428.0 428.0014063683525 0.1430207 29.0 29.0002706242 2
2 1 2 3.04930767143 0.558185233264 3.09997548856 1.6061554 0.05892940000000024 4.0 0.9225463999999999 397.0 397.0010726783512 0.0294647 2.0 2.00006306582 2
1 2 2 3.03014918571 0.54079411322 3.07802897332 1.5832368 0.6269532 71.0 1.2697602 428.5 428.5020872615428 0.3134766 35.5 35.4988981666 2
2 2 2 3.2815513625 0.402256904152 3.30611402732 1.1697082 0.2134246000000002 74.0 1.0629959 427.0 427.001369774473 0.1067123 37.0 36.9996156537 2
1 2 2 3.19604685 0.542011833121 3.24168047387 1.6251678 0.6062012000000001 13.0 1.2186584000000003 388.5 388.5020460722625 0.3031006 6.5 6.49901499731 2
1 2 2 2.42942158571 0.958940827832 2.61183015382 2.714798 1.2369689999999998 69.0 1.9568177 425.5 425.5047496422916 0.6184845 34.5 34.5024591941 2
0 1 0 2.18604387143 0.766781759879 2.31662298942 2.3466034 2
1 2 2 2.664434425 0.538770654789 2.71836065002 1.4638977 0.22492979999999996 200.0 1.3086167 486.0 486.0019183443628 0.1124649 100.0 99.9993024557 2
1 2 2 2.74792262857 0.547272267225 2.80188966719 1.4982758 0.3391114000000002 40.0 1.2943419999999999 421.0 421.0020532290372 0.1695557 20.0 19.9993811725 2
1 1 1 2.7878309 0.457682220741 2.82515028665 1.3688049 0 0 1.3688049000000002 395.0 395.00237167244234 0.0 0.0 0.0 2
2 2 2 2.457496625 0.535394308833 2.5151414926 1.5845337 0.0029143999999998726 2.0 1.1313400000000002 396.0 396.0016160936811 0.0014572 1.0 0.999991755886 2
2 2 2 2.1130561625 0.37786976321 2.14657678731 1.1327972 0.2909241 63.0 0.9873351500000002 426.5 426.50119904101405 0.14546205 31.5 31.4995747032 2
2 1 2 2.10533795714 0.295589918456 2.12598713864 0.8397826 0.19259629999999994 7.0 0.7434844499999997 383.5 383.50073454452195 0.09629815 3.5 3.49980660511 2
1 1 1 2.3524519 0.458029451943 2.39662698822 1.4458008 0 0 1.4458008000000002 390.0 390.0026799138094 0.0 0.0 0.0 2
2 2 2 2.4576378125 0.462073146039 2.50069894424 1.4151307 0.3286439000000001 73.0 1.25080875 421.5 421.5018596436407 0.16432195 36.5 36.5003265901 2
2 2 2 1.9246921625 0.665732086356 2.03657534385 2.3522034 0.4599609999999996 7.0 1.3164672999999998 388.5 388.50229171266517 0.2299805 3.5 3.50075865914 2
0 0 0 1.48304095714 0.558988728549 1.58489080987 1.4496613 2
1 2 2 2.19906398571 0.750076707848 2.3234666946 2.2736816 1.4000854 7.0 1.5736389000000002 397.5 397.5037559849209 0.7000427 3.5 3.49719559789 2
2 2 2 2.6801795875 0.503185030244 2.72700527977 1.5259399 0.37957759999999974 16.0 1.063385 393.0 393.00149555790813 0.1897888 8.0 7.9994560249 2
1 1 1 2.70981707143 0.561226374715 2.767324268 1.8008728 0 0 0.7923277999999998 390.0 390.0008048496088 0.0 0.0 0.0 2
1 2 2 2.66705977143 0.51810902992 2.71691825259 1.5641327 0.4968720000000002 41.0 1.3156967 421.5 421.50216950600725 0.248436 20.5 20.499119005 2
2 1 2 2.5424518625 0.50868688387 2.59284087806 1.3869628 0.0928192000000001 4.0 1.3405532 394.0 394.0022825459789 0.0464096 2.0 2.00014631754 2
2 2 2 2.4596633875 0.514267683041 2.51285002132 1.5468292 0.39494320000000016 64.0 1.0966719999999999 424.0 424.0015114040061 0.1974716 32.0 31.9993751756 2
1 1 1 2.45223082 0.496358368821 2.50196075606 1.4283752 0 0 1.4283752 386.0 386.00264280923255 0.0 0.0 0.0 2
