2 1 2 1.51409773545 2.30590976319 2.75857060604 8.4272309 6.3862153 197.0 4.9343033 489.5 489.54351898315304 3.19310765 98.5 98.4590590404 1 1 1 3.2558913 1.68719484121 3.66707711803 6.3763582 0 0 3.4778290000000003 392.0 392.0154273680479 0.0 0.0 0.0 2 2 2 8.55200053636 3.03277014766 9.07383094081 10.6311183 1.3478707000000014 90.0 4.07273865 437.0 437.0190529970944 0.67393535 45.0 45.0043187538 1
3 2 3 2.454206842 2.85749415822 3.76674980422 8.4272309 3.6249771749999997 268.0 5.710759499999999 525.0 480.3774446274901 3.1777565558 134.0 126.337728347 0 1 0 3.80512238 1.93155731738 4.26730242625 6.3763582 0 0 0 8.04222566 3.87332111748 8.92636600445 11.6748195 1
2 2 3 2.32047862333 2.49786024523 3.40938804569 7.9963226 1.4118271150000004 169.0 6.362874283333333 479.6666666666667 479.7149925691995 1.17630365376 99.4965102682 99.4739283955 1 2 2 3.66863675556 1.71352682082 4.04908258867 4.9732361 0.2646789999999992 185.0 3.9864349 489.5 489.51706305902894 0.1323395 92.5 92.4956980136 1 1 1 8.43635897778 3.5217147251 9.1419159593 10.9260255 0 0 7.6937105 381.0 381.0776734226998 0.0 0.0 0.0 1
2 2 2 1.6304778806 1.89220172699 2.49777610981 5.3965911 0.4819945599999995 18.0 4.463363579999999 600.0 600.0166263628764 0.24099728 9.0 9.00154332593 1 1 1 4.16421208 2.33734387109 4.77533649275 7.3309633 0 0 3.5690004 416.0 416.0153095306172 0.0 0.0 0.0 1 1 1 8.43831627 3.70862139774 9.217323589 10.2847744 0 0 7.6937105 381.0 381.0776734226998 0.0 0.0 0.0 1
2 3 3 1.1738922066 1.34032222589 1.78170889371 4.03825374 0.37460331499999944 119.5 3.1049702966666666 482.6666666666667 482.67715737675644 0.241384401839 115.505651617 115.503798727 1 1 1 4.25382236 2.15224710007 4.76730240809 7.3309633 0 0 2.4125062 395.0 395.00736725555515 0.0 0.0 0.0 0 1 0 8.82897337 3.41088243034 9.46492946206 10.2847744 1
2 2 3 0.830116271 1.01247744377 1.30927598218 3.5947876 1.6181946549999997 3.5 2.2759094033333334 396.3333333333333 396.3407097716433 0.841841043985 4.7842333648 4.7885527736 1 1 1 3.702932743 1.58032716442 4.02605822683 5.43351737 0 0 2.4125062 395.0 395.00736725555515 0.0 0.0 0.0 1 1 1 8.80483547 3.74032503307 9.56635557601 13.616363 0 0 3.0994416000000005 402.0 402.01194825307346 0.0 0.0 0.0 1
2 2 2 0.986134341 1.42639406532 1.73408793551 5.3277283 0 0 3.3140640150000005 394.0 394.0190827577947 2.013664285 0.0 0.0169367744793 1 1 1 4.014515673 1.88329382065 4.43431299117 6.95635987 0 0 1.4134214999999997 449.0 449.0022246719237 0.0 0.0 0.0 1 1 1 8.09594258 4.10226321975 9.07594897423 13.7317958 0 0 3.783538400000001 449.0 449.0159408782992 0.0 0.0 0.0 1
2 2 3 1.0661651432 2.3062437399 2.54076136235 7.9819029 1.61517335 102.5 5.309921266666667 460.3333333333333 460.367658627752 0.886548124499 95.2272136641 95.2134450644 0 0 0 4.5367523 1.94036334887 4.93428124018 6.2064057 0 0 0 7.97696223 3.72645127498 8.80445146069 11.4122166 1
2 2 3 1.2081069632 2.28263332726 2.58262218321 7.9819029 2.22662345 4.0 6.497487266666667 390.0 390.7223702564003 1.16941970233 2.0 1.90112189012 1 2 2 4.76648405 2.23028107662 5.26246367015 6.5425415 0.5040282999999999 258.0 6.29052735 523.0 523.0395479591533 0.25201415 129.0 128.993277019 1 1 1 8.61568753 3.85143259365 9.43735156906 11.9409336 0 0 5.695068 459.0 459.03532957662924 0.0 0.0 0.0 1
2 2 2 1.177835074 1.93900725213 2.26870989449 5.5944825 0.49243159999999975 68.0 5.2795258 618.0 618.0227845848311 0.2462158 34.0 33.9966432005 1 2 1 4.68163605 2.13536429288 5.14562889917 6.5425415 0 0 6.5425415 652.0 652.0328249783743 0.0 0.0 0.0 1 1 1 8.22942506 3.28074287826 8.85927258026 10.2167057 0 0 5.695068 459.0 459.03532957662924 0.0 0.0 0.0 1
2 2 3 0.541979964 2.17573326569 2.24222156015 6.7714844 1.0958099500000005 194.0 6.040944433333333 523.3333333333334 523.3709963599958 0.530877475935 91.510776536 91.496311454 1 2 2 4.4437317 1.94636425358 4.85129727281 6.2319946 0.047836300000000165 209.0 4.65084085 486.5 486.5233572832041 0.02391815 104.5 104.494754464 1 1 1 7.81503754 3.46941801479 8.55053642253 10.55191 0 0 4.577468999999999 393.0 393.0266571397492 0.0 0.0 0.0 1
2 2 2 0.58134458 1.94264806493 2.02776799089 5.8256073 1.3422699999999992 12.0 5.1544723 586.0 586.0229952509678 0.671135 6.0 6.00566765347 2 2 2 4.33820038 2.00961906818 4.78106173734 6.1841583 0.20941170000000042 1.0 3.92312625 392.5 392.5196211060544 0.10470585 0.5 0.498928499879 2 1 1 8.46495817 3.37756227124 9.11391484029 10.960861 0 0 4.577468999999999 393.0 393.0266571397492 0.0 0.0 0.0 1
2 3 4 0.735223383 1.40832752857 1.5886912383 3.9415282 0.7437743333333335 7.666666666666686 3.38369745 391.75 391.76475176316643 0.324415519162 4.71036092035 4.70998193275 1 1 1 4.221697983 1.95243868915 4.65131709246 6.66445947 0 0 4.0278321 392.0 392.0206926061758 0.0 0.0 0.0 1 1 1 9.38230277 4.29535827604 10.3188036122 14.357345 0 0 1.4150692999999999 392.0 392.00255410025557 0.0 0.0 0.0 1
2 2 3 1.105484009 1.37765652341 1.76636134204 4.7838134 1.2394790149999997 134.0 3.9574940566666665 479.3333333333333 479.349991715188 0.67113166227 120.028700272 120.029292062 1 1 1 4.385777253 2.0203986087 4.8287734106 6.56958007 0 0 5.5648651 395.0 395.0391977052166 0.0 0.0 0.0 0 1 0 8.7066559 4.20134644495 9.66732480635 14.890426 1
2 2 3 1.045411681 1.51087186473 1.83728587171 5.5681762 0.9340438799999995 101.5 3.5746459799999997 457.6666666666667 457.68114669772496 0.712090502723 84.6338519086 84.6340344713 1 1 1 4.52080077 2.26398193781 5.05601165117 5.7835693 0 0 5.5648651 395.0 395.0391977052166 0.0 0.0 0.0 1 1 1 7.4893769 3.09995703634 8.10558449326 9.644623 0 0 0.6252290000000009 387.0 387.0005050530328 0.0 0.0 0.0 1
2 2 2 0.156651305 1.79512855574 1.80195065498 6.2057953 1.0407104999999994 4.0 3.67698665 579.0 579.0119207511043 0.52035525 2.0 1.99665433346 1 1 1 4.623397815 2.41446436075 5.215883962 6.47398375 0 0 5.405715900000001 391.0 391.03736619969135 0.0 0.0 0.0 1 1 1 8.02124476 3.45087909016 8.73206355879 9.6465304 0 0 3.242935000000001 461.0 461.0114061792986 0.0 0.0 0.0 1
1 2 2 -0.325410467 1.71965264727 1.75017062005 5.1650848 0.9442443999999997 189.0 4.569091800000001 486.5 486.52342957544226 0.4721222 94.5 94.4910153052 1 0 0 4.808779875 2.38233707102 5.36655325196 7.53175355 2 1 1 8.55474849 3.41276111548 9.21035613636 10.4531404 0 0 3.242935000000001 461.0 461.0114061792986 0.0 0.0 0.0 1
2 2 3 0.002334599 1.2591048709 1.25910703527 4.5346527 1.70360565 106.0 2.6344045 456.6666666666667 456.67622060088405 0.925615064981 90.2194854538 90.2143358231 1 1 1 5.06291809 2.28755088664 5.55572035339 6.4319153 0 0 5.1513518 400.0 400.03316915646803 0.0 0.0 0.0 1 1 1 8.72430417 3.85384061016 9.53758725775 10.435959 0 0 6.6858212 400.0 400.05587135438765 0.0 0.0 0.0 1
3 2 3 0.415650944 1.09993313703 1.17584804001 3.5647126 1.6708298249999998 87.0 2.4508260500000003 449.0 449.00843892710395 1.2676854173 86.3017960416 86.3020008278 1 1 1 5.32326509 1.88352231873 5.64666339917 5.5640106 0 0 4.087616000000001 391.0 391.0213659182366 0.0 0.0 0.0 1 1 1 8.3908019 3.2814041739 9.0096154123 9.43959 0 0 4.9095001 391.0 391.03082128040995 0.0 0.0 0.0 1
2 2 2 5.47008363 4.85100299688 7.3112273248 15.392456 1.8019409999999993 465.0 9.0480345 625.5 625.5710586693617 0.9009705 232.5 232.486621618 2 2 3 1.49652711 3.15774344991 3.49441512795 10.4878694 5.278389 131.0 5.0514476 480.3333333333333 480.373408085815 2.60848968829 118.59267356 118.566620424 1 1 1 7.03598475 1.96170008159 7.30433765733 5.9560853 0 0 5.074172999999999 383.0 383.03361109912265 0.0 0.0 0.0 2
1 2 2 7.35607738889 3.35220166159 8.08388090779 10.5178222 2.370758200000001 3.0 9.3324431 391.5 391.6131188309713 1.1853791 1.5 1.47131822018 2 2 3 0.0372534795556 2.73284648376 2.73310038702 8.5703736 6.086723385 5.0 4.51255801 393.3333333333333 393.3747287665299 3.48071677701 2.86744175568 2.8521343355 2 1 2 7.86446112222 1.58759531091 8.02310461194 5.074173 0.8355409999999992 207.0 4.6564024999999996 486.5 486.5244181637239 0.4177705 103.5 103.490807065 2
2 2 2 0.1245223997 0.111136463914 0.166904588428 0.41404725 0.17530822999999995 130.0 0.262336735 457.0 457.0000927348924 0.087654115 65.0 64.9999364931 0 1 0 2.99681398 0.117086480347 2.99910041089 0.4358522 3 2 3 9.1320954 0.125257117693 9.13295438181 0.427582 0.07840000000000114 12.5 0.22368933333333332 400.3333333333333 400.3333959684624 0.0373790452378 64.3652770435 64.3652870198 3
1 2 2 -0.1237152094 0.368050607656 0.388286882128 1.21302795 0.7989807 261.0 0.7494812 522.5 522.5005835323088 0.39949035 130.5 130.500427291 2 2 3 3.0149643 0.279321729314 3.02787555206 1.093979 0.4933928999999999 124.5 0.7650504000000001 481.0 481.0007686213924 0.268679208639 79.4019311268 79.4014152451 2 2 2 9.222258 0.334051911945 9.22830609042 1.2442325 0.19171100000000152 261.0 0.30026250000000054 522.5 522.500086719356 0.0958555 130.5 130.500033426 3
1 2 2 -0.14330902 0.466514282739 0.48802976468 1.64208984 0.2994384700000001 209.0 1.492370605 690.5 690.501617016566 0.149719235 104.5 104.500078868 2 2 3 2.99652099 0.479454851369 3.03463589216 1.7407531 0.51538835 3.5 1.3971608666666668 396.3333333333333 396.33588909594397 0.265586059384 1.6996731712 1.69870802962 3 2 3 9.1422623 0.435903848341 9.15264836684 1.7184905 0.9656372499999986 6.5 1.074732333333334 396.3333333333333 396.33523069779335 0.590107600383 6.12825877028 6.12820128276 3
2 1 2 0.133584595 0.344880245102 0.36984757331 1.34265137 0.25004578 3.0 1.2176284800000001 587.5 587.5012757746929 0.12502289 1.5 1.49973762594 2 3 3 3.18071593 0.625459074938 3.24162812207 1.9686431 0.47915640000000015 7.5 1.4213154999999997 392.0 392.002650273166 0.24937933152 3.55902608401 3.55965915251 2 2 3 9.0425949 0.531142814102 9.05818056866 1.863235 0.6418914999999998 49.0 1.3881733333333333 411.6666666666667 411.66919133365894 0.46656501746 31.3723161756 31.3733689851 3
1 1 1 0.173080448 0.412108632219 0.44697915637 1.58862307 0 0 1.16575623 851.0 851.0007984647181 0.0 0.0 0.0 3 2 3 3.07304989 0.65997306378 3.14311948092 2.2853241 0.43989559999999983 27.0 1.4725748666666663 417.0 417.002617686369 0.214071548479 28.3313724812 28.3319221506 3 2 3 9.1203033 0.547393596495 9.13671560428 1.816101 1.0043640000000007 28.5 1.1465249999999994 417.0 417.0018468907917 0.539836966723 26.1661358757 26.1673900086 3
1 2 2 -0.150225831 0.624514002472 0.642328217956 2.2001801 0.6115570299999997 15.0 1.894401585 784.5 784.5023400329007 0.305778515 7.5 7.50071601706 2 2 3 2.46061552 0.684621187263 2.55408200873 2.1606903 0.5255813499999997 -1.0 1.5245514333333334 392.3333333333333 392.3363961429656 0.27385158574 5.73488351136 5.73453107474 2 2 3 9.2683457 0.522543328002 9.2830643402 1.6884 0.49765750000000075 4.0 1.3566283333333324 390.6666666666667 390.6691022426983 0.239891154991 5.24933858267 5.24886093216 3
2 2 3 0.024771111 0.65286664189 0.653336406481 2.3049469 0.9227066149999998 121.0 1.4518636266666667 476.6666666666667 476.66919597468154 0.587680735239 80.7478929894 80.7481530366 2 2 3 2.28716737 0.5892782512 2.3618601643 1.874939 0.73266605 24.0 1.3864949666666666 412.0 412.00254603613854 0.397348853902 24.7790233867 24.7786665126 1 2 2 9.3819399 0.494852322837 9.39498137883 1.6884 0.22027600000000014 654.0 1.5782619999999996 715.0 715.0023539064382 0.110138 327.0 326.998680348 3
3 2 3 0.30566406 0.370426002208 0.480256119885 1.46910093 0.7298125950000001 9.0 0.9825592 391.5 393.0013947876396 0.350030772543 4.5 4.24165523035 3 2 3 2.50854339 0.568259514999 2.57210202284 1.9073028 0.77823635 9.0 1.3884785666666666 391.5 393.00266564792736 0.411176321698 4.5 4.2428448382 3 2 3 9.184865 0.536046184456 9.20049404 1.959656 1.1595460000000015 16.5 1.186625333333333 391.0 391.0023695774694 0.644969697307 7.7888809637 7.78702234894 3
2 2 3 0.0285949706 0.30929603075 0.31061504629 0.97483826 0.1314315800000001 225.0 0.8872172066666667 551.0 551.0007803677362 0.0652650060135 215.677227974 215.677069052 2 3 2 2.89477843 0.57903194931 2.95212129783 1.9073028 0.5800475 2.0 1.61727905 395.0 395.0034143476312 0.29002375 1.0 1.00117881256 2 2 3 9.09122775 0.58560283997 9.11006875323 1.828445 0.09912100000000024 27.0 1.2943473333333337 419.0 419.0020068710576 0.079715992044 38.113864494 38.1138635453 3
2 2 2 -0.0011550902 0.285174351258 0.285176690577 1.06437683 0.11000061000000005 190.0 0.8135299650000001 496.0 496.000713676302 0.055000305 95.0 94.9997730978 2 2 2 3.10984191 0.426467432783 3.13894746315 1.5578155 0.8989562999999996 177.0 1.10833735 483.5 483.5017256634836 0.44947815 88.5 88.4986537905 3 2 3 9.14605855 0.498909158531 9.15965596234 1.340408 0.37994350000000043 11.0 1.087112333333333 395.5 397.3348617673864 0.185087780083 5.5 5.18559173771 3
2 1 2 0.01342620898 0.271233423414 0.271565522599 0.87811279 0.043869020000000036 197.0 0.78046417 492.5 492.5006519168652 0.02193451 98.5 98.4998348573 2 3 3 3.10170746 0.509085946944 3.14320818095 1.5867005 0.24000549999999987 3.5 1.3978118333333331 391.3333333333333 391.3358654358263 0.171874519362 2.62466929134 2.62497791064 2 3 3 9.1567292 0.531788400576 9.17215833624 1.493027 0.2653425000000009 40.5 1.2227019999999993 417.0 417.0018295952966 0.157208045381 35.3930313292 35.392944147 3
1 1 1 0.12135467378 0.324471153177 0.346422409917 0.8933258 0 0 0.8781127900000001 843.0 843.0004573439281 0.0 0.0 0.0 3 2 3 2.83882905 0.580339570396 2.89754109412 2.061493 0.49266820000000044 16.0 1.1478271333333332 389.6666666666667 389.66843641874016 0.25565271849 8.99382504215 8.99402715221 1 1 1 9.1449022 0.732336494263 9.1741786002 2.204911 0 0 1.2508849999999985 467.0 467.00167527888294 0.0 0.0 0.0 3
1 2 2 0.0417251578 0.37988454895 0.382169150147 1.12893676 0.2991638 205.0 0.9793548599999999 687.5 687.5007625438643 0.1495819 102.5 102.49967323 2 3 3 2.59545594 0.454734252057 2.6349904699 1.379837 0.3596191500000001 -4.0 1.1400909 396.3333333333333 396.3350234554718 0.186181348109 5.24933858267 5.24883986915 2 2 2 9.1287033 0.816927985595 9.16518386466 2.309464 0.17045699999999897 14.0 2.2242355000000007 382.0 382.0064961502761 0.0852285 7.0 6.99938471908 3
2 1 2 0.1210952758 0.415833425575 0.433106803971 1.4273987 0.835845972 452.0 1.009475714 625.0 625.0008178075824 0.417922986 226.0 226.000379293 3 2 4 2.48231507 0.525436317857 2.5373157925 1.4764557 0.2169087999999999 29.666666666666686 1.2144699 409.25 409.251858643953 0.18003737336 29.0376910239 29.0374507673 2 2 3 9.2883469 0.707572818625 9.31525884924 2.151657 0.549202000000002 34.0 1.7728723333333332 410.6666666666667 410.67062850623205 0.299836155655 31.3510588161 31.3507234418 3
1 1 1 0.186677549 0.393901469305 0.435897780244 1.4260712 0 0 0.9331512500000001 389.0 389.00111924164867 0.0 0.0 0.0 2 3 3 2.34849395 0.639811601061 2.43408765619 2.2071227 0.6407469999999997 9.0 1.7799580333333331 385.0 385.0042592672051 0.339271805688 4.32049379894 4.32092220896 3 2 3 9.28095715 0.604699499376 9.30063584411 1.6004635 0.07147275000000075 1.5 1.4429830000000006 388.0 388.0026850800958 0.0357359493531 0.816496580928 0.816403269876 3
2 2 2 -0.1278060924 0.329966748613 0.353853716167 0.93315125 0.13035585000000005 473.0 0.8679733250000001 625.5 625.5007465350686 0.065177925 236.5 236.499627293 2 2 3 2.42539519 0.617234457361 2.50270257982 2.2071227 0.9585112499999995 42.0 1.5681152 417.0 417.0033703580909 0.482759457042 36.120169804 36.118524591 2 3 4 9.19056555 0.626739590654 9.21191064022 1.823883 0.44098416666666584 23.666666666666686 1.493144875000001 409.75 409.7528019919191 0.203517934501 19.7405040462 19.739862232 3
3 2 3 -0.1244537346 0.238870061645 0.269346688129 0.81089782 0.143051147 50.5 0.5774536086666667 424.6666666666667 424.66706254543556 0.0889353909786 32.1696889772 32.1697686947 3 2 3 2.39236144 0.448261909255 2.43399506961 1.4694519 0.57836915 50.5 1.0838724666666666 424.6666666666667 424.66815386668105 0.298674804318 32.1696889772 32.1697022724 3 2 3 9.3582032 0.637650042544 9.37990216949 2.037811 0.49630699999999894 1.0 1.706939666666667 392.6666666666667 392.67051168764897 0.328476056009 0.942809041582 0.943816987 3
2 2 3 0.0378707888 0.246136990613 0.249033360802 0.82960511 0.28192139 197.0 0.5605265266666667 489.5 456.66701107720183 0.133051419462 98.5 92.8667839066 2 3 3 2.51603699 0.441782280323 2.55452808132 1.3447265 0.5497741500000004 4.0 0.9782103999999999 389.0 389.667986588496 0.262784054745 2.0 1.88489940857 2 2 3 9.30722365 0.524691377754 9.32200156152 1.7590025 0.5166630000000021 12.5 0.9146829999999996 392.3333333333333 392.3345348684507 0.316818166818 6.94422221867 6.94380551027 3
2 2 3 -0.223907469 0.418423112351 0.474565544075 1.33306887 0.77140809 226.5 0.8187968099999999 543.0 543.0006195730876 0.363895034199 207.214864332 207.215177994 2 2 3 2.67117157 0.413307664155 2.70295778391 1.085144 0.2674177500000001 26.0 0.8797962999999999 409.3333333333333 409.33431011707876 0.126067788833 26.6624996744 26.662317271 2 3 3 9.27229315 0.434789033393 9.28248144426 1.3068845 0.4402160000000004 -1.5 1.0134071666666653 391.0 391.0015033683867 0.368102386885 8.60232526704 8.6015613184 3
3 2 3 0.39366608 1.18433853141 1.24805077602 3.8677368 2.4136428700000003 5.5 2.2586415533333333 391.6666666666667 391.6749549181907 1.19257246355 2.86744175568 2.87286974654 2 2 2 1.676651002 0.804722548319 1.85976798614 3.00636288 0.27223209999999987 4.0 0.63842005 390.0 390.0005474485784 0.13611605 2.0 1.99977437439 2 2 3 9.19316714 1.74921064225 9.35810129967 5.3865204 2.4472737000000007 128.0 3.755004600000001 477.3333333333333 477.34879880879225 1.37902483411 79.2899040792 79.2977051676 4
3 2 2 1.92875674455 2.56266558398 3.20739106985 9.1935122 2.5343478 12.0 5.134910700000001 389.0 389.0362195838489 1.2671739 6.0 5.98271589641 1 2 2 -0.0648761972727 1.97274987108 1.9738163478 6.610031 1.99632262 5.0 2.94991299 389.5 389.5124014169065 0.99816131 2.5 2.50747982724 2 2 2 5.54415343636 5.74628389109 7.98482409843 17.1982727 5.7184448 587.0 8.238510100000001 685.5 685.5499030466488 2.8592224 293.5 293.512995682 4
2 1 2 2.780403163 2.33370402418 3.62998846022 7.60897851 0.036010699999999396 261.0 4.529571559999999 522.5 522.5208979672188 0.01800535 130.5 130.494936799 2 2 2 -0.7194534175 1.71511156923 1.8598980926 6.610031 1.0245360750000003 261.0 4.4603423375 522.5 522.519407121112 0.5122680375 130.5 130.499525877 2 2 2 0.75755921 6.60442342964 6.64772929613 19.53334 7.176665999999997 457.0 11.7828825 620.5 620.6123895692664 3.588333 228.5 228.526747596 4
1 2 2 2.11764270667 1.40022413294 2.53870798943 4.48109436 0 0 3.7488861299999994 392.0 392.01860954178943 0.73220823 0.0 0.00700213002881 1 0 0 -0.327087404167 0.224281018416 0.396595694866 0.753906275 0 1 0 2.66366835 8.22192534574 8.6426376454 20.722107 4
2 1 1 0.056230163 0.352269246617 0.356728823259 0.94334411 0 0 0.42056274000000005 833.0 833.0001061662707 0.0 0.0 0.0 2 1 1 2.81584323 0.110815642939 2.81802292444 0.4237671 0 0 0.31568910000000017 587.0 587.0000848889273 0.0 0.0 0.0 2 2 3 9.1708878 0.0985783430869 9.17141759653 0.302307 0.04994999999999994 1.0 0.2428390000000006 391.5 391.3334095155654 0.0258567664387 0.5 0.471419425874 5
3 2 3 -0.346930764545 0.203533566895 0.402227383753 0.7615051 0.10034944999999995 12.0 0.1290232166666667 397.0 395.0000242326184 0.0492799257142 6.0 5.65684821543 2 1 2 2.83300367273 0.0956069048045 2.83461646258 0.3628082 0.0008544999999999803 390.0 0.10641475000000034 588.0 588.000010790601 0.00042725 195.0 194.999996499 2 2 2 9.14686454545 0.0904720379237 9.14731196596 0.276139 0.13053900000000063 1.0 0.21086950000000027 392.5 392.5000621161701 0.0652695 0.5 0.499964855025 5
3 2 3 -0.405598451 0.0639746335689 0.410612782551 0.21484372 0.022537225000000022 56.5 0.09746295333333337 428.6666666666667 428.6666780092751 0.0140666780702 45.050588848 45.0505885429 1 1 1 2.85516815 0.0557013211351 2.85571143534 0.1563263 0 0 0.10598750000000035 393.0 393.00001429179383 0.0 0.0 0.0 1 1 1 9.1348541 0.0742444695374 9.13515580981 0.225189 0 0 0.14559999999999995 393.0 393.000026971195 0.0 0.0 0.0 5
1 1 1 -0.304577298889 0.0546439494843 0.309440288608 0.19703674 0 0 0.03176878999999999 389.0 389.00000129724424 0.0 0.0 0.0 2 1 1 2.93586053333 0.0344879906939 2.93606309413 0.1095582 0 0 0.06074529999999978 396.0 396.0000046590801 0.0 0.0 0.0 0 0 0 9.11347455556 0.0591772048533 9.11366668341 0.218109 5
1 1 1 -0.274967956 0.0287613323685 0.276468065184 0.11122131 0 0 0.09327697999999998 377.0 377.00001153925047 0.0 0.0 0.0 1 1 1 2.93995973 0.0563532190265 2.94049977033 0.1961822 0 0 0.16891480000000003 777.0 777.0000183604951 0.0 0.0 0.0 1 0 0 9.1067811 0.0499097358868 9.10691786419 0.183304 5
0 0 0 -0.28010559 0.0157600915058 0.280548609039 0.04737854 1 1 1 2.94009706 0.06976780161 2.94092473014 0.1993866 0 0 0.19938659999999997 794.0 794.0000250346445 0.0 0.0 0.0 1 1 1 9.1068101 0.0675327821794 9.1070604958 0.237152 0 0 0.1684719999999995 991.0 991.0000143202899 0.0 0.0 0.0 5
1 1 1 -0.256372069 0.0423336401628 0.259843750844 0.14520264 0 0 0.14520264000000002 864.0 864.000012201277 0.0 0.0 0.0 2 1 2 2.91002963 0.069838259998 2.91086753907 0.2006379 0.1458892999999999 486.0 0.12769324999999987 824.0 824.000010721714 0.07294465 243.0 243.000008142 2 2 2 9.1208618 0.0789018912141 9.12120307214 0.24997 0.06373599999999868 202.0 0.2052840000000007 486.0 486.00004348074697 0.031868 101.0 101.000004425 5
2 3 2 -0.224276731 0.0456617943743 0.228877809177 0.1539154 0.10989378999999999 186.0 0.07717895500000002 488.0 488.00000782454686 0.054946895 93.0 93.0000071989 1 3 2 2.87698366 0.0531077336247 2.87747378985 0.1893921 0.015747100000000014 199.0 0.04687504999999992 481.5 481.50000228525846 0.00787355 99.5 99.5000002943 3 2 3 9.14842975 0.0515917363622 9.14857522229 0.203186 0.12262700000000049 9.0 0.09166466666666769 387.0 387.0000154185531 0.0591832355617 5.88784057755 5.88783812386 5
2 2 2 -0.1683639506 0.0647065954609 0.180370073343 0.19589233 0.02435302999999997 22.0 0.11065673499999999 387.0 387.0000159257647 0.012176515 11.0 11.000003029 1 1 1 2.98387911 0.106949104931 2.98579514604 0.3025665 0 0 0.3025665000000002 970.0 970.0000471889097 0.0 0.0 0.0 1 2 2 9.11242815 0.0672460296085 9.11267627086 0.197159 0.16191099999999992 400.0 0.11620350000000101 581.0 581.0000132581536 0.0809555 200.0 200.000011628 5
2 2 2 -0.871025782727 2.47020251453 2.61927210824 9.7423706 2.9130401900000003 36.0 1.774162305 407.0 407.00620434824873 1.456520095 18.0 18.0060746612 2 2 3 0.971579745818 3.157554553 3.30365221499 11.426514 1.8245314700000002 65.0 2.0505523566666666 468.3333333333333 468.3390006699801 0.860459222933 82.6411250865 82.6389271055 2 2 3 8.61184007273 2.6637609496 9.0144002482 9.6734926 4.152389599999999 195.5 6.905232866666665 520.3333333333334 520.3941684894262 2.82395663208 92.167721513 92.1261799972 6
0 1 0 -0.3252658775 3.28881875104 3.30486409225 9.7423706 0 1 0 -0.090616287 3.26724690606 3.26850327468 11.033707 2 2 2 8.9541971 2.84070134013 9.39399967051 9.6734926 6.5850979999999995 4.0 6.3809436 392.0 392.0660277388505 3.292549 2.0 1.94607636609 6
2 3 2 -0.605024725 0.479990804236 0.772299223108 1.35018922 1.0199279799999998 50.0 0.8402252299999999 416.0 416.0011031899154 0.50996399 25.0 25.0009637111 1 2 1 1.67401274 0.243892996068 1.69168627328 0.7142182 0 0 0.3277588 441.0 441.0001217979775 0.0 0.0 0.0 2 2 2 9.42500015 0.382219930748 9.43274720869 1.569961 1.1592854999999993 536.0 0.9903182499999996 709.0 709.0014404179349 0.57964275 268.0 267.998645894 7
2 2 2 -0.2412643428 0.127533801285 0.272898064444 0.411849976 0.242797854 333.0 0.21560669300000002 529.5 529.5000469071508 0.121398927 166.5 166.500034682 2 2 3 1.9516327 0.0875587014743 1.95359584406 0.2787628 0.13097384999999995 298.5 0.13436379999999995 562.0 562.0000181929587 0.0659932818349 171.69934964 171.699355347 2 2 2 9.40889135 0.0629779242918 9.40910211737 0.2183075 0.08860750000000017 111.0 0.1740037499999998 641.5 641.5000263657289 0.04430375 55.5 55.4999857018 7
2 2 3 -0.1410079948 0.0348234992893 0.145244382681 0.095779416 0.021644588000000006 -10.0 0.08134969066666667 381.3333333333333 381.33334255412655 0.0193060537975 13.1233464567 13.1233448605 2 2 3 2.03893281 0.0428156414447 2.03938230424 0.1539917 0.09126274999999984 -10.0 0.058405566666666665 381.3333333333333 381.3333405676029 0.0433372258413 13.1233464567 13.1233377695 3 2 3 9.3607468 0.0408328379146 9.36083585874 0.121659 0.013191999999999204 8.0 0.0703683333333333 393.3333333333333 393.3333398127357 0.0121894823881 4.9888765157 4.98887683199 7
2 2 2 -0.136598205 0.0319898105969 0.140294039757 0.10591125 0.0031585699999999994 202.0 0.055641175 489.0 489.00000327054 0.001579285 101.0 100.999999504 3 2 3 2.07640533 0.0173731889544 2.07647800907 0.0572357 0.026680099999999873 6.5 0.01659136666666683 392.3333333333333 392.33333389120975 0.0125824878837 3.68178700573 3.68178644153 2 3 3 9.3560913 0.0344354061514 9.35615467012 0.102127 0.043007499999999865 124.0 0.07345533333333283 449.6666666666667 449.6666745074512 0.0258753875892 102.418531309 102.418526494 7
3 2 3 -0.1052307125 0.0339029386094 0.110557279722 0.10083008 0.042396545 133.5 0.045435586666666666 483.0 483.00000293782165 0.0227986068092 125.158566094 125.15856508 2 2 3 2.08398132 0.0153896306005 2.08403814333 0.0631866 0.022361749999999958 78.0 0.03178396666666675 445.0 445.00000145433995 0.0169024283625 70.729531786 70.729531797 2 2 3 9.37386485 0.0153052843522 9.37387734493 0.045318 0.001494999999999358 -51.5 0.038431333333332894 510.6666666666667 510.6666681433564 0.00121057523058 85.5738797116 85.5738795377 7
2 2 2 -0.1312240595 0.0523615198762 0.141285110877 0.16592407 0.07904053 82.0 0.084259035 619.0 619.0000073850321 0.039520265 41.0 40.9999941313 2 1 1 2.0843994 0.0157361113448 2.08445879881 0.0631866 0 0 0.040512000000000103 545.0 545.0000015057084 0.0 0.0 0.0 2 2 2 9.36827095 0.020946801976 9.36829436777 0.0644985 0.014282500000000198 154.0 0.046279750000000064 468.0 468.0000025273531 0.00714125 77.0 76.999998878 7
1 1 1 -0.191943359 0.0287750051054 0.194088263383 0.09954834 0 0 0.049896229999999986 399.0 399.0000031198418 0.0 0.0 0.0 2 1 2 2.09313202 0.0115105053743 2.09316366892 0.037735 0.016906799999999667 408.0 0.029281599999999797 585.0 585.0000010717943 0.0084534 204.0 203.999999203 1 1 1 9.3525605 0.0318089527468 9.35261459249 0.117401 0 0 0.05342100000000016 391.0 391.00000364936477 0.0 0.0 0.0 7
1 1 1 -0.172238158 0.0420371867285 0.177293846874 0.1335907 0 0 0.1335907 880.0 880.0000101400426 0.0 0.0 0.0 2 1 1 2.08518067 0.0217797722596 2.08529441207 0.0694581 0 0 0.03773499999999963 381.0 381.0000018686748 0.0 0.0 0.0 1 1 1 9.3521256 0.0340504102947 9.35218758733 0.141205 0 0 0.09478799999999943 391.0 391.0000114894691 0.0 0.0 0.0 7
1 2 2 -0.157655333 0.033613361214 0.161198827773 0.1076355 0.05598449999999999 790.0 0.07964325000000001 784.0 784.000004171157 0.02799225 395.0 395.000000742 2 2 2 2.07169494 0.0261587244907 2.07186008294 0.0886537 0.03735350000000004 222.0 0.03990174999999985 475.0 475.00000177333493 0.01867675 111.0 111.000001155 2 1 2 9.3892989 0.0417755420227 9.38939183491 0.143372 0.04858400000000174 386.0 0.1190800000000003 584.0 584.000012358483 0.024292 193.0 193.000000869 7
0 0 0 0.556820667 1.25317188691 1.3713092406 4.4438476 2 2 3 1.685173047 1.09405401217 2.00916957469 3.94387816 1.229675285 54.0 0.9715220466666666 426.0 426.0013574905436 0.583895353258 48.1109828071 48.1123151776 2 1 2 9.28872378 1.55079746676 9.41729059996 5.8920437 3.7115930000000006 301.0 4.0362472 541.5 541.5155815967125 1.8557965 150.5 150.509501893 8
2 1 1 2.088262907 2.42378494283 3.19930858434 7.8274994 0 0 5.6083984000000004 390.0 390.0403237264233 0.0 0.0 0.0 3 2 3 0.387690737 1.41680299534 1.46888897986 4.3627014 3.4895858649999996 6.0 1.8996989233333332 393.0 392.0080981681329 1.64661236738 3.0 2.82332408539 2 3 3 9.54855038 1.64306581532 9.68888433375 5.7157437 1.66155975 0.5 4.54128 390.3333333333333 390.36071967008957 0.87531585956 0.471404520791 0.480909425449 8
1 0 0 2.01679142944 2.43721070431 3.1634543915 7.8274994 2 2 3 -0.448771159556 1.02872593488 1.12235137222 3.8187561 0.515312164 10.5 1.3150431213333336 398.0 398.00232317910513 0.355401572631 6.68331255192 6.68379079495 1 2 2 8.80877176667 1.73376685163 8.97777297179 6.2877654 2.7121277 10.0 3.07838455 392.0 392.01457063440307 1.35606385 5.0 4.9891653538 8
2 1 1 -4.67311557 0.575906463126 4.70846868789 2.1484985 0 0 1.3318634 482.0 482.00184010034263 0.0 0.0 0.0 2 1 1 6.00647273 0.197678989324 6.00972475568 0.7209165 0 0 0.46183759999999996 482.0 482.00022125925295 0.0 0.0 0.0 2 2 2 -5.93026424 0.31954719405 5.93886726282 0.9431917 0.6467589 65.0 0.5812225499999997 358.5 358.50067004147974 0.32337945 32.5 32.4994149752 9
2 1 1 -5.67629851 0.799581825865 5.73233773175 2.501419 0 0 0.7681579000000003 782.0 782.0003772803178 0.0 0.0 0.0 1 0 0 5.50133057 0.485916399279 5.52274866235 1.4857482 2 3 2 -5.43932037 0.466368722266 5.4592770467 1.5056457 0.013412599999999664 66.0 0.2645493999999995 424.0 424.00008275979724 0.0067063 33.0 32.9999977431 9
2 2 2 -6.72319335 0.634188851849 6.75303815488 1.8146516 1.6581571999999998 387.0 0.9273606000000001 589.5 589.5009911155664 0.8290786 193.5 193.500978919 2 2 2 4.88183597 0.318621897758 4.89222263922 0.9912415 0.8143309999999992 387.0 0.5073699999999999 589.5 589.5002733807712 0.4071655 193.5 193.500260703 1 1 1 -4.74232483 0.530444575266 4.77189859916 1.4984741 0 0 1.4952087 785.0 785.0014239789992 0.0 0.0 0.0 9
2 2 2 -7.09600679 0.163646368064 7.09789352537 0.541031 0.06426990000000021 8.0 0.1304169500000003 392.0 392.0000231232809 0.03213495 4.0 3.99998907287 2 1 2 4.69389041 0.0764951423066 4.69451367959 0.2597656 0.02476500000000037 1.0 0.11258700000000044 396.5 396.5000161735977 0.0123825 0.5 0.500003495641 1 1 1 -4.4383774 0.140289885087 4.44059401395 0.3790588 0 0 0.3311156999999998 449.0 449.0001220908595 0.0 0.0 0.0 9
0 0 0 -7.03706207 0.192020050159 7.03968140449 0.5131226 0 0 0 4.68506169 0.108968666169 4.686328756 0.3095856 2 2 2 -4.55574951 0.109790227837 4.55707225003 0.3638914 0.042892400000000386 53.0 0.1458816999999999 424.5 424.5000252465543 0.0214462 26.5 26.5000057941 9
1 1 1 -7.17501371 0.191228023859 7.17756155639 0.5580292 0 0 0.21389769999999952 661.0 661.0000346083395 0.0 0.0 0.0 1 1 1 4.53631443 0.13947953873 4.53845823486 0.413208 0 0 0.15437300000000054 661.0 661.0000180264923 0.0 0.0 0.0 1 2 1 -4.48471682 0.105260188292 4.48595192382 0.3161925 0 0 0.1244354999999997 398.0 398.00001945250415 0.0 0.0 0.0 9
2 1 1 -7.33419797 0.0470696745393 7.33434901115 0.16539 0 0 0.13565059999999995 455.0 455.0000202209724 0.0 0.0 0.0 2 1 1 4.4040863 0.0314981957291 4.40419893672 0.1117707 0 0 0.06306440000000002 455.0 455.0000043704599 0.0 0.0 0.0 2 1 1 -4.3623627 0.0416350496138 4.36256138108 0.1366882 0 0 0.11637870000000028 847.0 847.0000079952785 0.0 0.0 0.0 9
2 1 2 -7.36932375 0.0353428144818 7.36940850047 0.1297608 0.01716599999999957 10.0 0.053489700000000084 392.0 392.0000037290558 0.008583 5.0 5.00000112361 2 1 1 4.37268828 0.0278073811339 4.37277669731 0.106903 0 0 0.03222660000000044 387.0 387.0000013418007 0.0 0.0 0.0 2 1 2 -4.32389374 0.0350944893142 4.32403615827 0.1301117 0.008575399999999789 10.0 0.057861400000000174 392.0 392.0000043025557 0.0042877 5.0 4.99999931223 9
1 1 1 -7.45062259 0.0893810211632 7.45115869819 0.3273925 0 0 0.13185129999999923 387.0 387.00002246093646 0.0 0.0 0.0 2 1 1 4.31404572 0.0547699355276 4.314393378 0.1812439 0 0 0.09893799999999953 659.0 659.0000074269558 0.0 0.0 0.0 1 2 2 -4.25955046 0.0914476701442 4.26053198529 0.3019257 0.004623500000000114 9.0 0.18346424999999966 391.5 391.5000430123536 0.00231175 4.5 4.49999842228 9
1 1 1 -7.44104774 0.0991813990168 7.4417087029 0.300644 0 0 0.1412810000000002 391.0 391.0000255247063 0.0 0.0 0.0 1 1 1 4.34228977 0.071305865604 4.34287519659 0.2249297 0 0 0.22492969999999968 782.0 782.0000323487013 0.0 0.0 0.0 1 1 1 -4.18312675 0.0638648446826 4.18361424189 0.185501 0 0 0.07452400000000026 391.0 391.00000710207996 0.0 0.0 0.0 10
0 1 0 -7.43129584 0.0859938701028 7.4317933776 0.253296 2 2 2 4.40102997 0.0485761219604 4.40129803995 0.1470642 0.07087699999999941 6.0 0.09037019999999973 394.0 394.00001202027863 0.0354385 3.0 2.99999178009 1 0 0 -4.1578659 0.0679319846785 4.15842080566 0.18306 10
2 2 2 -7.44849397 0.0527088211233 7.44868046307 0.1757967 0.08560209999999913 2.0 0.08699025000000038 385.0 385.00001218175953 0.04280105 1.0 1.0000096392 2 1 1 4.41610718 0.024393797166 4.416174553 0.0863953 0 0 0.05493170000000003 397.0 397.0000038003673 0.0 0.0 0.0 2 2 2 -4.14006348 0.0498746580119 4.14036388497 0.1489107 0.02407849999999989 400.0 0.13687145000000012 586.0 586.000017145592 0.01203925 200.0 199.99999696 10
3 2 3 -7.45004727 0.0375413852073 7.45014185642 0.1297913 0.07249459999999974 4.5 0.08146156666666678 393.0 393.00001010300724 0.0348158537288 7.25718035236 7.2571739564 1 2 1 4.4066513 0.0216095437089 4.40670428463 0.0856933 0 0 0.05120829999999987 582.0 582.0000022528264 0.0 0.0 0.0 2 3 3 -4.13109893 0.0570008469209 4.13149215974 0.159729 0.03620149999999933 4.5 0.12544756666666648 393.0 393.0000205870088 0.0194592438586 7.25718035236 7.25717583027 10
1 1 1 -7.45606989 0.0241987800189 7.45610915864 0.0821535 0 0 0.06544490000000014 390.0 390.0000054910704 0.0 0.0 0.0 1 1 1 4.40234987 0.0184273405697 4.40238843638 0.0568237 0 0 0.05682369999999981 1032.0 1032.0000015644055 0.0 0.0 0.0 2 2 2 -4.12337035 0.0479672098488 4.12364934209 0.1495819 0.05075070000000004 67.0 0.12420654999999936 423.5 423.50001968611394 0.02537535 33.5 33.4999910005 10
1 2 1 -7.45943602 0.0206677516651 7.45946465187 0.0790407 0 0 0.01254279999999941 588.0 588.000000133777 0.0 0.0 0.0 2 2 2 4.40317692 0.0196836518037 4.40322091599 0.0641937 0.004959300000000333 187.0 0.050758350000000174 494.5 494.50000275801074 0.00247965 93.5 93.499999224 1 2 2 -4.11656647 0.0427334409241 4.11678826865 0.1516726 0.05618299999999987 383.0 0.12358109999999956 592.5 592.5000172496151 0.0280915 191.5 191.499988566 10
1 1 1 -7.46775662 0.0175961289541 7.46777735068 0.0619507 0 0 0.04367069999999984 376.0 376.00000253607715 0.0 0.0 0.0 2 1 2 4.39543762 0.0193530799148 4.39548022553 0.060089 0.011581500000000133 25.0 0.047447250000000274 388.5 388.5000029207763 0.00579075 12.5 12.5000006132 3 2 4 -4.12885445 0.0554469108892 4.12922673502 0.1568606 0.010381066666666022 37.333333333333314 0.14388679999999998 406.0 406.00002564410454 0.00792733226849 37.6762524676 37.6762517143 10
1 1 1 -7.48447413 0.0401422532592 7.48458177877 0.1352387 0 0 0.10501100000000019 395.0 395.0000139586202 0.0 0.0 0.0 1 2 1 4.38414919 0.0268916519608 4.38423166372 0.0870055 0 0 0.05328360000000032 395.0 395.00000359385064 0.0 0.0 0.0 2 2 2 -4.09148107 0.0711709718492 4.09210002974 0.2148287 0.029587300000000205 1.0 0.11626435000000024 377.5 377.50001818770687 0.01479365 0.5 0.500004532133 10
1 1 1 -7.4912033 0.0500305170868 7.49137036426 0.153595 0 0 0.0536500000000002 405.0 405.00000355348453 0.0 0.0 0.0 1 1 1 4.38207856 0.0303430540336 4.38218361173 0.0981598 0 0 0.053390499999999896 384.0 384.00000371164776 0.0 0.0 0.0 1 2 2 -4.04194487 0.0417121208919 4.04216009494 0.1398316 0.009536999999999907 220.0 0.10623920000000009 487.0 487.0000119880506 0.0047685 110.0 109.999998332 10
2 2 2 -7.52994538 0.0722947374179 7.5302924216 0.2620543 0.2017363000000012 10.0 0.16118615000000025 387.0 387.0000472630212 0.10086815 5.0 4.99995737762 2 2 2 4.35614317 0.0467193896466 4.3563936942 0.1685793 0.12803659999999972 10.0 0.10456100000000035 387.0 387.00001964709304 0.0640183 5.0 4.99998244948 2 2 2 -4.01929016 0.0525747366245 4.01963399991 0.167099 0.04545600000000016 447.0 0.1343612999999999 615.5 615.5000153008132 0.022728 223.5 223.499999405 10
1 1 1 -7.57576296 0.0561535715966 7.57597106975 0.210037 0 0 0.06031799999999965 392.0 392.00000464063913 0.0 0.0 0.0 1 2 1 4.32233123 0.034589873218 4.32246963219 0.111908 0 0 0.04054270000000049 392.0 392.0000020965696 0.0 0.0 0.0 2 1 1 -3.99876404 0.0378370412393 3.99894304652 0.1116333 0 0 0.11163329999999982 392.0 392.00001589539977 0.0 0.0 0.0 10
1 1 1 -7.57061311 0.0421624697173 7.57073051529 0.1773223 0 0 0.021530299999999336 585.0 585.0000003961999 0.0 0.0 0.0 1 2 2 4.33143311 0.0299155104769 4.33153641612 0.111908 0.004379400000000366 262.0 0.038658300000000256 520.0 520.000001495497 0.0021897 131.0 130.999999786 1 1 1 -3.98915711 0.0635413583846 3.98966313772 0.2099915 0 0 0.1072236000000002 651.0 651.0000088301846 0.0 0.0 0.0 10
2 2 3 -7.40864867 0.463285024588 7.42311983801 1.794403 0.6031034000000006 202.0 0.21839916666666634 490.0 456.33344222454997 0.28439496989 101.0 95.2238665086 3 2 3 4.34460909 0.208441168753 4.34960640354 0.8299103 0.2597502500000002 8.0 0.12852986666666646 393.0 391.6667064120543 0.122529101212 4.0 3.7712891219 1 2 2 -3.10713655 2.17998780484 3.7956085638 7.6314697 0.4635619999999996 187.0 0.4417724999999999 684.5 684.5002060793511 0.231781 93.5 93.4998222603 10
3 3 3 -3.69835969 5.01226620957 6.22901893978 14.382385 8.8637312 33.5 5.2601418666666655 413.3333333333333 413.3925463355172 4.40048971155 27.4509663866 27.4159814049 2 2 2 3.49698792 1.13014983808 3.67507321956 3.4752045 2.5507813999999995 193.0 1.5770873999999997 493.5 493.5035050229229 1.2753907 96.5 96.503390387 2 2 3 2.52533412 5.26309726447 5.83759413054 13.2896727 11.076553350000001 126.0 5.905303800000001 479.0 479.05192912022693 5.3827953709 117.382565429 117.442594368 10
2 3 3 1.022647106 3.90053133534 4.03236305426 11.169296 7.742500179999999 -1.5 6.007629213333334 396.0 396.06404621307075 3.76101182982 3.74165738677 3.67533890676 2 2 2 1.982092293 2.36848259389 3.0884299661 9.0605622 1.1329040300000002 7.0 2.5633698149999997 391.5 391.5088354466849 0.566452015 3.5 3.49621221815 2 3 2 8.43108971 2.22568429794 8.71991653012 7.291107 1.7663724000000016 11.0 2.9315108 389.5 389.51194136981394 0.8831862 5.5 5.506478344 10
2 1 2 3.550057966 2.07965497132 4.11435005337 6.45974714 1.9213255 650.0 5.49908439 722.0 722.0229338404738 0.96066275 325.0 324.996993541 1 2 1 0.175424205 2.48923465582 2.49540834803 9.0605622 0 0 3.12982183 388.0 388.012623228533 0.0 0.0 0.0 1 2 2 8.781694 1.86503308891 8.97755523137 6.5368957 1.676056 261.0 5.698867700000001 526.5 526.5359654615525 0.838028 130.5 130.482015847 10
1 1 1 5.1526772 1.24986146995 5.3020973229 3.8239287 0 0 3.8239287 586.0 586.0124763438938 0.0 0.0 0.0 1 1 1 -0.757008141429 0.654006653686 1.00039293743 1.76168825 0 0 1.76168825 568.0 568.0027319876993 0.0 0.0 0.0 1 1 1 7.97812331429 0.471705867576 7.99205593345 1.5798337 0 0 1.579833700000001 399.0 399.00312765004696 0.0 0.0 0.0 10
2 3 3 -0.58300782 0.442189795422 0.731730779287 1.67404177 1.004943865 25.0 1.0040791933333333 407.6666666666667 407.668423078999 0.605771787876 23.5702260396 23.5690183384 2 1 2 2.68045353 0.454430285464 2.7187015303 1.5935363 1.0107727 247.0 1.0881499499999998 709.5 709.5011852666096 0.50538635 123.5 123.499018583 2 2 3 9.3191665 0.720410934357 9.34697042731 2.698547 1.2086714999999995 123.0 1.4795740000000013 473.0 473.0033376572415 0.684858101401 115.965512115 115.96335945 11
1 2 1 -0.301568606 0.531692265181 0.6112612281 1.75831605 0 0 1.13148497 391.0 391.0016371554438 0.0 0.0 0.0 1 2 2 2.61954804 0.482544821007 2.66362186471 1.6821747 0.08863840000000023 1.0 1.6378555 586.5 586.5022884976678 0.0443192 0.5 0.500121814012 2 2 3 9.52574912 1.15751424015 9.59581864738 3.4896853 0.4753032999999993 195.0 2.650385433333333 488.5 456.007834430847 0.280459523179 97.5 91.9236538557 11
2 1 1 -0.1283325192 0.501751224028 0.517903008581 1.75831605 0 0 1.75831605 592.0 592.0026112065146 0.0 0.0 0.0 2 2 2 2.25531308 0.503914642952 2.31092342067 1.9246216 1.3942413999999999 9.0 1.2275009000000001 587.5 587.5017071975744 0.6971207 4.5 4.4985303895 2 2 3 9.48672635 1.40766416693 9.5905941029 3.9068147 0.44440465000000007 160.5 3.2853649333333337 498.0 498.0114462778293 0.355955553623 147.098606384 147.096973808 11
2 2 2 1.35550200818 2.34095340225 2.70507828457 8.4348295 0.18185425999999993 390.0 1.37391663 586.0 586.001739331223 0.09092713 195.0 194.999634398 3 3 3 1.09442692727 4.31050711351 4.44727353271 14.9931793 7.06694775 3.5 4.1053517 392.3333333333333 392.36865876116116 3.33141776476 2.62466929134 2.66855994963 2 2 2 7.41727791364 5.51494199889 9.24286735268 21.02774 12.488739000000002 3.0 9.7346805 389.5 389.67223610018607 6.2443695 1.5 1.34334194099 12
2 1 1 2.46222428889 1.87476423767 3.09471959887 6.2876585 0 0 1.2829895 391.0 391.00210493302603 0.0 0.0 0.0 2 1 2 -1.52485656667 4.2954392477 4.55806821796 14.9931793 10.953125 279.0 9.5166168 530.5 530.6497685515396 5.4765625 139.5 139.362411964 2 2 2 7.68297661667 6.08829312417 9.80282830912 21.02774 7.805482000000001 282.0 12.076309 529.0 529.1893742170604 3.902741 141.0 140.860480058 12
1 1 1 1.37806396 0.216831452613 1.39501833561 0.5623017 0 0 0.5623016999999999 670.0 670.0002359575717 0.0 0.0 0.0 1 1 1 -2.2183716 0.216659502684 2.22892662414 0.5717316 0 0 0.5717316000000001 474.0 474.00034480686026 0.0 0.0 0.0 1 1 1 9.3956756 0.125769967351 9.39651733703 0.32727 0 0 0.3272700000000004 474.0 474.00011298063305 0.0 0.0 0.0 12
3 2 2 -0.147341643636 0.877262794688 0.889550207067 2.4516754 0.23286434999999994 39.0 0.314872725 371.5 371.500157297374 0.116432175 19.5 19.499893059 2 2 2 2.22601738182 0.577604407062 2.29973481845 2.0261383 1.2780304999999994 430.0 1.3871230499999998 567.0 567.0017099026267 0.63901525 215.0 215.000914924 3 2 4 9.11381119091 1.24657471799 9.1986685423 4.5817719 1.406006 8.333333333333314 2.764557 397.25 397.261395825503 1.13254886787 10.8253175473 10.8193728616 13
2 1 2 -0.843614193 0.414222632324 0.939821948967 1.3226776 0.467453 191.0 1.0889511 490.5 490.5014192946484 0.2337265 95.5 95.4992047742 2 3 3 2.18547365 0.514838481892 2.24529591308 1.8095551 0.9227830000000001 93.5 1.194366433333333 457.3333333333333 457.3349645076202 0.462502450508 90.9957263954 90.996542014 2 2 3 9.04395901 1.03082674385 9.10251604505 3.6193234 0.8268661999999996 1.0 3.068079266666666 391.5 391.3455702109848 0.404426899017 0.5 0.470476080541 13
2 2 2 -0.165313714444 0.824259085925 0.840673340194 2.5078125 0.17205806999999984 247.0 1.236648565 518.5 518.5016228070308 0.086029035 123.5 123.499408287 2 1 2 1.98237268889 0.288458086932 2.00324974618 0.7416992 0.10900869999999996 261.0 0.6398620499999998 525.5 525.5004357352644 0.05450435 130.5 130.499825426 1 2 2 9.58967083333 0.787665129126 9.62196461474 2.579956 0.680282 68.0 1.9072189999999987 422.0 422.00435126330336 0.340141 34.0 34.0011866712 13
2 2 3 3.883412082 6.35186107374 7.4449330755 22.1260372 10.676345609999998 34.0 15.00847346 412.6666666666667 412.9941419662466 7.26832877089 27.9205221218 28.0580632549 1 3 2 -1.17534483 3.42835513976 3.62423156458 12.745972 9.8371278 265.0 7.8274081 519.5 519.5677528456027 4.9185639 132.5 132.556820992 1 2 2 7.310687187 3.35989790801 8.04581015799 11.80020143 7.513397230000001 11.0 7.360168315 392.5 392.58600152129065 3.756698615 5.5 5.56922540703 14
2 2 2 3.9983462625 6.1089484665 7.30109746553 18.00132713 17.316787339999998 1.0 9.21376781 389.5 389.704843506659 8.65839367 0.5 0.704447053859 1 1 1 -2.895536425 2.16242493949 3.61389164301 6.9938966 0 0 1.515976 783.0 783.0014675485817 0.0 0.0 0.0 1 1 1 8.8950672375 1.78105021554 9.07162394668 6.3647461 0 0 0.1539009999999994 582.0 582.0000203483826 0.0 0.0 0.0 14
2 2 2 -0.546728511 1.22359512289 1.34018546832 4.1905517 1.4514312399999998 145.0 3.03780362 513.5 513.5090730829045 0.72571562 72.5 72.5030121825 2 2 2 3.15992126 1.38219546128 3.44899502212 4.7021332 0.18852230000000003 51.0 1.2765732500000002 415.5 415.50196135941525 0.09426115 25.5 25.5001692329 1 1 1 8.91689757 2.70510651664 9.31818992832 8.273666 0 0 6.587432700000001 390.0 390.0556297114259 0.0 0.0 0.0 1
2 2 3 0.155384829 1.94029060652 1.94650252578 6.8633575 1.1231689299999998 92.5 4.206329313333334 457.6666666666667 457.68756315291085 0.532405966876 90.7683253613 90.7619846864 1 1 1 3.90096894 1.57277819941 4.20608962522 4.7021332 0 0 4.3365936 391.0 391.02404791016573 0.0 0.0 0.0 0 0 0 8.54122161 2.76677620579 8.97816892045 8.273666 1
3 2 4 0.667929075 1.89710412396 2.01125167654 6.0306702 1.4469909999999997 41.0 4.94542695 418.75 418.77992476979335 0.978654353343 45.8441653867 45.8480056477 1 1 1 4.40895691 1.70014240368 4.72539789087 5.3070982 0 0 2.8647612999999996 593.0 593.0069197381308 0.0 0.0 0.0 1 1 1 8.99062044 2.43604865576 9.31480482616 7.794113 0 0 4.421173 510.0 510.0191631406568 0.0 0.0 0.0 1
2 2 3 0.54990387 1.84156974012 1.92191919028 5.8599549 1.5074158 106.0 4.234069833333334 459.6666666666667 459.6886841891524 0.754464986962 100.645693179 100.637021981 0 1 0 4.5706619 1.88660902249 4.94471877945 6.1631775 0 0 0 8.59132851 2.58574838308 8.97201316692 8.6148376 1
2 2 3 0.89264679 1.79991365059 2.00910612992 5.4440918 0.5373077499999992 103.0 5.085886633333334 451.6666666666667 451.69730493663377 0.371133171435 92.8989893498 92.8899816754 1 1 1 4.09630736 1.65778313362 4.41904728485 5.3074799 0 0 3.8049621 790.0 790.0091630712789 0.0 0.0 0.0 1 1 1 8.44569391 2.70149896058 8.86723419424 9.8696286 0 0 4.881714 783.0 783.0152176883779 0.0 0.0 0.0 1
2 2 2 0.826092521 1.55654689114 1.76217680088 4.8351745 0.8297271400000001 14.0 4.159690830000001 590.0 590.0148460367241 0.41486357 7.0 6.99689901626 1 1 1 3.242773457 1.49307047242 3.56999147464 4.90254203 0 0 4.37959303 393.0 393.0244023405015 0.0 0.0 0.0 2 2 2 8.7153183 3.74298249435 9.48507728083 11.79924 2.5576929999999996 10.0 2.499778500000001 395.0 395.00987911375523 1.2788465 5.0 5.00796799671 1
2 1 2 0.394151301 1.65011171691 1.69653291344 5.06987 0.4978332999999999 297.0 4.71221925 525.5 525.5237098648454 0.24891665 148.5 148.491068215 3 2 3 3.480111732 1.73862910136 3.89024534179 5.53886403 1.2502286400000004 137.5 4.70537827 487.6666666666667 487.68980278283317 0.594024228668 131.763255711 131.762980554 1 0 0 8.52220928 3.76087200415 9.31516018347 12.7617952 1
2 2 3 0.6762664815 1.60109877321 1.73806030838 5.06987 0.4965362500000001 114.5 4.738845833333333 453.3333333333333 453.35993141187345 0.393762412911 92.167721513 92.1595589122 2 1 1 3.808332845 1.57500385027 4.12116927421 5.26797475 0 0 4.19767775 396.0 396.02224747922037 0.0 0.0 0.0 1 1 1 8.73799745 2.64158622811 9.12855833288 8.6815342 0 0 3.984344 400.0 400.0198432541945 0.0 0.0 0.0 1
2 2 2 1.4596115135 1.14517667879 1.85523459325 3.378799455 0.18707277499999986 206.0 2.8498840425 493.0 493.0085041911618 0.0935363875 103.0 102.998763989 2 1 2 3.22967989 1.26515579892 3.46863826125 3.5480501 0.07118239999999965 119.0 3.2832109000000003 642.5 642.5084452087231 0.0355912 59.5 59.4993997954 0 1 0 8.88515934 1.90069119992 9.0861809103 5.3286443 1
2 2 2 1.771879575 1.30793796691 2.20233034615 4.08970642 0.33874510000000013 307.0 3.03181458 542.5 542.5095288308689 0.16937255 153.5 153.496357333 1 2 2 3.2325684 1.4372169509 3.53766745535 3.9556275 0.5011597000000005 318.0 3.06822225 543.0 543.0090911230648 0.25057985 159.0 158.998753881 1 1 1 8.5374055 2.56153552771 8.91340321825 7.322861 0 0 0.9448393000000008 497.0 497.00089810915114 0.0 0.0 0.0 1
1 2 2 1.769291679 1.92488910189 2.61449633772 6.405838 1.31951908 222.0 5.74607846 487.0 487.0380970602248 0.65975954 111.0 110.983533519 1 0 0 3.48173375 1.3484749319 3.73374537801 3.8979187 1 0 0 8.48214726 2.69311691762 8.89942137851 7.6102147 1
2 2 3 1.8218337983 1.8009185835 2.56171546684 6.405838 2.4309539115000005 -5.0 4.785202059 384.6666666666667 384.6990002259595 1.34065114398 6.18241233033 6.167770752 2 1 1 3.88338474 1.28006591257 4.08891743367 4.0783694 0 0 2.9292604 390.0 390.0110005711262 0.0 0.0 0.0 1 1 1 8.73431392 2.66284080523 9.13120806942 9.6926422 0 0 5.8117527 766.0 766.022046986538 0.0 0.0 0.0 1
1 2 1 1.9579528663 1.47515089336 2.45145866472 5.12196346 0 0 2.921401977 793.0 793.0053811857214 0.0 0.0 0.0 1 1 1 3.80363619 1.35235108788 4.03689258351 3.8033755 0 0 3.250702 389.0 389.01358210670844 0.0 0.0 0.0 1 1 1 9.20373079 4.14553616218 10.0942622577 12.705994 0 0 9.5675816 398.0 398.1149816543867 0.0 0.0 0.0 1
1 2 2 1.277319321 1.726343434 2.14751165303 5.7961273 0.6741638399999994 171.0 5.459045379999999 489.5 489.53219405452717 0.33708192 85.5 85.4906181101 1 1 1 3.600353993 1.67041992975 3.96898622026 6.28475957 0 0 2.0307767999999995 371.0 371.00555798318095 0.0 0.0 0.0 1 1 1 9.02191929 3.89294150619 9.82598703672 12.705994 0 0 6.478897 404.0 404.051947286901 0.0 0.0 0.0 1
1 2 2 0.889933777 1.05722465959 1.38192116573 3.3955994 1.8320922999999998 24.0 2.3824768499999998 583.0 583.0055130130577 0.91604615 12.0 12.0036299873 1 1 1 3.163101203 1.67843032998 3.58082917674 6.28475957 0 0 2.2249756 773.0 773.0032021385297 0.0 0.0 0.0 1 1 1 8.91975095 2.10529909394 9.16483722087 6.82724 0 0 3.3079833999999995 399.0 399.0137124889001 0.0 0.0 0.0 1
3 2 3 1.159167485 0.918678443582 1.47906705087 3.61557005 2.69208523 109.0 1.8208465633333333 454.6666666666667 454.67129429286524 1.32533386208 92.362811179 92.3674878124 2 2 2 2.543402115 1.07105549145 2.75971994672 3.70935055 0.5203398999999997 106.0 2.09449005 637.0 637.0034492208626 0.26016995 53.0 53.0005684658 1 1 1 9.20665431 2.09806932951 9.44268915592 7.07637 0 0 3.3079833999999995 399.0 399.0137124889001 0.0 0.0 0.0 1
2 2 3 1.7185699296 1.55223912677 2.3157998423 5.34443645 1.5190199020000001 -85.5 3.9120635193333335 518.0 518.0150744498088 0.736286194483 87.7762306474 87.7775350973 1 2 2 2.715185545 1.04847701298 2.91059041957 3.70935055 1.65124515 215.0 2.7364806749999997 486.5 486.50774880908045 0.825622575 107.5 107.502931717 1 1 1 8.64976652 2.580819681 9.02657693017 8.2158353 0 0 1.1256249999999994 381.0 381.00166276755357 0.0 0.0 0.0 1
2 2 2 2.3870116846 1.40442149115 2.76951701696 4.924743454 2.8601529540000006 189.0 3.4946669770000005 480.5 480.513305320644 1.430076477 94.5 94.5077839431 2 2 3 2.07789459 1.40564069169 2.50867927031 4.9147644 2.9657441 103.5 2.861277266666667 452.0 452.01273693411963 1.39841236385 100.422441051 100.415610244 1 1 1 8.4384506 3.72499904904 9.22404826765 13.4036867 0 0 3.9750820000000004 383.0 383.02062774334587 0.0 0.0 0.0 1
1 1 1 2.47129313 1.3300746336 2.80649038219 4.29039003 0 0 2.0645905 386.0 386.00552137752214 0.0 0.0 0.0 2 2 2 1.92705958889 1.58021792431 2.49211704128 5.3582916 1.3609315000000004 29.0 4.1579742500000005 397.5 397.5226182910631 0.68046575 14.5 14.4920574978 1 2 1 9.12363685556 4.03309951723 9.97530155875 13.4036867 0 0 3.9750820000000004 383.0 383.02062774334587 0.0 0.0 0.0 1
2 3 4 3.72794281545 4.36614256889 5.74114610223 15.15046737 8.626454903333332 0.5 8.492241182499999 391.3333333333333 391.6287662817467 5.35905320675 0.471404520791 0.497023351133 0 0 0 1.21423756055 1.52512768416 1.94945820843 6.122818 1 2 1 7.37474750909 5.05776768273 8.94247811042 16.9987483 0 0 15.048217300000001 392.0 392.2887314770946 0.0 0.0 0.0 2
2 1 2 3.53953726 3.93827239723 5.29512166902 14.96208236 11.0596318 198.0 9.432266460000001 490.0 490.14954703339765 5.5298159 99.0 98.8633807707 1 1 1 0.472564694 0.834521723388 0.95903279236 2.5137635 0 0 1.323013294 697.0 697.0012556403153 0.0 0.0 0.0 1 2 1 9.54569672222 1.93919841318 9.74067843624 7.754867 0 0 3.784363 583.0 583.0122823777521 0.0 0.0 0.0 2
1 1 1 2.1598765 0.8423277197 2.31831457801 2.3527832 0 0 2.3527832 898.0 898.0030821710949 0.0 0.0 0.0 1 2 1 1.56398774 0.983309969305 1.84741877943 2.93464661 0 0 1.1131439099999998 499.0 499.0012415709648 0.0 0.0 0.0 1 1 1 9.29231008333 0.523749273276 9.30705861086 1.712799 0 0 1.1626740000000009 695.0 695.0009725250967 0.0 0.0 0.0 2
1 2 2 -0.502387310464 0.733955030432 0.889428466158 2.59730526 1.2313536999999997 170.0 1.98162841 891.0 891.0023066958813 0.61567685 85.0 85.0011492379 2 2 3 2.7584409 0.480299828545 2.79994359302 1.6393739 0.5113907 109.5 1.2915802666666665 464.0 464.0021060397139 0.285145140039 103.94549854 103.944512817 2 2 2 9.12790872727 0.673272568497 9.15270526593 2.57605 1.2214969999999994 195.0 1.9653015000000007 487.5 487.50503792871973 0.6107485 97.5 97.4965302861 3
2 1 2 -0.947668457 0.467181073742 1.05656692171 1.54879757 0.8747253700000002 325.0 1.111434885 618.5 618.5010169606599 0.437362685 162.5 162.500518745 2 2 3 2.93460693 0.563590440769 2.98823560292 1.3904266 0.041656499999999985 34.0 1.286728 412.6666666666667 412.66869294090907 0.034532742248 31.3510588161 31.350811705 2 2 2 9.0767394 0.869419134633 9.11828315897 2.57605 0.6230770000000003 66.0 2.2645115000000002 423.0 423.00634487724426 0.3115385 33.0 32.9978372347 3
1 1 1 -0.664103185556 0.291417342922 0.725229004398 0.81797786 0 0 0.54933166 782.0 782.0001929445239 0.0 0.0 0.0 2 1 2 2.8996531 0.566983432826 2.95456567255 1.6061554 0.05892940000000024 4.0 0.9225463999999999 397.0 397.0010726783512 0.0294647 2.0 2.00006306582 2 2 3 9.03016162222 0.866845194488 9.07167236592 2.6335754 0.3470307000000008 11.5 2.4022216000000003 391.6666666666667 391.67405785998085 0.163702950789 5.79271573233 5.79337553601 3
2 2 3 -0.694169617 0.334916937681 0.770740431216 1.13424686 0.603256255 162.0 0.7320760233333333 542.0 542.0006189308075 0.362047420279 77.3433901507 77.3433648884 2 3 3 3.08675842 0.527338643824 3.13147945686 1.7966614 0.6585541500000001 36.5 1.1442006999999998 417.3333333333333 417.33506137854056 0.311515802562 33.0084164351 33.0078694886 2 3 3 8.88442846 0.854565953041 8.92543287628 2.8222964 0.5555572999999998 32.0 2.4183554666666667 405.3333333333333 405.340580012468 0.266549766701 21.0607586652 21.0618221853 3
2 2 2 -0.743655399 0.346866054274 0.820572612308 1.17454532 0.10911563000000002 157.0 0.750862135 512.5 512.500578768407 0.054557815 78.5 78.4998314173 3 2 3 3.21244355 0.507691816171 3.25231372136 1.6251678 0.23378750000000004 32.0 1.0138498666666667 416.3333333333333 416.3346002061715 0.111455559899 33.767176699 33.766960949 3 2 3 9.0766022 0.799960997174 9.11178605401 2.788727 1.0743864999999992 25.0 2.0724693333333337 403.6666666666667 403.67217481520606 0.506496786891 21.4838440591 21.4862812378 3
3 2 3 -0.0119064384 0.657019321061 0.657127195848 1.9478149 0.29318996399999997 28.5 0.890813178 479.0 479.0009061659884 0.159205530352 84.7624130536 84.7621227515 2 3 4 2.65422365 0.898661440846 2.80223046331 2.758728 1.3167521999999996 21.333333333333314 1.5877380500000002 407.0 407.00339785727704 0.611077992792 30.9596511608 30.9617257442 2 2 3 9.257634 0.635522580456 9.27942219258 1.776291 0.03896400000000089 133.0 1.6820630000000005 474.6666666666667 474.669819916314 0.0333731259948 124.68716409 124.686510271 3
1 2 2 -0.3793075594 0.99655816333 1.06630314523 2.7200317 1.633758546 321.0 1.9031524269999998 620.5 620.5030095915324 0.816879273 160.5 160.501726996 2 1 2 2.48176576 0.801558095139 2.60799859421 2.5753022 0.2286988000000001 516.0 2.4609528 718.0 718.0050149047489 0.1143494 258.0 257.997806068 2 3 3 9.2025651 0.519658610642 9.21722569385 1.703201 0.9111710000000004 129.5 1.0957536666666663 477.3333333333333 477.3346119436073 0.429984106938 122.80155627 122.802227734 3
2 1 2 -1.006115722 0.412635610925 1.08744516802 1.22732544 0.11192320000000011 591.0 1.1103592000000002 686.5 686.5011527908796 0.0559616 295.5 295.499413275 2 2 3 2.63577118 0.503061408459 2.68334874625 1.4638977 0.155281 85.0 1.3603770333333334 457.6666666666667 457.66883624841813 0.117432959747 90.9517576643 90.9510898406 3 2 3 9.12477725 0.510766717449 9.13906135781 1.834778 0.8214412500000012 38.0 1.0782264999999995 411.3333333333333 411.3348526038281 0.387351168039 32.355662393 32.3566321903 3
2 2 2 -0.302244569 0.509694897638 0.592571234679 1.5388794 0.9426879799999999 173.0 0.79971315 487.5 487.50077087505775 0.47134399 86.5 86.5006364283 2 3 3 2.71465606 0.519165253832 2.76385420833 1.4982758 0.21710209999999996 26.0 1.3191629666666667 412.3333333333333 412.3354927101723 0.142822445858 20.4178571082 20.4173628882 2 3 3 9.25171655 0.762038447639 9.28304700609 2.044281 0.26268050000000187 18.0 1.7668046666666666 412.0 412.00387320816213 0.131278060747 32.9545141066 32.9537144209 3
2 1 2 -0.1376312275 0.438345486898 0.459444360795 1.53976441 0.47073364500000014 129.0 1.3043975875 720.5 720.5011905830354 0.2353668225 64.5 64.5003195266 3 2 3 2.48952941 0.592329908564 2.55902547932 1.8234558 0.23746489999999998 1.0 1.210494966666667 395.6666666666667 395.66853461993486 0.111948350221 0.942809041582 0.942625169867 2 2 2 9.2458084 0.636196441721 9.26767062869 2.044281 0.07778899999999922 8.0 1.6937404999999988 396.0 396.0036227505392 0.0388945 4.0 4.00012976191 3
1 2 2 -0.6635787945 0.459320681034 0.807039221188 1.610443095 0.54141233 82.0 1.33973693 615.0 615.0015651108989 0.270706165 41.0 40.9993059455 2 3 3 2.15127257 0.347764665396 2.17920029665 1.1327972 0.29196935000000024 46.5 0.9381509666666666 411.0 411.0011086738138 0.137638317486 33.7934904974 33.7933091076 2 2 2 9.170224 0.456098409725 9.18155945194 1.811203 1.0861970000000003 247.0 1.2681045000000006 525.5 525.5022425526647 0.5430985 123.5 123.498162404 3
1 2 2 -0.5168731675 0.517828719648 0.731645032905 1.84184263 1.1905975 402.0 1.24654388 591.0 591.0013426986674 0.59529875 201.0 201.000798955 3 2 3 2.29488984 0.435931749646 2.33592719666 1.5188599 0.7023163500000005 8.5 0.9775898999999999 385.6666666666667 385.6680496676178 0.340283625674 4.18993502999 4.19049804531 3 2 3 9.25229635 0.568169998867 9.26972517909 1.811203 0.5016937500000003 6.0 1.4767405000000007 394.0 394.0028436923985 0.264514208311 5.65685424949 5.6577285702 3
2 3 3 -0.1319625915 0.277078527873 0.306898413426 0.92361453 0.22550203499999988 0.5 0.6527964399999999 390.3333333333333 390.33389851205993 0.122119367484 0.471404520791 0.47123459361 2 3 3 2.28550265 0.545207604045 2.34963267228 1.8437958 0.1949920500000002 39.0 1.3158061000000003 411.0 411.00213306703034 0.162635932423 33.2966464778 33.296712708 2 3 3 9.3411438 0.712101875837 9.36824725196 2.5344545 0.9274672500000003 0.5 1.9161430000000006 390.3333333333333 390.3384483656432 0.567217393635 0.471404520791 0.471593472725 3
2 2 2 -0.0691604577 0.729209646749 0.732481998292 2.6261597 0.16645812699999996 2.0 0.7199020665 391.0 391.00067198913456 0.0832290635 1.0 0.999845041791 2 2 2 1.81993562 0.704713378285 1.95161128468 2.3522034 0.4599609999999996 7.0 1.3164672999999998 388.5 388.50229171266517 0.2299805 3.5 3.50075865914 1 1 1 9.6607118 0.75555592403 9.6902124454 2.5344545 0 0 2.5344545000000007 390.0 390.0082351176864 0.0 0.0 0.0 3
1 2 2 -0.2609558037 0.825365741696 0.865636493599 2.6261597 0.13343809999999978 41.0 2.55944065 618.5 618.5052959068917 0.06671905 20.5 20.5001005608 1 2 2 1.97948456 0.78480631894 2.12938490685 2.3184204 1.4000854 7.0 1.5736389000000002 397.5 397.5037559849209 0.7000427 3.5 3.49719559789 2 1 2 9.30791478 0.943543594029 9.35561607087 2.7897647 0.46427899999999944 44.0 2.5576251999999995 423.0 423.00774377957856 0.2321395 22.0 22.0010008391 3
2 2 3 -0.374353027 0.491209019785 0.617597352603 1.50463867 0.12459565000000006 192.0 1.4215749033333331 524.0 524.0020985567147 0.105316165921 177.49553985 177.495068499 3 2 2 2.55829773 0.528085298077 2.61223302126 1.5259399 0.37957759999999974 16.0 1.063385 393.0 393.00149555790813 0.1897888 8.0 7.9994560249 2 3 3 8.99741528 0.738300034606 9.0276557678 2.3254857 0.7456971999999995 3.5 1.8283542333333334 394.3333333333333 394.3380834978171 0.642781674804 4.7842333648 4.78524998504 3
2 1 2 -0.269827269 0.399355713743 0.481966535348 1.27297972 0.27493285999999995 244.0 1.13551329 518.0 518.0014121263612 0.13746643 122.0 121.999366074 2 2 3 2.63609009 0.576709399065 2.69843745408 1.8008728 0.6343384500000002 15.0 1.1412403999999998 411.0 411.0017146205411 0.31940094753 22.3755819291 22.3754707718 3 2 3 9.1847688 0.677388079187 9.20971403027 2.470734 1.130043249999999 35.0 1.2450968333333325 413.3333333333333 413.33564288552833 0.534415293208 31.5946549629 31.5934938382 3
1 1 1 -0.325238038 0.482355276557 0.581761458146 1.7586823 0 0 1.28227236 781.0 781.0010526384746 0.0 0.0 0.0 3 2 3 2.63169861 0.526869606292 2.68392048241 1.5747833 0.22357950000000004 6.5 1.4150797 396.3333333333333 396.3358718643174 0.112001335048 3.68178700573 3.6821644551 2 3 3 9.21867223 0.847435946213 9.25754100002 2.7329867 0.34015645000000116 17.5 2.1897482333333325 391.6666666666667 391.67281196617705 0.172506613895 10.2740233383 10.2745537956 3
1 2 2 -0.3300247159 0.468370593313 0.572963633912 1.7586823 0.35635380000000016 147.0 1.5805054000000003 715.5 715.501745805155 0.1781769 73.5 73.5002142453 2 3 3 2.52085876 0.482211373934 2.56656515542 1.5468292 0.3317032000000002 38.0 1.2072397333333333 411.3333333333333 411.33522187241493 0.224604398547 31.678944988 31.6782226261 3 2 3 9.23276223 0.766217315416 9.26450146366 2.4165192 0.7392653499999993 12.5 1.9236756333333336 390.3333333333333 390.33822739884937 0.394200623399 10.4029910229 10.4046857969 3
1 2 2 2.909486363 3.3677992899 4.45052614345 9.72192342 0.796035719999999 130.0 9.32390556 520.0 520.0841598997506 0.39801786 65.0 64.9966172541 2 1 2 1.533523562 1.39126148833 2.07058036408 5.0703125 0.14442440000000012 3.0 1.9146347000000001 390.5 390.5046991170658 0.0722122 1.5 1.50033600443 2 1 2 8.40848388 2.4799873185 8.7665807622 7.8942563 0 0 7.4595108 389.0 389.07175846564553 0.4347455 0.0 0.00833519442608 4
1 1 1 2.536227417 2.51082106789 3.56884742539 8.64596583 0 0 3.1702727 780.0 780.0064426842847 0.0 0.0 0.0 1 1 1 0.0447982717 1.54551773729 1.54616686079 5.5358735 0 0 2.1429444209999997 390.0 390.0058874052948 0.0 0.0 0.0 2 2 2 9.54851536 1.19733761997 9.62329272943 4.9035954 2.7701730000000016 390.0 1.6958004999999998 585.0 585.0061153770631 1.3850865 195.0 194.99394651 4
2 2 3 -0.524414062 0.207559591162 0.563995649191 0.61221313 0.34193420499999994 123.0 0.38425699333333335 473.0 473.0001681872432 0.173819241836 83.1544747243 83.1545875347 1 2 2 2.23661194 0.13796201673 2.2408628892 0.3801575 0.29008480000000003 182.0 0.2351150999999999 677.0 677.0000505053947 0.1450424 91.0 91.000043583 2 1 2 9.3250444 0.0590711710773 9.3252314966 0.170364 0.12927200000000028 377.0 0.10572800000000093 579.5 579.5000105275187 0.064636 188.5 188.500008368 5
2 2 2 -0.391085816 0.0657122864191 0.396568052247 0.19061279 0.13473511 110.0 0.12324523500000004 446.0 446.0000247890092 0.067367555 55.0 54.9999783271 2 2 3 2.3638855 0.0559783080839 2.36454820803 0.2198028 0.02412420000000015 141.5 0.07461550000000002 496.3333333333333 496.33333914667634 0.0223036102285 75.1901293758 75.1901313323 2 2 2 9.28164375 0.0275278983154 9.28168457162 0.090973 0.01046699999999845 110.0 0.04632550000000002 446.0 446.0000024061493 0.0052335 55.0 55.0000002469 5
2 1 1 -0.411036682 0.0717777609832 0.417256756592 0.22885132 0 0 0.13960266 392.0 392.00002485829344 0.0 0.0 0.0 2 1 2 2.44587251 0.0734993244845 2.44697660101 0.2159423 0.1728668 566.0 0.12950890000000004 685.0 685.000013197067 0.0864334 283.0 283.000010889 1 1 1 9.25547945 0.0691786592044 9.25573797902 0.213898 0 0 0.0899049999999999 391.0 391.00001033620066 0.0 0.0 0.0 5
2 2 2 -0.535253906 0.14489971835 0.554520218086 0.44245911 0.003677349999999968 213.0 0.230689995 483.5 483.50005804707456 0.001838675 106.5 106.499986337 3 2 2 2.38895873 0.123647563465 2.39215646094 0.3645783 0.23410049999999982 10.0 0.15133675000000024 382.0 382.00004852570316 0.11705025 5.0 4.99995299311 2 1 2 9.250586 0.102988594747 9.25115927838 0.344605 0.20771799999999985 20.0 0.16854099999999939 387.0 387.000049500921 0.103859 10.0 10.0000439522 5
2 2 2 -0.664471438 0.100398954752 0.672013572804 0.368927 0.005798309999999973 11.0 0.229629515 382.5 382.50006897799994 0.002899155 5.5 5.49999726769 2 2 3 2.28407132 0.0583044136228 2.28481535348 0.1983338 0.040519799999999995 45.0 0.11762489999999988 421.0 421.000017206281 0.0211586297956 40.3236903073 40.323687773 2 1 1 9.27389985 0.114014847723 9.27460068215 0.385727 0 0 0.2723999999999993 397.0 397.00009345308723 0.0 0.0 0.0 5
1 2 2 -0.57957459 0.127618190604 0.593458598342 0.45758058 0.09460447000000005 5.0 0.14888001499999998 385.5 385.5000317705962 0.047302235 2.5 2.49998152585 2 1 2 2.36125487 0.084731738735 2.36277464618 0.2439881 0.08737180000000011 299.0 0.15895079999999973 627.5 627.5000201603364 0.0436859 149.5 149.500006263 1 1 1 9.25667415 0.0905218629144 9.25711675021 0.332946 0 0 0.2615199999999991 1170.0 1170.0000292276536 0.0 0.0 0.0 5
2 1 1 -0.485229495 0.0446877246113 0.487282931723 0.15110778 0 0 0.10157777999999995 388.0 388.00001329645 0.0 0.0 0.0 2 1 1 2.46064912 0.0469159519244 2.46109634072 0.1474915 0 0 0.07632450000000013 395.0 395.00000737396107 0.0 0.0 0.0 2 2 3 9.2387924 0.0534988811868 9.23894729613 0.158997 0.02172149999999995 104.5 0.14451599999999942 458.6666666666667 458.6666901692858 0.0179823513665 92.2327972518 92.2327953463 5
1 2 1 -0.526661678 0.053107059923 0.529332488033 0.15003968 0 0 0.15003967999999995 781.0 781.0000144122313 0.0 0.0 0.0 1 1 1 2.48687746 0.058092997402 2.4875558883 0.206131 0 0 0.10929870000000008 781.0 781.000007648019 0.0 0.0 0.0 2 2 2 9.2305542 0.0397977460789 9.23063999405 0.128327 0.036223999999998924 301.0 0.10105900000000023 539.5 539.5000116199017 0.018112 150.5 150.499993366 5
1 2 2 -0.561640924 0.0344790365538 0.562698259703 0.10984805 0.007598859999999985 8.0 0.08654787000000003 390.0 390.00000963141656 0.00379943 4.0 3.99999905806 1 1 1 2.53951873 0.126334162643 2.54265917902 0.384964 0 0 0.3049010999999999 1085.0 1085.000042840866 0.0 0.0 0.0 1 2 2 9.1986816 0.0488075357936 9.19881108371 0.152649 0.07566899999999954 93.0 0.09110250000000075 542.5 542.5000084865268 0.0378345 46.5 46.5000056262 5
1 2 2 0.281782529 0.894805798802 0.938125157545 2.87321474 0.8446655299999999 217.0 2.365829485 484.5 484.50676110989855 0.422332765 108.5 108.496423687 1 2 2 0.142662049 2.01233998766 2.01739056362 6.3452759 5.8630371 377.0 3.03076175 591.5 591.5113997852899 2.93151855 188.5 188.511387565 2 2 3 7.96187737 3.18978173455 8.57707402142 12.313461 4.805267 83.5 9.109949666666667 459.6666666666667 459.7807393980218 3.06428798976 99.1844521866 99.1214039571 6
1 2 1 0.5064784412 0.455066451 0.68088610371 1.4734649416 0 0 1.3378448200000002 398.0 398.00224852224443 0.0 0.0 0.0 1 1 1 -1.29493713429 1.36838121474 1.88396638256 3.95123292 0 0 3.95123292 859.0 859.0090874033801 0.0 0.0 0.0 1 2 2 8.36024037143 2.6344095207 8.76548530264 7.970764 7.260910000000001 77.0 4.340309 429.5 429.5342583313918 3.630455 38.5 38.5336139679 6
1 2 2 0.130488583 0.47086301817 0.488609508886 1.48434445 1.08261108 247.0 0.9430389100000001 709.5 709.5007300997613 0.54130554 123.5 123.500592395 1 1 1 2.38661652 0.181952420575 2.39354237416 0.5033569 0 0 0.08186340000000003 442.0 442.0000075810138 0.0 0.0 0.0 2 1 1 9.3023958 0.125017901742 9.30323584005 0.427933 0 0 0.3453980000000012 391.0 391.0001525572316 0.0 0.0 0.0 7
2 1 1 0.314544674909 0.257838141073 0.406717173852 0.845138522 0 0 0.40173337 586.0 586.0001377045064 0.0 0.0 0.0 0 1 0 2.4661463 0.0778275746571 2.46737405036 0.2208252 3 2 3 9.27650872727 0.0463323883106 9.27662443227 0.18193 0.04937699999999978 7.5 0.06806400000000028 395.0 395.00000713748955 0.0318417060263 6.37704215657 6.37704278268 7
1 2 1 0.0980026247 0.0619723829883 0.115952967626 0.239059452 0 0 0.10739135799999999 382.0 382.00001509542346 0.0 0.0 0.0 0 1 0 2.43116914 0.0361471766241 2.43143784738 0.1072846 1 2 2 9.2840545 0.0410298396298 9.28414516295 0.142257 0.033782999999999674 295.0 0.09510750000000101 551.5 551.5000082720608 0.0168915 147.5 147.500000701 7
1 1 1 0.0486823183333 0.061840731063 0.0787035204849 0.212722776 0 0 0.118957517 382.0 382.000018522108 0.0 0.0 0.0 1 1 1 2.49794177778 0.0304264071536 2.49812707672 0.1087647 0 0 0.10876470000000005 1378.0 1378.0000042923657 0.0 0.0 0.0 1 1 1 9.24214005556 0.0288174379041 9.24218498253 0.095719 0 0 0.08743300000000076 382.0 382.0000100059285 0.0 0.0 0.0 7
1 1 1 -0.0382232665 0.0681432487908 0.0781314306646 0.21405029 0 0 0.142822266 789.0 789.0000129266157 0.0 0.0 0.0 2 2 2 2.54937898 0.033610514258 2.5496005276 0.1012878 0.0009919000000002676 214.0 0.051628150000000206 486.0 486.0000028943999 0.00049595 107.0 106.99999931 1 1 1 9.22695625 0.0290951754482 9.2270021225 0.096878 0 0 0.09687800000000024 397.0 397.00001182033594 0.0 0.0 0.0 7
1 1 1 -0.0530334471 0.0519290435922 0.0742237972601 0.17471313 0 0 0.142944334 980.0 980.0000104250421 0.0 0.0 0.0 2 1 2 2.57446289 0.0162085762769 2.57451391333 0.0511628 0.008377100000000137 214.0 0.04103845000000006 490.0 490.00000190381184 0.00418855 107.0 106.999999233 1 1 1 9.2223222 0.0379807056986 9.2224004085 0.118225 0 0 0.09687800000000024 397.0 397.00001182033594 0.0 0.0 0.0 7
1 2 2 -0.0233901976 0.0289409203886 0.037211264648 0.1153717 0.03608703399999999 260.0 0.097328183 727.0 727.0000074077045 0.018043517 130.0 129.99999626 2 3 2 2.57572782 0.0216909029003 2.57581915087 0.0773927 0.020751799999999765 120.0 0.02647400000000011 537.0 537.0000007044634 0.0103759 60.0 60.0000004328 1 2 1 9.2320283 0.04230491384 9.23212522866 0.131851 0 0 0.06219399999999986 483.0 483.00000400423767 0.0 0.0 0.0 7
2 2 3 -0.0364715574 0.0145852020862 0.0392797991221 0.054336546 0.025215147000000007 -8.5 0.02956136 388.3333333333333 388.3333346305742 0.011947181615 10.2089285541 10.208928999 2 2 2 2.60042264 0.0275266436605 2.60056832687 0.0708161 0.03329460000000006 3.0 0.046279999999999655 395.5 395.5000030507733 0.0166473 1.5 1.50000193644 1 2 2 9.24096375 0.0302554785942 9.24101327901 0.1147 0.05851700000000015 185.0 0.08544150000000084 486.5 486.50000768339646 0.0292585 92.5 92.5000036776 7
1 1 1 -0.02979736275 0.0300947861039 0.0423506667893 0.10961914 0 0 0.08807372999999999 676.0 676.0000057374126 0.0 0.0 0.0 1 1 1 2.60469817 0.0206147724817 2.60477974609 0.0625306 0 0 0.018051199999999934 287.0 287.0000005676756 0.0 0.0 0.0 2 1 2 9.2263747 0.024749555072 9.22640789502 0.0877995 0.004516499999999368 76.0 0.0380862500000001 436.0 436.0000016647904 0.00225825 38.0 38.0000000522 7
1 1 1 3.44867776709 4.08419833885 5.34547045753 13.2004092 0 0 7.217086818 770.0 770.0338215572992 0.0 0.0 0.0 3 1 2 1.42831006364 2.9254571107 3.25551362222 9.8917389 2.0238343 12.0 7.295837349999999 390.0 390.0692740584768 1.01191715 6.0 6.01786128529 3 1 2 8.34532728182 3.83537026357 9.18447344704 13.3748629 6.047272000000002 171.0 8.25679 474.5 474.59398732383124 3.023636 85.5 85.4304638395 8
1 1 1 4.821153266 3.57475717206 6.00186701398 13.2004092 0 0 7.7947695999999995 584.0 584.0520168898632 0.0 0.0 0.0 2 2 3 -0.58875123 2.2873274557 2.36188376098 7.8679046 4.2224197 101.0 2.3135478333333332 440.5 423.67913498146544 2.09144662061 50.5 47.603052079 2 1 2 7.31507729 2.90773945397 7.87180439866 10.6842349 4.228043 195.0 8.5702134 487.5 487.57549687842925 2.1140215 97.5 97.522061547 8
1 1 1 -4.14278564 0.0823245952046 4.14360352809 0.3024903 0 0 0.08953849999999974 455.0 455.0000088100471 0.0 0.0 0.0 1 1 1 7.98512728 0.0798958311438 7.98552697207 0.303971 0 0 0.023681599999999747 455.0 455.0000006162837 0.0 0.0 0.0 1 1 1 -3.31988064 0.148728154662 3.32321042485 0.3942413 0 0 0.3942413 976.0 976.000079624076 0.0 0.0 0.0 9
1 1 1 -4.18925934 0.0694024948015 4.18983418813 0.2423095 0 0 0.1515196999999997 393.0 393.00002920892956 0.0 0.0 0.0 1 0 0 7.90328974 0.0533697784517 7.90346993716 0.165039 2 2 2 -3.48644102 0.0554382646186 3.48688175697 0.1408692 0.04187009999999969 3.0 0.11691284999999985 391.5 391.5000179927738 0.02093505 1.5 1.50000618285 9
2 2 2 -4.26249546 0.067722497673 4.26303341334 0.2180175 0.06451419999999963 258.0 0.11926259999999989 522.0 522.0000175115143 0.0322571 129.0 128.999988303 2 1 1 7.81614377 0.0699097770475 7.81645641005 0.2500305 0 0 0.12757869999999993 793.0 793.0000102624998 0.0 0.0 0.0 2 2 2 -3.57056883 0.0863182433398 3.57161204625 0.3025055 0.08255000000000035 258.0 0.17912289999999986 522.0 522.0000307418969 0.041275 129.0 129.000006566 9
2 2 2 -4.363826 0.0749471880896 4.36446954844 0.2449187 0.0715331999999993 125.0 0.12277209999999972 713.5 713.5000110045107 0.0357666 62.5 62.5000051904 1 1 1 7.69991148 0.0777402550315 7.70030391264 0.2511595 0 0 0.21458449999999996 1238.0 1238.0000185971353 0.0 0.0 0.0 2 2 2 -3.69589231 0.0980742432127 3.69719333066 0.3202514 0.12625110000000017 259.0 0.15727234999999995 521.5 521.5000243069021 0.06312555 129.5 129.500013001 9
2 2 2 -4.43189697 0.029502482919 4.43199516575 0.0999297 0.07289129999999933 128.0 0.06348405000000001 516.0 516.0000047086422 0.03644565 64.0 64.0000038999 1 1 1 7.62046205 0.0228961290405 7.62049644631 0.0731507 0 0 0.05012499999999953 403.0 403.00000311726507 0.0 0.0 0.0 2 1 1 -3.81459197 0.0611272946909 3.81508170866 0.2039642 0 0 0.06634530000000005 403.0 403.00000546116473 0.0 0.0 0.0 9
1 1 1 -4.44033508 0.0270901496452 4.44041771671 0.0934755 0 0 0.02703840000000035 452.0 452.0000008087114 0.0 0.0 0.0 0 1 0 7.58511353 0.0308261014933 7.58517616879 0.0956879 2 1 1 -3.90458985 0.0659863722743 3.90514738493 0.2432557 0 0 0.11332699999999996 390.0 390.00001646539573 0.0 0.0 0.0 9
1 1 1 -4.46167751 0.0405873536296 4.46186211536 0.1519166 0 0 0.04257199999999983 390.0 390.0000023235579 0.0 0.0 0.0 1 1 1 7.5443405 0.0308140978928 7.54440342828 0.105057 0 0 0.012618999999999936 395.0 395.0000002015686 0.0 0.0 0.0 1 1 1 -3.96041108 0.0535679241582 3.96077333927 0.1677553 0 0 0.15542599999999984 600.0 600.0000201310343 0.0 0.0 0.0 9
0 0 0 -4.47986141 0.0383567060127 4.48002561262 0.1315766 0 0 0 7.51950687 0.0251723220686 7.51954900335 0.065796 2 1 1 -3.95562744 0.0547796992315 3.95600673148 0.187668 0 0 0.11039729999999981 407.0 407.0000149724369 0.0 0.0 0.0 9
1 1 1 -4.48691561 0.0341264756821 4.48704538729 0.108948 0 0 0.09454350000000034 396.0 396.0000112859511 0.0 0.0 0.0 2 2 2 7.50383302 0.0217089289767 7.50386442239 0.0701906 0.005401400000000223 63.0 0.011367700000000092 416.5 416.50000015922353 0.0027007 31.5 31.5000000617 2 2 2 -3.96006166 0.0481921199101 3.96035488706 0.1698303 0.007430900000000129 258.0 0.10195154999999989 519.0 519.0000108805028 0.00371545 129.0 128.999996566 9
3 3 3 -0.84763032 5.62136460956 5.68491136544 18.9148104 8.58615905 10.5 6.985412666666666 388.0 388.08983760400906 4.44632068878 9.20144916123 9.13840100629 2 3 3 3.90283814 3.79940302455 5.44679804013 14.292572 4.541595399999999 19.0 3.2280529333333337 393.6666666666667 393.68566614407206 2.16250832898 8.99382504215 9.00146510546 2 1 1 1.182952858 5.8931652937 6.0107216408 17.450165 0 0 15.504959 976.0 976.1231498912377 0.0 0.0 0.0 10
2 2 2 4.85749823 5.10324113673 7.04544953527 16.4704745 2.360625999999998 7.0 11.529205699999999 384.5 384.67495776030324 1.180313 3.5 3.46303262471 2 3 2 0.443959063 3.07327732038 3.10517843892 9.9157866 3.7997587599999996 13.0 3.98729698 387.5 387.52484953318356 1.89987938 6.5 6.51913131857 2 2 2 1.59204404 5.60870962795 5.83028540604 16.8910217 0.3845060000000018 123.0 15.405037 516.5 516.7323269618498 0.192253 61.5 61.4780806368 10
1 2 1 6.39102178571 3.65571452643 7.36270386232 10.3488927 0 0 10.3488927 388.0 388.1379903850126 0.0 0.0 0.0 1 1 1 0.283560604286 2.17212815999 2.19055868667 6.064682 0 0 5.213714700000001 588.0 588.0231141893769 0.0 0.0 0.0 1 1 1 1.69411577143 4.86411097463 5.15068964514 15.59729 0 0 15.597290000000001 578.0 578.2104075986043 0.0 0.0 0.0 10
1 1 1 0.713505548 0.992564896771 1.22240551427 2.7801208 0 0 1.92509457 637.0 637.0029089329996 0.0 0.0 0.0 2 2 3 1.873748786 0.823561574392 2.04675063939 2.69023134 2.2206649400000003 122.5 1.2097880466666664 472.6666666666667 472.66989993963625 1.05444995017 82.697574867 82.6946661493 3 2 3 9.27969823 0.87192074859 9.3205710679 3.1225587 1.6137240000000004 24.5 1.0155380000000005 407.3333333333333 407.3353832533053 0.763934602619 23.8094285712 23.808271603 11
2 1 2 0.351448057 0.790579910405 0.865177630031 2.3357544 0.47708130000000004 79.0 2.09721375 741.5 741.5029766863938 0.23854065 39.5 39.5005161026 2 2 3 1.322857668 0.788034435659 1.5397891679 2.69023134 1.12899016 156.5 1.9375712333333333 494.3333333333333 494.3381628065816 0.551070286693 146.843075727 146.840634659 2 3 4 9.48964553 1.0730109589 9.55011648112 3.1549527 0.6250254666666666 26.333333333333314 2.6861836 420.75 420.75876633192865 0.463757776491 46.5315753011 46.5321524157 11
1 2 2 0.000233463 0.688590791856 0.688590831433 1.9745331 0.36634827000000003 588.0 1.791358965 690.0 690.0026232751337 0.183174135 294.0 293.999357811 2 2 2 1.522660842 0.593881835464 1.63437806956 2.03199772 0.29957579999999995 191.0 1.51764682 491.5 491.5023653355183 0.1497879 95.5 95.5000029208 2 2 3 9.510669 1.02558007124 9.5658057324 3.274551 0.844811 101.5 2.6036016666666666 457.6666666666667 457.67477164144157 0.400669406437 88.0315599973 88.0288362635 11
2 2 2 2.690107701 2.55506128705 3.71012366688 8.34764055 6.9141841 129.0 4.33923315 525.5 525.5332897889648 3.45709205 64.5 64.4673696792 1 2 2 1.752088954 1.50840037801 2.31194450693 4.6812593 0.6415405400000003 76.0 4.36048903 628.0 628.0151408334875 0.32077027 38.0 38.0013110569 2 2 2 4.75056457 4.08680163172 6.26656295834 11.8008572 4.946839200000001 487.0 5.924987600000001 621.5 621.5282638668562 2.4734196 243.5 243.512505833 12
2 1 1 0.226003023778 3.16544382406 3.17350153143 10.9706269 0 0 3.838973986 407.0 407.01810490599206 0.0 0.0 0.0 1 1 1 0.715313394533 1.06618292441 1.28390781628 3.4066315 0 0 1.1817627 377.0 377.0018522011253 0.0 0.0 0.0 1 1 1 -1.76454495556 5.86420935784 6.12393421688 17.7510984 0 0 14.702026100000001 377.0 377.28656160993205 0.0 0.0 0.0 12
1 1 1 -1.3106460495 1.92948881326 2.33253513319 5.80752567 0 0 5.8075256699999995 581.0 581.0290245369914 0.0 0.0 0.0 1 1 1 2.08766940635 1.94574326312 2.853818564 5.1790926 0 0 1.1817627 377.0 377.0018522011253 0.0 0.0 0.0 2 1 2 1.0820713125 8.76818482279 8.83470109353 26.311523 11.6094969 206.0 20.506774550000003 480.0 480.43999781981677 5.80474845 103.0 103.15343621 12
1 2 2 0.0745254573 0.767608363694 0.771217637116 2.0528107 0.24368286000000028 338.0 1.8846130700000001 612.0 612.0032665916422 0.12184143 169.0 168.998722755 2 2 2 3.24680634 0.716203336544 3.32486069313 2.094696 0.7586974999999998 52.0 1.71534725 417.0 417.00381272057484 0.37934875 26.0 25.9982018256 2 2 3 8.83899985 0.825646013109 8.8774776647 2.715057 1.1109542499999998 123.0 1.7371163333333328 473.0 473.00406244443826 0.563956035023 115.965512115 115.963324075 13
2 2 2 0.6441314703 0.755684463596 0.992957380531 2.38053894 0.28930663700000003 1.0 0.8787841814999999 390.5 390.5010160203715 0.1446533185 0.5 0.499673170996 2 3 3 3.62626953 0.638714157611 3.68208996079 2.094696 1.1351394 92.5 1.3379364 457.6666666666667 457.6693877638511 0.618578009386 90.7683253613 90.7665736 2 3 3 8.52492674 1.19194592658 8.60785170726 3.5891264 0.8162382499999996 5.0 3.019332866666666 393.5 392.6785265016186 0.443254922117 2.5 2.35676410996 13
1 1 1 1.872409065 0.869566801444 2.06447623597 2.60815435 0 0 1.5960694 392.0 392.0032492690967 0.0 0.0 0.0 2 2 3 3.84086914 0.454168193318 3.8676277611 1.6173096 0.43065644999999986 76.0 1.3302052999999996 427.6666666666667 427.66874912933287 0.238354017198 58.7329171381 58.7333006927 2 2 3 8.70672149 1.47644148704 8.83101798034 4.3979794 0.7192914000000004 76.0 3.9184518 427.6666666666667 427.68514686415983 0.638026190779 58.7329171381 58.7325278448 13
2 3 3 4.05016814182 4.32098401751 5.92239519591 15.6234438 6.276405360000002 97.5 11.43917356 454.0 454.1734735289327 5.42143026611 96.9157709904 96.929712716 2 3 3 0.902450530909 3.4065236497 3.52403466735 10.9739989 4.714141779999999 97.0 4.929168613333334 453.6666666666667 453.6949840059501 2.246692139 96.4445724526 96.4634947357 2 1 2 7.20893588455 3.75223052379 8.12699147847 12.96447772 5.245285000000002 397.0 10.34183522 582.5 582.5925873782855 2.6226425 198.5 198.51500936 14
1 1 1 3.80609639 5.50252331476 6.69060031383 15.6234438 0 0 15.6234438 389.0 389.31361650496086 0.0 0.0 0.0 2 1 2 -2.17181651 0.89318677827 2.34831206912 2.95315554 0.7436370400000003 3.0 2.58133702 390.5 390.5087182348864 0.37181852 1.5 1.49750872076 1 0 0 10.2126210833 1.1681739616 10.2792149407 3.341446 14
