1499536628890 ACCELEROMETER -5.3923645 -5.5560455 6.502838

1499536628893 GYROSCOPE 0.8451843 0.9971924 -0.46203613

1499536628893 MAGNETIC_FIELD 36.34796 15.751648 -32.113647

1499536628894 GRAVITY -3.4457731 -6.740156 6.2343664

1499536628895 LINEAR_ACCELERATION 0.0 0.0 -0.0

1499536628895 ROTATION_VECTOR 0.0 0.0 0.0

1499536629091 ACCELEROMETER -8.104858 -7.8617554 -1.4469299

1499536629092 GYROSCOPE 0.028076172 0.8647461 -1.7192078

1499536629092 MAGNETIC_FIELD 41.91742 16.592407 -21.77887

1499536629093 GRAVITY -6.164531 -6.5574937 3.8946393

1499536629094 LINEAR_ACCELERATION -3.2964206 -0.14199257 -2.2494974

1499536629094 ROTATION_VECTOR -0.4194548 -0.35424048 0.83028805

1499536629290 GYROSCOPE 0.2833557 3.439972 -0.58807373

1499536629292 MAGNETIC_FIELD 36.68518 28.868103 -8.1604

1499536629293 GRAVITY -5.76627 -7.7299004 1.7802137

1499536629293 LINEAR_ACCELERATION 0.056593895 -0.17945766 -0.1831286

1499536629294 ROTATION_VECTOR -0.55396414 -0.31993452 0.70608777

1499536629491 ACCELEROMETER -3.2461853 -8.146194 4.3993225

1499536629492 GYROSCOPE 0.67108154 0.43322754 -0.94589233

1499536629493 MAGNETIC_FIELD 23.52295 42.321777 -2.255249

1499536629494 GRAVITY -4.3351183 -8.542251 2.099309

1499536629494 LINEAR_ACCELERATION 4.292587 2.688706 3.5806303

1499536629495 ROTATION_VECTOR -0.61970264 -0.09451804 0.45331857

1499536629727 ACCELEROMETER -0.6014862 -10.797684 5.7747498

1499536629728 ACCELEROMETER -1.0282288 -6.991043 -1.1907654

1499536629729 GYROSCOPE 0.18615723 -3.5091858 -1.9680786

1499536629729 MAGNETIC_FIELD -11.5448 48.880005 -12.026978

1499536629730 GRAVITY -0.10946965 -9.400153 2.7920475

1499536629730 LINEAR_ACCELERATION -0.26109096 -3.1997652 -0.9781456

1499536629731 ROTATION_VECTOR -0.47634727 -0.36157775 0.49197823

1499536629928 ACCELEROMETER 3.1321259 -5.3618927 0.49028015

1499536629929 GYROSCOPE -0.622406 0.93096924 -2.2297668

1499536629930 MAGNETIC_FIELD -22.982788 45.52002 0.16784668

1499536629930 GRAVITY 4.15467 -8.791678 1.2710205

1499536629931 LINEAR_ACCELERATION -2.3235753 3.7312198 -1.0642033

1499536629932 ROTATION_VECTOR -0.5780695 -0.31785476 0.046017572

1499536630128 ACCELEROMETER 8.59613 -6.219681 2.316681

1499536630129 GYROSCOPE 0.4147339 1.6903992 1.226654

1499536630130 MAGNETIC_FIELD -42.079163 31.947327 3.652954

1499536630131 GRAVITY 4.6997514 -8.21852 2.5570765

1499536630131 LINEAR_ACCELERATION 1.1087432 0.10114813 1.2375479

1499536630132 ROTATION_VECTOR -0.60219264 -0.08360255 -0.29561278

1499536630328 ACCELEROMETER 8.282211 -5.237686 4.913086

1499536630330 GYROSCOPE 0.5963135 0.5710144 -1.2107849

1499536630330 MAGNETIC_FIELD -49.012756 25.63324 -6.265259

1499536630331 GRAVITY 4.6753435 -7.647453 3.9784436

1499536630332 LINEAR_ACCELERATION 6.91912 -0.6330795 -1.0668907

1499536630332 ROTATION_VECTOR -0.5445349 -0.025249988 -0.40369016

1499536630529 ACCELEROMETER 9.373596 -2.818283 2.1062622

1499536630531 GYROSCOPE -0.10650635 0.43215942 0.30593872

1499536630532 MAGNETIC_FIELD -52.119446 13.656616 -18.405151

1499536630533 GRAVITY 5.4357677 -6.640647 4.7460113

1499536630533 LINEAR_ACCELERATION 3.5113988 3.3763237 -1.2849016

1499536630534 ROTATION_VECTOR 0.20069663 -0.46662793 0.82788986

1499536630730 ACCELEROMETER 4.3348083 -4.27594 4.066925

1499536630731 GYROSCOPE 0.040893555 -3.4354858 1.7617798

1499536630732 MAGNETIC_FIELD -49.324036 20.477295 -13.014221

1499536630732 GRAVITY 5.356905 -7.5234222 3.297283

1499536630733 LINEAR_ACCELERATION -1.1781521 4.9031467 -1.8368018

1499536630734 ROTATION_VECTOR -0.41762334 0.3968326 -0.8023372

1499536630930 ACCELEROMETER 11.241074 -5.943573 8.184097

1499536630931 GYROSCOPE -0.34362793 1.6348572 -0.77178955

1499536630932 MAGNETIC_FIELD -42.189026 32.040405 4.072571

1499536630933 GRAVITY 5.5755196 -7.570596 2.7874787

1499536630934 LINEAR_ACCELERATION 4.812552 4.3271837 5.457594

1499536630934 ROTATION_VECTOR -0.47887453 -0.3585489 0.0063333195

1499536631131 ACCELEROMETER 8.087723 -7.8923035 -1.6415253

1499536631132 GYROSCOPE 1.1495972 1.5526123 -0.5453491

1499536631133 MAGNETIC_FIELD -46.318054 27.204895 2.885437

1499536631134 GRAVITY 5.3729196 -6.63232 4.828504

1499536631134 LINEAR_ACCELERATION 5.424202 -5.0767593 -0.78966904

1499536631135 ROTATION_VECTOR -0.43705606 -0.25059292 -0.13785349

1499536631332 ACCELEROMETER 6.9082794 -4.968338 2.7614594

1499536631333 GYROSCOPE 1.8962097 0.45565796 -0.74295044

1499536631333 MAGNETIC_FIELD -49.51477 21.768188 -6.0562134

1499536631334 GRAVITY 5.1426196 -4.4285407 7.0789747

1499536631334 LINEAR_ACCELERATION 1.672781 -0.9349332 -7.692002

1499536631335 ROTATION_VECTOR 0.0 0.0 0.0

1499536631535 ACCELEROMETER 10.309601 -4.4408875 4.994095

1499536631535 GYROSCOPE 1.4614868 -0.2706604 0.31448364

1499536631536 MAGNETIC_FIELD -50.02289 16.38031 -17.692566

1499536631536 GRAVITY 5.4786735 -1.9849007 7.887629

1499536631536 LINEAR_ACCELERATION 4.3458343 -4.498843 -2.0507607

1499536631538 ROTATION_VECTOR 0.27895036 -0.14152578 0.94276845

1499536631750 GRAVITY 6.1726055 -2.102727 7.324471

1499536631753 LINEAR_ACCELERATION 2.3512416 -0.041913867 -2.6529102

1499536631763 ROTATION_VECTOR -0.34253633 0.0960458 -0.9331717

1499536631763 ACCELEROMETER 6.4066315 -2.53833 2.8206787

1499536631764 GYROSCOPE -0.8883667 -0.65197754 0.7310486

1499536631765 MAGNETIC_FIELD -50.62561 21.000671 -14.295959

1499536631942 GRAVITY 7.4571533 -3.6398776 5.2261395

1499536631946 LINEAR_ACCELERATION -3.6287308E-4 0.52878976 -2.2906666

1499536631950 ROTATION_VECTOR -0.48281324 0.02079465 -0.802553

1499536631952 ACCELEROMETER 6.3660736 -2.771164 3.1045227

1499536631954 GYROSCOPE 0.033416748 -1.916626 0.8079529

1499536631957 MAGNETIC_FIELD -45.72754 28.311157 -1.8356323

1499536632144 ACCELEROMETER 13.153656 -9.004486 2.8245697

1499536632147 GYROSCOPE -1.1799622 2.9518433 -0.07537842

1499536632149 MAGNETIC_FIELD -42.878723 28.952026 2.0736694

1499536632151 GRAVITY 6.747596 -4.776476 5.2749987

1499536632153 LINEAR_ACCELERATION 4.5470695 -2.5480757 0.17305994

1499536632155 ROTATION_VECTOR -0.4550152 -0.15495501 -0.5141878

1499536632344 ACCELEROMETER 6.7581787 -7.0904694 -0.33807373

1499536632345 GYROSCOPE -1.355133 0.42468262 -0.15655518

1499536632347 MAGNETIC_FIELD -41.999817 28.62091 5.8181763

1499536632348 GRAVITY 5.419473 -5.9481187 5.6053176

1499536632349 LINEAR_ACCELERATION 4.096908 -2.2994008 -6.2018065

1499536632349 ROTATION_VECTOR -0.4627798 0.006574305 -0.6062665

1499536632536 ACCELEROMETER 5.261795 -6.5200195 3.9724884

1499536632537 GYROSCOPE 1.1997986 1.1253662 -0.6692505

1499536632537 MAGNETIC_FIELD -44.25659 24.537659 5.433655

1499536632538 GRAVITY 5.0672894 -5.711588 6.15392

1499536632538 LINEAR_ACCELERATION 0.83162403 -1.4922075 -4.426107

1499536632539 ROTATION_VECTOR -0.415119 0.11795605 -0.7603201

1499536632746 ACCELEROMETER 9.599609 -8.798904 3.9262848

1499536632776 GYROSCOPE 0.3239441 -0.01751709 0.4298401

1499536632777 MAGNETIC_FIELD -47.807312 21.757507 -8.09021

1499536632777 GRAVITY 4.5243745 -4.743138 7.294043

1499536632778 LINEAR_ACCELERATION 3.3734145 -4.0366693 -0.9973955

1499536632778 ROTATION_VECTOR -0.33173174 0.13439254 -0.8510368

1499536632937 ACCELEROMETER 7.170944 -2.448349 2.9837341

1499536632938 GYROSCOPE -0.3617859 -0.3892212 0.5142212

1499536632939 MAGNETIC_FIELD -46.53015 24.780273 -7.814026

1499536632939 GRAVITY 4.635247 -5.139418 6.9477515

1499536632939 LINEAR_ACCELERATION 4.497887 1.2794938 -3.5426035

1499536632940 ROTATION_VECTOR -0.35144383 0.14916599 -0.8379645

1499536633146 GRAVITY 4.9698906 -5.9877577 5.9680257

1499536633157 LINEAR_ACCELERATION 1.6427946 0.9364805 -2.571424

1499536633169 ACCELEROMETER 7.079468 -3.7497253 1.8032227

1499536633181 GYROSCOPE -0.32226563 -0.684021 0.37750244

1499536633184 MAGNETIC_FIELD -44.30237 28.16925 -5.693054

1499536633194 ROTATION_VECTOR -0.43568125 0.07679332 -0.68386686

1499536633338 ACCELEROMETER 9.945572 -7.3352966 0.01838684

1499536633339 GYROSCOPE 0.006713867 0.9907837 -1.1253357

1499536633340 MAGNETIC_FIELD -39.144897 30.10559 5.845642

1499536633340 GRAVITY 5.382616 -5.7574377 5.835216

1499536633341 LINEAR_ACCELERATION 0.63027763 2.7396536 -4.3144045

1499536633341 ROTATION_VECTOR -0.4493978 -0.02298679 -0.5757595

1499536633552 ACCELEROMETER 5.37677 -6.1109924 -7.5628357

1499536633586 GYROSCOPE 4.8869324 6.7938538 1.4221191

1499536633587 MAGNETIC_FIELD -42.658997 27.708435 -19.300842

1499536633588 GRAVITY -1.173993 -3.110799 9.225782

1499536633589 LINEAR_ACCELERATION 14.143504 -6.53236 -14.801949

1499536633589 ROTATION_VECTOR -0.04520025 0.16605107 -0.797921

1499536633739 ACCELEROMETER 3.3653564 0.852417 11.949631

1499536633740 GYROSCOPE -0.5027771 -1.7200928 3.8702393

1499536633741 MAGNETIC_FIELD -31.445313 20.329285 -41.227722

1499536633741 GRAVITY -6.3597546 2.2098386 7.130254

1499536633742 LINEAR_ACCELERATION 7.771036 2.28095 2.867875

1499536633742 ROTATION_VECTOR 0.36892888 -0.018700378 -0.8921034

1499536633946 GRAVITY -4.168527 3.0062895 8.352005

1499536633952 LINEAR_ACCELERATION 7.8791475 -17.913168 5.9603415

1499536633954 ROTATION_VECTOR -0.21160427 0.17143477 0.96068853

1499536633957 ACCELEROMETER 2.7737885 -16.933777 9.077866

1499536633960 GYROSCOPE -0.49850464 1.5141602 0.75027466

1499536633963 MAGNETIC_FIELD -6.517029 37.409973 -33.43506

1499536634146 ACCELEROMETER -2.1525116 -5.0342407 6.2845306

1499536634151 GRAVITY -4.909884 1.3904854 8.374365

1499536634153 LINEAR_ACCELERATION 0.10988808 -14.905674 -3.2372465

1499536634155 ROTATION_VECTOR -0.25717267 0.08299678 0.962164

1499536634160 GYROSCOPE -1.2226868 0.008117676 1.4445496

1499536634162 MAGNETIC_FIELD 8.720398 40.234375 -22.550964

1499536634341 ACCELEROMETER -1.5751343 -5.835785 7.3366547

1499536634342 GYROSCOPE -1.1468506 0.5977173 0.86135864

1499536634342 MAGNETIC_FIELD 10.905457 42.83142 -14.968872

1499536634343 GRAVITY -4.6927752 0.3480996 8.603899

1499536634343 LINEAR_ACCELERATION 5.409498 -1.392575 -0.060009003

1499536634344 ROTATION_VECTOR -0.2433431 0.04590627 0.96273804

1499536634542 ACCELEROMETER -3.0162048 -7.8502197 3.5219727

1499536634554 GRAVITY -4.728672 -0.46358642 8.57876

1499536634558 LINEAR_ACCELERATION -1.2331746 -8.018978 -0.20296812

1499536634562 GYROSCOPE -0.11505127 -0.46932983 0.99380493

1499536634566 MAGNETIC_FIELD 19.050598 39.782715 -4.3289185

1499536634568 ROTATION_VECTOR -0.2498126 0.014092925 0.9567217

1499536634754 ACCELEROMETER -4.607712 -8.2335205 2.384018

1499536634759 GYROSCOPE 0.3869629 0.075408936 1.6934204

1499536634762 MAGNETIC_FIELD 31.39038 30.514526 -8.427429

1499536634764 GRAVITY -4.564913 0.43049434 8.668716

1499536634768 LINEAR_ACCELERATION -1.5271416 -8.746398 -3.9455547

1499536634771 ROTATION_VECTOR -0.23518081 0.05204311 0.9631348

1499536634952 ACCELEROMETER -9.326614 -1.838623 9.638245

1499536634962 GRAVITY -2.7880046 2.626752 9.027601

1499536634964 LINEAR_ACCELERATION -4.556905 -6.3280087 -0.13927269

1499536634968 ROTATION_VECTOR 0.1454662 -0.13623512 -0.9799342

1499536634971 GYROSCOPE 0.8441162 -2.001007 1.9476318

1499536634973 MAGNETIC_FIELD 42.80548 12.39624 -14.878845

1499536635151 ACCELEROMETER -14.283173 0.004562378 -1.1704407

1499536635154 GYROSCOPE 0.332489 -1.0813599 1.374054

1499536635157 MAGNETIC_FIELD 44.9646 -2.0996094 -20.089722

1499536635160 GRAVITY -0.17221661 4.451909 8.736202

1499536635162 LINEAR_ACCELERATION -14.453031 -3.0526106 -6.030262

1499536635164 ROTATION_VECTOR 0.058293916 -0.22622879 -0.9502465

1499536635354 ACCELEROMETER -5.274872 2.4632416 7.2665405

1499536635362 GRAVITY 3.50536 6.363971 6.586555

1499536635364 LINEAR_ACCELERATION -10.584134 -3.5785875 3.8048358

1499536635368 ROTATION_VECTOR -0.041781437 -0.40303037 -0.8420039

1499536635371 GYROSCOPE 2.5680542 -2.6044922 3.005066

1499536635373 MAGNETIC_FIELD 36.25183 -18.43872 -29.718018

1499536635553 ACCELEROMETER 0.1972351 6.1371 7.2898407

1499536635567 GRAVITY 6.0500712 6.923552 3.4104922

1499536635570 LINEAR_ACCELERATION -4.849212 0.8459654 4.5876064

1499536635573 ROTATION_VECTOR -0.09346365 -0.56336296 -0.6982214

1499536635583 GYROSCOPE 0.83236694 -0.041015625 0.30166626

1499536635587 MAGNETIC_FIELD 23.666382 -35.009766 -33.459473

1499536635749 ACCELEROMETER -2.1960144 5.049408 7.522339

1499536635751 GYROSCOPE -1.0346985 0.4577942 -0.6980896

1499536635753 MAGNETIC_FIELD 29.556274 -31.213379 -26.823425

1499536635755 GRAVITY 5.183965 7.2017484 4.1751294

1499536635757 LINEAR_ACCELERATION -4.978069 1.8059654 4.9030714

1499536635758 ROTATION_VECTOR -0.07004764 -0.53124475 -0.7438516

1499536635954 ACCELEROMETER -1.3809357 6.583481 7.18869

1499536635959 GYROSCOPE -0.2784729 -1.1262207 -0.7546997

1499536635962 MAGNETIC_FIELD 24.505615 -36.039734 -26.26648

1499536635964 GRAVITY 4.0464897 7.3033276 5.143707

1499536635967 LINEAR_ACCELERATION -4.4045305 0.811883 3.3213043

1499536635969 ROTATION_VECTOR -0.084607534 -0.4801932 -0.825524

1499536636145 ACCELEROMETER 1.8430328 8.745605 -3.3462677

1499536636146 GYROSCOPE -4.276428 6.4114685 2.921753

1499536636147 MAGNETIC_FIELD 27.63977 -36.839294 -19.543457

1499536636147 GRAVITY 0.8455134 3.8038094 8.999252

1499536636148 LINEAR_ACCELERATION -2.813379 3.9548917 -5.5248694

1499536636148 ROTATION_VECTOR 0.03323447 -0.20015328 -0.9081571

1499536636346 ACCELEROMETER 0.45005798 5.7602997 7.986374

1499536636347 GYROSCOPE 0.17440796 -0.44262695 0.53237915

1499536636348 MAGNETIC_FIELD 27.182007 -36.20453 -22.692871

1499536636348 GRAVITY -3.0814211 0.050564412 9.309815

1499536636349 LINEAR_ACCELERATION 7.9920454 7.5207376 -0.36041594

1499536636349 ROTATION_VECTOR 0.14608978 0.06316067 -0.8996371

1499536636549 ACCELEROMETER 1.6154327 5.1223145 6.5456085

1499536636549 GYROSCOPE -0.011444092 -0.12432861 -1.0409546

1499536636550 GRAVITY -2.4757245 0.51524705 9.475003

1499536636552 LINEAR_ACCELERATION 0.47014785 5.4945474 1.3059707

1499536636553 MAGNETIC_FIELD 27.061462 -35.72693 -23.74115

1499536636553 ROTATION_VECTOR 0.12961745 0.010420129 -0.9513992

1499536636748 ACCELEROMETER -3.129364 5.3328857 7.460678

1499536636748 GYROSCOPE -0.07446289 -0.32940674 0.30059814

1499536636749 MAGNETIC_FIELD 32.717896 -32.044983 -20.877075

1499536636749 GRAVITY -1.9873445 0.6280358 9.582611

1499536636750 LINEAR_ACCELERATION 0.88927877 4.468575 0.61420536

1499536636750 ROTATION_VECTOR 0.10532516 -0.018151073 -0.98516816

1499536636948 ACCELEROMETER -4.548828 4.587509 7.3986664

1499536636949 GYROSCOPE -0.36605835 0.8850403 0.98205566

1499536636950 MAGNETIC_FIELD 32.518005 -33.59375 -20.483398

1499536636950 GRAVITY -2.4940083 0.899619 9.441451

1499536636951 LINEAR_ACCELERATION -1.4128168 5.4477324 1.5956583

1499536636951 ROTATION_VECTOR 0.1325633 -0.032356635 -0.9850037

1499536637150 ACCELEROMETER -1.0473785 5.5375366 5.8115845

1499536637150 GYROSCOPE 0.54397583 -0.9563904 0.7513428

1499536637151 MAGNETIC_FIELD 25.405884 -37.402344 -22.573853

1499536637151 GRAVITY -2.4098828 1.7432505 9.3447275

1499536637152 LINEAR_ACCELERATION -2.5266294 3.3544915 0.5024352

1499536637152 ROTATION_VECTOR 0.13769917 -0.06775281 -0.9740784

1499536637350 ACCELEROMETER 0.013595581 6.3296967 6.6540527

1499536637351 GYROSCOPE 0.10177612 -0.09121704 -2.3184204

1499536637351 MAGNETIC_FIELD 23.973083 -38.72223 -23.138428

1499536637352 LINEAR_ACCELERATION 1.9359651 4.1987104 0.7874298

1499536637352 GRAVITY -1.4946461 2.2662373 9.423407

1499536637353 ROTATION_VECTOR 0.08264501 -0.11273772 -0.9889672

1499536637551 ACCELEROMETER -2.142746 5.3697205 10.682617

1499536637552 GYROSCOPE -0.90652466 -0.32833862 -1.7448425

1499536637560 GRAVITY -1.903348 1.189563 9.546339

1499536637561 LINEAR_ACCELERATION -0.46521235 5.7446456 -0.48530817

1499536637561 MAGNETIC_FIELD 35.81848 -22.990417 -26.335144

1499536637562 ROTATION_VECTOR -0.07832207 0.0844856 0.95875776

1499536637752 ACCELEROMETER -3.3253784 1.5836029 7.758026

1499536637752 LINEAR_ACCELERATION -1.116704 3.987712 5.7380605

1499536637753 GYROSCOPE -1.9126892 0.74298096 -1.9007874

1499536637753 MAGNETIC_FIELD 39.213562 -4.4418335 -30.969238

1499536637754 GRAVITY -2.5745978 -1.8548511 9.279082

1499536637754 ROTATION_VECTOR -0.16399673 0.0018884372 0.7936847

1499536637951 GYROSCOPE 0.7714844 0.36914063 0.18417358

1499536637953 GRAVITY -3.3329391 -3.134529 8.673905

1499536637953 LINEAR_ACCELERATION -2.5239532 1.4816904 2.419816

1499536637953 ROTATION_VECTOR -0.23216568 0.06207264 0.5113469

1499536638152 ACCELEROMETER -5.84729 -2.1567535 11.445419

1499536638154 GRAVITY -3.7132714 -0.7561397 9.044903

1499536638154 LINEAR_ACCELERATION -1.6861722 0.7938823 5.3641167

1499536638155 GYROSCOPE 1.815033 0.12988281 -0.3263855

1499536638155 MAGNETIC_FIELD 38.06305 15.25116 -27.861023

1499536638156 ROTATION_VECTOR -0.12318277 0.15383217 0.44777602

1499536638354 ACCELEROMETER -3.5823212 1.0263367 9.685318

1499536638355 GRAVITY -4.6328526 1.6675915 8.480932

1499536638355 LINEAR_ACCELERATION -1.1890402 -2.0125902 2.8215623

1499536638356 GYROSCOPE 0.9135437 0.901062 0.65841675

1499536638356 MAGNETIC_FIELD 43.789673 3.1478882 -24.908447

1499536638357 ROTATION_VECTOR -0.06515287 0.25169015 0.54427844

1499536638553 ACCELEROMETER -4.8616943 -1.0914612 8.587082

1499536638555 GYROSCOPE -0.60531616 1.1926575 1.494751

1499536638555 GRAVITY -5.860732 2.6893127 7.388492

1499536638556 MAGNETIC_FIELD 47.354126 2.9647827 -21.42334

1499536638556 LINEAR_ACCELERATION -1.2542744 -2.3060565 1.5571408

1499536638556 ROTATION_VECTOR -0.13207954 0.325341 0.6819348

1499536638658 ACCELEROMETER -6.8512726 1.6063385 5.0874023

1499536638659 MAGNETIC_FIELD 48.783875 -6.640625 -13.320923

1499536638754 GYROSCOPE -0.82214355 -1.3750916 0.3678894

1499536638755 GRAVITY -5.3548756 2.7618263 7.737442

1499536638756 ROTATION_VECTOR -0.17285345 0.27499443 0.8143674

1499536638757 LINEAR_ACCELERATION -3.7877784 1.9445543 -2.2268724

1499536638955 ACCELEROMETER -7.8346252 4.807785 3.0107574

1499536638957 GYROSCOPE -0.4109192 -0.45437622 2.534027

1499536638957 MAGNETIC_FIELD 48.01483 -23.487854 -2.9800415

1499536638958 GRAVITY -3.1697576 3.4506063 8.61489

1499536638958 LINEAR_ACCELERATION -4.598958 2.4585042 -6.107922

1499536638959 ROTATION_VECTOR -0.10906857 0.22105855 0.93014306

1499536639080 ACCELEROMETER -4.357483 6.3615417 3.1215363

1499536639081 MAGNETIC_FIELD 36.705017 -38.59253 6.7108154

1499536639156 GYROSCOPE 0.592041 0.31466675 0.5996704

1499536639157 GRAVITY -1.814929 4.7385416 8.39182

1499536639157 LINEAR_ACCELERATION -0.15665793 5.2405386 -0.8807764

1499536639158 ROTATION_VECTOR -0.090493634 0.25287777 0.96302116

1499536639357 ACCELEROMETER -1.4765472 9.105072 1.3881073

1499536639357 GYROSCOPE 0.28549194 -0.051696777 0.09124756

1499536639358 MAGNETIC_FIELD 27.012634 -43.545532 15.332031

1499536639358 LINEAR_ACCELERATION -1.7456805 4.5176516 -5.726023

1499536639358 GRAVITY -1.8371137 5.963228 7.565402

1499536639359 ROTATION_VECTOR 0.12599123 -0.31368464 -0.9378852

1499536639558 ACCELEROMETER -2.8038788 8.863861 0.015914917

1499536639559 GYROSCOPE 0.18295288 -0.18948364 0.11367798

1499536639559 MAGNETIC_FIELD 22.77832 -45.384216 17.910767

1499536639560 LINEAR_ACCELERATION -0.7649863 4.3616133 -4.7260575

1499536639560 GRAVITY -1.5976307 6.686824 6.9931645

1499536639560 ROTATION_VECTOR 0.106436774 -0.36348185 -0.9243288

1499536639758 ACCELEROMETER -1.9663086 9.265213 -0.115859985

1499536639759 GYROSCOPE 0.07293701 0.14483643 -0.027313232

1499536639759 MAGNETIC_FIELD 21.678162 -44.1391 21.02356

1499536639760 GRAVITY -1.5725657 7.2024794 6.4669714

1499536639760 LINEAR_ACCELERATION -0.7648314 3.9855309 -5.3642955

1499536639760 ROTATION_VECTOR 0.09191966 -0.4022773 -0.9108491

1499536639959 ACCELEROMETER -1.4736938 9.108322 -0.79263306

1499536639960 GYROSCOPE 0.106048584 -0.061309814 0.08590698

1499536639960 MAGNETIC_FIELD 22.090149 -43.25409 20.368958

1499536639961 GRAVITY -1.6119342 7.5988894 5.985728

1499536639962 LINEAR_ACCELERATION -0.39818025 3.751206 -4.5943027

1499536639962 ROTATION_VECTOR -0.08128485 0.43382668 0.8970679

1499536640160 ACCELEROMETER -1.9577789 9.288071 -0.52864075

1499536640161 GYROSCOPE -0.07766724 0.038024902 -0.047607422

1499536640161 MAGNETIC_FIELD 21.310425 -44.24591 21.505737

1499536640162 GRAVITY -1.61602 7.884979 5.6023183

1499536640162 LINEAR_ACCELERATION -0.645272 3.5862293 -5.002396

1499536640163 ROTATION_VECTOR -0.06909293 0.45780718 0.885148

1499536640360 ACCELEROMETER -1.8065643 9.349915 -0.789093

1499536640361 GYROSCOPE 0.11138916 -0.0014953613 0.0025939941

1499536640362 MAGNETIC_FIELD 21.063232 -44.26422 22.299194

1499536640362 GRAVITY -1.7156013 8.109715 5.2401915

1499536640363 LINEAR_ACCELERATION -0.7183844 3.4883733 -4.1340485

1499536640363 ROTATION_VECTOR -0.062421992 0.4784643 0.8731713

1499536640560 ACCELEROMETER -1.9460449 9.487946 -0.021713257

1499536640561 GYROSCOPE 0.038757324 0.0027770996 0.006866455

1499536640562 GRAVITY -1.7224197 8.367268 4.8158574

1499536640563 LINEAR_ACCELERATION -0.52220714 4.0621967 -3.2189884

1499536640563 MAGNETIC_FIELD 21.138 -45.664978 21.281433

1499536640564 ROTATION_VECTOR -0.050307736 0.50192505 0.85886

1499536640761 ACCELEROMETER -1.794693 9.932007 -0.38243103

1499536640762 GYROSCOPE -0.09048462 -0.106170654 0.02609253

1499536640763 MAGNETIC_FIELD 20.210266 -44.262695 22.419739

1499536640769 LINEAR_ACCELERATION -0.71122634 3.0958948 -3.8964126

1499536640770 GRAVITY -1.6839681 8.513456 4.566805

1499536640771 ROTATION_VECTOR -0.028106853 0.5161083 0.84758157

1499536640961 ACCELEROMETER -1.9456177 9.486389 -0.121780396

1499536640963 GYROSCOPE 0.067596436 0.04763794 0.017547607

1499536640963 MAGNETIC_FIELD 22.53418 -44.07196 22.018433

1499536640964 GRAVITY -1.6569954 8.659864 4.2931924

1499536640965 LINEAR_ACCELERATION -0.672019 2.887949 -3.8554125

1499536640965 ROTATION_VECTOR -0.012144167 0.5300572 0.8361987

1499536641162 ACCELEROMETER -1.8941345 9.335907 -0.68937683

1499536641163 GYROSCOPE 0.13916016 0.06686401 0.019683838

1499536641163 MAGNETIC_FIELD 20.35675 -44.82422 22.549438

1499536641164 LINEAR_ACCELERATION -0.52396524 2.8054485 -3.635939

1499536641165 GRAVITY -1.6948259 8.878241 3.804576

1499536641165 ROTATION_VECTOR -0.0029749288 0.5531833 0.8191062

1499536641367 ACCELEROMETER -1.72258 9.413559 -0.89460754

1499536641368 GYROSCOPE 0.1348877 0.022003174 -0.0038146973

1499536641368 MAGNETIC_FIELD 21.56372 -44.444275 23.07129

1499536641369 GRAVITY -1.7332519 9.081161 3.2708921

1499536641372 LINEAR_ACCELERATION -0.4977082 2.4576488 -3.5011327

1499536641373 ROTATION_VECTOR 0.002363388 0.57725674 0.8014472

1499536641563 ACCELEROMETER -1.8992004 9.440445 -0.8570709

1499536641564 GYROSCOPE 0.018463135 -0.020721436 0.03250122

1499536641564 GRAVITY -1.814707 9.472417 1.774977

1499536641566 MAGNETIC_FIELD 20.391846 -43.276978 22.151184

1499536641566 LINEAR_ACCELERATION -0.40107846 1.7579813 -1.8144287

1499536641567 ROTATION_VECTOR 0.021026563 0.6395774 0.7495557

1499536641763 ACCELEROMETER -1.8253632 9.388123 -0.5813141

1499536641765 GYROSCOPE 0.106048584 -0.0068359375 0.010070801

1499536641765 MAGNETIC_FIELD 21.85669 -42.89856 23.27118

1499536641766 LINEAR_ACCELERATION -0.22699118 0.987051 -1.456049

1499536641767 GRAVITY -1.8146725 9.609061 0.73708767

1499536641767 ROTATION_VECTOR 0.044743665 0.67854035 0.7099505

1499536641964 ACCELEROMETER -1.8241882 9.304153 -0.6948242

1499536641965 GYROSCOPE 0.14770508 0.07861328 -0.020904541

1499536641966 MAGNETIC_FIELD 20.805359 -43.63556 23.085022

1499536641967 GRAVITY -1.8771155 9.625266 0.032684375

1499536641968 LINEAR_ACCELERATION -0.21152675 0.6596737 -0.7679828

1499536641968 ROTATION_VECTOR 0.057653613 0.7035692 0.68179274

1499536642165 ACCELEROMETER -1.9466248 9.300781 -1.021225

1499536642165 GYROSCOPE -0.030670166 0.1288147 -0.03265381

1499536642166 MAGNETIC_FIELD 21.711731 -42.658997 23.014832

1499536642167 GRAVITY -1.9184304 9.607057 -0.4410015

1499536642168 LINEAR_ACCELERATION -0.08520734 0.48652077 -0.59914047

1499536642169 ROTATION_VECTOR 0.063378245 0.72004724 0.66317123

