1499536560834 ACCELEROMETER -4.643997 -6.4750824 4.9510803

1499536560837 GYROSCOPE 0.8654785 -0.17559814 -0.48233032

1499536560837 MAGNETIC_FIELD 26.609802 20.553589 -37.0224

1499536560838 GRAVITY -4.685787 -6.89987 5.1580596

1499536560839 LINEAR_ACCELERATION 0.0 0.0 -0.0

1499536560840 ROTATION_VECTOR 0.0 0.0 0.0

1499536561034 ACCELEROMETER -4.312378 -5.4397583 5.632126

1499536561035 GYROSCOPE -0.5166626 0.7258911 -0.77285767

1499536561036 MAGNETIC_FIELD 24.752808 15.005493 -40.7959

1499536561037 GRAVITY -4.2604947 -6.8034225 5.6331177

1499536561037 LINEAR_ACCELERATION 0.28156877 1.1804986 -0.18154144

1499536561038 ROTATION_VECTOR -0.27857605 -0.3676769 0.88374376

1499536561235 ACCELEROMETER -2.6220856 -7.6882477 4.30101

1499536561236 GYROSCOPE -1.0069275 1.0570068 -0.28900146

1499536561236 MAGNETIC_FIELD 23.234558 21.226501 -36.694336

1499536561237 GRAVITY -4.1485896 -7.698132 4.4382825

1499536561238 LINEAR_ACCELERATION -0.27500105 -0.33371782 1.6615968

1499536561238 ROTATION_VECTOR -0.35687098 -0.38256198 0.8243705

1499536561435 ACCELEROMETER -2.8863525 -9.663208 2.4786987

1499536561436 GYROSCOPE -0.52627563 0.09036255 -1.4447021

1499536561437 MAGNETIC_FIELD 20.196533 29.2984 -34.39789

1499536561438 GRAVITY -3.0879173 -8.808367 3.00796

1499536561439 LINEAR_ACCELERATION 0.14546609 0.59310246 0.52232194

1499536561439 ROTATION_VECTOR -0.44135803 -0.38966626 0.70531243

1499536561671 ACCELEROMETER -2.9323425 -10.656143 -0.7306366

1499536561672 GYROSCOPE -0.30090332 -2.8757935 0.8773804

1499536561673 MAGNETIC_FIELD 17.008972 40.672302 -22.492981

1499536561674 GRAVITY -2.0974548 -9.356469 2.0561004

1499536561674 LINEAR_ACCELERATION -2.022168 -2.5477686 -2.3123236

1499536561675 ROTATION_VECTOR -0.20931242 -0.59275323 0.77221626

1499536561871 ACCELEROMETER -4.672714 -11.711136 5.4934845

1499536561872 GYROSCOPE 0.9690857 -2.556427 2.059784

1499536561873 MAGNETIC_FIELD 21.568298 39.72931 -17.3172

1499536561874 GRAVITY -2.6217759 -8.378206 4.370621

1499536561874 LINEAR_ACCELERATION 0.19692469 -1.3244104 -1.2981048

1499536561875 ROTATION_VECTOR 0.04579653 0.5244645 -0.8304114

1499536562072 ACCELEROMETER -3.2836456 -15.412537 6.3154297

1499536562073 GYROSCOPE 2.7207947 -1.9956665 -0.4534912

1499536562074 MAGNETIC_FIELD 24.693298 28.004456 -31.149292

1499536562074 GRAVITY -0.9428139 -6.658193 7.1379237

1499536562075 LINEAR_ACCELERATION -3.240261 -9.054436 -0.8916664

1499536562075 ROTATION_VECTOR -0.08227089 0.35958126 -0.8680527

1499536562272 ACCELEROMETER -1.0780182 -3.8784027 0.7164154

1499536562273 GYROSCOPE -1.5174866 1.0879822 0.44586182

1499536562274 MAGNETIC_FIELD 13.250732 18.855286 -45.402527

1499536562274 GRAVITY -0.48873207 -6.253203 7.5385003

1499536562275 LINEAR_ACCELERATION -1.912487 -2.008459 -5.179303

1499536562276 ROTATION_VECTOR -0.101716116 0.32449546 -0.87270415

1499536562473 ACCELEROMETER -1.6381073 -4.1717987 0.7916107

1499536562474 GRAVITY -2.0519724 -8.304291 4.795681

1499536562475 GYROSCOPE -1.8635559 4.8936768 -2.4786377

1499536562476 MAGNETIC_FIELD 20.181274 30.293274 -34.73053

1499536562476 LINEAR_ACCELERATION 3.3313391 9.260229 -3.4204354

1499536562477 ROTATION_VECTOR 0.0969205 0.4960794 -0.8618024

1499536562673 ACCELEROMETER -5.119507 -13.47084 -0.55041504

1499536562674 GYROSCOPE -1.2205505 -1.6036682 -0.012359619

1499536562675 MAGNETIC_FIELD 24.75586 36.48529 -25.080872

1499536562675 GRAVITY -1.2254943 -9.620543 1.4538578

1499536562676 LINEAR_ACCELERATION -6.077631 -6.1607437 -2.5696778

1499536562677 ROTATION_VECTOR -0.09409594 -0.6457707 0.75758845

1499536562874 ACCELEROMETER -3.2771606 -8.820374 3.0495148

1499536562875 GYROSCOPE 0.5973816 -0.4116516 -0.73654175

1499536562875 MAGNETIC_FIELD 22.529602 42.741394 -19.049072

1499536562876 GRAVITY -0.5991277 -9.723165 1.1276102

1499536562877 LINEAR_ACCELERATION -2.6962414 0.7844429 1.8833216

1499536562877 ROTATION_VECTOR -0.06991234 0.66152865 -0.7362871

1499536563074 ACCELEROMETER -1.3738403 -12.345291 1.7524109

1499536563075 GYROSCOPE 1.806488 -0.99591064 0.08911133

1499536563076 MAGNETIC_FIELD 23.498535 38.43689 -24.707031

1499536563077 GRAVITY 0.31954554 -9.276592 3.1643503

1499536563077 LINEAR_ACCELERATION -1.9881091 -3.5241632 -1.4376118

1499536563078 ROTATION_VECTOR -0.13453716 0.5661827 -0.79719925

1499536563275 ACCELEROMETER -0.7933655 -7.037384 2.7323303

1499536563277 GYROSCOPE 2.0211792 -0.6690674 -0.27938843

1499536563277 MAGNETIC_FIELD 17.681885 23.94104 -42.112732

1499536563278 GRAVITY 1.3423814 -7.607967 6.040467

1499536563278 LINEAR_ACCELERATION -2.741828 -1.1523829 -3.2644181

1499536563278 ROTATION_VECTOR -0.16622663 0.40545112 -0.8782892

1499536563478 GRAVITY -0.10565538 -7.997167 5.674904

1499536563479 LINEAR_ACCELERATION 0.6910189 5.570945 -1.0210776

1499536563480 ACCELEROMETER -2.9872894 -6.102707 8.712311

1499536563480 GYROSCOPE -2.8729248 3.3160706 0.33584595

1499536563481 MAGNETIC_FIELD 10.586548 15.020752 -48.510742

1499536563481 ROTATION_VECTOR -0.04878507 0.4563775 -0.8820903

1499536563682 ACCELEROMETER -8.130096 -8.057037 7.461853

1499536563683 GYROSCOPE -0.68756104 0.808136 -0.0038146973

1499536563683 MAGNETIC_FIELD 22.113037 26.930237 -39.630127

1499536563684 GRAVITY -1.9059652 -9.228365 2.7156882

1499536563684 LINEAR_ACCELERATION -8.414005 -2.2771559 8.9252205

1499536563685 ROTATION_VECTOR -0.13771646 -0.58529705 0.7987375

1499536563883 GRAVITY -2.3000996 -9.400097 1.586854

1499536563883 LINEAR_ACCELERATION -1.4821117 1.7904425 2.7517195

1499536563884 ROTATION_VECTOR -0.16795795 -0.6252064 0.7619801

1499536563884 ACCELEROMETER -3.359436 -7.622238 4.1099243

1499536563885 GYROSCOPE -0.7965088 -1.0867004 0.3475952

1499536563885 MAGNETIC_FIELD 19.92035 33.543396 -33.807373

1499536564086 ACCELEROMETER -2.8220367 -8.780334 3.3372498

1499536564091 GYROSCOPE -0.20690918 -0.16812134 0.1777649

1499536564093 MAGNETIC_FIELD 16.66565 38.461304 -31.362915

1499536564095 GRAVITY -2.6969712 -9.355688 1.1695468

1499536564097 LINEAR_ACCELERATION -0.006113291 0.80938435 2.7050328

1499536564100 ROTATION_VECTOR 0.15259826 0.64582 -0.74719995

1499536564299 ACCELEROMETER -2.2700806 -8.581833 4.664749

1499536564302 GYROSCOPE -0.64590454 0.93096924 0.90301514

1499536564304 MAGNETIC_FIELD 15.054321 39.749146 -31.559753

1499536564316 GRAVITY -3.6291773 -9.104302 0.3333673

1499536564318 LINEAR_ACCELERATION 1.4584272 -0.2545023 3.6514368

1499536564320 ROTATION_VECTOR 0.21260671 0.6616656 -0.7173428

1499536564478 ACCELEROMETER -2.5849762 -8.222122 -0.41773987

1499536564479 GYROSCOPE -2.216034 0.8508606 0.2760315

1499536564479 MAGNETIC_FIELD 21.211243 42.034912 -25.048828

1499536564480 GRAVITY -4.2054467 -8.419666 -2.7556887

1499536564480 LINEAR_ACCELERATION 1.0028715 0.1603527 3.11987

1499536564481 ROTATION_VECTOR -0.35910013 -0.71522593 0.59958106

1499536564682 ACCELEROMETER -4.4683228 -9.740601 -0.70555115

1499536564686 GRAVITY -4.0114627 -6.9548035 -5.631098

1499536564710 LINEAR_ACCELERATION 0.046312094 -3.0609694 5.575086

1499536564718 ROTATION_VECTOR -0.55463123 -0.6924524 0.45607382

1499536564721 GYROSCOPE -1.3775635 0.11706543 0.12542725

1499536564724 MAGNETIC_FIELD 25.715637 48.205566 -4.2785645

1499536564886 ACCELEROMETER -5.4421997 -7.4503174 -6.428528

1499536564891 GYROSCOPE -2.669983 1.9424744 1.2138367

1499536564894 MAGNETIC_FIELD 31.578064 49.238586 12.138367

1499536564896 GRAVITY -3.3499649 -3.892483 -8.354442

1499536564899 LINEAR_ACCELERATION -2.0743775 -4.84009 3.525732

1499536564902 ROTATION_VECTOR -0.84078825 -0.46800974 0.25539935

1499536565090 ACCELEROMETER -2.2140198 -6.477768 -10.935837

1499536565094 GYROSCOPE -0.103302 -0.45437622 1.3505554

1499536565096 MAGNETIC_FIELD 29.029846 38.513184 35.435486

1499536565099 GRAVITY -2.8293056 -0.7777229 -9.35738

1499536565102 LINEAR_ACCELERATION -0.20667458 -5.164253 -3.0138636

1499536565105 ROTATION_VECTOR -0.97710073 -0.14955859 0.15032494

1499536565290 GRAVITY -0.28620616 -1.5342302 -9.6816635

1499536565306 LINEAR_ACCELERATION -3.1406212 -3.9016008 3.2468462

1499536565316 ROTATION_VECTOR -0.9966731 -0.016436301 0.01593114

1499536565323 ACCELEROMETER -3.3130798 -5.0356903 -8.050766

1499536565324 GYROSCOPE 0.89645386 3.3406372 -0.5934143

1499536565324 MAGNETIC_FIELD 28.93219 32.08618 42.4881

1499536565480 ACCELEROMETER -1.2677307 -4.070755 -9.165405

1499536565481 GYROSCOPE -1.0475159 1.4863892 -0.07537842

1499536565482 MAGNETIC_FIELD 19.587708 25.44403 48.41156

1499536565482 GRAVITY 4.0818753 -1.5447645 -8.781935

1499536565482 LINEAR_ACCELERATION -5.269389 -2.462761 -1.2266369

1499536565483 ROTATION_VECTOR -0.9681404 0.10226504 -0.2210929

1499536565681 ACCELEROMETER -0.9086151 -3.9691925 -9.507523

1499536565681 GYROSCOPE -0.35751343 0.5913086 1.791687

1499536565682 MAGNETIC_FIELD 18.554688 19.2276 50.67749

1499536565682 GRAVITY 5.2444263 -1.1695371 -8.20357

1499536565683 LINEAR_ACCELERATION -5.9339204 -3.5755014 -2.1504354

1499536565683 ROTATION_VECTOR 0.88282746 -0.37266788 0.28127208

1499536565881 ACCELEROMETER -0.32533264 -1.7090912 -10.560699

1499536565884 GRAVITY 4.7696047 -1.8675138 -8.362635

1499536565885 LINEAR_ACCELERATION -5.752914 -0.7870574 -1.5807962

1499536565885 GYROSCOPE 0.03768921 -0.47894287 -0.028381348

1499536565886 MAGNETIC_FIELD 19.522095 10.263062 54.12445

1499536565890 ROTATION_VECTOR 0.87301064 -0.40525064 0.27082667

1499536566096 GRAVITY 4.3191032 -1.665493 -8.645338

1499536566097 LINEAR_ACCELERATION -4.1204414 0.18887913 -0.69688416

1499536566097 ROTATION_VECTOR -0.9264888 0.28706807 -0.24277657

1499536566098 ACCELEROMETER -1.2071075 -1.5865936 -8.300674

1499536566099 GYROSCOPE -0.22506714 0.16085815 -0.06790161

1499536566100 MAGNETIC_FIELD 28.059387 10.873413 49.62616

1499536566282 ACCELEROMETER -7.627762 -3.3527374 -6.5575104

1499536566285 GYROSCOPE -0.10864258 -4.334839 1.3270569

1499536566285 MAGNETIC_FIELD 45.01648 13.043213 29.57611

1499536566286 GRAVITY -0.14532442 -1.9892068 -9.601684

1499536566294 LINEAR_ACCELERATION -5.911606 -1.4203434 0.64582443

1499536566297 ROTATION_VECTOR -0.97159654 0.2134239 -0.014599272

1499536566494 GRAVITY -6.0924325 -1.684253 -7.497729

1499536566500 LINEAR_ACCELERATION 0.12896919 7.1402245 5.245042

1499536566502 ROTATION_VECTOR -0.9040441 0.25491592 0.29347974

1499536566506 ACCELEROMETER -8.065521 6.773636 1.0192413

1499536566509 GYROSCOPE 0.18295288 -1.908081 -0.2355957

1499536566511 MAGNETIC_FIELD 54.974365 -10.289001 -10.154724

1499536566684 ACCELEROMETER -7.2316437 4.421097 3.5033264

1499536566686 GYROSCOPE 0.65185547 -1.4413147 -0.5934143

1499536566686 MAGNETIC_FIELD 37.086487 -17.736816 -35.61554

1499536566695 GRAVITY -8.243311 -2.545506 -4.662469

1499536566697 LINEAR_ACCELERATION -0.9253559 5.4297743 6.4507575

1499536566701 ROTATION_VECTOR -0.8077652 0.29195058 0.40883607

1499536566884 ACCELEROMETER -8.998352 3.9982147 -0.7316284

1499536566886 GYROSCOPE 0.3164673 1.5857239 -0.1020813

1499536566890 MAGNETIC_FIELD 41.04309 -19.238281 -29.023743

1499536566891 GRAVITY -8.256531 -3.1249104 -4.2702484

1499536566892 LINEAR_ACCELERATION -2.8773184 7.8247967 4.007536

1499536566894 ROTATION_VECTOR -0.82521623 0.19167748 0.4414643

1499536567094 ACCELEROMETER -8.691711 2.3304749 1.999176

1499536567099 GYROSCOPE -0.09902954 -0.59643555 0.13076782

1499536567101 MAGNETIC_FIELD 42.956543 -18.266296 -26.15509

1499536567104 GRAVITY -8.072263 -2.9786272 -4.7049704

1499536567107 LINEAR_ACCELERATION -2.3403487 4.3269663 6.0915213

1499536567110 ROTATION_VECTOR -0.8578116 0.06360779 0.46411195

1499536567294 ACCELEROMETER -8.416336 2.4023895 2.4506378

1499536567307 GYROSCOPE 0.14663696 0.28903198 -0.17471313

1499536567311 MAGNETIC_FIELD 40.61432 -16.22467 -28.668213

1499536567314 ROTATION_VECTOR -0.84150666 -0.06325882 0.5201899

1499536567322 GRAVITY -8.422554 -2.8142128 -4.1606703

1499536567325 LINEAR_ACCELERATION -0.3506322 4.742595 6.205577

1499536567496 GRAVITY -8.570763 -2.7337503 -3.90372

1499536567507 LINEAR_ACCELERATION -2.031857 4.6771097 5.098933

1499536567515 ROTATION_VECTOR -0.812816 -0.19586842 0.5471704

1499536567516 ACCELEROMETER -8.656677 2.271225 2.2503204

1499536567517 GYROSCOPE -0.1449585 -0.26531982 -0.04119873

1499536567518 MAGNETIC_FIELD 43.167114 -15.458679 -27.16217

1499536567689 ACCELEROMETER -9.640503 1.9456329 2.221695

1499536567695 GRAVITY -8.730282 -2.720146 -3.5430737

1499536567697 LINEAR_ACCELERATION -2.3376827 4.2023973 5.734029

1499536567700 ROTATION_VECTOR 0.7685739 0.29990113 -0.5637301

1499536567702 GYROSCOPE -0.18554688 0.113861084 -0.38085938

1499536567705 MAGNETIC_FIELD 42.04712 -13.645935 -29.756165

1499536567891 ACCELEROMETER -9.893646 1.4783936 3.044281

1499536567894 GYROSCOPE -0.96954346 -0.23327637 -0.007019043

1499536567897 MAGNETIC_FIELD 43.595886 -10.65979 -29.896545

1499536567900 GRAVITY -8.85927 -2.3772068 -3.4688041

1499536567902 LINEAR_ACCELERATION -2.8066497 3.9944444 4.806946

1499536567904 ROTATION_VECTOR 0.7092578 0.41690907 -0.5479726

1499536568093 GRAVITY -9.160289 -2.0108063 -2.8663824

1499536568096 LINEAR_ACCELERATION -0.6669154 2.547442 6.051893

1499536568099 ROTATION_VECTOR 0.6349455 0.4929392 -0.53716344

1499536568102 ACCELEROMETER -8.838608 0.8950043 2.509552

1499536568104 GYROSCOPE -0.05630493 -0.31445313 -0.15335083

1499536568107 MAGNETIC_FIELD 42.131042 -5.3253174 -30.589294

1499536568292 ACCELEROMETER -8.628708 0.4872284 3.2384644

1499536568295 GYROSCOPE -0.010375977 -0.28240967 -0.105285645

1499536568298 MAGNETIC_FIELD 40.04669 -3.742981 -31.343079

1499536568301 GRAVITY -9.358209 -2.0656986 -2.0801919

1499536568303 LINEAR_ACCELERATION -1.4184036 2.531621 3.911631

1499536568305 ROTATION_VECTOR 0.5732026 0.52678174 -0.54281217

1499536568486 ACCELEROMETER -9.353882 0.57110596 4.6302795

1499536568487 GYROSCOPE 0.128479 -1.1529236 -0.062561035

1499536568488 MAGNETIC_FIELD 37.312317 -2.6245117 -35.842896

1499536568489 GRAVITY -9.57121 -2.1023662 -0.37735173

1499536568489 LINEAR_ACCELERATION -1.555861 2.0692534 4.9018164

1499536568490 ROTATION_VECTOR 0.5118451 0.5072023 -0.5857522

