1499536546159 ACCELEROMETER -0.8175812 2.2230377 8.883179

1499536546161 GYROSCOPE 0.029144287 -0.038879395 0.020751953

1499536546162 MAGNETIC_FIELD 12.940979 -31.071472 -40.13977

1499536546162 GRAVITY -1.0648904 2.4327512 9.440239

1499536546163 LINEAR_ACCELERATION 0.0 0.0 -0.0

1499536546163 ROTATION_VECTOR 0.0 0.0 0.0

1499536546360 ACCELEROMETER -0.36108398 2.4009705 9.344894

1499536546362 GYROSCOPE 0.823822 0.11920166 0.12863159

1499536546363 MAGNETIC_FIELD 11.253357 -31.408691 -39.483643

1499536546364 GRAVITY -0.80721766 2.767265 9.373422

1499536546364 LINEAR_ACCELERATION 0.24518651 -0.35084558 0.47805977

1499536546365 ROTATION_VECTOR -0.01318781 0.14803578 0.9701568

1499536546559 ACCELEROMETER 0.2315979 3.6083527 9.113998

1499536546560 GYROSCOPE -0.07766724 -0.85491943 0.56655884

1499536546561 MAGNETIC_FIELD 8.891296 -39.816284 -33.2489

1499536546561 GRAVITY 0.028879732 3.376802 9.206886

1499536546562 LINEAR_ACCELERATION -0.06020823 -0.19899797 0.23287106

1499536546562 ROTATION_VECTOR 0.027036123 0.17276712 0.9740191

1499536546759 ACCELEROMETER 2.5531464 5.608795 9.222534

1499536546760 GYROSCOPE -0.5241394 -2.2637634 0.438385

1499536546761 MAGNETIC_FIELD 4.335022 -36.2854 -35.710144

1499536546761 GRAVITY 2.906015 3.3828905 8.733929

1499536546762 LINEAR_ACCELERATION -0.7100413 1.9842148 0.49426937

1499536546763 ROTATION_VECTOR 0.16357918 0.16713889 0.97022057

1499536546996 ACCELEROMETER 3.9442444 4.2861633 9.88147

1499536546996 GYROSCOPE 0.067596436 0.009185791 0.053863525

1499536546997 MAGNETIC_FIELD -11.358643 -28.172302 -40.759277

1499536546997 GRAVITY 4.8478127 3.0696254 7.952767

1499536546998 LINEAR_ACCELERATION -1.2455611 1.7260902 1.7653809

1499536546999 ROTATION_VECTOR -0.22639745 -0.20800465 -0.9364283

1499536547196 ACCELEROMETER 4.2889404 2.4072113 10.929947

1499536547197 GYROSCOPE 0.1776123 1.5333862 -0.066833496

1499536547198 MAGNETIC_FIELD -10.684204 -24.235535 -42.54303

1499536547199 LINEAR_ACCELERATION 0.31912923 -0.61904454 1.4762573

1499536547199 GRAVITY 3.5503242 3.0752945 8.608609

1499536547200 ROTATION_VECTOR -0.14214356 -0.20218384 -0.940227

1499536547396 ACCELEROMETER 3.340744 0.58569336 10.561127

1499536547397 GYROSCOPE 0.6037903 0.24630737 0.9436035

1499536547398 MAGNETIC_FIELD -1.9363403 -26.081848 -45.56427

1499536547398 GRAVITY 2.4132447 2.9638636 9.031177

1499536547399 LINEAR_ACCELERATION 1.1663783 -2.5825531 1.5626163

1499536547399 ROTATION_VECTOR -0.093171276 -0.17566235 -0.9613278

1499536547597 ACCELEROMETER 2.3280182 2.0148773 7.1064606

1499536547598 GYROSCOPE -0.7110596 0.6489868 -0.26123047

1499536547599 MAGNETIC_FIELD -3.819275 -31.652832 -42.00592

1499536547599 GRAVITY 1.9132866 2.676412 9.238319

1499536547600 LINEAR_ACCELERATION 0.46018243 -0.7986345 -2.4353151

1499536547600 ROTATION_VECTOR -0.073993534 -0.15330288 -0.97104067

1499536547797 ACCELEROMETER 1.4648285 1.9758301 9.399185

1499536547798 GYROSCOPE -1.678772 -0.09121704 -0.48339844

1499536547799 MAGNETIC_FIELD -1.0864258 -31.959534 -40.65094

1499536547800 GRAVITY 1.1999298 0.72519463 9.705908

1499536547800 LINEAR_ACCELERATION 0.12898195 1.4386227 -1.2780628

1499536547801 ROTATION_VECTOR -0.057737045 -0.04246008 -0.9933492

1499536547998 ACCELEROMETER 3.0632782 0.204422 14.835175

1499536547999 GYROSCOPE 0.97869873 -0.45117188 -0.04119873

1499536548000 MAGNETIC_FIELD -2.1575928 -21.807861 -47.328186

1499536548000 GRAVITY 1.6988355 0.09995635 9.657866

1499536548001 LINEAR_ACCELERATION 1.0701662 0.013762236 5.4868937

1499536548001 ROTATION_VECTOR -0.08667386 -0.008577821 -0.99540794

1499536548198 ACCELEROMETER 2.7227783 0.88456726 5.445984

1499536548199 GYROSCOPE -0.075531006 -0.030334473 -0.3894043

1499536548200 MAGNETIC_FIELD -4.571533 -25.428772 -44.69452

1499536548201 GRAVITY 2.2993815 1.0601587 9.474138

1499536548201 LINEAR_ACCELERATION 0.58108234 -0.29436684 -4.4136696

1499536548202 ROTATION_VECTOR 0.118317485 0.054354034 0.99148613

1499536548399 ACCELEROMETER 2.2852478 1.8213196 7.749649

1499536548400 GYROSCOPE -0.26779175 0.0796814 0.015411377

1499536548401 MAGNETIC_FIELD -3.8589478 -25.84076 -45.169067

1499536548401 GRAVITY 2.2428122 0.90926224 9.503338

1499536548402 LINEAR_ACCELERATION -0.12340951 0.8289758 -2.232504

1499536548402 ROTATION_VECTOR 0.11672887 0.0428837 0.99169433

1499536548599 ACCELEROMETER 2.422165 1.3235016 9.483566

1499536548600 GYROSCOPE 0.22994995 0.7611389 1.0354614

1499536548601 MAGNETIC_FIELD -4.8690796 -23.117065 -47.254944

1499536548602 GRAVITY 1.5962642 0.72369975 9.648761

1499536548602 LINEAR_ACCELERATION 0.87685347 1.073364 -0.71266556

1499536548603 ROTATION_VECTOR 0.081991665 0.036434602 0.99593884

1499536548800 ACCELEROMETER 2.9196625 -0.20848083 10.022858

1499536548802 GYROSCOPE 0.64224243 0.13308716 0.23330688

1499536548802 GRAVITY 0.959518 1.2193443 9.6831255

1499536548803 LINEAR_ACCELERATION 2.0187442 -1.7021428 0.8234463

1499536548803 MAGNETIC_FIELD -5.947876 -21.694946 -47.503662

1499536548804 ROTATION_VECTOR -0.047322005 -0.063707545 -0.99645996

1499536549011 GRAVITY 0.8746333 1.7620885 9.607312

1499536549013 ACCELEROMETER 1.811264 0.76153564 7.8296967

1499536549014 ROTATION_VECTOR -0.042098437 -0.0916031 -0.9944593

1499536549014 LINEAR_ACCELERATION 0.98030275 -1.0831951 -1.8231592

1499536549015 GYROSCOPE -0.0018310547 0.07006836 0.011138916

1499536549016 MAGNETIC_FIELD -4.60968 -25.775146 -46.868896

1499536549206 ACCELEROMETER 1.6148529 1.5857544 8.441467

1499536549211 GYROSCOPE -0.5519104 -0.13500977 0.074157715

1499536549213 MAGNETIC_FIELD -3.3096313 -27.636719 -45.458984

1499536549215 GRAVITY 0.9979216 1.2520491 9.675067

1499536549217 LINEAR_ACCELERATION 0.54902625 0.33282828 -1.3870955

1499536549220 ROTATION_VECTOR -0.04956573 -0.06520839 -0.99637663

1499536549408 ACCELEROMETER 3.2756653 0.32536316 11.7743225

1499536549411 GYROSCOPE 0.12634277 -0.059173584 0.28457642

1499536549413 MAGNETIC_FIELD -4.273987 -21.028137 -48.34442

1499536549415 GRAVITY 1.3267001 0.79712045 9.683742

1499536549419 LINEAR_ACCELERATION 1.7586417 0.071421325 1.5784874

1499536549432 ROTATION_VECTOR -0.0666706 -0.04268044 -0.99645966

1499536549616 ACCELEROMETER 3.0935974 -0.84721375 10.134735

1499536549617 GYROSCOPE 0.38269043 -0.18093872 -0.04333496

1499536549618 MAGNETIC_FIELD -7.6187134 -19.366455 -48.425293

1499536549619 GRAVITY 1.6610831 1.114283 9.600498

1499536549619 LINEAR_ACCELERATION 1.6183625 -2.3201008 1.1188507

1499536549620 ROTATION_VECTOR -0.082818456 -0.060431227 -0.9939548

1499536549802 ACCELEROMETER 2.4709625 0.5505066 8.006409

1499536549804 GYROSCOPE 0.13275146 -0.13928223 -0.025177002

1499536549804 MAGNETIC_FIELD -8.421326 -21.861267 -46.92383

1499536549804 GRAVITY 1.9967215 1.5682126 9.472286

1499536549805 LINEAR_ACCELERATION 0.393489 -1.1711007 -1.4700708

1499536549805 ROTATION_VECTOR -0.09941597 -0.08464217 -0.99066484

1499536550003 ACCELEROMETER 2.6778717 1.0820618 8.821426

1499536550003 GYROSCOPE 0.11993408 -0.09442139 0.4159546

1499536550004 MAGNETIC_FIELD -9.803772 -25.013733 -46.33026

1499536550004 GRAVITY 2.2993655 1.6959386 9.38121

1499536550005 LINEAR_ACCELERATION 0.3074944 -0.7016163 -0.47625732

1499536550005 ROTATION_VECTOR -0.11294872 -0.09451986 -0.9872367

1499536550211 ACCELEROMETER 2.6748505 1.3618164 8.550858

1499536550214 GYROSCOPE 0.66467285 0.18222046 0.74172974

1499536550218 GRAVITY 2.4394417 2.1229246 9.258116

1499536550220 LINEAR_ACCELERATION 0.6014707 -0.6761296 -0.7207184

1499536550222 ROTATION_VECTOR -0.111408524 -0.12472218 -0.9781522

1499536550249 MAGNETIC_FIELD -10.86731 -23.780823 -45.81299

1499536550414 GRAVITY 4.120094 5.1159363 7.2816496

1499536550436 LINEAR_ACCELERATION -2.13901 -2.9166145 -1.1314645

1499536550446 ROTATION_VECTOR -0.21019834 -0.29078493 -0.93214774

1499536550449 ACCELEROMETER 2.0579376 2.4530182 4.5971375

1499536550452 GYROSCOPE 2.5061035 -2.7860718 -1.9766235

1499536550454 MAGNETIC_FIELD -10.694885 -24.389648 -46.447754

1499536550604 ACCELEROMETER 0.3474121 -0.18278503 7.598526

1499536550604 GYROSCOPE -0.38848877 2.8866882 -0.3477478

1499536550605 MAGNETIC_FIELD -11.444092 -38.337708 -37.472534

1499536550606 GRAVITY 2.7936811 7.2512193 5.9821024

1499536550606 LINEAR_ACCELERATION -0.90034604 -4.959068 -1.3503213

1499536550607 ROTATION_VECTOR 0.18246888 0.40212283 0.89569825

1499536550822 GRAVITY 1.5514181 5.134994 8.209466

1499536550861 LINEAR_ACCELERATION -14.249259 -15.362845 -7.10973

1499536550864 ROTATION_VECTOR -0.05171391 -0.28064108 -0.9525012

1499536550865 ACCELEROMETER -11.634491 -7.3145905 -1.4467468

1499536550865 GYROSCOPE -0.78582764 0.4375 3.0456543

1499536550866 MAGNETIC_FIELD -5.6747437 -48.62213 -32.96814

1499536551005 ACCELEROMETER -0.43217468 4.8047943 12.65181

1499536551005 GYROSCOPE -0.6085205 1.2385864 2.1292114

1499536551006 MAGNETIC_FIELD -9.658813 -51.568604 -27.935791

1499536551007 GRAVITY 2.1386588 2.621715 9.204517

1499536551007 LINEAR_ACCELERATION -2.994997 3.2309935 5.5239315

1499536551008 ROTATION_VECTOR -0.053460892 -0.16685973 -0.9163977

1499536551205 ACCELEROMETER 3.2313843 6.1375427 7.61792

1499536551206 GYROSCOPE -0.2079773 -4.615753 -1.1178589

1499536551216 MAGNETIC_FIELD -17.666626 -49.838257 -27.459717

1499536551222 GRAVITY 5.3129106 1.9521964 8.008264

1499536551226 LINEAR_ACCELERATION -1.5056715 5.224841 -1.4046454

1499536551229 ROTATION_VECTOR -0.20311204 -0.22458333 -0.8438383

1499536551417 ACCELEROMETER 6.89711 6.2263794 6.767761

1499536551424 GRAVITY 8.214441 2.5417516 4.715171

1499536551427 LINEAR_ACCELERATION -0.4751153 3.686467 4.5828967

1499536551431 ROTATION_VECTOR -0.38806748 -0.33014667 -0.7909113

1499536551433 GYROSCOPE 0.013122559 -0.5141907 0.027160645

1499536551436 MAGNETIC_FIELD -23.240662 -48.980713 -22.07489

1499536551608 ACCELEROMETER 5.451004 5.795578 8.292465

1499536551610 GYROSCOPE 0.2684021 -0.5526428 -0.08392334

1499536551610 MAGNETIC_FIELD -26.416016 -46.343994 -21.705627

1499536551611 GRAVITY 8.47606 2.8943622 3.993679

1499536551612 LINEAR_ACCELERATION -2.4190779 3.1461885 4.5897717

1499536551613 ROTATION_VECTOR -0.41392672 -0.3536152 -0.7796285

1499536551806 ACCELEROMETER 5.002243 5.2901764 6.680496

1499536551809 GRAVITY 8.499349 3.331896 3.5818887

1499536551814 LINEAR_ACCELERATION -2.6022978 2.4348733 3.037897

1499536551815 GYROSCOPE -0.24856567 -0.14035034 -0.24734497

1499536551815 MAGNETIC_FIELD -27.69165 -47.016907 -21.160889

1499536551816 ROTATION_VECTOR -0.42839566 -0.36585742 -0.7807661

1499536552019 ACCELEROMETER 5.3017426 5.133835 6.9145203

1499536552022 GYROSCOPE -0.091552734 0.20358276 0.039978027

1499536552024 MAGNETIC_FIELD -28.433228 -46.47827 -22.994995

1499536552029 GRAVITY 8.268094 3.4956594 3.9483368

1499536552032 LINEAR_ACCELERATION -1.9864545 2.0596774 3.5077167

1499536552034 ROTATION_VECTOR -0.422476 -0.34670576 -0.8031385

1499536552214 ACCELEROMETER 4.909195 4.670944 6.9593353

1499536552214 GYROSCOPE -0.028533936 0.08929443 0.06561279

1499536552215 MAGNETIC_FIELD -26.98059 -46.640015 -26.45111

1499536552215 GRAVITY 8.050392 3.4459608 4.414401

1499536552215 LINEAR_ACCELERATION -2.379273 1.4305136 3.0901113

1499536552216 ROTATION_VECTOR -0.41251826 -0.32366168 -0.8227103

1499536552409 ACCELEROMETER 4.926346 4.6964264 6.8934937

1499536552411 GYROSCOPE -0.09048462 0.13308716 0.038909912

1499536552412 MAGNETIC_FIELD -27.780151 -45.611572 -26.62201

1499536552413 GRAVITY 7.8563085 3.4040098 4.7813725

1499536552413 LINEAR_ACCELERATION -2.1385531 1.6609311 2.5718336

1499536552414 ROTATION_VECTOR -0.40340304 -0.30575126 -0.8377724

1499536552614 ACCELEROMETER 4.7858124 4.4864044 7.1664886

1499536552618 GYROSCOPE -0.24215698 0.18862915 -0.026245117

1499536552621 MAGNETIC_FIELD -27.557373 -44.692993 -28.657532

1499536552623 GRAVITY 7.5750265 3.321171 5.2686977

1499536552626 LINEAR_ACCELERATION -1.955544 1.5866044 2.271696

1499536552629 ROTATION_VECTOR -0.39048034 -0.2808848 -0.85738355

1499536552818 ACCELEROMETER 4.561249 4.2076263 7.4897003

1499536552823 GRAVITY 7.4048467 3.607682 5.32196

1499536552826 LINEAR_ACCELERATION -2.0860405 1.0182288 2.649922

1499536552829 ROTATION_VECTOR -0.39326477 -0.2720264 -0.86816484

1499536552832 GYROSCOPE 0.012054443 -0.42660522 -0.4449463

1499536552834 MAGNETIC_FIELD -25.013733 -43.026733 -31.550598

1499536553019 ACCELEROMETER 4.2835236 4.363388 7.253525

1499536553023 GYROSCOPE -0.07659912 -0.16278076 -0.082855225

1499536553026 MAGNETIC_FIELD -24.734497 -44.032288 -30.33142

1499536553028 GRAVITY 6.560733 4.2258286 5.9388165

1499536553031 LINEAR_ACCELERATION -1.6719503 0.5056617 1.8883686

1499536553033 ROTATION_VECTOR -0.32311434 -0.3046338 -0.8809058

1499536553216 GRAVITY 6.6386266 4.4497585 5.6831923

1499536553221 LINEAR_ACCELERATION -1.0291662 0.19892788 2.3803592

1499536553223 ROTATION_VECTOR -0.33895153 -0.30878747 -0.87892306

1499536553226 ACCELEROMETER 5.0850983 4.310791 7.7055054

1499536553231 GYROSCOPE 0.184021 -0.32299805 -0.17578125

1499536553233 MAGNETIC_FIELD -24.33014 -44.641113 -30.07965

1499536553416 ACCELEROMETER 4.2374115 4.1358795 8.282684

1499536553422 GRAVITY 6.617097 4.756292 5.4554653

1499536553424 LINEAR_ACCELERATION -1.8298888 -0.26944304 3.8893971

1499536553429 ROTATION_VECTOR -0.3526354 -0.312245 -0.8775888

1499536553437 GYROSCOPE -0.24215698 -0.37106323 -0.40115356

1499536553439 MAGNETIC_FIELD -23.820496 -44.84558 -30.479431

1499536553619 ACCELEROMETER 4.678116 4.256317 7.262192

1499536553624 GYROSCOPE 0.07400513 0.10211182 0.04852295

1499536553627 GRAVITY 6.514811 4.886826 5.4632006

1499536553629 LINEAR_ACCELERATION -1.3308783 -0.12848425 1.7479854

1499536553633 ROTATION_VECTOR -0.3582711 -0.3051166 -0.88066405

1499536553636 MAGNETIC_FIELD -23.538208 -44.189453 -30.296326

1499536553811 ACCELEROMETER 4.3259125 3.7289429 7.985718

1499536553814 GRAVITY 6.0556087 5.3665514 5.540769

1499536553815 LINEAR_ACCELERATION -0.83716726 -1.0901046 3.0710607

1499536553816 GYROSCOPE 0.55358887 0.30184937 -0.40222168

1499536553835 MAGNETIC_FIELD -23.339844 -43.348694 -30.943298

1499536553835 ROTATION_VECTOR -0.3323769 -0.32714677 -0.88338

