1495826130552 ACCELEROMETER 1.5399323 4.8576813 8.27887

1495826130554 GYROSCOPE 0.048538208 -0.021621704 -0.043167114

1495826130555 MAGNETIC_FIELD -8.795166 -40.65094 -30.96466

1495826130555 GRAVITY 1.7402432 4.86885 8.332841

1495826130556 LINEAR_ACCELERATION 0.0 0.0 -0.0

1495826130556 ROTATION_VECTOR 0.0 0.0 0.0

1495826130752 ACCELEROMETER 0.62783813 4.7476196 8.291779

1495826130754 GYROSCOPE -0.2526703 -0.061141968 0.4972992

1495826130755 MAGNETIC_FIELD -9.47113 -41.323853 -28.668213

1495826130756 GRAVITY 1.4386686 4.7334123 8.467316

1495826130756 LINEAR_ACCELERATION -0.61385715 0.045850277 -0.07910347

1495826130757 ROTATION_VECTOR -0.0455313 -0.25732076 -0.9583187

1495826130953 ACCELEROMETER 1.1803436 4.1417084 6.067337

1495826130954 GYROSCOPE 0.5398712 -0.35273743 0.63401794

1495826130955 MAGNETIC_FIELD -14.195251 -39.978027 -29.652405

1495826130955 GRAVITY 1.8281581 4.9981656 8.236903

1495826130956 LINEAR_ACCELERATION -1.1016774 0.0026359558 -0.7102566

1495826130957 ROTATION_VECTOR -0.027625144 -0.28155228 -0.9286514

1495826131153 ACCELEROMETER 7.4795685 -5.14386 1.0826416

1495826131155 GYROSCOPE 1.140152 -5.9261627 2.4636993

1495826131155 MAGNETIC_FIELD -27.189636 -37.45575 -19.644165

1495826131156 GRAVITY 7.486353 4.796756 4.137154

1495826131157 LINEAR_ACCELERATION -2.1650424 -4.291829 -1.7238307

1495826131157 ROTATION_VECTOR -0.34880996 -0.40913993 -0.8067487

1495826131389 ACCELEROMETER 17.375061 -8.448669 3.7125702

1495826131390 GYROSCOPE -1.6486969 1.356247 1.2150726

1495826131391 GRAVITY 9.698406 -1.4440168 0.16164017

1495826131392 LINEAR_ACCELERATION 8.0367365 -8.735478 3.5198917

1495826131392 ROTATION_VECTOR -0.63139844 -0.30511415 -0.5892133

1495826131490 MAGNETIC_FIELD -42.78412 15.815735 12.6449585

1495826131591 ACCELEROMETER 9.869095 -3.9013367 0.67401123

1495826131591 GYROSCOPE -0.056137085 -0.5909271 0.97901917

1495826131592 GRAVITY 9.116236 -3.598462 0.34015554

1495826131593 LINEAR_ACCELERATION 0.40363312 -0.6838777 0.4138018

1495826131593 ROTATION_VECTOR -0.6612472 -0.21309392 -0.55577856

1495826131691 MAGNETIC_FIELD -41.093445 22.010803 10.482788

1495826131791 ACCELEROMETER 15.007065 -3.0604706 1.5381622

1495826131791 GYROSCOPE 1.8216095 -0.506546 -3.0467072

1495826131792 GRAVITY 9.682986 -1.5409 -0.18915369

1495826131792 LINEAR_ACCELERATION 4.8399296 -0.6421764 1.4203985

1495826131793 ROTATION_VECTOR -0.59418637 -0.39571035 -0.5145908

1495826131892 MAGNETIC_FIELD -41.755676 17.984009 15.032959

1495826131992 ACCELEROMETER 10.894974 -8.028275 2.2059174

1495826131992 GYROSCOPE 1.8034515 -2.3575897 -3.1139984

1495826131993 GRAVITY 8.71029 2.7516127 -3.567894

1495826131993 LINEAR_ACCELERATION 1.9305935 -10.82899 6.0657234

1495826131994 ROTATION_VECTOR -0.51706815 -0.6438575 -0.46920925

1495826132092 MAGNETIC_FIELD -39.378357 3.8604736 31.17981

1495826132193 ACCELEROMETER 7.8936157 -8.818817 0.45747375

1495826132194 GYROSCOPE -1.5696564 1.4160614 -0.10725403

1495826132194 GRAVITY 7.8614454 4.1321235 -4.1585603

1495826132195 LINEAR_ACCELERATION 1.8645701 -12.259387 4.5196934

1495826132195 ROTATION_VECTOR -0.46310914 -0.7053776 -0.46941033

1495826132293 MAGNETIC_FIELD -32.20215 -9.16748 36.40442

1495826132393 ACCELEROMETER 4.586746 -11.004944 -0.9912262

1495826132394 GYROSCOPE -0.95762634 1.1874847 4.3841705

1495826132395 LINEAR_ACCELERATION -5.492772 -11.500576 0.7000936

1495826132395 GRAVITY 9.686572 0.17255637 -1.5201768

1495826132396 ROTATION_VECTOR -0.6327537 -0.42086843 -0.5475353

1495826132494 MAGNETIC_FIELD -40.40985 8.299255 25.822449

1495826132594 ACCELEROMETER 14.995361 -4.5039673 -2.8820343

1495826132595 GYROSCOPE -0.26869202 0.23472595 0.3926239

1495826132596 GRAVITY 8.907887 -3.9838152 -0.9742418

1495826132596 LINEAR_ACCELERATION 6.5718822 -1.8238232 -2.3381271

1495826132597 ROTATION_VECTOR -0.7006228 -0.24248752 -0.48929566

1495826132694 MAGNETIC_FIELD -35.647583 27.235413 22.743225

1495826132796 ACCELEROMETER 15.016922 -1.6876678 0.32867432

1495826132796 GYROSCOPE 2.3375092 -1.0117645 -3.0328217

1495826132797 GRAVITY 9.611851 -1.5280776 -1.2032044

1495826132797 LINEAR_ACCELERATION 5.833576 0.6695268 1.2896895

1495826132798 ROTATION_VECTOR -0.6026534 -0.4451463 -0.4643473

1495826132895 MAGNETIC_FIELD -36.93695 19.628906 24.456787

1495826132996 ACCELEROMETER 10.975403 -7.99292 0.4694214

1495826133033 LINEAR_ACCELERATION 3.2873783 -10.036487 5.6229973

1495826133034 ROTATION_VECTOR -0.50230175 -0.7023235 -0.39533228

1495826133034 GRAVITY 8.210187 2.359243 -4.816347

1495826133035 GYROSCOPE 1.0077057 -2.2977753 -2.4859467

1495826133100 MAGNETIC_FIELD -32.611084 8.912659 31.600952

1495826133205 ACCELEROMETER 4.87088 -11.879639 0.051834106

1495826133207 GRAVITY 7.7427583 0.39113283 -6.0055885

1495826133207 LINEAR_ACCELERATION -1.6639361 -11.966517 4.930108

1495826133208 ROTATION_VECTOR -0.5507824 -0.7091111 -0.28724152

1495826133209 GYROSCOPE 0.0143585205 0.85209656 3.1163177

1495826133299 MAGNETIC_FIELD -31.874084 0.10070801 35.517883

1495826133405 ACCELEROMETER 9.817337 -9.136658 -1.8329773

1495826133409 GYROSCOPE -1.0719147 2.5269012 3.6450348

1495826133412 GRAVITY 7.990795 -4.2838106 -3.7371833

1495826133414 LINEAR_ACCELERATION 0.95617867 -5.9173098 2.494642

1495826133418 ROTATION_VECTOR -0.7233637 -0.40900892 -0.29741463

1495826133500 MAGNETIC_FIELD -29.397583 25.004578 26.567078

1495826133606 ACCELEROMETER 16.093216 -2.5023346 -3.693756

1495826133612 GRAVITY 7.528037 -5.538741 -2.970082

1495826133616 LINEAR_ACCELERATION 8.402771 2.2797513 -0.8889835

1495826133619 ROTATION_VECTOR -0.74786764 -0.3035227 -0.30906507

1495826133621 GYROSCOPE 0.31877136 -0.8344574 -1.0226288

1495826133703 MAGNETIC_FIELD -27.093506 29.003906 23.020935

1495826133805 ACCELEROMETER 14.624756 -4.39122 -1.2833557

1495826133808 GYROSCOPE 1.446701 -1.9858856 -3.536972

1495826133810 GRAVITY 8.30341 -2.150333 -4.753929

1495826133813 LINEAR_ACCELERATION 7.2893143 -1.2269843 3.022779

1495826133815 ROTATION_VECTOR -0.64432734 -0.572036 -0.28295892

1495826133903 MAGNETIC_FIELD -33.90808 17.83905 27.328491

1495826134004 ACCELEROMETER 9.468262 -9.087982 -0.5052948

1495826134005 GYROSCOPE -1.2193146 -0.20106506 -1.7724457

1495826134006 GRAVITY 7.3390455 1.6918242 -6.2806473

1495826134007 LINEAR_ACCELERATION 3.280345 -10.391145 5.783026

1495826134008 ROTATION_VECTOR -0.5283053 -0.7356068 -0.3183738

1495826134103 MAGNETIC_FIELD -32.548523 0.4272461 35.076904

1495826134211 ROTATION_VECTOR -0.65183413 -0.6018513 -0.35131627

1495826134214 GRAVITY 8.022174 0.32308736 -5.6312275

1495826134216 LINEAR_ACCELERATION -4.986004 -10.54867 7.1783233

1495826134219 ACCELEROMETER 3.3070374 -10.236664 1.6740265

1495826134221 GYROSCOPE -0.100997925 0.8050995 3.933426

1495826134311 MAGNETIC_FIELD -38.554382 4.5410156 28.70636

1495826134415 ACCELEROMETER 13.547638 -6.134796 -1.6423492

1495826134419 GRAVITY 7.85801 -3.9805503 -4.3101373

1495826134422 LINEAR_ACCELERATION 5.320009 -3.5228217 2.3689837

1495826134424 ROTATION_VECTOR -0.76583874 -0.36502996 -0.3233702

1495826134426 GYROSCOPE -0.5111542 0.99095154 1.9841156

1495826134510 MAGNETIC_FIELD -32.69806 26.376343 22.88208

1495826134612 GRAVITY 8.619494 -3.1432903 -3.4632983

1495826134619 LINEAR_ACCELERATION 6.8795567 2.8849692 0.9751835

1495826134621 ROTATION_VECTOR -0.7239345 -0.3905099 -0.3777304

1495826134623 ACCELEROMETER 15.297302 -0.45158386 -2.083603

1495826134626 GYROSCOPE -0.15333557 0.14073181 -2.359909

1495826134711 MAGNETIC_FIELD -34.143066 26.193237 21.53778

1495826134813 GRAVITY 8.275126 0.7861193 -5.2033334

1495826134820 LINEAR_ACCELERATION 4.5884037 -5.8171086 5.289784

1495826134822 ROTATION_VECTOR -0.6136819 -0.6234506 -0.3709799

1495826134824 ACCELEROMETER 12.101532 -5.656601 0.09559631

1495826134826 GYROSCOPE 2.0330963 -2.1973724 -3.0787506

1495826134912 MAGNETIC_FIELD -38.679504 12.246704 28.141785

1495826135014 ACCELEROMETER 8.805847 -8.27002 -0.58584595

1495826135020 GYROSCOPE -1.6134491 0.7858734 -1.1230316

1495826135023 GRAVITY 6.7615323 3.3973763 -6.2377796

1495826135025 LINEAR_ACCELERATION 3.176044 -11.038513 5.3602657

1495826135027 ROTATION_VECTOR -0.5158154 -0.7429487 -0.3746957

1495826135112 MAGNETIC_FIELD -35.803223 -3.8528442 32.00226

1495826135215 GRAVITY 8.311787 2.4847474 -4.572813

1495826135221 LINEAR_ACCELERATION -3.0791268 -10.414592 3.8678722

1495826135223 ROTATION_VECTOR -0.60882634 -0.60206234 -0.45595634

1495826135226 ACCELEROMETER 5.64682 -7.211136 -1.0516968

1495826135228 GYROSCOPE -0.06788635 0.7901459 3.182541

1495826135313 MAGNETIC_FIELD -41.46881 6.0653687 23.558044

1495826135415 GRAVITY 8.997939 -1.1680096 -3.7206497

1495826135422 LINEAR_ACCELERATION 4.712455 -1.5591978 0.21982932

1495826135424 ROTATION_VECTOR -0.6806744 -0.47579697 -0.4116809

1495826135427 ACCELEROMETER 13.059845 -2.061554 -2.5888062

1495826135429 GYROSCOPE 0.07524109 0.053146362 0.99183655

1495826135514 MAGNETIC_FIELD -37.92267 21.192932 21.627808

1495826135616 GRAVITY 9.157981 -0.30640197 -3.49398

1495826135622 LINEAR_ACCELERATION 5.743843 -3.2515407 1.7509713

1495826135624 ROTATION_VECTOR -0.58933496 -0.57517624 -0.392529

1495826135627 ACCELEROMETER 14.738968 -4.236313 -1.1778564

1495826135629 GYROSCOPE 0.9959564 -0.008804321 -2.572464

1495826135715 MAGNETIC_FIELD -33.29315 25.502014 23.347473

1495826135817 ACCELEROMETER 8.140915 -6.895874 2.360443

1495826135822 GYROSCOPE 2.2915802 -2.8382416 -0.5067291

1495826135824 GRAVITY 7.584902 0.85608655 -6.156848

1495826135826 LINEAR_ACCELERATION 2.1327815 -7.252252 7.930827

1495826135829 ROTATION_VECTOR -0.4796399 -0.7641056 -0.2688735

1495826135912 MAGNETIC_FIELD -31.13861 27.664185 26.013184

1495826136014 ACCELEROMETER 7.3511047 -6.9203644 3.3072052

1495826136018 GYROSCOPE 1.9455109 -1.7701263 0.4983673

1495826136020 GRAVITY 4.458247 -2.1366317 -8.469311

1495826136022 LINEAR_ACCELERATION 1.9527221 -5.4231806 11.135991

1495826136024 ROTATION_VECTOR -0.39722297 -0.87978894 0.005956832

1495826136117 MAGNETIC_FIELD -18.865967 42.036438 20.048523

1495826136220 GRAVITY 3.4956305 -5.340239 -7.4453206

1495826136228 LINEAR_ACCELERATION 9.309644 -1.1593962 8.036865

1495826136241 ROTATION_VECTOR -0.22552626 -0.91035354 0.23609762

1495826136244 ACCELEROMETER 11.460678 -6.3373413 1.08638

1495826136246 GYROSCOPE 2.4133453 -0.5460663 -1.3249054

1495826136313 MAGNETIC_FIELD -28.907776 41.229248 2.937317

1495826136416 GRAVITY 4.1282625 -6.456007 -6.119461

1495826136420 LINEAR_ACCELERATION 4.675105 -1.7698593 4.1055245

1495826136422 ROTATION_VECTOR -0.03221851 -0.90053743 0.3567016

1495826136425 ACCELEROMETER 7.6898956 -7.4335938 -2.0611725

1495826136427 GYROSCOPE 0.21302795 -0.38157654 -0.561203

1495826136520 MAGNETIC_FIELD -37.78839 34.614563 -8.493042

1495826136622 GRAVITY 3.4500654 -7.3524776 -5.4962263

1495826136626 LINEAR_ACCELERATION 2.2484946 -0.527627 3.4290318

1495826136628 ROTATION_VECTOR 0.057873778 -0.8814081 0.4365324

1495826136631 ACCELEROMETER 6.2984314 -6.2338867 -0.90437317

1495826136633 GYROSCOPE 0.9724579 -0.67637634 0.9341583

1495826136721 MAGNETIC_FIELD -36.434937 36.958313 -6.2408447

1495826136823 GRAVITY 3.2714555 -8.408546 -3.8424363

1495826136827 LINEAR_ACCELERATION 8.132461 5.2396092 2.379649

1495826136830 ROTATION_VECTOR 0.12744033 -0.8244202 0.538431

1495826136832 ACCELEROMETER 11.576248 -2.2349396 -0.7817383

1495826136834 GYROSCOPE 1.49263 -0.69026184 -0.64772034

1495826136922 MAGNETIC_FIELD -34.921265 38.43994 -10.65979

1495826137024 ACCELEROMETER 12.97731 -3.9197083 -0.08703613

1495826137028 GYROSCOPE 1.9241486 -1.544754 -2.5500336

1495826137030 GRAVITY 5.7627764 -7.573034 -2.3685346

1495826137033 LINEAR_ACCELERATION 8.19277 2.8322558 2.2218308

1495826137035 ROTATION_VECTOR 0.4002782 -0.67863023 0.61157215

1495826137120 MAGNETIC_FIELD -48.246765 15.075684 -11.193848

1495826137225 GRAVITY 7.882687 -5.1200204 -2.79625

1495826137229 LINEAR_ACCELERATION 3.9827108 -0.8433957 2.530842

1495826137231 ROTATION_VECTOR 0.64863324 -0.47100323 0.5970466

1495826137233 ACCELEROMETER 9.726898 -5.941498 0.14483643

1495826137235 GYROSCOPE 0.07096863 -0.47557068 -1.377243

1495826137321 MAGNETIC_FIELD -51.098633 -7.936096 -2.3208618

1495826137424 ACCELEROMETER 4.935608 -8.894775 -0.1708374

1495826137431 GRAVITY 6.642628 -6.5959835 -2.9221365

1495826137433 LINEAR_ACCELERATION -1.872683 -2.7005215 2.543937

1495826137436 ROTATION_VECTOR -0.6368786 0.49332863 -0.58800066

1495826137438 GYROSCOPE -1.0783234 1.0678558 3.6087189

1495826137522 MAGNETIC_FIELD -51.18866 5.923462 -9.437561

1495826137624 GRAVITY 2.9380004 -8.17293 -4.554312

1495826137630 LINEAR_ACCELERATION 8.3421 -0.84823895 2.576623

1495826137633 ROTATION_VECTOR -0.37784413 0.76774937 -0.5142321

1495826137635 ACCELEROMETER 11.862869 -7.064377 -1.7258911

1495826137637 GYROSCOPE -1.4446869 0.8916168 2.636734

1495826137722 MAGNETIC_FIELD -31.922913 39.538574 -10.948181

1495826137825 GRAVITY 2.9411755 -7.663875 -5.365155

1495826137831 LINEAR_ACCELERATION 12.103209 5.08775 2.747408

1495826137833 ROTATION_VECTOR 0.22018127 -0.8515087 0.47281438

1495826137836 ACCELEROMETER 15.147644 -1.1785126 -1.685318

1495826137838 GYROSCOPE 0.250412 -0.5001373 -1.4851227

1495826137924 MAGNETIC_FIELD -28.260803 42.099 -8.039856

1495826138022 ACCELEROMETER 12.543808 -4.5430603 0.12132263

1495826138030 GYROSCOPE 2.4678192 -2.2433014 -3.064865

1495826138031 GRAVITY 5.30671 -6.6418037 -4.888318

1495826138032 LINEAR_ACCELERATION 8.8758545 2.6857371 4.3635893

1495826138032 ROTATION_VECTOR 0.48430815 -0.71741235 0.49915013

1495826138122 MAGNETIC_FIELD -44.143677 21.36383 -10.572815

1495826138223 GRAVITY 6.955282 -4.016104 -5.6271963

1495826138224 LINEAR_ACCELERATION 4.354287 -4.5618467 4.373408

1495826138224 ROTATION_VECTOR -0.8149946 0.35027272 -0.45842424

1495826138225 ACCELEROMETER 9.139557 -8.894943 -0.7348633

1495826138225 GYROSCOPE -1.6604462 0.38319397 -1.7371979

1495826138322 MAGNETIC_FIELD -49.264526 -5.7250977 0.10070801

1495826138419 LINEAR_ACCELERATION -2.5629487 -6.0327306 5.5918927

1495826138420 GRAVITY 7.042631 -4.461932 -5.1636133

1495826138420 ACCELEROMETER 4.9407654 -9.339935 0.46621704

1495826138421 GYROSCOPE -0.16722107 1.199234 3.4773407

1495826138421 ROTATION_VECTOR -0.82259196 0.2943017 -0.47469878

1495826138524 MAGNETIC_FIELD -46.81244 11.497498 -8.041382

1495826138625 GRAVITY 5.4619436 -6.644619 -4.7102647

1495826138625 LINEAR_ACCELERATION 7.274235 -0.038185596 1.7374377

1495826138626 ROTATION_VECTOR -0.6231225 0.59319055 -0.50596046

1495826138626 ACCELEROMETER 13.419846 -4.534363 -2.6830444

1495826138631 GYROSCOPE -0.62971497 0.54981995 1.2823639

1495826138729 MAGNETIC_FIELD -31.781006 35.768127 -13.012695

1495826138831 ACCELEROMETER 15.364899 -2.3924103 -0.82559204

1495826138838 GYROSCOPE 0.22477722 0.06489563 -2.5147858

1495826138840 GRAVITY 6.9533277 -5.3874507 -4.335551

1495826138842 LINEAR_ACCELERATION 9.702646 3.8466358 2.1904726

1495826138845 ROTATION_VECTOR 0.28598657 -0.7995394 0.44519502

1495826138933 MAGNETIC_FIELD -37.402344 28.98407 -12.637329

1495826139035 ACCELEROMETER 9.867569 -6.131912 0.23739624

1495826139041 GYROSCOPE 1.7404327 -1.4934845 -2.3054352

1495826139043 GRAVITY 8.142658 -2.553443 -4.8319182

1495826139046 LINEAR_ACCELERATION 2.9544768 -3.6214862 5.1882906

1495826139048 ROTATION_VECTOR 0.7049878 -0.499351 0.47925037

1495826139134 MAGNETIC_FIELD -48.22998 7.1014404 -6.944275

1495826139235 GRAVITY 8.396161 -0.8777567 -4.9904313

1495826139241 LINEAR_ACCELERATION 0.79534006 -6.2856536 3.3016171

1495826139244 ROTATION_VECTOR 0.8624799 -0.10280837 0.49548697

1495826139246 ACCELEROMETER 7.8731995 -7.5282288 -1.0942688

1495826139248 GYROSCOPE -2.0652618 1.1276703 0.068984985

1495826139335 MAGNETIC_FIELD -49.47815 -5.493164 -2.859497

1495826139438 GRAVITY 8.7381735 -1.5484383 -4.173373

1495826139444 ACCELEROMETER 6.438339 -5.901825 -1.8616333

1495826139446 LINEAR_ACCELERATION -3.0082974 -5.8417306 3.1854033

1495826139449 ROTATION_VECTOR 0.7814268 -0.31961694 0.5238296

1495826139451 GYROSCOPE -0.99394226 0.4622345 2.2970734

1495826139532 MAGNETIC_FIELD -46.733093 14.584351 -11.738586

1495826139635 GRAVITY 8.166297 -3.2822955 -4.325334

1495826139641 LINEAR_ACCELERATION 5.022738 2.7306414 0.6879463

1495826139643 ROTATION_VECTOR 0.6563058 -0.5383246 0.50428367

1495826139646 ACCELEROMETER 12.987778 0.782074 -2.5218353

1495826139649 GYROSCOPE 0.53453064 -0.58665466 0.23667908

1495826139733 MAGNETIC_FIELD -42.11731 25.549316 -11.769104

1495826139838 GRAVITY 8.160383 -2.9227028 -4.5865383

1495826139844 LINEAR_ACCELERATION 7.5032663 4.745775 3.6853018

1495826139846 ROTATION_VECTOR 0.57692724 -0.63324827 0.4556839

1495826139849 ACCELEROMETER 13.994965 0.2383728 0.06271362

1495826139851 GYROSCOPE 2.5564728 -1.0683746 -1.7404022

1495826139934 MAGNETIC_FIELD -48.55194 12.513733 -10.031128

1495826140035 ACCELEROMETER 8.823257 -4.4667053 -0.66656494

1495826140045 GYROSCOPE 0.9724579 -0.41148376 -1.2042084

1495826140047 GRAVITY 8.072803 -2.1256518 -5.1460524

1495826140049 LINEAR_ACCELERATION 1.6156673 -2.3998134 4.8705764

1495826140052 ROTATION_VECTOR 0.8430644 -0.22719607 0.48745918

1495826140135 MAGNETIC_FIELD -51.045227 -5.062866 1.9683838

1495826140236 GRAVITY 8.689079 -1.9006512 -4.1301103

1495826140245 LINEAR_ACCELERATION -0.30725956 -3.6572742 2.1483712

1495826140247 ROTATION_VECTOR -0.8424267 0.029904498 -0.52930164

1495826140250 ACCELEROMETER 7.4548798 -5.521576 -1.8025818

1495826140252 GYROSCOPE -1.7138519 1.6563873 1.144577

1495826140339 MAGNETIC_FIELD -51.971436 -3.4057617 -2.154541

1495826140440 GRAVITY 8.7117405 -3.433039 -2.9137943

1495826140446 LINEAR_ACCELERATION -1.7273884 -2.950732 -0.553658

1495826140449 ROTATION_VECTOR 0.6820356 -0.42824012 0.5826748

1495826140451 ACCELEROMETER 8.178436 -5.405319 -3.3960114

1495826140453 GYROSCOPE -1.4703217 1.4427643 2.3889313

1495826140539 MAGNETIC_FIELD -48.40851 17.834473 -10.151672

1495826140642 ACCELEROMETER 13.367142 -0.1156311 -2.2556

1495826140648 GRAVITY 7.993852 -4.8701725 -2.9240615

1495826140650 LINEAR_ACCELERATION 5.4585505 3.8422017 0.47726846

1495826140653 ROTATION_VECTOR 0.43767294 -0.6764082 0.533585

1495826140655 GYROSCOPE 1.3206635 -1.4400787 -0.27174377

1495826140739 MAGNETIC_FIELD -42.938232 25.752258 -11.552429

1495826140841 GRAVITY 7.85429 -3.8053038 -4.472155

1495826140847 LINEAR_ACCELERATION 6.061081 2.2316234 3.6410065

1495826140850 ACCELEROMETER 12.884277 -2.7464142 0.42111206

1495826140852 ROTATION_VECTOR 0.54669863 -0.65508556 0.4753009

1495826140855 GYROSCOPE 3.716446 -2.8446503 -2.0223846

1495826140935 MAGNETIC_FIELD -48.683167 9.483337 -1.7868042

1495826141033 ACCELEROMETER 10.71666 -6.4272614 1.5119324

1495826141038 GYROSCOPE 0.6456146 -0.020553589 -2.248825

1495826141041 GRAVITY 7.4975305 -2.302411 -5.8869624

1495826141043 LINEAR_ACCELERATION 4.3485622 -4.071866 7.380119

1495826141045 ROTATION_VECTOR 0.0 0.0 0.0

1495826141132 MAGNETIC_FIELD -48.371887 -11.798096 7.344055

1495826141244 ACCELEROMETER 8.085556 -5.607956 -2.0231018

1495826141256 GRAVITY 8.131624 -1.0740101 -5.375275

1495826141267 LINEAR_ACCELERATION 0.43380976 -5.443467 3.8079057

1495826141269 ROTATION_VECTOR -0.7108243 -0.5184511 -0.34404954

1495826141272 GYROSCOPE -0.99287415 0.4835968 0.52827454

1495826141332 MAGNETIC_FIELD -46.591187 -19.976807 0.5432129

1495826141435 GRAVITY 8.576377 0.07702899 -4.75502

1495826141440 LINEAR_ACCELERATION 0.75350666 -1.6705544 0.64368343

1495826141442 ROTATION_VECTOR -0.8522194 -0.12712458 -0.50260353

1495826141444 ACCELEROMETER 9.185379 -0.43663025 -4.171112

1495826141446 GYROSCOPE -1.9766083 0.4408722 -0.037826538

1495826141542 MAGNETIC_FIELD -47.357178 -20.048523 -3.6270142

1495826141645 GRAVITY 8.716349 1.0765219 -4.363112

1495826141651 LINEAR_ACCELERATION 0.95366764 2.3287268 2.8320904

1495826141654 ROTATION_VECTOR 0.83775246 -0.14362334 0.50442123

1495826141656 ACCELEROMETER 9.992218 3.7879944 -0.5290222

1495826141658 GYROSCOPE 1.2672577 -0.22883606 -0.5761566

1495826141745 MAGNETIC_FIELD -44.992065 -24.090576 -6.1080933

1495826141843 ACCELEROMETER 10.994965 0.8397522 -0.10090637

1495826141852 GYROSCOPE 2.5254974 -0.83872986 -1.2811127

1495826141855 GRAVITY 8.021902 0.9266295 -5.564246

1495826141857 LINEAR_ACCELERATION 4.345445 1.1930463 6.3476033

1495826141860 ROTATION_VECTOR 0.88326806 0.0594573 0.46455225

1495826141942 MAGNETIC_FIELD -36.445618 -33.9386 11.080933

1495826142049 ACCELEROMETER 6.816559 -2.8333588 -4.3907013

1495826142055 GYROSCOPE -0.7920685 -0.2320404 0.90211487

1495826142057 GRAVITY 7.3733096 0.116872154 -6.4645987

1495826142060 LINEAR_ACCELERATION 0.49713326 -2.3004725 1.4745512

1495826142062 ROTATION_VECTOR -0.8606008 -0.29827672 -0.39212334

1495826142140 MAGNETIC_FIELD -35.643005 -33.746338 14.962769

1495826142242 GRAVITY 7.285105 -0.029794723 -6.5648103

1495826142252 LINEAR_ACCELERATION 1.8253946 -5.430534 3.8581762

1495826142254 ROTATION_VECTOR -0.90636015 -0.11499309 -0.40311024

1495826142256 ACCELEROMETER 10.084259 -4.5525513 -2.0617828

1495826142259 GYROSCOPE -2.030014 0.11723328 1.4265594

1495826142340 MAGNETIC_FIELD -47.117615 -18.403625 -3.2363892

1495826142443 ACCELEROMETER 11.554977 0.21237183 -1.557312

1495826142449 GYROSCOPE -3.1269684 0.9172516 0.34669495

1495826142452 GRAVITY 7.9685235 1.9716806 -5.3652124

1495826142454 LINEAR_ACCELERATION 4.6615615 -2.053031 2.838305

1495826142456 ROTATION_VECTOR 0.8740527 -0.09788526 0.4463467

1495826142539 MAGNETIC_FIELD -49.238586 -6.4086914 -17.024231

1495826142644 ACCELEROMETER 10.076111 3.1204224 0.07922363

1495826142655 GYROSCOPE 0.44374084 -0.6742401 0.04121399

1495826142658 GRAVITY 8.259774 3.0195684 -4.339208

1495826142660 LINEAR_ACCELERATION 1.009623 -0.45422578 3.9941335

1495826142662 ROTATION_VECTOR 0.77682453 -0.34319338 0.38033035

1495826142740 MAGNETIC_FIELD -47.85614 -2.6275635 -17.134094

1495826142843 ACCELEROMETER 11.774429 1.127182 -1.7536926

1495826142854 GYROSCOPE 0.68833923 -0.6325836 -1.274704

1495826142857 GRAVITY 7.403499 3.4241376 -5.4437003

1495826142859 LINEAR_ACCELERATION 6.460926 -0.5777099 4.258453

1495826142861 ROTATION_VECTOR 0.7615947 -0.44443777 0.26993805

1495826142940 MAGNETIC_FIELD -47.738647 -13.674927 -8.955383

1495826143045 ACCELEROMETER 6.895996 -4.171829 -2.7692566

1495826143056 GYROSCOPE -1.1851349 0.73139954 0.9736786

1495826143059 GRAVITY 7.5042524 3.635997 -5.1610184

1495826143061 LINEAR_ACCELERATION 0.635128 -6.1043544 1.8715854

1495826143063 ROTATION_VECTOR 0.82215655 -0.2952918 0.34046653

1495826143141 MAGNETIC_FIELD -48.391724 -12.780762 -9.025574

1495826143245 GRAVITY 8.903417 0.60156053 -4.0666556

1495826143255 LINEAR_ACCELERATION -0.6495247 -7.415776 2.9046066

1495826143258 ROTATION_VECTOR 0.62944794 -0.5577966 0.37977168

1495826143260 ACCELEROMETER 9.182465 -7.233032 -0.6543579

1495826143262 GYROSCOPE -1.075119 0.30522156 3.7187347

1495826143343 MAGNETIC_FIELD -41.60309 19.511414 -13.8168335

1495826143453 ACCELEROMETER 13.442184 -4.3124084 -1.1535797

1495826143456 GRAVITY 8.682289 -2.8842595 -3.5311873

1495826143459 LINEAR_ACCELERATION 4.727234 -3.7523537 1.8470838

1495826143461 ROTATION_VECTOR 0.15947942 -0.80907774 0.27877358

1495826143463 GYROSCOPE -1.7373505 1.2526398 1.626297

1495826143543 MAGNETIC_FIELD -23.15979 41.95862 -7.9345703

1495826143651 ACCELEROMETER 14.695648 -2.011261 -1.2606049

1495826143661 GRAVITY 9.325989 -1.6665157 -2.5335827

1495826143663 LINEAR_ACCELERATION 5.2745905 0.2316488 1.1791992

1495826143665 ROTATION_VECTOR -0.1938587 -0.7691525 -0.042634472

1495826143668 GYROSCOPE 0.7759247 -0.10707092 -2.5414886

1495826143744 MAGNETIC_FIELD -30.792236 38.160706 -11.781311

1495826143850 GRAVITY 8.0169525 2.811263 -4.8985367

1495826143859 LINEAR_ACCELERATION 5.820442 -7.749161 4.392997

1495826143862 ACCELEROMETER 12.727707 -6.6023407 -0.39474487

1495826143864 ROTATION_VECTOR 0.29999962 -0.8122537 0.008270817

1495826143867 GYROSCOPE 2.0074615 -1.8235321 -3.674759

1495826143945 MAGNETIC_FIELD -48.394775 5.9921265 -7.4768066

1495826144050 ACCELEROMETER 6.731613 -9.0408325 -1.6193237

1495826144059 GYROSCOPE -2.1111908 0.57759094 -0.39564514

1495826144061 GRAVITY 6.0345974 5.324938 -5.603486

1495826144064 LINEAR_ACCELERATION 3.6734858 -13.124521 3.805933

1495826144066 ROTATION_VECTOR -0.59005344 -0.66146445 -0.45963204

1495826144146 MAGNETIC_FIELD -48.797607 -14.915466 -3.4103394

1495826144255 ACCELEROMETER 7.335617 -8.957306 -1.1641998

1495826144261 GRAVITY 8.377092 4.2450624 -2.823854

1495826144264 LINEAR_ACCELERATION -2.5933862 -13.565815 1.7242134

1495826144266 ROTATION_VECTOR 0.7999957 0.063113555 0.5518037

1495826144269 GYROSCOPE -2.019333 0.9877472 4.0957794

1495826144348 MAGNETIC_FIELD -44.526672 17.843628 -13.406372

1495826144454 GRAVITY 9.750106 -0.59864885 -0.8645483

1495826144460 LINEAR_ACCELERATION 5.2770147 -5.8122864 0.9000859

1495826144462 ROTATION_VECTOR -0.72320926 -0.1450794 -0.65264606

1495826144464 ACCELEROMETER 15.219803 -3.4782562 -0.1592102

1495826144467 GYROSCOPE 0.028244019 1.0828094 1.4885101

1495826144549 MAGNETIC_FIELD -25.088501 41.24298 -13.813782

1495826144654 GRAVITY 9.799208 0.3710365 0.09080176

1495826144661 LINEAR_ACCELERATION 6.4415464 0.18587407 -2.5088654

1495826144663 ROTATION_VECTOR -0.56300133 -0.42237416 -0.58396167

1495826144665 ACCELEROMETER 14.798737 -1.165451 -1.6338806

1495826144668 GYROSCOPE 0.83787537 0.0766449 -2.5596466

1495826144749 MAGNETIC_FIELD -33.480835 33.491516 -18.09845

1495826144852 GRAVITY 7.9461513 5.567847 -1.4241283

1495826144857 LINEAR_ACCELERATION 5.6425643 -10.816446 0.42123485

1495826144859 ROTATION_VECTOR 0.68151844 0.32885095 0.6452305

1495826144862 ACCELEROMETER 12.568161 -7.0028076 -1.412796

1495826144864 GYROSCOPE 0.3486786 -1.1110992 -3.7879791

1495826144950 MAGNETIC_FIELD -48.362732 -0.49591064 -6.919861

1495826145051 ACCELEROMETER 3.4252625 -10.1983795 -1.0448914

1495826145054 GYROSCOPE -1.7896881 0.21977234 3.2840118

1495826145058 GRAVITY 7.918785 5.6219273 -1.362775

1495826145064 LINEAR_ACCELERATION -2.310689 -14.55176 -0.8681536

1495826145066 ROTATION_VECTOR 0.7135035 0.24575387 0.6295482

1495826145149 MAGNETIC_FIELD -47.447205 3.2470703 -6.2026978

1495826145253 GRAVITY 9.745258 -1.0663252 -0.2515555

1495826145256 LINEAR_ACCELERATION -0.14974403 -9.773219 -0.2839918

1495826145260 ROTATION_VECTOR 0.7090945 -0.100053355 0.6976392

1495826145262 ACCELEROMETER 11.386551 -9.56015 -1.094284

1495826145264 GYROSCOPE -2.3803558 1.2868195 4.037033

1495826145350 MAGNETIC_FIELD -30.863953 35.40497 -7.2235107

1495826145453 ACCELEROMETER 12.969955 -3.530487 0.016189575

1495826145458 GYROSCOPE -1.223587 1.3882904 1.4051971

1495826145460 GRAVITY 8.199671 -5.3756366 -0.1957467

1495826145463 LINEAR_ACCELERATION 6.3514194 -1.0425596 0.07863937

1495826145465 ROTATION_VECTOR -0.657382 0.27897885 -0.6888354

1495826145550 MAGNETIC_FIELD -11.244202 44.900513 3.6514282

1495826145655 ACCELEROMETER 15.432159 0.05378723 -1.3449249

1495826145660 GRAVITY 9.143599 -3.4516938 0.8067264

1495826145662 LINEAR_ACCELERATION 6.0404882 5.3029227 -1.2632658

1495826145667 ROTATION_VECTOR -0.676123 -0.04154557 -0.6709829

1495826145670 GYROSCOPE 2.270218 -0.6240387 -3.194107

1495826145752 MAGNETIC_FIELD -28.929138 36.83777 0.71868896

1495826145855 GRAVITY 9.451814 2.339979 -1.1653801

1495826145858 LINEAR_ACCELERATION 4.929385 -10.29711 -2.2536669

1495826145860 ROTATION_VECTOR -0.71773666 -0.21040897 -0.6631649

1495826145863 ACCELEROMETER 11.410934 -9.039047 -3.953064

1495826145865 GYROSCOPE -0.09779358 -0.6795807 -3.3254852

1495826145958 MAGNETIC_FIELD -49.06311 9.614563 0.8010864

1495826146053 ACCELEROMETER 2.9967804 -9.294312 -3.045395

1495826146058 GYROSCOPE -3.0137482 -1.0726471 3.841568

1495826146060 GRAVITY 9.367842 1.5997354 -2.4196656

1495826146062 LINEAR_ACCELERATION -5.832506 -10.453511 -2.1762052

1495826146064 ROTATION_VECTOR 0.7829336 0.10190005 0.61321914

1495826146151 MAGNETIC_FIELD -46.253967 16.45813 5.444336

1495826146259 GRAVITY 8.543394 -2.592049 -4.0573497

1495826146263 LINEAR_ACCELERATION 4.254822 -7.0137177 3.208313

1495826146280 ROTATION_VECTOR -0.8207082 0.18249726 -0.5398641

1495826146283 ACCELEROMETER 14.48436 -7.3057404 0.036499023

1495826146285 GYROSCOPE -3.0628815 1.2996368 2.6709137

1495826146353 MAGNETIC_FIELD -27.583313 32.426453 20.448303

1495826146454 ACCELEROMETER 12.442627 -1.5631256 0.80311584

1495826146459 GYROSCOPE -0.5218353 0.31269836 0.9266815

1495826146461 GRAVITY 8.131572 -3.5471113 -4.1792264

1495826146463 LINEAR_ACCELERATION 5.3809533 1.44592 4.8104973

1495826146465 ROTATION_VECTOR -0.78526914 0.31053764 -0.5353246

1495826146555 MAGNETIC_FIELD -22.03064 31.816101 25.85907

1495826146660 GRAVITY 8.956183 -2.1792457 -3.3478446

1495826146663 LINEAR_ACCELERATION 5.194913 -0.01087141 3.6664796

1495826146665 ROTATION_VECTOR -0.8144445 0.0858646 -0.56873596

1495826146668 ACCELEROMETER 13.938461 -2.8811188 -1.1213379

1495826146670 GYROSCOPE 1.5994415 0.07557678 -3.0039825

1495826146756 MAGNETIC_FIELD -36.709595 23.899841 18.440247

1495826146858 GRAVITY 8.66191 0.9387009 -4.50117

1495826146862 LINEAR_ACCELERATION 2.813922 -6.8602223 0.67512465

1495826146864 ROTATION_VECTOR -0.8445618 -0.12732302 -0.5196485

1495826146866 ACCELEROMETER 8.409393 -6.3668823 -3.8788452

1495826146868 GYROSCOPE 0.22904968 -1.1228485 -1.5235748

1495826146957 MAGNETIC_FIELD -44.06433 9.289551 20.936584

1495826147062 ACCELEROMETER 5.2312317 -8.683685 -1.381012

1495826147067 GYROSCOPE -2.6057281 0.6534271 2.785202

1495826147069 GRAVITY 8.50505 0.44586378 -4.861657

1495826147072 LINEAR_ACCELERATION -3.9213324 -8.650818 1.5536113

1495826147074 ROTATION_VECTOR -0.8628564 -0.057916913 -0.50206614

1495826147163 MAGNETIC_FIELD -41.674805 12.04834 21.594238

1495826147262 GRAVITY 8.785661 -1.0583308 -4.2264037

1495826147265 LINEAR_ACCELERATION 3.0338783 -4.448135 4.333844

1495826147268 ROTATION_VECTOR 0.8352338 -0.13368298 0.532996

1495826147270 ACCELEROMETER 12.820938 -3.4287872 -0.28378296

1495826147272 GYROSCOPE -1.3581696 0.68226624 1.2321625

1495826147363 MAGNETIC_FIELD -28.553772 19.186401 29.35028

1495826147463 GRAVITY 9.011745 -0.99420315 -3.737699

1495826147466 LINEAR_ACCELERATION 3.71801 0.7471045 2.7439256

1495826147469 ROTATION_VECTOR 0.82521284 -0.09794577 0.5562457

1495826147471 ACCELEROMETER 13.241943 0.81539917 -0.9431

1495826147473 GYROSCOPE 0.24827576 -0.19358826 -0.69792175

1495826147564 MAGNETIC_FIELD -32.099915 15.562439 27.062988

1495826147663 GRAVITY 8.384557 0.88516736 -5.0085998

1495826147666 LINEAR_ACCELERATION 5.257819 -1.8333914 3.7811809

1495826147668 ROTATION_VECTOR -0.85599524 -0.15046482 -0.4934326

1495826147671 ACCELEROMETER 11.862396 -2.9468231 -0.9534607

1495826147673 GYROSCOPE 2.002121 -1.2189789 -2.4752655

1495826147765 MAGNETIC_FIELD -32.66754 7.5515747 30.123901

1495826147863 GRAVITY 6.8268085 2.367076 -6.630387

1495826147880 LINEAR_ACCELERATION 2.9676085 -7.218185 4.4429555

1495826147898 ACCELEROMETER 8.219208 -5.622406 -2.5660706

1495826147899 ROTATION_VECTOR -0.82087123 -0.4052481 -0.39929238

1495826147901 GYROSCOPE -0.4214325 -0.53645325 -0.81114197

1495826147955 MAGNETIC_FIELD -30.74646 -2.3651123 35.17151

1495826148060 ACCELEROMETER 8.235306 -4.6209564 -0.9655609

1495826148061 GYROSCOPE -0.7525482 -0.2181549 1.8089447

1495826148061 GRAVITY 6.7379665 2.0618315 -6.820488

1495826148061 LINEAR_ACCELERATION 0.3069291 -7.9435306 4.986373

1495826148062 ROTATION_VECTOR -0.83640873 -0.3849266 -0.38667795

1495826148157 MAGNETIC_FIELD -34.547424 -0.1663208 31.19812

1495826148263 ROTATION_VECTOR -0.8558408 -0.27867234 -0.4352349

1495826148266 LINEAR_ACCELERATION 4.6555486 -2.5622945 3.1092005

1495826148270 GRAVITY 7.4215875 2.023237 -6.082511

1495826148272 ACCELEROMETER 10.578003 0.8371124 -2.1070862

1495826148274 GYROSCOPE -1.6657867 0.4900055 0.36164856

1495826148359 MAGNETIC_FIELD -34.9411 -3.3874512 29.075623

1495826148464 GRAVITY 7.3315167 2.57217 -5.9835763

1495826148469 LINEAR_ACCELERATION 3.6483188 0.9304893 4.987846

1495826148471 ROTATION_VECTOR -0.84167624 -0.31089965 -0.44144082

1495826148473 ACCELEROMETER 13.04126 3.7549744 -0.6135254

1495826148475 GYROSCOPE 1.167923 -0.89427185 -0.61994934

1495826148566 MAGNETIC_FIELD -33.40912 -4.823303 32.958984

1495826148683 GRAVITY 5.616757 2.1023757 -7.759023

1495826148688 LINEAR_ACCELERATION 8.491165 -1.1243553 6.933186

1495826148697 ROTATION_VECTOR -0.7788943 -0.5375163 -0.31339085

1495826148707 ACCELEROMETER 11.131958 -1.22612 -0.4031372

1495826148710 GYROSCOPE 2.3161469 -0.7500763 -2.1259918

1495826148763 MAGNETIC_FIELD -25.14801 0.5355835 39.006042

1495826148863 GRAVITY 5.3072414 2.128837 -7.966909

1495826148864 LINEAR_ACCELERATION 3.9257507 -5.1840363 4.950487

1495826148864 ROTATION_VECTOR -0.6647821 -0.68136925 -0.2801174

1495826148865 ACCELEROMETER 7.462021 -4.5050507 -2.8843231

1495826148865 GYROSCOPE -1.259903 0.66197205 0.04121399

1495826148961 MAGNETIC_FIELD -22.390747 1.4068604 39.881897

1495826149071 ACCELEROMETER 9.74263 -3.388855 -2.1331787

1495826149080 GYROSCOPE 1.6624603 -1.0544891 1.7907867

1495826149082 GRAVITY 5.5603714 0.48845732 -8.063129

1495826149084 LINEAR_ACCELERATION 2.4173994 -5.478668 6.0735817

1495826149086 ROTATION_VECTOR -0.7246597 -0.6212677 -0.24246745

1495826149162 MAGNETIC_FIELD -23.576355 13.409424 36.39679

1495826149273 ACCELEROMETER 11.386108 1.2920227 -4.0347137

1495826149279 GRAVITY 5.2863026 -1.7020454 -8.082601

1495826149281 LINEAR_ACCELERATION 7.1263404 1.2186289 1.8858857

1495826149284 ROTATION_VECTOR -0.7111978 -0.6374132 -0.14951439

1495826149286 GYROSCOPE -0.2601471 0.29560852 0.27833557

1495826149369 MAGNETIC_FIELD -23.504639 15.640259 37.64038

1495826149474 ACCELEROMETER 13.656036 1.1879578 -1.3232117

1495826149481 GRAVITY 4.6821947 -3.033283 -8.065149

1495826149483 LINEAR_ACCELERATION 7.0772696 4.628225 5.3854146

1495826149485 ROTATION_VECTOR -0.5760326 -0.76117975 -0.021722661

1495826149488 GYROSCOPE 2.781845 -1.8310089 -1.0813751

1495826149570 MAGNETIC_FIELD -20.501709 25.543213 31.277466

1495826149674 ACCELEROMETER 9.775497 -4.278305 -0.51364136

1495826149680 GRAVITY 2.885107 -6.341851 -6.9012656

1495826149683 LINEAR_ACCELERATION 10.2209635 3.2655282 5.5930705

1495826149685 ROTATION_VECTOR -0.26328307 -0.8846178 0.29031238

1495826149687 GYROSCOPE 3.8307343 -3.0134125 -1.3441315

1495826149770 MAGNETIC_FIELD -20.780945 32.32727 21.707153

1495826149877 GRAVITY 3.1959708 -5.745636 -7.27625

1495826149883 LINEAR_ACCELERATION 7.2999206 0.8366637 3.061729

1495826149886 ROTATION_VECTOR -0.07681735 -0.93009925 0.2984567

1495826149888 ACCELEROMETER 10.549927 -4.6553345 -3.247223

1495826149891 GYROSCOPE -3.2562103 0.63420105 -1.2501373

1495826149972 MAGNETIC_FIELD -28.359985 17.626953 28.871155

1495826150065 ACCELEROMETER 7.420273 -2.2901154 0.30551147

1495826150070 GYROSCOPE 2.585312 0.3564911 1.7758331

1495826150072 GRAVITY 4.008417 -5.50308 -7.058264

1495826150076 LINEAR_ACCELERATION 4.7358694 0.3191266 6.961717

1495826150092 ROTATION_VECTOR -0.19143863 -0.90731615 0.25055966

1495826150163 MAGNETIC_FIELD -33.288574 21.936035 18.374634

1495826150264 ACCELEROMETER 11.653763 0.9568176 -4.0112

1495826150265 GYROSCOPE 3.002945 -0.7297821 -0.54304504

1495826150265 LINEAR_ACCELERATION 8.012091 7.2594705 -1.7421191

1495826150266 GRAVITY 3.7649915 -8.506655 -3.1035542

1495826150266 ROTATION_VECTOR -0.113823146 -0.8032942 0.4961039

1495826150372 MAGNETIC_FIELD -33.242798 28.95813 1.7715454

1495826150475 ACCELEROMETER 11.514969 -0.878479 0.36265564

1495826150480 GYROSCOPE 2.058731 -0.45100403 -1.6282501

1495826150483 GRAVITY 6.0316343 -7.730481 0.17156158

1495826150486 LINEAR_ACCELERATION 5.9453096 6.4994245 -1.5904778

1495826150488 ROTATION_VECTOR 0.16913174 -0.6801818 0.6516051

1495826150571 MAGNETIC_FIELD -41.345215 16.552734 -4.827881

1495826150680 GRAVITY 8.274293 -4.9362817 1.827456

1495826150687 LINEAR_ACCELERATION 4.2951245 0.9418235 0.76842594

1495826150702 ROTATION_VECTOR 0.41370595 -0.4854617 0.72933424

1495826150722 ACCELEROMETER 10.603119 -4.154022 0.14517212

1495826150723 GYROSCOPE 2.0715485 -0.3078766 -1.2992706

1495826150765 MAGNETIC_FIELD -44.27185 0.7873535 -6.095886

1495826150866 ACCELEROMETER 8.125198 -5.4541626 -2.3254242

1495826150866 GYROSCOPE -0.8219757 0.6395416 0.16725159

1495826150867 GRAVITY 8.762904 -3.7564967 2.2957866

1495826150867 LINEAR_ACCELERATION 2.0655656 -1.2763891 -4.5630074

1495826150868 ROTATION_VECTOR 0.5074234 -0.35421595 0.7691677

1495826150980 MAGNETIC_FIELD -43.574524 1.7990112 -12.432861

1495826151072 GRAVITY 7.781307 -5.6553297 1.9075867

1495826151075 LINEAR_ACCELERATION 1.6278095 -0.5267916 -4.082448

1495826151080 ROTATION_VECTOR 0.39013287 -0.5005362 0.74267554

1495826151082 ACCELEROMETER 9.440964 -3.326645 -1.3981171

1495826151108 GYROSCOPE -2.6954498 1.6403656 1.5162811

1495826151185 MAGNETIC_FIELD -34.71527 23.336792 -16.970825

1495826151278 ACCELEROMETER 8.183395 1.1206207 0.12875366

1495826151288 GYROSCOPE -0.34773254 0.22938538 -0.2525177

1495826151302 GRAVITY 7.1823306 -6.5871663 1.0925964

1495826151303 LINEAR_ACCELERATION 3.6608543 5.083217 -0.93678856

1495826151303 ROTATION_VECTOR 0.20976289 -0.63268685 0.651155

1495826151368 MAGNETIC_FIELD -30.752563 29.30603 -14.167786

1495826151468 ACCELEROMETER 9.803833 0.19967651 -0.2816162

1495826151469 GYROSCOPE 1.2597809 -0.2950592 -1.7083588

1495826151470 GRAVITY 8.492408 -4.6896353 1.4341241

1495826151470 LINEAR_ACCELERATION 0.48432875 4.917257 -1.2994014

1495826151471 ROTATION_VECTOR 0.23502837 -0.6096242 0.5798575

1495826151576 MAGNETIC_FIELD -39.52942 18.547058 -16.540527

1495826151682 GRAVITY 9.692938 -1.0588293 1.0470113

1495826151686 LINEAR_ACCELERATION 4.7895374 0.4674332 -1.1129432

1495826151690 ROTATION_VECTOR 0.49501914 -0.44896922 0.60203063

1495826151692 ACCELEROMETER 12.706589 -1.5041809 0.10612488

1495826151695 GYROSCOPE 1.121994 -0.32603455 -1.7724457

1495826151773 MAGNETIC_FIELD -44.888306 -0.9841919 -18.47229

1495826151870 ACCELEROMETER 10.04541 -1.731308 0.9291992

1495826151872 GYROSCOPE -4.441818 0.28599548 0.3990326

1495826151873 GRAVITY 9.756952 -0.27301505 0.94748354

1495826151874 LINEAR_ACCELERATION -0.13138866 -3.1945276 -1.5637386

1495826151874 ROTATION_VECTOR 0.53931665 -0.4010353 0.6063297

1495826151970 MAGNETIC_FIELD -46.138 4.866028 -15.266418

1495826152072 ACCELEROMETER 13.084732 1.5795288 2.5170593

1495826152074 GYROSCOPE -2.3344269 -2.3821564 1.265274

1495826152074 GRAVITY 9.417508 -1.8523878 -2.012356

1495826152075 LINEAR_ACCELERATION 7.550495 2.4891043 6.0213084

1495826152076 ROTATION_VECTOR 0.37002853 -0.68240786 0.40179613

1495826152176 MAGNETIC_FIELD -45.436096 10.559082 9.115601

1495826152281 GRAVITY 7.9456153 -1.456639 -5.560197

1495826152287 LINEAR_ACCELERATION 0.6251693 5.341218 2.609519

1495826152291 ROTATION_VECTOR 0.40053147 -0.7893451 0.2819225

1495826152293 ACCELEROMETER 6.9444733 3.9222565 -3.495697

1495826152297 GYROSCOPE -0.035842896 -1.2510223 -0.7908478

1495826152377 MAGNETIC_FIELD -42.260742 12.812805 20.822144

1495826152483 ACCELEROMETER 5.6978607 -1.4544983 -12.657227

1495826152487 GRAVITY 6.4796495 0.12558915 -7.359943

1495826152491 LINEAR_ACCELERATION 0.29417706 0.22505364 -4.411147

1495826152493 ROTATION_VECTOR 0.4239081 -0.8339991 0.1539056

1495826152496 GYROSCOPE 0.07737732 -1.0331268 -1.1849823

1495826152580 MAGNETIC_FIELD -39.515686 3.1570435 28.007507

1495826152685 GRAVITY 5.0071177 1.3082248 -8.329928

1495826152688 LINEAR_ACCELERATION 0.61615276 -2.578535 0.29760885

1495826152692 ROTATION_VECTOR 0.0 0.0 0.0

1495826152695 ACCELEROMETER 4.2621613 0.52719116 -7.1725006

1495826152698 GYROSCOPE -0.47483826 -0.75968933 -0.4202118

1495826152780 MAGNETIC_FIELD -34.46045 -5.7174683 35.87799

1495826152900 GRAVITY 3.0711956 2.5560908 -8.955699

1495826152910 LINEAR_ACCELERATION 1.7295423 1.3440356 -0.16571283

1495826152922 ROTATION_VECTOR 0.8343945 0.5102934 0.20610133

1495826152935 ACCELEROMETER 3.0406647 3.774475 -8.58786

1495826152939 GYROSCOPE -0.30500793 -1.3791962 -0.672287

1495826152974 MAGNETIC_FIELD -23.410034 -12.373352 44.21692

1495826153077 GRAVITY 0.7450122 2.934376 -9.327636

1495826153077 ACCELEROMETER -0.5219116 3.6413422 -10.272461

1495826153077 LINEAR_ACCELERATION 0.028165698 0.99377894 -0.54530716

1495826153078 ROTATION_VECTOR 0.82566005 0.5420909 0.1152813

1495826153078 GYROSCOPE 0.1532135 -0.9551544 0.011306763

1495826153183 MAGNETIC_FIELD -11.868286 -12.400818 48.6969

1495826153281 ACCELEROMETER -0.95069885 3.7617188 -9.146011

1495826153282 GYROSCOPE 0.080581665 -0.3997345 -0.06239319

1495826153282 GRAVITY -0.5809275 2.7539713 -9.39407

1495826153283 LINEAR_ACCELERATION -0.5637227 1.0582407 -1.3127127

1495826153283 ROTATION_VECTOR 0.79052675 0.59500563 0.061424248

1495826153375 MAGNETIC_FIELD -6.965637 -11.605835 50.8255

1495826153480 ACCELEROMETER -0.9132385 4.1701813 -8.566544

1495826153482 GRAVITY -1.1030599 2.7805822 -9.3392725

1495826153483 LINEAR_ACCELERATION 0.2005893 1.4945238 -0.6894312

1495826153485 GYROSCOPE -0.03050232 -0.1967926 0.13627625

1495826153486 ROTATION_VECTOR 0.7525059 0.6402384 0.049628135

1495826153580 MAGNETIC_FIELD -4.7576904 -11.962891 51.637268

1495826153676 ACCELEROMETER -0.67996216 4.058838 -8.6923065

1495826153677 GYROSCOPE -0.03477478 0.041397095 -0.005783081

1495826153678 GRAVITY -1.2051336 2.9395301 -9.277781

1495826153678 LINEAR_ACCELERATION 0.09918916 1.4857817 0.31091213

1495826153679 ROTATION_VECTOR 0.72584134 0.6679741 0.057051443

