1495826342679 GYROSCOPE -0.09031677 0.007217407 -0.069869995

1495826342682 GRAVITY 0.14586785 5.4087462 8.17891

1495826342682 MAGNETIC_FIELD -29.681396 -21.662903 -28.450012

1495826342683 LINEAR_ACCELERATION 0.0 0.0 -0.0

1495826342684 ROTATION_VECTOR 0.0 0.0 0.0

1495826342880 ACCELEROMETER 0.186203 5.054428 7.7359924

1495826342881 GYROSCOPE -0.26548767 0.110824585 0.24842834

1495826342882 MAGNETIC_FIELD -32.717896 -20.652771 -28.450012

1495826342882 GRAVITY 0.46070027 5.1640873 8.324082

1495826342883 LINEAR_ACCELERATION 0.2991999 0.04968834 -0.045813084

1495826342883 ROTATION_VECTOR 0.17208797 -0.21441935 -0.693391

1495826343081 ACCELEROMETER 0.78323364 4.9290466 7.683731

1495826343082 GYROSCOPE -0.16722107 -0.385849 0.15229797

1495826343084 MAGNETIC_FIELD -34.91211 -19.140625 -30.255127

1495826343084 GRAVITY 1.2349279 4.9549317 8.372215

1495826343085 LINEAR_ACCELERATION 0.52929354 -0.03308916 -0.9097557

1495826343085 ROTATION_VECTOR 0.14621896 -0.22749908 -0.6599621

1495826343281 ACCELEROMETER 1.6773376 4.3560944 6.725006

1495826343282 GYROSCOPE -0.26548767 -0.51509094 0.44602966

1495826343283 MAGNETIC_FIELD -37.106323 -17.289734 -29.762268

1495826343283 GRAVITY 2.2192404 4.43763 8.458889

1495826343284 LINEAR_ACCELERATION -0.013902903 0.22097635 0.9171519

1495826343284 ROTATION_VECTOR 0.095768094 -0.24401881 -0.6457618

1495826343482 ACCELEROMETER 2.0563202 4.528244 9.033768

1495826343484 GYROSCOPE -0.5848541 0.23579407 0.091415405

1495826343485 MAGNETIC_FIELD -41.662598 -13.0859375 -30.58319

1495826343485 GRAVITY 2.2914574 3.7824402 8.7528715

1495826343486 LINEAR_ACCELERATION -1.2389009 1.2745397 1.244731

1495826343487 ROTATION_VECTOR 0.07232941 -0.22021858 -0.6331726

1495826343617 ACCELEROMETER 0.97454834 4.7483673 9.949722

1495826343718 ACCELEROMETER 2.1759033 2.9208984 10.655228

1495826343720 GYROSCOPE 0.6360016 0.5177765 0.8903656

1495826343721 MAGNETIC_FIELD -41.386414 -9.101868 -30.082703

1495826343721 LINEAR_ACCELERATION 0.41443074 -0.51738477 1.4906425

1495826343722 GRAVITY 1.9601452 3.3486884 9.006359

1495826343723 ROTATION_VECTOR 0.08250403 -0.1843816 -0.56943864

1495826343921 GRAVITY 2.0254202 3.9643407 8.737967

1495826343922 LINEAR_ACCELERATION 1.6467129 -0.21308231 -0.9864235

1495826343923 ACCELEROMETER 3.5640259 3.5854797 7.722641

1495826343925 GYROSCOPE 0.20021057 -0.0045318604 -0.22795105

1495826343925 MAGNETIC_FIELD -45.088196 -6.765747 -29.888916

1495826343926 ROTATION_VECTOR 0.121994175 -0.19901033 -0.50703067

1495826344120 ACCELEROMETER 2.767395 4.2591705 7.2625275

1495826344122 GYROSCOPE -0.4150238 -0.5482025 0.060440063

1495826344123 MAGNETIC_FIELD -43.962097 -9.555054 -28.707886

1495826344124 GRAVITY 2.5076194 3.9213068 8.631661

1495826344124 LINEAR_ACCELERATION 0.24236226 0.48622155 -1.111536

1495826344125 ROTATION_VECTOR 0.10340484 -0.22184494 -0.5196835

1495826344322 ACCELEROMETER 5.4722443 2.1980896 11.001083

1495826344323 GYROSCOPE -0.5891266 -0.7297821 -0.4693451

1495826344323 MAGNETIC_FIELD -48.1781 -4.8339844 -30.078125

1495826344324 GRAVITY 3.6143477 2.9053853 8.640926

1495826344324 LINEAR_ACCELERATION 2.0230422 -0.9832289 2.46276

1495826344325 ROTATION_VECTOR 0.012313006 -0.24348255 -0.5686658

1495826344522 ACCELEROMETER 3.783493 0.7647095 7.1209564

1495826344523 GYROSCOPE 0.12971497 -0.88679504 -1.1807098

1495826344524 MAGNETIC_FIELD -47.317505 -7.167053 -27.597046

1495826344525 LINEAR_ACCELERATION -0.76331043 -2.0368168 -1.1872559

1495826344525 GRAVITY 4.4815364 2.898661 8.227028

1495826344526 ROTATION_VECTOR -0.04960707 -0.27942345 -0.65349144

1495826344724 ACCELEROMETER 3.391159 2.890747 8.388412

1495826344724 GYROSCOPE -0.32530212 0.033920288 -0.45118713

1495826344725 MAGNETIC_FIELD -45.817566 -13.269043 -24.534607

1495826344725 GRAVITY 4.5343924 3.396719 8.004498

1495826344726 LINEAR_ACCELERATION -1.0825434 -0.32556987 0.7487898

1495826344727 ROTATION_VECTOR -0.069044836 -0.29515594 -0.7300369

1495826344925 ACCELEROMETER 4.9247437 3.5632935 11.995682

1495826344926 GYROSCOPE 0.023971558 -0.45741272 0.4001007

1495826344927 MAGNETIC_FIELD -46.5271 -13.519287 -25.94757

1495826344927 LINEAR_ACCELERATION 0.34392643 0.38828516 4.2303762

1495826344928 GRAVITY 4.723667 3.1027951 8.014363

1495826344928 ROTATION_VECTOR -0.09560307 -0.28677735 -0.748434

1495826345126 ACCELEROMETER 3.7001495 2.4040527 8.228607

1495826345149 GRAVITY 5.6216693 3.4095516 7.276138

1495826345162 GYROSCOPE 1.2320099 -0.41575623 0.88075256

1495826345174 LINEAR_ACCELERATION -2.1320815 -1.0837555 0.3774538

1495826345183 ROTATION_VECTOR -0.09933185 -0.34518605 -0.6857664

1495826345195 MAGNETIC_FIELD -47.642517 -12.702942 -23.971558

1495826345332 ACCELEROMETER 4.2757874 3.097641 6.478119

1495826345332 GYROSCOPE 1.4563141 -0.36341858 0.39582825

1495826345333 MAGNETIC_FIELD -51.597595 -13.571167 -15.385437

1495826345333 GRAVITY 6.4136295 4.469521 5.9210744

1495826345333 LINEAR_ACCELERATION -2.056078 -1.2791724 0.4478178

1495826345334 ROTATION_VECTOR -0.047348678 -0.44256902 -0.5872356

1495826345533 ROTATION_VECTOR -0.10067438 -0.5046939 -0.52389497

1495826345535 LINEAR_ACCELERATION -2.7574763 -2.8791397 -2.345151

1495826345536 GRAVITY 7.753075 3.8456826 4.612042

1495826345537 ACCELEROMETER 4.6966248 1.1155853 2.2848053

1495826345537 GYROSCOPE -0.9747162 -1.1388702 0.83161926

1495826345538 MAGNETIC_FIELD -53.474426 -12.936401 -12.965393

1495826345734 LINEAR_ACCELERATION 3.6840239 -6.374749 -0.73170614

1495826345736 GRAVITY 9.340672 -1.4880683 2.5899606

1495826345741 ROTATION_VECTOR -0.4134185 -0.44388503 -0.44356558

1495826345743 ACCELEROMETER 12.085922 -7.2448883 1.7745056

1495826345745 GYROSCOPE -3.2583466 -0.904953 2.7168427

1495826345747 MAGNETIC_FIELD -62.690735 4.0374756 2.3376465

1495826345941 GRAVITY 7.9398756 -5.7342997 -0.49656534

1495826345944 LINEAR_ACCELERATION 5.771326 1.2481427 7.48866

1495826345946 ROTATION_VECTOR -0.65127516 -0.31805417 -0.32487196

1495826345949 ACCELEROMETER 14.070984 -5.1060486 6.9330444

1495826345951 GYROSCOPE -1.0505524 -0.48731995 1.6829071

1495826345953 MAGNETIC_FIELD -56.951904 30.456543 16.326904

1495826346142 GRAVITY 8.010333 -5.539302 -1.1493881

1495826346145 LINEAR_ACCELERATION 0.066747665 3.769167 2.2037048

1495826346147 ROTATION_VECTOR -0.69402444 -0.27736723 -0.36718982

1495826346150 ACCELEROMETER 8.3806305 -1.6627045 1.2823181

1495826346152 GYROSCOPE -0.95869446 1.004837 -1.4733734

1495826346154 MAGNETIC_FIELD -54.838562 28.948975 19.439697

1495826346332 ACCELEROMETER 8.548737 -4.1837616 0.0017852783

1495826346334 GYROSCOPE 1.0952911 -0.021621704 -0.15104675

1495826346334 MAGNETIC_FIELD -61.517334 16.944885 14.915466

1495826346336 GRAVITY 8.8645 -4.1888404 -0.2112839

1495826346336 LINEAR_ACCELERATION -0.15110302 -0.10535669 0.14658308

1495826346336 ROTATION_VECTOR -0.6507878 -0.29537728 -0.45235077

1495826346539 ACCELEROMETER 12.296753 -2.2453766 1.061676

1495826346541 LINEAR_ACCELERATION 3.1520777 0.7028253 0.3546518

1495826346543 ROTATION_VECTOR -0.5725552 -0.35122287 -0.49322456

1495826346545 GRAVITY 9.346582 -2.8097723 0.95758134

1495826346547 GYROSCOPE 0.8271942 0.66304016 -1.2490692

1495826346549 MAGNETIC_FIELD -61.9812 15.176392 11.64093

1495826346753 ACCELEROMETER 12.911789 -3.6033325 3.495819

1495826346759 GRAVITY 9.43631 0.12663513 2.6665332

1495826346761 LINEAR_ACCELERATION 2.9718037 -3.86866 0.7279875

1495826346776 ROTATION_VECTOR -0.43073556 -0.4225062 -0.57674944

1495826346792 GYROSCOPE 1.4509735 1.1597137 -1.7713776

1495826346804 MAGNETIC_FIELD -60.80017 -0.68969727 1.6464233

1495826346937 ACCELEROMETER 6.6102448 -3.325058 2.244049

1495826346938 GYROSCOPE 0.5056915 0.3575592 -0.36787415

1495826346938 MAGNETIC_FIELD -54.9057 -14.312744 -3.6376953

1495826346939 GRAVITY 8.815444 2.384478 3.5738773

1495826346939 LINEAR_ACCELERATION -2.5942564 -5.558969 -1.4465795

1495826346939 ROTATION_VECTOR -0.32534447 -0.46036285 -0.63627875

1495826347138 ACCELEROMETER 5.689377 0.2303009 -0.021743774

1495826347139 GYROSCOPE -2.4423065 -0.8568878 1.0067902

1495826347139 MAGNETIC_FIELD -53.211975 -15.924072 -3.68042

1495826347140 GRAVITY 9.1705065 1.0753303 3.303916

1495826347140 LINEAR_ACCELERATION -3.1017838 -0.68494165 -3.27155

1495826347140 ROTATION_VECTOR -0.42700848 -0.3862783 -0.6660676

1495826347338 ACCELEROMETER 12.108627 1.7013702 4.0547943

1495826347339 GYROSCOPE -1.5279999 -0.9113617 -0.5067291

1495826347340 MAGNETIC_FIELD -57.711792 -7.131958 -7.25708

1495826347340 LINEAR_ACCELERATION 2.7595806 2.3489082 2.4742026

1495826347341 GRAVITY 9.639442 -0.5840711 1.7059875

1495826347341 ROTATION_VECTOR -0.57302994 -0.2909562 -0.66090274

1495826347568 GRAVITY 9.659394 1.1165334 1.2727321

1495826347591 LINEAR_ACCELERATION -0.029792786 2.623807 2.8061328

1495826347594 ROTATION_VECTOR -0.56029844 -0.34810105 -0.67973584

1495826347601 ACCELEROMETER 9.818207 3.5454712 4.0374146

1495826347602 GYROSCOPE 1.0952911 0.27104187 -1.1849823

1495826347602 MAGNETIC_FIELD -52.9541 -12.9348755 -10.450745

1495826347740 ACCELEROMETER 7.5707397 5.769638 2.1703186

1495826347742 GYROSCOPE 3.5252533 0.27211 -0.47361755

1495826347742 MAGNETIC_FIELD -46.23108 -25.012207 0.3555298

1495826347743 GRAVITY 9.276648 3.1374257 0.5203375

1495826347743 LINEAR_ACCELERATION -1.824192 2.5963473 1.5289667

1495826347743 ROTATION_VECTOR -0.44492918 -0.52488875 -0.62180233

1495826347941 ACCELEROMETER 4.736847 -0.67030334 1.9642792

1495826347943 GYROSCOPE -1.5215912 5.395859 -2.581009

1495826347943 MAGNETIC_FIELD -38.293457 -32.955933 1.9592285

1495826347944 GRAVITY 7.1024995 5.621769 3.7577395

1495826347944 LINEAR_ACCELERATION -2.4164357 -6.5496416 -1.4839859

1495826347944 ROTATION_VECTOR -0.154727 -0.5333556 -0.6773699

1495826348142 ACCELEROMETER 8.039856 4.2295227 -3.8273163

1495826348143 GYROSCOPE 0.9318695 -0.6090851 2.1293793

1495826348143 MAGNETIC_FIELD -25.787354 -31.90918 -15.919495

1495826348144 GRAVITY 4.5201883 5.840058 6.4522867

1495826348144 LINEAR_ACCELERATION 4.151455 -0.60113573 -9.81793

1495826348145 ROTATION_VECTOR -0.010795255 -0.4134107 -0.73430896

1495826348343 ACCELEROMETER 2.3283234 5.877228 4.9116974

1495826348344 GYROSCOPE -0.47483826 -0.4552765 -0.18415833

1495826348344 MAGNETIC_FIELD -28.727722 -27.253723 -23.117065

1495826348345 LINEAR_ACCELERATION -3.483378 0.9152241 -0.32956505

1495826348345 GRAVITY 6.071648 5.2496014 5.6344624

1495826348346 ROTATION_VECTOR -0.07148106 -0.45564553 -0.6773341

1495826348544 ACCELEROMETER 1.5462799 2.3294678 9.697754

1495826348546 GYROSCOPE -2.6121368 0.6641083 -2.0458832

1495826348547 GRAVITY 4.4434023 4.3224363 7.5988884

1495826348547 MAGNETIC_FIELD -22.04895 -22.348022 -29.03595

1495826348548 LINEAR_ACCELERATION -2.6419024 -1.9738708 2.9308076

1495826348548 ROTATION_VECTOR -0.07920986 -0.32602194 -0.79771763

1495826348745 ACCELEROMETER -0.95266724 0.7639618 7.965637

1495826348746 GYROSCOPE -0.5346527 -0.30360413 0.058303833

1495826348747 MAGNETIC_FIELD -0.11444092 -27.68097 -39.14795

1495826348747 GRAVITY 2.9937127 2.4464273 9.012383

1495826348748 LINEAR_ACCELERATION -3.80713 -1.4453688 -0.47623158

1495826348748 ROTATION_VECTOR -0.08179751 -0.18386266 -0.8746247

1495826348947 ACCELEROMETER 0.142807 1.4632721 10.2378235

1495826348947 GYROSCOPE 0.080581665 1.3541107 -0.049575806

1495826348948 MAGNETIC_FIELD 0.72784424 -26.101685 -39.593506

1495826348948 GRAVITY 1.909756 1.9959158 9.409545

1495826348949 LINEAR_ACCELERATION -1.658608 -0.35143578 1.6589565

1495826348949 ROTATION_VECTOR -0.0379808 -0.13712834 -0.8718869

1495826349148 ACCELEROMETER -1.8096008 1.8232269 9.753998

1495826349148 GYROSCOPE 0.2717743 0.40455627 0.04548645

1495826349149 MAGNETIC_FIELD 8.201599 -26.530457 -39.097595

1495826349149 GRAVITY 0.12364885 2.3018718 9.531867

1495826349150 LINEAR_ACCELERATION -1.9823115 -0.2931621 0.8907299

1495826349150 ROTATION_VECTOR 0.046174474 -0.108986095 -0.8922033

