1495825937161 ACCELEROMETER -0.12536621 4.129715 8.032532

1495825937164 GYROSCOPE 0.7631073 -0.6881256 -0.36894226

1495825937165 MAGNETIC_FIELD -17.684937 -26.408386 -36.195374

1495825937165 GRAVITY -0.08599102 4.526188 8.69923

1495825937167 LINEAR_ACCELERATION 0.0 0.0 -0.0

1495825937168 ROTATION_VECTOR 0.0 0.0 0.0

1495825937362 ACCELEROMETER -0.08416748 4.6766663 10.48201

1495825937363 GYROSCOPE 0.0549469 -0.04084778 -0.74812317

1495825937364 MAGNETIC_FIELD -14.816284 -33.639526 -30.125427

1495825937365 GRAVITY -0.018354224 4.476288 8.725416

1495825937365 LINEAR_ACCELERATION -0.034571804 -0.045897484 1.5503292

1495825937366 ROTATION_VECTOR 0.106044166 -0.20948079 -0.869047

1495825937563 ACCELEROMETER 2.6495361 2.7209625 5.6625824

1495825937564 GYROSCOPE -1.3079681 -1.8662567 -0.50245667

1495825937564 MAGNETIC_FIELD -14.479065 -36.665344 -25.860596

1495825937565 GRAVITY 1.939272 3.4748495 8.962981

1495825937566 LINEAR_ACCELERATION 1.0246568 -0.6593139 -3.0068321

1495825937566 ROTATION_VECTOR -0.050863758 -0.20106721 -0.945059

1495825937763 ACCELEROMETER 3.7925568 4.1178894 9.117371

1495825937765 GYROSCOPE 0.8667145 -2.7089996 0.9971771

1495825937766 MAGNETIC_FIELD -27.471924 -23.04535 -32.58667

1495825937766 GRAVITY 5.1981783 3.2428143 7.657251

1495825937767 LINEAR_ACCELERATION -1.0560102 1.3112502 2.5460281

1495825937767 ROTATION_VECTOR -0.20902918 -0.25670153 -0.8928104

1495825937964 ACCELEROMETER 6.8380737 5.366287 9.668335

1495825937966 GYROSCOPE 4.7493134 -1.1068268 -2.4752655

1495825937967 MAGNETIC_FIELD -38.609314 -27.752686 -19.132996

1495825937967 GRAVITY 6.010874 6.877558 3.5691705

1495825937968 LINEAR_ACCELERATION 0.8237343 -1.5611677 5.3005276

1495825937969 ROTATION_VECTOR -0.23400736 -0.5130921 -0.7912506

1495825938200 ACCELEROMETER 3.1017761 0.919693 0.9146881

1495825938201 GYROSCOPE 0.8667145 -2.351181 1.9371185

1495825938202 GRAVITY 4.995242 7.6646605 -3.5314193

1495825938202 LINEAR_ACCELERATION -0.99142075 -6.838393 3.5010939

1495825938203 ROTATION_VECTOR -0.29478562 -0.7701647 -0.55297184

1495825938401 ACCELEROMETER 11.459671 -7.532425 0.625

1495825938402 GYROSCOPE -4.135269 -0.035507202 5.0325165

1495825938403 MAGNETIC_FIELD -36.85608 -32.374573 10.856628

1495825938403 GRAVITY 9.028537 1.4337304 -3.5496945

1495825938404 LINEAR_ACCELERATION 6.7564225 -10.964464 4.389041

1495825938404 ROTATION_VECTOR -0.66320527 -0.491063 -0.50102216

1495825938602 ACCELEROMETER 17.089584 -6.529541 1.6517487

1495825938603 GYROSCOPE -2.0161285 0.44300842 2.3600922

1495825938604 MAGNETIC_FIELD -52.28882 -5.6747437 15.863037

1495825938605 GRAVITY 8.568062 -2.1833775 -4.241647

1495825938606 LINEAR_ACCELERATION 8.575597 -1.8635769 5.4400463

1495825938606 ROTATION_VECTOR -0.83886725 -0.11209629 -0.4942035

1495825938803 ACCELEROMETER 15.213577 1.8888245 1.3478241

1495825938804 GYROSCOPE 0.08699036 -0.3997345 -1.5310516

1495825938805 MAGNETIC_FIELD -50.430298 20.58258 17.849731

1495825938806 GRAVITY 8.918475 -1.4325595 -3.8182402

1495825938806 LINEAR_ACCELERATION 7.5792904 3.8189793 4.964198

1495825938807 ROTATION_VECTOR -0.8298803 -0.07729641 -0.5350895

1495825939004 ACCELEROMETER 16.012054 -5.8829803 3.7742004

1495825939005 GYROSCOPE 4.8134003 -1.6451569 -4.2365875

1495825939005 MAGNETIC_FIELD -49.68567 23.144531 19.50531

1495825939006 GRAVITY 7.9663863 0.45313007 -5.7010307

1495825939006 LINEAR_ACCELERATION 7.24541 -8.861905 9.532968

1495825939007 ROTATION_VECTOR -0.78322864 -0.42098042 -0.41465008

1495825939204 ACCELEROMETER 10.102356 -8.634079 0.5066681

1495825939205 GYROSCOPE -0.15440369 -0.14338684 -1.6464081

1495825939205 MAGNETIC_FIELD -51.03302 -1.802063 24.92218

1495825939206 GRAVITY 5.591613 0.86820644 -8.009398

1495825939206 LINEAR_ACCELERATION 2.862965 -8.809081 7.06581

1495825939207 ROTATION_VECTOR -0.59661937 -0.7432436 -0.22347006

1495825939405 ACCELEROMETER 5.1940613 -8.555008 0.87542725

1495825939406 GYROSCOPE -1.1926117 0.6715851 4.8018036

1495825939407 MAGNETIC_FIELD -37.876892 -10.897827 34.983826

1495825939408 GRAVITY 6.3948774 -0.6796143 -7.403651

1495825939408 LINEAR_ACCELERATION 0.94715214 -8.242286 6.976261

1495825939409 ROTATION_VECTOR -0.70781314 -0.61358106 -0.23877443

1495825939606 ACCELEROMETER 16.504578 0.12416077 -0.5037842

1495825939607 GYROSCOPE -1.390213 0.92152405 1.3432465

1495825939608 MAGNETIC_FIELD -48.14453 -2.3040771 24.702454

1495825939609 GRAVITY 6.99481 -1.7385726 -6.6498413

1495825939610 LINEAR_ACCELERATION 11.164709 4.6119537 6.158581

1495825939610 ROTATION_VECTOR -0.83623606 -0.3738406 -0.31594604

1495825939808 ACCELEROMETER 15.91745 1.2996063 3.2236176

1495825939812 GYROSCOPE 1.3078461 0.0029449463 -2.2370758

1495825939813 MAGNETIC_FIELD -51.45874 18.70575 18.182373

1495825939813 GRAVITY 8.294593 -0.9933118 -5.1364822

1495825939814 LINEAR_ACCELERATION 7.9836736 0.5140959 8.905931

1495825939814 ROTATION_VECTOR -0.75944746 -0.43026417 -0.39295113

1495825940018 ACCELEROMETER 11.892929 -4.8672485 1.6153259

1495825940019 LINEAR_ACCELERATION 4.5609126 -6.7167373 5.9860644

1495825940020 GRAVITY 7.3802447 0.91204286 -6.3930087

1495825940021 ROTATION_VECTOR -0.63352144 -0.6516159 -0.3253059

1495825940021 GYROSCOPE 1.7457733 -1.2873383 -2.7732697

1495825940022 MAGNETIC_FIELD -50.154114 12.800598 20.17517

1495825940141 MAGNETIC_FIELD -43.013 3.0563354 30.030823

1495825940212 ACCELEROMETER 5.7351837 -8.615967 1.7931519

1495825940213 GYROSCOPE -2.1443024 1.8443756 3.3983002

1495825940214 GRAVITY 8.01345 0.0028571442 -5.6528754

1495825940214 LINEAR_ACCELERATION -2.4279099 -9.344419 7.917618

1495825940215 ROTATION_VECTOR -0.65583056 -0.5984168 -0.34006056

1495825940415 GRAVITY 8.8169565 -1.6015934 -3.983286

1495825940415 LINEAR_ACCELERATION 8.451928 -1.6452302 4.550997

1495825940416 ROTATION_VECTOR -0.7795141 -0.308948 -0.4625208

1495825940416 ACCELEROMETER 13.547287 -5.390991 1.5920715

1495825940417 GYROSCOPE -2.1464386 1.2964325 2.2532806

1495825940417 MAGNETIC_FIELD -46.395874 1.6220093 27.676392

1495825940615 GRAVITY 8.974532 -1.4521178 -3.676889

1495825940620 LINEAR_ACCELERATION 8.421795 4.4889784 4.057022

1495825940624 ROTATION_VECTOR -0.7801803 -0.28069174 -0.4890523

1495825940626 ACCELEROMETER 16.27089 3.1271057 0.53486633

1495825940628 GYROSCOPE 0.52705383 -1.006424 -1.2480011

1495825940630 MAGNETIC_FIELD -48.892212 22.163391 17.190552

1495825940821 ACCELEROMETER 14.261475 -4.0639496 2.5270996

1495825940824 GYROSCOPE 2.6344452 -1.0373993 -3.425888

1495825940827 MAGNETIC_FIELD -49.720764 20.124817 17.362976

1495825940829 GRAVITY 7.9543643 1.0844029 -5.632277

1495825940831 LINEAR_ACCELERATION 5.2766623 -6.6301713 7.136282

1495825940833 ROTATION_VECTOR -0.698711 -0.54678077 -0.39839116

1495825941020 GRAVITY 6.3971767 2.5379992 -6.9860625

1495825941023 LINEAR_ACCELERATION 0.9379468 -8.799195 5.5721498

1495825941025 ROTATION_VECTOR -0.5780926 -0.722495 -0.32941982

1495825941029 ACCELEROMETER 7.4254456 -6.390396 -0.31344604

1495825941031 GYROSCOPE -0.75468445 -0.13911438 -0.5537262

1495825941033 MAGNETIC_FIELD -50.457764 -0.2456665 23.660278

1495825941222 GRAVITY 7.29664 0.53465855 -6.530205

1495825941225 LINEAR_ACCELERATION 5.352018 -7.268544 7.267122

1495825941227 ROTATION_VECTOR -0.7525258 -0.51638424 -0.35300547

1495825941230 ACCELEROMETER 9.594391 -7.0080414 1.473938

1495825941232 GYROSCOPE -1.1894073 0.18132019 4.889389

1495825941234 MAGNETIC_FIELD -45.932007 -11.7630005 28.172302

1495825941423 GRAVITY 7.6149726 -1.2460748 -6.0522623

1495825941432 LINEAR_ACCELERATION 9.265109 4.5336847 5.437583

1495825941435 ROTATION_VECTOR -0.8432122 -0.31236628 -0.3803417

1495825941437 ACCELEROMETER 16.48851 1.2863159 0.3293457

1495825941439 GYROSCOPE -1.427597 0.8200531 0.5677948

1495825941442 MAGNETIC_FIELD -53.96576 8.770752 21.261597

1495825941623 GRAVITY 8.714211 0.36595437 -4.483189

1495825941631 LINEAR_ACCELERATION 7.719907 -1.6986499 7.3966284

1495825941633 ROTATION_VECTOR -0.73542386 -0.43327907 -0.45957127

1495825941636 ACCELEROMETER 15.959259 0.31088257 2.282318

1495825941638 GYROSCOPE 1.3986359 0.46757507 -2.777542

1495825941640 MAGNETIC_FIELD -53.28064 22.337341 17.910767

1495825941824 GRAVITY 7.6520553 2.5352187 -5.58472

1495825941828 LINEAR_ACCELERATION 4.0729837 -7.4595976 6.496753

1495825941831 ROTATION_VECTOR -0.6027091 -0.64921737 -0.40658313

1495825941833 ACCELEROMETER 11.456055 -4.8209686 2.2478333

1495825941835 GYROSCOPE 2.2082672 -0.42536926 -2.6536407

1495825941840 MAGNETIC_FIELD -52.923584 10.801697 20.176697

1495825942025 ACCELEROMETER 6.96669 -4.1849976 1.7436523

1495825942029 GYROSCOPE -2.0738068 3.0000763 1.2780914

1495825942031 MAGNETIC_FIELD -47.821045 -6.4102173 28.256226

1495825942033 GRAVITY 8.6387415 3.2119992 -3.350462

1495825942036 LINEAR_ACCELERATION -1.3345675 -6.4653587 5.9434123

1495825942041 ROTATION_VECTOR -0.49885803 -0.6495896 -0.48612392

1495825942229 GRAVITY 9.684574 -1.2389657 -0.91890514

1495825942235 LINEAR_ACCELERATION 3.1677866 -2.8976176 -3.977579

1495825942237 ROTATION_VECTOR -0.62857336 -0.38954675 -0.5225678

1495825942239 ACCELEROMETER 9.507355 -3.9886322 -2.6017914

1495825942242 GYROSCOPE 0.43519592 0.031784058 4.072281

1495825942244 MAGNETIC_FIELD -48.731995 -10.421753 25.115967

1495825942429 GRAVITY 8.52872 -4.6341486 -1.3985674

1495825942434 LINEAR_ACCELERATION 9.498159 6.0019426 -1.5711447

1495825942436 ROTATION_VECTOR -0.6147615 -0.4397447 -0.286053

1495825942439 ACCELEROMETER 16.899353 0.7373657 -2.7299805

1495825942441 GYROSCOPE 2.0555267 -2.0873566 0.11064148

1495825942443 MAGNETIC_FIELD -48.390198 24.017334 20.787048

1495825942633 ACCELEROMETER 11.772369 -1.987854 4.388077

1495825942639 GRAVITY 8.60091 -3.5934622 -3.0465999

1495825942642 LINEAR_ACCELERATION 2.9260707 0.33482385 9.904209

1495825942644 ROTATION_VECTOR -0.3710769 -0.7194688 -0.04716437

1495825942646 GYROSCOPE 3.4152374 -2.5669403 -1.5481415

1495825942649 MAGNETIC_FIELD -36.457825 44.85321 17.20581

1495825942833 GRAVITY 8.447127 -1.7187204 -4.6757283

1495825942839 LINEAR_ACCELERATION 5.2972574 -0.14225233 11.6463585

1495825942841 ROTATION_VECTOR -0.023381272 -0.85898143 0.08830348

1495825942846 ACCELEROMETER 12.314041 -1.8486786 8.396378

1495825942849 GYROSCOPE 3.6694489 -0.5759735 -2.8117218

1495825942851 MAGNETIC_FIELD -41.05835 45.07141 6.7611694

1495825943031 ACCELEROMETER 10.485413 -3.9858398 2.794815

1495825943041 GRAVITY 8.556843 -0.392249 -4.774618

1495825943043 LINEAR_ACCELERATION 2.132985 -4.3846445 6.1176085

1495825943051 ROTATION_VECTOR 0.18635869 -0.8418481 0.13200882

1495825943053 GYROSCOPE 0.7994232 0.60002136 -1.6496124

1495825943056 MAGNETIC_FIELD -53.364563 26.461792 -8.706665

1495825943222 ACCELEROMETER 7.27124 -5.688507 -2.0013428

1495825943223 GYROSCOPE -0.5496063 0.46757507 3.126999

1495825943224 MAGNETIC_FIELD -49.194336 -2.7496338 -3.9779663

1495825943224 GRAVITY 8.842932 -1.9815547 -3.7478511

1495825943224 LINEAR_ACCELERATION 0.065532684 -3.6147609 0.79775286

1495825943225 ROTATION_VECTOR 0.095990375 -0.8257561 0.18334258

1495825943429 GRAVITY 8.378968 -3.5157628 -3.688182

1495825943432 LINEAR_ACCELERATION 5.1802263 9.854707 1.8421326

1495825943434 ACCELEROMETER 13.020111 4.917511 -2.0641937

1495825943437 GYROSCOPE 0.33052063 -0.41148376 -0.5419769

1495825943439 MAGNETIC_FIELD -47.331238 7.5439453 -10.394287

1495825943443 ROTATION_VECTOR 0.022868266 -0.82916945 0.23021966

1495825943632 GRAVITY 9.086516 -1.456489 -3.3888412

1495825943634 LINEAR_ACCELERATION 7.485156 2.5587168 3.951564

1495825943636 ROTATION_VECTOR 0.24574195 -0.7825559 0.25559658

1495825943639 ACCELEROMETER 15.120026 2.5363617 1.0415192

1495825943641 GYROSCOPE 2.6344452 -0.0055999756 -2.7593842

1495825943643 MAGNETIC_FIELD -47.6532 11.897278 -10.8428955

1495825943831 GRAVITY 8.960815 0.36060348 -3.9678886

1495825943835 LINEAR_ACCELERATION -2.2051497 -3.7303948 2.51288

1495825943837 ROTATION_VECTOR 0.46765175 -0.6954192 0.2860183

1495825943839 ACCELEROMETER 7.3002014 -2.9925232 -0.7689667

1495825943841 GYROSCOPE 0.57832336 -0.29719543 -0.7064667

1495825943844 MAGNETIC_FIELD -47.354126 -10.65979 -7.600403

1495825944034 GRAVITY 8.94845 -2.1437752 -3.3911426

1495825944037 LINEAR_ACCELERATION 0.99674606 -3.6667387 3.0241017

1495825944039 ROTATION_VECTOR 0.37001622 -0.7321121 0.3698009

1495825944041 ACCELEROMETER 7.8972473 -5.4266815 -0.18663025

1495825944044 GYROSCOPE -1.4126434 0.93540955 3.6674652

1495825944046 MAGNETIC_FIELD -41.081238 -29.63562 1.2405396

1495825944235 GRAVITY 8.415703 -3.7585554 -3.349566

1495825944240 LINEAR_ACCELERATION 7.6836004 5.7267437 3.8782563

1495825944242 ACCELEROMETER 15.114944 0.84477234 0.73327637

1495825944244 ROTATION_VECTOR 0.0023799632 -0.81900835 0.23550217

1495825944246 GYROSCOPE -2.2190704 1.1223297 0.7013092

1495825944249 MAGNETIC_FIELD -51.55945 -4.3518066 -9.187317

1495825944437 ACCELEROMETER 14.533981 3.7971191 1.0098114

1495825944441 GRAVITY 8.703558 -2.7582738 -3.579161

1495825944443 LINEAR_ACCELERATION 7.212925 6.2357054 4.6587043

1495825944445 ROTATION_VECTOR -0.12568419 -0.8165108 0.086528994

1495825944448 GYROSCOPE 0.71717834 -1.1613007 -0.76094055

1495825944450 MAGNETIC_FIELD -46.220398 20.645142 -11.805725

1495825944636 GRAVITY 8.295585 -0.7972244 -5.1689553

1495825944639 LINEAR_ACCELERATION 2.945907 -0.77818245 3.4683633

1495825944642 ROTATION_VECTOR 0.0997867 -0.8680933 0.10148866

1495825944644 ACCELEROMETER 12.00885 -0.65802 -0.8177185

1495825944646 GYROSCOPE 1.2854156 -1.0085602 -2.2541656

1495825944648 MAGNETIC_FIELD -49.03717 16.789246 -10.818481

1495825944837 GRAVITY 7.9096045 -0.08994351 -5.7965903

1495825944840 LINEAR_ACCELERATION -0.5758662 -5.6312594 5.4758477

1495825944842 ROTATION_VECTOR 0.112316996 -0.8848326 0.062036343

1495825944845 ACCELEROMETER 7.1960907 -4.9567413 0.1617279

1495825944847 GYROSCOPE -0.3658905 0.05848694 0.45030212

1495825944849 MAGNETIC_FIELD -50.257874 -9.893799 -3.0166626

1495825945043 ACCELEROMETER 10.694122 -5.684265 0.7017212

1495825945046 GRAVITY 7.7536645 -2.469238 -5.4730186

1495825945048 LINEAR_ACCELERATION 4.846172 -3.0473764 5.6234703

1495825945050 ROTATION_VECTOR -0.104497604 -0.8764283 0.08860602

1495825945052 GYROSCOPE -1.5418854 0.64060974 3.9665375

1495825945054 MAGNETIC_FIELD -49.002075 -16.160583 0.24719238

1495825945243 ACCELEROMETER 14.937256 1.9640961 0.2183075

1495825945247 GRAVITY 7.244595 -3.8643467 -5.362187

1495825945249 LINEAR_ACCELERATION 8.226639 6.7957745 5.1319656

1495825945252 ROTATION_VECTOR -0.37223253 -0.7967675 0.025203772

1495825945254 GYROSCOPE -0.20887756 0.36076355 0.027328491

1495825945256 MAGNETIC_FIELD -46.549988 18.69049 -11.888123

1495825945440 ACCELEROMETER 15.7495575 0.37168884 2.0781555

1495825945447 GRAVITY 8.436502 -2.6660411 -4.2294254

1495825945449 LINEAR_ACCELERATION 7.8618445 1.8575745 6.652231

1495825945452 ROTATION_VECTOR -0.19763932 -0.82254446 0.037443

1495825945479 GYROSCOPE 2.2541962 -0.111343384 -2.7508392

1495825945481 MAGNETIC_FIELD -38.471985 30.569458 -12.2039795

1495825945643 GRAVITY 8.528978 -0.33716476 -4.8283777

1495825945648 LINEAR_ACCELERATION 1.3781943 -5.453634 4.876392

1495825945650 ROTATION_VECTOR 0.07456806 -0.8605919 0.063283145

1495825945652 ACCELEROMETER 10.255142 -5.2097626 0.91848755

1495825945654 GYROSCOPE 1.7308197 -0.46061707 -2.2904816

1495825945656 MAGNETIC_FIELD -46.575928 12.428284 -10.215759

1495825945843 GRAVITY 8.410818 -1.1813654 -4.902336

1495825945848 LINEAR_ACCELERATION -2.19979 -6.71036 4.0850205

1495825945850 ROTATION_VECTOR -0.21424748 -0.83907545 -0.055118818

1495825945852 ACCELEROMETER 5.3533783 -7.488739 -0.36912537

1495825945854 GYROSCOPE -2.2575226 0.2657013 3.108841

1495825945857 MAGNETIC_FIELD -45.310974 -19.259644 -3.4423828

1495825946046 ACCELEROMETER 15.0646515 -3.1304932 0.6155548

1495825946050 GRAVITY 7.7982335 -2.7792106 -5.2567983

1495825946052 LINEAR_ACCELERATION 8.786635 0.64105225 5.6479425

1495825946054 ROTATION_VECTOR -0.39702168 -0.7812784 -0.061389033

1495825946057 GYROSCOPE -1.6358795 0.8499603 1.9563446

1495825946059 MAGNETIC_FIELD -48.40393 -1.725769 -9.915161

1495825946245 ACCELEROMETER 14.037949 2.234436 0.32746887

1495825946249 GRAVITY 7.8648477 -2.8458655 -5.1201177

1495825946252 LINEAR_ACCELERATION 6.7385316 5.0015826 5.011009

1495825946254 ROTATION_VECTOR -0.50536484 -0.71109754 -0.13070008

1495825946256 GYROSCOPE 0.4127655 -0.51509094 -0.5911102

1495825946259 MAGNETIC_FIELD -41.12549 27.89154 -6.05011

1495825946445 ACCELEROMETER 14.103195 -2.4044952 2.8479614

1495825946450 GRAVITY 7.830141 -1.7873579 -5.6271334

1495825946452 LINEAR_ACCELERATION 6.4025126 -1.3491474 8.351436

1495825946454 ROTATION_VECTOR -0.25073773 -0.8509022 -0.02866731

1495825946457 GYROSCOPE 3.0232391 -1.0940094 -2.8918304

1495825946459 MAGNETIC_FIELD -39.67285 30.00946 -4.624939

1495825946649 ACCELEROMETER 8.935974 -4.4843597 -0.13708496

1495825946653 GRAVITY 6.365397 -1.1491232 -7.370999

1495825946655 LINEAR_ACCELERATION 2.6167297 -3.376563 6.2288713

1495825946658 ROTATION_VECTOR -0.11915075 -0.9282346 0.017942738

1495825946660 GYROSCOPE 1.5738068 -1.4454193 -1.5278473

1495825946662 MAGNETIC_FIELD -48.815918 5.039978 -6.1676025

1495825946845 GRAVITY 5.63624 -2.8952317 -7.4847054

1495825946852 LINEAR_ACCELERATION 0.41190863 -3.899214 7.226033

1495825946855 ROTATION_VECTOR -0.33532766 -0.87702286 0.03754462

1495825946857 ACCELEROMETER 5.79599 -6.204773 0.36180115

1495825946859 GYROSCOPE -0.41929626 0.43766785 2.489334

1495825946861 MAGNETIC_FIELD -47.576904 -18.618774 4.0863037

1495825947041 ACCELEROMETER 14.895737 -0.9289093 -2.4069366

1495825947042 GRAVITY 5.2530904 -4.1029363 -7.1931453

1495825947043 LINEAR_ACCELERATION 11.245514 3.795376 4.0358524

1495825947044 ROTATION_VECTOR -0.44161537 -0.8195878 0.0613461

1495825947044 GYROSCOPE -0.53144836 0.65663147 2.0770416

1495825947045 MAGNETIC_FIELD -49.832153 -5.570984 -5.230713

1495825947243 ROTATION_VECTOR -0.42106277 -0.8220824 0.12769754

1495825947244 GRAVITY 4.771874 -5.043218 -6.9257174

1495825947244 LINEAR_ACCELERATION 10.816484 7.9085493 5.3097486

1495825947245 ACCELEROMETER 14.853592 3.4044952 -1.0101318

1495825947246 GYROSCOPE 1.3922272 -1.4689178 -0.6669464

1495825947252 MAGNETIC_FIELD -44.20166 23.284912 -7.4935913

1495825947452 ACCELEROMETER 12.832962 -2.082779 3.2308502

1495825947458 GRAVITY 4.653026 -6.320732 -5.879463

1495825947461 LINEAR_ACCELERATION 8.375244 2.7356172 8.477163

1495825947463 ROTATION_VECTOR -0.08811099 -0.889947 0.33246818

1495825947465 GYROSCOPE 3.8414154 -2.2999115 -2.4474945

1495825947468 MAGNETIC_FIELD -48.38867 20.672607 -3.9108276

1495825947653 GRAVITY 6.167724 -5.7947464 -4.9548435

1495825947659 LINEAR_ACCELERATION 4.0489755 0.47261906 5.5586686

1495825947662 ROTATION_VECTOR 0.091674715 -0.8626833 0.37695748

1495825947664 ACCELEROMETER 9.97644 -4.360718 1.2970886

1495825947666 GYROSCOPE 0.16603088 0.20481873 -1.8504181

1495825947668 MAGNETIC_FIELD -51.54419 -5.6137085 10.235596

1495825947855 ACCELEROMETER 6.337158 -7.6070557 -0.8013611

1495825947861 GRAVITY 6.1107106 -6.31738 -4.3497486

1495825947863 LINEAR_ACCELERATION 1.0823331 -2.3250384 2.5172842

1495825947866 ROTATION_VECTOR -0.10119747 -0.84352505 0.33274564

1495825947868 GYROSCOPE -0.11381531 0.45368958 2.5096283

1495825947870 MAGNETIC_FIELD -44.255066 -24.343872 15.260315

1495825948061 ACCELEROMETER 13.145538 -2.9125214 -1.664093

1495825948064 GRAVITY 4.1628146 -7.100139 -5.331921

1495825948066 LINEAR_ACCELERATION 10.055429 3.9955392 3.3376489

1495825948069 ROTATION_VECTOR -0.25205112 -0.841619 0.32541844

1495825948071 GYROSCOPE -1.9360199 1.0443573 2.06102

1495825948073 MAGNETIC_FIELD -49.676514 -11.889648 6.378174

1495825948250 GRAVITY 4.4787335 -6.6188655 -5.683481

1495825948252 LINEAR_ACCELERATION 11.405898 7.6512895 4.8655815

1495825948252 ROTATION_VECTOR -0.37050346 -0.8077772 0.2380343

1495825948253 ACCELEROMETER 14.869614 1.8669281 0.11291504

1495825948253 GYROSCOPE 0.8688507 -0.33244324 -0.83891296

1495825948254 MAGNETIC_FIELD -48.919678 17.996216 -1.663208

1495825948448 GRAVITY 6.4495325 -5.9379835 -4.3948

1495825948449 LINEAR_ACCELERATION 7.6188765 -0.0525198 4.6007867

1495825948449 ROTATION_VECTOR -0.016592313 -0.85076267 0.34818995

1495825948450 ACCELEROMETER 13.578232 -4.4171143 0.7828522

1495825948450 GYROSCOPE 3.123642 -1.4272614 -3.4387054

1495825948450 MAGNETIC_FIELD -48.921204 13.510132 -2.7267456

1495825948649 ROTATION_VECTOR 0.09379813 -0.8660709 0.24168713

1495825948650 LINEAR_ACCELERATION 0.15577745 -3.2116578 2.7221189

1495825948650 GRAVITY 7.7054505 -3.3190517 -5.077432

1495825948651 ACCELEROMETER 7.595764 -6.086914 -1.5298309

1495825948651 GYROSCOPE -0.76109314 -0.37409973 -1.5096893

1495825948651 MAGNETIC_FIELD -48.033142 -16.586304 5.934143

1495825948850 LINEAR_ACCELERATION 1.2682843 -5.3195477 5.951794

1495825948850 ROTATION_VECTOR -0.34247625 -0.83431697 0.0575482

1495825948851 GRAVITY 6.619585 -3.817632 -6.146313

1495825948851 ACCELEROMETER 6.5355225 -8.357834 0.52067566

1495825948851 GYROSCOPE -1.974472 0.034988403 3.8682709

1495825948852 MAGNETIC_FIELD -35.884094 -35.21576 13.298035

1495825949048 ACCELEROMETER 15.297516 -3.2566223 -0.6272583

1495825949048 GYROSCOPE -2.7360382 1.3028412 1.9883881

1495825949049 MAGNETIC_FIELD -49.375916 -6.767273 -1.7227173

1495825949049 GRAVITY 5.178986 -3.2812138 -7.6538963

1495825949049 LINEAR_ACCELERATION 11.183838 0.0953598 5.9479594

1495825949050 ROTATION_VECTOR -0.60298425 -0.7257066 -0.042475685

1495825949253 LINEAR_ACCELERATION 8.483489 2.9155393 8.591082

1495825949254 ROTATION_VECTOR -0.7153015 -0.6021147 -0.17845169

1495825949254 GRAVITY 6.1234508 -2.1929314 -7.339264

1495825949254 ACCELEROMETER 13.462372 0.66793823 2.1957397

1495825949255 GYROSCOPE 0.15000916 0.30522156 0.5240021

1495825949255 MAGNETIC_FIELD -46.302795 22.602844 -4.0756226

1495825949452 ROTATION_VECTOR -0.50081575 -0.7739614 -0.11270375

1495825949453 GRAVITY 6.7352076 -1.9310385 -6.8613744

1495825949454 LINEAR_ACCELERATION 8.707796 -2.0906005 5.146542

1495825949454 ACCELEROMETER 14.601807 -3.0760956 -0.49438477

1495825949454 GYROSCOPE 2.0501862 -0.5823822 -3.602127

1495825949454 MAGNETIC_FIELD -39.759827 30.26123 -8.110046

1495825949654 GRAVITY 5.919835 -0.07265724 -7.8179708

1495825949655 LINEAR_ACCELERATION 2.4922352 -6.073893 4.534241

1495825949655 ROTATION_VECTOR -0.42708609 -0.8462878 -0.13996273

1495825949656 ACCELEROMETER 8.332916 -6.1347046 -1.9982147

1495825949659 GYROSCOPE 0.20982361 -0.8066864 -1.886734

1495825949663 MAGNETIC_FIELD -47.209167 -0.79193115 -10.575867

1495825949858 ACCELEROMETER 6.028183 -7.927704 -0.6731262

1495825949868 GRAVITY 4.95836 -0.7532602 -8.427197

1495825949871 LINEAR_ACCELERATION 2.2604756 -7.4424367 6.442541

1495825949873 ROTATION_VECTOR -0.6755587 -0.68795925 -0.15528543

1495825949875 GYROSCOPE -1.0046234 -0.5962677 3.2829437

1495825949878 MAGNETIC_FIELD -41.015625 -25.920105 -2.8945923

1495825950063 ACCELEROMETER 14.639679 -4.4385834 -0.47824097

1495825950072 GRAVITY 4.833296 -0.76039207 -8.498908

1495825950075 LINEAR_ACCELERATION 11.040116 -3.361333 6.5896087

1495825950077 ROTATION_VECTOR -0.7887743 -0.55781615 -0.18509245

1495825950080 GYROSCOPE -2.0599213 0.9172516 2.229782

1495825950082 MAGNETIC_FIELD -47.86377 3.781128 -7.6416016

1495825950266 ACCELEROMETER 14.880127 2.0708466 0.05305481

1495825950272 GYROSCOPE 0.1318512 -0.18077087 -0.5953827

1495825950274 MAGNETIC_FIELD -35.791016 36.154175 -3.692627

1495825950277 GRAVITY 5.898745 0.25952664 -7.829932

1495825950279 LINEAR_ACCELERATION 10.1264305 2.1595109 6.560228

1495825950281 ROTATION_VECTOR -0.7716602 -0.5511406 -0.26620024

1495825950464 ACCELEROMETER 13.084595 -4.0884857 0.25553894

1495825950476 GRAVITY 5.037524 -0.06376766 -8.413659

1495825950484 LINEAR_ACCELERATION 8.811998 -4.620832 7.019686

1495825950487 ROTATION_VECTOR -0.5726505 -0.7752733 -0.15561225

1495825950490 GYROSCOPE 2.7380524 -0.87184143 -3.4387054

1495825950492 MAGNETIC_FIELD -35.995483 37.594604 -2.84729

1495825950657 GRAVITY 3.7042518 -0.8165666 -9.043346

1495825950658 LINEAR_ACCELERATION 3.4929726 -5.637233 5.4164

1495825950658 ROTATION_VECTOR -0.49760526 -0.8446723 -0.06119492

1495825950659 ACCELEROMETER 7.0563507 -6.2684937 -1.7281494

1495825950659 GYROSCOPE 0.19273376 -0.45954895 -0.9542694

1495825950659 MAGNETIC_FIELD -48.38562 7.550049 -7.495117

1495825950858 LINEAR_ACCELERATION 5.1758385 -5.911134 6.363909

1495825950859 ROTATION_VECTOR -0.6973285 -0.69082093 -0.107567266

1495825950859 GRAVITY 3.6104603 -0.7019653 -9.090776

1495825950860 ACCELEROMETER 7.690857 -6.4216766 -0.6586609

1495825950860 GYROSCOPE -1.3880768 0.07557678 2.5213776

1495825950860 MAGNETIC_FIELD -48.724365 -9.367371 -5.593872

1495825951058 ROTATION_VECTOR -0.75524414 -0.6034127 -0.22801557

1495825951059 LINEAR_ACCELERATION 9.244996 -3.4742908 6.904113

1495825951059 GRAVITY 4.7530727 0.9769187 -8.52199

1495825951060 ACCELEROMETER 12.775589 -3.0212555 0.1298523

1495825951060 GYROSCOPE -2.1816864 1.0774689 1.7074738

1495825951060 MAGNETIC_FIELD -48.13385 14.979553 -7.0358276

1495825951260 GRAVITY 6.207803 1.6106404 -7.4188547

1495825951260 LINEAR_ACCELERATION 9.407522 0.8502389 7.0184026

1495825951261 ROTATION_VECTOR -0.71264565 -0.6085988 -0.31373233

1495825951261 ACCELEROMETER 13.963455 1.8884125 1.2604065

1495825951261 GYROSCOPE 0.9446869 -0.16688538 -0.7224884

1495825951262 MAGNETIC_FIELD -32.73163 39.520264 1.0864258

1495825951461 GRAVITY 4.278306 0.4538479 -8.81252

1495825951462 LINEAR_ACCELERATION 9.521641 -4.7358804 6.7249446

1495825951462 ROTATION_VECTOR -0.5034216 -0.8341943 -0.13600977

1495825951462 ACCELEROMETER 12.877121 -3.9468231 0.29379272

1495825951463 GYROSCOPE 2.9783783 -1.5565033 -3.3062592

1495825951463 MAGNETIC_FIELD -34.54132 39.65912 -0.63934326

1495825951663 LINEAR_ACCELERATION 5.2014365 -7.6052246 5.738865

1495825951663 ROTATION_VECTOR -0.40941516 -0.9046485 -0.06106609

1495825951664 GRAVITY 2.287706 0.2700826 -9.532253

1495825951664 ACCELEROMETER 7.3256073 -7.284775 -1.2049408

1495825951664 GYROSCOPE -1.2898102 -0.33457947 -1.2928619

1495825951665 MAGNETIC_FIELD -48.020935 11.135864 -5.5099487

1495825951873 GRAVITY 2.5840948 0.61475134 -9.44007

1495825951880 ACCELEROMETER 8.550125 -6.5557404 0.034301758

1495825951882 LINEAR_ACCELERATION 7.1258683 -6.901301 6.549793

1495825951884 ROTATION_VECTOR -0.6606264 -0.73816144 -0.112274036

1495825951887 GYROSCOPE -0.11595154 -0.006668091 3.5382233

1495825951889 MAGNETIC_FIELD -51.77765 -7.621765 -0.7156372

1495825952067 ACCELEROMETER 13.526566 -3.4262695 -0.077194214

1495825952075 GYROSCOPE -1.6444244 1.4609222 1.8335114

1495825952077 MAGNETIC_FIELD -43.774414 24.700928 -5.3085327

1495825952080 GRAVITY 4.692759 0.6022652 -8.589859

1495825952082 LINEAR_ACCELERATION 10.321518 -3.6278348 5.989196

1495825952084 ROTATION_VECTOR -0.7396544 -0.62519777 -0.20914592

1495825952274 GRAVITY 6.9768724 2.3405845 -6.481921

1495825952281 LINEAR_ACCELERATION 8.823328 -1.0171324 2.775931

1495825952283 ACCELEROMETER 13.804413 0.5762024 -1.8088989

1495825952285 ROTATION_VECTOR -0.6713577 -0.61625063 -0.37611425

1495825952288 GYROSCOPE -0.5699005 0.91404724 -1.8247833

1495825952290 MAGNETIC_FIELD -24.281311 43.574524 -3.4042358

1495825952474 ACCELEROMETER 14.389755 -5.6248016 -0.6001282

1495825952480 GRAVITY 5.41808 4.4627357 -6.8482685

1495825952482 LINEAR_ACCELERATION 10.648057 -9.059463 4.1802053

1495825952485 ROTATION_VECTOR -0.45323613 -0.8023351 -0.3624322

1495825952487 GYROSCOPE 1.6432343 -0.8985443 -4.017624

1495825952490 MAGNETIC_FIELD -28.140259 40.870667 -3.9535522

1495825952676 ACCELEROMETER 4.452591 -9.203552 -2.1849518

1495825952682 GRAVITY 3.0214329 6.3396726 -6.8446975

1495825952685 LINEAR_ACCELERATION 2.0380578 -13.425999 2.237492

1495825952687 ROTATION_VECTOR 0.4610267 0.7977699 0.38738975

1495825952689 GYROSCOPE -2.6473846 -0.11882019 0.118118286

1495825952692 MAGNETIC_FIELD -48.480225 9.3811035 -0.6744385

1495825952873 ACCELEROMETER 13.032318 -6.607788 0.91178894

1495825952883 GRAVITY 6.089234 6.016359 -4.7848763

1495825952885 LINEAR_ACCELERATION 9.719214 -10.249985 3.983922

1495825952887 ROTATION_VECTOR 0.6920015 0.5148735 0.5010732

1495825952890 GYROSCOPE -1.3368073 -0.6090851 4.396988

1495825952892 MAGNETIC_FIELD -51.30005 1.0482788 0.23803711

1495825953086 ACCELEROMETER 12.475922 -1.1701813 0.37290955

1495825953090 GRAVITY 8.873669 3.2632055 -2.6038203

1495825953093 LINEAR_ACCELERATION 6.452869 -3.13963 2.1255074

1495825953095 ROTATION_VECTOR 0.7541168 0.25311226 0.60575783

1495825953098 GYROSCOPE -2.743515 1.5079193 1.153122

1495825953100 MAGNETIC_FIELD -34.425354 38.21869 7.5057983

1495825953274 ACCELEROMETER 13.853928 -1.214859 0.23080444

1495825953284 GYROSCOPE 0.59114075 1.0432892 -2.0084991

1495825953286 MAGNETIC_FIELD -23.919678 42.26532 18.965149

1495825953289 GRAVITY 8.946459 3.9846642 0.50369465

1495825953291 LINEAR_ACCELERATION 7.8393273 -3.9318197 -0.15174875

1495825953293 ROTATION_VECTOR 0.63615423 0.26386833 0.72479707

1495825953477 ACCELEROMETER 13.7565 -6.073181 -2.0616302

1495825953485 GYROSCOPE 1.5919647 -0.099594116 -3.750595

1495825953487 MAGNETIC_FIELD -31.455994 38.24005 16.253662

1495825953489 GRAVITY 6.310373 7.4500494 -0.91997033

1495825953492 LINEAR_ACCELERATION 9.524744 -11.180689 -1.4921342

1495825953494 ROTATION_VECTOR 0.566936 0.4748568 0.66332954

1495825953677 ACCELEROMETER 3.5430298 -9.204056 -3.5206451

1495825953689 GRAVITY 4.9914823 8.317106 1.4426471

1495825953692 LINEAR_ACCELERATION 0.41586947 -14.235043 -4.3929644

1495825953694 ROTATION_VECTOR 0.49670532 0.42394492 0.7179924

1495825953697 GYROSCOPE -4.5390167 0.0766449 1.4511261

1495825953699 MAGNETIC_FIELD -50.621033 11.747742 12.236023

1495825953881 ACCELEROMETER 13.513336 -5.6592407 0.9644623

1495825953887 GRAVITY 8.797625 2.7074335 3.3826022

1495825953890 LINEAR_ACCELERATION 8.221872 -7.22136 -1.1077719

1495825953892 ROTATION_VECTOR 0.57112813 0.036714766 0.79762375

1495825953894 GYROSCOPE -1.6818085 -0.85902405 3.0522308

1495825953897 MAGNETIC_FIELD -49.086 9.561157 18.513489

1495825954080 ACCELEROMETER 11.7447815 -0.65515137 1.6322021

1495825954087 GRAVITY 9.211606 -1.8928099 2.7809997

1495825954089 LINEAR_ACCELERATION 5.694106 0.6144471 -0.14761901

1495825954091 ROTATION_VECTOR 0.57779455 -0.1560831 0.79962015

1495825954094 GYROSCOPE -1.3795319 0.87345886 1.0537872

1495825954096 MAGNETIC_FIELD -34.88922 29.283142 29.830933

1495825954281 ACCELEROMETER 14.150253 0.6084442 -0.6684723

1495825954290 GRAVITY 9.060097 -1.0006056 3.617156

1495825954292 LINEAR_ACCELERATION 7.9975314 1.279318 -3.1627202

1495825954294 ROTATION_VECTOR 0.55559486 -0.08301028 0.8266918

1495825954297 GYROSCOPE 1.1187897 0.54981995 -1.9273224

1495825954299 MAGNETIC_FIELD -31.655884 24.760437 34.892273

1495825954483 ACCELEROMETER 9.55751 -4.5161896 -2.0606995

1495825954489 GRAVITY 8.962156 2.8079302 2.8223524

1495825954492 LINEAR_ACCELERATION 3.4322114 -6.436337 -3.9877234

1495825954494 ROTATION_VECTOR 0.583417 0.12539817 0.7990472

1495825954497 GYROSCOPE 1.1807404 -0.33457947 -1.9764557

1495825954499 MAGNETIC_FIELD -42.208862 17.23938 28.868103

1495825954684 ACCELEROMETER 7.941574 -5.9439545 -0.68000793

1495825954690 GRAVITY 9.374588 1.4646332 2.4783735

1495825954692 LINEAR_ACCELERATION 1.5774074 -6.941116 -2.351612

1495825954694 ROTATION_VECTOR 0.60467887 0.089451686 0.79140425

1495825954697 GYROSCOPE -2.4967804 -0.16474915 2.4369965

1495825954699 MAGNETIC_FIELD -46.154785 2.2384644 28.968811

1495825954885 ACCELEROMETER 11.141739 -4.7879944 -0.19818115

1495825954891 GRAVITY 8.861741 -4.1984196 0.11485885

1495825954894 LINEAR_ACCELERATION 4.8887835 -1.815294 -0.28188944

1495825954896 ROTATION_VECTOR -0.6706926 0.2105119 -0.70444375

1495825954899 GYROSCOPE -2.9614105 -0.02482605 2.7777252

1495825954901 MAGNETIC_FIELD -44.973755 3.3370972 29.473877

1495825955082 ACCELEROMETER 13.100357 0.08023071 1.3509369

1495825955088 GYROSCOPE -0.42570496 0.09587097 0.51652527

1495825955091 MAGNETIC_FIELD -42.788696 10.913086 33.880615

1495825955093 GRAVITY 7.473242 -6.059908 -1.8969864

1495825955095 LINEAR_ACCELERATION 7.728784 4.4602275 2.7159503

1495825955100 ROTATION_VECTOR -0.69709253 0.33283842 -0.61745864

1495825955286 ACCELEROMETER 15.372498 -2.1618805 1.8632813

1495825955289 GRAVITY 8.808634 -4.1940618 -0.99409

1495825955291 LINEAR_ACCELERATION 8.7111635 0.9965937 2.616808

1495825955293 ROTATION_VECTOR -0.74102765 0.039528035 -0.6197005

1495825955296 GYROSCOPE 3.4739838 -0.8622284 -2.906784

1495825955298 MAGNETIC_FIELD -41.58783 13.127136 32.76825

1495825955484 GYROSCOPE 1.6261444 -0.8141632 -2.5585785

1495825955498 GRAVITY 9.380889 -0.07126371 -2.857313

1495825955511 LINEAR_ACCELERATION 1.9825587 -6.6869535 1.1157203

1495825955513 ROTATION_VECTOR -0.70955795 -0.37710726 -0.52348626

1495825955516 MAGNETIC_FIELD -43.61725 3.0426025 32.4234

1495825955684 GRAVITY 9.378858 -0.52017456 -2.8172393

1495825955687 LINEAR_ACCELERATION -1.2426305 -5.904371 2.3058584

1495825955690 ROTATION_VECTOR -0.6907663 -0.40802103 -0.49638873

1495825955692 ACCELEROMETER 9.155792 -6.7385864 -1.0683594

1495825955694 GYROSCOPE -2.1891632 0.7346039 2.7691803

1495825955696 MAGNETIC_FIELD -36.021423 -10.606384 40.457153

1495825955885 GRAVITY 8.469494 -3.4703593 -3.520607

1495825955895 LINEAR_ACCELERATION 6.730117 -1.0456963 0.9214585

1495825955897 ROTATION_VECTOR -0.816475 -0.11344438 -0.48933074

1495825955899 ACCELEROMETER 5.879715 -6.2953644 0.1615448

1495825955902 GYROSCOPE -2.3760834 0.70362854 2.693344

1495825955904 MAGNETIC_FIELD -40.922546 -6.590271 35.372925

1495825956090 GRAVITY 7.449619 -4.8975763 -4.08501

1495825956096 LINEAR_ACCELERATION 6.973199 5.7585344 4.0075116

1495825956098 ROTATION_VECTOR -0.8409783 -0.032139778 -0.43965667

1495825956100 ACCELEROMETER 13.392227 -3.74411 -1.8310242

1495825956103 GYROSCOPE 0.8336029 -0.6721039 0.43321228

1495825956105 MAGNETIC_FIELD -42.451477 8.274841 33.87146

1495825956291 GRAVITY 8.332986 -3.9639204 -3.3194997

1495825956297 LINEAR_ACCELERATION 7.634259 0.89363265 3.6316862

1495825956299 ROTATION_VECTOR -0.77652097 -0.25741515 -0.41522953

1495825956301 ACCELEROMETER 12.927261 1.8772888 0.76994324

1495825956304 GYROSCOPE 1.5951691 0.07450867 -2.4955597

1495825956306 MAGNETIC_FIELD -38.554382 12.664795 37.738037

1495825956492 GRAVITY 9.050554 -0.832347 -3.6830766

1495825956498 LINEAR_ACCELERATION 3.1404648 -3.6577878 3.1613514

1495825956500 ROTATION_VECTOR -0.6418583 -0.52516913 -0.39823267

1495825956502 ACCELEROMETER 14.326553 -2.3953705 0.94815063

1495825956505 GYROSCOPE 1.575943 -0.7725067 -2.4111786

1495825956507 MAGNETIC_FIELD -34.75952 6.828308 41.55426

1495825956687 ACCELEROMETER 10.568375 -4.3381805 0.09799194

1495825956699 GRAVITY 9.375798 1.4210987 -2.499053

1495825956702 LINEAR_ACCELERATION -0.9075203 -5.757384 2.554994

1495825956704 ROTATION_VECTOR -0.56230485 -0.55787945 -0.49284944

1495825956706 GYROSCOPE -2.3130646 1.7973785 -0.14891052

1495825956709 MAGNETIC_FIELD -32.661438 2.1774292 39.808655

1495825956879 ACCELEROMETER 6.697586 -4.5117188 0.46861267

1495825956881 GYROSCOPE 0.4052887 -0.18504333 1.765152

1495825956881 MAGNETIC_FIELD -40.02533 -10.650635 31.089783

1495825956882 GRAVITY 9.735926 0.4710512 -1.077147

1495825956883 LINEAR_ACCELERATION 2.5737476 1.6488556 -2.6778135

1495825956884 ROTATION_VECTOR -0.6237959 -0.4071828 -0.57562953

1495825957091 GRAVITY 9.588828 -0.9505402 -1.8224256

1495825957098 LINEAR_ACCELERATION 3.5678005 6.7800236 1.5811709

1495825957106 ACCELEROMETER 10.69429 2.1706696 -3.4961243

1495825957120 GYROSCOPE 2.1634064 -1.061966 -0.10084534

1495825957132 ROTATION_VECTOR -0.58560216 -0.49998793 -0.44199386

1495825957145 MAGNETIC_FIELD -41.352844 5.067444 29.800415

1495825957282 ACCELEROMETER 11.762817 5.88739 0.12712097

1495825957283 GYROSCOPE 2.0138702 0.32551575 -1.3601532

1495825957284 MAGNETIC_FIELD -40.50598 13.916016 32.49817

1495825957284 GRAVITY 9.554704 -0.33414438 -2.183201

1495825957284 LINEAR_ACCELERATION 4.9512377 -0.3154194 5.1525955

1495825957285 ROTATION_VECTOR -0.4042739 -0.6692346 -0.30351472

1495825957480 ACCELEROMETER 12.860413 -0.85388184 3.2596588

1495825957481 GYROSCOPE 3.5370026 -0.95088196 0.44496155

1495825957482 MAGNETIC_FIELD -42.881775 16.690063 27.003479

1495825957482 GRAVITY 9.394525 -0.9424486 -2.6504881

1495825957483 LINEAR_ACCELERATION -1.1333675 -3.9492273 1.7208171

1495825957483 ROTATION_VECTOR -0.21235427 -0.7681425 -0.10203247

1495825957685 ACCELEROMETER 6.9554596 -4.741028 -0.67030334

1495825957686 GYROSCOPE -0.38084412 1.2280731 2.4818573

1495825957690 MAGNETIC_FIELD -39.60724 27.534485 18.644714

1495825957698 GRAVITY 8.773092 -4.2514195 -1.0623873

1495825957701 LINEAR_ACCELERATION 2.5534573 -0.67465353 0.99991536

1495825957705 ROTATION_VECTOR -0.18301383 -0.7215765 0.13452223

1495825957893 ACCELEROMETER 10.202881 -4.303421 -0.037384033

1495825957903 GYROSCOPE 0.7930145 -0.16261292 0.40971375

1495825957903 MAGNETIC_FIELD -29.151917 42.262268 11.747742

1495825957904 GRAVITY 7.427742 -6.397608 -0.26391914

1495825957904 LINEAR_ACCELERATION 4.286418 2.7338839 -4.087007

1495825957904 ROTATION_VECTOR -0.22322887 -0.68090016 0.2679139

1495825958084 ACCELEROMETER 10.742493 -2.8180695 -4.1894226

1495825958085 GYROSCOPE 0.9681854 -1.0459442 -0.5259552

1495825958085 MAGNETIC_FIELD -23.849487 44.71283 3.138733

1495825958086 GRAVITY 7.711825 -6.0568805 -0.111104384

1495825958086 LINEAR_ACCELERATION 3.3411674 2.836825 -0.78988063

1495825958087 ROTATION_VECTOR -0.13515763 -0.69813836 0.32126513

1495825958291 ACCELEROMETER 10.056015 -2.6046448 -0.60110474

1495825958295 GYROSCOPE 3.578659 -2.5979156 -0.5270233

1495825958313 MAGNETIC_FIELD -28.244019 40.464783 -1.8325806

1495825958315 GRAVITY 8.602514 -4.6567693 -0.6940007

1495825958319 LINEAR_ACCELERATION 1.4573712 0.7784829 3.8147066

1495825958321 ROTATION_VECTOR 0.13475971 -0.71918285 0.4293392

1495825958496 GRAVITY 9.550841 -1.9867314 -1.0023522

1495825958504 LINEAR_ACCELERATION -1.6210804 0.07323313 3.6887703

1495825958512 ROTATION_VECTOR 0.33637705 -0.6617826 0.41886088

1495825958513 ACCELEROMETER 8.919281 -3.12883 3.1697998

1495825958514 GYROSCOPE -0.74827576 1.4929657 -2.5276031

1495825958515 MAGNETIC_FIELD -37.3291 29.450989 -11.526489

1495825958686 ACCELEROMETER 7.009598 -1.7911377 2.7579803

1495825958703 GYROSCOPE -2.8236237 2.8548126 -1.8675079

1495825958706 MAGNETIC_FIELD -44.14215 15.348816 -17.533875

1495825958709 GRAVITY 8.7819805 2.1156414 3.817233

1495825958713 LINEAR_ACCELERATION 5.1789427 -5.4447117 0.19585848

1495825958715 ROTATION_VECTOR 0.34887332 -0.42855886 0.36015555

1495825958896 GRAVITY 2.346263 2.0290768 9.303133

1495825958905 LINEAR_ACCELERATION 3.8288224 1.9811974 -5.1721935

1495825958909 ROTATION_VECTOR 0.12945955 -0.09440578 0.22281183

1495825958912 ACCELEROMETER 12.908661 -3.1233368 3.822754

1495825958914 GYROSCOPE -2.021469 4.79451 -0.5110016

1495825958918 MAGNETIC_FIELD -35.94513 4.88739 -29.003906

1495825959100 GRAVITY -2.7259734 -1.2824097 9.332464

1495825959109 LINEAR_ACCELERATION 6.918703 -12.831089 -15.117207

1495825959113 ROTATION_VECTOR -0.08735352 0.12863177 0.15429538

1495825959115 ACCELEROMETER 5.506302 2.5151672 1.5187988

1495825959118 GYROSCOPE -0.4641571 0.652359 0.75471497

1495825959120 MAGNETIC_FIELD 17.05017 20.458984 -36.00464

1495825959301 GRAVITY -1.6729922 -3.1075137 9.149581

1495825959309 ACCELEROMETER 4.7528687 -12.200943 -6.500061

1495825959311 LINEAR_ACCELERATION 5.098966 7.1800423 2.0873399

1495825959314 ROTATION_VECTOR -0.17893192 0.038529776 0.27336553

1495825959318 GYROSCOPE -2.2137299 -1.5565033 -0.15531921

1495825959321 MAGNETIC_FIELD 29.82788 4.032898 -34.809875

1495825959502 GRAVITY 3.3275864 -5.7832427 7.186909

1495825959508 LINEAR_ACCELERATION -3.4233477 0.8154783 4.205214

1495825959511 ROTATION_VECTOR -0.26874503 -0.24768068 0.20541157

1495825959514 ACCELEROMETER 3.5069733 3.9656982 9.630112

1495825959517 GYROSCOPE -0.6457367 -4.188339 -2.479538

1495825959520 MAGNETIC_FIELD 23.348999 22.090149 -34.196472

1495825959700 GRAVITY 8.399987 -3.871874 3.2587097

1495825959705 LINEAR_ACCELERATION 4.973313 -1.9587109 6.243989

1495825959709 ROTATION_VECTOR -0.2656034 -0.51313436 -0.037305392

1495825959712 ACCELEROMETER 0.19735718 -4.0045624 10.380905

1495825959714 GYROSCOPE 0.053878784 -1.2681122 -2.460312

1495825959719 MAGNETIC_FIELD -20.7901 36.273193 -31.066895

1495825959903 GRAVITY 9.717356 -1.3200626 0.028618954

1495825959907 LINEAR_ACCELERATION -1.4689455 -1.7793112 -0.11576007

1495825959910 ROTATION_VECTOR -0.27199546 -0.6515822 -0.18234217

1495825959913 ACCELEROMETER 11.218338 -4.948944 7.803894

1495825959916 GYROSCOPE -0.07963562 -2.090561 -0.55799866

1495825959919 MAGNETIC_FIELD -42.955017 28.00293 -11.553955

1495825960104 GRAVITY 9.1520815 0.3351243 -3.5067768

1495825960109 LINEAR_ACCELERATION 2.6402044 2.4225824 -0.82429147

1495825960111 ROTATION_VECTOR -0.36478847 -0.73873216 -0.26936272

1495825960114 ACCELEROMETER 6.7645264 -2.4720154 -0.337677

1495825960118 GYROSCOPE -0.6970062 -1.6013641 -0.9745636

1495825960120 MAGNETIC_FIELD -48.521423 17.385864 1.84021

1495825960292 ACCELEROMETER 10.1081085 2.843155 -3.8192596

1495825960293 GYROSCOPE 0.35935974 -1.3140411 -1.0568085

1495825960294 MAGNETIC_FIELD -47.036743 4.621887 18.270874

1495825960294 GRAVITY 7.499069 2.4083564 -5.842446

1495825960295 LINEAR_ACCELERATION -0.78638506 1.6817524 0.31702662

1495825960295 ROTATION_VECTOR -0.4048581 -0.7962234 -0.31654537

1495825960493 ACCELEROMETER 5.1226654 3.7390594 -4.718521

1495825960494 GYROSCOPE -0.092453 -0.51509094 -0.8068695

1495825960495 MAGNETIC_FIELD -38.95569 -8.1588745 33.195496

1495825960495 LINEAR_ACCELERATION -1.8115382 1.3590469 0.07394934

1495825960496 GRAVITY 5.6243534 3.7045612 -7.128342

1495825960496 ROTATION_VECTOR -0.41160107 -0.8330839 -0.31893727

1495825960701 GRAVITY 4.717036 4.3541617 -7.4135847

1495825960704 ROTATION_VECTOR -0.40794846 -0.8435435 -0.3250381

1495825960708 LINEAR_ACCELERATION -0.5621271 2.2064502 -0.67410326

1495825960711 ACCELEROMETER 2.847046 4.546982 -5.881027

1495825960713 GYROSCOPE 0.10835266 -0.06755066 -0.20872498

1495825960715 MAGNETIC_FIELD -35.087585 -15.258789 37.55951

1495825960904 GRAVITY 4.4399633 4.39655 -7.5582714

1495825960907 LINEAR_ACCELERATION 0.015214205 2.100144 -0.7202053

1495825960909 ROTATION_VECTOR -0.40327567 -0.85013723 -0.31835446

1495825960912 ACCELEROMETER 3.4288177 5.8384705 -6.8889465

1495825960915 GYROSCOPE 0.07951355 -0.12843323 0.011306763

1495825960940 MAGNETIC_FIELD -32.87506 -16.629028 38.493347

1495825961097 ACCELEROMETER 3.729782 5.7919617 -7.0903625

1495825961098 GYROSCOPE 0.05921936 0.001876831 -0.06239319

1495825961098 MAGNETIC_FIELD -32.618713 -15.046692 39.21814

1495825961099 GRAVITY 4.2800684 4.403823 -7.6457667

1495825961099 LINEAR_ACCELERATION -0.03220868 2.0694313 -0.62393665

1495825961099 ROTATION_VECTOR -0.37676287 -0.8647979 -0.31061527

1495825961298 ACCELEROMETER 3.6077728 5.8229675 -7.109207

1495825961300 GYROSCOPE 0.019699097 -0.05580139 0.016647339

1495825961300 MAGNETIC_FIELD -31.124878 -14.904785 38.861084

1495825961301 GRAVITY 4.1843553 4.4493847 -7.672323

1495825961301 LINEAR_ACCELERATION 0.0499866 2.0297215 -0.5810971

1495825961302 ROTATION_VECTOR -0.34502453 -0.87871367 -0.30627885

