1508377717092 GYROSCOPE 0.9857483 2.1455536 0.5218353

1508377717094 MAGNETIC_FIELD 29.206848 -23.109436 -37.32605

1508377717095 GRAVITY -4.1109853 7.3368373 5.043908

1508377717096 LINEAR_ACCELERATION 0.0 0.0 -0.0

1508377717096 ROTATION_VECTOR 0.0 0.0 0.0

1508377717293 ACCELEROMETER -4.320511 7.065567 2.7390137

1508377717295 GYROSCOPE 2.3208923 1.4245758 0.8422699

1508377717296 MAGNETIC_FIELD 38.824463 -31.011963 -20.42694

1508377717296 LINEAR_ACCELERATION -1.3319182 -0.058715343 1.7911162

1508377717297 GRAVITY -4.8849726 7.9145308 3.109281

1508377717297 ROTATION_VECTOR 0.26046327 0.5230962 0.42818385

1508377717495 ACCELEROMETER -5.022705 6.076233 3.2098694

1508377717496 GYROSCOPE -0.12722778 -1.0470428 2.7050629

1508377717497 MAGNETIC_FIELD 32.243347 -45.97931 -4.51355

1508377717497 LINEAR_ACCELERATION -4.593382 -2.992262 -0.3602016

1508377717498 GRAVITY -5.100685 8.337623 0.7984104

1508377717498 ROTATION_VECTOR 0.46959993 -0.48863924 -0.71816146

1508377717697 ACCELEROMETER -7.265869 2.5893402 1.0906677

1508377717698 GYROSCOPE -1.7785339 2.530075 0.9971466

1508377717698 MAGNETIC_FIELD 20.93811 -51.864624 -7.6293945

1508377717699 GRAVITY -1.7300779 9.438303 2.0237732

1508377717700 LINEAR_ACCELERATION 0.6868973 0.83801365 -0.58200884

1508377717700 ROTATION_VECTOR 0.3976452 -0.48856378 -0.6808755

1508377717898 ACCELEROMETER 0.3959961 8.797592 2.4437103

1508377717899 GYROSCOPE 2.5430603 -0.6988373 0.9351959

1508377717899 MAGNETIC_FIELD 22.45636 -48.669434 -17.965698

1508377717900 GRAVITY 0.12530503 9.494801 2.4501948

1508377717901 LINEAR_ACCELERATION 0.7355528 1.4505968 4.094913

1508377717901 ROTATION_VECTOR 0.38563943 -0.47576997 -0.60749614

1508377718135 ACCELEROMETER 1.7417755 10.436127 3.3012695

1508377718135 GYROSCOPE -1.0062866 -1.7509308 -0.26963806

1508377718136 GRAVITY 1.2017462 9.731749 0.13874632

1508377718137 LINEAR_ACCELERATION 1.0367705 2.8794727 -1.1039175

1508377718138 ROTATION_VECTOR 0.2896631 -0.63954765 -0.6077652

1508377718337 ACCELEROMETER 1.196991 10.29303 -0.35585022

1508377718338 GYROSCOPE 0.005218506 -0.3784027 -0.11262512

1508377718339 MAGNETIC_FIELD 22.305298 -51.46637 -5.5755615

1508377718340 LINEAR_ACCELERATION 0.23198742 -0.5064964 1.2755233

1508377718340 GRAVITY 1.0975803 9.674205 1.1728023

1508377718341 ROTATION_VECTOR 0.15605669 -0.6448644 -0.7027301

1508377718538 ACCELEROMETER 1.0424805 7.967148 2.2206268

1508377718539 GYROSCOPE 0.82766724 -0.17546082 0.2751007

1508377718540 MAGNETIC_FIELD 20.570374 -49.835205 -15.409851

1508377718541 GRAVITY 1.2307736 9.721843 0.37597537

1508377718541 LINEAR_ACCELERATION -0.16197193 0.79415417 0.54922014

1508377718542 ROTATION_VECTOR 0.17096245 -0.6720137 -0.67045

1508377718739 ACCELEROMETER 0.9741211 9.491806 0.88272095

1508377718740 GYROSCOPE 0.3683777 1.6008148 0.020889282

1508377718740 MAGNETIC_FIELD 17.225647 -52.519226 -12.95929

1508377718741 LINEAR_ACCELERATION 1.0471979 3.930356 3.251181

1508377718742 GRAVITY 1.6711662 9.662715 -0.09761168

1508377718742 ROTATION_VECTOR 0.11945805 -0.70050454 -0.6632641

1508377718941 ACCELEROMETER 2.532364 12.67775 2.825531

1508377718943 GYROSCOPE -0.017211914 0.8787689 -0.3978119

1508377718943 LINEAR_ACCELERATION -0.53537273 -1.0491352 -0.0932594

1508377718944 GRAVITY 1.3252615 9.715969 -0.11839095

1508377718944 MAGNETIC_FIELD 15.812683 -54.914856 -13.694763

1508377718945 ROTATION_VECTOR 0.16602571 -0.6917165 -0.6549765

1508377719142 ACCELEROMETER 0.72161865 7.8278503 -0.17596436

1508377719143 GYROSCOPE -0.35153198 1.2397919 -0.14466858

1508377719143 MAGNETIC_FIELD 21.279907 -54.612732 -4.548645

1508377719144 GRAVITY 0.7569223 9.772419 0.3119179

1508377719145 LINEAR_ACCELERATION 0.31687522 0.16634178 -0.86225504

1508377719145 ROTATION_VECTOR 0.17914093 -0.6723133 -0.6776948

1508377719344 ACCELEROMETER 0.7163086 9.43132 -0.2998047

1508377719345 GYROSCOPE -0.29171753 1.4213715 0.21742249

1508377719345 MAGNETIC_FIELD 24.925232 -53.17688 -3.2699585

1508377719346 GRAVITY 0.22674562 9.721679 1.2680444

1508377719347 LINEAR_ACCELERATION -3.2109146 1.8980055 1.6518542

1508377719347 ROTATION_VECTOR 0.21248233 -0.6246591 -0.70556664

1508377719546 ACCELEROMETER -2.8581085 10.630707 2.9110718

1508377719554 GYROSCOPE 0.34701538 1.3220367 0.24198914

1508377719586 GRAVITY 0.29647395 9.701753 1.3994561

1508377719586 LINEAR_ACCELERATION -0.33495888 -2.5424843 0.16713822

1508377719587 ROTATION_VECTOR 0.2436329 -0.60769284 -0.69267523

1508377719589 MAGNETIC_FIELD 26.042175 -51.66626 -0.9567261

1508377719748 ACCELEROMETER -0.1270752 6.5201874 1.2540588

1508377719748 GYROSCOPE 0.14834595 0.6886444 0.3658905

1508377719749 MAGNETIC_FIELD 19.39392 -53.559875 8.004761

1508377719749 GRAVITY 0.56293267 9.73527 1.0382696

1508377719749 LINEAR_ACCELERATION -1.5074122 -0.37875938 -0.5046586

1508377719750 ROTATION_VECTOR 0.2871422 -0.6038314 -0.6519813

1508377719949 ACCELEROMETER -0.8530731 8.386734 0.3260193

1508377719950 GYROSCOPE -1.1195068 1.0582123 0.63612366

1508377719950 MAGNETIC_FIELD 16.539001 -54.263306 13.648987

1508377719951 LINEAR_ACCELERATION 0.6731442 2.439662 -0.20591736

1508377719951 GRAVITY 1.2015961 9.490922 2.1561458

1508377719951 ROTATION_VECTOR 0.27160117 -0.5624055 -0.6550407

1508377720151 ACCELEROMETER 1.8813171 11.41748 2.0032349

1508377720151 GYROSCOPE -1.3544922 0.4985199 0.15333557

1508377720151 MAGNETIC_FIELD 6.4682007 -55.007935 17.544556

1508377720152 GRAVITY 1.2577943 8.634916 4.475106

1508377720152 LINEAR_ACCELERATION 0.12786853 0.47769308 -2.9463892

1508377720153 ROTATION_VECTOR 0.27277654 -0.44432655 -0.65527457

1508377720352 ACCELEROMETER 1.4386444 8.504501 1.3639679

1508377720352 GYROSCOPE 0.64501953 0.8221588 -0.23545837

1508377720353 MAGNETIC_FIELD -2.6123047 -59.188843 7.789612

1508377720353 GRAVITY 0.6018152 8.338931 5.125469

1508377720353 LINEAR_ACCELERATION 1.437765 0.26768637 -1.1411948

1508377720354 ROTATION_VECTOR 0.32612196 -0.3637558 -0.6060584

1508377720553 ACCELEROMETER 2.064499 7.906143 3.6901855

1508377720554 GYROSCOPE -0.06954956 -1.9261017 -1.585556

1508377720554 MAGNETIC_FIELD -5.944824 -60.43396 0.7614136

1508377720555 LINEAR_ACCELERATION 0.09068072 2.473177 -3.4657698

1508377720555 GRAVITY -0.40234345 8.718191 4.472319

1508377720555 ROTATION_VECTOR 0.34083351 -0.39472482 -0.67082804

1508377720758 ACCELEROMETER -0.44252014 10.504974 0.65437317

1508377720760 GYROSCOPE 0.8757324 -0.38267517 -0.40422058

1508377720761 GRAVITY -1.1730274 8.828751 4.104578

1508377720761 LINEAR_ACCELERATION 0.60117435 -0.076955795 -1.2005396

1508377720763 ROTATION_VECTOR 0.24096866 -0.48234725 -0.79640985

1508377720764 MAGNETIC_FIELD -2.89917 -58.906555 4.533386

1508377720963 ACCELEROMETER -0.6298828 7.7920074 2.3961945

1508377720973 GYROSCOPE 1.4396973 0.36073303 0.2889862

1508377720981 MAGNETIC_FIELD -0.7675171 -60.772705 -0.0045776367

1508377720984 GRAVITY -1.2216424 9.526445 1.9811145

1508377720986 LINEAR_ACCELERATION 1.1836591 -2.4596748 -0.18932736

1508377720989 ROTATION_VECTOR 0.13385727 -0.61731154 -0.7723829

1508377721161 ACCELEROMETER 0.10255432 7.3329315 2.0272217

1508377721161 GYROSCOPE 1.390564 2.0355377 0.39259338

1508377721162 MAGNETIC_FIELD -0.40130615 -58.91266 4.460144

1508377721162 GRAVITY -0.19817753 9.784393 -0.6298812

1508377721163 LINEAR_ACCELERATION 2.6660638 5.2855835 4.4751654

1508377721163 ROTATION_VECTOR 0.13036074 -0.7177194 -0.6753473

1508377721360 ACCELEROMETER 2.3943024 12.852798 3.2190247

1508377721361 GYROSCOPE -1.9387512 -0.08253479 0.36054993

1508377721361 MAGNETIC_FIELD -6.716919 -60.295105 1.4282227

1508377721362 GRAVITY 0.47282115 9.794692 0.1040798

1508377721362 LINEAR_ACCELERATION -1.672489 -5.3808823 1.4298536

1508377721363 ROTATION_VECTOR 0.2188589 -0.66842663 -0.66410774

1508377721564 ACCELEROMETER -1.0973053 3.6247406 1.7515717

1508377721564 GYROSCOPE -0.70721436 -0.043014526 -1.038681

1508377721565 MAGNETIC_FIELD -3.616333 -59.962463 -3.6712646

1508377721565 GRAVITY -0.010469787 9.372449 2.8857362

1508377721565 LINEAR_ACCELERATION 2.6013625 -0.7760725 3.582893

1508377721566 ROTATION_VECTOR 0.19136912 -0.5623578 -0.76184636

1508377721774 GRAVITY -1.6355288 8.826146 3.9489954

1508377721783 LINEAR_ACCELERATION -1.7352483 -3.699164 0.14104319

1508377721785 ROTATION_VECTOR 0.33162886 -0.4343726 -0.7470951

1508377721790 ACCELEROMETER 2.0857391 7.6915894 6.5179443

1508377721793 GYROSCOPE -0.65701294 3.0278168 0.74186707

1508377721795 MAGNETIC_FIELD 1.1444092 -54.125977 -21.228027

1508377721964 ACCELEROMETER -2.1540375 4.6615753 4.395172

1508377721969 GYROSCOPE -7.526062 -4.8527374 -4.9458466

1508377721970 MAGNETIC_FIELD 12.983704 -50.430298 -25.543213

1508377721970 GRAVITY -3.2563784 2.1297894 9.001688

1508377721970 LINEAR_ACCELERATION 2.496351 2.2269611 8.784392

1508377721971 ROTATION_VECTOR 0.18007343 -0.09281818 -0.9740461

1508377722172 ACCELEROMETER -2.301651 3.0319214 16.69069

1508377722175 GYROSCOPE -4.2394714 2.7874908 0.120224

1508377722178 MAGNETIC_FIELD 19.050598 -35.307312 -37.895203

1508377722180 GRAVITY -3.4625366 -8.004417 4.484476

1508377722183 LINEAR_ACCELERATION -7.7616444 3.5394368 0.38446522

1508377722185 ROTATION_VECTOR -0.0121767605 0.52077544 -0.77531135

1508377722374 GRAVITY -2.0783966 -9.578266 -0.32780358

1508377722377 LINEAR_ACCELERATION -7.8818045 6.8877296 0.6478318

1508377722379 ROTATION_VECTOR -0.6332216 0.3402113 -0.1916777

1508377722381 ACCELEROMETER -9.853546 -3.6540375 3.923523

1508377722384 GYROSCOPE -0.13256836 1.9041595 -2.390915

1508377722389 MAGNETIC_FIELD 41.864014 -20.17212 -27.308655

1508377722576 GRAVITY 0.36324474 -9.780604 -0.61499417

1508377722580 LINEAR_ACCELERATION -4.4371457 1.7556267 5.2748027

1508377722583 ROTATION_VECTOR -0.6960506 0.21649382 -0.22743791

1508377722585 ACCELEROMETER -10.298721 -2.4348755 0.59407043

1508377722588 GYROSCOPE -0.4711609 -1.7669525 -0.33692932

1508377722590 MAGNETIC_FIELD 33.285522 -6.504822 -38.49945

1508377722778 GRAVITY -0.45258963 -9.795609 0.107661895

1508377722781 LINEAR_ACCELERATION -0.8297381 -0.8619509 6.995568

1508377722784 ROTATION_VECTOR -0.6379533 0.2958486 -0.26902667

1508377722786 ACCELEROMETER -3.7366638 -7.068283 4.921158

1508377722795 GYROSCOPE 0.71551514 -0.029129028 1.055893

1508377722818 MAGNETIC_FIELD 15.298462 21.84906 -42.43927

1508377722972 ACCELEROMETER -1.3614197 -9.092392 7.0371094

1508377722973 GYROSCOPE -0.2831726 0.0990448 -0.50675964

1508377722973 MAGNETIC_FIELD 12.860107 14.877319 -48.999023

1508377722974 GRAVITY -1.1035935 -9.705913 0.8647108

1508377722974 LINEAR_ACCELERATION -1.5919031 2.4313412 5.586301

1508377722975 ROTATION_VECTOR -0.4833047 0.47151732 -0.45215407

1508377723185 GRAVITY -0.68419236 -9.730958 1.0053475

1508377723190 ACCELEROMETER -2.5439606 -6.1838837 6.3158417

1508377723193 LINEAR_ACCELERATION -1.8280867 2.1196995 5.6263494

1508377723195 ROTATION_VECTOR -0.30845267 0.5946415 -0.63347334

1508377723201 GYROSCOPE 0.07357788 -0.13807678 -0.03465271

1508377723204 MAGNETIC_FIELD 21.873474 15.406799 -47.538757

1508377723385 GRAVITY -0.42788136 -9.658804 1.6415844

1508377723389 LINEAR_ACCELERATION -1.8656409 1.6245117 5.461124

1508377723391 ROTATION_VECTOR -0.15299028 0.62681454 -0.73346835

1508377723394 ACCELEROMETER -2.4170074 -6.4405365 6.5741577

1508377723399 GYROSCOPE 0.23272705 0.12788391 -0.3422699

1508377723401 MAGNETIC_FIELD 21.45996 17.506409 -47.964478

1508377723585 GRAVITY -0.09104597 -9.566255 2.1561265

1508377723591 LINEAR_ACCELERATION -1.962597 1.7123909 5.1884165

1508377723595 ROTATION_VECTOR -0.050243616 0.6225301 -0.7778169

1508377723598 ACCELEROMETER -2.2129364 -6.7424164 6.8878174

1508377723600 GYROSCOPE -0.035369873 0.015731812 -0.1532135

1508377723603 MAGNETIC_FIELD 18.713379 16.308594 -48.031616

1508377723778 ACCELEROMETER -2.0391846 -6.5837708 7.04953

1508377723781 GYROSCOPE -0.1913147 -0.061172485 0.2110138

1508377723781 MAGNETIC_FIELD 19.117737 17.042542 -48.638916

1508377723782 GRAVITY -0.9415263 -8.917667 3.9697757

1508377723783 LINEAR_ACCELERATION -1.37255 1.3967485 3.4368865

1508377723783 ROTATION_VECTOR -0.25613162 0.48165792 -0.69456875

