1508377699823 GYROSCOPE -0.113342285 0.34791565 0.40327454

1508377699826 GRAVITY -0.38766193 5.7067337 7.965758

1508377699827 LINEAR_ACCELERATION 0.0 0.0 -0.0

1508377699827 ROTATION_VECTOR 0.0 0.0 0.0

1508377699924 ACCELEROMETER -0.4057312 5.5059967 7.689926

1508377699924 MAGNETIC_FIELD 2.206421 -14.700317 -51.434326

1508377700030 ACCELEROMETER -0.73757935 5.376541 8.350891

1508377700031 GYROSCOPE -0.106933594 -0.01737976 0.4844513

1508377700032 MAGNETIC_FIELD 4.737854 -12.850952 -51.927185

1508377700033 GRAVITY -0.44272867 5.410617 8.166983

1508377700033 LINEAR_ACCELERATION -0.3030542 0.023406506 0.2871828

1508377700034 ROTATION_VECTOR 0.28810698 0.02437504 0.0026412548

1508377700226 GYROSCOPE 0.32458496 0.03816223 0.16081238

1508377700227 GRAVITY -0.27048627 5.590143 8.052796

1508377700228 LINEAR_ACCELERATION -0.30340427 -0.08378172 -0.08140421

1508377700229 ROTATION_VECTOR 0.29813927 0.023122365 0.027718809

1508377700327 ACCELEROMETER -0.5685272 5.407959 7.838455

1508377700327 MAGNETIC_FIELD 3.894043 -14.700317 -51.76239

1508377700433 ACCELEROMETER 0.24046326 5.9195557 6.8634644

1508377700433 GYROSCOPE 0.0030822754 0.13536072 0.45988464

1508377700434 MAGNETIC_FIELD 2.0370483 -16.886902 -50.61493

1508377700435 GRAVITY 0.024358118 6.001502 7.755757

1508377700435 LINEAR_ACCELERATION 0.22603633 0.12626171 -0.66101027

1508377700436 ROTATION_VECTOR 0.32269636 0.020820992 0.06476081

1508377700630 GYROSCOPE 0.043670654 0.41307068 0.5699005

1508377700630 GRAVITY 0.19186193 6.1798654 7.612019

1508377700631 LINEAR_ACCELERATION -0.07772483 0.8427682 -0.33849955

1508377700632 ROTATION_VECTOR 0.33331013 0.028273655 0.108754925

1508377700765 ACCELEROMETER 0.11135864 6.8545227 7.0624847

1508377700967 ACCELEROMETER 0.0069122314 5.7547607 5.469696

1508377700968 GYROSCOPE 0.46984863 0.749527 0.95014954

1508377700969 MAGNETIC_FIELD 10.166931 -19.155884 -49.383545

1508377700969 GRAVITY 0.29545453 6.655425 7.1964164

1508377700970 LINEAR_ACCELERATION -0.27159178 -0.6204343 -1.5341539

1508377700970 ROTATION_VECTOR 0.3530407 0.09190838 0.2743037

1508377701169 ACCELEROMETER -1.0075073 7.117111 7.562729

1508377701170 GYROSCOPE 0.500824 -0.03553772 0.6617584

1508377701170 MAGNETIC_FIELD 12.089539 -24.531555 -43.371582

1508377701171 GRAVITY 0.5775036 7.130368 6.7078104

1508377701172 LINEAR_ACCELERATION -1.7106819 0.7810545 1.640985

1508377701172 ROTATION_VECTOR 0.3756713 0.12987655 0.36885396

1508377701370 ACCELEROMETER -1.9269714 6.605484 7.931244

1508377701371 GYROSCOPE -0.23510742 1.0678253 1.9456329

1508377701372 MAGNETIC_FIELD 9.915161 -30.003357 -42.729187

1508377701372 GRAVITY 1.2537185 6.8450074 6.909736

1508377701373 LINEAR_ACCELERATION -3.1791968 -0.67216253 0.94546556

1508377701373 ROTATION_VECTOR 0.35547322 0.14608324 0.49901518

1508377701572 ACCELEROMETER 1.3396149 5.9197845 7.704773

1508377701573 GYROSCOPE 0.3000183 0.7794342 1.408371

1508377701573 MAGNETIC_FIELD 8.634949 -31.478882 -41.601563

1508377701574 GRAVITY 2.1029272 6.059905 7.417927

1508377701574 LINEAR_ACCELERATION 0.03466463 0.29978657 0.8367734

1508377701575 ROTATION_VECTOR 0.3156251 0.148902 0.65560895

1508377701773 ACCELEROMETER 2.9864044 5.6619873 7.962387

1508377701774 GYROSCOPE -0.12509155 0.24964905 1.0484161

1508377701775 MAGNETIC_FIELD 9.901428 -35.710144 -38.806152

1508377701776 GRAVITY 2.7783031 5.4617257 7.656433

1508377701777 LINEAR_ACCELERATION 0.4347217 0.09536314 0.53270817

1508377701777 ROTATION_VECTOR 0.29681623 0.14673333 0.75623196

1508377701975 ACCELEROMETER 2.8076172 6.5269012 7.8041534

1508377701975 GYROSCOPE -0.50961304 0.4493866 0.29219055

1508377701977 MAGNETIC_FIELD 6.9213867 -39.02588 -38.74359

1508377701977 GRAVITY 2.854771 4.7185135 8.109026

1508377701978 LINEAR_ACCELERATION -0.46962786 2.0213432 -0.3044691

1508377701978 ROTATION_VECTOR 0.26673725 0.124120824 0.793544

1508377702176 ACCELEROMETER 1.1990509 5.634842 7.8957825

1508377702177 GYROSCOPE 1.1117859 0.7377777 0.87538147

1508377702178 MAGNETIC_FIELD 6.575012 -40.23285 -37.124634

1508377702178 GRAVITY 2.3292162 4.90022 8.169025

1508377702179 LINEAR_ACCELERATION -1.151339 0.5968666 -0.2996559

1508377702179 ROTATION_VECTOR 0.23619281 0.16645889 0.83403087

1508377702378 ACCELEROMETER 2.012741 5.2313385 7.1148376

1508377702379 GYROSCOPE -0.22869873 0.55513 0.61369324

1508377702380 MAGNETIC_FIELD 6.504822 -50.701904 -28.894043

1508377702380 GRAVITY 2.0375288 5.2410774 8.0343

1508377702381 LINEAR_ACCELERATION 0.28979433 0.14800692 -0.7880111

1508377702381 ROTATION_VECTOR 0.19336191 0.23016493 0.90292114

1508377702580 ACCELEROMETER 2.532837 4.5233154 8.064499

1508377702581 GYROSCOPE -0.056732178 -0.010971069 0.8294525

1508377702581 MAGNETIC_FIELD 4.312134 -51.309204 -30.239868

1508377702582 GRAVITY 2.3441775 4.649951 8.309824

1508377702582 LINEAR_ACCELERATION 0.18459845 -0.26764488 -0.3097334

1508377702582 ROTATION_VECTOR 0.16621795 0.22065468 0.9457864

1508377702792 GRAVITY 2.7533271 4.6917768 8.159461

1508377702793 ACCELEROMETER 2.39888 4.570236 5.833496

1508377702794 ROTATION_VECTOR 0.17446733 0.23139666 0.95072705

1508377702794 LINEAR_ACCELERATION -0.38083935 0.16340923 -2.3248076

1508377702795 GYROSCOPE 0.26263428 -0.012039185 -0.0058135986

1508377702796 MAGNETIC_FIELD -0.36468506 -51.696777 -31.419373

1508377702991 ACCELEROMETER 1.5319977 5.2864227 9.217255

1508377702994 GYROSCOPE -0.7328491 -0.17759705 0.5399933

1508377702996 MAGNETIC_FIELD 0.43182373 -49.572754 -33.631897

1508377702999 GRAVITY 3.0096989 4.1557407 8.357148

1508377703002 LINEAR_ACCELERATION -1.5518274 1.059658 2.5290527

1508377703004 ROTATION_VECTOR 0.1692765 0.21271932 0.96134907

1508377703192 GRAVITY 3.4532716 3.8883214 8.31422

1508377703195 LINEAR_ACCELERATION 0.57164717 0.8075938 -0.97243404

1508377703199 ROTATION_VECTOR -0.18104723 -0.2081217 -0.9611503

1508377703201 ACCELEROMETER 3.5016174 4.579712 8.232132

1508377703205 GYROSCOPE 0.83514404 0.29664612 0.7173004

1508377703207 MAGNETIC_FIELD -6.9747925 -44.85321 -37.88452

1508377703388 ACCELEROMETER 2.6398163 4.18927 9.164413

1508377703400 GYROSCOPE -0.8941345 0.703598 -0.6872711

1508377703406 GRAVITY 2.5575314 3.816689 8.66385

1508377703440 LINEAR_ACCELERATION -0.5059991 0.3233943 1.5152454

1508377703444 ROTATION_VECTOR -0.123479724 -0.20741102 -0.96904695

1508377703455 MAGNETIC_FIELD -10.157776 -47.373962 -36.904907

1508377703591 GRAVITY 1.4796702 3.5614908 9.016471

1508377703593 LINEAR_ACCELERATION 1.902107 1.7277169 -2.8116064

1508377703599 ACCELEROMETER 2.887146 5.038925 6.7273254

1508377703601 GYROSCOPE 0.16864014 0.1407013 -0.3978119

1508377703602 MAGNETIC_FIELD -10.299683 -43.80493 -38.059998

1508377703603 ROTATION_VECTOR 0.08933737 0.17974083 0.9774176

1508377703800 GRAVITY 0.5676162 2.713426 9.406674

1508377703806 LINEAR_ACCELERATION 0.27659088 0.36436534 -0.3005457

1508377703814 ROTATION_VECTOR 0.04736031 0.13472232 0.9811626

1508377703814 ACCELEROMETER 1.4021454 3.2431183 8.104309

1508377703815 GYROSCOPE -1.1280518 0.80293274 0.29325867

1508377703815 MAGNETIC_FIELD -6.7581177 -43.222046 -38.7619

1508377703990 ACCELEROMETER 2.7049103 4.251175 7.2774353

1508377703991 GYROSCOPE 0.5360718 0.40238953 -0.03251648

1508377703992 MAGNETIC_FIELD -6.0897827 -41.29486 -40.37018

1508377703992 GRAVITY -0.3312325 2.2788155 9.532454

1508377703993 LINEAR_ACCELERATION 3.6081488 2.2291224 -2.4785576

1508377703993 ROTATION_VECTOR 0.0039958856 0.11817007 0.97727066

1508377704195 ACCELEROMETER 1.6652832 3.2023468 5.716751

1508377704196 GYROSCOPE -0.6612854 0.7858429 -0.54948425

1508377704196 MAGNETIC_FIELD -1.4572144 -42.752075 -39.193726

1508377704200 GRAVITY -1.5133649 2.2269619 9.42978

1508377704204 LINEAR_ACCELERATION 2.383441 0.655154 -4.4790688

1508377704207 ROTATION_VECTOR -0.050464645 0.12910593 0.9655463

1508377704395 ACCELEROMETER 2.575058 1.2006683 11.352753

1508377704396 GYROSCOPE -3.1585388 -1.1698761 -0.7203827

1508377704397 MAGNETIC_FIELD -0.11444092 -31.217957 -46.533203

1508377704397 GRAVITY -1.1473889 -1.4646933 9.628529

1508377704397 LINEAR_ACCELERATION 4.4111247 3.0649314 4.474122

1508377704398 ROTATION_VECTOR -0.080790006 -0.050543603 0.9360364

1508377704595 ACCELEROMETER -0.9703064 -0.5302582 16.992188

1508377704595 GYROSCOPE 1.6351624 3.994461 -0.6947479

1508377704601 MAGNETIC_FIELD -0.68969727 -27.653503 -48.106384

1508377704603 GRAVITY -3.2611964 -2.9432428 8.767685

1508377704605 LINEAR_ACCELERATION 1.984436 0.22548509 8.384988

1508377704607 ROTATION_VECTOR -0.22515482 -0.04772598 0.8419373

1508377704809 ACCELEROMETER 1.4044647 -4.6482086 2.1796722

1508377704818 GYROSCOPE 1.3766785 -3.9651337 -1.6603241

1508377704845 MAGNETIC_FIELD 34.098816 -15.473938 -13.630676

1508377704856 GRAVITY -2.544194 -1.0518126 9.412288

1508377704860 LINEAR_ACCELERATION 1.6849821 -3.0544984 -9.654891

1508377704860 ROTATION_VECTOR -0.13580416 0.040793765 0.76732594

1508377705000 GRAVITY -1.5588106 -0.14330357 9.680907

1508377705001 LINEAR_ACCELERATION 0.35757208 -0.3191259 -9.746452

1508377705001 ROTATION_VECTOR -0.0634354 0.048857603 0.73071426

1508377705002 ACCELEROMETER -2.571869 -1.1437073 -1.29039

1508377705002 GYROSCOPE -0.027893066 3.057724 0.24305725

1508377705002 MAGNETIC_FIELD 30.186462 -14.857483 -33.180237

1508377705199 ACCELEROMETER -0.57421875 -0.23469543 1.1561584

1508377705200 GYROSCOPE -0.054595947 0.28489685 -0.01008606

1508377705201 MAGNETIC_FIELD 17.959595 -14.135742 -49.92218

1508377705201 GRAVITY -4.622137 -0.1938565 8.646887

1508377705201 LINEAR_ACCELERATION 3.724127 0.006361887 -4.8764315

1508377705202 ROTATION_VECTOR -0.19601387 0.1439098 0.75714177

1508377705401 ACCELEROMETER 0.23164368 -0.14724731 9.0829315

1508377705402 GYROSCOPE -1.2207031E-4 -0.004562378 -0.0047454834

1508377705402 MAGNETIC_FIELD 17.185974 -13.842773 -49.076843

1508377705403 GRAVITY -4.608069 -0.24311467 8.653149

1508377705403 LINEAR_ACCELERATION 4.232794 0.09125537 2.2017984

1508377705404 ROTATION_VECTOR -0.19739242 0.14088449 0.7588606

1508377705624 GRAVITY -4.3518825 -0.24213518 8.784809

1508377705630 LINEAR_ACCELERATION 4.019781 0.08931315 2.140689

1508377705633 ROTATION_VECTOR -0.18860856 0.12855424 0.77279633

1508377705635 ACCELEROMETER 0.28938293 -0.11457825 9.659958

1508377705638 GYROSCOPE -1.2207031E-4 -0.0034942627 -0.0047454834

1508377705641 MAGNETIC_FIELD 17.189026 -14.587402 -48.350525

1508377705816 GRAVITY -4.113561 -0.23823632 8.899003

1508377705820 LINEAR_ACCELERATION 3.8242667 0.07667497 2.026236

1508377705825 ROTATION_VECTOR -0.18051352 0.1170129 0.7873944

1508377705829 ACCELEROMETER 0.30545044 -0.13586426 9.659058

1508377705846 GYROSCOPE 0.0030822754 0.005050659 -0.0036773682

1508377705847 MAGNETIC_FIELD 16.792297 -14.225769 -48.616028

