1505479508549 GYROSCOPE 0.010986328 -0.25891113 0.074157715

1505479508551 MAGNETIC_FIELD 14.004517 -21.031189 -34.024048

1505479508552 GRAVITY 0.0777654 5.237489 8.29054

1505479508553 LINEAR_ACCELERATION 0.0 0.0 -0.0

1505479508554 ROTATION_VECTOR 0.0 0.0 0.0

1505479508749 ACCELEROMETER 0.2081604 5.5031433 8.567688

1505479508751 GYROSCOPE -0.100097656 -0.106170654 -0.10421753

1505479508752 MAGNETIC_FIELD 13.497925 -20.526123 -34.843445

1505479508753 GRAVITY 0.57161444 5.192677 8.299382

1505479508753 LINEAR_ACCELERATION 0.20813102 0.010025024 -0.06413841

1505479508754 ROTATION_VECTOR 0.21980336 0.16892527 0.6653212

1505479508950 ACCELEROMETER 0.7958679 5.1870575 8.629669

1505479508951 GYROSCOPE 0.069732666 -0.07092285 -0.09460449

1505479508952 MAGNETIC_FIELD 11.303711 -20.358276 -35.00824

1505479508952 GRAVITY 0.6982028 4.8587317 8.489737

1505479508953 LINEAR_ACCELERATION 0.1567434 -0.75184107 0.2171812

1505479508953 ROTATION_VECTOR 0.20636068 0.15671368 0.68760115

1505479509152 ACCELEROMETER 0.8029022 4.2473755 8.696091

1505479509153 GYROSCOPE 0.01953125 0.013458252 0.062408447

1505479509154 MAGNETIC_FIELD 11.64093 -19.685364 -35.00824

1505479509154 GRAVITY 0.7191022 5.0405946 8.381269

1505479509155 LINEAR_ACCELERATION -0.098887146 -0.11256409 -0.899889

1505479509155 ROTATION_VECTOR 0.2183088 0.15816268 0.6694496

1505479509354 ACCELEROMETER 0.675766 5.0227356 7.511963

1505479509355 GYROSCOPE 0.21820068 0.23348999 0.35934448

1505479509356 MAGNETIC_FIELD 10.797119 -21.534729 -33.53119

1505479509356 LINEAR_ACCELERATION -0.34518874 0.20870733 0.091267586

1505479509357 GRAVITY 0.6373583 5.235289 8.267763

1505479509357 ROTATION_VECTOR 0.2197156 0.1737425 0.6820708

1505479509591 ACCELEROMETER 0.26260376 5.3059387 8.428894

1505479509591 ACCELEROMETER 0.41275024 4.1929626 8.7314

1505479509592 GYROSCOPE 0.11886597 -0.20123291 0.5227661

1505479509592 MAGNETIC_FIELD 9.986877 -20.639038 -33.050537

1505479509593 GRAVITY 1.0319023 5.284203 8.196509

1505479509593 LINEAR_ACCELERATION -0.60635364 -1.0179477 0.5094023

1505479509594 ROTATION_VECTOR 0.21634905 0.18784948 0.7551425

1505479509793 ACCELEROMETER 0.5592499 4.415619 7.8273926

1505479509793 GYROSCOPE 0.2748108 -0.15316772 -0.3327942

1505479509794 MAGNETIC_FIELD 7.3287964 -22.476196 -32.795715

1505479509794 GRAVITY 1.3128688 5.485422 8.022276

1505479509795 LINEAR_ACCELERATION -0.7212826 -0.9882064 -0.055725574

1505479509796 ROTATION_VECTOR 0.22679985 0.19884568 0.77814996

1505479509994 ACCELEROMETER 0.99246216 5.400055 9.406769

1505479509995 GYROSCOPE -0.33615112 0.43429565 0.03463745

1505479510003 MAGNETIC_FIELD 6.993103 -21.954346 -30.81665

1505479510003 GRAVITY 0.91598505 5.382271 8.146319

1505479510004 LINEAR_ACCELERATION 0.09137851 0.054353714 1.4423933

1505479510004 ROTATION_VECTOR 0.20248881 0.20892963 0.7889949

1505479510196 ACCELEROMETER 0.65992737 3.8504333 9.523529

1505479510197 GYROSCOPE -0.18661499 0.30612183 -0.08392334

1505479510198 MAGNETIC_FIELD 9.5047 -17.721558 -32.929993

1505479510199 GRAVITY 0.29357588 4.801815 8.54557

1505479510199 LINEAR_ACCELERATION 0.28025854 -1.1142402 0.80395794

1505479510200 ROTATION_VECTOR 0.15504487 0.20064463 0.80008876

1505479510397 ACCELEROMETER 0.316864 4.002289 7.9622803

1505479510399 GYROSCOPE -0.028533936 -0.015380859 -0.16082764

1505479510400 MAGNETIC_FIELD 11.656189 -16.177368 -32.354736

1505479510401 GRAVITY -0.038475957 4.6110907 8.654869

1505479510401 LINEAR_ACCELERATION 0.3699321 -0.47641277 -0.68014336

1505479510402 ROTATION_VECTOR 0.14294195 0.19568369 0.7786333

1505479510599 ACCELEROMETER 0.34405518 5.1956024 9.187973

1505479510600 GYROSCOPE 0.14663696 -0.33901978 0.13504028

1505479510601 MAGNETIC_FIELD 9.814453 -15.924072 -33.174133

1505479510601 GRAVITY 0.26487154 4.7229214 8.590358

1505479510602 LINEAR_ACCELERATION 0.111435354 0.5402136 0.7582817

1505479510602 ROTATION_VECTOR 0.16439304 0.18705237 0.762133

1505479510800 ACCELEROMETER 0.1459198 3.771286 8.924698

1505479510801 GYROSCOPE 0.3656006 -0.0602417 0.4597473

1505479510802 MAGNETIC_FIELD 9.503174 -17.445374 -33.311462

1505479510803 GRAVITY 0.8225119 5.031031 8.377504

1505479510804 LINEAR_ACCELERATION -0.6932772 -1.3580112 0.43010902

1505479510804 ROTATION_VECTOR 0.19105223 0.19069657 0.7812663

1505479511021 ACCELEROMETER 0.4610138 4.1829987 8.117523

1505479511026 GRAVITY 0.9950735 5.327965 8.172699

1505479511027 LINEAR_ACCELERATION -0.46976 -1.0420308 -0.036810875

1505479511028 GYROSCOPE 0.1071167 0.069000244 -0.037994385

1505479511028 MAGNETIC_FIELD 7.3120117 -19.569397 -31.082153

1505479511029 ROTATION_VECTOR 0.19877069 0.20928101 0.8034715

1505479511208 GRAVITY 0.8828045 5.263046 8.227478

1505479511209 LINEAR_ACCELERATION 0.036332905 -0.07034302 0.3423729

1505479511209 ROTATION_VECTOR 0.1936835 0.20736942 0.7993931

1505479511209 ACCELEROMETER 0.86065674 5.0864563 8.511169

1505479511210 GYROSCOPE -0.20263672 -0.1446228 -0.28900146

1505479511210 MAGNETIC_FIELD 8.2473755 -20.063782 -30.52826

1505479511410 LINEAR_ACCELERATION -0.5199167 -1.206069 0.27689362

1505479511411 ROTATION_VECTOR 0.19580811 0.2021857 0.7844845

1505479511412 GRAVITY 0.821426 5.233116 8.252887

1505479511413 ACCELEROMETER 0.29222107 4.0603943 8.519882

1505479511414 GYROSCOPE 0.21713257 -0.03994751 -0.048675537

1505479511415 MAGNETIC_FIELD 7.633972 -17.807007 -31.500244

1505479511612 ROTATION_VECTOR 0.2077882 0.21066026 0.76715255

1505479511613 GRAVITY 0.7749119 5.489168 8.089434

1505479511614 LINEAR_ACCELERATION -0.403773 -0.75527143 -0.76863194

1505479511618 ACCELEROMETER 0.44863892 4.6046143 7.1907043

1505479511620 GYROSCOPE 0.090026855 -0.032470703 -0.11062622

1505479511622 MAGNETIC_FIELD 9.584045 -18.457031 -32.08618

1505479511818 GRAVITY 0.8610699 4.968975 8.410603

1505479511821 ROTATION_VECTOR 0.19448525 0.18263108 0.7699985

1505479511823 LINEAR_ACCELERATION -0.7156331 -0.23347998 3.2011976

1505479511826 ACCELEROMETER 0.20393372 4.8277283 10.8042145

1505479511828 GYROSCOPE -0.6213379 -0.29415894 -0.12237549

1505479511830 MAGNETIC_FIELD 9.321594 -18.367004 -30.638123

1505479512020 GRAVITY 1.0090365 4.543721 8.631734

1505479512023 LINEAR_ACCELERATION -0.49041986 -0.18356085 -1.1045446

1505479512025 ROTATION_VECTOR 0.19003358 0.15424426 0.7597084

1505479512028 ACCELEROMETER 0.4565735 4.331299 7.8657227

1505479512030 GYROSCOPE 0.112457275 0.14483643 0.20233154

1505479512032 MAGNETIC_FIELD 7.8918457 -19.506836 -30.319214

1505479512222 GRAVITY 0.88519 4.6747975 8.575144

1505479512225 LINEAR_ACCELERATION -1.1952786 0.33652067 -1.7714891

1505479512227 ACCELEROMETER -0.23161316 4.83342 6.7418823

1505479512229 ROTATION_VECTOR 0.19151784 0.16158669 0.7510435

1505479512231 GYROSCOPE -0.012512207 0.0038452148 -0.06149292

1505479512234 MAGNETIC_FIELD 8.877563 -19.432068 -28.630066

1505479512431 ACCELEROMETER 0.040130615 5.1077423 8.620682

1505479512436 GRAVITY 0.55338585 4.497544 8.696911

1505479512438 LINEAR_ACCELERATION -0.42566776 0.56578875 0.244071

1505479512440 ROTATION_VECTOR 0.17367174 0.16253954 0.74534255

1505479512442 GYROSCOPE -0.2507019 0.12454224 -0.35095215

1505479512445 MAGNETIC_FIELD 7.3883057 -19.952393 -28.366089

1505479512632 ACCELEROMETER 0.1133728 4.224594 8.586868

1505479512639 GRAVITY 0.32256064 4.15551 8.876828

1505479512641 LINEAR_ACCELERATION -0.2234284 0.13252783 -0.292346

1505479512643 ROTATION_VECTOR 0.15497735 0.15293707 0.7372606

1505479512645 GYROSCOPE -0.15991211 0.026275635 0.16494751

1505479512648 MAGNETIC_FIELD 8.7387085 -19.017029 -29.496765

1505479512834 ACCELEROMETER -0.38571167 4.7326202 8.348419

1505479512841 GRAVITY 0.15272775 3.8033228 9.037798

1505479512843 LINEAR_ACCELERATION -0.59256333 1.023921 -0.47589397

1505479512845 ROTATION_VECTOR 0.13447644 0.1453156 0.74555373

1505479512848 GYROSCOPE -0.27526855 0.28689575 0.18844604

1505479512850 MAGNETIC_FIELD 9.580994 -20.048523 -29.52118

1505479513033 GRAVITY 0.05784729 3.3900406 9.201883

1505479513039 LINEAR_ACCELERATION -0.13288128 1.4049175 1.1899357

1505479513041 ROTATION_VECTOR 0.112843506 0.1345394 0.76495934

1505479513044 ACCELEROMETER -0.09269714 4.7938843 10.151154

1505479513046 GYROSCOPE -0.21011353 0.022003174 0.3326416

1505479513048 MAGNETIC_FIELD 10.482788 -19.221497 -28.381348

1505479513236 GRAVITY 0.2670024 3.2649055 9.243348

1505479513242 LINEAR_ACCELERATION -0.35881394 0.38867092 -0.16353798

1505479513244 ROTATION_VECTOR 0.11346331 0.12588279 0.7833996

1505479513246 ACCELEROMETER -0.09831238 3.7405396 9.194733

1505479513249 GYROSCOPE 0.056915283 -0.14355469 0.0036621094

1505479513251 MAGNETIC_FIELD 8.776855 -21.73767 -27.420044

1505479513438 ACCELEROMETER 0.2688141 4.3815002 7.444275

1505479513444 GRAVITY 0.5429241 3.6766117 9.075139

1505479513447 LINEAR_ACCELERATION -0.20471764 0.9135375 -1.730031

1505479513449 ROTATION_VECTOR 0.13920245 0.13386324 0.77611876

1505479513451 GYROSCOPE 0.29937744 -0.30056763 -0.38406372

1505479513453 MAGNETIC_FIELD 10.25238 -23.350525 -26.248169

1505479513639 GRAVITY 0.64626586 3.733353 9.045154

1505479513645 LINEAR_ACCELERATION -0.34713477 1.2894957 -0.1795187

1505479513647 ACCELEROMETER 0.45433044 5.099594 8.559799

1505479513649 ROTATION_VECTOR 0.15497074 0.12169466 0.728147

1505479513652 GYROSCOPE -0.3489685 -0.49282837 -1.2321472

1505479513654 MAGNETIC_FIELD 11.668396 -20.532227 -26.245117

1505479513841 ACCELEROMETER -0.6703644 4.1402435 9.257202

1505479513848 GRAVITY 0.8590669 3.5769382 9.090539

1505479513850 LINEAR_ACCELERATION -1.4707193 0.60455465 0.21287346

1505479513852 ROTATION_VECTOR 0.16858713 0.089943714 0.65150625

1505479513854 GYROSCOPE 0.08895874 -0.46932983 -0.3274536

1505479513857 MAGNETIC_FIELD 13.607788 -16.72821 -30.004883

1505479514042 ACCELEROMETER 0.16960144 4.9835663 7.5676727

1505479514048 GRAVITY 1.1976706 3.878228 8.927223

1505479514050 LINEAR_ACCELERATION -1.0148922 1.2201152 -1.3949614

1505479514052 ROTATION_VECTOR 0.19814776 0.07467093 0.5991479

1505479514055 GYROSCOPE 0.09963989 -0.19268799 -0.26229858

1505479514057 MAGNETIC_FIELD 12.077332 -15.34729 -30.119324

1505479514244 ACCELEROMETER 0.06838989 5.2315216 9.731735

1505479514252 GRAVITY 1.6335762 3.719155 8.925789

1505479514254 LINEAR_ACCELERATION -1.5568537 1.4705622 1.347537

1505479514256 ROTATION_VECTOR 0.20664816 0.046989147 0.58162993

1505479514259 GYROSCOPE -0.36392212 -0.5163269 -0.013427734

1505479514261 MAGNETIC_FIELD 13.15918 -14.944458 -30.906677

1505479514434 GRAVITY 2.1551309 3.4794202 8.911758

1505479514441 LINEAR_ACCELERATION -1.3478377 1.420228 -0.59650993

1505479514443 ROTATION_VECTOR 0.21311495 0.014450376 0.56942016

1505479514446 ACCELEROMETER 0.6997986 4.8462067 8.649963

1505479514448 GYROSCOPE 0.027008057 -0.09335327 0.11154175

1505479514450 MAGNETIC_FIELD 11.6744995 -14.881897 -31.559753

1505479514648 ACCELEROMETER 0.5901642 5.1232758 7.5828705

1505479514654 GRAVITY 2.2932396 3.5667577 8.842493

1505479514656 LINEAR_ACCELERATION -1.7113073 1.6616287 -1.149209

1505479514659 ROTATION_VECTOR 0.22162503 0.0063785603 0.5507297

1505479514661 GYROSCOPE -0.05203247 -0.15957642 -0.13626099

1505479514663 MAGNETIC_FIELD 10.86731 -13.606262 -33.25348

1505479514847 GRAVITY 2.268383 3.149369 9.005904

1505479514854 LINEAR_ACCELERATION -1.6863708 1.7762496 1.5967016

1505479514856 ROTATION_VECTOR 0.20176116 -0.010915082 0.52862674

1505479514858 ACCELEROMETER 0.51672363 5.013977 10.155914

1505479514860 GYROSCOPE -0.6085205 -0.13500977 -0.36483765

1505479514862 MAGNETIC_FIELD 12.0651245 -13.331604 -32.110596

1505479515050 ACCELEROMETER 1.5935669 4.359421 8.93158

1505479515056 GRAVITY 2.1574273 2.8844552 9.121174

1505479515058 LINEAR_ACCELERATION -0.5310855 1.4614882 -0.6335468

1505479515060 ROTATION_VECTOR 0.18566357 -0.02187704 0.4922888

1505479515062 GYROSCOPE 0.10925293 0.052978516 -0.13626099

1505479515065 MAGNETIC_FIELD 11.607361 -11.177063 -33.465576

1505479515251 GRAVITY 1.7466582 2.9429815 9.190127

1505479515257 LINEAR_ACCELERATION -1.343806 1.9412067 -1.7933235

1505479515259 ROTATION_VECTOR 0.1771589 -0.0069753914 0.46860784

1505479515261 ACCELEROMETER 0.45196533 4.716736 7.142334

1505479515263 GYROSCOPE -0.26779175 0.205719 -0.24414063

1505479515266 MAGNETIC_FIELD 12.239075 -10.403442 -33.633423

1505479515448 ACCELEROMETER 0.13421631 4.93161 11.702209

1505479515453 GRAVITY 1.7591699 2.8360045 9.221323

1505479515456 LINEAR_ACCELERATION -1.7016684 1.9114759 3.145383

1505479515458 ROTATION_VECTOR 0.17254743 -0.008413686 0.4778161

1505479515460 GYROSCOPE 0.11352539 -0.3197937 0.33798218

1505479515462 MAGNETIC_FIELD 14.2074585 -7.8720093 -34.86023

1505479515655 ACCELEROMETER -0.29196167 3.992218 8.635605

1505479515661 GRAVITY 1.8237761 2.7459977 9.236002

1505479515663 LINEAR_ACCELERATION -2.1880162 1.2478864 -1.3310013

1505479515666 ROTATION_VECTOR 0.1704456 -0.0065783085 0.51308393

1505479515668 GYROSCOPE -0.15777588 0.35525513 0.37643433

1505479515670 MAGNETIC_FIELD 12.229919 -10.905457 -33.56781

1505479515855 GRAVITY 1.4543492 2.6566482 9.327244

1505479515861 LINEAR_ACCELERATION -1.5011858 1.7703502 -1.7494593

1505479515864 ROTATION_VECTOR 0.15543771 0.016794134 0.5646082

1505479515866 ACCELEROMETER -0.12197876 4.28981 7.604599

1505479515868 GYROSCOPE 0.11138916 0.20037842 0.44158936

1505479515870 MAGNETIC_FIELD 12.322998 -15.229797 -31.34613

1505479516055 GRAVITY 0.9351456 2.258537 9.4971

1505479516061 LINEAR_ACCELERATION -1.0596972 1.8808198 1.6354904

1505479516063 ROTATION_VECTOR 0.121302746 0.032685313 0.60493094

1505479516086 ACCELEROMETER -0.08660889 4.31868 10.501434

1505479516089 GYROSCOPE -0.54977417 0.38729858 -0.037994385

1505479516092 MAGNETIC_FIELD 13.381958 -14.904785 -31.538391

1505479516247 GRAVITY 0.14140067 1.5522324 9.681992

1505479516247 LINEAR_ACCELERATION -0.40079302 2.221274 -0.96195984

1505479516248 ROTATION_VECTOR 0.06419327 0.047276054 0.66149175

1505479516248 ACCELEROMETER -0.2924652 3.6651 9.272903

1505479516248 GYROSCOPE -0.18875122 0.6607361 1.1486816

1505479516249 MAGNETIC_FIELD 11.457825 -16.851807 -31.25763

1505479516461 GRAVITY -1.0835792 1.2372727 9.66775

1505479516468 ACCELEROMETER -1.2934113 2.8492737 8.882324

1505479516470 LINEAR_ACCELERATION -0.32514513 1.4415317 -0.57465553

1505479516473 ROTATION_VECTOR -0.005371996 0.08398246 0.7899961

1505479516475 GYROSCOPE -0.08728027 1.0505981 1.9967651

1505479516478 MAGNETIC_FIELD 9.492493 -20.7016 -28.88031

1505479516661 GRAVITY -2.3232057 1.556604 9.399473

1505479516664 LINEAR_ACCELERATION 1.5880439 0.5941757 0.29153538

1505479516666 ROTATION_VECTOR -0.080895 0.11923201 0.91737086

1505479516669 ACCELEROMETER -0.74298096 2.2166595 9.56694

1505479516671 GYROSCOPE 0.02166748 1.012146 2.561798

1505479516673 MAGNETIC_FIELD 0.66833496 -25.183105 -27.275085

1505479516851 GRAVITY -3.0879107 2.6021156 8.936677

1505479516851 LINEAR_ACCELERATION 1.7545812 -0.674325 0.7763958

1505479516852 ROTATION_VECTOR -0.14321658 0.15441927 0.97020984

1505479516852 ACCELEROMETER -1.2702179 1.8669281 9.714767

1505479516852 GYROSCOPE 0.19577026 0.9437866 2.0544434

1505479516853 MAGNETIC_FIELD -12.887573 -24.839783 -28.149414

1505479517060 GRAVITY -3.4900382 3.7106156 8.379818

1505479517063 LINEAR_ACCELERATION 2.985911 -0.50739145 1.0834646

1505479517065 ROTATION_VECTOR 0.20261694 -0.17802966 -0.9585855

1505479517070 ACCELEROMETER -0.6152191 3.0822906 9.501495

1505479517073 GYROSCOPE 0.061187744 0.928833 1.39328

1505479517075 MAGNETIC_FIELD -20.143127 -20.475769 -29.524231

1505479517263 GRAVITY -3.6734252 4.4673786 7.9195237

1505479517276 LINEAR_ACCELERATION 3.3909068 -0.99665594 0.92534685

1505479517281 ROTATION_VECTOR 0.26201767 -0.16602229 -0.90305924

1505479517284 ACCELEROMETER -0.18289185 3.4716797 8.656799

1505479517290 GYROSCOPE 0.008850098 0.7034607 1.0055542

1505479517292 MAGNETIC_FIELD -23.391724 -17.858887 -31.115723

1505479517461 ACCELEROMETER 0.18630981 2.9763184 10.659622

1505479517466 GYROSCOPE -0.20904541 0.32641602 0.7449341

1505479517468 MAGNETIC_FIELD -26.409912 -13.145447 -32.696533

1505479517470 GRAVITY -3.4480474 4.781876 7.836773

1505479517480 LINEAR_ACCELERATION 3.6668115 -1.7516036 3.0795054

1505479517482 ROTATION_VECTOR 0.28985476 -0.12814048 -0.81841916

1505479517665 GRAVITY -2.979338 4.968231 7.912687

1505479517671 LINEAR_ACCELERATION 3.702346 -1.4057136 0.13591719

1505479517680 ROTATION_VECTOR 0.3001808 -0.080353856 -0.68298924

1505479517682 ACCELEROMETER 0.71990967 3.344162 8.259933

1505479517686 GYROSCOPE -0.097961426 0.2345581 0.7310486

1505479517691 MAGNETIC_FIELD -26.45874 -9.751892 -35.55298

1505479517862 ACCELEROMETER 0.1607666 4.394043 9.101532

1505479517868 GYROSCOPE 0.27908325 0.44924927 0.7171631

1505479517870 MAGNETIC_FIELD -28.930664 -6.3049316 -36.631775

1505479517872 GRAVITY -2.613075 5.4404674 7.7293944

1505479517879 LINEAR_ACCELERATION 2.6648738 -0.86452484 1.7351489

1505479517881 ROTATION_VECTOR 0.3211816 -0.052468453 -0.54144734

1505479518066 ACCELEROMETER 0.20806885 3.9240723 10.17392

1505479518071 GYROSCOPE 0.3025818 0.23989868 0.95214844

1505479518073 MAGNETIC_FIELD -28.063965 -2.6306152 -37.81891

1505479518080 GRAVITY -2.055261 6.121472 7.3806415

1505479518082 LINEAR_ACCELERATION 2.1695557 -2.1913 2.6666265

1505479518084 ROTATION_VECTOR 0.3478361 -0.051981222 -0.4258417

1505479518267 ACCELEROMETER -0.09309387 4.186661 7.906082

1505479518273 GYROSCOPE 0.43502808 0.097839355 0.51101685

1505479518275 MAGNETIC_FIELD -30.88684 -0.4776001 -38.871765

1505479518281 GRAVITY -1.3070654 6.7998204 6.94438

1505479518283 LINEAR_ACCELERATION 1.2367142 -2.368331 1.1333108

1505479518286 ROTATION_VECTOR 0.37561995 -0.06960483 -0.33688647

1505479518464 GRAVITY -0.8776329 7.149496 6.654687

1505479518473 LINEAR_ACCELERATION 1.2897843 -2.6087074 2.12563

1505479518476 ROTATION_VECTOR 0.39023176 -0.09178547 -0.31685016

1505479518478 ACCELEROMETER 0.39671326 4.315811 8.406433

1505479518480 GYROSCOPE 0.15945435 -0.063446045 0.04852295

1505479518482 MAGNETIC_FIELD -30.53894 0.95977783 -39.32495

1505479518678 ACCELEROMETER 0.4326477 4.360214 9.574783

1505479518684 GRAVITY -0.8154287 7.146056 6.6662846

1505479518687 LINEAR_ACCELERATION 1.1266053 -2.6821089 2.9681315

1505479518689 ROTATION_VECTOR 0.38692123 -0.10201013 -0.33259717

1505479518691 GYROSCOPE 0.031280518 0.22174072 0.09765625

1505479518695 MAGNETIC_FIELD -28.860474 0.41503906 -39.019775

1505479518878 GRAVITY -0.8981409 7.1308193 6.6719675

1505479518884 LINEAR_ACCELERATION 1.731823 -2.322185 0.91953087

1505479518886 ROTATION_VECTOR 0.38879287 -0.093083054 -0.3231425

1505479518888 ACCELEROMETER 0.79859924 4.4739685 7.436157

1505479518890 GYROSCOPE 0.04623413 0.16833496 0.02609253

1505479518892 MAGNETIC_FIELD -28.335571 1.0543823 -40.33203

1505479519078 GRAVITY -0.8575387 7.195565 6.6074853

1505479519084 LINEAR_ACCELERATION 0.9355929 -1.9774079 2.6811514

1505479519087 ROTATION_VECTOR 0.3941895 -0.087901354 -0.3033706

1505479519089 ACCELEROMETER 0.18600464 4.9693604 8.772385

1505479519091 GYROSCOPE 0.19042969 0.205719 0.2973938

1505479519093 MAGNETIC_FIELD -27.714539 1.2969971 -40.67688

1505479519270 GRAVITY -0.5499916 7.329433 6.492096

1505479519271 LINEAR_ACCELERATION 0.94970715 -2.4175086 3.2507243

1505479519272 ROTATION_VECTOR 0.4004646 -0.09286197 -0.27179456

1505479519273 ACCELEROMETER 0.45262146 4.76474 9.642151

1505479519273 GYROSCOPE 0.1701355 0.10852051 0.32836914

1505479519274 MAGNETIC_FIELD -24.082947 1.2176514 -40.63568

1505479519483 ACCELEROMETER 0.09359741 4.3287354 8.048553

1505479519490 GRAVITY -0.13408346 7.4340377 6.3943324

1505479519492 LINEAR_ACCELERATION 0.3501299 -2.7335682 1.7863154

1505479519494 ROTATION_VECTOR 0.4040874 -0.103407644 -0.24116096

1505479519496 GYROSCOPE 0.13168335 0.069000244 0.3604126

1505479519500 MAGNETIC_FIELD -24.224854 1.4923096 -41.42456

1505479519685 ACCELEROMETER 0.70399475 4.8436127 8.638687

1505479519691 GRAVITY 0.12239876 7.390307 6.445058

1505479519694 LINEAR_ACCELERATION 0.670945 -2.2219648 2.5173936

1505479519696 ROTATION_VECTOR 0.39744693 -0.115885526 -0.2402976

1505479519698 GYROSCOPE -0.0146484375 -0.16384888 -0.14694214

1505479519702 MAGNETIC_FIELD -24.006653 2.1438599 -39.709473

1505479519885 GRAVITY -0.12547863 7.2230735 6.631881

1505479519891 LINEAR_ACCELERATION 0.9521544 -2.4454865 2.2328992

1505479519893 ROTATION_VECTOR 0.38702396 -0.10991189 -0.2653626

1505479519896 ACCELEROMETER 0.9913788 4.6467133 8.717575

1505479519898 GYROSCOPE -0.057373047 0.23883057 -0.18966675

1505479519900 MAGNETIC_FIELD -23.930359 2.5650024 -40.823364

1505479520085 GRAVITY -0.5266691 7.1095457 6.734045

1505479520091 LINEAR_ACCELERATION 1.3366777 -2.577643 1.165163

1505479520094 ROTATION_VECTOR 0.38420755 -0.095099 -0.28590104

1505479520096 ACCELEROMETER 0.75068665 4.1202545 7.7133636

1505479520098 GYROSCOPE 0.049438477 -0.027130127 -0.26229858

1505479520100 MAGNETIC_FIELD -23.70758 1.4633179 -41.253662

1505479520288 GRAVITY -0.8185063 7.1264796 6.686832

1505479520294 LINEAR_ACCELERATION 0.8831552 -1.5197916 2.523498

1505479520296 ROTATION_VECTOR 0.38919932 -0.08712256 -0.30111986

1505479520299 ACCELEROMETER 0.2250824 5.2083435 8.574936

1505479520301 GYROSCOPE 0.16159058 0.21105957 -0.047607422

1505479520303 MAGNETIC_FIELD -24.247742 0.6378174 -40.498352

1505479520489 GRAVITY -0.77825636 7.466389 6.3101296

1505479520495 LINEAR_ACCELERATION 0.4914506 -2.6024961 2.4248104

1505479520497 ROTATION_VECTOR 0.41238832 -0.090602405 -0.28525978

1505479520500 ACCELEROMETER -0.21508789 4.6961823 8.943893

1505479520502 GYROSCOPE 0.51834106 0.10745239 0.34439087

1505479520504 MAGNETIC_FIELD -21.113586 0.14038086 -41.163635

1505479520692 GRAVITY -0.49203226 7.8439584 5.865203

1505479520698 LINEAR_ACCELERATION 0.28294897 -3.3251238 1.7999387

1505479520701 ACCELEROMETER -0.30796814 4.0190735 7.19014

1505479520703 ROTATION_VECTOR 0.43523705 -0.107361905 -0.26799625

1505479520705 GYROSCOPE 0.2406311 0.016662598 0.114746094

1505479520709 MAGNETIC_FIELD -22.419739 -2.7664185 -41.542053

1505479520893 GRAVITY -0.14839262 7.9036446 5.803513

1505479520900 LINEAR_ACCELERATION 0.6612855 -2.251392 3.0796146

1505479520902 ROTATION_VECTOR 0.43133172 -0.13437305 -0.28129023

1505479520904 ACCELEROMETER 0.4335785 5.1059723 8.219376

1505479520906 GYROSCOPE 0.06652832 -0.38494873 0.010070801

1505479520910 MAGNETIC_FIELD -23.150635 -2.380371 -40.838623

1505479521095 GRAVITY -0.1573024 7.8183374 5.9177055

1505479521101 ACCELEROMETER -0.05203247 4.5900726 8.112747

1505479521103 LINEAR_ACCELERATION -0.09644553 -2.9238744 2.2175326

1505479521105 ROTATION_VECTOR 0.42291993 -0.13935462 -0.29726517

1505479521108 GYROSCOPE -0.011444092 0.37020874 -0.024108887

1505479521111 MAGNETIC_FIELD -22.10846 -0.62713623 -41.24298

1505479521287 GRAVITY -0.5196473 7.711775 6.035635

1505479521290 LINEAR_ACCELERATION 0.7744891 -2.883133 1.4056053

1505479521292 ROTATION_VECTOR 0.42284116 -0.11607598 -0.29564452

1505479521294 ACCELEROMETER 0.1844635 4.271103 7.033615

1505479521297 GYROSCOPE 3.0517578E-4 0.11065674 -0.12130737

1505479521299 MAGNETIC_FIELD -22.366333 -1.6052246 -41.226196

1505479521493 ACCELEROMETER 0.19499207 5.1264343 8.958954

1505479521499 GRAVITY -0.43338615 7.6102543 6.169813

1505479521502 LINEAR_ACCELERATION 0.53996766 -1.8930583 3.6839776

1505479521504 ROTATION_VECTOR 0.41596144 -0.11136943 -0.28261414

1505479521506 GYROSCOPE 0.04837036 0.09677124 0.35186768

1505479521508 MAGNETIC_FIELD -23.701477 -1.1734009 -41.4917

1505479521692 ACCELEROMETER -1.1930695 3.4698486 8.9192505

1505479521698 GYROSCOPE 0.38482666 0.05831909 0.6904602

1505479521718 MAGNETIC_FIELD -23.335266 -0.23956299 -42.092896

1505479521722 GRAVITY 0.20225331 7.7254076 6.0371814

1505479521723 LINEAR_ACCELERATION -1.344964 -3.850554 2.6531634

1505479521723 ROTATION_VECTOR 0.41871372 -0.12987776 -0.24371402

1505479521891 GRAVITY 0.97253144 7.7621865 5.9138

1505479521892 LINEAR_ACCELERATION -0.46240544 -3.279035 2.8136206

1505479521892 ROTATION_VECTOR 0.41875514 -0.15206659 -0.19859913

1505479521892 ACCELEROMETER 0.3779602 3.843338 7.992035

1505479521893 GYROSCOPE 0.030212402 0.034820557 0.3945923

1505479521893 MAGNETIC_FIELD -24.423218 0.3829956 -42.52472

1505479522092 LINEAR_ACCELERATION -0.028750539 -2.4693303 3.2309294

1505479522093 ROTATION_VECTOR 0.40697107 -0.15353113 -0.19383073

1505479522093 GRAVITY 1.1007379 7.6025763 6.0958676

1505479522094 ACCELEROMETER 0.9153595 4.5200043 8.589279

1505479522094 GYROSCOPE -0.017852783 0.044433594 -0.16723633

1505479522094 MAGNETIC_FIELD -25.540161 2.1347046 -42.28058

1505479522305 ACCELEROMETER 0.82081604 3.787674 10.757599

1505479522312 GRAVITY 1.0861475 7.374928 6.3718996

1505479522323 LINEAR_ACCELERATION -0.31181252 -3.1584396 4.519033

1505479522325 ROTATION_VECTOR 0.38978484 -0.15228696 -0.20372412

1505479522328 GYROSCOPE -0.022125244 -0.007904053 0.20446777

1505479522330 MAGNETIC_FIELD -24.850464 3.2333374 -43.00232

1505479522498 GRAVITY 0.9556708 7.1735044 6.6179996

1505479522500 LINEAR_ACCELERATION -0.16331404 -2.7300782 0.8439889

1505479522502 ACCELEROMETER 0.6638031 3.7814636 7.0130463

1505479522505 GYROSCOPE -0.15777588 0.10211182 -0.29541016

1505479522507 MAGNETIC_FIELD -25.99945 1.9210815 -43.710327

1505479522509 ROTATION_VECTOR 0.3760626 -0.14544022 -0.21448697

1505479522708 ACCELEROMETER 0.5560913 4.848755 9.277527

1505479522714 GRAVITY 0.7771247 7.0515366 6.7706943

1505479522716 LINEAR_ACCELERATION -0.14748383 -1.5407109 3.4863176

1505479522718 ROTATION_VECTOR 0.36946723 -0.13522077 -0.2194999

1505479522722 GYROSCOPE 0.18188477 0.12347412 0.2760315

1505479522724 MAGNETIC_FIELD -25.08545 3.6819458 -43.325806

1505479522905 GRAVITY 1.009909 7.1091056 6.679153

1505479522913 LINEAR_ACCELERATION -1.8758984 -3.434846 3.2116895

1505479522916 ROTATION_VECTOR 0.37515736 -0.13680248 -0.18982224

1505479522918 ACCELEROMETER -0.7863159 3.356842 9.9166565

1505479522920 GYROSCOPE 0.28015137 0.16726685 0.46722412

1505479522924 MAGNETIC_FIELD -24.142456 3.5125732 -44.703674

1505479523109 GRAVITY 1.2893513 7.1432977 6.594032

1505479523114 LINEAR_ACCELERATION -0.26133096 -2.6943345 2.017799

1505479523116 ROTATION_VECTOR 0.37953094 -0.14054969 -0.1601932

1505479523118 ACCELEROMETER 0.74082947 3.7407684 8.013443

1505479523120 GYROSCOPE 0.07080078 0.030548096 0.11795044

1505479523122 MAGNETIC_FIELD -24.723816 4.702759 -44.854736

1505479523311 GRAVITY 1.287303 7.04994 6.694146

1505479523317 LINEAR_ACCELERATION -0.45106256 -2.3300452 3.108523

1505479523320 ROTATION_VECTOR 0.37057054 -0.14618836 -0.17785762

1505479523322 ACCELEROMETER 0.68766785 4.1460114 8.820053

1505479523324 GYROSCOPE -0.008239746 -0.18414307 -0.2217102

1505479523328 MAGNETIC_FIELD -26.965332 4.4036865 -44.892883

1505479523513 GRAVITY 1.4508854 7.049322 6.661259

1505479523519 ACCELEROMETER 1.0389404 3.8618774 9.777618

1505479523521 LINEAR_ACCELERATION -0.35441828 -2.6779556 3.3037038

1505479523523 ROTATION_VECTOR 0.36322922 -0.16862635 -0.21037054

1505479523526 GYROSCOPE 0.22033691 -0.27386475 0.060272217

1505479523530 MAGNETIC_FIELD -27.511597 5.783081 -45.0119

1505479523714 GRAVITY 1.4078379 7.111443 6.604223

1505479523720 LINEAR_ACCELERATION -0.63774216 -2.6403956 1.2232499

1505479523722 ROTATION_VECTOR 0.3605807 -0.18237297 -0.24646798

1505479523725 ACCELEROMETER 0.6713562 3.8271637 7.3157654

1505479523727 GYROSCOPE -0.03387451 -0.012176514 -0.3466797

1505479523730 MAGNETIC_FIELD -28.208923 1.6998291 -44.895935

1505479523916 GRAVITY 1.2327083 7.040779 6.7140336

1505479523922 LINEAR_ACCELERATION -0.95921385 -1.8935795 3.1796737

1505479523924 ACCELEROMETER 0.22290039 4.4909515 8.957855

1505479523927 ROTATION_VECTOR 0.35466972 -0.17857474 -0.26518032

1505479523929 GYROSCOPE 0.11886597 0.1149292 0.28030396

1505479523932 MAGNETIC_FIELD -29.53949 2.0080566 -44.856262

1505479524115 GRAVITY 1.4418322 7.1647115 6.538992

1505479524118 LINEAR_ACCELERATION -1.5432241 -3.0857072 3.936767

1505479524121 ROTATION_VECTOR 0.3642992 -0.18409316 -0.24290058

1505479524123 ACCELEROMETER -0.119125366 3.7050781 10.293182

1505479524125 GYROSCOPE 0.47988892 0.09036255 0.32730103

1505479524127 MAGNETIC_FIELD -28.860474 1.84021 -45.429993

1505479524320 ACCELEROMETER 0.47485352 3.3842468 8.65387

1505479524325 GRAVITY 1.697425 7.248449 6.3835044

1505479524328 LINEAR_ACCELERATION -0.9263586 -3.1859317 2.8484097

1505479524330 ROTATION_VECTOR 0.37013263 -0.19373615 -0.22669621

1505479524332 GYROSCOPE 0.0035095215 -0.04421997 0.13183594

1505479524336 MAGNETIC_FIELD -29.907227 1.4587402 -44.24591

1505479524520 GRAVITY 1.7662128 7.139323 6.486983

1505479524526 LINEAR_ACCELERATION -0.40367532 -1.8390021 2.9446225

1505479524528 ROTATION_VECTOR 0.35752055 -0.20355587 -0.24755305

1505479524530 ACCELEROMETER 1.007431 4.4710083 8.690994

1505479524532 GYROSCOPE -0.0061035156 -0.24075317 -0.24841309

1505479524536 MAGNETIC_FIELD -31.134033 1.5136719 -45.422363

1505479524722 GRAVITY 1.4650129 7.3268585 6.351478

1505479524728 LINEAR_ACCELERATION -0.7711805 -3.1550894 3.1755552

1505479524730 ACCELEROMETER 0.84432983 3.8573303 9.139557

1505479524733 ROTATION_VECTOR 0.36819613 -0.20148541 -0.2711422

1505479524738 GYROSCOPE 0.47348022 0.30718994 -0.056152344

1505479524741 MAGNETIC_FIELD -30.253601 2.810669 -45.310974

1505479524923 GRAVITY 1.0473 7.47199 6.2644167

1505479524929 LINEAR_ACCELERATION -0.09839922 -2.9561458 2.5099292

1505479524931 ROTATION_VECTOR 0.38126236 -0.18773025 -0.28327394

1505479524934 ACCELEROMETER 0.7234192 3.6717987 8.088181

1505479524936 GYROSCOPE -0.08621216 6.4086914E-4 -0.25054932

1505479524939 MAGNETIC_FIELD -30.628967 1.335144 -45.428467

1505479525124 GRAVITY 0.6589281 7.311075 6.5026445

1505479525130 LINEAR_ACCELERATION -0.35741764 -2.190692 2.971375

1505479525132 ROTATION_VECTOR 0.37339762 -0.17038673 -0.30256242

1505479525134 ACCELEROMETER 0.3828125 4.458786 8.783752

1505479525137 GYROSCOPE 0.001373291 0.17687988 -0.08605957

1505479525140 MAGNETIC_FIELD -29.745483 -1.3931274 -45.707703

1505479525326 GRAVITY 0.573377 7.387999 6.4233246

1505479525332 LINEAR_ACCELERATION -0.7868228 -2.9210796 3.135612

1505479525334 ACCELEROMETER -0.20936584 3.984558 9.157303

1505479525336 ROTATION_VECTOR 0.383487 -0.1594971 -0.28329575

1505479525338 GYROSCOPE 0.41152954 0.32107544 0.45440674

1505479525342 MAGNETIC_FIELD -30.046082 0.1449585 -45.57953

1505479525524 GRAVITY 0.89948654 7.512349 6.239064

1505479525534 LINEAR_ACCELERATION -0.22205359 -3.3296762 2.9302983

1505479525536 ROTATION_VECTOR 0.39490053 -0.16108951 -0.23964465

1505479525538 ACCELEROMETER 0.37911987 3.3551788 8.706879

1505479525540 GYROSCOPE 0.14343262 0.0519104 0.30166626

1505479525546 MAGNETIC_FIELD -27.522278 1.335144 -45.695496

1505479525730 GRAVITY 1.0592897 7.4800286 6.252796

1505479525735 LINEAR_ACCELERATION -0.37663794 -2.3826714 3.0275931

1505479525738 ROTATION_VECTOR 0.39050853 -0.16940837 -0.24016683

1505479525740 ACCELEROMETER 0.56755066 4.2808075 8.4574585

1505479525745 GYROSCOPE 0.053710938 -0.1585083 -0.14694214

1505479525748 MAGNETIC_FIELD -28.68805 0.7446289 -45.429993

1505479525930 GRAVITY 0.7865114 7.5067735 6.261002

1505479525936 ROTATION_VECTOR 0.39270684 -0.16296959 -0.25792384

1505479525939 ACCELEROMETER 0.631485 3.9015045 9.355759

1505479525941 GYROSCOPE 0.23742676 0.35098267 -0.044403076

1505479525943 MAGNETIC_FIELD -29.286194 -0.010681152 -45.254517

1505479525948 LINEAR_ACCELERATION -0.20693082 -3.132936 3.5626864

1505479526133 ACCELEROMETER 1.0445709 3.7710571 8.5971985

1505479526138 GRAVITY 0.4657124 7.452466 6.3572206

1505479526141 LINEAR_ACCELERATION 0.767619 -2.8161979 2.8247466

1505479526143 ROTATION_VECTOR 0.39439303 -0.14256965 -0.25477305

1505479526148 GYROSCOPE -0.093688965 0.1565857 -0.021972656

1505479526151 MAGNETIC_FIELD -29.02069 -0.5142212 -46.421814

1505479526324 GRAVITY 0.42993966 7.1482077 6.6999006

1505479526327 LINEAR_ACCELERATION -0.20123726 -2.2608538 2.6371756

1505479526329 ROTATION_VECTOR 0.3775322 -0.12597448 -0.23760384

1505479526332 ACCELEROMETER 0.31863403 4.1888885 8.534302

1505479526334 GYROSCOPE -0.13641357 0.25271606 0.34973145

1505479526336 MAGNETIC_FIELD -28.346252 2.0721436 -46.463013

1505479526534 ACCELEROMETER 0.6377106 4.3865356 8.6931

1505479526541 GRAVITY 0.5797532 7.046674 6.7954884

1505479526543 LINEAR_ACCELERATION 0.10695791 -2.1275535 2.3387299

1505479526545 ROTATION_VECTOR 0.378706 -0.1005399 -0.16236784

1505479526551 GYROSCOPE 0.32180786 0.7760925 0.809021

1505479526553 MAGNETIC_FIELD -26.37024 4.3182373 -46.94214

1505479526729 ACCELEROMETER -0.73295593 3.087677 9.449356

1505479526732 GYROSCOPE -0.122528076 0.4866333 0.586853

1505479526734 MAGNETIC_FIELD -23.287964 6.6986084 -48.62213

1505479526737 GRAVITY 0.62313956 6.8461366 6.9937477

1505479526739 LINEAR_ACCELERATION -1.397696 -3.1201649 3.388116

1505479526741 ROTATION_VECTOR 0.37362483 -0.06182733 -0.06770868

1505479526929 GRAVITY 0.7979339 6.729262 7.088774

1505479526932 LINEAR_ACCELERATION -0.8603366 -2.4151888 1.8644142

1505479526935 ROTATION_VECTOR 0.3702178 -0.038882885 0.012420068

1505479526937 ACCELEROMETER -0.23936462 3.5642548 8.460846

1505479526939 GYROSCOPE 0.30471802 0.33709717 0.5783081

1505479526941 MAGNETIC_FIELD -20.93811 8.407593 -49.523926

1505479527131 GRAVITY 1.3159745 6.867671 6.8755865

1505479527134 LINEAR_ACCELERATION -1.5132083 -3.3171754 3.5663652

1505479527137 ROTATION_VECTOR 0.38569534 -0.026110308 0.11198946

1505479527139 ACCELEROMETER -0.16384888 3.1136475 9.828674

1505479527141 GYROSCOPE 0.5194092 0.47808838 1.1401367

1505479527143 MAGNETIC_FIELD -16.165161 9.300232 -50.975037

1505479527333 GRAVITY 2.1044462 6.5213966 7.0152035

1505479527343 LINEAR_ACCELERATION -1.6431566 -2.5033793 2.0115008

1505479527356 ROTATION_VECTOR 0.3768863 -0.016759498 0.24497749

1505479527358 ACCELEROMETER 0.15707397 3.225296 8.361053

1505479527360 GYROSCOPE -0.08834839 0.60198975 1.26297

1505479527362 MAGNETIC_FIELD -14.820862 9.375 -50.083923

1505479527533 GRAVITY 2.857763 5.2734356 7.758508

1505479527538 LINEAR_ACCELERATION -3.0898683 -2.2153912 2.3524208

1505479527540 ROTATION_VECTOR 0.32295927 -0.011111723 0.42201385

1505479527542 ACCELEROMETER -0.5342865 2.604828 9.153061

1505479527544 GYROSCOPE -0.003967285 0.89785767 2.088623

1505479527546 MAGNETIC_FIELD -7.897949 11.294556 -49.24469

1505479527747 ACCELEROMETER -1.2854462 1.4825745 10.425186

1505479527751 GRAVITY 2.726186 3.6855137 8.669214

1505479527753 LINEAR_ACCELERATION -3.6898644 -1.8933623 2.8193736

1505479527755 ROTATION_VECTOR 0.24025786 0.016408129 0.6290116

1505479527759 GYROSCOPE 0.1348877 1.2375183 1.9433594

1505479527762 MAGNETIC_FIELD 0.23803711 8.2595825 -48.789978

1505479527944 GRAVITY 1.9986563 2.6774347 9.21993

1505479527951 LINEAR_ACCELERATION -1.5625244 0.1978147 0.2502241

1505479527953 ROTATION_VECTOR 0.16658446 0.046519157 0.77975315

1505479527956 ACCELEROMETER 0.08406067 2.3977966 8.876175

1505479527959 GYROSCOPE 0.06439209 0.70773315 1.6101074

1505479527962 MAGNETIC_FIELD 7.2998047 -0.13580322 -45.939636

1505479528144 GRAVITY 1.5065291 2.3156178 9.409499

1505479528147 LINEAR_ACCELERATION -1.2711653 1.4915879 0.4432764

1505479528150 ROTATION_VECTOR 0.12645644 0.06525213 0.8601494

1505479528152 ACCELEROMETER 0.19042969 3.5443878 8.903976

1505479528154 GYROSCOPE 0.108184814 0.3958435 0.96710205

1505479528156 MAGNETIC_FIELD 10.136414 -4.9804688 -42.912292

1505479528332 ACCELEROMETER 0.6437683 3.6202087 9.704437

1505479528333 GYROSCOPE -0.08621216 0.13735962 0.5441284

1505479528334 MAGNETIC_FIELD 9.310913 -6.652832 -43.330383

1505479528335 GRAVITY 1.2975111 2.157766 9.477917

1505479528335 LINEAR_ACCELERATION -0.4203843 1.6284444 1.2839146

1505479528336 ROTATION_VECTOR 0.1080835 0.07126511 0.8943801

1505479528545 ACCELEROMETER 1.1483002 3.368927 8.754593

1505479528555 GRAVITY 1.1929904 1.855581 9.555311

1505479528557 LINEAR_ACCELERATION -0.008584976 1.6218755 -0.2770729

1505479528566 ROTATION_VECTOR 0.09356075 0.063726656 0.9145714

1505479528587 GYROSCOPE -0.14709473 0.22921753 0.6477356

1505479528593 MAGNETIC_FIELD 10.78186 -8.413696 -44.354248

1505479528736 ACCELEROMETER 1.1330109 4.081314 7.7001343

1505479528736 GYROSCOPE 0.15090942 0.17474365 0.5441284

1505479528737 MAGNETIC_FIELD 10.629272 -7.092285 -45.9198

1505479528738 GRAVITY 1.0315429 1.8559799 9.574009

1505479528738 LINEAR_ACCELERATION 0.18274182 2.527579 -1.1341124

1505479528739 ROTATION_VECTOR 0.08348419 0.06994138 0.9281555

1505479528938 ACCELEROMETER -0.77804565 4.0935516 6.7904663

1505479528940 GYROSCOPE -0.5807495 -0.029266357 1.2309265

1505479528942 MAGNETIC_FIELD 13.723755 -7.727051 -44.773865

1505479528943 GRAVITY 1.0985126 1.4026606 9.643454

1505479528943 LINEAR_ACCELERATION -2.0331652 2.7731307 -2.0540667

1505479528943 ROTATION_VECTOR 0.07473258 0.052304327 0.9525939

1505479529151 GRAVITY 1.4429606 0.62623566 9.679673

1505479529157 LINEAR_ACCELERATION -3.8851113 -0.49280095 -1.2534027

1505479529160 ROTATION_VECTOR 0.07735542 0.022139147 0.9882544

1505479529164 ACCELEROMETER -2.6131744 0.5648041 7.090088

1505479529171 GYROSCOPE 0.22567749 -0.1510315 1.8803406

1505479529174 MAGNETIC_FIELD 7.9803467 -13.397217 -45.433044

1505479529340 ACCELEROMETER 1.9413757 -0.42123413 9.252518

1505479529345 GYROSCOPE 0.22140503 1.8580933 1.4424133

1505479529346 MAGNETIC_FIELD -7.3669434 -17.564392 -41.540527

1505479529346 GRAVITY 0.056959216 0.49185646 9.794142

1505479529346 LINEAR_ACCELERATION 2.7599614 -0.99220777 0.96121216

1505479529347 ROTATION_VECTOR -0.0018609329 -0.02518469 -0.99881893

1505479529542 ACCELEROMETER 2.736145 2.3111267 8.045914

1505479529543 GYROSCOPE 1.6943359 1.7192383 2.8512573

1505479529544 MAGNETIC_FIELD -5.8166504 -22.164917 -36.12976

1505479529544 GRAVITY -2.8757238 2.3444743 9.077667

1505479529544 LINEAR_ACCELERATION 4.51969 0.569216 0.071593285

1505479529551 ROTATION_VECTOR 0.17646071 -0.07764927 -0.9458368

1505479529756 GRAVITY -2.616473 4.730504 8.182101

1505479529762 LINEAR_ACCELERATION 4.4933853 -5.797864 11.362452

1505479529765 ACCELEROMETER 2.544098 -0.39027405 17.77446

1505479529769 ROTATION_VECTOR 0.23050603 -0.17232497 -0.87304056

1505479529775 GYROSCOPE 0.49804688 -0.13394165 1.2533569

1505479529779 MAGNETIC_FIELD -17.129517 -23.898315 -31.49414

1505479529946 ACCELEROMETER 2.1821442 -3.0276642 5.2791443

1505479529948 GYROSCOPE 0.5963135 6.8771667 -9.717255

1505479529949 MAGNETIC_FIELD -10.649109 -25.692749 -30.549622

1505479529950 GRAVITY -9.1780815 1.8172622 2.9378152

1505479529950 LINEAR_ACCELERATION 8.075592 -5.675301 -2.5815494

1505479529951 ROTATION_VECTOR 0.58525413 -0.08769687 -0.80521345

1505479530147 ACCELEROMETER 1.7735901 -7.5654755 7.6612244

1505479530150 GYROSCOPE -3.3685303 4.1481323 1.401825

1505479530150 MAGNETIC_FIELD 10.418701 -10.821533 -36.561584

1505479530151 GRAVITY -4.2429647 -6.9005356 -5.527227

1505479530152 LINEAR_ACCELERATION 9.38911 -2.2349267 17.583138

1505479530152 ROTATION_VECTOR -0.87818587 -0.10295487 0.28933033

1505479530349 ACCELEROMETER -0.39231873 -5.3589478 11.89241

1505479530351 GYROSCOPE -0.35217285 0.1854248 -0.41183472

1505479530352 MAGNETIC_FIELD 5.6777954 -2.5634766 -44.032288

1505479530353 GRAVITY -1.4842194 -4.424975 -8.624794

1505479530354 LINEAR_ACCELERATION -1.0694097 -0.35891557 16.652351

1505479530354 ROTATION_VECTOR -0.96934193 -0.010879652 0.08066966

1505479530565 GRAVITY -1.189043 -4.4173937 -8.674284

1505479530571 LINEAR_ACCELERATION -0.3463471 0.45981717 15.862143

1505479530574 ACCELEROMETER -1.0214844 -2.4661865 10.329468

1505479530579 ROTATION_VECTOR -0.9665082 -0.0901512 0.08373241

1505479530582 GYROSCOPE -0.2784729 -0.08908081 -0.39260864

1505479530585 MAGNETIC_FIELD 8.439636 1.2756348 -44.540405

1505479530764 GRAVITY -0.8202969 -4.787097 -8.519461

1505479530767 LINEAR_ACCELERATION 0.49626353 1.6059842 14.572653

1505479530770 ROTATION_VECTOR -0.95854825 -0.1247272 0.07548657

1505479530774 ACCELEROMETER -0.1268158 -1.2161713 9.723267

1505479530776 GYROSCOPE 0.17868042 0.381958 0.02609253

1505479530781 MAGNETIC_FIELD 6.869507 0.8178711 -43.380737

1505479530964 ACCELEROMETER -1.9270935 -0.9893341 9.28685

1505479530970 GYROSCOPE -1.3134766 1.4276428 0.5708313

1505479530972 MAGNETIC_FIELD 19.32373 -1.1398315 -37.571716

1505479530976 GRAVITY 0.36034328 -4.1101923 -8.896452

1505479530979 LINEAR_ACCELERATION -2.4667735 1.1941383 13.248493

1505479530984 ROTATION_VECTOR -0.9689073 -0.12170259 0.008077902

1505479531167 GRAVITY 1.8898991 -2.7589495 -9.218832

1505479531172 LINEAR_ACCELERATION -5.336998 -0.14117372 10.991979

1505479531175 ROTATION_VECTOR -0.9763464 -0.12952766 -0.07820227

1505479531178 ACCELEROMETER -4.216324 -1.1572418 7.0061493

1505479531184 GYROSCOPE -0.54229736 0.86047363 0.16708374

1505479531186 MAGNETIC_FIELD 25.184631 -0.3265381 -33.509827

1505479531363 GRAVITY 2.2096744 -2.919074 -9.097623

1505479531366 LINEAR_ACCELERATION -6.5436397 -1.7081178 10.483309

1505479531368 ROTATION_VECTOR -0.96830475 -0.16197386 -0.08817184

1505479531371 ACCELEROMETER -5.5835876 -2.6042633 7.022049

1505479531373 GYROSCOPE 0.043029785 0.05404663 -0.028381348

1505479531376 MAGNETIC_FIELD 28.839111 1.6983032 -31.262207

1505479531571 GRAVITY 1.8511454 -4.1669803 -8.682161

1505479531576 LINEAR_ACCELERATION -6.5562224 -1.6564958 11.348408

1505479531579 ACCELEROMETER -5.9511566 -2.9809723 8.252914

1505479531582 ROTATION_VECTOR -0.95161945 -0.19258091 -0.05187489

1505479531587 GYROSCOPE 0.4008484 0.17901611 -0.16616821

1505479531591 MAGNETIC_FIELD 29.2099 2.34375 -31.471252

