1492571940656 ACCELEROMETER 0.3939972 2.496399 8.135864

1492571940675 MAGNETIC_FIELD -23.487854 -10.527039 -44.952393

1492571940746 GYROSCOPE -0.2617798 0.12185669 0.6789398

1492571940755 GRAVITY 0.8553417 3.1273918 9.255172

1492571940756 LINEAR_ACCELERATION 0.07060522 -0.13787508 -0.05465126

1492571940758 ROTATION_VECTOR 0.10384517 -0.13165776 -0.5855572

1492571940851 ACCELEROMETER -0.1459961 2.248993 8.965317

1492571940871 MAGNETIC_FIELD -22.988892 -1.5823364 -45.092773

1492571940942 GYROSCOPE -0.18089294 -0.3347168 1.1509247

1492571940955 GRAVITY 0.22001915 2.1153018 9.573269

1492571940956 LINEAR_ACCELERATION -1.2477632 -0.47049844 -0.6747942

1492571940958 ROTATION_VECTOR 0.08273985 -0.07108622 -0.5663028

1492571941072 MAGNETIC_FIELD -26.521301 2.3040771 -46.25244

1492571941138 ACCELEROMETER 0.8828888 3.3053741 12.882538

1492571941139 GYROSCOPE -0.32043457 -0.0046691895 0.5763092

1492571941155 GRAVITY 1.0144098 2.1627681 9.511246

1492571941156 LINEAR_ACCELERATION 0.16490245 1.8265464 5.061391

1492571941158 ROTATION_VECTOR 0.07619274 -0.09620865 -0.44273645

1492571941269 ACCELEROMETER 0.70240784 1.8110046 7.375717

1492571941269 MAGNETIC_FIELD -26.14746 8.229065 -44.596863

1492571941334 GYROSCOPE -0.10191345 0.07585144 0.5449219

1492571941355 GRAVITY 1.0396391 1.1160195 9.687313

1492571941356 LINEAR_ACCELERATION -0.6372714 0.6832094 -2.7571793

1492571941358 ROTATION_VECTOR 0.032822087 -0.07076156 -0.3758113

1492571941464 ACCELEROMETER 1.6084747 3.2898865 10.199905

1492571941465 MAGNETIC_FIELD -20.558167 1.1230469 -46.076965

1492571941529 GYROSCOPE 1.5475311 0.60705566 0.5189209

1492571941555 GRAVITY 0.8953753 2.5394065 9.429746

1492571941556 LINEAR_ACCELERATION -0.39904857 -1.0761955 -0.18017292

1492571941558 ROTATION_VECTOR 0.10939339 -0.08514613 -0.3137997

1492571941661 ACCELEROMETER 1.0883942 5.2888336 7.0464325

1492571941661 MAGNETIC_FIELD -17.514038 -0.40130615 -48.32611

1492571941725 GYROSCOPE -0.52586365 0.26571655 0.5803833

1492571941755 GRAVITY 0.3674791 4.438487 8.737

1492571941756 LINEAR_ACCELERATION -0.2643295 1.1673851 -1.8109398

1492571941758 ROTATION_VECTOR 0.2207756 -0.07612545 -0.24003318

1492571941856 ACCELEROMETER 1.0550537 3.813919 6.8011017

1492571941857 MAGNETIC_FIELD -21.627808 3.1570435 -47.695923

1492571941921 GYROSCOPE 0.7538605 -0.2919159 0.4033966

1492571941955 GRAVITY 1.1272683 3.3420444 9.150432

1492571941956 LINEAR_ACCELERATION -0.40020502 -0.6402099 -7.36516

1492571941958 ROTATION_VECTOR 0.16078916 -0.087204896 -0.16791672

1492571942052 ACCELEROMETER -0.13272095 5.747925 10.245209

1492571942053 MAGNETIC_FIELD -18.380737 -5.567932 -47.709656

1492571942118 GYROSCOPE -0.17533875 0.08622742 0.23788452

1492571942155 GRAVITY 0.9140542 5.5039988 8.064793

1492571942156 LINEAR_ACCELERATION 0.22660136 1.6865425 6.0467215

1492571942158 ROTATION_VECTOR 0.2803222 -0.1011408 -0.17248783

1492571942248 ACCELEROMETER 3.6404266 -0.6284332 4.920212

1492571942248 MAGNETIC_FIELD -26.42517 9.335327 -44.284058

1492571942313 GYROSCOPE -1.0545197 -1.0599823 0.57748413

1492571942355 GRAVITY 2.2709384 3.2877555 8.955663

1492571942356 LINEAR_ACCELERATION 0.24647665 -5.0288434 -5.1084547

1492571942358 ROTATION_VECTOR 0.15255833 -0.14182472 -0.14081807

1492571942443 ACCELEROMETER 7.99469 4.33815 14.065414

1492571942444 MAGNETIC_FIELD -27.80304 8.863831 -44.425964

1492571942509 GYROSCOPE -0.42956543 0.355011 -1.4546356

1492571942555 GRAVITY 3.9483888 1.814744 8.791321

1492571942556 LINEAR_ACCELERATION 8.261324 1.7070433 4.9108915

1492571942558 ROTATION_VECTOR 0.06065084 -0.21929176 -0.15609248

1492571942639 ACCELEROMETER -0.4325409 4.1027527 3.4342957

1492571942640 MAGNETIC_FIELD -25.242615 1.0940552 -44.94934

1492571942704 GYROSCOPE 0.53811646 0.5988159 -0.75723267

1492571942755 GRAVITY 2.5768232 2.649171 9.083626

1492571942756 LINEAR_ACCELERATION -1.5763841 2.9674163 -5.4388313

1492571942758 ROTATION_VECTOR 0.0939704 -0.16743219 -0.278568

1492571942835 ACCELEROMETER 0.27104187 5.2181396 11.687622

1492571942836 MAGNETIC_FIELD -18.553162 -20.800781 -42.72461

1492571942900 GYROSCOPE 1.8362122 0.58102417 0.072006226

1492571942955 GRAVITY 1.0977246 4.9940276 8.368098

1492571942956 LINEAR_ACCELERATION -0.87563896 0.1235795 7.404173

1492571942958 ROTATION_VECTOR 0.23007211 -0.14287245 -0.3204287

1492571943102 ACCELEROMETER 2.6377716 1.1039276 2.3905945

1492571943103 MAGNETIC_FIELD -23.114014 -7.2387695 -45.50934

1492571943156 GRAVITY 0.9440498 6.381805 7.385914

1492571943157 LINEAR_ACCELERATION 0.15845793 -3.040441 -9.232918

1492571943158 ROTATION_VECTOR 0.31567448 -0.15418437 -0.2833692

1492571943164 GYROSCOPE -1.734436 -0.41027832 1.1205902

1492571943298 ACCELEROMETER 7.3512115 3.8433075 13.31662

1492571943299 MAGNETIC_FIELD -30.285645 2.89917 -42.62848

1492571943367 GRAVITY 2.980249 3.4109674 8.69792

1492571943376 LINEAR_ACCELERATION 2.815138 -2.3117387 -1.4244242

1492571943378 ROTATION_VECTOR 0.14043365 -0.19185388 -0.2127479

1492571943381 GYROSCOPE -0.7775879 -0.65263367 -0.81700134

1492571943499 ACCELEROMETER 1.0687408 5.222702 6.5147552

1492571943508 MAGNETIC_FIELD -30.003357 -1.826477 -44.2276

1492571943567 GRAVITY 2.096641 3.8621397 8.76689

1492571943575 LINEAR_ACCELERATION -3.0747895 -0.004038334 -5.6229553

1492571943578 ROTATION_VECTOR 0.13968033 -0.18303668 -0.39822042

1492571943581 GYROSCOPE 0.02772522 0.27375793 -1.0031738

1492571943665 ACCELEROMETER 0.04711914 4.937607 10.643051

1492571943693 MAGNETIC_FIELD -23.55194 -16.882324 -41.996765

1492571943759 GYROSCOPE 1.4972076 0.696167 -0.15071106

1492571943893 ACCELEROMETER 1.1493378 2.3847198 4.1680145

1492571943899 MAGNETIC_FIELD -20.907593 -15.940857 -42.988586

1492571943956 GYROSCOPE -1.0623779 0.10775757 0.6330719

1492571943968 GRAVITY 0.8674241 5.763426 7.8867536

1492571943991 LINEAR_ACCELERATION -0.7717108 -2.902769 -3.8903842

1492571943992 ROTATION_VECTOR 0.26545268 -0.16559696 -0.37717962

1492571944081 ACCELEROMETER 4.252716 1.3686066 8.38031

1492571944082 MAGNETIC_FIELD -25.143433 -2.659607 -45.147705

1492571944146 GYROSCOPE -1.1429596 -0.5251312 -0.67910767

1492571944160 GRAVITY 1.6746738 3.3352077 9.068751

1492571944165 LINEAR_ACCELERATION 0.912521 -3.8240278 -5.120903

1492571944168 ROTATION_VECTOR 0.13106403 -0.14298463 -0.34881994

1492571944274 ACCELEROMETER 4.75148 6.0771637 11.861725

1492571944277 MAGNETIC_FIELD -27.088928 -4.736328 -43.89801

1492571944341 GYROSCOPE 0.005065918 -0.15510559 -1.0602417

1492571944359 GRAVITY 2.2357247 2.373443 9.248713

1492571944363 LINEAR_ACCELERATION 0.6068537 4.2975526 4.9804487

1492571944365 ROTATION_VECTOR 0.05865544 -0.15813419 -0.43765685

1492571944472 ACCELEROMETER -0.6451111 2.861557 6.9645386

1492571944476 MAGNETIC_FIELD -21.855164 -16.447449 -43.15338

1492571944544 GYROSCOPE 1.2250214 0.1628418 -1.0391235

1492571944561 GRAVITY 1.8786194 3.3200197 9.034304

1492571944563 LINEAR_ACCELERATION -3.7515297 -1.5806737 -4.9309053

1492571944574 ROTATION_VECTOR 0.09010916 -0.17680228 -0.5408276

1492571944664 ACCELEROMETER 0.79870605 5.9378204 10.228973

1492571944666 MAGNETIC_FIELD -16.384888 -24.987793 -38.72986

1492571944734 GYROSCOPE -0.08131409 0.6030731 -0.033111572

1492571944759 GRAVITY 0.53027785 5.872645 7.835894

1492571944763 LINEAR_ACCELERATION 0.9244989 0.95376587 10.300722

1492571944765 ROTATION_VECTOR 0.2273684 -0.22087148 -0.5969949

1492571944870 ACCELEROMETER 2.5407104 1.2463837 3.348404

1492571944876 MAGNETIC_FIELD -21.411133 -19.540405 -43.003845

1492571944927 GYROSCOPE -0.33648682 -1.1235657 -0.33491516

1492571944957 GRAVITY 0.29798722 4.79792 8.5476055

1492571944962 LINEAR_ACCELERATION 2.0847602 -3.9493303 -6.8859043

1492571944964 ROTATION_VECTOR 0.19173956 -0.16561814 -0.5857508

1492571945063 ACCELEROMETER 3.5772552 8.577347 12.707779

1492571945063 MAGNETIC_FIELD -22.961426 -22.305298 -37.43286

1492571945123 GYROSCOPE -0.31661987 -0.49691772 -1.5699615

1492571945162 GRAVITY 1.8727753 4.716613 8.391463

1492571945163 LINEAR_ACCELERATION 3.9752307 5.0281553 7.8226614

1492571945163 ROTATION_VECTOR 0.114700414 -0.24289554 -0.65774804

1492571945258 ACCELEROMETER -0.2879486 2.3147736 2.8977966

1492571945259 MAGNETIC_FIELD -16.296387 -24.201965 -39.26239

1492571945324 GYROSCOPE -0.16722107 -0.56077576 -1.1685333

1492571945362 GRAVITY 0.97328526 4.3944716 8.712733

1492571945362 LINEAR_ACCELERATION -0.21645766 0.085743904 -3.9434137

1492571945363 ROTATION_VECTOR 0.098608255 -0.21459414 -0.7743312

1492571945514 ACCELEROMETER 0.120513916 5.936142 13.182571

1492571945514 MAGNETIC_FIELD -18.087769 -30.989075 -32.687378

1492571945557 GRAVITY 1.2446153 4.802406 8.459209

1492571945561 LINEAR_ACCELERATION -2.3999424 -0.9339018 4.3080606

1492571945563 ROTATION_VECTOR 0.07501526 -0.25114354 -0.82580835

1492571945579 GYROSCOPE 0.06587219 -0.29429626 -0.30392456

1492571945709 ACCELEROMETER 0.64494324 2.1945648 7.1601257

1492571945744 MAGNETIC_FIELD -17.588806 -22.167969 -40.933228

1492571945756 GRAVITY 1.0891956 4.2163386 8.786724

1492571945757 LINEAR_ACCELERATION -0.91457725 0.2846117 0.7590847

1492571945758 ROTATION_VECTOR 0.056271117 -0.2209871 -0.85346043

1492571945773 GYROSCOPE -0.79389954 -0.2303009 -0.116104126

1492571945904 ACCELEROMETER 2.8937073 3.8699036 11.468903

1492571945905 MAGNETIC_FIELD -17.778015 -26.823425 -38.18817

1492571945960 GRAVITY 1.3589077 3.1478946 9.187737

1492571945962 LINEAR_ACCELERATION 2.3752918 -0.02304244 -7.33805

1492571945963 ROTATION_VECTOR 0.01487492 -0.17701556 -0.86767095

1492571945974 GYROSCOPE 0.31744385 -0.27282715 -0.6577606

1492571946104 ACCELEROMETER 1.6370392 4.607071 7.8040924

1492571946107 MAGNETIC_FIELD -9.184265 -26.67389 -40.605164

1492571946169 GRAVITY 1.452088 3.8962414 8.881505

1492571946175 LINEAR_ACCELERATION -0.32372737 0.24899197 5.8964214

1492571946178 ROTATION_VECTOR 0.011154967 -0.21689823 -0.8959565

1492571946181 GYROSCOPE -0.29878235 0.5114136 -0.7087555

1492571946307 ACCELEROMETER -0.46099854 2.4384918 8.587555

1492571946316 MAGNETIC_FIELD -6.126404 -30.906677 -37.557983

1492571946367 GRAVITY 0.061632253 3.56061 9.137212

1492571946376 LINEAR_ACCELERATION 0.26207978 -0.9934194 -5.358185

1492571946379 ROTATION_VECTOR 0.057681356 -0.17551269 -0.92820716

1492571946381 GYROSCOPE 1.1314087 0.10185242 -0.29042053

1492571946506 ACCELEROMETER 0.2749939 5.4157257 10.903534

1492571946512 MAGNETIC_FIELD -0.41656494 -36.413574 -32.07245

1492571946569 GRAVITY -0.31805953 5.424876 8.163329

1492571946575 LINEAR_ACCELERATION 0.9708382 2.2140713 6.833561

1492571946577 ROTATION_VECTOR 0.08318845 -0.26118731 -0.9548115

1492571946580 GYROSCOPE -0.010406494 -0.41029358 -1.2802124

1492571946699 ACCELEROMETER 1.7116241 0.44726563 5.030319

1492571946708 MAGNETIC_FIELD 4.722595 -33.78601 -32.989502

1492571946768 GRAVITY 0.093264736 4.7958903 8.553428

1492571946774 LINEAR_ACCELERATION 1.979825 -4.47532 -1.3457346

1492571946776 ROTATION_VECTOR 0.05210792 0.24734859 0.950443

1492571946779 GYROSCOPE 0.16389465 -1.9620514 -2.5182953

1492571946895 ACCELEROMETER 1.01091 5.880783 16.59201

1492571946901 MAGNETIC_FIELD 14.128113 -29.57306 -33.865356

1492571946958 GYROSCOPE 0.22921753 -1.4335785 -2.50737

1492571947093 ACCELEROMETER 0.41122437 3.5000458 2.975647

1492571947101 MAGNETIC_FIELD 15.92865 -22.496033 -40.179443

1492571947161 GYROSCOPE -0.42367554 -1.2166595 -1.4588013

1492571947167 GRAVITY 0.352938 4.676762 8.612416

1492571947169 LINEAR_ACCELERATION 2.2257464 2.8982315 -6.499731

1492571947172 ROTATION_VECTOR 0.14936973 0.19641195 0.81331676

1492571947286 ACCELEROMETER 0.87879944 5.0900116 11.571533

1492571947294 MAGNETIC_FIELD 13.745117 -21.96045 -40.98053

1492571947353 GYROSCOPE 0.49398804 -0.38656616 -1.2426605

1492571947362 GRAVITY 1.2489476 4.380227 8.684707

1492571947365 LINEAR_ACCELERATION 0.8797666 -1.8207331 -3.4901419

1492571947367 ROTATION_VECTOR 0.20438145 0.124223284 0.7125028

1492571947485 ACCELEROMETER -0.7010803 3.5854645 5.9546356

1492571947493 MAGNETIC_FIELD 14.254761 -16.590881 -43.09082

1492571947546 GYROSCOPE -1.0122223 -0.1618042 0.29777527

1492571947564 GRAVITY 0.35907128 5.0638146 8.390426

1492571947573 LINEAR_ACCELERATION -2.7700887 1.4719868 0.34935188

1492571947581 ROTATION_VECTOR 0.21407448 0.16241762 0.6350127

1492571947735 ACCELEROMETER 3.6534119 3.7694244 8.811157

1492571947739 MAGNETIC_FIELD 13.911438 -10.620117 -44.358826

1492571947759 GRAVITY 0.9055835 3.207564 9.222898

1492571947763 LINEAR_ACCELERATION 2.7192092 -1.2368331 -4.9685984

1492571947765 ROTATION_VECTOR 0.15513851 0.075466186 0.65533495

1492571947798 GYROSCOPE -0.11634827 -0.43862915 -1.1438293

1492571947934 ACCELEROMETER 1.775116 4.998886 9.738174

1492571947935 MAGNETIC_FIELD 10.179138 -12.582397 -46.298218

1492571947962 GRAVITY 0.82678986 3.5862148 9.089877

1492571947963 LINEAR_ACCELERATION 4.923732 1.1511674 10.404488

1492571947963 ROTATION_VECTOR 0.17818844 0.069239624 0.5519636

1492571948000 GYROSCOPE 0.42269897 -0.048812866 -0.44325256

1492571948129 ACCELEROMETER -1.6743164 3.7002106 6.218918

1492571948136 MAGNETIC_FIELD 10.398865 -12.918091 -46.391296

1492571948167 GRAVITY 1.030869 4.302476 8.751937

1492571948174 LINEAR_ACCELERATION -2.5611758 -1.1223965 -8.284211

1492571948177 ROTATION_VECTOR 0.22117892 0.069679976 0.5004231

1492571948198 GYROSCOPE 0.7747803 0.12045288 0.08900452

1492571948333 ACCELEROMETER 0.53862 7.4036255 11.206818

1492571948339 MAGNETIC_FIELD 13.401794 -24.08142 -39.81018

1492571948367 GRAVITY 0.70690274 5.84402 7.843348

1492571948374 LINEAR_ACCELERATION -1.0176368 4.7107043 5.739736

1492571948376 ROTATION_VECTOR 0.28593713 0.1354271 0.5060701

1492571948397 GYROSCOPE 0.3566742 0.6026764 0.31936646

1492571948528 ACCELEROMETER 2.2570343 1.7694397 2.8602142

1492571948535 MAGNETIC_FIELD 10.780334 -20.588684 -41.59851

1492571948567 GRAVITY 0.26175413 5.956125 7.786299

1492571948576 LINEAR_ACCELERATION -0.14518687 -3.0340753 -3.8238835

1492571948578 ROTATION_VECTOR 0.2633466 0.18346064 0.57497257

1492571948583 GYROSCOPE -0.44241333 -0.11735535 0.34921265

1492571948724 ACCELEROMETER 2.5410156 6.163986 11.861816

1492571948732 MAGNETIC_FIELD 11.56311 -16.519165 -44.596863

1492571948767 GRAVITY 1.0234329 5.3157516 8.177149

1492571948776 LINEAR_ACCELERATION 1.1477765 -2.9434924 -4.2146254

1492571948780 ROTATION_VECTOR 0.2560359 0.13238986 0.5926887

1492571948783 GYROSCOPE -0.43852234 -0.3499298 -0.32504272

1492571948917 ACCELEROMETER 1.2294922 5.8749084 4.3428497

1492571948926 MAGNETIC_FIELD 9.526062 -13.294983 -46.125793

1492571948967 GRAVITY 1.2847406 4.664391 8.53014

1492571948977 LINEAR_ACCELERATION 1.3102865 4.5822673 -1.9367895

1492571948980 ROTATION_VECTOR 0.24064054 0.08471154 0.5517295

1492571948983 GYROSCOPE -0.110580444 -0.029251099 -0.47912598

1492571949116 ACCELEROMETER -3.8456879 6.600815 13.412064

1492571949122 MAGNETIC_FIELD 18.127441 -26.434326 -36.63788

1492571949167 GRAVITY 0.9416214 4.6994095 8.555658

1492571949177 LINEAR_ACCELERATION -1.7811825 -0.67549753 -4.7603188

1492571949182 ROTATION_VECTOR 0.23845233 0.0832065 0.4920521

1492571949185 GYROSCOPE 1.6330414 1.3546906 0.31217957

1492571949309 ACCELEROMETER 0.050750732 1.1972198 1.9998474

1492571949319 MAGNETIC_FIELD 18.293762 -29.75769 -34.895325

1492571949369 GRAVITY -0.7719388 7.1135883 6.706069

1492571949379 LINEAR_ACCELERATION -0.8106723 -1.3641915 2.6963024

1492571949382 ROTATION_VECTOR 0.2867526 0.27542436 0.56050783

1492571949385 GYROSCOPE -1.2004089 0.4164734 1.2315826

1492571949508 ACCELEROMETER 4.136215 3.8890076 9.317764

1492571949514 MAGNETIC_FIELD 9.544373 -18.18695 -43.73474

1492571949567 GRAVITY 0.18332846 5.5651517 8.072537

1492571949576 LINEAR_ACCELERATION 3.532695 -6.6177673 -4.609325

1492571949578 GYROSCOPE -0.9163666 -0.74497986 0.0743103

1492571949581 ROTATION_VECTOR 0.20575283 0.06879814 0.6851

1492571949703 ACCELEROMETER 1.1474915 7.235733 7.7408752

1492571949709 MAGNETIC_FIELD 6.9229126 -14.753723 -46.71631

1492571949768 GYROSCOPE -0.31282043 -0.19520569 -0.4070282

1492571949774 GRAVITY 1.8263822 3.7306962 8.883503

1492571949777 LINEAR_ACCELERATION 2.4158916 3.3406827 10.883571

1492571949780 ROTATION_VECTOR 0.20613456 0.03826732 0.6218177

1492571949896 ACCELEROMETER -0.9876404 5.5139008 11.622009

1492571949905 MAGNETIC_FIELD 10.087585 -24.3927 -40.35034

1492571949965 GYROSCOPE 1.9431152 0.9649658 0.83496094

1492571949971 GRAVITY 1.9476491 3.5174446 8.944531

1492571949974 LINEAR_ACCELERATION -3.5114493 0.85128284 -5.2368402

1492571950163 ACCELEROMETER 1.1442413 3.5197144 5.991928

1492571950169 MAGNETIC_FIELD 13.230896 -33.372498 -32.94525

1492571950174 GRAVITY 0.90580225 6.590149 7.2055426

1492571950177 LINEAR_ACCELERATION -0.73587716 -0.15898943 3.8337526

1492571950179 ROTATION_VECTOR 0.26349708 0.25137392 0.7286388

1492571950225 GYROSCOPE -0.6641693 0.883728 0.8727875

1492571950355 ACCELEROMETER 2.619522 0.6931915 5.926941

1492571950366 MAGNETIC_FIELD 10.876465 -23.468018 -42.469788

1492571950368 GRAVITY 0.6871524 4.575075 8.646786

1492571950371 LINEAR_ACCELERATION 0.70762855 -5.3049116 -5.36014

1492571950374 ROTATION_VECTOR 0.15843025 0.18448985 0.82157904

1492571950418 GYROSCOPE -1.0133667 -0.50180054 0.48023987

1492571950548 ACCELEROMETER 4.0456696 6.976364 13.940781

1492571950560 MAGNETIC_FIELD 7.673645 -20.806885 -43.90869

1492571950565 GRAVITY 2.028994 3.131894 9.0688925

1492571950568 LINEAR_ACCELERATION 5.597578 4.4353485 10.69164

1492571950570 ROTATION_VECTOR 0.17683508 0.07965257 0.8244722

1492571950630 GYROSCOPE 0.18104553 -0.447937 -0.8516693

1492571950736 ACCELEROMETER -1.5488129 4.4471436 4.6497955

1492571950738 MAGNETIC_FIELD 11.312866 -24.813843 -38.905334

1492571950759 GRAVITY 2.3763301 4.0029283 8.631339

1492571950762 LINEAR_ACCELERATION -2.8062084 0.7009015 -5.480508

1492571950764 ROTATION_VECTOR 0.22970335 0.08462016 0.7526341

1492571950802 GYROSCOPE 1.2501984 0.51057434 -0.30670166

1492571950932 ACCELEROMETER -1.0221863 6.1403046 10.293564

1492571950935 MAGNETIC_FIELD 20.256042 -32.34558 -25.637817

1492571950960 GRAVITY 1.0830777 6.3032784 7.4341116

1492571950962 LINEAR_ACCELERATION -2.2040029 1.15839 5.619482

1492571950965 ROTATION_VECTOR 0.25715697 0.23417108 0.7395312

1492571951003 GYROSCOPE 0.3547058 1.3015747 0.59916687

1492571951134 ACCELEROMETER 2.3179169 1.223526 3.7240753

1492571951137 MAGNETIC_FIELD 12.854004 -32.357788 -30.937195

1492571951163 GRAVITY 0.15555598 6.403898 7.425381

1492571951167 LINEAR_ACCELERATION -0.16145593 -3.9927711 -4.0216517

1492571951170 ROTATION_VECTOR 0.17542341 0.3010607 0.8210959

1492571951197 GYROSCOPE -0.90859985 -0.19937134 1.1834564

1492571951320 ACCELEROMETER 3.9769287 5.1681976 11.818634

1492571951321 MAGNETIC_FIELD 8.856201 -33.37097 -31.532288

1492571951356 GRAVITY 1.9541826 4.754414 8.351473

1492571951358 LINEAR_ACCELERATION 1.8082087 -1.8841424 -2.523035

1492571951358 ROTATION_VECTOR 0.19576405 0.18939328 0.8816885

1492571951386 GYROSCOPE -0.16325378 -0.08354187 0.0713501

1492571951516 ACCELEROMETER 0.08522034 5.898285 6.5856476

1492571951516 MAGNETIC_FIELD 10.769653 -33.135986 -27.909851

1492571951559 GRAVITY 2.1732109 4.396254 8.492378

1492571951560 LINEAR_ACCELERATION 0.8306012 2.5130816 2.8152218

1492571951562 ROTATION_VECTOR 0.19704829 0.1678725 0.8873642

1492571951583 GYROSCOPE 0.36289978 0.12612915 0.17640686

1492571951714 ACCELEROMETER -2.7945557 5.0897827 9.635193

1492571951717 MAGNETIC_FIELD -1.9592285 -39.700317 -15.168762

1492571951756 GRAVITY 1.9713573 4.9647684 8.224063

1492571951757 LINEAR_ACCELERATION -6.652508 -2.0339627 -4.641536

1492571951759 ROTATION_VECTOR 0.1983094 0.20337863 0.88504857

1492571951777 GYROSCOPE 1.6811371 1.2112885 2.0790405

1492571951908 ACCELEROMETER 1.0625153 4.8170624 9.34964

1492571951909 MAGNETIC_FIELD -14.076233 -38.276672 -13.632202

1492571951957 GRAVITY 2.3422077 6.2919593 7.1481256

1492571951959 LINEAR_ACCELERATION -4.21227 2.133624 12.548196

1492571951960 ROTATION_VECTOR 0.14953099 0.33643353 0.92798036

1492571951976 GYROSCOPE -0.16595459 2.111435 1.4894104

1492571952107 ACCELEROMETER 2.087387 1.2713623 5.057724

1492571952112 MAGNETIC_FIELD -18.304443 -32.289124 -23.21167

1492571952162 GRAVITY 1.1223967 5.56581 7.995772

1492571952165 LINEAR_ACCELERATION 0.13988411 -3.5500093 -4.491181

1492571952168 ROTATION_VECTOR 0.003291084 -0.3038392 -0.9318227

1492571952172 GYROSCOPE -0.20526123 0.12561035 1.1207733

1492571952306 ACCELEROMETER 3.0310516 7.4555206 13.794006

1492571952311 MAGNETIC_FIELD -23.539734 -29.115295 -26.286316

1492571952364 GRAVITY 1.5118409 4.528986 8.565805

1492571952369 LINEAR_ACCELERATION -0.30050957 -2.8262658 3.1145973

1492571952373 ROTATION_VECTOR 0.0013973211 -0.25152245 -0.91633433

1492571952438 GYROSCOPE -0.10307312 0.7411041 0.64881897

1492571952567 GRAVITY 1.4889055 4.3302245 8.671949

1492571952572 LINEAR_ACCELERATION 2.4242363 3.8733435 -0.012915611

1492571952574 ROTATION_VECTOR 0.025215732 -0.23920245 -0.87975293

1492571952576 ACCELEROMETER -1.7756653 2.9261322 3.242096

1492571952579 MAGNETIC_FIELD -24.38507 -27.268982 -29.771423

1492571952635 GYROSCOPE 0.72254944 0.34579468 1.9441528

1492571952766 ACCELEROMETER -0.4958496 7.105057 14.202957

1492571952770 MAGNETIC_FIELD -29.348755 -25.66681 -30.58014

1492571952773 ROTATION_VECTOR 0.21476524 -0.2369862 -0.59956264

1492571952775 GRAVITY 1.8302405 4.5765834 8.4779415

1492571952777 LINEAR_ACCELERATION -4.123152 -2.8558755 -4.917001

1492571952836 GYROSCOPE 1.1594391 2.145279 1.7464905

1492571952955 ACCELEROMETER 0.8432007 1.4324493 5.319702

1492571952960 MAGNETIC_FIELD -22.587585 -13.320923 -40.856934

1492571952964 GRAVITY 0.884541 5.877125 7.800473

1492571952966 LINEAR_ACCELERATION -0.46062756 2.859581 10.303173

1492571953021 GYROSCOPE -1.282547 0.8604431 1.0397949

1492571953156 ACCELEROMETER 2.707672 3.2984009 8.533035

1492571953164 MAGNETIC_FIELD -28.500366 -7.1380615 -42.5766

1492571953166 GRAVITY -0.043015547 3.4791133 9.168659

1492571953169 LINEAR_ACCELERATION 3.2387793 -2.0783935 -7.0110064

1492571953171 ROTATION_VECTOR 0.16029786 -0.08266252 -0.46158567

1492571953224 GYROSCOPE -0.20811462 -0.67341614 0.6164093

1492571953347 ACCELEROMETER 2.381546 5.4602814 8.397263

1492571953352 MAGNETIC_FIELD -28.652954 -6.7001343 -42.956543

1492571953362 GRAVITY 1.5554218 3.1860287 9.143318

1492571953367 LINEAR_ACCELERATION 2.73865 1.2291653 10.531271

1492571953369 ROTATION_VECTOR 0.11396665 -0.14433333 -0.4260069

1492571953418 GYROSCOPE -0.07524109 0.52874756 0.13973999

1492571953548 ACCELEROMETER -1.2338562 4.525955 7.1179657

1492571953554 MAGNETIC_FIELD -27.502441 -6.4849854 -44.078064

1492571953558 GRAVITY 0.77060664 3.117461 9.265959

1492571953562 LINEAR_ACCELERATION -2.044724 0.45792842 -7.852994

1492571953564 ROTATION_VECTOR 0.13090867 -0.102129884 -0.4022753

1492571953613 GYROSCOPE 0.92245483 0.2081604 0.8838501

1492571953738 ACCELEROMETER 1.6912231 4.9535217 11.948929

1492571953743 MAGNETIC_FIELD -21.557617 -12.132263 -44.947815

1492571953760 GRAVITY 0.9121211 4.620176 8.601884

1492571953766 LINEAR_ACCELERATION 0.6821344 5.8596478 11.110267

1492571953769 ROTATION_VECTOR 0.2131032 -0.1265426 -0.32394078

1492571953803 GYROSCOPE 0.024108887 1.272995 0.26159668

1492571953934 ACCELEROMETER 2.0159302 0.44059753 5.014145

1492571953939 MAGNETIC_FIELD -15.722656 -7.221985 -48.87848

1492571953962 GRAVITY -0.81278247 4.7113504 8.562298

1492571953970 LINEAR_ACCELERATION 1.8983686 -2.6575332 -4.723524

1492571953974 ROTATION_VECTOR 0.2501401 -0.029567504 -0.27533394

1492571954005 GYROSCOPE 0.07092285 -0.11099243 0.21476746

1492571954137 ACCELEROMETER 1.1224976 5.790924 11.606216

1492571954143 MAGNETIC_FIELD -20.469666 -6.1172485 -48.553467

1492571954165 GRAVITY -0.6288099 4.483935 8.698811

1492571954169 LINEAR_ACCELERATION 1.3521491 -3.9554033 -0.34322357

1492571954172 ROTATION_VECTOR 0.23599337 -0.028128456 -0.24779873

1492571954203 GYROSCOPE -0.8824005 -0.3511505 -0.7062683

1492571954333 ACCELEROMETER -1.1240234 3.615219 3.662735

1492571954337 MAGNETIC_FIELD -22.532654 0.89416504 -47.938538

1492571954365 GRAVITY -0.1605098 3.3275492 9.223451

1492571954369 LINEAR_ACCELERATION 3.164935 4.349964 -2.9329376

1492571954372 ROTATION_VECTOR 0.16526046 -0.049232922 -0.32639065

1492571954396 GYROSCOPE -0.55970764 -0.3501587 -0.47418213

1492571954527 ACCELEROMETER -0.55610657 5.594574 18.02008

1492571954533 MAGNETIC_FIELD -21.401978 -11.891174 -44.966125

1492571954565 GRAVITY -0.0076540685 1.9589735 9.608994

1492571954569 LINEAR_ACCELERATION -2.4246862 1.6208299 -5.9337473

1492571954572 ROTATION_VECTOR 0.092307754 -0.039458524 -0.39464718

1492571954594 GYROSCOPE 2.0526123 0.6217346 0.47364807

1492571954763 GRAVITY -0.45253506 5.1878986 8.309711

1492571954770 LINEAR_ACCELERATION 2.9318237 -0.78761005 11.225538

1492571954774 ROTATION_VECTOR 0.2634789 -0.083075255 -0.36756313

1492571954782 ACCELEROMETER 1.8993225 1.4453125 3.129654

1492571954785 MAGNETIC_FIELD -20.857239 -12.600708 -44.625854

1492571954847 GYROSCOPE -0.45489502 -0.17875671 0.32055664

1492571954966 ROTATION_VECTOR 0.24535505 -0.09285209 -0.337129

1492571954970 GRAVITY 0.02427685 4.965025 8.456851

1492571954972 LINEAR_ACCELERATION 3.0530474 -4.818797 -5.782529

1492571954982 ACCELEROMETER 3.65979 3.3679047 8.716736

1492571954984 MAGNETIC_FIELD -26.07727 -10.55603 -42.967224

1492571955047 GYROSCOPE -0.2328186 -0.7797394 -0.4494934

1492571955166 GRAVITY 1.0782726 4.6252556 8.579903

1492571955170 LINEAR_ACCELERATION 5.2060256 2.949946 7.1957073

1492571955175 ROTATION_VECTOR 0.19827352 -0.15242812 -0.40042967

1492571955177 ACCELEROMETER 1.9833374 7.0101776 8.088486

1492571955193 MAGNETIC_FIELD -28.611755 -11.51886 -40.264893

1492571955243 GYROSCOPE -0.27963257 -0.22309875 -0.45005798

1492571955362 GRAVITY 1.4776282 4.3705454 8.653631

1492571955363 LINEAR_ACCELERATION -0.46465516 2.1483011 -4.904996

1492571955363 ROTATION_VECTOR 0.16807882 -0.1747487 -0.44699106

1492571955372 ACCELEROMETER -0.28892517 5.4870605 8.165863

1492571955373 MAGNETIC_FIELD -19.404602 -17.277527 -42.48047

1492571955436 GYROSCOPE 1.1846466 0.8962555 -0.19400024

1492571955562 GRAVITY -0.2345494 5.480934 8.128636

1492571955563 LINEAR_ACCELERATION -0.5332577 1.0351486 7.0401154

1492571955563 ROTATION_VECTOR 0.26360998 -0.12674646 -0.45084178

1492571955564 ACCELEROMETER 0.65179443 6.152481 8.713715

1492571955564 MAGNETIC_FIELD -13.8671875 -26.60675 -39.205933

1492571955635 GYROSCOPE -0.21508789 0.4885254 0.27316284

1492571955762 GRAVITY -0.8543017 6.442445 7.344077

1492571955763 LINEAR_ACCELERATION 1.9771557 -2.4554963 -5.395447

1492571955775 ROTATION_VECTOR 0.3339877 -0.11835754 -0.42550534

1492571955778 ACCELEROMETER 2.2889557 1.2266083 4.616699

1492571955781 MAGNETIC_FIELD -18.385315 -14.451599 -43.91327

1492571955826 GYROSCOPE -1.3178406 -0.96110535 -0.22528076

1492571955957 ACCELEROMETER 1.8309784 6.983017 12.774277

1492571955962 MAGNETIC_FIELD -24.74823 -13.977051 -42.83142

1492571955965 GRAVITY 1.5016102 3.1171653 9.175993

1492571955967 LINEAR_ACCELERATION -3.5094209 2.5909104 6.3791256

1492571955969 ROTATION_VECTOR 0.090905964 -0.15456618 -0.5475283

1492571956027 GYROSCOPE -0.5215759 -0.74339294 -1.0017853

1492571956157 ACCELEROMETER 0.06336975 5.085678 5.006531

1492571956162 MAGNETIC_FIELD -22.364807 -17.697144 -41.12549

1492571956223 GYROSCOPE 0.3811798 0.121017456 -1.0831757

1492571956355 ACCELEROMETER -1.9083862 6.8004303 11.757156

1492571956369 MAGNETIC_FIELD -14.422607 -29.374695 -35.03418

1492571956372 GRAVITY 0.70150983 3.9261553 8.958994

1492571956376 LINEAR_ACCELERATION -1.7611036 1.4251163 3.1881704

1492571956379 ROTATION_VECTOR 0.13060369 -0.16174395 -0.6410762

1492571956412 GYROSCOPE 0.9876404 1.0475311 -0.016311646

1492571956545 ACCELEROMETER 0.27388 1.6493378 3.924652

1492571956548 MAGNETIC_FIELD -17.366028 -22.407532 -41.067505

1492571956560 GRAVITY -0.9314781 5.9499736 7.739544

1492571956563 LINEAR_ACCELERATION 2.1475053 0.15579224 -2.1470642

1492571956566 ROTATION_VECTOR 0.27228007 -0.17679542 -0.6315841

1492571956609 GYROSCOPE -0.9843292 -0.14135742 0.81788635

1492571956739 ACCELEROMETER 1.2389984 5.144348 11.183807

1492571956743 MAGNETIC_FIELD -21.792603 -16.163635 -42.852783

1492571956760 GRAVITY -0.1571362 4.2802343 8.821864

1492571956763 LINEAR_ACCELERATION 0.9820936 -3.7423759 -2.903182

1492571956766 ROTATION_VECTOR 0.18304221 -0.12925036 -0.5909756

1492571956805 GYROSCOPE -0.51950073 -0.21601868 0.3313141

1492571956936 ACCELEROMETER 1.2482452 7.0550537 8.092514

1492571956940 MAGNETIC_FIELD -23.87085 -12.649536 -43.988037

1492571956964 GRAVITY 0.51665455 3.3957555 9.18544

1492571956967 LINEAR_ACCELERATION -1.0554445 2.8805513 10.068935

1492571956971 ROTATION_VECTOR 0.12926014 -0.12233045 -0.5611969

1492571957005 GYROSCOPE 0.020217896 -0.27713013 0.11883545

1492571957164 ROTATION_VECTOR 0.11346818 -0.15040445 -0.54236054

1492571957167 GRAVITY 1.2082323 3.4220364 9.110446

1492571957169 LINEAR_ACCELERATION -2.2432857 2.19172 -4.5645037

1492571957201 ACCELEROMETER -3.9168396 4.8956757 8.393616

1492571957205 MAGNETIC_FIELD -26.811218 -14.498901 -41.249084

1492571957267 GYROSCOPE 2.1528473 1.0249176 2.5679321

1492571957364 ROTATION_VECTOR 0.24739967 -0.18026872 -0.33285096

1492571957367 GRAVITY 1.5384005 5.504695 7.968817

1492571957370 LINEAR_ACCELERATION -5.297207 1.7523885 5.1961484

1492571957397 ACCELEROMETER -0.677063 6.8127594 11.335449

1492571957402 MAGNETIC_FIELD -16.830444 -19.039917 -43.893433

1492571957462 GYROSCOPE 0.57273865 2.5193024 1.428009

1492571957564 ROTATION_VECTOR 0.3584306 -0.049986728 -0.09347974

1492571957567 GRAVITY 0.25218022 6.6121087 7.2378736

1492571957570 LINEAR_ACCELERATION 3.0335095 -1.243731 -1.5452986

1492571957593 ACCELEROMETER 1.1243744 0.58106995 3.1277466

1492571957596 MAGNETIC_FIELD -3.652954 -13.212585 -47.44568

1492571957658 GYROSCOPE -0.5589447 1.4104156 1.6424103

1492571957764 GRAVITY -0.90945464 5.6695423 7.9498158

1492571957767 LINEAR_ACCELERATION 2.5488756 -5.66519 -4.2725306

1492571957769 ROTATION_VECTOR 0.29570737 0.08502559 0.114778005

1492571957788 ACCELEROMETER -0.34239197 8.1128235 13.580887

1492571957792 MAGNETIC_FIELD 3.4667969 -9.617615 -48.832703

1492571957854 GYROSCOPE -0.2883911 1.0808868 1.288971

1492571957964 GRAVITY -0.7116887 5.331204 8.200131

1492571957967 LINEAR_ACCELERATION -1.4256871 2.8856678 5.160799

1492571957969 ROTATION_VECTOR 0.25996792 0.11969272 0.2820322

1492571957983 ACCELEROMETER -0.5305176 2.6473846 3.753891

1492571957986 MAGNETIC_FIELD 9.661865 -4.624939 -48.464966

1492571958052 GYROSCOPE -0.6298523 0.6932831 1.5504608

1492571958164 ROTATION_VECTOR 0.17268248 0.15924759 0.39172834

1492571958167 GRAVITY -1.4517843 4.2364407 8.724407

1492571958169 LINEAR_ACCELERATION -1.5587993 -4.192388 -6.4117136

1492571958174 ACCELEROMETER -2.9725952 6.83226 12.521774

1492571958177 MAGNETIC_FIELD 12.387085 -19.163513 -42.211914

1492571958245 GYROSCOPE 1.4520264 1.3152924 2.7026978

1492571958364 GRAVITY -0.5470953 5.9339213 7.7884307

1492571958367 LINEAR_ACCELERATION -2.8470511 7.1128426 10.355175

1492571958372 ROTATION_VECTOR 0.2164774 0.23672366 0.637327

1492571958374 ACCELEROMETER 0.7761383 4.3255157 7.7218475

1492571958376 MAGNETIC_FIELD 14.38446 -25.340271 -37.397766

1492571958443 GYROSCOPE -0.6617279 0.9229126 -0.056854248

1492571958566 GRAVITY -0.9442176 6.4168177 7.355494

1492571958569 LINEAR_ACCELERATION 1.8806262 -4.2871423 -3.493534

1492571958571 ROTATION_VECTOR 0.18093577 0.3037045 0.7253613

1492571958574 ACCELEROMETER 0.7975464 1.6809082 5.8359528

1492571958576 MAGNETIC_FIELD 17.712402 -18.580627 -40.06653

1492571958637 GYROSCOPE -0.45170593 -0.15454102 0.15835571

1492571958765 GRAVITY -1.7712972 4.9287786 8.290961

1492571958769 LINEAR_ACCELERATION 3.006552 -3.8972664 -0.5005169

1492571958771 ROTATION_VECTOR 0.098333746 0.2600175 0.7306185

1492571958773 ACCELEROMETER -0.02798462 7.4419556 11.485443

1492571958776 MAGNETIC_FIELD 10.134888 -19.04602 -43.258667

1492571958833 GYROSCOPE -0.024414063 -0.7822876 0.46743774

1492571958964 ACCELEROMETER -0.09339905 4.4930115 4.9559174

1492571958967 MAGNETIC_FIELD 13.560486 -18.10608 -43.530273

1492571958971 GRAVITY -0.065945156 4.942024 8.470091

1492571958990 LINEAR_ACCELERATION -1.5196031 2.7364817 2.117155

1492571958995 ROTATION_VECTOR 0.15018739 0.19034217 0.72435737

1492571959020 GYROSCOPE 0.26139832 1.1703491 0.054016113

1492571959158 ACCELEROMETER -0.70532227 7.3743134 12.584518

1492571959159 GRAVITY -0.27565268 4.605286 8.653655

1492571959159 LINEAR_ACCELERATION -1.432834 -1.5170579 -5.753502

1492571959159 MAGNETIC_FIELD 17.512512 -30.670166 -31.677246

1492571959222 GYROSCOPE 1.3862762 0.5579529 0.6049042

1492571959362 GRAVITY -1.10035 7.45231 6.2787485

1492571959363 LINEAR_ACCELERATION 1.9968404 -1.1419291 -0.6950035

1492571959363 ROTATION_VECTOR 0.1752743 0.3862018 0.76114166

1492571959428 ACCELEROMETER 1.5620575 1.877945 3.144928

1492571959434 MAGNETIC_FIELD 14.593506 -30.445862 -33.509827

1492571959490 GYROSCOPE -0.8349304 -0.099487305 0.31910706

1492571959566 GRAVITY -0.5231608 6.522243 7.30459

1492571959575 LINEAR_ACCELERATION 3.2418237 -5.2889376 -3.7846642

1492571959578 ROTATION_VECTOR 0.15987815 0.31938773 0.7991345

1492571959620 ACCELEROMETER 1.5598145 5.8430634 11.657883

1492571959629 MAGNETIC_FIELD 13.790894 -25.843811 -37.913513

1492571959687 GYROSCOPE -0.64442444 -0.1429596 -0.55262756

1492571959758 GRAVITY -0.43281236 5.4321723 8.153193

1492571959762 LINEAR_ACCELERATION 0.37308568 2.189187 11.298071

1492571959765 ROTATION_VECTOR 0.14646097 0.25070304 0.7853075

1492571959807 ACCELEROMETER -0.37416077 5.8204956 5.3454437

1492571959812 MAGNETIC_FIELD 17.54303 -17.822266 -41.13159

1492571959872 GYROSCOPE -0.3940735 -0.17155457 -0.3267975

1492571959957 GRAVITY -0.847948 4.5583243 8.641356

1492571959962 LINEAR_ACCELERATION -0.52211136 -0.69974375 -5.056011

1492571959968 ROTATION_VECTOR 0.11968962 0.21233892 0.7435202

1492571959999 ACCELEROMETER -1.5483704 6.7290497 10.1202545

1492571960000 MAGNETIC_FIELD 16.39862 -25.119019 -37.26349

1492571960065 GYROSCOPE 1.3993225 0.34646606 0.54348755

1492571960157 GRAVITY -0.70911014 6.3912177 7.4040456

1492571960157 LINEAR_ACCELERATION 0.43085963 4.975688 3.47049

1492571960159 ROTATION_VECTOR 0.17838189 0.30112895 0.7483912

1492571960197 ACCELEROMETER 0.50894165 4.0108795 8.167297

1492571960198 MAGNETIC_FIELD 17.544556 -29.449463 -31.982422

1492571960262 GYROSCOPE -0.41656494 0.35142517 0.30932617

1492571960356 GRAVITY -1.0968009 6.532553 7.2314014

1492571960357 LINEAR_ACCELERATION 1.2082286 -3.8553004 -3.360355

1492571960359 ROTATION_VECTOR 0.14219362 0.33328983 0.7848855

1492571960390 ACCELEROMETER 2.0163422 2.6414337 5.2107544

1492571960391 MAGNETIC_FIELD 11.479187 -27.410889 -37.612915

1492571960455 GYROSCOPE -0.306839 -0.88674927 0.008514404

1492571960564 GRAVITY 0.29498607 6.037746 7.721981

1492571960570 LINEAR_ACCELERATION 2.0478249 -3.367258 -0.7257309

1492571960578 ROTATION_VECTOR 0.19036706 0.26466757 0.79348385

1492571960590 ACCELEROMETER 1.2585907 7.0005035 11.23558

1492571960594 MAGNETIC_FIELD 11.065674 -21.640015 -41.921997

1492571960655 GYROSCOPE -0.68263245 0.110183716 -0.42237854

1492571960798 GRAVITY 0.5010758 4.950959 8.450285

1492571960799 LINEAR_ACCELERATION 0.2597104 2.7799234 0.04815674

1492571960799 ROTATION_VECTOR 0.177112 0.19438808 0.7749785

1492571960800 ACCELEROMETER -0.8137512 4.1170654 4.9847717

1492571960800 MAGNETIC_FIELD 14.73999 -19.439697 -42.33246

1492571960847 GYROSCOPE 0.34858704 0.27659607 -0.1971283

1492571960956 GRAVITY -0.499584 4.573167 8.660655

1492571960957 LINEAR_ACCELERATION -0.894989 -1.1399069 -5.4600697

1492571960959 ROTATION_VECTOR 0.14186147 0.19571614 0.71917486

1492571960977 ACCELEROMETER -0.892395 5.532776 10.940857

1492571960977 MAGNETIC_FIELD 12.649536 -25.602722 -39.437866

1492571961043 GYROSCOPE -0.055603027 -0.09176636 0.9107208

1492571961161 GRAVITY 0.3682535 5.7125206 7.96253

1492571961165 LINEAR_ACCELERATION -0.5111979 -1.1193981 11.67865

1492571961168 ROTATION_VECTOR 0.19897029 0.23331262 0.76246375

1492571961181 ACCELEROMETER 1.9822693 1.8039551 6.0392914

1492571961185 MAGNETIC_FIELD 12.765503 -18.722534 -44.47937

1492571961241 GYROSCOPE -0.6705017 -0.15513611 0.020401001

1492571961361 GRAVITY 0.5684611 3.9370015 8.963663

1492571961365 LINEAR_ACCELERATION 1.9493713 -1.5687168 -4.498707

1492571961368 ROTATION_VECTOR 0.14332357 0.1497956 0.79623944

1492571961377 ACCELEROMETER 2.046341 1.2820435 6.857239

1492571961381 MAGNETIC_FIELD 6.6726685 -9.483337 -47.88971

1492571961441 GYROSCOPE -0.6944885 -1.0666656 -0.3005829

1492571961561 GRAVITY 1.9119565 2.7309635 9.222616

1492571961572 LINEAR_ACCELERATION 0.39746857 -2.8756268 4.3090153

1492571961575 ROTATION_VECTOR 0.16686176 0.043984126 0.75192785

1492571961578 ACCELEROMETER 3.5098572 1.5663147 5.8112183

1492571961585 MAGNETIC_FIELD -10.734558 -16.436768 -47.131348

1492571961698 GYROSCOPE 1.0244751 -1.9373322 1.0092468

1492571961758 GRAVITY 4.5566998 2.9780784 8.157078

1492571961764 LINEAR_ACCELERATION -1.3231673 -1.8059058 -2.7312336

1492571961769 ROTATION_VECTOR 0.28899837 -0.02418096 0.75465995

1492571961835 ACCELEROMETER 9.05661 3.4380035 10.077606

1492571961852 MAGNETIC_FIELD -30.508423 -23.899841 -32.49054

1492571961894 GYROSCOPE 1.2912598 -2.6569214 0.7707977

1492571961959 GRAVITY 7.822201 3.7923746 4.5388837

1492571961965 LINEAR_ACCELERATION 0.27591228 -1.349657 7.919953

1492571961971 ROTATION_VECTOR 0.6433554 0.023525521 0.7122522

1492571962025 ACCELEROMETER 6.352997 3.6152802 8.014175

1492571962032 MAGNETIC_FIELD -37.56256 -26.03302 -22.34497

1492571962090 GYROSCOPE 0.18363953 0.23927307 -0.12239075

1492571962159 GRAVITY 8.858367 3.8581014 1.677729

1492571962163 LINEAR_ACCELERATION -3.4705725 -0.7188928 7.3413906

1492571962218 ACCELEROMETER 9.861801 2.1741333 5.003433

1492571962219 MAGNETIC_FIELD -25.613403 -24.197388 -35.591125

1492571962288 GYROSCOPE 0.19993591 2.6345825 1.343216

1492571962364 GRAVITY 7.5082912 2.7731595 5.6661744

1492571962368 LINEAR_ACCELERATION 7.853345 -2.558529 -0.52837276

1492571962374 ROTATION_VECTOR 0.45940664 0.0071446747 0.83786803

1492571962418 ACCELEROMETER 14.500061 -4.9550934 5.5658417

1492571962421 MAGNETIC_FIELD -19.54956 -19.985962 -42.41333

1492571962483 GYROSCOPE -0.37657166 1.3877716 1.3785095

1492571962561 GRAVITY 5.2254 0.13333045 8.297458

1492571962564 LINEAR_ACCELERATION 6.2177825 -10.233321 2.410183

1492571962568 ROTATION_VECTOR 0.27252835 -0.051727057 0.9390273

1492571962615 ACCELEROMETER 9.097046 -3.6092072 7.0654144

1492571962619 MAGNETIC_FIELD -6.3217163 -7.293701 -48.861694

1492571962678 GYROSCOPE -1.1306763 0.82522583 -1.1030121

1492571962760 GRAVITY 3.8776011 -2.0716708 8.766001

1492571962763 LINEAR_ACCELERATION -1.9761186 1.4906187 -9.474247

1492571962767 ROTATION_VECTOR 0.14747421 -0.17694545 0.9017631

1492571962808 ACCELEROMETER 3.9822388 -0.05821228 9.242065

1492571962811 MAGNETIC_FIELD -13.83667 -14.402771 -46.05255

1492571962870 GYROSCOPE 0.44033813 -0.48042297 -0.20231628

1492571962956 GRAVITY 5.6478353 -0.48662567 8.002221

1492571962957 LINEAR_ACCELERATION 0.29388475 0.0111370385 1.1938505

1492571962959 ROTATION_VECTOR 0.26603168 -0.14569634 0.871967

1492571963001 ACCELEROMETER 4.8122253 -0.10487366 8.433075

1492571963002 MAGNETIC_FIELD -11.4730835 -15.055847 -45.707703

1492571963069 GYROSCOPE 0.03413391 0.18702698 0.19015503

1492571963158 GRAVITY 5.3086233 -0.6451386 8.220262

1492571963162 LINEAR_ACCELERATION -0.21116447 0.50793743 0.08663273

1492571963164 ROTATION_VECTOR 0.2500214 -0.13554558 0.89178354

1492571963205 ACCELEROMETER 4.264572 -0.12863159 8.882095

1492571963209 MAGNETIC_FIELD -11.178589 -14.99939 -46.62628

1492571963265 GYROSCOPE 0.009628296 0.07043457 0.08387756

1492571963356 GRAVITY 5.0465784 -0.7191545 8.377664

1492571963357 LINEAR_ACCELERATION -0.6554632 0.6099932 0.70928764

1492571963364 ROTATION_VECTOR 0.23485015 -0.13305424 0.89635307

1492571963392 ACCELEROMETER 4.2771454 -0.036117554 8.496445

1492571963392 MAGNETIC_FIELD -9.016418 -14.52179 -46.90399

1492571963457 GYROSCOPE 0.0660553 0.2003479 0.07475281

