1492571837744 MAGNETIC_FIELD 20.581055 -24.195862 -41.52527

1492571837789 ACCELEROMETER 0.012710571 2.9404297 9.23877

1492571837814 GYROSCOPE 0.04046631 -0.027877808 0.010345459

1492571837875 GRAVITY 0.031125655 3.010064 9.333217

1492571837876 LINEAR_ACCELERATION -0.005820615 0.013427258 -0.023169518

1492571837878 ROTATION_VECTOR 0.08351607 0.13100937 0.8384411

1492571837940 MAGNETIC_FIELD 19.049072 -25.134277 -42.41333

1492571837985 ACCELEROMETER 0.17008972 3.0576477 9.13829

1492571838010 GYROSCOPE -0.016357422 -0.019042969 -0.012573242

1492571838075 GRAVITY 0.069646776 3.0236623 9.328612

1492571838076 LINEAR_ACCELERATION 0.13700774 0.07496905 -0.21674252

1492571838078 ROTATION_VECTOR 0.08461929 0.1311973 0.842171

1492571838187 MAGNETIC_FIELD 19.081116 -24.674988 -41.648865

1492571838272 ACCELEROMETER 0.10951233 2.9917603 8.962814

1492571838275 GYROSCOPE 0.0022125244 -0.071136475 -0.043823242

1492571838276 GRAVITY 0.10045346 3.02784 9.326976

1492571838276 LINEAR_ACCELERATION -0.062553935 -0.1336453 0.11819267

1492571838278 ROTATION_VECTOR 0.08663076 0.13019864 0.8399932

1492571838338 MAGNETIC_FIELD 19.650269 -24.787903 -42.175293

1492571838402 ACCELEROMETER 0.1335144 3.0406036 9.12999

1492571838403 GYROSCOPE 0.002090454 -0.08467102 -0.05581665

1492571838475 GRAVITY 0.32925144 3.1156344 9.292728

1492571838475 LINEAR_ACCELERATION -0.063533664 0.1403284 0.08587837

1492571838478 ROTATION_VECTOR 0.10046874 0.12692024 0.8338168

1492571838533 MAGNETIC_FIELD 19.429016 -24.58191 -41.503906

1492571838598 ACCELEROMETER 0.19776917 2.9361725 9.153519

1492571838599 GYROSCOPE -0.013916016 0.03656006 0.034805298

1492571838675 GRAVITY 0.23611188 3.0423803 9.319794

1492571838675 LINEAR_ACCELERATION -0.07097277 -0.00531435 0.028596878

1492571838678 ROTATION_VECTOR 0.093531474 0.12678573 0.8376484

1492571838729 MAGNETIC_FIELD 19.64569 -24.909973 -42.149353

1492571838794 ACCELEROMETER 0.28419495 3.0794678 8.900314

1492571838795 GYROSCOPE -0.07951355 0.0967865 0.021820068

1492571838875 GRAVITY 0.1866282 3.0456972 9.319833

1492571838875 LINEAR_ACCELERATION 0.37121043 0.29487014 -0.32657242

1492571838878 ROTATION_VECTOR 0.09090033 0.1286775 0.83989894

1492571838925 MAGNETIC_FIELD 20.994568 -22.892761 -43.333435

1492571838990 ACCELEROMETER -0.1298523 2.8022308 9.242203

1492571838991 GYROSCOPE -0.13168335 0.05293274 0.0017852783

1492571839075 GRAVITY -0.033499055 2.7558892 9.411394

1492571839075 LINEAR_ACCELERATION -0.17126997 0.06581068 -0.053476334

1492571839078 ROTATION_VECTOR 0.07464003 0.12075311 0.8356149

1492571839121 MAGNETIC_FIELD 20.695496 -22.51892 -43.39142

1492571839186 ACCELEROMETER 0.16783142 2.8530426 9.189362

1492571839186 GYROSCOPE -0.026885986 -0.03489685 0.034332275

1492571839275 GRAVITY 0.034033053 2.7664897 9.408282

1492571839275 LINEAR_ACCELERATION 0.12461012 0.18579412 0.2587633

1492571839278 ROTATION_VECTOR 0.0777314 0.11945278 0.83618647

1492571839317 MAGNETIC_FIELD 20.89386 -21.868896 -43.489075

1492571839382 ACCELEROMETER 0.22013855 3.0287018 9.037796

1492571839382 GYROSCOPE -0.0803833 0.031051636 -0.023498535

1492571839475 GRAVITY 0.09067552 2.7425861 9.414903

1492571839475 LINEAR_ACCELERATION 0.15751106 0.3858533 -0.272748

1492571839478 ROTATION_VECTOR 0.08070608 0.11601769 0.83090854

1492571839513 MAGNETIC_FIELD 21.507263 -21.105957 -42.677307

1492571839578 ACCELEROMETER 0.079315186 3.238083 9.327896

1492571839578 GYROSCOPE 0.013458252 0.05014038 -0.06341553

1492571839675 GRAVITY 0.08389863 2.8390715 9.386321

1492571839675 LINEAR_ACCELERATION 0.3498376 0.5501509 -0.15210629

1492571839678 ROTATION_VECTOR 0.086253956 0.11828389 0.8161532

1492571839708 MAGNETIC_FIELD 23.28949 -24.595642 -42.333984

1492571839839 ACCELEROMETER -0.46887207 2.9145508 9.224716

1492571839839 GYROSCOPE 0.098983765 0.16525269 0.13394165

1492571839875 GRAVITY -0.1542845 3.0884762 9.306336

1492571839875 LINEAR_ACCELERATION -0.102543965 0.33446288 0.263443

1492571839878 ROTATION_VECTOR 0.083703585 0.1360243 0.8138766

1492571839969 MAGNETIC_FIELD 22.790527 -24.467468 -40.98053

1492571840035 ACCELEROMETER -0.928833 2.472763 9.167984

1492571840035 GYROSCOPE 0.027114868 0.0418396 0.2270813

1492571840075 GRAVITY -0.33066824 3.152355 9.280286

1492571840075 LINEAR_ACCELERATION -0.7365471 -0.9490204 0.4755144

1492571840078 ROTATION_VECTOR 0.07361336 0.14634953 0.83023113

1492571840166 MAGNETIC_FIELD 21.488953 -24.36676 -42.318726

1492571840231 ACCELEROMETER -0.37832642 2.969345 8.931778

1492571840233 GYROSCOPE -0.07191467 -0.001449585 0.09300232

1492571840278 GRAVITY -0.2375809 2.996532 9.334599

1492571840279 LINEAR_ACCELERATION 0.012335792 -0.07835436 0.4313116

1492571840283 ROTATION_VECTOR 0.069938384 0.13847937 0.84385306

1492571840368 MAGNETIC_FIELD 22.958374 -24.33014 -41.95099

1492571840433 ACCELEROMETER -0.26272583 3.566742 9.0559845

1492571840435 GYROSCOPE -0.008590698 -0.1322937 -0.13041687

1492571840481 GRAVITY -0.16526146 2.9928584 9.3373375

1492571840490 LINEAR_ACCELERATION -0.1685008 0.42390394 -0.29290962

1492571840493 ROTATION_VECTOR 0.073409766 0.13615905 0.8424513

1492571840569 MAGNETIC_FIELD 21.031189 -23.6557 -42.564392

1492571840636 ACCELEROMETER 0.17997742 3.2247162 10.1445465

1492571840642 GYROSCOPE 0.056243896 -0.35221863 -0.24716187

1492571840688 GRAVITY 0.14843968 3.0721161 9.311845

1492571840694 LINEAR_ACCELERATION -0.22561999 0.5438874 0.9286547

1492571840696 ROTATION_VECTOR 0.09295902 0.12878925 0.827506

1492571840763 MAGNETIC_FIELD 20.13855 -23.739624 -42.922974

1492571840830 ACCELEROMETER 0.71325684 2.2099915 9.065201

1492571840838 GYROSCOPE 0.12234497 -0.13154602 -0.3670044

1492571840888 ROTATION_VECTOR 0.11521791 0.11887061 0.80999714

1492571840894 GRAVITY 0.5188038 3.15979 9.26914

1492571840898 LINEAR_ACCELERATION -0.15052927 -1.2834978 2.8534985

1492571840959 MAGNETIC_FIELD 23.23761 -22.998047 -41.937256

1492571841028 ACCELEROMETER 0.36058044 3.042511 8.426056

1492571841034 GYROSCOPE 0.04888916 0.08352661 -0.1954956

1492571841088 GRAVITY 0.26352617 3.3887486 9.198768

1492571841094 LINEAR_ACCELERATION 0.22576967 -0.23920965 -1.0142708

1492571841097 ROTATION_VECTOR 0.116548166 0.13194662 0.78608507

1492571841155 MAGNETIC_FIELD 23.68164 -23.820496 -41.37268

1492571841224 ACCELEROMETER 0.08947754 3.9507446 9.419388

1492571841229 GYROSCOPE 0.087371826 0.079330444 0.18284607

1492571841287 ROTATION_VECTOR 0.116508454 0.13842338 0.7879882

1492571841293 GRAVITY 0.2028858 3.4841444 9.164604

1492571841297 LINEAR_ACCELERATION 0.24726368 0.76469827 -0.19122124

1492571841354 MAGNETIC_FIELD 22.821045 -26.098633 -40.846252

1492571841416 ACCELEROMETER -0.62939453 2.6716766 9.306839

1492571841426 GYROSCOPE 0.0574646 0.07019043 0.36660767

1492571841487 ROTATION_VECTOR 0.10873962 0.14611788 0.81255454

1492571841493 GRAVITY 0.14615531 3.5095558 9.155984

1492571841497 LINEAR_ACCELERATION -0.6576681 -1.4339116 3.40732

1492571841549 MAGNETIC_FIELD 23.344421 -26.655579 -40.951538

1492571841603 ACCELEROMETER -0.10823059 2.9421692 8.68013

1492571841604 GYROSCOPE -0.10197449 -0.03704834 0.08647156

1492571841677 GRAVITY 0.33528522 3.4599533 9.16988

1492571841679 LINEAR_ACCELERATION -0.5783318 -0.7390156 0.0066051483

1492571841683 ROTATION_VECTOR 0.11122165 0.14176036 0.82883126

1492571841736 MAGNETIC_FIELD 22.117615 -26.324463 -40.39154

1492571841803 ACCELEROMETER -0.05406189 3.803833 8.726959

1492571841806 GYROSCOPE -0.012878418 -0.1564331 -0.1715393

1492571841883 GRAVITY 0.41300824 3.431405 9.177432

1492571841887 LINEAR_ACCELERATION -0.45584148 0.36099076 -0.6849232

1492571841890 ROTATION_VECTOR 0.11520594 0.13714501 0.8235326

1492571841938 MAGNETIC_FIELD 21.331787 -25.621033 -43.093872

1492571842005 ACCELEROMETER 0.46321106 3.1549835 10.289291

1492571842069 GYROSCOPE 0.01008606 -0.22662354 -0.33576965

1492571842090 GRAVITY 0.67159563 3.5059822 9.1338625

1492571842091 LINEAR_ACCELERATION -0.5824502 0.26089716 1.282486

1492571842101 ROTATION_VECTOR 0.13275066 0.1291507 0.80553573

1492571842125 MAGNETIC_FIELD 24.494934 -23.104858 -42.4942

1492571842198 ACCELEROMETER 0.24336243 2.412796 8.776398

1492571842199 GYROSCOPE 0.009292603 -0.006866455 -0.40847778

1492571842281 GRAVITY 0.5426702 3.7788105 9.033077

1492571842282 LINEAR_ACCELERATION -0.29639465 -0.99743915 -1.7539673

1492571842282 ROTATION_VECTOR 0.14067501 0.14018479 0.7834711

1492571842393 MAGNETIC_FIELD 23.451233 -24.295044 -41.98456

1492571842459 ACCELEROMETER 0.1697998 3.4398193 8.47319

1492571842459 GYROSCOPE 0.011978149 0.12286377 0.0761261

1492571842481 GRAVITY 0.30462638 3.6575024 9.093968

1492571842481 LINEAR_ACCELERATION -0.10729802 -0.3312099 -1.0114336

1492571842482 ROTATION_VECTOR 0.12954907 0.1398345 0.77300876

1492571842589 MAGNETIC_FIELD 24.743652 -25.98114 -39.35547

1492571842655 ACCELEROMETER 0.08784485 4.1786346 9.262497

1492571842659 GYROSCOPE 0.17250061 0.19136047 0.33540344

1492571842681 GRAVITY 0.25956637 3.89785 8.994987

1492571842686 LINEAR_ACCELERATION 0.015663385 0.49136782 -0.4180107

1492571842689 ROTATION_VECTOR 0.13123287 0.15543897 0.7884316

1492571842784 MAGNETIC_FIELD 24.642944 -27.087402 -38.684082

1492571842856 ACCELEROMETER -0.70254517 3.176361 8.869415

1492571842865 GYROSCOPE -0.035369873 0.17755127 0.45298767

1492571842886 GRAVITY 0.07989119 4.0267777 8.941424

1492571842892 LINEAR_ACCELERATION -0.45377043 0.20742273 0.2893381

1492571842895 ROTATION_VECTOR 0.11983935 0.17248994 0.8138368

1492571842987 MAGNETIC_FIELD 21.905518 -28.941345 -39.00757

1492571843054 ACCELEROMETER -0.11987305 2.9177856 8.768387

1492571843060 GYROSCOPE -0.13801575 -0.07771301 0.36083984

1492571843086 GRAVITY 0.3994663 3.790559 9.035623

1492571843094 LINEAR_ACCELERATION -0.4958375 -1.113028 0.5574188

1492571843097 ROTATION_VECTOR 0.118314534 0.15910102 0.8434776

1492571843181 MAGNETIC_FIELD 19.6167 -27.9068 -39.717102

1492571843248 ACCELEROMETER 0.14930725 3.3855438 8.823059

1492571843255 GYROSCOPE -0.16464233 -0.07484436 0.04386902

1492571843286 GRAVITY 0.53885746 3.5112157 9.140645

1492571843292 LINEAR_ACCELERATION -0.5215639 -0.017150402 -0.55246925

1492571843295 ROTATION_VECTOR 0.11339724 0.14525114 0.85752

1492571843376 MAGNETIC_FIELD 19.013977 -25.540161 -41.262817

1492571843452 ACCELEROMETER 0.6076813 2.3674316 9.897751

1492571843458 GYROSCOPE -0.29078674 -0.03239441 -0.1353302

1492571843496 GRAVITY 0.78127944 3.19786 9.237623

1492571843501 LINEAR_ACCELERATION -0.28105062 -0.054143906 1.3382626

1492571843504 ROTATION_VECTOR 0.116933614 0.12385004 0.85657257

1492571843568 MAGNETIC_FIELD 20.265198 -24.87793 -40.156555

1492571843633 ACCELEROMETER 0.8860779 1.8933105 9.316086

1492571843637 GYROSCOPE -0.042236328 0.13371277 -0.18869019

1492571843682 GRAVITY 0.5701981 2.6842732 9.414879

1492571843686 LINEAR_ACCELERATION 0.2443856 -0.41166592 -1.6506577

1492571843688 ROTATION_VECTOR 0.09611222 0.10362061 0.849855

1492571843769 MAGNETIC_FIELD 20.909119 -25.89569 -39.863586

1492571843838 ACCELEROMETER 0.31419373 2.7655945 8.64563

1492571843847 GYROSCOPE 0.09410095 0.031723022 0.09487915

1492571843886 GRAVITY 0.30126408 2.6978855 9.42343

1492571843895 LINEAR_ACCELERATION 0.27932125 -0.21348977 -0.9913397

1492571843899 ROTATION_VECTOR 0.08587165 0.11029428 0.8439842

1492571843967 MAGNETIC_FIELD 19.360352 -25.79956 -38.154602

1492571844032 ACCELEROMETER -0.30055237 3.0997925 9.076447

1492571844038 GYROSCOPE 0.06530762 0.0921936 0.5350647

1492571844086 GRAVITY 0.37807104 2.8788648 9.366941

1492571844095 LINEAR_ACCELERATION -0.1497935 0.3604889 -0.2848196

1492571844098 ROTATION_VECTOR 0.09146759 0.118543655 0.85477537

1492571844163 MAGNETIC_FIELD 15.585327 -26.937866 -38.75122

1492571844226 ACCELEROMETER -0.4751587 1.6701202 10.33403

1492571844235 GYROSCOPE -0.028808594 0.05281067 0.90133667

1492571844286 GRAVITY 0.62944686 2.6657305 9.416372

1492571844297 LINEAR_ACCELERATION -0.8320398 -0.8588209 3.5863533

1492571844299 ROTATION_VECTOR 0.0858863 0.11190256 0.90285116

1492571844355 MAGNETIC_FIELD 8.474731 -28.509521 -38.11798

1492571844425 ACCELEROMETER -1.3141022 1.2248535 9.673691

1492571844431 GYROSCOPE 0.12042236 0.2151947 1.1287384

1492571844487 ROTATION_VECTOR 0.08420248 0.11621737 0.94446754

1492571844493 GRAVITY 0.8859651 2.6410196 9.402684

1492571844498 LINEAR_ACCELERATION -1.9314407 -1.4316077 1.4945984

1492571844554 MAGNETIC_FIELD 3.5858154 -28.482056 -37.249756

1492571844673 ACCELEROMETER -0.547287 2.105362 9.278961

1492571844677 GYROSCOPE 0.08935547 0.30485535 1.4024353

1492571844682 GRAVITY 0.8632211 2.6061254 9.414529

1492571844684 LINEAR_ACCELERATION -1.8949775 -0.92409015 0.22642803

1492571844688 ROTATION_VECTOR 0.0644165 0.12586959 0.9783638

1492571844805 MAGNETIC_FIELD -0.37841797 -27.868652 -38.276672

1492571844872 ACCELEROMETER 0.75289917 2.6077423 9.246735

1492571844875 GYROSCOPE 0.0059051514 0.29380798 0.94540405

1492571844880 GRAVITY 0.78101075 2.419728 9.47129

1492571844888 LINEAR_ACCELERATION -0.36445427 0.20930052 0.10300255

1492571844891 ROTATION_VECTOR 0.04242214 0.1236891 0.9912498

1492571845009 MAGNETIC_FIELD -3.5690308 -26.069641 -39.54315

1492571845080 ACCELEROMETER 0.38279724 2.1215363 9.205353

1492571845086 GYROSCOPE 0.14286804 0.30882263 0.61120605

1492571845088 GRAVITY 0.6616525 2.2004104 9.533667

1492571845091 LINEAR_ACCELERATION -0.28686428 0.093854666 1.3661499

1492571845093 ROTATION_VECTOR -0.027777873 -0.114658974 -0.991547

1492571845205 MAGNETIC_FIELD -4.029846 -24.523926 -40.771484

1492571845268 ACCELEROMETER 0.09260559 1.7060852 8.865906

1492571845280 GYROSCOPE -0.19354248 0.26091003 0.98934937

1492571845283 GRAVITY 0.38109043 2.3650768 9.509551

1492571845285 LINEAR_ACCELERATION -0.35044706 -0.95897245 -0.29420948

1492571845288 ROTATION_VECTOR -0.0047175544 -0.122986026 -0.98509085

1492571845403 MAGNETIC_FIELD -9.474182 -19.726563 -41.949463

1492571845463 ACCELEROMETER 0.9908447 2.9812622 9.407349

1492571845470 GYROSCOPE -0.07298279 0.27497864 1.093399

1492571845485 GRAVITY 0.50591415 1.9147213 9.604597

1492571845492 LINEAR_ACCELERATION 0.46929634 0.8799956 -0.8975086

1492571845494 ROTATION_VECTOR -7.5005606E-4 -0.101495266 -0.9636794

1492571845595 MAGNETIC_FIELD -9.490967 -19.20929 -43.714905

1492571845665 ACCELEROMETER 0.35147095 2.589325 10.085297

1492571845671 GYROSCOPE 0.17625427 0.42721558 0.68110657

1492571845686 GRAVITY 0.16496982 2.026155 9.5936365

1492571845694 LINEAR_ACCELERATION 0.59406984 0.9957522 0.68677044

1492571845696 ROTATION_VECTOR 0.027482389 -0.10052549 -0.93490154

1492571845795 MAGNETIC_FIELD -8.406067 -17.225647 -45.285034

1492571845850 ACCELEROMETER -0.47825623 1.6247864 9.460434

1492571845851 GYROSCOPE 0.14370728 0.16760254 0.55921936

1492571845881 GRAVITY -0.2625888 2.239929 9.543802

1492571845881 LINEAR_ACCELERATION -0.5245006 -0.92333364 0.5347128

1492571845882 ROTATION_VECTOR 0.058136977 -0.10010808 -0.91117597

1492571845976 MAGNETIC_FIELD -9.315491 -17.259216 -44.72809

1492571846045 ACCELEROMETER 0.20426941 2.9353027 8.125641

1492571846046 GYROSCOPE 0.12979126 0.056137085 0.42391968

1492571846079 GRAVITY -0.24977021 2.5255966 9.472559

1492571846079 LINEAR_ACCELERATION -0.035010174 -0.583024 -0.102493286

1492571846079 ROTATION_VECTOR 0.0698438 -0.110253245 -0.8856854

1492571846174 MAGNETIC_FIELD -10.343933 -16.191101 -44.487

1492571846246 ACCELEROMETER 0.34002686 3.5320892 9.775864

1492571846254 GYROSCOPE 0.09007263 -0.16209412 -0.19598389

1492571846283 GRAVITY -0.07573399 2.764444 9.40864

1492571846289 LINEAR_ACCELERATION 0.7483825 1.3733115 -1.1218615

1492571846292 ROTATION_VECTOR 0.071950324 -0.12294729 -0.8676405

1492571846377 MAGNETIC_FIELD -9.405518 -19.119263 -44.64264

1492571846438 ACCELEROMETER 0.25959778 2.1900024 9.082413

1492571846450 GYROSCOPE -0.08569336 -0.034301758 -0.46258545

1492571846481 GRAVITY 0.051309496 2.8748517 9.375659

1492571846486 LINEAR_ACCELERATION 0.59090936 0.8849077 -1.2041368

1492571846488 ROTATION_VECTOR 0.06511 -0.13317327 -0.8805579

1492571846575 MAGNETIC_FIELD -9.190369 -19.424438 -44.111633

1492571846630 ACCELEROMETER 0.16038513 2.7973022 8.593658

1492571846631 GYROSCOPE -0.093429565 0.14155579 -0.14414978

1492571846676 GRAVITY -0.1417554 2.7559085 9.41038

1492571846677 LINEAR_ACCELERATION 0.46093637 -0.607404 0.66576767

1492571846679 ROTATION_VECTOR 0.06595456 -0.12591317 -0.8992729

1492571846766 MAGNETIC_FIELD -6.613159 -18.370056 -43.870544

1492571846832 ACCELEROMETER -0.014694214 3.5172577 8.9331665

1492571846840 GYROSCOPE 0.057861328 0.09223938 0.18882751

1492571846886 GRAVITY -0.4648948 2.5625293 9.454507

1492571846897 LINEAR_ACCELERATION 0.77330726 0.6207955 -0.7966461

1492571846901 ROTATION_VECTOR 0.07665315 -0.109902665 -0.9009532

1492571847034 MAGNETIC_FIELD -8.427429 -16.578674 -45.26825

1492571847088 GRAVITY -0.51232207 2.807295 9.382271

1492571847097 LINEAR_ACCELERATION -0.039751947 0.69153166 0.5736513

1492571847099 ROTATION_VECTOR 0.087787025 -0.118028626 -0.8867456

1492571847102 ACCELEROMETER -0.6348114 2.721695 9.954086

1492571847105 GYROSCOPE 0.08085632 0.14796448 0.42329407

1492571847229 MAGNETIC_FIELD -9.225464 -14.625549 -43.623352

1492571847288 GRAVITY -0.2833103 3.1090012 9.296463

1492571847296 LINEAR_ACCELERATION 0.27765134 0.04719305 -1.4686584

1492571847299 ROTATION_VECTOR 0.093879506 -0.13114466 -0.85130787

1492571847301 ACCELEROMETER 0.15548706 2.9413452 8.626099

1492571847305 GYROSCOPE 0.09007263 -0.08909607 0.3784027

1492571847426 MAGNETIC_FIELD -10.191345 -14.477539 -43.284607

1492571847488 GRAVITY -0.08192271 3.0895185 9.306909

1492571847497 LINEAR_ACCELERATION 0.36165944 -7.2932243E-4 -0.78466034

1492571847500 ROTATION_VECTOR 0.08649144 -0.13416016 -0.8435882

1492571847503 ACCELEROMETER 0.23371887 3.3074493 8.613678

1492571847505 GYROSCOPE -0.021942139 -0.09970093 -0.14598083

1492571847637 MAGNETIC_FIELD -10.768127 -16.108704 -42.381287

1492571847674 ACCELEROMETER 0.06022644 3.3805542 9.747238

1492571847677 GYROSCOPE -0.0067749023 -0.22045898 -0.26004028

1492571847682 GRAVITY 0.13148333 3.1004932 9.30269

1492571847683 LINEAR_ACCELERATION -0.20842496 0.47951102 0.91604996

1492571847685 ROTATION_VECTOR 0.075758696 -0.14126372 -0.8493254

1492571847808 MAGNETIC_FIELD -10.055542 -15.145874 -42.163086

1492571847874 ACCELEROMETER 0.42956543 2.3863525 9.076065

1492571847880 GYROSCOPE -0.060317993 -0.057418823 -0.23306274

1492571847885 GRAVITY 0.27602708 2.840363 9.382246

1492571847890 LINEAR_ACCELERATION -0.23216552 -0.9356587 3.471671

1492571847893 ROTATION_VECTOR 0.058846965 -0.13481705 -0.86400133

1492571848008 MAGNETIC_FIELD -7.7819824 -15.170288 -42.684937

1492571848075 ACCELEROMETER 0.17564392 3.1812744 8.843933

1492571848081 GYROSCOPE -0.0947876 0.1621399 -0.08590698

1492571848084 GRAVITY 0.11187382 2.93652 9.355999

1492571848086 LINEAR_ACCELERATION 0.8222509 -0.0063717365 -0.38411617

1492571848090 ROTATION_VECTOR 0.06678494 -0.13607563 -0.8701132

1492571848205 MAGNETIC_FIELD -6.8344116 -14.950562 -42.443848

1492571848269 ACCELEROMETER -0.034225464 3.944168 9.17514

1492571848275 GYROSCOPE 0.15724182 0.11480713 0.43040466

1492571848280 GRAVITY -0.12752414 2.8988638 9.367536

1492571848282 LINEAR_ACCELERATION 0.5514822 0.95824957 -0.26798916

1492571848285 ROTATION_VECTOR 0.07957566 -0.12671365 -0.85962313

1492571848399 MAGNETIC_FIELD -6.27594 -14.753723 -41.983032

1492571848465 ACCELEROMETER -0.32896423 2.9335022 9.861557

1492571848469 GYROSCOPE 0.10658264 0.12614441 0.72491455

1492571848477 GRAVITY -0.029278975 3.160934 9.283212

1492571848500 LINEAR_ACCELERATION -0.7226711 1.0819385 0.7181206

1492571848502 ROTATION_VECTOR 0.0912916 -0.13547605 -0.8232182

1492571848594 MAGNETIC_FIELD -8.311462 -14.138794 -42.285156

1492571848659 ACCELEROMETER -0.053497314 2.7848206 8.629623

1492571848663 GYROSCOPE -0.051956177 0.16020203 0.6862488

1492571848681 GRAVITY 0.21961923 3.3142169 9.227033

1492571848685 LINEAR_ACCELERATION -1.3429289 -0.83603215 -0.9823332

1492571848688 ROTATION_VECTOR 0.09654896 -0.14223428 -0.7767033

1492571848793 MAGNETIC_FIELD -8.981323 -12.068176 -43.614197

1492571848859 ACCELEROMETER 0.47343445 3.973053 8.46196

1492571848865 GYROSCOPE -0.015625 0.14007568 0.3304596

1492571848883 GRAVITY 0.25904757 3.171199 9.27614

1492571848887 LINEAR_ACCELERATION -0.081293434 0.021471739 -0.5910597

1492571848889 ROTATION_VECTOR 0.09996873 -0.13059376 -0.7318283

1492571848987 MAGNETIC_FIELD -9.934998 -10.882568 -44.532776

1492571849055 ACCELEROMETER 0.021118164 3.3687592 9.954987

1492571849059 GYROSCOPE -0.20568848 -0.14859009 0.08734131

1492571849083 GRAVITY 0.29318842 3.163341 9.277807

1492571849088 LINEAR_ACCELERATION 0.21418157 1.228404 -0.5848541

1492571849091 ROTATION_VECTOR 0.10444242 -0.12670943 -0.7000257

1492571849183 MAGNETIC_FIELD -11.909485 -9.973145 -43.79883

1492571849248 ACCELEROMETER 0.0024719238 2.4967804 8.942841

1492571849254 GYROSCOPE -0.0016326904 0.06239319 0.27023315

1492571849283 GRAVITY 0.56051856 2.8461335 9.367803

1492571849287 LINEAR_ACCELERATION -0.6427233 -0.6068008 3.2751207

1492571849289 ROTATION_VECTOR 0.085782416 -0.12254127 -0.6851727

1492571849439 MAGNETIC_FIELD -8.769226 -6.326294 -44.996643

1492571849483 GRAVITY 0.42752683 2.7392612 9.406596

1492571849488 LINEAR_ACCELERATION -0.5777709 -0.41013741 0.9913626

1492571849492 ROTATION_VECTOR 0.09086797 -0.11018202 -0.6573338

1492571849522 ACCELEROMETER -0.14660645 3.0296326 8.704102

1492571849525 GYROSCOPE -0.07865906 0.4063263 0.612854

1492571849638 MAGNETIC_FIELD -9.225464 -2.557373 -45.240784

1492571849676 GRAVITY 0.074010745 2.6110003 9.452385

1492571849676 LINEAR_ACCELERATION 0.009385146 0.75184655 0.342865

1492571849680 ROTATION_VECTOR 0.10650577 -0.08196954 -0.58188075

1492571849702 ACCELEROMETER -0.40467834 2.9187317 9.917084

1492571849703 GYROSCOPE 0.10411072 0.2287445 1.0873413

1492571849835 MAGNETIC_FIELD -6.794739 1.2832642 -46.232605

1492571849882 GRAVITY 0.20282504 2.8143656 9.391943

1492571849883 LINEAR_ACCELERATION -0.31738505 -0.17475677 2.1000185

1492571849883 ROTATION_VECTOR 0.12266616 -0.0780845 -0.4699186

1492571849901 ACCELEROMETER -0.3411255 2.1769104 8.472931

1492571849902 GYROSCOPE 0.05354309 0.37553406 1.3777466

1492571850038 MAGNETIC_FIELD -4.370117 4.298401 -47.569275

1492571850086 GRAVITY 0.31165126 2.7273803 9.4145975

1492571850100 LINEAR_ACCELERATION -0.80121875 -0.4543388 -1.4701414

1492571850103 ROTATION_VECTOR 0.12744908 -0.061203133 -0.32445833

1492571850106 ACCELEROMETER 0.279068 2.7411652 9.192566

1492571850109 GYROSCOPE -0.08985901 0.25476074 1.0553589

1492571850234 MAGNETIC_FIELD -2.3483276 6.1416626 -47.71576

1492571850288 GRAVITY 0.33011356 2.5151546 9.4728775

1492571850297 LINEAR_ACCELERATION -0.1314404 0.54492664 -0.8064995

1492571850299 ROTATION_VECTOR 0.12324301 -0.04276476 -0.20036334

1492571850302 ACCELEROMETER 0.3794403 3.291397 8.702194

1492571850305 GYROSCOPE 0.041503906 0.17019653 0.4476776

1492571850426 MAGNETIC_FIELD -1.6159058 7.4432373 -46.41266

1492571850488 GRAVITY 0.24486348 2.5437653 9.467824

1492571850497 LINEAR_ACCELERATION -0.14538518 0.35829616 0.5219555

1492571850500 ROTATION_VECTOR 0.12824558 -0.028782103 -0.12340321

1492571850502 ACCELEROMETER 0.46177673 2.480301 10.652634

1492571850505 GYROSCOPE -0.23464966 -0.01751709 0.052734375

1492571850625 MAGNETIC_FIELD -0.35858154 6.4819336 -47.9599

1492571850682 GRAVITY 0.15785158 2.2164142 9.551596

1492571850688 LINEAR_ACCELERATION -0.1854291 -0.9507239 1.5898952

1492571850691 ACCELEROMETER 0.48864746 1.91156 8.447723

1492571850694 GYROSCOPE 0.14251709 0.25990295 0.06365967

1492571850696 ROTATION_VECTOR 0.11215859 -0.020606188 -0.109652765

1492571850812 MAGNETIC_FIELD 1.5472412 6.048584 -47.85614

1492571850877 ACCELEROMETER -0.048736572 2.8867188 8.34317

1492571850883 GYROSCOPE 0.031417847 0.19979858 0.22868347

1492571850886 GRAVITY -0.29301852 2.4276931 9.496885

1492571850889 LINEAR_ACCELERATION 0.28723285 -0.3305645 -0.96062946

1492571850891 ROTATION_VECTOR 0.12557906 0.004847957 -0.08079565

1492571851015 MAGNETIC_FIELD 1.4373779 5.822754 -49.450684

1492571851085 ACCELEROMETER -0.39157104 2.8813171 10.494827

1492571851091 GYROSCOPE 0.036834717 0.14056396 0.5713959

1492571851094 GRAVITY -0.3532295 2.5305657 9.467938

1492571851096 LINEAR_ACCELERATION 0.23775166 0.7915592 -0.24765682

1492571851098 ROTATION_VECTOR 0.13071924 0.013490047 -0.035535928

1492571851214 MAGNETIC_FIELD 2.5924683 5.596924 -49.916077

1492571851276 ACCELEROMETER -0.6402893 1.9607697 9.560837

1492571851288 GYROSCOPE 0.049819946 4.5776367E-4 0.75886536

1492571851290 GRAVITY -0.3536907 2.672824 9.428749

1492571851293 LINEAR_ACCELERATION 0.28119758 0.3411045 0.6871042

1492571851297 ROTATION_VECTOR 0.13683549 0.023316465 0.036843907

1492571851406 MAGNETIC_FIELD 4.081726 5.166626 -52.026367

1492571851474 ACCELEROMETER -0.08267212 2.4638062 8.35582

1492571851485 GYROSCOPE 0.15518188 0.027709961 0.5895996

1492571851487 GRAVITY 0.047032245 2.7793453 9.404436

1492571851490 LINEAR_ACCELERATION -0.7856132 -1.2886431 1.7712526

1492571851493 ROTATION_VECTOR 0.1426301 0.012801284 0.10513651

1492571851604 MAGNETIC_FIELD 4.4174194 5.3253174 -52.17285

1492571851686 GRAVITY 0.29012385 3.0051942 9.330328

1492571851693 LINEAR_ACCELERATION 0.09120867 0.06384897 -0.3396206

1492571851695 ROTATION_VECTOR 0.15553601 0.009706373 0.15597482

1492571851735 ACCELEROMETER 0.31271362 3.160614 9.064331

1492571851741 GYROSCOPE -0.035583496 0.0572052 0.18702698

1492571851859 MAGNETIC_FIELD 4.3685913 9.020996 -51.919556

1492571851887 GRAVITY 0.28914982 2.9441838 9.34979

1492571851893 LINEAR_ACCELERATION 0.1992316 0.051567316 0.61348534

1492571851896 ROTATION_VECTOR 0.15221974 0.011070998 0.16768646

1492571851929 ACCELEROMETER 0.6516113 2.125763 10.130859

1492571851937 GYROSCOPE -0.30659485 0.0765686 -0.15783691

1492571852058 MAGNETIC_FIELD 5.369568 7.9101563 -52.668762

1492571852086 GRAVITY 0.075198926 2.316767 9.528763

1492571852093 LINEAR_ACCELERATION 0.92685467 -0.57296133 -0.084589005

1492571852095 ROTATION_VECTOR 0.11819716 0.014061883 0.14922027

1492571852127 ACCELEROMETER 0.7871094 1.8056793 8.981705

1492571852133 GYROSCOPE 0.086502075 0.10987854 -0.11961365

1492571852253 MAGNETIC_FIELD 7.5012207 7.209778 -51.309204

1492571852284 GRAVITY -0.14103426 2.462638 9.49136

1492571852290 LINEAR_ACCELERATION 0.598279 -0.27731276 -1.2169218

1492571852293 ROTATION_VECTOR 0.12406691 0.026129201 0.14859027

1492571852317 ACCELEROMETER 0.15274048 2.6492767 8.726288

1492571852326 GYROSCOPE 0.033676147 0.04232788 0.09564209

1492571852453 MAGNETIC_FIELD 5.819702 7.737732 -52.23236

1492571852486 GRAVITY -0.11276496 2.555184 9.467244

1492571852495 LINEAR_ACCELERATION -0.039031036 -0.014193058 0.045829773

1492571852499 ROTATION_VECTOR 0.12858117 0.027781077 0.16642682

1492571852514 ACCELEROMETER 0.3524475 3.1828308 10.021027

1492571852521 GYROSCOPE 0.09724426 0.023101807 0.57121277

1492571852645 MAGNETIC_FIELD 8.401489 5.2459717 -51.75171

1492571852686 GRAVITY 0.11250262 2.7215333 9.420774

1492571852696 LINEAR_ACCELERATION -0.07351531 0.92415905 -0.6489172

1492571852713 ROTATION_VECTOR 0.13797481 0.025241792 0.21825385

1492571852716 ACCELEROMETER 0.11759949 1.7063751 9.204605

1492571852719 GYROSCOPE 0.20207214 0.108932495 0.49079895

1492571852837 MAGNETIC_FIELD 9.144592 4.9682617 -51.823425

1492571852882 GRAVITY 0.19621772 3.0574892 9.315774

1492571852886 LINEAR_ACCELERATION -0.10799244 -1.2258885 -2.1398468

1492571852889 ROTATION_VECTOR 0.15449904 0.034025937 0.27369305

1492571852901 ACCELEROMETER 0.29418945 2.462967 8.5303955

1492571852905 GYROSCOPE -0.041610718 0.118118286 0.09194946

1492571853028 MAGNETIC_FIELD 8.26416 5.9265137 -51.98059

1492571853080 GRAVITY 0.035331395 2.9515743 9.351863

1492571853083 LINEAR_ACCELERATION 0.61858654 -0.16073537 -1.1055641

1492571853086 ROTATION_VECTOR 0.14633843 0.04210392 0.28462386

1492571853095 ACCELEROMETER -0.30796814 3.461975 8.724472

1492571853098 GYROSCOPE -0.15892029 -0.20451355 -0.36016846

1492571853226 MAGNETIC_FIELD 5.795288 7.8033447 -52.578735

1492571853286 GRAVITY 0.1944933 2.698022 9.4262

1492571853289 LINEAR_ACCELERATION -0.55268204 1.0842226 0.2038784

1492571853289 ROTATION_VECTOR 0.13725905 0.023612214 0.23761885

1492571853290 ACCELEROMETER -0.6389618 2.6319427 9.964142

1492571853290 GYROSCOPE -0.1681366 -0.13319397 -0.17843628

1492571853424 MAGNETIC_FIELD 8.01239 8.308411 -52.59857

1492571853482 GRAVITY 0.3369359 2.4583602 9.487535

1492571853483 LINEAR_ACCELERATION -0.6046031 0.058160543 0.9185219

1492571853483 ROTATION_VECTOR 0.12728754 0.008259045 0.19802104

1492571853484 ACCELEROMETER 0.2300415 1.2548523 9.830109

1492571853484 GYROSCOPE -0.05229187 0.22338867 0.29008484

1492571853620 MAGNETIC_FIELD 10.585022 7.9711914 -51.153564

1492571853717 GRAVITY -0.1021553 2.2102416 9.553783

1492571853723 LINEAR_ACCELERATION 0.44369406 -1.1750495 1.3477783

1492571853725 ACCELEROMETER 0.22796631 2.2032776 8.695969

1492571853725 GYROSCOPE -0.10018921 0.18104553 0.69355774

1492571853726 ROTATION_VECTOR 0.10853545 0.033356477 0.24771339

1492571853810 MAGNETIC_FIELD 14.364624 7.420349 -51.19171

1492571853878 ACCELEROMETER 0.10006714 2.7116394 9.640732

1492571853879 GRAVITY 0.038267653 2.0237648 9.595483

1492571853879 LINEAR_ACCELERATION -0.18169683 0.2692796 0.058099747

1492571853880 GYROSCOPE 0.032806396 0.21226501 0.81987

1492571853880 ROTATION_VECTOR 0.098857254 0.031523954 0.3200317

1492571854086 MAGNETIC_FIELD 16.421509 6.1523438 -51.675415

1492571854095 GRAVITY -0.13004188 2.2161415 9.552078

1492571854097 LINEAR_ACCELERATION -0.08141698 0.5765927 0.3034935

1492571854100 ROTATION_VECTOR 0.101604834 0.051536646 0.39674252

1492571854148 ACCELEROMETER -0.4052887 2.1338806 10.142746

1492571854158 GYROSCOPE 0.012969971 0.5329895 0.70262146

1492571854284 MAGNETIC_FIELD 18.79425 2.9067993 -50.66681

1492571854290 GRAVITY -0.64951473 2.363677 9.495343

1492571854292 LINEAR_ACCELERATION -0.18233877 -1.0153203 2.08325

1492571854295 ROTATION_VECTOR 0.09128321 0.08683085 0.4688313

1492571854346 ACCELEROMETER -0.5727539 1.6712036 8.803726

1492571854352 GYROSCOPE 0.35224915 -0.14364624 0.81495667

1492571854476 MAGNETIC_FIELD 18.786621 -0.289917 -50.125122

1492571854485 GRAVITY -0.07718508 2.8754208 9.375307

1492571854487 LINEAR_ACCELERATION -0.47821838 -1.0581727 0.4888153

1492571854490 ROTATION_VECTOR 0.12258862 0.08345299 0.5343786

1492571854540 ACCELEROMETER -0.23338318 2.5815582 8.318863

1492571854548 GYROSCOPE -0.07171631 0.10896301 0.4963684

1492571854669 MAGNETIC_FIELD 20.358276 -0.20141602 -50.787354

1492571854681 GRAVITY -0.023681633 2.6925364 9.429745

1492571854684 LINEAR_ACCELERATION 0.15960415 0.3476336 -1.0716515

1492571854687 ROTATION_VECTOR 0.11301317 0.080280006 0.5664025

1492571854761 ACCELEROMETER 0.028030396 3.1406555 9.254501

1492571854773 GYROSCOPE -0.12295532 -0.027664185 0.28886414

1492571854860 MAGNETIC_FIELD 18.315125 3.2104492 -51.638794

1492571854888 ROTATION_VECTOR 0.111746706 0.06617869 0.5734173

1492571854898 GRAVITY 0.20682795 2.517178 9.475834

1492571854901 LINEAR_ACCELERATION -0.110296816 0.6620438 0.58649635

1492571854934 ACCELEROMETER -0.22061157 2.0572815 10.356674

1492571854946 GYROSCOPE -0.23521423 -0.07904053 0.07247925

1492571855059 MAGNETIC_FIELD 20.021057 2.5527954 -50.9964

1492571855085 GRAVITY 0.29138634 2.0608428 9.583236

1492571855092 LINEAR_ACCELERATION -1.0420761 -0.80642796 3.0434237

1492571855095 ROTATION_VECTOR 0.09522701 0.048195213 0.56876653

1492571855127 ACCELEROMETER 0.07911682 2.0866852 8.804291

1492571855136 GYROSCOPE 0.083099365 0.24386597 0.45622253

1492571855258 MAGNETIC_FIELD 22.491455 -1.0940552 -50.149536

1492571855286 GRAVITY 0.052835185 2.1884153 9.559207

1492571855293 LINEAR_ACCELERATION -0.33407286 -0.22629714 -1.2260685

1492571855296 ROTATION_VECTOR 0.09112633 0.06566652 0.6002193

1492571855325 ACCELEROMETER 0.23814392 2.7990112 8.963852

1492571855332 GYROSCOPE 0.13693237 0.17628479 0.8369446

1492571855455 MAGNETIC_FIELD 22.953796 -4.76532 -48.971558

1492571855486 GRAVITY 0.098377734 2.4459019 9.496224

1492571855493 LINEAR_ACCELERATION 0.2356931 0.542387 -0.19664669

1492571855496 ROTATION_VECTOR 0.09722201 0.07984486 0.6599227

1492571855519 ACCELEROMETER -0.021652222 2.790863 10.063416

1492571855527 GYROSCOPE 0.17214966 0.25779724 0.86938477

1492571855648 MAGNETIC_FIELD 23.452759 -9.712219 -48.79608

1492571855686 GRAVITY 0.065587275 2.7827318 9.403323

1492571855693 LINEAR_ACCELERATION -0.21569087 0.42742634 -0.2599573

1492571855695 ROTATION_VECTOR 0.1012753 0.10152467 0.71693295

1492571855716 ACCELEROMETER -0.23620605 1.9508362 9.233231

1492571855723 GYROSCOPE 0.04710388 0.108810425 0.9358368

1492571855847 MAGNETIC_FIELD 22.60437 -10.813904 -47.64862

1492571855887 GRAVITY 0.3320112 2.8412232 9.380171

1492571855895 LINEAR_ACCELERATION -0.480797 -0.42340446 -1.6313848

1492571855898 ROTATION_VECTOR 0.103979036 0.104559794 0.7775289

1492571855903 ACCELEROMETER -0.06590271 2.7500153 9.0728

1492571855906 GYROSCOPE -0.010467529 0.28797913 0.75598145

1492571856039 MAGNETIC_FIELD 23.214722 -13.453674 -45.840454

1492571856087 GRAVITY 0.21506555 2.6550164 9.437957

1492571856095 LINEAR_ACCELERATION -0.4031642 0.21785426 -0.55489254

1492571856100 ROTATION_VECTOR 0.0855079 0.1071753 0.821663

1492571856103 ACCELEROMETER 0.19142151 3.2955627 9.37587

1492571856105 GYROSCOPE 0.017730713 0.13127136 0.29510498

1492571856237 MAGNETIC_FIELD 23.184204 -11.404419 -46.78192

1492571856286 GRAVITY 0.083952196 2.7481556 9.413341

1492571856297 LINEAR_ACCELERATION -0.024379224 0.731369 -0.13567924

1492571856300 ROTATION_VECTOR 0.07984237 0.116954714 0.83423513

1492571856304 ACCELEROMETER 0.51226807 2.2104187 9.567108

1492571856306 GYROSCOPE -0.09466553 0.22164917 -0.008377075

1492571856486 GRAVITY -0.107875794 2.5264611 9.475006

1492571856496 LINEAR_ACCELERATION 0.96649307 -0.63368654 1.4150238

1492571856499 ROTATION_VECTOR 0.066738464 0.111602455 0.82847846

1492571856502 MAGNETIC_FIELD 27.859497 -12.336731 -45.791626

1492571856567 ACCELEROMETER 0.21946716 2.2171326 8.5976715

1492571856573 GYROSCOPE 0.03251648 0.34513855 0.13209534

1492571856687 GRAVITY -0.75871897 2.5569324 9.436993

1492571856696 LINEAR_ACCELERATION 0.7747202 -0.26250744 -1.4560766

1492571856698 ROTATION_VECTOR 0.040012747 0.13132505 0.82625353

1492571856701 MAGNETIC_FIELD 28.112793 -13.787842 -44.76776

1492571856751 ACCELEROMETER -0.31733704 3.0025635 9.037323

1492571856753 GYROSCOPE 0.0010986328 0.08274841 0.12261963

1492571856882 GRAVITY -0.8806882 2.6429822 9.402628

1492571856885 LINEAR_ACCELERATION 0.21851015 0.3432653 0.43594646

1492571856888 MAGNETIC_FIELD 28.4729 -14.974976 -44.514465

1492571856890 ROTATION_VECTOR 0.037247702 0.13860731 0.8255324

1492571856947 ACCELEROMETER -0.7023773 2.9101715 9.904556

1492571856952 GYROSCOPE 0.09489441 0.1368866 0.48516846

1492571857088 GRAVITY -0.8253204 2.8716388 9.340392

1492571857105 LINEAR_ACCELERATION 0.1502608 0.6765692 -0.62093353

1492571857124 ROTATION_VECTOR 0.040302407 0.14882292 0.84524703

1492571857127 MAGNETIC_FIELD 28.007507 -16.99524 -44.552612

1492571857140 ACCELEROMETER -0.8208008 2.2133942 9.105179

1492571857141 GYROSCOPE -0.093948364 -0.018829346 0.46195984

1492571857277 MAGNETIC_FIELD 26.271057 -16.708374 -44.01245

1492571857278 GRAVITY -0.58577096 2.7461193 9.396068

1492571857278 LINEAR_ACCELERATION -0.016100764 -0.34761167 0.94467354

1492571857279 ROTATION_VECTOR 0.04217011 0.13840361 0.8655285

1492571857339 ACCELEROMETER -0.6856079 2.5453339 8.665527

1492571857339 GYROSCOPE -0.09661865 0.090652466 0.19973755

1492571857465 MAGNETIC_FIELD 27.108765 -16.459656 -44.38629

1492571857476 GRAVITY -0.63197625 2.6024377 9.433891

1492571857477 LINEAR_ACCELERATION 0.11782336 0.15153909 -0.26793194

1492571857479 ROTATION_VECTOR 0.03549573 0.13321204 0.8698489

1492571857532 ACCELEROMETER -0.27565002 3.271469 9.494019

1492571857534 GYROSCOPE -0.04788208 -0.077682495 -0.030563354

1492571857664 MAGNETIC_FIELD 27.43988 -14.202881 -43.76526

1492571857683 GRAVITY -0.49184993 2.543289 9.458338

1492571857689 LINEAR_ACCELERATION 0.3425868 0.74142313 0.7364559

1492571857692 ROTATION_VECTOR 0.04324254 0.12605187 0.8593362

1492571857732 ACCELEROMETER -0.29455566 2.2956543 9.902878

1492571857742 GYROSCOPE 0.017318726 -0.040267944 -0.28015137

1492571857863 MAGNETIC_FIELD 27.70691 -15.307617 -45.285034

1492571857878 GRAVITY -0.5306071 2.5027614 9.46705

1492571857886 LINEAR_ACCELERATION -0.2660274 -0.96224236 1.6152506

1492571857889 ROTATION_VECTOR 0.0459965 0.12328475 0.83670735

1492571857926 ACCELEROMETER -0.08345032 2.2893372 8.240616

1492571857929 GYROSCOPE 0.109436035 0.020858765 -0.071380615

1492571858057 MAGNETIC_FIELD 28.128052 -14.27002 -45.858765

1492571858081 GRAVITY -0.58432865 2.7243342 9.402497

1492571858085 LINEAR_ACCELERATION 0.4024887 -0.6080761 -0.8233261

1492571858089 ROTATION_VECTOR 0.052241404 0.13370456 0.82575077

1492571858124 ACCELEROMETER 0.31886292 2.5789185 9.125763

1492571858131 GYROSCOPE -0.26930237 -0.3718872 0.13529968

1492571858251 MAGNETIC_FIELD 26.054382 -14.331055 -47.44873

1492571858278 GRAVITY 0.05160542 2.220705 9.551764

1492571858288 LINEAR_ACCELERATION 0.17414333 -0.30808854 1.4700394

1492571858290 ROTATION_VECTOR 0.065913334 0.09301084 0.8237051

1492571858318 ACCELEROMETER 0.9330902 2.7916412 10.254562

1492571858321 GYROSCOPE 0.041641235 0.0043792725 0.4050293

1492571858448 MAGNETIC_FIELD 25.628662 -16.773987 -44.981384

1492571858490 GRAVITY 0.36069298 2.3321257 9.518481

1492571858499 LINEAR_ACCELERATION 0.5255573 1.0075743 0.44034004

1492571858522 ROTATION_VECTOR 0.07998282 0.091078505 0.8372015

1492571858525 ACCELEROMETER -0.39434814 1.6482391 9.062454

1492571858528 GYROSCOPE 0.013580322 0.25889587 0.24359131

1492571858678 GRAVITY 0.07701628 2.2931576 9.534457

1492571858683 LINEAR_ACCELERATION -0.31291246 -0.419832 0.5097494

1492571858686 ROTATION_VECTOR 0.06380561 0.09902927 0.8523521

1492571858708 MAGNETIC_FIELD 29.077148 -15.188599 -44.273376

1492571858775 ACCELEROMETER 0.45944214 1.8880615 6.3900146

1492571858836 GYROSCOPE -0.25448608 0.6649933 -0.12211609

1492571858876 GRAVITY -0.9250527 1.9658419 9.562956

1492571858877 LINEAR_ACCELERATION 1.3450384 -0.22315371 -3.427311

1492571858879 ROTATION_VECTOR 0.012889763 0.11071942 0.84422743

1492571858901 MAGNETIC_FIELD 32.199097 -16.279602 -41.8396

1492571858966 ACCELEROMETER -1.3031616 1.3787384 6.3972473

1492571858967 GYROSCOPE 0.4144745 -0.15333557 -0.3681488

1492571859078 GRAVITY -1.0843834 2.3926425 9.448268

1492571859080 LINEAR_ACCELERATION -0.65691495 -1.4072297 -1.8890533

1492571859082 ROTATION_VECTOR 0.02398732 0.13303018 0.81555945

1492571859098 MAGNETIC_FIELD 32.35321 -17.965698 -39.031982

1492571859163 ACCELEROMETER -1.4322052 1.1135254 9.4071045

1492571859165 GYROSCOPE 0.27586365 -0.14859009 -0.30407715

1492571859277 GRAVITY -1.1677917 2.926226 9.2867565

1492571859278 LINEAR_ACCELERATION -1.4127858 -2.4425244 1.2660408

1492571859279 ROTATION_VECTOR 0.04184 0.1573423 0.7916214

1492571859300 MAGNETIC_FIELD 22.63031 -15.94696 -46.29669

1492571859358 ACCELEROMETER 1.6436768 1.5669403 11.776535

1492571859359 GYROSCOPE -0.59199524 -1.561554 0.46229553

1492571859477 GRAVITY 1.2950819 2.2437437 9.458264

1492571859478 LINEAR_ACCELERATION 0.61232424 -0.89489746 2.1157684

1492571859479 ROTATION_VECTOR 0.120460436 0.05702645 0.81507015

1492571859493 MAGNETIC_FIELD 15.075684 -2.5787354 -52.252197

1492571859558 ACCELEROMETER 2.4355316 -0.21472168 11.630753

1492571859563 GYROSCOPE -1.3166809 -0.5687561 -2.67247

1492571859682 GRAVITY 2.6039114 0.48760766 9.442048

1492571859688 LINEAR_ACCELERATION -4.929812 -1.3914285 8.946303

1492571859694 ROTATION_VECTOR 0.110238925 -0.08023037 0.68000555

1492571859696 MAGNETIC_FIELD 14.405823 5.126953 -52.388

1492571859758 ACCELEROMETER 1.3592224 1.7258301 9.646622

1492571859762 GYROSCOPE 0.6537781 -0.25743103 -0.9919586

1492571859882 GRAVITY 2.8454237 2.1959624 9.124237

1492571859886 LINEAR_ACCELERATION 6.86612 1.0972307 -2.798191

1492571859889 ROTATION_VECTOR 0.17366152 -0.06808132 0.5050263

1492571859895 MAGNETIC_FIELD 18.649292 -10.726929 -49.243164

1492571859945 ACCELEROMETER 3.8228912 1.73703 8.873352

1492571859946 GYROSCOPE 0.8435669 2.098709 2.422989

1492571860076 MAGNETIC_FIELD 10.577393 -21.360779 -45.825195

1492571860076 GRAVITY 0.3778629 2.6393118 9.437248

1492571860077 LINEAR_ACCELERATION 8.018208 0.31670642 0.084088326

1492571860079 ROTATION_VECTOR 0.104292065 0.08920458 0.7440304

1492571860141 ACCELEROMETER 7.761307 0.20220947 7.015335

1492571860142 GYROSCOPE -1.5610352 1.376648 4.299942

1492571860272 MAGNETIC_FIELD 29.03595 4.248047 -46.68579

1492571860276 GRAVITY 0.6949322 -0.815711 9.747927

1492571860276 LINEAR_ACCELERATION 18.96745 4.0781393 9.94582

1492571860279 ROTATION_VECTOR 0.020697271 -0.050652675 0.9485308

1492571860337 ACCELEROMETER 1.2447968 -2.2110443 0.6788025

1492571860337 GYROSCOPE -4.202713 1.373291E-4 2.3347473

1492571860467 MAGNETIC_FIELD 14.624023 37.417603 -38.356018

1492571860476 GRAVITY -2.108202 -7.0202 6.5148034

1492571860476 LINEAR_ACCELERATION 2.775104 4.6020336 -6.8634863

1492571860479 ROTATION_VECTOR -0.15418227 -0.37955934 0.90819234

1492571860533 ACCELEROMETER 4.6638947 0.40327454 5.3181305

1492571860533 GYROSCOPE -0.89712524 -4.8407135 3.22406

1492571860664 MAGNETIC_FIELD 36.720276 2.09198 24.32251

1492571860676 GRAVITY -2.9961088 -6.779395 6.4213333

1492571860676 LINEAR_ACCELERATION 3.3626013 4.402922 -5.934006

1492571860679 ROTATION_VECTOR -0.015515581 0.41516548 -0.8176737

1492571860729 ACCELEROMETER 0.868042 -4.873001 -4.3364563

1492571860729 GYROSCOPE -1.4820709 16.387344 2.2082062

1492571860859 MAGNETIC_FIELD 26.986694 7.8704834 37.594604

1492571860876 GRAVITY 2.0516222 -1.303128 -9.5006895

1492571860878 LINEAR_ACCELERATION 5.7349916 3.0386322 8.368165

1492571860879 ROTATION_VECTOR -0.68880045 -0.7141108 -0.024994666

1492571860925 ACCELEROMETER 0.15232849 -1.5424194 -5.4217377

1492571860925 GYROSCOPE 0.6374054 2.9549255 -0.13644409

1492571861076 GRAVITY 8.068393 -1.8113451 -5.2716646

1492571861077 LINEAR_ACCELERATION -6.403256 -0.40065968 -0.7670593

1492571861079 ROTATION_VECTOR -0.633482 -0.6062018 -0.26615313

1492571861121 MAGNETIC_FIELD 28.883362 4.483032 39.845276

1492571861186 ACCELEROMETER 0.21881104 -0.3627777 -6.3582764

1492571861187 GYROSCOPE -0.37968445 1.4232483 0.1250763

1492571861276 GRAVITY 9.548225 -1.7912395 -1.339119

1492571861277 LINEAR_ACCELERATION -7.0212502 1.0741932 -9.110134

1492571861279 ROTATION_VECTOR -0.5894136 -0.4699656 -0.42940354

1492571861317 MAGNETIC_FIELD 23.88153 3.2028198 38.885498

1492571861382 ACCELEROMETER 1.4299774 0.099609375 -10.053085

1492571861383 GYROSCOPE -0.70739746 2.7901917 1.6256561

1492571861476 GRAVITY 9.215026 -3.3205514 0.47709692

1492571861477 LINEAR_ACCELERATION -7.640886 3.545595 -11.215204

1492571861479 ROTATION_VECTOR -0.5961782 -0.34676567 -0.46543965

1492571861513 MAGNETIC_FIELD -38.101196 -9.692383 -11.503601

1492571861578 ACCELEROMETER 4.6999054 -0.26713562 2.3792725

1492571861578 GYROSCOPE -2.3618011 10.374802 1.2401276

1492571861676 GRAVITY -0.481461 -8.007032 5.6414547

1492571861677 LINEAR_ACCELERATION 5.9761834 5.702494 -2.8567207

1492571861679 ROTATION_VECTOR -0.14109772 0.43869954 -0.8270317

1492571861709 MAGNETIC_FIELD -19.880676 -11.474609 -43.98346

1492571861774 ACCELEROMETER 2.9420776 -0.38027954 9.480255

1492571861774 GYROSCOPE -0.38156128 2.0583496 -0.45178223

1492571861876 GRAVITY -3.1920173 -8.336953 4.0591407

1492571861877 LINEAR_ACCELERATION 5.445427 4.9827595 5.550929

1492571861879 ROTATION_VECTOR 0.18109345 0.5101437 -0.84055495

1492571861905 MAGNETIC_FIELD -13.209534 -11.817932 -45.954895

1492571861970 ACCELEROMETER 1.6832275 -0.39764404 9.864822

1492571861970 GYROSCOPE -0.06010437 0.23600769 0.0104522705

1492571862076 GRAVITY -3.1857083 -8.4075775 3.9159026

1492571862077 LINEAR_ACCELERATION 3.9530044 5.3861957 6.7963667

1492571862079 ROTATION_VECTOR -0.21733811 -0.5030991 0.835585

1492571862101 MAGNETIC_FIELD -14.971924 -11.428833 -46.30127

1492571862165 ACCELEROMETER 1.7318573 -0.6542969 10.669022

1492571862166 GYROSCOPE 0.17434692 -0.15133667 -0.07040405

1492571862276 GRAVITY -2.7455745 -8.038421 4.9006114

1492571862277 LINEAR_ACCELERATION 2.9908648 4.0185094 9.489089

1492571862279 ROTATION_VECTOR -0.17694877 -0.46779 0.8654883

1492571862297 MAGNETIC_FIELD -14.402771 -12.69989 -45.689392

