1492571900319 ACCELEROMETER -5.768448 7.718567 5.711487

1492571900331 GRAVITY -4.873558 6.9042706 4.974924

1492571900335 LINEAR_ACCELERATION -3.3315463 -3.3677444 -2.1791801

1492571900335 ROTATION_VECTOR 0.45890564 -0.18909015 -0.7330781

1492571900344 GYROSCOPE 2.86557 4.6673737 1.3718414

1492571900345 MAGNETIC_FIELD 13.885498 -47.0932 -12.229919

1492571900515 ACCELEROMETER 0.52783203 5.136917 -3.2651825

1492571900531 GRAVITY -2.1358223 8.727544 -3.9292018

1492571900532 LINEAR_ACCELERATION 5.301396 -2.6256638 -0.9138198

1492571900534 ROTATION_VECTOR 0.8286175 -0.11716034 -0.20328566

1492571900540 GYROSCOPE -0.6247711 2.6298828 0.56803894

1492571900541 MAGNETIC_FIELD 6.4727783 -46.592712 -2.8411865

1492571900731 GRAVITY 0.3256774 9.48653 -2.4637496

1492571900732 LINEAR_ACCELERATION 1.7029884 0.757905 0.9153044

1492571900734 ROTATION_VECTOR 0.79072267 0.01933692 0.035936955

1492571900761 ACCELEROMETER 0.92700195 9.605667 -0.6264496

1492571900762 GYROSCOPE -0.15940857 0.89546204 -0.69703674

1492571900763 MAGNETIC_FIELD 10.388184 -46.662903 -11.11908

1492571900872 ACCELEROMETER 0.8148346 9.210007 -4.066513

1492571900931 GRAVITY 0.19340862 9.423668 -2.7069302

1492571900932 LINEAR_ACCELERATION 1.0251015 1.1634369 0.3387916

1492571900934 ROTATION_VECTOR 0.741555 0.2968354 0.23500079

1492571900958 GYROSCOPE 0.21592712 0.5691986 -0.12231445

1492571900959 MAGNETIC_FIELD 12.17041 -47.45331 -2.330017

1492571901131 GRAVITY 0.13816848 9.490204 -2.467254

1492571901132 LINEAR_ACCELERATION 0.18002135 0.34574795 -2.4643052

1492571901134 ROTATION_VECTOR 0.73614454 0.28963104 0.23223007

1492571901153 ACCELEROMETER -0.06704712 8.125198 -3.9470367

1492571901154 GYROSCOPE -3.214798 -0.32554626 0.78848267

1492571901155 MAGNETIC_FIELD 10.044861 -45.521545 -15.257263

1492571901331 GRAVITY 1.4175552 9.443437 2.2321353

1492571901332 LINEAR_ACCELERATION -0.72883785 -2.2049446 -1.7362702

1492571901334 ROTATION_VECTOR 0.61378825 0.09724576 0.23610924

1492571901350 ACCELEROMETER 0.96125793 9.136536 4.146988

1492571901350 GYROSCOPE -0.77749634 -8.8500977E-4 -0.46566772

1492571901351 MAGNETIC_FIELD 7.9330444 -34.97162 -36.57379

1492571901531 GRAVITY 1.2466238 8.520448 4.692365

1492571901532 LINEAR_ACCELERATION 0.4468782 0.32054806 -0.56292295

1492571901534 ROTATION_VECTOR 0.5062735 0.06665639 0.234456

1492571901545 ACCELEROMETER 1.7329102 7.587097 3.98378

1492571901546 GYROSCOPE 0.60383606 2.3570557 -0.26826477

1492571901547 MAGNETIC_FIELD 11.001587 -34.327698 -34.83429

1492571901731 GRAVITY -0.5457401 8.831506 4.228127

1492571901732 LINEAR_ACCELERATION 3.385036 -6.639145 -1.2453837

1492571901734 ROTATION_VECTOR 0.47821903 0.23607644 0.3269552

1492571901741 ACCELEROMETER -2.3223724 11.673248 0.7039032

1492571901852 GYROSCOPE 0.35298157 0.55747986 -0.21121216

1492571901853 MAGNETIC_FIELD 25.056458 -37.77008 -26.792908

1492571901931 GRAVITY -1.8493587 9.381331 2.1773577

1492571901932 LINEAR_ACCELERATION 1.6334809 -0.90019035 -2.8059015

1492571901934 ROTATION_VECTOR 0.52477705 0.3370381 0.28723046

1492571901937 ACCELEROMETER -1.8852386 8.518097 1.4290924

1492571902048 GYROSCOPE 1.0493469 -0.33935547 0.10745239

1492571902049 MAGNETIC_FIELD 29.472351 -42.269897 -9.254456

1492571902131 GRAVITY -1.9463321 9.606702 -0.30571762

1492571902132 LINEAR_ACCELERATION -1.2406197 -0.50408936 -5.2004533

1492571902133 ACCELEROMETER -3.3345032 9.258728 -1.0373077

1492571902137 ROTATION_VECTOR 0.66176707 0.3086922 0.20685485

1492571902244 GYROSCOPE 0.45428467 -1.0075378 0.5244293

1492571902245 MAGNETIC_FIELD 22.225952 -44.51599 -14.421082

1492571902329 ACCELEROMETER -2.0985565 9.410187 -1.9324951

1492571902333 GRAVITY -0.79289937 9.751436 -0.6717112

1492571902333 LINEAR_ACCELERATION -0.8136679 -0.15454292 -1.6346831

1492571902334 ROTATION_VECTOR 0.6934354 0.23107384 0.16257095

1492571902440 GYROSCOPE -0.10131836 -0.47772217 0.12057495

1492571902440 MAGNETIC_FIELD 17.87262 -45.518494 -15.261841

1492571902525 ACCELEROMETER -1.5338593 9.67897 -1.2708588

1492571902636 GYROSCOPE 0.01902771 -0.09841919 -0.38833618

1492571902637 MAGNETIC_FIELD 21.766663 -43.415833 -16.893005

1492571902724 ACCELEROMETER -0.30743408 9.387711 -0.847229

1492571902733 GRAVITY -1.6044085 9.646022 -0.7419721

1492571902734 LINEAR_ACCELERATION 0.22229087 -1.5607224 0.65540695

1492571902735 ROTATION_VECTOR 0.6956107 0.2322839 0.10660841

1492571902839 GYROSCOPE 0.17573547 -0.47114563 0.059829712

1492571902847 MAGNETIC_FIELD 18.640137 -44.682312 -15.861511

1492571902928 ACCELEROMETER -0.96461487 9.266708 -0.46113586

1492571902943 GRAVITY -1.4287099 9.649449 -1.00861

1492571902944 LINEAR_ACCELERATION 0.5483875 -0.6121206 0.59590495

1492571902944 ROTATION_VECTOR 0.7119089 0.21121204 0.09440075

1492571903034 GYROSCOPE 0.16543579 -0.3617859 0.047409058

1492571903035 MAGNETIC_FIELD 18.59436 -44.610596 -14.492798

1492571903118 ACCELEROMETER -1.8247681 10.734772 -0.59536743

1492571903136 GRAVITY -2.0702717 9.549724 -0.82894105

1492571903137 LINEAR_ACCELERATION 0.25577235 1.6380711 -0.22831374

1492571903138 ROTATION_VECTOR 0.71153045 0.1897068 0.031835206

1492571903237 GYROSCOPE -0.094055176 -0.6927643 -0.3321228

1492571903244 MAGNETIC_FIELD 19.915771 -44.036865 -16.217041

1492571903319 ACCELEROMETER -1.4410248 8.520096 -2.3031921

1492571903341 GRAVITY -1.8615174 9.626568 -0.18527976

1492571903348 LINEAR_ACCELERATION -0.39422667 -0.040133476 -1.3848621

1492571903351 ROTATION_VECTOR 0.7019195 0.1294438 -0.006058479

1492571903434 GYROSCOPE 0.12950134 -0.5574188 0.39059448

1492571903440 MAGNETIC_FIELD 16.444397 -45.0058 -19.570923

1492571903517 ACCELEROMETER -0.8964844 8.508331 -1.6083679

1492571903542 GRAVITY -1.3635012 9.692561 -0.6045654

1492571903548 LINEAR_ACCELERATION -0.9080204 -1.8622427 -0.19773823

1492571903551 ROTATION_VECTOR 0.7156568 0.13660021 0.033445377

1492571903626 GYROSCOPE -0.09667969 0.68777466 0.072906494

1492571903636 MAGNETIC_FIELD 15.661621 -45.15686 -16.914368

1492571903709 ACCELEROMETER -1.8249512 10.013809 -1.099884

1492571903742 GRAVITY -1.24653 9.70753 -0.6167791

1492571903748 LINEAR_ACCELERATION -0.9650736 0.39821053 0.013098419

1492571903751 ROTATION_VECTOR 0.7018543 0.19709778 0.099626526

1492571903825 GYROSCOPE -0.36264038 0.88423157 -0.15382385

1492571903831 MAGNETIC_FIELD 18.444824 -45.93048 -17.877197

1492571903905 ACCELEROMETER -0.6613312 10.397232 -1.5040131

1492571903941 GRAVITY -1.4866036 9.686378 -0.36671224

1492571903948 LINEAR_ACCELERATION 2.0039988 -3.9611282 -1.1307813

1492571903955 ROTATION_VECTOR 0.66965 0.26507723 0.15453437

1492571904018 GYROSCOPE -0.07922363 0.8896637 -0.13052368

1492571904027 MAGNETIC_FIELD 23.342896 -43.592834 -16.755676

1492571904144 GRAVITY -1.8712238 9.589087 -0.8475447

1492571904152 LINEAR_ACCELERATION -0.93596244 -1.529005 -0.07622868

1492571904155 ROTATION_VECTOR 0.6378246 0.36931357 0.22037022

1492571904217 ACCELEROMETER -0.37443542 9.474518 -0.8012848

1492571904223 GYROSCOPE 0.015457153 0.9299164 -0.1559143

1492571904229 MAGNETIC_FIELD 28.416443 -42.962646 -11.997986

1492571904337 GRAVITY -1.8038759 9.585296 -1.019079

1492571904337 LINEAR_ACCELERATION -0.2325052 -0.79810715 1.5061098

1492571904338 ROTATION_VECTOR 0.62474084 0.40206653 0.25189728

1492571904405 ACCELEROMETER -1.5696564 9.281906 -0.14407349

1492571904406 GYROSCOPE 0.032058716 0.06285095 -0.14607239

1492571904407 MAGNETIC_FIELD 29.508972 -42.549133 -10.50415

1492571904534 GRAVITY -2.33247 9.5023 -0.6605018

1492571904537 LINEAR_ACCELERATION -0.7528033 4.753232 -2.2892513

1492571904538 ROTATION_VECTOR 0.6102005 0.40166098 0.22866096

1492571904596 ACCELEROMETER -1.606247 10.390167 -1.9064941

1492571904597 GYROSCOPE -0.45747375 -0.38793945 -1.5258789E-5

1492571904598 MAGNETIC_FIELD 31.144714 -40.127563 -14.517212

1492571904735 GRAVITY -1.6785744 9.657034 -0.30737776

1492571904739 LINEAR_ACCELERATION 1.9986007 0.6449518 -1.3879069

1492571904744 ROTATION_VECTOR 0.624398 0.35468167 0.23502745

1492571904796 ACCELEROMETER -0.43170166 8.703293 -1.8549194

1492571904799 GYROSCOPE 0.24151611 0.36791992 0.2647705

1492571904803 MAGNETIC_FIELD 27.851868 -42.06848 -14.604187

1492571904942 GRAVITY -1.3347793 9.676358 -0.8699741

1492571904947 LINEAR_ACCELERATION -0.11905658 -0.77255154 -0.4171725

1492571904949 ROTATION_VECTOR 0.6187229 0.4019183 0.28691155

1492571904998 ACCELEROMETER -1.2925262 9.055084 -1.1809082

1492571905004 GYROSCOPE -0.07569885 1.0650024 -0.022872925

1492571905007 MAGNETIC_FIELD 29.031372 -43.62793 -10.127258

1492571905138 GRAVITY -1.3361583 9.692709 -0.6606556

1492571905145 LINEAR_ACCELERATION -0.548398 0.5265131 -0.31492954

1492571905148 ROTATION_VECTOR 0.56198364 0.46675313 0.3604751

1492571905184 ACCELEROMETER -1.4951935 10.183609 -0.8331909

1492571905185 GYROSCOPE -0.48739624 1.1614838 -0.19400024

1492571905186 MAGNETIC_FIELD 32.125854 -40.634155 -7.8460693

1492571905336 GRAVITY -1.569943 9.675062 -0.3143858

1492571905416 LINEAR_ACCELERATION 2.1445305 -3.3812227 -1.001252

1492571905416 ROTATION_VECTOR 0.49378952 0.521729 0.4221444

1492571905417 ACCELEROMETER -0.3235016 9.396149 -0.9816742

1492571905417 GYROSCOPE -0.078430176 1.1215973 -0.2697754

1492571905417 MAGNETIC_FIELD 32.850647 -41.11786 -4.904175

1492571905535 GRAVITY -2.0132296 9.571944 -0.70368797

1492571905535 LINEAR_ACCELERATION -0.20990026 -1.4629421 1.418133

1492571905535 ROTATION_VECTOR 0.43598408 0.5880442 0.4520302

1492571905578 ACCELEROMETER -1.3362122 8.985321 -0.54989624

1492571905579 GYROSCOPE 0.19566345 0.3843994 -0.06980896

1492571905579 MAGNETIC_FIELD 35.06775 -38.25531 1.0635376

1492571905736 GRAVITY -1.9324281 9.54448 -1.1571493

1492571905738 LINEAR_ACCELERATION -0.20153296 -0.012415886 0.8410369

1492571905739 ROTATION_VECTOR 0.44229993 0.60280097 0.44680762

1492571905783 ACCELEROMETER -1.7824097 10.079727 -0.055114746

1492571905868 GYROSCOPE -0.0128479 -0.30673218 -0.06732178

1492571905876 MAGNETIC_FIELD 34.292603 -37.22992 2.128601

1492571905945 GRAVITY -2.1930907 9.534766 -0.6700617

1492571905952 LINEAR_ACCELERATION -0.36718035 3.6945257 -1.318035

1492571905954 ROTATION_VECTOR 0.44902647 0.5766618 0.43082026

1492571905978 ACCELEROMETER -1.5263672 9.616562 -1.6353912

1492571906067 GYROSCOPE -0.29562378 -0.8496399 0.30273438

1492571906073 MAGNETIC_FIELD 35.476685 -37.294006 -3.9123535

1492571906145 GRAVITY -1.3914537 9.698204 -0.4231755

1492571906151 LINEAR_ACCELERATION 0.5055957 1.3666964 -0.55294585

1492571906154 ROTATION_VECTOR 0.51261514 0.5087255 0.41256267

1492571906171 ACCELEROMETER -0.68403625 8.028091 -2.1574707

1492571906248 GYROSCOPE 0.17500305 0.67189026 0.20747375

1492571906249 MAGNETIC_FIELD 32.217407 -39.100647 -1.8508911

1492571906333 GRAVITY -1.0350157 9.723251 -0.74667764

1492571906335 LINEAR_ACCELERATION -1.125335 -1.1915464 0.52324957

1492571906337 ROTATION_VECTOR 0.48684686 0.5486803 0.4577762

1492571906359 ACCELEROMETER -1.3673859 9.156799 -1.0939026

1492571906456 GYROSCOPE -0.094329834 1.0228424 0.028656006

1492571906462 MAGNETIC_FIELD 31.292725 -39.43329 2.229309

1492571906537 GRAVITY -0.93526894 9.744834 -0.5778223

1492571906543 LINEAR_ACCELERATION -0.94732946 0.5624361 -0.35749525

1492571906546 ROTATION_VECTOR 0.4291188 0.5876375 0.5127933

1492571906564 ACCELEROMETER -1.6403961 10.951324 -0.9606781

1492571906654 GYROSCOPE -0.43797302 0.9480896 -0.19456482

1492571906660 MAGNETIC_FIELD 31.295776 -38.18817 2.206421

1492571906745 GRAVITY -1.202953 9.731761 -0.1269607

1492571906756 LINEAR_ACCELERATION 2.5619903 -2.7435236 -0.97962654

1492571906758 ROTATION_VECTOR 0.3545242 0.6170784 0.5616068

1492571906761 ACCELEROMETER 1.0019073 9.38707 -1.0506592

1492571906847 GYROSCOPE 0.0024261475 0.9488983 -0.15966797

1492571906856 MAGNETIC_FIELD 30.345154 -36.77826 6.401062

1492571906945 GRAVITY -1.3891467 9.697467 -0.44697887

1492571906954 LINEAR_ACCELERATION 0.18411517 -0.64271927 0.83795065

1492571906957 ROTATION_VECTOR 0.31586078 0.65040106 0.57233065

1492571906960 ACCELEROMETER -0.88243103 9.019409 -0.27272034

1492571907045 GYROSCOPE 0.27441406 -0.0018463135 -0.006515503

1492571907052 MAGNETIC_FIELD 29.421997 -37.290955 8.163452

1492571907146 GRAVITY -1.4009787 9.667693 -0.8621796

1492571907152 LINEAR_ACCELERATION 0.10654354 -0.07225132 1.2265157

1492571907157 ROTATION_VECTOR 0.32904333 0.66006774 0.55492026

1492571907159 ACCELEROMETER -1.1999207 10.119263 0.25878906

1492571907239 GYROSCOPE -0.20300293 -0.35484314 -0.35710144

1492571907247 MAGNETIC_FIELD 32.12433 -36.305237 6.7489624

1492571907346 GRAVITY -2.0580025 9.58599 -0.20928608

1492571907352 LINEAR_ACCELERATION -0.6121309 5.2221622 -0.7898116

1492571907354 ROTATION_VECTOR 0.32298374 0.63745755 0.54372954

1492571907357 ACCELEROMETER -1.6457825 9.973297 -1.3384247

1492571907437 GYROSCOPE -0.0315094 -0.13424683 0.24179077

1492571907444 MAGNETIC_FIELD 32.61261 -36.203003 2.62146

1492571907538 GRAVITY -1.5358455 9.681267 -0.29091707

1492571907539 LINEAR_ACCELERATION 0.14300704 0.83222103 -1.3089447

1492571907540 ACCELEROMETER -0.65304565 8.7859955 -1.2069397

1492571907542 ROTATION_VECTOR 0.36146566 0.6198187 0.53928584

1492571907622 GYROSCOPE 0.112716675 0.8511963 0.27980042

1492571907623 MAGNETIC_FIELD 29.89502 -38.36212 6.399536

1492571907734 ACCELEROMETER -1.5293274 9.399475 -1.0245209

1492571907738 GRAVITY -0.90356547 9.741337 -0.678464

1492571907742 LINEAR_ACCELERATION -0.21899748 -0.6325798 -0.79802674

1492571907745 ROTATION_VECTOR 0.33946466 0.64757687 0.5723863

1492571907817 GYROSCOPE -0.22099304 1.588913 -0.22257996

1492571907822 MAGNETIC_FIELD 26.507568 -38.467407 13.301086

1492571907927 ACCELEROMETER -1.4188232 11.218338 -1.0635834

1492571907964 GRAVITY -1.140742 9.72083 -0.6120075

1492571907967 LINEAR_ACCELERATION -1.3366557 0.7661667 -0.09067953

1492571907969 ROTATION_VECTOR 0.22395091 0.69357747 0.62260216

1492571908019 GYROSCOPE -0.10253906 1.2462769 -0.035461426

1492571908019 MAGNETIC_FIELD 24.900818 -37.626648 12.9852295

1492571908128 ACCELEROMETER 0.59155273 9.156784 -2.0314941

1492571908137 GRAVITY -1.0934153 9.722438 -0.6701008

1492571908138 LINEAR_ACCELERATION 1.9187744 -2.795538 -0.49423677

1492571908138 ROTATION_VECTOR 0.1474968 0.7158284 0.64889604

1492571908213 GYROSCOPE -0.024780273 1.1163635 -0.06715393

1492571908214 MAGNETIC_FIELD 18.218994 -37.76245 17.419434

1492571908332 GRAVITY -0.8952532 9.723373 -0.908253

1492571908335 LINEAR_ACCELERATION -0.33800066 -0.82223606 1.6609027

1492571908336 ROTATION_VECTOR 0.08132849 0.73463845 0.65986174

1492571908406 ACCELEROMETER -0.7782135 9.138077 0.27165222

1492571908410 GYROSCOPE 0.121536255 0.26220703 -0.1899414

1492571908413 MAGNETIC_FIELD 15.846252 -37.2406 17.849731

1492571908537 GRAVITY -1.1102493 9.673244 -1.1687864

1492571908541 LINEAR_ACCELERATION -0.70243514 -0.01593399 1.617511

1492571908549 ROTATION_VECTOR 0.055246726 0.7460156 0.65191525

1492571908608 ACCELEROMETER -1.5555878 11.811203 -1.2516022

1492571908609 GYROSCOPE -0.3078766 -0.37327576 -0.10169983

1492571908610 MAGNETIC_FIELD 18.997192 -36.31897 18.740845

1492571908735 GRAVITY -1.4740475 9.6719475 -0.67156756

1492571908737 LINEAR_ACCELERATION 0.39279258 -1.1936731 -1.9700941

1492571908740 ROTATION_VECTOR 0.07359784 0.7272027 0.6608929

1492571908798 ACCELEROMETER -0.30545044 8.900177 -2.2330627

1492571908802 GYROSCOPE 0.16633606 0.08421326 0.33865356

1492571908806 MAGNETIC_FIELD 18.595886 -37.394714 15.0894165

1492571908941 GRAVITY -0.79005307 9.738614 -0.8399934

1492571908945 LINEAR_ACCELERATION 0.80524194 -1.3908596 -0.8613218

1492571908948 ROTATION_VECTOR 0.11663322 0.72747815 0.65677816

1492571908998 ACCELEROMETER -1.1404114 8.846359 -1.2388153

1492571909108 GYROSCOPE -0.0027618408 1.1363373 -0.0055236816

1492571909113 MAGNETIC_FIELD 14.378357 -38.07831 17.47284

1492571909140 GRAVITY -0.58590144 9.73255 -1.0509877

1492571909146 LINEAR_ACCELERATION -1.5176518 -0.15470123 0.45068014

1492571909149 ROTATION_VECTOR 0.05047688 0.74231905 0.6626748

1492571909194 ACCELEROMETER -1.4421082 10.939102 -0.90760803

1492571909305 GYROSCOPE -0.28103638 0.8400574 0.012939453

1492571909312 MAGNETIC_FIELD 12.541199 -39.32495 16.590881

1492571909340 GRAVITY -0.5588032 9.774896 -0.55635226

1492571909347 LINEAR_ACCELERATION -0.5480273 4.855686 -0.518705

1492571909349 ROTATION_VECTOR -0.0015599786 0.7268863 0.6857192

1492571909389 ACCELEROMETER 1.6071625 8.059418 -2.1156158

1492571909503 GYROSCOPE -0.018295288 0.8752289 -0.43286133

1492571909508 MAGNETIC_FIELD 8.795166 -39.793396 15.826416

1492571909540 GRAVITY -0.87226766 9.747585 -0.6277887

1492571909545 LINEAR_ACCELERATION 2.0480735 -0.2818222 -1.9540417

1492571909548 ROTATION_VECTOR -0.06398058 0.72657746 0.6840985

1492571909586 ACCELEROMETER -1.5614166 9.012756 0.13485718

1492571909697 GYROSCOPE 0.043670654 0.34028625 -0.03829956

1492571909706 MAGNETIC_FIELD 9.803772 -39.68506 17.906189

1492571909739 GRAVITY -1.1619829 9.701125 -0.8416314

1492571909743 LINEAR_ACCELERATION 1.192217 0.05488777 -0.18740952

1492571909746 ROTATION_VECTOR 0.11246338 -0.7281918 -0.67569214

1492571909783 ACCELEROMETER -1.3430176 10.210236 0.015350342

1492571909895 GYROSCOPE -0.08540344 -0.15234375 -0.17506409

1492571909899 MAGNETIC_FIELD 11.297607 -39.89258 18.026733

1492571909942 GRAVITY -1.5040622 9.664789 -0.70713085

1492571909948 LINEAR_ACCELERATION 0.24513268 1.3113728 0.7271463

1492571909951 ROTATION_VECTOR 0.11650803 -0.72282743 -0.68112606

1492571909977 ACCELEROMETER -1.2784576 9.434143 -2.141571

1492571910089 GYROSCOPE -0.16896057 -0.49250793 0.3977661

1492571910095 MAGNETIC_FIELD 11.190796 -41.69464 16.004944

1492571910143 GRAVITY -1.0939164 9.744384 -0.14392015

1492571910147 LINEAR_ACCELERATION 0.34670568 -1.9891977 -2.0906227

1492571910150 ROTATION_VECTOR -0.060996186 0.70966005 0.70166075

1492571910173 ACCELEROMETER -0.12451172 9.062378 -1.7919617

1492571910278 GYROSCOPE 0.051986694 0.80641174 0.14997864

1492571910283 MAGNETIC_FIELD 6.739807 -42.018127 16.381836

1492571910338 GRAVITY -0.45281467 9.782107 -0.5250872

1492571910356 LINEAR_ACCELERATION 0.64684844 -0.9886608 -2.1939807

1492571910362 ROTATION_VECTOR 0.0578089 -0.7234847 -0.6875303

1492571910365 ACCELEROMETER -1.2535706 9.619186 -0.7743225

1492571910475 GYROSCOPE -0.29647827 0.75149536 -0.15136719

1492571910479 MAGNETIC_FIELD 5.2627563 -42.41333 15.847778

1492571910535 GRAVITY -0.48633203 9.787678 -0.36773905

1492571910540 LINEAR_ACCELERATION -0.19447145 0.722599 -0.83515954

1492571910544 ROTATION_VECTOR 0.1087602 -0.7119836 -0.69012105

1492571910557 ACCELEROMETER -0.3554077 11.065338 -0.5909271

1492571910677 GYROSCOPE 0.07954407 0.35255432 0.055480957

1492571910683 MAGNETIC_FIELD 2.1575928 -39.579773 13.48114

1492571910739 GRAVITY -0.5054925 9.792315 -0.15952471

1492571910745 LINEAR_ACCELERATION 1.1841557 -2.450058 -0.97119445

1492571910748 ROTATION_VECTOR 0.13805401 -0.6993387 -0.69414085

1492571910759 ACCELEROMETER 0.3320465 8.870316 -1.2568207

1492571910874 GYROSCOPE 0.117767334 0.5108185 -0.5130005

1492571910878 MAGNETIC_FIELD 5.0949097 -43.43872 13.119507

1492571910942 GRAVITY -1.2844411 9.71132 -0.45921332

1492571910946 LINEAR_ACCELERATION -1.5881921 -1.0252762 -0.22363752

1492571910952 ROTATION_VECTOR 0.20421372 -0.6940534 -0.6821126

1492571910954 ACCELEROMETER -1.107254 9.181854 -0.2537079

1492571911068 GYROSCOPE 0.10922241 -0.58073425 -0.022506714

1492571911074 MAGNETIC_FIELD 6.806946 -42.062378 15.348816

1492571911137 GRAVITY -1.5825016 9.661276 -0.57081234

1492571911142 LINEAR_ACCELERATION 0.68594396 0.30077934 0.86769867

1492571911146 ROTATION_VECTOR 0.17491804 -0.7060503 -0.68399715

1492571911148 ACCELEROMETER -1.4814453 10.884796 -0.30999756

1492571911256 GYROSCOPE -0.18759155 -0.8423157 0.14852905

1492571911260 MAGNETIC_FIELD 9.747314 -42.051697 13.568115

1492571911336 GRAVITY -1.5690361 9.676456 -0.27333668

1492571911339 LINEAR_ACCELERATION 0.57555807 1.8723545 -0.09520918

1492571911343 ROTATION_VECTOR 0.12344094 -0.706186 -0.69712996

1492571911454 ACCELEROMETER -0.7162781 9.145203 -1.8473053

1492571911457 GYROSCOPE 0.08935547 0.4343872 0.27209473

1492571911460 MAGNETIC_FIELD 6.1538696 -41.775513 15.100098

1492571911542 GRAVITY -0.7965769 9.765351 -0.41684407

1492571911546 LINEAR_ACCELERATION 0.7723599 -2.2833595 -4.137178

1492571911549 ROTATION_VECTOR -0.043198522 0.7206851 0.6917551

1492571911656 ACCELEROMETER -0.161026 8.978317 -1.0751648

1492571911662 GYROSCOPE -0.27311707 1.505722 -0.09376526

1492571911684 MAGNETIC_FIELD 2.2872925 -41.758728 11.761475

1492571911737 GRAVITY -0.98624015 9.755152 -0.18633771

1492571911738 LINEAR_ACCELERATION -0.73634964 -0.11113548 0.4733016

1492571911739 ROTATION_VECTOR 0.2547629 -0.66678065 -0.6760545

1492571911849 ACCELEROMETER -1.399231 9.684067 -0.40802002

1492571911850 GYROSCOPE -0.30566406 1.393158 -0.19180298

1492571911851 MAGNETIC_FIELD -1.9927979 -42.262268 6.565857

1492571911938 GRAVITY -1.3427091 9.712083 0.20730847

1492571911938 LINEAR_ACCELERATION 0.007163286 2.7608376 -0.12310156

1492571911939 ROTATION_VECTOR 0.34339547 -0.609516 -0.664707

1492571912045 ACCELEROMETER -0.5413666 10.048767 -0.53393555

1492571912046 GYROSCOPE 0.02305603 1.2366943 -0.024368286

1492571912046 MAGNETIC_FIELD -1.8005371 -44.7052 4.130554

1492571912138 GRAVITY -1.717239 9.645671 -0.4271978

1492571912138 LINEAR_ACCELERATION 1.3556316 0.1886921 -1.766574

1492571912139 ROTATION_VECTOR 0.44340712 -0.5702378 -0.61186785

1492571912249 ACCELEROMETER -0.447937 8.889984 -0.987442

1492571912258 GYROSCOPE 0.090652466 0.96417236 -0.41333008

1492571912261 MAGNETIC_FIELD -1.109314 -45.38269 2.1331787

1492571912345 GRAVITY -2.0413134 9.5560465 -0.8278947

1492571912352 LINEAR_ACCELERATION 1.0210017 -0.074705124 0.91928726

1492571912355 ROTATION_VECTOR 0.48701122 -0.5522961 -0.5897675

1492571912438 ACCELEROMETER -1.0369873 9.172516 -0.16996765

1492571912447 GYROSCOPE 0.016418457 0.20690918 -0.19952393

1492571912449 MAGNETIC_FIELD -0.24414063 -45.281982 2.1438599

1492571912541 GRAVITY -2.491333 9.449462 -0.8193391

1492571912563 LINEAR_ACCELERATION 1.1851847 1.4522438 0.8830406

1492571912565 ROTATION_VECTOR 0.50664437 -0.5339346 -0.59360254

1492571912631 ACCELEROMETER -2.0152283 11.001633 -0.6231079

1492571912632 GYROSCOPE -0.15063477 -0.3965454 0.03666687

1492571912632 MAGNETIC_FIELD 2.6535034 -46.488953 1.7105103

1492571912735 GRAVITY -1.9978313 9.595505 -0.3245556

1492571912735 LINEAR_ACCELERATION 0.86857045 -2.1473417 -2.6931157

1492571912736 ROTATION_VECTOR 0.4621225 -0.55044574 -0.61246884

1492571912829 ACCELEROMETER -1.1226654 9.193283 -2.2016602

1492571912830 GYROSCOPE 0.08314514 0.09492493 0.34239197

1492571912836 MAGNETIC_FIELD -0.9750366 -44.81201 0.98724365

1492571912945 GRAVITY -1.4609435 9.675708 -0.64553535

1492571912951 LINEAR_ACCELERATION 0.30947185 -0.8183012 -1.313789

1492571912953 ROTATION_VECTOR 0.4913358 -0.5399095 -0.5684763

1492571913028 ACCELEROMETER -1.1455688 8.448517 -1.0673065

1492571913117 GYROSCOPE -0.11973572 0.99819946 0.03315735

1492571913125 MAGNETIC_FIELD -3.3935547 -45.098877 -0.14953613

1492571913143 GRAVITY -1.3842887 9.689028 -0.6139049

1492571913149 LINEAR_ACCELERATION -0.1888771 0.65997696 -0.0945791

1492571913154 ROTATION_VECTOR 0.54697275 -0.48178965 -0.5206288

1492571913227 ACCELEROMETER -2.204361 10.483719 -0.41218567

1492571913309 GYROSCOPE -0.40879822 0.8858795 -0.16860962

1492571913320 MAGNETIC_FIELD -2.7740479 -45.73822 -6.7092896

1492571913344 GRAVITY -1.5799357 9.6734 -0.31545967

1492571913351 LINEAR_ACCELERATION 2.064235 -0.7968941 -1.1472461

1492571913353 ROTATION_VECTOR 0.5956798 -0.40155888 -0.47673613

1492571913419 ACCELEROMETER 0.72850037 9.661713 -1.4944458

1492571913507 GYROSCOPE -0.03427124 0.9634552 -0.2722168

1492571913516 MAGNETIC_FIELD -0.9841919 -45.41626 -7.6446533

1492571913543 GRAVITY -2.1390347 9.547423 -0.6645551

1492571913549 LINEAR_ACCELERATION -2.2958841 -0.5437794 1.4633418

1492571913554 ROTATION_VECTOR 0.6618736 -0.30952582 -0.41742516

1492571913618 ACCELEROMETER -1.1437225 8.784592 -0.39318848

1492571913702 GYROSCOPE 0.1532898 0.39356995 -0.07585144

1492571913705 MAGNETIC_FIELD 2.9769897 -45.306396 -8.68988

1492571913741 GRAVITY -2.1331165 9.524396 -0.95187706

1492571913748 LINEAR_ACCELERATION 0.0023636818 -0.31743717 1.1925349

1492571913753 ROTATION_VECTOR 0.6809446 -0.29128453 -0.3928831

1492571913815 ACCELEROMETER -1.8566742 9.4644165 0.23625183

1492571913897 GYROSCOPE 0.077926636 -0.23753357 -0.19955444

1492571913907 MAGNETIC_FIELD 2.9953003 -46.844482 -5.9555054

1492571913942 GRAVITY -2.6338058 9.411405 -0.81173056

1492571913949 LINEAR_ACCELERATION -0.64057684 2.9539242 -0.68257105

1492571913955 ROTATION_VECTOR 0.6767368 -0.28881493 -0.42384502

1492571914007 ACCELEROMETER -1.9547424 9.764969 -2.09729

1492571914096 GYROSCOPE -0.034591675 -0.86257935 0.32218933

1492571914102 MAGNETIC_FIELD 3.42865 -47.3526 -6.239319

1492571914146 GRAVITY -1.8596896 9.607053 -0.6453514

1492571914152 LINEAR_ACCELERATION 1.4485031 1.7546263 -1.182327

1492571914156 ROTATION_VECTOR 0.64812326 -0.33591667 -0.42407927

1492571914206 ACCELEROMETER -0.28735352 9.040375 -1.9746704

1492571914280 GYROSCOPE -0.03086853 0.5980835 0.26185608

1492571914291 MAGNETIC_FIELD -2.2338867 -45.60547 -6.703186

1492571914332 GRAVITY -1.2708535 9.696204 -0.73413503

1492571914333 LINEAR_ACCELERATION -0.7014098 -0.7400055 0.26036143

1492571914334 ROTATION_VECTOR 0.6690717 -0.29962236 -0.35628197

1492571914387 ACCELEROMETER -1.6587677 9.224731 -0.37330627

1492571914477 GYROSCOPE -0.18180847 0.81848145 0.054656982

1492571914482 MAGNETIC_FIELD -1.8249512 -44.5755 -9.53064

1492571914543 GRAVITY -1.101711 9.7311325 -0.511544

1492571914548 LINEAR_ACCELERATION -1.076457 0.5787468 0.29204053

1492571914550 ROTATION_VECTOR 0.6834882 -0.2427455 -0.30191284

1492571914594 ACCELEROMETER -1.427597 11.053101 -0.52093506

1492571914678 GYROSCOPE -0.14634705 0.41571045 0.048294067

1492571914684 MAGNETIC_FIELD -1.3549805 -45.23468 -13.853455

1492571914737 GRAVITY -0.95340824 9.752938 -0.37629554

1492571914744 LINEAR_ACCELERATION 2.6756277 -3.3693962 -1.117665

1492571914747 ROTATION_VECTOR 0.69399244 -0.19380453 -0.2505976

1492571914789 ACCELEROMETER -0.35101318 8.276398 -0.80319214

1492571914874 GYROSCOPE 0.14326477 0.741272 -0.4566803

1492571914878 MAGNETIC_FIELD 3.9001465 -46.33484 -15.098572

1492571914942 GRAVITY -1.6426783 9.626535 -0.89544094

1492571914947 LINEAR_ACCELERATION -0.5386971 -0.9386177 1.1151054

1492571914949 ROTATION_VECTOR 0.7328007 -0.09304797 -0.19617525

1492571914984 ACCELEROMETER -1.2185516 9.181534 -0.10562134

1492571915072 GYROSCOPE 0.1322937 -0.30882263 -0.05508423

1492571915078 MAGNETIC_FIELD 3.5247803 -46.453857 -11.932373

1492571915142 GRAVITY -1.730547 9.595072 -1.0536555

1492571915148 LINEAR_ACCELERATION -0.30064583 0.28509045 1.2901937

1492571915151 ROTATION_VECTOR 0.73740274 -0.09979311 -0.20566936

1492571915180 ACCELEROMETER -2.0962067 11.871994 -0.3749237

1492571915269 GYROSCOPE -0.17622375 -0.86932373 0.08572388

1492571915275 MAGNETIC_FIELD 3.9123535 -45.562744 -13.038635

1492571915345 GRAVITY -1.734456 9.640795 -0.46597302

1492571915382 LINEAR_ACCELERATION -0.047110677 -0.5894699 -1.5299152

1492571915394 ROTATION_VECTOR 0.7090671 -0.14485121 -0.25566268

1492571915455 ACCELEROMETER -1.8706055 8.909821 -1.7615662

1492571915456 GYROSCOPE 0.06652832 -0.2292633 0.33235168

1492571915457 MAGNETIC_FIELD -2.1148682 -46.209717 -11.51123

1492571915536 GRAVITY -1.1329068 9.722598 -0.59833187

1492571915536 LINEAR_ACCELERATION 1.035608 -0.65363884 -0.76745164

1492571915537 ROTATION_VECTOR 0.7023937 -0.19274205 -0.256579

1492571915653 ACCELEROMETER -1.2454224 8.469055 -0.545578

1492571915656 GYROSCOPE 0.073776245 0.14866638 0.19151306

1492571915657 MAGNETIC_FIELD -3.9031982 -46.10901 -11.21521

1492571915746 GRAVITY -0.7206449 9.754915 -0.7019126

1492571915752 LINEAR_ACCELERATION 0.13768375 -0.42558098 -0.020123899

1492571915755 ROTATION_VECTOR 0.70496255 -0.19701612 -0.2312308

1492571915859 ACCELEROMETER -1.5987701 9.917099 0.02658081

1492571915865 GYROSCOPE -0.36346436 0.5274811 -0.20263672

1492571915868 MAGNETIC_FIELD -2.4093628 -43.18695 -13.424683

1492571915945 GRAVITY -0.94952244 9.755733 -0.3073784

1492571915953 LINEAR_ACCELERATION -1.0429084 0.75328255 0.0717383

1492571915956 ROTATION_VECTOR 0.7043742 -0.13974583 -0.20092312

1492571916053 ACCELEROMETER -0.30975342 10.279907 -0.4777832

1492571916145 GRAVITY -1.0939811 9.731839 -0.5146734

1492571916151 LINEAR_ACCELERATION 3.2512522 -0.0537014 -1.1209054

1492571916157 ROTATION_VECTOR 0.7216471 -0.073936015 -0.14620236

1492571916159 GYROSCOPE 0.15193176 0.9052582 -0.13446045

1492571916162 MAGNETIC_FIELD -2.6062012 -44.960022 -16.171265

1492571916246 ACCELEROMETER -1.7961884 9.030777 -0.48554993

1492571916332 GRAVITY -1.4841363 9.651077 -0.9079885

1492571916334 LINEAR_ACCELERATION 0.3314216 -0.82478905 -0.26559865

1492571916335 ROTATION_VECTOR 0.7388655 -0.019295631 -0.11972412

1492571916347 GYROSCOPE 0.090164185 0.28153992 -0.16114807

1492571916347 MAGNETIC_FIELD 2.1606445 -45.568848 -16.687012

1492571916435 ACCELEROMETER -1.6666412 9.271912 0.3635254

1492571916538 GRAVITY -1.6053683 9.623162 -0.9939449

1492571916550 LINEAR_ACCELERATION -0.8337234 -0.14932251 1.3938644

1492571916553 ROTATION_VECTOR 0.74159473 -0.026727943 -0.1340426

1492571916557 GYROSCOPE 0.11357117 -0.18826294 -0.11404419

1492571916560 MAGNETIC_FIELD 2.1438599 -44.96765 -14.369202

1492571916639 ACCELEROMETER -2.2724152 10.843567 -1.064621

1492571916747 GRAVITY -2.2346566 9.53627 -0.48605284

1492571916753 LINEAR_ACCELERATION 0.32672405 0.9301233 -2.1346896

1492571916758 ROTATION_VECTOR 0.72307307 -0.04412688 -0.19787084

1492571916761 GYROSCOPE -0.16499329 -0.78704834 -0.13252258

1492571916766 MAGNETIC_FIELD 3.161621 -44.485474 -15.245056

1492571916836 ACCELEROMETER -1.0110474 8.540588 -1.6309357

1492571916946 GRAVITY -1.2997596 9.685364 -0.8214244

1492571916954 LINEAR_ACCELERATION 1.1152915 -0.50655746 -0.31241173

1492571916957 ROTATION_VECTOR 0.7299823 -0.09490412 -0.17575926

1492571916960 GYROSCOPE 0.24586487 0.2336731 0.5139618

1492571916963 MAGNETIC_FIELD -2.682495 -44.029236 -14.680481

1492571917030 ACCELEROMETER -0.9912567 8.920563 -1.2333221

1492571917145 GYROSCOPE -0.042556763 1.0163879 0.16763306

1492571917151 MAGNETIC_FIELD -4.8431396 -42.962646 -15.791321

1492571917155 GRAVITY -0.6119571 9.730396 -1.0560702

1492571917157 LINEAR_ACCELERATION -0.6517047 0.0974493 -0.10437131

1492571917160 ROTATION_VECTOR 0.7410786 -0.06816935 -0.10281247

1492571917225 ACCELEROMETER -1.369461 10.171112 -0.67230225

1492571917329 GYROSCOPE -0.22583008 1.3791199 -0.026260376

1492571917331 MAGNETIC_FIELD -1.8737793 -41.204834 -21.560669

1492571917332 GRAVITY -0.6067537 9.769198 -0.6041584

1492571917333 LINEAR_ACCELERATION -0.82899386 1.1257095 -0.55935687

1492571917337 ROTATION_VECTOR 0.72843677 0.013541176 -0.029747475

1492571917413 ACCELEROMETER 1.4736023 9.153458 -0.9893799

1492571917525 GYROSCOPE -0.018692017 1.860199 -0.095825195

1492571917528 MAGNETIC_FIELD 4.142761 -40.924072 -24.632263

1492571917533 GRAVITY -0.12461164 9.7852545 -0.63532776

1492571917538 LINEAR_ACCELERATION 4.1434464 0.08200264 -0.8442879

1492571917543 ROTATION_VECTOR 0.7168115 0.13628657 0.119160935

1492571917609 ACCELEROMETER 0.22290039 9.346863 -0.6038208

1492571917725 GYROSCOPE 0.12265015 1.517334 -0.18908691

1492571917728 MAGNETIC_FIELD 14.259338 -40.924072 -23.376465

1492571917734 GRAVITY -0.21788162 9.752212 -1.0086012

1492571917738 LINEAR_ACCELERATION 1.5042245 -0.7073698 0.21737814

1492571917740 ROTATION_VECTOR 0.69507134 0.26134297 0.22165261

1492571917810 ACCELEROMETER -0.16151428 9.70224 -0.17070007

1492571917922 GYROSCOPE -0.045578003 0.86642456 -0.49484253

1492571917926 MAGNETIC_FIELD 21.41571 -41.59088 -21.240234

1492571917937 GRAVITY -0.68080664 9.716066 -1.1423359

1492571917942 LINEAR_ACCELERATION 0.016440213 0.45788956 1.2062519

1492571917945 ROTATION_VECTOR 0.65432876 0.36068937 0.27938756

1492571918005 ACCELEROMETER -1.0744476 9.792603 -1.05336

1492571918117 GYROSCOPE -0.46105957 0.28677368 -0.2830658

1492571918121 MAGNETIC_FIELD 29.089355 -37.69684 -21.276855

1492571918137 GRAVITY -1.6176507 9.647871 -0.6871545

1492571918141 LINEAR_ACCELERATION -0.18603289 2.984868 -1.1243532

1492571918144 ROTATION_VECTOR 0.602677 0.41450644 0.28818753

1492571918203 ACCELEROMETER -1.1585846 8.353683 -1.7115936

1492571918315 GYROSCOPE -0.10142517 0.8623047 0.06768799

1492571918318 MAGNETIC_FIELD 29.73175 -39.074707 -18.391418

1492571918339 GRAVITY -1.4756092 9.683208 -0.4779598

1492571918343 LINEAR_ACCELERATION -0.8168069 1.6753616 -1.8191056

1492571918346 ROTATION_VECTOR 0.59362847 0.41469795 0.30527583

1492571918509 ACCELEROMETER -2.1819763 8.886688 -0.5066223

1492571918514 GYROSCOPE -0.044052124 0.8985596 0.06561279

1492571918516 MAGNETIC_FIELD 32.859802 -39.720154 -13.580322

1492571918538 GRAVITY -1.2270956 9.708551 -0.6392606

1492571918541 LINEAR_ACCELERATION -0.5354893 -0.41232204 -0.331905

1492571918544 ROTATION_VECTOR 0.5658808 0.46083853 0.36183393

1492571918704 ACCELEROMETER -2.0666656 9.882278 -0.41256714

1492571918708 GYROSCOPE -0.4442749 0.6148987 -0.0084991455

1492571918711 MAGNETIC_FIELD 32.141113 -38.464355 -10.856628

1492571918739 GRAVITY -1.1487193 9.730947 -0.39938816

1492571918742 LINEAR_ACCELERATION -1.1623551 0.6455059 0.18463549

1492571918745 ROTATION_VECTOR 0.5253931 0.49429265 0.41214874

1492571918903 ACCELEROMETER 0.15403748 9.755295 -0.848526

1492571918906 GYROSCOPE -0.004486084 0.85220337 -0.035369873

1492571918908 MAGNETIC_FIELD 34.26056 -39.09149 -7.1014404

1492571918939 GRAVITY -1.0508403 9.750148 0.027140379

1492571918942 LINEAR_ACCELERATION 1.9259182 -1.4295254 -1.3364168

1492571918945 ROTATION_VECTOR 0.48353866 0.5145936 0.4610908

1492571919088 ACCELEROMETER -1.2303467 9.018509 -0.37815857

1492571919100 GYROSCOPE 0.17686462 0.15625 -0.0947876

1492571919105 MAGNETIC_FIELD 36.151123 -38.1958 -5.455017

1492571919132 GRAVITY -1.449257 9.695115 -0.27348205

1492571919135 LINEAR_ACCELERATION -2.4128034 -0.7770767 1.5444862

1492571919136 ROTATION_VECTOR 0.45302913 0.55561525 0.46925953

1492571919290 ACCELEROMETER -0.9138031 9.499191 0.09916687

1492571919291 GYROSCOPE -0.027313232 -0.05152893 -0.11566162

1492571919291 MAGNETIC_FIELD 36.216736 -37.425232 -4.135132

1492571919338 GRAVITY -1.3882821 9.688585 -0.6118665

1492571919339 LINEAR_ACCELERATION 0.58846104 0.03286457 0.5672955

1492571919339 ROTATION_VECTOR 0.47086343 0.556313 0.45459393

1492571919487 ACCELEROMETER -1.120285 10.796051 -1.2508392

1492571919489 GYROSCOPE -0.4618683 4.4250488E-4 0.02758789

1492571919495 MAGNETIC_FIELD 36.27472 -38.04779 -6.694031

1492571919547 ROTATION_VECTOR 0.4542195 0.5485139 0.45023462

1492571919553 GRAVITY -1.7834846 9.642081 -0.14087921

1492571919556 LINEAR_ACCELERATION -0.3503003 3.5965414 -1.075555

1492571919688 ACCELEROMETER -0.18658447 8.573517 -1.8110352

1492571919697 GYROSCOPE -0.09655762 0.74645996 0.23332214

1492571919700 MAGNETIC_FIELD 34.814453 -39.68506 -5.357361

1492571919747 GRAVITY -1.2916989 9.713076 0.39756688

1492571919753 LINEAR_ACCELERATION 0.8806381 0.71886253 -1.9414753

1492571919755 ROTATION_VECTOR 0.4575373 0.5199898 0.47397813

1492571919871 ACCELEROMETER -0.44067383 9.051498 -1.0559082

1492571919933 GRAVITY -1.0428275 9.749471 0.17524502

1492571919934 LINEAR_ACCELERATION 0.89266384 -0.38620758 -1.0073103

1492571919935 ROTATION_VECTOR 0.41653076 0.5635309 0.5253396

1492571919958 GYROSCOPE -0.11929321 1.6438599 -0.0069274902

1492571919960 MAGNETIC_FIELD 33.60443 -39.920044 2.470398

1492571920072 ACCELEROMETER -0.79748535 9.5168 -0.6470032

1492571920143 GRAVITY -1.2093098 9.7315645 0.06781792

1492571920147 LINEAR_ACCELERATION 0.34650266 -0.10507107 -1.0713547

1492571920153 ROTATION_VECTOR 0.3123496 0.6316486 0.5923916

1492571920161 GYROSCOPE -0.18041992 2.0755005 -0.11659241

1492571920169 MAGNETIC_FIELD 32.5943 -39.46991 8.436584

1492571920267 ACCELEROMETER -0.2942047 9.539902 -0.65011597

1492571920357 GRAVITY -1.2593415 9.721114 -0.2904987

1492571920362 LINEAR_ACCELERATION 2.577384 0.7870674 -1.1358787

1492571920366 ROTATION_VECTOR 0.18901479 0.6921595 0.6428079

1492571920373 GYROSCOPE 0.05757141 1.6610718 -0.13343811

1492571920375 MAGNETIC_FIELD 26.927185 -39.915466 15.411377

1492571920458 ACCELEROMETER -0.66256714 9.3172455 -0.2611847

1492571920533 GRAVITY -1.364433 9.675947 -0.8275022

1492571920533 LINEAR_ACCELERATION 1.1236653 -0.02149582 0.5972921

1492571920535 ROTATION_VECTOR 0.0858153 0.7313184 0.65441126

1492571920544 GYROSCOPE 0.06842041 1.0280457 -0.08441162

1492571920545 MAGNETIC_FIELD 21.90094 -39.00757 20.405579

1492571920664 ACCELEROMETER -0.9863434 9.8246765 0.3452301

1492571920744 GRAVITY -1.2846136 9.644455 -1.2266392

1492571920748 LINEAR_ACCELERATION -0.0049601793 -0.28516293 1.5296776

1492571920756 ROTATION_VECTOR 0.0326231 0.74931765 0.6511977

1492571920759 GYROSCOPE 0.14125061 0.03741455 0.046707153

1492571920764 MAGNETIC_FIELD 20.796204 -37.501526 22.087097

1492571920853 ACCELEROMETER -0.67103577 7.325287 -2.1633148

1492571920941 GRAVITY -1.1194699 9.647495 -1.3575752

1492571920944 LINEAR_ACCELERATION -0.46829534 1.7663774 -0.47319698

1492571920948 ROTATION_VECTOR 0.0631931 0.7518136 0.64333844

1492571920957 GYROSCOPE 0.21871948 -1.2986603 0.8805542

1492571920962 MAGNETIC_FIELD 21.017456 -38.909912 21.276855

1492571921054 ACCELEROMETER -0.067611694 4.131668 -2.1193085

1492571921136 GYROSCOPE 0.61613464 -0.261261 0.49241638

1492571921148 MAGNETIC_FIELD 17.774963 -37.861633 23.083496

1492571921152 GRAVITY 0.9374062 9.228504 -3.1821976

1492571921157 LINEAR_ACCELERATION -0.4098869 -4.370967 -2.0490005

1492571921161 ROTATION_VECTOR 0.2909334 0.7600031 0.5609746

1492571921246 ACCELEROMETER 1.9466858 7.647583 -6.132736

1492571921338 GYROSCOPE 0.6574707 -1.0924835 0.18762207

1492571921346 MAGNETIC_FIELD 20.574951 -33.766174 27.487183

1492571921348 GRAVITY 0.38199052 8.675776 -4.555808

1492571921353 LINEAR_ACCELERATION 5.2186093 4.0073395 -2.1265936

1492571921356 ROTATION_VECTOR 0.3971748 0.75798005 0.46842828

1492571921438 ACCELEROMETER 5.394516 11.235962 -5.865692

1492571921529 GYROSCOPE 0.27844238 -0.5857849 -1.591568

1492571921537 MAGNETIC_FIELD 31.05774 -27.966309 27.238464

1492571921543 GRAVITY -2.337578 8.087918 -5.029085

1492571921546 LINEAR_ACCELERATION 7.9072328 11.435148 -8.575884

1492571921551 ROTATION_VECTOR 0.34123316 0.7999824 0.38235608

1492571921638 ACCELEROMETER -3.227951 4.553192 -6.682892

1492571921724 GYROSCOPE -0.040527344 0.6530304 -1.4350739

1492571921729 MAGNETIC_FIELD 43.73932 -8.56781 28.240967

1492571921744 GRAVITY -4.0479393 7.097776 -5.4227443

1492571921748 LINEAR_ACCELERATION -10.647558 9.142986 -0.76925564

1492571921753 ROTATION_VECTOR 0.2046283 0.8570941 0.3450655

1492571921833 ACCELEROMETER -6.9942627 -2.6428375 -3.2644196

1492571921919 GYROSCOPE -1.4045868 -1.5756683 -2.8514252

1492571921923 MAGNETIC_FIELD 49.760437 6.109619 20.820618

1492571921937 GRAVITY -8.2170925 4.9334083 -2.07636

1492571921941 LINEAR_ACCELERATION 7.756834 -1.6302724 -2.593081

1492571921944 ROTATION_VECTOR -0.014075159 0.778246 0.33283332

1492571922028 ACCELEROMETER -10.720062 -1.4559479 -4.3093567

1492571922116 GYROSCOPE -0.19210815 -1.3751831 -0.75904846

1492571922119 MAGNETIC_FIELD 53.260803 18.534851 -0.14953613

1492571922137 GRAVITY -9.270624 3.0308163 1.019839

1492571922142 LINEAR_ACCELERATION 0.52914906 -4.4462585 17.453741

1492571922144 ROTATION_VECTOR -0.06128234 0.6665187 0.2945575

1492571922223 ACCELEROMETER -8.43869 -1.2394867 3.9271698

1492571922309 GYROSCOPE -0.15989685 -0.363266 0.3650055

1492571922314 MAGNETIC_FIELD 53.378296 19.230652 -6.1187744

1492571922352 GRAVITY -9.065644 3.3966317 1.5644071

1492571922357 LINEAR_ACCELERATION -0.89710903 -3.4675474 2.1329632

1492571922362 ROTATION_VECTOR -0.028206129 0.6476433 0.297918

1492571922509 ACCELEROMETER -8.768219 0.22094727 3.830307

1492571922514 GYROSCOPE -0.20088196 1.0484467 0.6987915

1492571922519 MAGNETIC_FIELD 54.719543 13.018799 0.1083374

1492571922537 GRAVITY -8.778467 4.3644433 0.24606113

1492571922542 LINEAR_ACCELERATION -0.6163931 -3.203598 1.0076457

1492571922546 ROTATION_VECTOR -0.042878635 0.6968614 0.35749057

1492571922699 ACCELEROMETER -9.8452 1.6467743 0.4866333

1492571922699 GYROSCOPE 0.028381348 0.74580383 0.53645325

1492571922700 MAGNETIC_FIELD 54.45404 7.7026367 10.083008

1492571922732 GRAVITY -8.268394 5.144469 -1.1569282

1492571922735 LINEAR_ACCELERATION -2.640679 -2.7234187 0.21904397

1492571922736 ROTATION_VECTOR -0.0519266 0.7458489 0.38913807

1492571922896 ACCELEROMETER -8.397873 2.711792 -2.2577362

1492571922898 GYROSCOPE 0.70310974 -0.67207336 0.58992004

1492571922904 MAGNETIC_FIELD 55.023193 2.9937744 7.2998047

1492571922938 GRAVITY -7.8950157 5.7065835 -1.128724

1492571922942 LINEAR_ACCELERATION -2.2889547 -3.5923538 -2.2408662

1492571922945 ROTATION_VECTOR 0.052536756 0.74484146 0.35076272

1492571923096 ACCELEROMETER -8.721176 3.366455 -1.1135559

1492571923137 GRAVITY -7.562148 6.235379 -0.32303122

1492571923141 LINEAR_ACCELERATION -1.9136972 -4.2089834 -0.29225245

1492571923144 ROTATION_VECTOR 0.058364492 0.7162846 0.39734173

1492571923204 GYROSCOPE -0.6498413 0.011764526 0.42601013

1492571923209 MAGNETIC_FIELD 56.111145 2.0614624 3.9459229

1492571923289 ACCELEROMETER -9.57811 5.0422516 3.1925354

1492571923398 GRAVITY -6.4572306 7.37176 0.36292827

1492571923399 LINEAR_ACCELERATION -2.3404703 0.05296135 2.370661

1492571923399 ROTATION_VECTOR 0.15561458 0.67622477 0.42145747

1492571923400 GYROSCOPE 0.58898926 -0.7163696 1.0944214

1492571923400 MAGNETIC_FIELD 56.365967 -6.2179565 -1.222229

1492571923482 ACCELEROMETER -4.9198914 7.3313446 2.272934

1492571923533 GRAVITY -5.8138847 7.518659 -2.4163795

1492571923533 LINEAR_ACCELERATION 4.116307 -4.1035266 1.3176157

1492571923535 ROTATION_VECTOR 0.34372273 0.71067274 0.27365896

1492571923593 GYROSCOPE 1.7086182 -1.233139 0.3499298

1492571923593 MAGNETIC_FIELD 54.785156 -12.068176 0.7949829

1492571923679 ACCELEROMETER -4.7810516 -0.8289032 1.9010468

1492571923737 GRAVITY -0.5759087 6.6248903 7.2076035

1492571923743 LINEAR_ACCELERATION -8.029027 -7.568483 2.8256388

1492571923747 ROTATION_VECTOR 0.32348955 0.16694015 0.353845

1492571923793 GYROSCOPE -4.149933 -5.3800354 1.2269745

1492571923798 MAGNETIC_FIELD 37.521362 0.15716553 -40.888977

1492571923877 ACCELEROMETER -0.7067261 1.999054 13.690414

1492571923935 GRAVITY -0.36575392 2.1079879 9.570423

1492571923943 LINEAR_ACCELERATION 1.7956885 -1.8699931 1.6655531

1492571923946 ROTATION_VECTOR 0.09734331 0.050680447 0.30153224

1492571923989 GYROSCOPE -3.000595 2.238449 -0.26712036

1492571923994 MAGNETIC_FIELD 22.488403 8.035278 -50.990295

1492571924081 ACCELEROMETER 2.7720337 1.3067322 18.836105

1492571924132 GRAVITY -3.9730468 -0.648646 8.94229

1492571924133 LINEAR_ACCELERATION 3.923055 1.3548923 10.816089

1492571924135 ROTATION_VECTOR -0.107630916 0.18023789 0.35947052

1492571924181 GYROSCOPE -0.46733093 0.4979248 0.22177124

1492571924181 MAGNETIC_FIELD 25.411987 10.75592 -48.947144

1492571924266 ACCELEROMETER -0.06300354 -0.03555298 8.87677

1492571924333 GRAVITY -3.539243 -0.67875826 9.120496

1492571924333 LINEAR_ACCELERATION 3.5220716 0.63283 1.0996675

1492571924335 ROTATION_VECTOR -0.09995708 0.15809093 0.35920006

1492571924377 GYROSCOPE -0.0043182373 -7.6293945E-5 0.0067596436

1492571924377 MAGNETIC_FIELD 15.887451 10.966492 -45.588684

1492571924463 ACCELEROMETER 0.14933777 0.026031494 9.6280365

1492571924537 GRAVITY -3.369122 -0.648047 9.186916

1492571924543 LINEAR_ACCELERATION 3.3876846 0.64726526 0.8297081

1492571924547 ROTATION_VECTOR -0.094812766 0.15036008 0.35821107

1492571924577 GYROSCOPE -0.003189087 0.0034942627 0.006942749

1492571924581 MAGNETIC_FIELD 17.141724 11.332703 -46.310425

1492571924657 ACCELEROMETER 0.15483093 0.044296265 9.593491

1492571924733 GRAVITY -2.8804846 -0.5179596 9.35975

1492571924733 LINEAR_ACCELERATION 2.8253946 0.55242413 0.44270134

1492571924735 ROTATION_VECTOR -0.08023868 0.1278567 0.36898968

