1492573937786 MAGNETIC_FIELD 9.667969 -46.53778 1.473999

1492573937831 ACCELEROMETER -4.2187653 7.9887543 -3.1138763

1492573937856 GYROSCOPE -0.0040130615 0.012161255 0.0024414063

1492573937925 GRAVITY -4.3286877 8.205872 -3.1775029

1492573937925 LINEAR_ACCELERATION -0.09460974 -0.051160336 0.05814743

1492573937927 ROTATION_VECTOR 0.80393064 -0.12531182 -0.34721228

1492573937981 MAGNETIC_FIELD 10.189819 -46.896362 2.2216797

1492573938051 GYROSCOPE -0.0048217773 -0.0076293945 -0.007293701

1492573938092 ACCELEROMETER -3.9426117 8.193192 -3.161621

1492573938125 GRAVITY -4.1827817 8.270611 -3.204953

1492573938125 LINEAR_ACCELERATION 0.3126669 0.17328453 -0.018493176

1492573938127 ROTATION_VECTOR 0.80573624 -0.11914792 -0.33475083

1492573938227 MAGNETIC_FIELD 9.950256 -47.23816 1.7028809

1492573938312 ACCELEROMETER -4.245102 7.964142 -3.112381

1492573938313 GYROSCOPE 0.012924194 0.0043182373 -0.008773804

1492573938325 GRAVITY -4.2297773 8.25062 -3.1947844

1492573938325 LINEAR_ACCELERATION -0.22282028 -0.048363686 0.015336752

1492573938327 ROTATION_VECTOR 0.80559844 -0.11789763 -0.33690363

1492573938378 MAGNETIC_FIELD 10.050964 -47.120667 2.4887085

1492573938442 ACCELEROMETER -4.0943756 8.048233 -3.198944

1492573938443 GYROSCOPE 0.034454346 0.01576233 0.0058288574

1492573938525 GRAVITY -4.2323303 8.221107 -3.2666767

1492573938525 LINEAR_ACCELERATION 0.06804037 0.036426544 -0.121383905

1492573938527 ROTATION_VECTOR 0.8075168 -0.12029439 -0.33707035

1492573938573 MAGNETIC_FIELD 9.951782 -47.0459 3.6956787

1492573938638 ACCELEROMETER -4.1676025 7.9551697 -3.3433075

1492573938638 GYROSCOPE 0.06765747 0.0027923584 2.4414063E-4

1492573938725 GRAVITY -4.2349553 8.193584 -3.3317754

1492573938725 LINEAR_ACCELERATION 0.011885643 -0.017109394 0.12469506

1492573938727 ROTATION_VECTOR 0.8087178 -0.12589192 -0.3391875

1492573938833 MAGNETIC_FIELD 10.238647 -46.84601 2.9632568

1492573938898 ACCELEROMETER -4.156189 7.969284 -3.4106445

1492573938899 GYROSCOPE -1.6784668E-4 -0.011932373 -0.0013580322

1492573938925 GRAVITY -4.237405 8.152589 -3.4278395

1492573938925 LINEAR_ACCELERATION -0.007537365 5.2785873E-4 -0.14797235

1492573938927 ROTATION_VECTOR 0.8118646 -0.12508808 -0.33699757

1492573939028 MAGNETIC_FIELD 10.322571 -47.872925 3.4378052

1492573939093 ACCELEROMETER -4.078064 7.9788513 -3.4644012

1492573939094 GYROSCOPE 0.015457153 0.0068359375 0.011627197

1492573939125 GRAVITY -4.231447 8.148911 -3.4439056

1492573939125 LINEAR_ACCELERATION 0.024554253 -0.047914505 -0.027677536

1492573939127 ROTATION_VECTOR 0.81224465 -0.12589274 -0.33680543

1492573939223 MAGNETIC_FIELD 9.733582 -46.67816 3.9230347

1492573939288 ACCELEROMETER -4.173294 7.9244385 -3.5066223

1492573939290 GYROSCOPE 0.0049743652 -2.1362305E-4 -0.001876831

1492573939325 GRAVITY -4.2097774 8.138094 -3.495653

1492573939325 LINEAR_ACCELERATION -0.04955864 -0.01910162 -0.08115578

1492573939327 ROTATION_VECTOR 0.8143177 -0.12294468 -0.33292216

1492573939419 MAGNETIC_FIELD 9.953308 -47.036743 2.7740479

1492573939484 ACCELEROMETER -4.153488 7.939987 -3.4220123

1492573939485 GYROSCOPE -0.0051574707 -0.0023651123 -0.0036773682

1492573939525 GRAVITY -4.2121205 8.12779 -3.5167396

1492573939525 LINEAR_ACCELERATION 0.029756546 0.013313293 -0.1244719

1492573939527 ROTATION_VECTOR 0.81492907 -0.12326579 -0.33283255

1492573939614 MAGNETIC_FIELD 10.719299 -47.206116 4.2907715

1492573939679 ACCELEROMETER -4.1983643 7.889221 -3.4649963

1492573939680 GYROSCOPE 0.009750366 -0.013748169 0.011947632

1492573939725 GRAVITY -4.2444577 8.115821 -3.5054843

1492573939725 LINEAR_ACCELERATION -0.07230854 -0.029085636 2.3889542E-4

1492573939727 ROTATION_VECTOR 0.8143818 -0.12454843 -0.33559018

1492573939809 MAGNETIC_FIELD 9.846497 -46.91925 4.827881

1492573939874 ACCELEROMETER -4.120514 7.941391 -3.4133148

1492573939875 GYROSCOPE 0.0025634766 -0.010147095 0.0028839111

1492573939925 GRAVITY -4.2366734 8.115382 -3.5159028

1492573939925 LINEAR_ACCELERATION 0.013892651 0.035904408 -0.005003214

1492573939927 ROTATION_VECTOR 0.8145181 -0.12578313 -0.33564326

1492573940005 MAGNETIC_FIELD 10.548401 -47.065735 4.9591064

1492573940070 ACCELEROMETER -4.1685944 7.883606 -3.5413818

1492573940070 GYROSCOPE 0.024002075 -0.01701355 -0.0113220215

1492573940125 GRAVITY -4.2426906 8.112422 -3.5154762

1492573940125 LINEAR_ACCELERATION 0.09526968 0.042276382 -0.019860268

1492573940127 ROTATION_VECTOR 0.81423366 -0.12752613 -0.3369648

1492573940203 MAGNETIC_FIELD 10.289001 -46.78955 4.873657

1492573940267 ACCELEROMETER -4.2720337 7.8512573 -3.5511627

1492573940272 GYROSCOPE 0.0048828125 0.0096588135 0.0018157959

1492573940326 GRAVITY -4.2728343 8.071148 -3.5734906

1492573940326 LINEAR_ACCELERATION -0.045631886 -0.05258274 -0.08845067

1492573940328 ROTATION_VECTOR 0.81621236 -0.12647031 -0.33693972

1492573940403 MAGNETIC_FIELD 10.241699 -47.348022 4.1915894

1492573940467 ACCELEROMETER -4.2516785 7.841049 -3.5383606

1492573940475 GYROSCOPE -7.171631E-4 -0.006668091 0.0027618408

1492573940535 GRAVITY -4.2902374 8.052338 -3.595011

1492573940543 LINEAR_ACCELERATION -0.12263346 0.0070052147 -0.1933353

1492573940546 ROTATION_VECTOR 0.8168452 -0.12672198 -0.33763486

1492573940604 MAGNETIC_FIELD 10.128784 -46.455383 4.5455933

1492573940667 ACCELEROMETER -4.3203735 7.8138123 -3.5515137

1492573940676 GYROSCOPE 0.0033416748 -0.0149383545 0.008773804

1492573940734 GRAVITY -4.3274174 8.03281 -3.594134

1492573940743 LINEAR_ACCELERATION -0.11924505 -0.058084965 -0.038816452

1492573940745 ROTATION_VECTOR 0.81636083 -0.12963359 -0.3413275

1492573940797 MAGNETIC_FIELD 10.346985 -44.81659 4.7790527

1492573940865 ACCELEROMETER -4.251526 7.8459625 -3.4954224

1492573940872 GYROSCOPE 0.00793457 -0.0012512207 0.011154175

1492573940935 GRAVITY -4.3279076 8.030652 -3.598366

1492573940944 LINEAR_ACCELERATION -0.008323193 -5.965233E-4 0.011338711

1492573940947 ROTATION_VECTOR 0.81599003 -0.13276263 -0.3429835

1492573941057 MAGNETIC_FIELD 10.388184 -47.691345 4.4265747

1492573941122 ACCELEROMETER -4.259674 7.7868958 -3.5760498

1492573941126 GYROSCOPE 0.024749756 0.005874634 0.009002686

1492573941132 GRAVITY -4.3283772 8.026465 -3.60713

1492573941134 LINEAR_ACCELERATION -0.02827406 -0.061652184 0.17945457

1492573941136 ROTATION_VECTOR 0.815544 -0.13711452 -0.34520674

1492573941254 MAGNETIC_FIELD 10.359192 -47.16034 4.6798706

1492573941317 ACCELEROMETER -4.304123 7.7804413 -3.6171722

1492573941329 GYROSCOPE 0.03955078 -0.037124634 -0.0022735596

1492573941332 GRAVITY -4.342594 7.988563 -3.6735713

1492573941334 LINEAR_ACCELERATION -0.033465385 0.014306545 -0.034894943

1492573941337 ROTATION_VECTOR 0.81767493 -0.13677613 -0.3444658

1492573941448 MAGNETIC_FIELD 10.720825 -47.37549 5.2108765

1492573941516 ACCELEROMETER -4.3385315 7.725662 -3.7158203

1492573941523 GYROSCOPE 0.017944336 0.014846802 0.004501343

1492573941529 GRAVITY -4.378196 7.952049 -3.710351

1492573941531 LINEAR_ACCELERATION -0.11676502 -0.101997375 -0.03350234

1492573941534 ROTATION_VECTOR 0.8189269 -0.13613965 -0.3453437

1492573941644 MAGNETIC_FIELD 9.7213745 -47.235107 5.4107666

1492573941711 ACCELEROMETER -4.337906 7.6913605 -3.70549

1492573941717 GYROSCOPE -0.0062713623 -0.017242432 -0.019241333

1492573941735 GRAVITY -4.365701 7.935624 -3.7599096

1492573941741 LINEAR_ACCELERATION 0.09574032 -0.00633049 -0.108315706

1492573941744 ROTATION_VECTOR 0.82070667 -0.13469459 -0.34289056

1492573941844 MAGNETIC_FIELD 11.691284 -47.418213 5.6869507

1492573941907 ACCELEROMETER -4.396515 7.6626587 -3.7443237

1492573941915 GYROSCOPE 0.018463135 0.0066375732 -0.006210327

1492573941935 GRAVITY -4.432464 7.8941727 -3.7690425

1492573941942 LINEAR_ACCELERATION -0.029713154 0.01345396 -0.12348819

1492573941944 ROTATION_VECTOR 0.8211915 -0.1334623 -0.3457265

1492573942035 MAGNETIC_FIELD 11.383057 -46.93451 5.345154

1492573942103 ACCELEROMETER -4.4079742 7.631378 -3.7996368

1492573942109 GYROSCOPE 0.007659912 0.011932373 -0.0020599365

1492573942136 GRAVITY -4.452516 7.864854 -3.8065157

1492573942142 LINEAR_ACCELERATION -0.06166029 -0.0074305534 0.0070443153

1492573942145 ROTATION_VECTOR 0.82245 -0.13286941 -0.34576604

1492573942225 MAGNETIC_FIELD 10.507202 -47.232056 5.654907

1492573942292 ACCELEROMETER -4.4345856 7.64032 -3.7076874

1492573942292 GYROSCOPE 0.020111084 -0.024215698 3.6621094E-4

1492573942332 GRAVITY -4.4689126 7.836769 -3.8450303

1492573942332 LINEAR_ACCELERATION -0.055339336 -0.03436184 0.011224985

1492573942332 ROTATION_VECTOR 0.82359207 -0.13318445 -0.3460597

1492573942418 MAGNETIC_FIELD 11.872864 -44.776917 6.2789917

1492573942487 ACCELEROMETER -4.4964447 7.594803 -3.8156738

1492573942487 GYROSCOPE 0.0066223145 0.005630493 0.011566162

1492573942525 GRAVITY -4.505661 7.8213015 -3.8336203

1492573942525 LINEAR_ACCELERATION -0.071320534 -0.039669514 0.0460217

1492573942528 ROTATION_VECTOR 0.8226714 -0.13664536 -0.35009742

1492573942622 MAGNETIC_FIELD 11.383057 -46.043396 7.1014404

1492573942677 ACCELEROMETER -4.41098 7.639633 -3.7816467

1492573942679 GYROSCOPE -0.0058288574 0.005142212 0.008560181

1492573942730 GRAVITY -4.5051723 7.8059163 -3.8654215

1492573942733 LINEAR_ACCELERATION -0.028577328 -0.08890915 0.02234912

1492573942736 ROTATION_VECTOR 0.8236593 -0.13662732 -0.3494151

1492573942808 MAGNETIC_FIELD 11.329651 -46.472168 6.6085815

1492573942873 ACCELEROMETER -4.4628906 7.6163635 -3.792282

1492573942876 GYROSCOPE -0.001876831 0.00642395 0.007171631

1492573942930 GRAVITY -4.499234 7.8131084 -3.8577995

1492573942933 LINEAR_ACCELERATION -0.03567314 -0.02881527 0.0063090324

1492573942936 ROTATION_VECTOR 0.8234549 -0.13643707 -0.34914792

1492573943007 MAGNETIC_FIELD 11.346436 -45.690918 6.755066

1492573943080 ACCELEROMETER -4.425522 7.589508 -3.847992

1492573943087 GYROSCOPE -0.0011291504 0.0044403076 0.0029449463

1492573943136 GRAVITY -4.4990883 7.8084993 -3.8672888

1492573943136 LINEAR_ACCELERATION -5.8841705E-4 0.005718708 -0.09464717

1492573943137 ROTATION_VECTOR 0.82372487 -0.13658029 -0.34902146

1492573943268 MAGNETIC_FIELD 10.983276 -45.49408 6.2957764

1492573943330 GRAVITY -4.496363 7.798321 -3.890924

1492573943330 LINEAR_ACCELERATION -0.0073518753 -0.07655668 -0.06585145

1492573943331 ROTATION_VECTOR 0.82442373 -0.1367752 -0.34849423

1492573943361 GYROSCOPE -0.005569458 0.014801025 0.010116577

1492573943455 MAGNETIC_FIELD 11.676025 -45.78705 6.3598633

1492573943530 GRAVITY -4.487308 7.7958465 -3.9063072

1492573943531 LINEAR_ACCELERATION -0.059984207 0.0055189133 -0.04538536

1492573943531 ACCELEROMETER -4.4283752 7.6302643 -3.8413239

1492573943532 ACCELEROMETER -4.4525604 7.599045 -3.9037018

1492573943532 GYROSCOPE -0.0050811768 0.0033721924 0.0021514893

1492573943532 ROTATION_VECTOR 0.82499427 -0.13620076 -0.34739435

1492573943663 MAGNETIC_FIELD 11.251831 -46.739197 6.9519043

1492573943723 ACCELEROMETER -4.403122 7.600647 -3.9116516

1492573943729 GYROSCOPE -0.0058898926 0.011138916 0.008850098

1492573943731 GRAVITY -4.489562 7.78646 -3.9224045

1492573943733 LINEAR_ACCELERATION -0.04406929 -0.08061409 -0.083082676

1492573943736 ROTATION_VECTOR 0.826087 -0.13254131 -0.34531122

1492573943855 MAGNETIC_FIELD 12.020874 -46.025085 5.6777954

1492573943921 ACCELEROMETER -4.4525757 7.593521 -3.9546509

1492573943924 GYROSCOPE 5.645752E-4 0.0040130615 0.004562378

1492573943929 GRAVITY -4.4829097 7.7819486 -3.9389317

1492573943932 LINEAR_ACCELERATION -0.052132607 -0.039565086 -0.0875535

1492573943934 ROTATION_VECTOR 0.82680154 -0.13125853 -0.34395954

1492573944047 MAGNETIC_FIELD 10.977173 -47.047424 6.5963745

1492573944112 ACCELEROMETER -4.398651 7.597519 -3.8801117

1492573944113 GYROSCOPE 0.0066223145 -0.008041382 0.0046081543

1492573944130 GRAVITY -4.4910016 7.7714057 -3.9505124

1492573944131 LINEAR_ACCELERATION -0.050005436 -0.09167242 0.13235664

1492573944132 ROTATION_VECTOR 0.82737696 -0.12987484 -0.3434619

1492573944254 MAGNETIC_FIELD 10.534668 -46.844482 7.2616577

1492573944317 ACCELEROMETER -4.4921265 7.5345764 -3.9168854

1492573944323 GYROSCOPE 5.187988E-4 0.0018463135 0.0043792725

1492573944329 GRAVITY -4.49128 7.76362 -3.9654765

1492573944332 LINEAR_ACCELERATION -0.058162212 -0.062764645 0.048301697

1492573944334 ROTATION_VECTOR 0.8278744 -0.12964159 -0.34306276

1492573944452 MAGNETIC_FIELD 11.79657 -45.837402 6.4193726

1492573944514 ACCELEROMETER -4.430725 7.5424957 -3.9617615

1492573944522 GYROSCOPE 0.013549805 -0.0023040771 0.0028839111

1492573944529 GRAVITY -4.4920726 7.752256 -3.9867523

1492573944531 LINEAR_ACCELERATION 0.12261534 0.033258915 -0.019714594

1492573944534 ROTATION_VECTOR 0.82804525 -0.13269837 -0.344248

1492573944644 MAGNETIC_FIELD 9.928894 -46.058655 6.303406

1492573944712 ACCELEROMETER -4.4568024 7.5471954 -4.0355377

1492573944718 GYROSCOPE 0.034729004 -0.029403687 0.026290894

1492573944735 GRAVITY -4.5233436 7.7164245 -4.020764

1492573944741 LINEAR_ACCELERATION -0.15223312 -0.09446049 -0.029944181

1492573944744 ROTATION_VECTOR 0.8289107 -0.13382424 -0.34584144

1492573944842 MAGNETIC_FIELD 11.175537 -46.5271 6.111145

1492573944904 ACCELEROMETER -4.473297 7.5357056 -3.9934692

1492573944913 GYROSCOPE -0.010177612 -0.006362915 -0.0035552979

1492573944936 GRAVITY -4.4939084 7.7162724 -4.053925

1492573944942 LINEAR_ACCELERATION 0.102068424 0.016721249 -0.07893634

1492573944945 ROTATION_VECTOR 0.82944214 -0.13681522 -0.3450896

1492573945024 MAGNETIC_FIELD 10.240173 -46.34552 7.662964

1492573945094 ACCELEROMETER -4.418991 7.5546875 -4.047867

1492573945107 GYROSCOPE -0.0019836426 -4.5776367E-5 0.014953613

1492573945130 GRAVITY -4.5307107 7.7006216 -4.042706

1492573945135 LINEAR_ACCELERATION -0.1187973 -0.09425402 0.057728767

1492573945137 ROTATION_VECTOR 0.8292918 -0.1356309 -0.34671095

1492573945225 MAGNETIC_FIELD 10.375977 -46.18988 6.944275

1492573945289 ACCELEROMETER -4.4866333 7.5098724 -3.919754

1492573945295 GYROSCOPE -0.01399231 -0.0015869141 -0.021408081

1492573945331 GRAVITY -4.503603 7.7124577 -4.050424

1492573945337 LINEAR_ACCELERATION 0.07665014 0.036485672 0.039483786

1492573945340 ROTATION_VECTOR 0.82930505 -0.13699363 -0.34577417

1492573945492 MAGNETIC_FIELD 11.090088 -46.339417 7.385254

1492573945536 GRAVITY -4.5620146 7.6927776 -4.0223846

1492573945544 LINEAR_ACCELERATION -0.114566326 -0.06774998 -0.0050444603

1492573945549 ROTATION_VECTOR 0.8286474 -0.1357499 -0.34887433

1492573945552 ACCELEROMETER -4.4564056 7.53537 -3.9913177

1492573945554 GYROSCOPE 0.0011138916 -0.015823364 0.014755249

1492573945682 MAGNETIC_FIELD 11.595154 -46.733093 6.8588257

1492573945725 GRAVITY -4.538026 7.7028255 -4.0302835

1492573945726 LINEAR_ACCELERATION 0.055203438 0.054873466 0.031697035

1492573945729 ROTATION_VECTOR 0.8290784 -0.13459694 -0.34683666

1492573945739 ACCELEROMETER -4.5505676 7.492462 -3.9027557

1492573945740 GYROSCOPE 1.0681152E-4 -0.0037384033 -0.0041503906

1492573945875 MAGNETIC_FIELD 11.012268 -45.98694 6.994629

1492573945939 GRAVITY -4.5825105 7.6855927 -4.01281

1492573945943 LINEAR_ACCELERATION -0.18275785 -0.13251781 0.078505754

1492573945946 ROTATION_VECTOR 0.82794887 -0.138192 -0.35140097

1492573945950 ACCELEROMETER -4.42041 7.55571 -3.9088898

1492573945952 GYROSCOPE -0.0056762695 -0.0054626465 0.012557983

1492573946073 MAGNETIC_FIELD 11.895752 -46.51947 8.085632

1492573946135 GRAVITY -4.5537863 7.7093744 -3.99987

1492573946141 LINEAR_ACCELERATION 0.095345974 0.016201973 -0.003631115

1492573946143 ROTATION_VECTOR 0.82771814 -0.1371835 -0.3496066

1492573946146 ACCELEROMETER -4.5010986 7.494858 -4.013153

1492573946148 GYROSCOPE -0.0030059814 0.003189087 0.006515503

1492573946268 MAGNETIC_FIELD 11.366272 -46.266174 7.4661255

1492573946334 ACCELEROMETER -4.4793854 7.534317 -3.860199

1492573946338 ROTATION_VECTOR 0.8286627 -0.13628809 -0.3485974

1492573946341 GYROSCOPE -0.00642395 0.0012512207 0.0059509277

1492573946343 GRAVITY -4.553157 7.6962624 -4.0257545

1492573946346 LINEAR_ACCELERATION -0.05681324 -1.3685226E-4 -0.14923358

1492573946464 MAGNETIC_FIELD 11.659241 -45.90912 7.676697

1492573946532 ACCELEROMETER -4.509491 7.489914 -3.953003

1492573946537 GYROSCOPE -0.010604858 -9.765625E-4 0.010498047

1492573946539 GRAVITY -4.567387 7.6964235 -4.009292

1492573946542 LINEAR_ACCELERATION -0.11083603 -0.09165573 -0.16623616

1492573946544 ROTATION_VECTOR 0.82800955 -0.13717565 -0.35014638

1492573946661 MAGNETIC_FIELD 11.53717 -46.949768 7.6049805

1492573946724 ACCELEROMETER -4.5023346 7.4921722 -3.965866

1492573946733 GYROSCOPE 0.0069885254 -0.010375977 -0.0025634766

1492573946735 GRAVITY -4.560906 7.712749 -3.9852264

1492573946737 LINEAR_ACCELERATION 0.034022808 0.026846409 0.0832448

1492573946740 ROTATION_VECTOR 0.82719076 -0.1376425 -0.3505209

1492573946853 MAGNETIC_FIELD 10.50415 -45.983887 7.814026

1492573946917 ACCELEROMETER -4.529358 7.498581 -3.9317932

1492573946918 GYROSCOPE -0.011947632 -7.171631E-4 0.013702393

1492573946931 GRAVITY -4.577856 7.683351 -4.0224047

1492573946932 LINEAR_ACCELERATION 0.004106045 -0.043834686 -0.08649659

1492573946932 ROTATION_VECTOR 0.8284452 -0.13698229 -0.3503483

1492573947048 MAGNETIC_FIELD 10.897827 -47.24579 7.746887

1492573947117 ACCELEROMETER -4.527649 7.4867096 -3.95932

1492573947130 GYROSCOPE -0.002670288 -0.003768921 0.0036010742

1492573947133 GRAVITY -4.5742865 7.6998587 -3.994804

1492573947135 LINEAR_ACCELERATION 0.041945457 -0.0026965141 0.11606264

1492573947138 ROTATION_VECTOR 0.8270486 -0.14024581 -0.35235637

1492573947244 MAGNETIC_FIELD 11.083984 -45.76111 8.288574

1492573947313 ACCELEROMETER -4.4348145 7.499771 -4.002228

1492573947323 GYROSCOPE -0.0024261475 0.0077209473 0.017593384

1492573947331 GRAVITY -4.5861707 7.68642 -4.007041

1492573947332 LINEAR_ACCELERATION -0.10400057 -0.07606268 -0.027398825

1492573947336 ROTATION_VECTOR 0.8272422 -0.14132431 -0.3532837

1492573947432 MAGNETIC_FIELD 11.933899 -45.185852 8.528137

1492573947534 GRAVITY -4.549991 7.6930027 -4.0355515

1492573947539 LINEAR_ACCELERATION 0.049321175 -0.024895191 -0.06764293

1492573947543 ROTATION_VECTOR 0.8282168 -0.14075793 -0.35046667

1492573947565 ACCELEROMETER -4.482727 7.500778 -4.0300293

1492573947573 GYROSCOPE 0.00491333 0.0011138916 0.00592041

1492573947694 MAGNETIC_FIELD 11.238098 -46.524048 6.9122314

1492573947737 GRAVITY -4.543598 7.683743 -4.06032

1492573947740 LINEAR_ACCELERATION -0.0024061203 0.04317808 -0.12030387

1492573947743 ROTATION_VECTOR 0.82929 -0.1389132 -0.34869432

1492573947762 ACCELEROMETER -4.481888 7.4855194 -3.9761353

1492573947766 GYROSCOPE -0.01335144 0.0040740967 0.010345459

1492573947890 MAGNETIC_FIELD 12.147522 -46.27838 7.2265625

1492573947931 GRAVITY -4.5431294 7.68651 -4.0556035

1492573947937 LINEAR_ACCELERATION -0.021731377 -0.01769352 -0.02215457

1492573947939 ROTATION_VECTOR 0.8292412 -0.13833752 -0.34847745

1492573947953 ACCELEROMETER -4.4713135 7.483032 -4.065689

1492573947956 GYROSCOPE 0.0023040771 0.003326416 0.0038604736

1492573948084 MAGNETIC_FIELD 11.309814 -45.066833 7.7407837

1492573948137 GRAVITY -4.5440097 7.6704774 -4.0848675

1492573948141 LINEAR_ACCELERATION 0.017368317 -0.037216663 -0.13167048

1492573948144 ROTATION_VECTOR 0.8306855 -0.13502546 -0.34627986

1492573948152 ACCELEROMETER -4.20282 7.7490997 -3.8766022

1492573948154 GYROSCOPE -0.01550293 -0.0095825195 -0.06677246

1492573948280 MAGNETIC_FIELD 15.814209 -45.474243 7.2540283

1492573948333 GRAVITY -4.5939393 7.6713333 -4.0270023

1492573948337 LINEAR_ACCELERATION 0.5461836 0.2007699 0.47137094

1492573948350 ROTATION_VECTOR 0.83036894 -0.12572756 -0.34547368

1492573948354 ACCELEROMETER -2.6019745 8.82399 -2.8302612

1492573948357 GYROSCOPE 0.43322754 -0.5473633 -0.7095642

1492573948474 MAGNETIC_FIELD 31.517029 -36.312866 9.062195

1492573948532 GRAVITY -6.0572705 6.6115527 -3.9707978

1492573948537 LINEAR_ACCELERATION 4.8366027 2.6284542 1.2570336

1492573948543 ROTATION_VECTOR 0.8329807 -0.09272274 -0.4107169

1492573948547 ACCELEROMETER -7.0263824 3.5431213 -0.41409302

1492573948554 GYROSCOPE 2.569931 -4.817917 -1.5097809

1492573948674 MAGNETIC_FIELD 28.016663 -33.189392 -18.589783

1492573948745 GRAVITY -9.13487 2.8171744 2.1881676

1492573948752 LINEAR_ACCELERATION 0.97904015 -0.24483657 -1.5269265

1492573948752 ROTATION_VECTOR 0.60534286 -0.1483056 -0.7806713

1492573948753 ACCELEROMETER -3.3902435 2.5682068 5.786972

1492573948755 GYROSCOPE 1.4755554 -4.753296 0.28797913

1492573948863 MAGNETIC_FIELD 16.494751 -33.042908 -29.374695

1492573948928 GRAVITY -3.9931066 4.2288313 7.895725

1492573948929 LINEAR_ACCELERATION 3.1325455 -0.7870393 -1.1905184

1492573948929 ACCELEROMETER -0.6490021 3.569168 11.43927

1492573948929 GYROSCOPE -0.40190125 -1.7505798 -0.521698

1492573948930 ROTATION_VECTOR -0.20092048 0.23887451 0.9484709

1492573949059 MAGNETIC_FIELD 13.247681 -31.367493 -32.96814

1492573949137 ACCELEROMETER -0.8210907 2.359787 5.362671

1492573949139 GYROSCOPE 0.2434845 -1.4785767 -0.1616211

1492573949139 GRAVITY -0.961088 3.320897 9.177054

1492573949140 LINEAR_ACCELERATION -0.10877961 -0.51035523 0.8073902

1492573949141 ROTATION_VECTOR -0.021723712 0.17784403 0.9712275

1492573949253 MAGNETIC_FIELD -13.691711 -29.971313 -33.685303

1492573949323 ACCELEROMETER 7.380142 3.953354 9.201889

1492573949333 GYROSCOPE 0.40585327 -3.8995972 0.96736145

1492573949337 GRAVITY 3.2024755 3.402968 8.621737

1492573949339 LINEAR_ACCELERATION -0.9230912 -0.907871 -0.8658495

1492573949343 ROTATION_VECTOR 0.19544128 0.14905192 0.956285

1492573949454 MAGNETIC_FIELD -36.050415 -28.477478 -1.6815186

1492573949518 ACCELEROMETER 11.888428 4.4472046 -2.763733

1492573949523 GYROSCOPE 1.0364838 -4.629242 0.4960327

1492573949528 GRAVITY 8.6547365 3.390406 3.1258712

1492573949533 LINEAR_ACCELERATION -1.004858 0.39843678 0.777941

1492573949536 ROTATION_VECTOR 0.553586 0.18484445 0.8109591

1492573949713 MAGNETIC_FIELD -32.50885 -33.668518 -1.7227173

1492573949732 GRAVITY 8.095108 3.5861616 -4.216522

1492573949734 LINEAR_ACCELERATION -4.0266533 1.1850996 -2.4344373

1492573949739 ROTATION_VECTOR 0.8138582 0.22938524 0.52847403

1492573949778 ACCELEROMETER -4.5820465 -5.468582 -6.010895

1492573949782 GYROSCOPE -5.18573 -0.4402771 -2.3696136

1492573949908 MAGNETIC_FIELD -20.70465 -15.301514 -40.567017

1492573949932 GRAVITY 5.2081475 8.12436 1.7436639

1492573949936 LINEAR_ACCELERATION -24.055883 -26.980158 -2.360443

1492573949940 ROTATION_VECTOR 0.6360124 0.081154995 0.492594

1492573949973 ACCELEROMETER 1.7179565 -3.1919403 6.0436554

1492573949977 GYROSCOPE -1.9354858 -0.9623718 0.05491638

1492573950103 MAGNETIC_FIELD -21.635437 -8.804321 40.945435

1492573950132 GRAVITY 6.2913113 7.5033565 -0.5379906

1492573950135 LINEAR_ACCELERATION 4.7140274 0.47621727 19.91482

1492573950140 ROTATION_VECTOR 0.7011597 -0.18922201 0.2891752

1492573950172 ACCELEROMETER 0.7201843 0.41859436 -7.6891327

1492573950175 GYROSCOPE 4.738968 -8.906555 -1.4929352

1492573950299 MAGNETIC_FIELD -38.365173 -16.51001 15.843201

1492573950332 GRAVITY -4.3428245 5.392586 -6.9448023

1492573950335 LINEAR_ACCELERATION 0.26396203 -7.7658834 -6.8011484

1492573950338 ROTATION_VECTOR 0.91420454 -0.13533825 -0.28057584

1492573950364 ACCELEROMETER 6.058655 -2.340973 -2.3201904

1492573950370 GYROSCOPE -1.714798 8.397736 0.13937378

1492573950493 MAGNETIC_FIELD -25.790405 -16.000366 -36.917114

1492573950532 GRAVITY 6.557094 6.654608 -2.9817953

1492573950538 LINEAR_ACCELERATION 7.9425406 -7.6416235 2.655608

1492573950541 ROTATION_VECTOR 0.7963808 0.13344213 0.47777104

1492573950560 ACCELEROMETER 11.069077 0.20532227 3.0513306

1492573950564 GYROSCOPE 1.1036682 2.9086304 0.61932373

1492573950688 MAGNETIC_FIELD -21.025085 -22.349548 -34.88617

1492573950727 GRAVITY 8.352561 5.120845 -0.4266786

1492573950728 LINEAR_ACCELERATION 3.5470843 -2.9021797 4.1956377

1492573950728 ROTATION_VECTOR 0.69620544 0.19249043 0.66457474

1492573950750 ACCELEROMETER 6.6927032 1.184082 7.9081573

1492573950751 GYROSCOPE 1.1526031 -0.34040833 -0.023483276

1492573950881 MAGNETIC_FIELD -31.506348 -26.287842 -21.290588

1492573950932 GRAVITY 8.349011 4.88695 -1.606895

1492573950936 LINEAR_ACCELERATION -3.97928 -4.341965 10.09158

1492573950939 ROTATION_VECTOR 0.72333246 0.24232002 0.63287234

1492573950952 ACCELEROMETER 8.4509735 2.8727417 3.1366882

1492573950954 GYROSCOPE 1.0732727 -1.41362 0.8540344

1492573951075 MAGNETIC_FIELD -36.4563 -26.10321 -13.362122

1492573951126 GRAVITY 8.277313 2.9135633 -4.378083

1492573951126 LINEAR_ACCELERATION 3.317634 1.1158872 8.385948

1492573951129 ROTATION_VECTOR 0.82024324 0.22454658 0.52476424

1492573951140 ACCELEROMETER 10.027603 2.8370972 1.728302

1492573951141 GYROSCOPE 0.100128174 -0.13995361 0.052200317

