1492573852526 ACCELEROMETER -11.560074 4.743805 1.5067749

1492573852551 GYROSCOPE 1.7062683 3.5295258 2.305893

1492573852611 MAGNETIC_FIELD 37.745667 -27.674866 2.2338867

1492573852626 GRAVITY -8.744463 3.5641317 2.6460772

1492573852627 LINEAR_ACCELERATION -3.1526346 -1.2240806 0.15511942

1492573852629 ROTATION_VECTOR 0.59002537 0.1302217 -0.6557195

1492573852721 ACCELEROMETER 0.28070068 5.334091 -1.5018463

1492573852746 GYROSCOPE -0.97657776 4.2964783 1.6134796

1492573852806 MAGNETIC_FIELD 11.917114 -41.627502 18.525696

1492573852826 GRAVITY -4.201449 7.4698005 -4.7665815

1492573852827 LINEAR_ACCELERATION 4.0355124 -4.2949333 3.039701

1492573852829 ROTATION_VECTOR 0.86082214 -0.04486956 -0.271173

1492573853007 ACCELEROMETER 2.2028503 9.24855 2.794876

1492573853008 GYROSCOPE -0.9130249 2.0769196 0.0140686035

1492573853009 MAGNETIC_FIELD 5.0338745 -45.166016 15.72876

1492573853026 GRAVITY 0.8815727 9.585592 -1.873406

1492573853027 LINEAR_ACCELERATION 2.368406 -0.74106693 4.734348

1492573853029 ROTATION_VECTOR 0.65541935 0.4073605 0.38378164

1492573853137 ACCELEROMETER 1.1863251 9.722427 -0.88964844

1492573853138 GYROSCOPE 0.36611938 0.2470398 -0.31300354

1492573853202 MAGNETIC_FIELD 7.5271606 -42.227173 19.218445

1492573853226 GRAVITY 0.70935965 9.758711 -0.65935564

1492573853227 LINEAR_ACCELERATION 1.0338557 0.87274456 -0.1443662

1492573853229 ROTATION_VECTOR 0.2862193 0.67208356 0.64606327

1492573853333 ACCELEROMETER -0.34661865 10.055542 -0.84698486

1492573853333 GYROSCOPE 0.67881775 0.36857605 -0.30026245

1492573853398 MAGNETIC_FIELD 4.7714233 -37.03766 26.612854

1492573853426 GRAVITY 0.03302732 9.6960125 -1.4685506

1492573853427 LINEAR_ACCELERATION 0.14932883 0.78497314 -0.858008

1492573853429 ROTATION_VECTOR 0.25183687 0.7151597 0.61573315

1492573853528 ACCELEROMETER 1.40979 9.535965 -4.8155823

1492573853529 GYROSCOPE 0.9989319 0.7923889 0.31143188

1492573853593 MAGNETIC_FIELD 0.8041382 -35.65216 29.846191

1492573853626 GRAVITY 1.0207624 9.043355 -3.6532402

1492573853627 LINEAR_ACCELERATION 1.1729355 0.69473267 -1.3944929

1492573853629 ROTATION_VECTOR 0.18439269 0.80762786 0.55660826

1492573853723 ACCELEROMETER 2.2512512 8.960541 -3.3757782

1492573853724 GYROSCOPE -1.015686 0.27435303 0.004486084

1492573853788 MAGNETIC_FIELD 4.0527344 -40.060425 22.799683

1492573853826 GRAVITY 1.6946977 9.272212 -2.706377

1492573853827 LINEAR_ACCELERATION 0.95551884 0.62082577 0.47660732

1492573853829 ROTATION_VECTOR 0.19306071 0.7750577 0.60046846

1492573853919 ACCELEROMETER -0.14596558 9.614563 -0.46884155

1492573853919 GYROSCOPE -1.0124512 0.26800537 -0.47338867

1492573853985 MAGNETIC_FIELD 3.668213 -43.46924 15.888977

1492573854026 GRAVITY 0.8819681 9.726603 -0.88640714

1492573854027 LINEAR_ACCELERATION -0.917233 0.6113014 0.0243963

1492573854029 ROTATION_VECTOR 0.15115918 0.72273445 0.66988033

1492573854114 ACCELEROMETER -0.64920044 9.587982 1.1228943

1492573854115 GYROSCOPE -0.5856476 -0.11895752 -0.10992432

1492573854179 MAGNETIC_FIELD 2.3269653 -43.608093 15.081787

1492573854226 GRAVITY 0.17521322 9.775862 0.756446

1492573854227 LINEAR_ACCELERATION -1.493961 -1.0657415 -0.07704133

1492573854229 ROTATION_VECTOR 0.0934961 0.6728228 0.7285807

1492573854310 ACCELEROMETER 0.20814514 8.774139 -2.0567932

1492573854310 GYROSCOPE 0.41116333 0.25202942 0.23345947

1492573854426 GRAVITY 1.0607554 9.7223425 -0.7219697

1492573854427 LINEAR_ACCELERATION 0.76946414 -2.0016098 -4.4007444

1492573854429 ROTATION_VECTOR 0.13160972 0.72075593 0.6788204

1492573854440 MAGNETIC_FIELD 4.9728394 -43.411255 17.115784

1492573854570 ACCELEROMETER 0.21073914 10.651962 -0.8450928

1492573854570 GYROSCOPE 0.73709106 0.099731445 -0.052078247

1492573854626 GRAVITY 0.10194092 9.762189 -0.92718035

1492573854627 LINEAR_ACCELERATION -0.30793664 3.6884212 -1.1252532

1492573854629 ROTATION_VECTOR 0.08298034 0.7351104 0.6693552

1492573854636 MAGNETIC_FIELD 0.80718994 -43.07251 18.266296

1492573854765 ACCELEROMETER 0.72047424 9.251038 -0.67178345

1492573854766 GYROSCOPE -0.3675995 -0.12095642 0.20744324

1492573854826 GRAVITY 0.58276 9.701873 -1.3055406

1492573854828 LINEAR_ACCELERATION -0.6258708 -0.3461342 -1.3431827

1492573854829 ROTATION_VECTOR 0.104355015 0.7454355 0.6563003

1492573854831 MAGNETIC_FIELD -1.2802124 -44.404602 13.328552

1492573854962 ACCELEROMETER 1.4406433 9.362106 0.64915466

1492573854962 GYROSCOPE -0.5637512 -0.13096619 0.29560852

1492573855026 GRAVITY 1.0779372 9.747023 -0.06309248

1492573855027 LINEAR_ACCELERATION -0.19986176 -0.3236246 -1.1808238

1492573855028 MAGNETIC_FIELD -4.7470093 -46.054077 10.548401

1492573855030 ROTATION_VECTOR 0.1564549 0.6721484 0.7228149

1492573855156 ACCELEROMETER 2.0193176 9.291428 0.6977997

1492573855157 GYROSCOPE 0.38587952 -0.10572815 0.50582886

1492573855221 MAGNETIC_FIELD -8.633423 -44.16046 13.38501

1492573855226 GRAVITY 1.7469405 9.638558 0.46558753

1492573855227 LINEAR_ACCELERATION -0.3816105 -0.22359943 1.9121246

1492573855351 ACCELEROMETER 3.2417297 9.369705 -0.34851074

1492573855352 GYROSCOPE -0.07849121 -0.74113464 0.39012146

1492573855417 MAGNETIC_FIELD -8.998108 -44.709778 10.769653

1492573855426 GRAVITY 2.9442365 9.322037 -0.77555716

1492573855427 LINEAR_ACCELERATION 1.1264911 -0.120370865 -1.0363736

1492573855429 ROTATION_VECTOR -0.21968216 -0.7009152 -0.6785686

1492573855547 ACCELEROMETER 3.9030914 8.472168 1.620758

1492573855548 GYROSCOPE -0.2107544 -0.527771 0.3767395

1492573855612 MAGNETIC_FIELD -8.906555 -44.75403 12.579346

1492573855626 GRAVITY 3.6042001 9.120022 0.072997995

1492573855627 LINEAR_ACCELERATION -0.26411843 -0.77686024 3.0192306

1492573855629 ROTATION_VECTOR 0.2923417 0.6409481 0.70879036

1492573855742 ACCELEROMETER 4.0804443 8.389908 0.47973633

1492573855743 GYROSCOPE 0.6421051 -0.7135925 0.08673096

1492573855808 MAGNETIC_FIELD -9.912109 -39.4516 20.84961

1492573855826 GRAVITY 3.6744668 9.040247 -0.97089005

1492573855827 LINEAR_ACCELERATION 0.1425333 0.8908224 2.6576838

1492573855829 ROTATION_VECTOR 0.33725825 0.66012007 0.66869545

1492573855937 ACCELEROMETER 3.659134 7.8320007 -1.6307983

1492573855938 GYROSCOPE 0.31681824 -0.63853455 -0.26982117

1492573856002 MAGNETIC_FIELD -5.5145264 -40.003967 22.40448

1492573856026 GRAVITY 3.902041 8.579337 -2.7091408

1492573856027 LINEAR_ACCELERATION 1.5208042 -0.047605515 2.356137

1492573856029 ROTATION_VECTOR 0.4027194 0.6898875 0.5984604

1492573856133 ACCELEROMETER 3.3383331 8.9552765 -1.3198547

1492573856133 GYROSCOPE 0.13275146 1.3187866 -1.3930664

1492573856198 MAGNETIC_FIELD 1.2069702 -40.3656 22.930908

1492573856226 GRAVITY 2.3976262 9.124098 -2.6781733

1492573856227 LINEAR_ACCELERATION 3.2179248 1.5457687 1.8613899

1492573856229 ROTATION_VECTOR 0.29446417 0.74151176 0.5984579

1492573856328 ACCELEROMETER 1.099762 7.6465607 -1.1942139

1492573856329 GYROSCOPE -1.8302002 -0.0048065186 -0.48368835

1492573856393 MAGNETIC_FIELD -0.07171631 -47.465515 0.38604736

1492573856426 GRAVITY 0.729318 9.648706 -1.5940336

1492573856427 LINEAR_ACCELERATION 0.76616794 -0.81714153 -0.31356108

1492573856429 ROTATION_VECTOR 0.1546449 0.74656415 0.64173025

1492573856524 ACCELEROMETER -1.3657379 7.377075 6.6002502

1492573856524 GYROSCOPE -0.2904358 0.7552643 0.040893555

1492573856626 GRAVITY 1.9767938 9.256966 2.5634465

1492573856627 LINEAR_ACCELERATION 2.5333362 -5.671116 1.4656966

1492573856629 ROTATION_VECTOR 0.23010282 0.5624529 0.78162557

1492573856654 MAGNETIC_FIELD -0.41351318 -45.77484 12.547302

1492573856784 ACCELEROMETER 0.66485596 8.917587 0.21292114

1492573856785 GYROSCOPE 0.9605713 1.2338867 -0.15252686

1492573856826 GRAVITY 0.28520918 9.801875 0.110850535

1492573856827 LINEAR_ACCELERATION 2.860029 -3.1094952 -1.4447592

1492573856829 ROTATION_VECTOR 0.05316172 0.70108634 0.71032023

1492573856849 MAGNETIC_FIELD 0.30670166 -44.500732 13.009644

1492573856980 ACCELEROMETER -0.9649811 9.506256 0.62231445

1492573856981 GYROSCOPE 0.23098755 0.16651917 -0.13716125

1492573857026 GRAVITY -0.16813143 9.804877 0.08064174

1492573857027 LINEAR_ACCELERATION 0.119491175 -0.6005335 0.59307915

1492573857029 ROTATION_VECTOR 0.0148253 -0.70403737 -0.7100027

1492573857045 MAGNETIC_FIELD 2.494812 -44.232178 15.431213

1492573857175 ACCELEROMETER -0.44007874 9.541122 -0.02720642

1492573857175 GYROSCOPE 0.1507721 -0.07069397 -0.25665283

1492573857226 GRAVITY -0.49756834 9.787748 -0.3504195

1492573857226 LINEAR_ACCELERATION 0.51777244 0.33295345 0.54834473

1492573857229 ROTATION_VECTOR -0.011261102 0.71954125 0.6939297

1492573857240 MAGNETIC_FIELD 4.602051 -43.97888 16.888428

1492573857370 ACCELEROMETER -1.3279419 9.37059 0.11740112

1492573857371 GYROSCOPE -0.005859375 0.17793274 -0.014862061

1492573857426 GRAVITY -0.90163845 9.753618 -0.4736749

1492573857427 LINEAR_ACCELERATION -0.09471494 0.60714436 0.62690985

1492573857429 ROTATION_VECTOR -0.035697103 0.7231019 0.689185

1492573857435 MAGNETIC_FIELD 3.6026 -43.11371 17.999268

1492573857565 ACCELEROMETER -1.4459076 9.47348 -0.109375

1492573857566 GYROSCOPE 0.041366577 0.12538147 -0.07785034

1492573857626 GRAVITY -0.95373666 9.746795 -0.5106601

1492573857627 LINEAR_ACCELERATION -0.57604134 0.016113281 0.7359592

1492573857629 ROTATION_VECTOR -0.05450395 0.72323287 0.6882786

1492573857630 MAGNETIC_FIELD 3.7261963 -42.993164 18.177795

1492573857761 ACCELEROMETER -1.4471436 9.549179 -0.14837646

1492573857762 GYROSCOPE 0.033981323 0.039535522 -0.026565552

1492573857826 MAGNETIC_FIELD 3.8101196 -42.625427 17.825317

1492573857828 GRAVITY -1.1991155 9.720887 -0.48668095

1492573857828 LINEAR_ACCELERATION -0.36305833 0.0663023 0.4565638

1492573857829 ROTATION_VECTOR -0.08085284 0.7199143 0.6892966

1492573857956 ACCELEROMETER -1.4804382 9.461182 -0.22102356

1492573857957 GYROSCOPE 0.017349243 0.0020599365 0.016311646

1492573858021 MAGNETIC_FIELD 5.062866 -43.240356 19.259644

1492573858155 ACCELEROMETER -1.4149323 9.502579 -0.2626953

1492573858160 GYROSCOPE 0.015686035 -0.014480591 -8.8500977E-4

1492573858221 MAGNETIC_FIELD 4.211426 -42.840576 18.754578

1492573858228 GRAVITY -1.2876985 9.711898 -0.43733567

1492573858237 LINEAR_ACCELERATION -0.14684677 0.08128834 0.14358068

1492573858239 ROTATION_VECTOR -0.09012973 0.7170597 0.69114405

1492573858348 ACCELEROMETER -1.4848938 9.464676 -0.26519775

1492573858350 GYROSCOPE 0.005355835 0.019378662 0.0090789795

1492573858414 MAGNETIC_FIELD 4.763794 -42.692566 18.951416

1492573858430 GRAVITY -1.3419822 9.705961 -0.40471318

1492573858433 LINEAR_ACCELERATION -0.18433893 0.02327919 0.13406065

1492573858434 ROTATION_VECTOR -0.095008396 0.7152678 0.6923523

1492573858544 ACCELEROMETER -1.4627228 9.420151 -0.31269836

1492573858547 GYROSCOPE 0.0066375732 -6.4086914E-4 0.0115356445

1492573858614 MAGNETIC_FIELD 3.95813 -42.381287 18.737793

1492573858632 GRAVITY -1.3751568 9.702472 -0.3759956

1492573858636 LINEAR_ACCELERATION -0.13002896 -0.027327538 0.053872824

1492573858638 ROTATION_VECTOR -0.09983187 0.7135853 0.6934176

1492573858813 ACCELEROMETER -1.4210205 9.48082 -0.2955017

1492573858816 GYROSCOPE 0.018844604 -0.010131836 0.016113281

1492573858833 GRAVITY -1.3862451 9.700547 -0.38483286

1492573858836 LINEAR_ACCELERATION -0.08938646 -0.01769352 0.026472002

1492573858840 ROTATION_VECTOR 0.10247781 -0.71352595 -0.6930936

1492573858877 MAGNETIC_FIELD 1.9699097 -42.72461 17.141724

1492573859032 GRAVITY -1.386812 9.700172 -0.39215752

1492573859037 LINEAR_ACCELERATION -0.106075644 -0.029932022 -0.06110081

1492573859039 ROTATION_VECTOR 0.10489134 -0.71343696 -0.6928189

1492573859042 GYROSCOPE 0.013717651 -0.009933472 0.005722046

1492573859131 MAGNETIC_FIELD 4.7805786 -42.419434 18.811035

1492573859206 ACCELEROMETER -1.4308319 9.518997 -0.3936615

1492573859211 ACCELEROMETER -1.4351654 9.522247 -0.4670868

1492573859213 GYROSCOPE 0.0033721924 0.013931274 -0.023132324

1492573859233 GRAVITY -1.4111817 9.696385 -0.39881906

1492573859236 LINEAR_ACCELERATION 0.038161635 0.15717602 -0.029044539

1492573859239 ROTATION_VECTOR 0.104244426 -0.71376973 -0.6925791

1492573859272 MAGNETIC_FIELD 3.8726807 -42.253113 18.569946

1492573859403 ACCELEROMETER -1.5095825 9.435806 -0.42869568

1492573859406 GYROSCOPE 9.460449E-4 -0.0103302 -0.008743286

1492573859433 GRAVITY -1.44509 9.689533 -0.4416311

1492573859437 LINEAR_ACCELERATION -0.099369764 -0.10870361 -0.07664138

1492573859439 ROTATION_VECTOR -0.104431175 0.7152699 0.69099826

1492573859467 MAGNETIC_FIELD 4.977417 -41.378784 19.979858

1492573859597 ACCELEROMETER -1.5278168 9.446884 -0.41540527

1492573859598 GYROSCOPE -5.340576E-4 -0.014480591 0.007507324

1492573859633 GRAVITY -1.4784886 9.6852045 -0.4257533

1492573859634 LINEAR_ACCELERATION -0.097958446 -0.08844566 -0.01924336

1492573859634 ROTATION_VECTOR -0.102970816 0.71491563 0.6915624

1492573859663 MAGNETIC_FIELD 2.7877808 -42.34619 18.374634

1492573859792 ACCELEROMETER -1.5197449 9.422836 -0.44535828

1492573859793 GYROSCOPE -0.024597168 -6.5612793E-4 0.0036621094

1492573859833 GRAVITY -1.4961026 9.6835 -0.40235797

1492573859834 LINEAR_ACCELERATION -0.06942272 -0.0184803 -0.061373264

1492573859834 ROTATION_VECTOR -0.10587325 0.71365637 0.6924364

1492573859858 MAGNETIC_FIELD 4.1748047 -42.42401 19.163513

1492573859985 ACCELEROMETER -1.4837189 9.450302 -0.44102478

1492573859990 GYROSCOPE -0.0016021729 0.0012512207 0.01008606

1492573860032 GRAVITY -1.5034988 9.682271 -0.40436295

1492573860034 LINEAR_ACCELERATION -0.05826032 -0.09174538 -0.14596966

1492573860050 ROTATION_VECTOR -0.10878866 0.71328944 0.69237256

1492573860051 MAGNETIC_FIELD 4.740906 -42.19055 18.548584

1492573860177 ACCELEROMETER -1.5028687 9.439468 -0.47392273

1492573860181 GYROSCOPE 0.01083374 0.014083862 0.008834839

1492573860230 GRAVITY -1.4884393 9.683666 -0.42608508

1492573860234 LINEAR_ACCELERATION -0.04348576 0.053217888 -0.045927733

1492573860236 ROTATION_VECTOR -0.107846715 0.71420825 0.69157237

1492573860242 MAGNETIC_FIELD 4.3777466 -41.496277 19.473267

1492573860380 ACCELEROMETER -1.5034637 9.425568 -0.53234863

1492573860383 GYROSCOPE 0.011138916 0.0012054443 0.016357422

1492573860433 GRAVITY -1.4740183 9.685201 -0.4410771

1492573860437 LINEAR_ACCELERATION -0.08618307 0.030510902 -0.007475704

1492573860441 ROTATION_VECTOR 0.108911574 -0.71458167 -0.6910219

1492573860443 MAGNETIC_FIELD 3.8574219 -41.271973 20.419312

1492573860573 ACCELEROMETER -1.3672638 9.4743805 -0.47859192

1492573860576 GYROSCOPE 0.015014648 0.020751953 0.0070648193

1492573860633 GRAVITY -1.4690251 9.682925 -0.5032969

1492573860636 LINEAR_ACCELERATION -0.09104347 -0.12786293 -0.102175176

1492573860640 ROTATION_VECTOR 0.10937036 -0.7167281 -0.6887225

1492573860642 MAGNETIC_FIELD 3.3035278 -40.878296 20.007324

1492573860770 ACCELEROMETER -1.6525574 9.451736 -0.5677948

1492573860773 GYROSCOPE 0.027908325 0.001083374 -0.0021209717

1492573860832 GRAVITY -1.4481608 9.684866 -0.5259263

1492573860835 LINEAR_ACCELERATION -0.017590523 -0.00303936 -0.10353279

1492573860837 MAGNETIC_FIELD 3.8497925 -41.818237 19.943237

1492573860841 ROTATION_VECTOR 0.1146947 -0.7188626 -0.6856191

1492573860964 ACCELEROMETER -1.4505463 9.453888 -0.6922302

1492573860967 GYROSCOPE 0.0040130615 -0.06529236 0.048110962

1492573861027 GRAVITY -1.5020959 9.673146 -0.5867966

1492573861031 LINEAR_ACCELERATION -0.2296511 0.06547356 -0.06715363

1492573861089 MAGNETIC_FIELD 3.968811 -42.40265 20.075989

1492573861174 GYROSCOPE -0.006515503 0.0013427734 0.034439087

1492573861232 GRAVITY -1.4098071 9.68728 -0.58262366

1492573861234 LINEAR_ACCELERATION -0.021220207 -0.025551796 0.11630386

1492573861237 ROTATION_VECTOR 0.107690774 -0.7197974 -0.68577474

1492573861295 ACCELEROMETER -1.3908997 9.46344 -0.54611206

1492573861300 MAGNETIC_FIELD 3.8528442 -41.29944 20.63446

1492573861425 ACCELEROMETER -1.3118591 9.471207 -0.6303406

1492573861431 GYROSCOPE 0.0071411133 -0.023757935 0.015975952

1492573861434 GRAVITY -1.3718272 9.692464 -0.58705074

1492573861436 LINEAR_ACCELERATION -0.06748581 1.0967255E-4 -0.005372584

1492573861439 ROTATION_VECTOR 0.10703982 -0.7200512 -0.6855989

1492573861490 MAGNETIC_FIELD 3.439331 -42.781067 18.650818

1492573861621 ACCELEROMETER -1.362854 9.484222 -0.66386414

1492573861624 GYROSCOPE 0.0029296875 -0.0037994385 0.009246826

1492573861628 GRAVITY -1.3463495 9.693874 -0.6217157

1492573861632 LINEAR_ACCELERATION 0.014414072 -0.0109062195 -0.13112074

1492573861634 ROTATION_VECTOR 0.102916844 -0.7218773 -0.684321

1492573861680 MAGNETIC_FIELD 2.6763916 -41.01715 21.514893

1492573861814 ACCELEROMETER -1.3943176 9.469818 -0.6403656

1492573861817 GYROSCOPE -0.008758545 -0.020767212 0.004180908

1492573861831 GRAVITY -1.3704461 9.690054 -0.6285902

1492573861834 LINEAR_ACCELERATION -0.17731977 -0.0023174286 -0.13093275

1492573861837 ROTATION_VECTOR 0.10699929 -0.7215264 -0.68405384

1492573861880 MAGNETIC_FIELD 4.2663574 -41.77704 19.973755

1492573862021 ACCELEROMETER -1.3818512 9.473267 -0.6149597

1492573862030 GYROSCOPE -0.011764526 -0.015899658 0.008880615

1492573862031 GRAVITY -1.3703681 9.691079 -0.61275476

1492573862032 LINEAR_ACCELERATION -0.04607463 0.048592567 0.0084812045

1492573862033 ROTATION_VECTOR 0.103714004 -0.72144663 -0.6846574

1492573862074 MAGNETIC_FIELD 3.567505 -41.726685 19.482422

1492573862199 ACCELEROMETER -1.3693085 9.443649 -0.6262207

1492573862203 GYROSCOPE -0.014526367 4.272461E-4 0.009155273

1492573862227 GRAVITY -1.3714362 9.692427 -0.58856344

1492573862235 LINEAR_ACCELERATION -0.095863104 -0.025301933 0.010632515

1492573862238 ROTATION_VECTOR 0.105814576 -0.72028583 -0.68554974

1492573862267 MAGNETIC_FIELD 4.3060303 -42.062378 20.239258

1492573862428 GRAVITY -1.3645782 9.692547 -0.6023797

1492573862468 LINEAR_ACCELERATION 0.037553668 0.07920456 0.07636964

1492573862468 ROTATION_VECTOR 0.105637655 -0.7208006 -0.68503445

1492573862469 GYROSCOPE 0.008163452 0.004470825 0.0016479492

1492573862469 MAGNETIC_FIELD 4.0130615 -42.163086 20.16449

1492573862542 ACCELEROMETER -1.3184052 9.504364 -0.63272095

1492573862627 GRAVITY -1.3434535 9.693988 -0.62619364

1492573862627 LINEAR_ACCELERATION 0.052092314 -0.008937836 -0.02913034

1492573862630 ROTATION_VECTOR 0.10177325 -0.7221975 -0.68415684

1492573862665 ACCELEROMETER -1.4160614 9.504883 -0.5816345

1492573862665 GYROSCOPE -0.01676941 0.008911133 0.0028533936

1492573862666 MAGNETIC_FIELD 4.9804688 -42.89856 20.066833

1492573862835 GRAVITY -1.3561537 9.693724 -0.6024603

1492573862843 LINEAR_ACCELERATION -0.07837701 -0.018140793 0.029641628

1492573862847 ROTATION_VECTOR 0.10302585 -0.7211814 -0.6850395

1492573862867 ACCELEROMETER -1.7502136 9.138641 0.21516418

1492573862871 GYROSCOPE 0.1978302 -0.053497314 0.10398865

1492573862873 MAGNETIC_FIELD 2.722168 -40.219116 22.006226

1492573863032 GRAVITY -1.1558447 9.674891 -1.1094528

1492573863039 LINEAR_ACCELERATION -0.75345314 -0.5885582 1.8229275

1492573863043 ROTATION_VECTOR 0.08965713 -0.74062675 -0.6659073

1492573863059 ACCELEROMETER -1.4024048 8.369873 0.02708435

1492573863067 GYROSCOPE 1.0362549 -0.40704346 0.594162

1492573863071 MAGNETIC_FIELD 0.0793457 -34.81598 31.240845

1492573863232 GRAVITY -0.052126903 9.188748 -3.4255767

1492573863236 LINEAR_ACCELERATION -1.3174125 -0.56859684 3.0263815

1492573863269 ROTATION_VECTOR 0.0139582865 -0.82125574 -0.570353

1492573863283 ACCELEROMETER -0.30480957 6.1909943 -1.2308044

1492573863292 GYROSCOPE 2.407959 -0.8543854 1.1060486

1492573863296 MAGNETIC_FIELD 0.19836426 -12.5442505 43.42804

1492573863427 GRAVITY 0.71875614 5.547575 -8.0547

1492573863428 LINEAR_ACCELERATION -0.83501977 0.3084135 5.6454196

1492573863437 ROTATION_VECTOR -0.09154421 -0.9498921 -0.29871178

1492573863446 ACCELEROMETER 2.2583313 0.89468384 -7.795105

1492573863446 GYROSCOPE 3.7813873 0.8266907 1.2247162

1492573863447 MAGNETIC_FIELD -7.5149536 25.004578 39.91089

1492573863627 GRAVITY 3.7171242 -1.124799 -9.004899

1492573863627 LINEAR_ACCELERATION 0.3527484 -0.5610337 -2.6194105

1492573863631 ROTATION_VECTOR -0.20010626 -0.95868635 0.017782142

1492573863642 ACCELEROMETER 8.174698 0.09815979 -8.11734

1492573863643 GYROSCOPE 0.93759155 0.05596924 1.0804749

1492573863644 MAGNETIC_FIELD -5.6518555 27.383423 37.953186

1492573863827 GRAVITY 3.0653634 -2.2280023 -9.044885

1492573863844 LINEAR_ACCELERATION 10.487985 4.278719 2.512951

1492573863851 ROTATION_VECTOR -0.24592549 -0.9490424 0.07217543

1492573863854 ACCELEROMETER -0.29519653 -5.4388123 -8.892868

1492573863858 GYROSCOPE -1.1101837 -2.0432587 -0.41481018

1492573863914 MAGNETIC_FIELD 8.02002 12.791443 43.199158

1492573864028 GRAVITY 0.15423532 0.41700858 -9.796566

1492573864059 LINEAR_ACCELERATION -4.520112 -7.198637 1.3625126

1492573864062 ROTATION_VECTOR -0.28174046 -0.9592227 -0.022621717

1492573864077 ACCELEROMETER -1.301239 -3.744629 -8.449936

1492573864106 GYROSCOPE -0.5593262 -4.1421967 0.61109924

1492573864106 MAGNETIC_FIELD 35.88867 3.6727905 27.601624

1492573864227 GRAVITY -6.887204 0.09959804 -6.9804645

1492573864228 LINEAR_ACCELERATION 5.677367 -5.2724757 -2.1740246

1492573864228 ACCELEROMETER -4.849167 1.6599121 -5.1714478

1492573864229 GYROSCOPE -1.8584442 -3.3932953 -1.4563904

1492573864231 ROTATION_VECTOR 0.23683023 0.7165938 -0.02129343

1492573864298 MAGNETIC_FIELD 41.815186 -9.399414 -10.682678

1492573864422 ACCELEROMETER -3.4396973 -0.79429626 -1.1000977

1492573864422 GYROSCOPE -2.9053345 -0.84529114 -1.2701569

1492573864427 GRAVITY -9.552478 -1.1562498 -1.8930532

1492573864427 LINEAR_ACCELERATION 7.7659454 0.622579 0.42623103

1492573864433 ROTATION_VECTOR -0.08619119 0.7675219 -0.005479422

1492573864497 MAGNETIC_FIELD 39.18457 11.428833 -18.59436

1492573864619 ACCELEROMETER -7.696747 -1.0802002 8.727921

1492573864620 GYROSCOPE -2.0664368 -0.65193176 -1.5456696

1492573864628 GRAVITY -9.304598 -2.8349247 -1.2482208

1492573864628 LINEAR_ACCELERATION 2.1553469 -0.61581635 16.5489

1492573864630 ROTATION_VECTOR -0.29829744 0.68895584 0.0743925

1492573864693 MAGNETIC_FIELD 28.61023 25.65155 -29.353333

1492573864812 ACCELEROMETER -6.4044037 -0.927948 5.2197723

1492573864813 GYROSCOPE 0.60946655 -0.7034149 -0.32707214

1492573864827 GRAVITY -9.2290535 -3.3082523 0.22454402

1492573864827 LINEAR_ACCELERATION 3.309598 1.590725 8.483183

1492573864830 ROTATION_VECTOR -0.23705044 0.6575397 0.0012986556

1492573864883 MAGNETIC_FIELD 25.6073 21.67511 -32.432556

1492573865009 ACCELEROMETER -6.943054 -0.96884155 7.0346985

1492573865010 GYROSCOPE 1.0892639 0.61138916 0.64915466

1492573865027 GRAVITY -9.603768 -1.9530579 0.35154235

1492573865027 LINEAR_ACCELERATION 1.5973349 1.0897899 6.331903

1492573865029 ROTATION_VECTOR -0.0884184 0.6886643 -0.0524427

1492573865078 MAGNETIC_FIELD 32.662964 8.190918 -32.76367

1492573865203 ACCELEROMETER -7.9574127 2.2663727 5.9462433

1492573865204 GYROSCOPE 1.3431091 1.0410919 1.4057922

1492573865227 GRAVITY -9.730558 0.7663646 -0.94832325

1492573865227 LINEAR_ACCELERATION 0.27937603 0.3800038 6.570753

1492573865230 ROTATION_VECTOR 0.11450201 0.7316012 -0.05146412

1492573865274 MAGNETIC_FIELD 35.52246 -9.512329 -26.127625

1492573865399 ACCELEROMETER -6.994507 4.760147 2.4440308

1492573865400 GYROSCOPE 0.5373688 -0.2086029 1.6121826

1492573865427 GRAVITY -9.009568 3.7754998 -0.86236584

1492573865427 LINEAR_ACCELERATION 0.9912863 1.7356794 1.675046

1492573865430 ROTATION_VECTOR 0.2913048 0.67757654 -0.006218046

1492573865469 MAGNETIC_FIELD 26.617432 -26.748657 -27.041626

1492573865594 ACCELEROMETER -1.1763153 8.324432 0.5667877

1492573865595 GYROSCOPE 2.2811432 -1.5301971 1.6378937

1492573865627 GRAVITY -7.550123 6.193453 -0.89842325

1492573865628 LINEAR_ACCELERATION 4.8128524 3.1093097 2.2582636

1492573865630 ROTATION_VECTOR 0.550274 0.4929557 -0.102898754

1492573865664 MAGNETIC_FIELD 12.173462 -43.415833 -16.767883

1492573865790 ACCELEROMETER -0.33755493 9.550491 -2.0563965

1492573865790 GYROSCOPE 0.9693756 -0.28790283 0.5111084

1492573865827 GRAVITY -6.7106023 6.8764195 -1.9629226

1492573865827 LINEAR_ACCELERATION 5.4155197 4.1597047 0.5903678

1492573865829 ROTATION_VECTOR 0.668034 0.39218837 -0.15175223

1492573865860 MAGNETIC_FIELD 6.4926147 -45.111084 -6.67572

1492573866027 GRAVITY -4.2701383 8.242185 -3.1627028

1492573866027 LINEAR_ACCELERATION 4.2470655 2.500125 -1.5133877

1492573866029 ROTATION_VECTOR 0.76821035 0.2666568 -0.08346831

1492573866055 ACCELEROMETER 1.0561981 8.696625 -3.0595398

1492573866055 GYROSCOPE 0.4975891 0.50302124 1.5536346

1492573866180 MAGNETIC_FIELD -4.23584 -47.43347 -0.5371094

1492573866227 GRAVITY -2.869508 7.9983044 -4.895247

1492573866227 LINEAR_ACCELERATION 4.592675 2.0305142 0.34628296

1492573866229 ROTATION_VECTOR 0.85707337 0.122529194 -0.10062328

1492573866250 ACCELEROMETER 2.094223 9.091583 -4.7684937

1492573866251 GYROSCOPE 1.2648621 -0.4249878 1.0272217

1492573866376 MAGNETIC_FIELD -15.505981 -43.16559 12.1154785

1492573866427 GRAVITY -2.6078203 6.9304514 -6.4295025

1492573866427 LINEAR_ACCELERATION 6.315402 -0.17724276 -0.28511572

1492573866429 ROTATION_VECTOR 0.9002647 -0.1316695 -0.20080236

1492573866446 ACCELEROMETER 3.3832855 4.1579742 -7.2267456

1492573866446 GYROSCOPE 1.1455536 -2.8649597 1.0765991

1492573866571 MAGNETIC_FIELD -3.8787842 -38.243103 24.482727

1492573866627 GRAVITY -7.694277 5.681006 2.1667159

1492573866627 LINEAR_ACCELERATION 8.058994 -1.6196833 -3.7436347

1492573866629 ROTATION_VECTOR 0.60241604 -0.16316606 -0.72803026

1492573866641 ACCELEROMETER -3.007187 2.9129333 -1.1408691

1492573866642 GYROSCOPE -0.18948364 -7.2985992 -1.3850708

1492573866766 MAGNETIC_FIELD 25.27008 -38.659668 0.9124756

1492573866827 GRAVITY -5.4144845 5.823179 5.739716

1492573866827 LINEAR_ACCELERATION -9.344481 0.06146431 -3.4771433

1492573866829 ROTATION_VECTOR 0.3913383 -0.23283102 -0.854381

1492573866837 ACCELEROMETER -10.919205 5.7889404 1.1101227

1492573866837 GYROSCOPE 0.01008606 -1.5134888 0.012145996

1492573866962 MAGNETIC_FIELD 24.412537 -38.04779 -7.4935913

1492573867027 GRAVITY -2.1449177 3.931032 8.724488

1492573867032 LINEAR_ACCELERATION -3.2242105 1.1578987 -4.5799828

1492573867033 ROTATION_VECTOR 0.16156103 -0.17050782 -0.93960726

1492573867033 ACCELEROMETER -5.3322296 3.8089752 6.618683

1492573867034 GYROSCOPE -1.5733795 -2.9860077 -0.38308716

1492573867157 MAGNETIC_FIELD 13.973999 -31.051636 -31.860352

1492573867227 GRAVITY 1.0957421 2.8460803 9.320384

1492573867227 LINEAR_ACCELERATION -4.4590125 0.44976258 0.20171452

1492573867228 ACCELEROMETER -2.1470642 2.17276 7.1411743

1492573867229 GYROSCOPE -0.40705872 -1.50737 -0.1318512

1492573867230 ROTATION_VECTOR -0.018685121 -0.15634425 -0.95717674

1492573867353 MAGNETIC_FIELD 4.4281006 -27.198792 -38.087463

1492573867423 ACCELEROMETER -1.1696777 1.5449524 9.413544

1492573867424 GYROSCOPE -0.5001526 -0.4669037 0.10241699

1492573867427 GRAVITY 2.44423 1.8351784 9.318168

1492573867427 LINEAR_ACCELERATION -3.853588 0.49867332 0.07494259

1492573867430 ROTATION_VECTOR -0.10046992 -0.1217024 -0.95994663

1492573867548 MAGNETIC_FIELD 0.7827759 -23.309326 -41.2735

1492573867618 ACCELEROMETER -1.1491089 1.5988617 9.709274

1492573867619 GYROSCOPE 0.31147766 0.14408875 0.04208374

1492573867627 GRAVITY 2.3044293 1.8376468 9.353237

1492573867627 LINEAR_ACCELERATION -2.9464407 -0.3069117 3.0010185

1492573867630 ROTATION_VECTOR -0.09426428 -0.11929741 -0.9625925

1492573867744 MAGNETIC_FIELD 2.4276733 -25.247192 -40.371704

1492573867814 ACCELEROMETER -1.0985107 2.1318665 9.172333

1492573867814 GYROSCOPE 0.33166504 0.05607605 -0.13795471

1492573867827 GRAVITY 1.8831644 2.5111864 9.29075

1492573867827 LINEAR_ACCELERATION -2.3810062 -0.5602865 0.91716385

1492573867830 ROTATION_VECTOR -0.069982365 -0.1463082 -0.967619

1492573867942 MAGNETIC_FIELD 3.0517578 -27.687073 -37.242126

1492573868010 ACCELEROMETER -1.282547 2.5012054 9.050507

1492573868011 GYROSCOPE 0.07223511 -0.05155945 -0.028579712

1492573868030 GRAVITY 1.7168838 2.89782 9.210068

1492573868031 LINEAR_ACCELERATION -2.9495094 -0.034703016 1.0373015

1492573868032 ROTATION_VECTOR -0.063040055 -0.1626137 -0.97129434

1492573868139 MAGNETIC_FIELD 1.9683838 -29.28009 -38.66272

1492573868231 GRAVITY 1.7993832 2.657699 9.266565

1492573868232 LINEAR_ACCELERATION -2.7756166 0.25518298 1.3389859

1492573868232 ROTATION_VECTOR -0.07236314 -0.14933257 -0.9759402

1492573868334 ACCELEROMETER -0.9743805 2.2644043 9.190765

1492573868335 GYROSCOPE -0.27893066 -0.17504883 0.12585449

1492573868336 MAGNETIC_FIELD 2.6763916 -26.100159 -38.996887

1492573868449 GRAVITY 1.8856281 1.9365989 9.42679

1492573868450 LINEAR_ACCELERATION -1.8460116 0.09154248 1.5372868

1492573868450 ROTATION_VECTOR -0.077607855 -0.11551829 -0.9741811

1492573868530 ACCELEROMETER 0.07649231 1.713623 9.415878

1492573868530 GYROSCOPE -0.15756226 -0.17486572 0.062683105

1492573868531 MAGNETIC_FIELD 2.3361206 -26.651001 -37.145996

1492573868632 GRAVITY 1.9006189 1.8882107 9.433594

1492573868632 LINEAR_ACCELERATION -2.981058 0.6468191 -0.2390194

1492573868633 ROTATION_VECTOR -0.08075118 -0.111802585 -0.97729

1492573868720 ACCELEROMETER -0.66767883 1.7184296 9.38472

1492573868721 GYROSCOPE -0.14500427 -0.023254395 0.11378479

1492573868721 MAGNETIC_FIELD 2.3773193 -25.801086 -39.45465

1492573868828 GRAVITY 1.547147 1.6051152 9.549886

1492573868846 LINEAR_ACCELERATION -2.089122 0.27748847 1.32936

1492573868850 ROTATION_VECTOR -0.06574767 -0.09364058 -0.9815448

1492573868926 ACCELEROMETER -0.61369324 1.5809326 9.535782

1492573868932 GYROSCOPE -0.031051636 0.10702515 0.070877075

1492573868937 MAGNETIC_FIELD 3.0685425 -25.239563 -39.204407

1492573869036 GRAVITY 1.3480268 1.6613555 9.570429

1492573869046 LINEAR_ACCELERATION -1.720992 0.104047894 0.94167423

1492573869049 ROTATION_VECTOR -0.05676678 -0.09392266 -0.9845094

1492573869124 ACCELEROMETER -0.7496948 1.6347809 9.387222

1492573869130 GYROSCOPE 0.020248413 0.012741089 0.026947021

1492573869133 MAGNETIC_FIELD 3.3050537 -25.331116 -38.99994

1492573869234 GRAVITY 0.8527751 1.6761131 9.624646

1492573869241 LINEAR_ACCELERATION -1.4438257 0.1694392 0.7938223

1492573869246 ROTATION_VECTOR -0.030163161 -0.09148674 -0.9838474

1492573869307 ACCELEROMETER -0.78222656 1.5982819 9.4921875

1492573869308 GYROSCOPE 0.03303528 0.09008789 0.015930176

1492573869308 MAGNETIC_FIELD 3.3218384 -26.307678 -38.546753

1492573869427 GRAVITY -0.020275278 1.9061549 9.619592

1492573869428 LINEAR_ACCELERATION -0.8635331 -0.21865034 0.96038055

1492573869430 ROTATION_VECTOR 0.016256757 -0.09629658 -0.9830407

1492573869502 ACCELEROMETER -0.44776917 1.6497955 9.482285

1492573869503 GYROSCOPE 0.084228516 -0.041122437 0.032669067

1492573869503 MAGNETIC_FIELD 3.5934448 -25.43335 -37.278748

1492573869627 GRAVITY 0.042349894 2.0305853 9.594025

1492573869628 LINEAR_ACCELERATION -0.9477823 -0.19144666 0.06700611

1492573869630 ROTATION_VECTOR 0.013184143 -0.10328137 -0.98371875

1492573869697 ACCELEROMETER -0.7851105 1.8435974 9.260162

1492573869698 GYROSCOPE 0.05670166 -0.031570435 -0.0031585693

1492573869699 MAGNETIC_FIELD 3.3203125 -26.44043 -38.60321

1492573869827 GRAVITY 0.05204208 2.1703775 9.563322

1492573869830 LINEAR_ACCELERATION -0.8759485 -0.15631151 0.46100235

1492573869836 ROTATION_VECTOR 0.011947772 -0.11074069 -0.9852044

1492573869893 ACCELEROMETER -0.67471313 2.0252686 9.320679

1492573869894 GYROSCOPE 0.0899353 -0.021530151 -0.02659607

1492573869894 MAGNETIC_FIELD 2.758789 -28.112793 -36.073303

1492573870027 GRAVITY 0.036530584 2.3658826 9.516914

1492573870028 LINEAR_ACCELERATION -0.65448296 -0.1971283 0.3045349

1492573870030 ROTATION_VECTOR 0.010228607 -0.12111072 -0.9876576

1492573870088 ACCELEROMETER -0.7129822 2.3434448 9.55896

1492573870089 GYROSCOPE 0.23271179 -0.07472229 -0.031692505

1492573870089 MAGNETIC_FIELD 3.1158447 -30.05371 -35.777283

1492573870227 GRAVITY -0.055816434 2.7364562 9.416957

1492573870228 LINEAR_ACCELERATION -0.4888824 -0.17242193 0.6262617

1492573870230 ROTATION_VECTOR 0.016046777 -0.14004043 -0.9856734

1492573870283 ACCELEROMETER -0.49891663 2.8250732 9.037338

1492573870284 GYROSCOPE 0.19386292 -0.08433533 -0.06929016

1492573870354 MAGNETIC_FIELD 2.8320313 -30.72052 -34.461975

1492573870427 GRAVITY -0.13023058 2.9914618 9.33834

1492573870428 LINEAR_ACCELERATION -0.11257595 0.06295395 -0.28077412

1492573870430 ROTATION_VECTOR 0.019109169 -0.15333636 -0.98479164

1492573870479 ACCELEROMETER -0.6308136 2.8806763 8.985153

1492573870480 GYROSCOPE -0.124816895 0.013687134 -0.03352356

1492573870549 MAGNETIC_FIELD 2.7236938 -30.322266 -35.144043

1492573870627 GRAVITY -0.16874796 2.7025237 9.4254055

1492573870628 LINEAR_ACCELERATION -0.5327794 0.2208159 -0.15790367

1492573870630 ROTATION_VECTOR 0.018508572 -0.1381864 -0.9877534

1492573870674 ACCELEROMETER -0.4942932 2.684845 9.262299

1492573870675 GYROSCOPE -0.09138489 -0.004852295 0.009399414

1492573870744 MAGNETIC_FIELD 2.8305054 -31.393433 -36.141968

1492573870827 GRAVITY -0.25863108 2.6170037 9.447475

1492573870828 LINEAR_ACCELERATION -0.3382563 0.20734096 0.12859344

1492573870830 ROTATION_VECTOR 0.022379601 -0.1334615 -0.98853606

1492573870871 ACCELEROMETER -0.5523071 2.5507507 9.22023

1492573870875 GYROSCOPE -0.07229614 -0.004623413 -0.010940552

1492573870940 MAGNETIC_FIELD 4.0481567 -29.811096 -36.95526

1492573871027 GRAVITY -0.33571824 2.514562 9.472837

1492573871028 LINEAR_ACCELERATION -0.3390244 0.13479185 -0.06394768

1492573871030 ROTATION_VECTOR 0.025227627 -0.12799709 -0.98955625

1492573871065 ACCELEROMETER -0.55848694 2.5157013 9.19545

1492573871065 GYROSCOPE -0.004760742 -0.0060424805 0.00843811

1492573871136 MAGNETIC_FIELD 3.590393 -29.866028 -36.116028

1492573871227 GRAVITY -0.3943167 2.5301533 9.466426

1492573871228 LINEAR_ACCELERATION -0.197436 0.07325053 -0.08379555

1492573871230 ROTATION_VECTOR 0.027168648 -0.1288738 -0.9898879

1492573871261 ACCELEROMETER -0.4716797 2.5066986 9.233978

1492573871261 GYROSCOPE -1.5258789E-4 -0.032424927 -0.0026550293

1492573871330 MAGNETIC_FIELD 3.4469604 -30.770874 -35.835266

1492573871427 GRAVITY -0.37137803 2.5372655 9.46545

1492573871428 LINEAR_ACCELERATION -0.09801662 0.012118578 0.019693375

1492573871430 ROTATION_VECTOR 0.024726646 -0.12955672 -0.99033666

1492573871455 ACCELEROMETER -0.44317627 2.5985718 9.243774

1492573871456 GYROSCOPE 0.08026123 -0.024993896 -3.9672852E-4

1492573871526 MAGNETIC_FIELD 2.5726318 -31.181335 -35.525513

1492573871627 GRAVITY -0.35142052 2.6690032 9.429915

1492573871628 LINEAR_ACCELERATION -0.023355663 -0.04158783 0.012426376

1492573871630 ROTATION_VECTOR 0.02263187 -0.13673297 -0.98980635

1492573871651 ACCELEROMETER -0.41374207 2.7980347 9.176346

1492573871652 GYROSCOPE 0.08274841 -0.038208008 -0.0028533936

1492573871721 MAGNETIC_FIELD 3.5476685 -30.0766 -34.727478

1492573871827 GRAVITY -0.3319564 2.8373387 9.381349

1492573871828 LINEAR_ACCELERATION -0.16065645 0.033775806 0.18571472

1492573871830 ROTATION_VECTOR 0.021353913 -0.14569953 -0.98868084

1492573871846 ACCELEROMETER -0.33580017 2.950714 9.019684

1492573871847 GYROSCOPE 0.08578491 -0.031188965 -0.0062561035

1492573871917 MAGNETIC_FIELD 2.5650024 -32.221985 -35.671997

1492573872027 GRAVITY -0.29334974 3.0041986 9.330547

1492573872028 LINEAR_ACCELERATION -0.017885268 -0.007923365 -0.17421436

1492573872030 ROTATION_VECTOR 0.018360011 -0.15471707 -0.987575

1492573872042 ACCELEROMETER -0.25402832 3.0489502 9.062027

1492573872043 GYROSCOPE 3.6621094E-4 -0.016937256 -0.018295288

1492573872113 MAGNETIC_FIELD 2.2781372 -32.128906 -34.579468

1492573872227 GRAVITY -0.27961877 3.0479724 9.316763

1492573872228 LINEAR_ACCELERATION -0.052982718 0.019214392 0.12023449

1492573872230 ROTATION_VECTOR 0.016480096 -0.15718053 -0.98734915

1492573872237 ACCELEROMETER -0.5168152 3.0019531 8.925018

1492573872238 GYROSCOPE -0.14215088 -0.04096985 0.079818726

1492573872307 MAGNETIC_FIELD 2.2247314 -30.14679 -36.05652

1492573872427 GRAVITY -0.26487368 2.9206567 9.357884

1492573872433 LINEAR_ACCELERATION -0.4704759 0.32159495 -0.18484592

1492573872434 ROTATION_VECTOR 0.016492473 -0.1503619 -0.9883187

1492573872511 ACCELEROMETER -0.20028687 2.7838593 9.205643

1492573872516 GYROSCOPE 0.02331543 0.02432251 -0.015304565

1492573872520 MAGNETIC_FIELD 3.15094 -30.705261 -34.44519

1492573872632 GRAVITY -0.23765002 2.8636777 9.376207

1492573872633 LINEAR_ACCELERATION 0.021046445 -0.0065863132 0.20143986

1492573872633 ROTATION_VECTOR 0.013704931 -0.14750817 -0.98891795

1492573872701 ACCELEROMETER -0.23074341 2.7263947 9.0742035

1492573872702 GYROSCOPE -0.038085938 0.0074157715 0.03993225

1492573872829 MAGNETIC_FIELD 2.281189 -29.914856 -34.936523

1492573872831 GRAVITY -0.28962198 2.7650192 9.404317

1492573872831 LINEAR_ACCELERATION -0.03753206 0.030970812 0.11602783

1492573872832 ROTATION_VECTOR 0.015551103 -0.14237785 -0.9896805

1492573872899 ACCELEROMETER -0.28053284 2.7224731 9.169144

1492573872900 GYROSCOPE -0.02670288 0.024429321 0.03239441

1492573873024 MAGNETIC_FIELD 2.4276733 -28.417969 -35.824585

1492573873032 GRAVITY -0.30107388 2.7045226 9.421534

1492573873033 LINEAR_ACCELERATION -0.019363344 0.010590315 0.09234333

1492573873033 ROTATION_VECTOR 0.015807115 -0.1392322 -0.99013126

1492573873093 ACCELEROMETER -0.38456726 2.6743927 9.24144

1492573873111 GYROSCOPE -0.039916992 0.028900146 0.036834717

1492573873219 MAGNETIC_FIELD 2.9342651 -29.771423 -36.572266

1492573873231 GRAVITY -0.43496242 2.634488 9.436136

1492573873234 LINEAR_ACCELERATION 0.10629201 0.0809319 -0.076779366

1492573873237 ROTATION_VECTOR 0.023048107 -0.1354981 -0.99049777

1492573873287 ACCELEROMETER -0.32270813 2.5495148 9.257324

1492573873298 GYROSCOPE -0.043029785 0.09738159 0.042922974

1492573873409 MAGNETIC_FIELD 3.5171509 -28.918457 -35.783386

1492573873427 GRAVITY -0.62130296 2.6415966 9.423712

1492573873428 LINEAR_ACCELERATION -0.19170713 -0.16418815 -0.9215393

1492573873430 ROTATION_VECTOR -0.03147804 0.13613807 0.99018264

1492573873479 ACCELEROMETER -0.559845 2.5608368 8.993439

1492573873480 GYROSCOPE 0.056732178 0.04612732 -0.027740479

1492573873605 MAGNETIC_FIELD 2.1484375 -30.393982 -34.62982

1492573873627 GRAVITY -0.53584397 2.623668 9.433961

1492573873630 LINEAR_ACCELERATION -0.049876094 0.09765673 2.9087067E-4

1492573873631 ROTATION_VECTOR -0.026719924 0.13523273 0.9904333

1492573873675 ACCELEROMETER -0.56681824 2.6134033 9.192688

1492573873675 GYROSCOPE -0.033081055 -0.031311035 0.009292603

1492573873800 MAGNETIC_FIELD 3.0670166 -30.844116 -36.87744

1492573873827 GRAVITY -0.46807623 2.5781775 9.450095

1492573873828 LINEAR_ACCELERATION 0.11577156 0.1400764 0.12175274

1492573873830 ROTATION_VECTOR -0.02339788 0.13278478 0.9908554

1492573873870 ACCELEROMETER -0.39164734 2.5689545 9.236923

1492573873871 GYROSCOPE -0.01574707 -0.008514404 0.029190063

1492573873995 MAGNETIC_FIELD 2.9769897 -29.855347 -35.92682

1492573874027 GRAVITY -0.5946292 2.6288068 9.429008

1492573874028 LINEAR_ACCELERATION 0.3125614 -0.016040325 0.0955019

1492573874030 ROTATION_VECTOR -0.029684084 0.13554808 0.9903027

1492573874065 ACCELEROMETER -0.43859863 2.6614685 9.422882

1492573874066 GYROSCOPE 0.11453247 0.18772888 0.028030396

1492573874190 MAGNETIC_FIELD 4.408264 -31.843567 -34.79004

1492573874228 GRAVITY -0.9087006 2.9655864 9.303223

1492573874228 LINEAR_ACCELERATION -0.007471621 -0.07264209 -0.34211826

1492573874230 ROTATION_VECTOR -0.04443642 0.15392554 0.9869518

1492573874261 ACCELEROMETER -0.924469 3.0139313 9.779068

1492573874261 GYROSCOPE 0.057739258 0.05819702 -0.010345459

