1492573793977 MAGNETIC_FIELD -11.924744 4.2877197 -47.001648

1492573794017 ACCELEROMETER -0.5388794 2.0265503 9.39238

1492573794042 GYROSCOPE 0.035110474 -0.05204773 0.0388031

1492573794116 GRAVITY -0.79154295 2.0190206 9.563859

1492573794117 LINEAR_ACCELERATION -0.11230439 -0.12656248 0.086764336

1492573794118 ROTATION_VECTOR 0.111162916 -0.004658348 -0.40114972

1492573794173 MAGNETIC_FIELD -12.762451 1.979065 -46.974182

1492573794240 GYROSCOPE 0.08773804 -0.09378052 -0.10923767

1492573794277 ACCELEROMETER -0.8806305 1.9907074 9.426956

1492573794315 GRAVITY -0.5311619 2.1194112 9.560143

1492573794316 LINEAR_ACCELERATION -0.25149572 -0.11876106 0.15768433

1492573794318 ROTATION_VECTOR 0.11055906 -0.018574698 -0.3979297

1492573794414 MAGNETIC_FIELD -12.998962 2.4414063 -46.543884

1492573794458 ACCELEROMETER -0.88882446 2.0806885 9.39119

1492573794459 GYROSCOPE 0.069000244 -0.0912323 -0.012527466

1492573794516 GRAVITY -0.5813344 2.1977928 9.539504

1492573794516 LINEAR_ACCELERATION -0.36135536 -0.16144061 0.0763731

1492573794518 ROTATION_VECTOR 0.11456375 -0.02226636 -0.4324856

1492573794569 MAGNETIC_FIELD -13.647461 0.8880615 -46.3562

1492573794654 ACCELEROMETER -0.6485748 2.2747192 9.359924

1492573794655 GYROSCOPE 0.012268066 -0.041046143 0.044509888

1492573794716 GRAVITY -0.5272278 2.3004863 9.518413

1492573794716 LINEAR_ACCELERATION -0.09426224 0.054433823 -0.32064724

1492573794718 ROTATION_VECTOR 0.11770874 -0.028994342 -0.44671646

1492573794764 MAGNETIC_FIELD -13.754272 0.69885254 -47.64557

1492573794849 ACCELEROMETER -0.3655243 2.3243103 9.2892

1492573794850 GYROSCOPE 0.0030059814 -0.039138794 0.047042847

1492573794916 GRAVITY -0.42128152 2.3216412 9.518555

1492573794916 LINEAR_ACCELERATION 0.10135594 0.04947138 0.043549538

1492573794918 ROTATION_VECTOR 0.116452985 -0.033577718 -0.44087845

1492573794960 MAGNETIC_FIELD -14.105225 2.1377563 -46.914673

1492573795045 ACCELEROMETER -0.27661133 2.3708649 9.256592

1492573795046 GYROSCOPE 0.015731812 -0.064834595 0.031906128

1492573795116 GRAVITY -0.26110616 2.3702295 9.51232

1492573795116 LINEAR_ACCELERATION -0.027263343 0.037629843 0.055521965

1492573795118 ROTATION_VECTOR 0.11528451 -0.04142664 -0.43587768

1492573795240 ACCELEROMETER -0.30281067 2.354538 9.270401

1492573795241 GYROSCOPE -0.017913818 0.0061798096 -0.038208008

1492573795242 MAGNETIC_FIELD -15.740967 0.91400146 -46.896362

1492573795316 GRAVITY -0.27113065 2.3694172 9.512241

1492573795316 LINEAR_ACCELERATION -0.054077506 0.028089046 -0.045150757

1492573795318 ROTATION_VECTOR 0.11547244 -0.040948518 -0.43589827

1492573795436 ACCELEROMETER -0.46722412 2.3172455 9.297684

1492573795437 GYROSCOPE 6.866455E-4 0.014160156 -0.0332489

1492573795437 MAGNETIC_FIELD -15.779114 1.473999 -46.235657

1492573795516 GRAVITY -0.34409612 2.3426008 9.516523

1492573795516 LINEAR_ACCELERATION -0.19575834 -0.065641165 0.15788364

1492573795518 ROTATION_VECTOR 0.11563079 -0.037708048 -0.4416096

1492573795631 ACCELEROMETER -0.4637146 2.2807922 9.259064

1492573795632 GYROSCOPE -0.02027893 0.028625488 0.010803223

1492573795632 MAGNETIC_FIELD -15.672302 1.5319824 -47.0932

1492573795716 GRAVITY -0.42117408 2.3428347 9.513366

1492573795716 LINEAR_ACCELERATION -0.19835517 -0.086097956 -0.13097

1492573795718 ROTATION_VECTOR 0.1173999 -0.034214232 -0.4419056

1492573795827 MAGNETIC_FIELD -14.611816 1.28479 -47.94159

1492573795916 GRAVITY -0.4078074 2.354747 9.511006

1492573795916 LINEAR_ACCELERATION 0.005832106 0.02454567 0.093836784

1492573795918 ROTATION_VECTOR 0.117752865 -0.034754694 -0.4392418

1492573795937 ACCELEROMETER -0.41134644 2.3457031 9.307053

1492573795937 GYROSCOPE 0.008239746 -0.0022583008 0.016220093

1492573796022 MAGNETIC_FIELD -15.299988 1.9317627 -46.58966

1492573796116 GRAVITY -0.3607474 2.388479 9.504495

1492573796116 LINEAR_ACCELERATION -0.07312688 0.04648781 0.11065388

1492573796118 ROTATION_VECTOR 0.11845086 -0.03708155 -0.43454215

1492573796132 ACCELEROMETER -0.41545105 2.3714905 9.310623

1492573796132 GYROSCOPE -0.015014648 -0.023284912 0.024124146

1492573796217 MAGNETIC_FIELD -14.028931 0.7095337 -46.49353

1492573796316 GRAVITY -0.3202237 2.4068193 9.501319

1492573796316 LINEAR_ACCELERATION -0.012858719 0.036889553 -0.02448368

1492573796318 ROTATION_VECTOR 0.11852163 -0.038989414 -0.43164265

1492573796327 ACCELEROMETER -0.37606812 2.3630981 9.289001

1492573796347 GYROSCOPE 0.0016174316 -0.014953613 0.004928589

1492573796414 MAGNETIC_FIELD -14.781189 1.2451172 -46.65222

1492573796521 GRAVITY -0.3512571 2.416766 9.497697

1492573796524 LINEAR_ACCELERATION -0.07100123 0.017649174 -0.12591362

1492573796532 ROTATION_VECTOR 0.11963667 -0.037938043 -0.432786

1492573796534 ACCELEROMETER -0.46643066 2.328415 9.327408

1492573796539 GYROSCOPE 0.004043579 -3.5095215E-4 0.019683838

1492573796616 MAGNETIC_FIELD -14.558411 0.63171387 -46.876526

1492573796721 GRAVITY -0.39684302 2.45573 9.4859

1492573796722 LINEAR_ACCELERATION -0.06495631 0.038190603 -0.32609653

1492573796723 ROTATION_VECTOR 0.122348055 -0.037211202 -0.4362695

1492573796724 ACCELEROMETER -0.40437317 2.4061127 9.236435

1492573796724 GYROSCOPE 0.02456665 0.011978149 0.014846802

1492573796809 MAGNETIC_FIELD -14.196777 -0.39978027 -46.920776

1492573796926 ACCELEROMETER -0.326828 2.500595 9.2621765

1492573796932 GYROSCOPE 0.013595581 -0.0050964355 0.032684326

1492573796937 GRAVITY -0.39008716 2.4612303 9.484755

1492573796938 LINEAR_ACCELERATION -0.010934353 0.07326436 0.14737225

1492573796938 ROTATION_VECTOR 0.12238601 -0.037865322 -0.43783262

1492573797004 MAGNETIC_FIELD -15.180969 0.68969727 -46.269226

1492573797115 ACCELEROMETER -0.3368683 2.5100708 9.32634

1492573797116 GYROSCOPE 0.036819458 -9.1552734E-4 0.0155181885

1492573797117 GRAVITY -0.34703082 2.565441 9.458777

1492573797124 LINEAR_ACCELERATION -0.10705289 -0.0685091 -0.047382355

1492573797127 ROTATION_VECTOR 0.12648611 -0.0416874 -0.43361008

1492573797205 MAGNETIC_FIELD -15.368652 0.09460449 -47.0459

1492573797315 ACCELEROMETER -0.32530212 2.5429993 9.11351

1492573797327 GYROSCOPE 0.008239746 -0.010986328 -0.039886475

1492573797330 GRAVITY -0.33487594 2.6055245 9.448254

1492573797333 LINEAR_ACCELERATION 0.10068789 0.08722615 -0.0670805

1492573797335 ROTATION_VECTOR 0.12809761 -0.04317594 -0.4335772

1492573797398 MAGNETIC_FIELD -15.82489 0.36468506 -46.847534

1492573797502 ACCELEROMETER -0.41175842 2.5443573 9.29126

1492573797505 GYROSCOPE -0.031906128 0.013824463 -0.035491943

1492573797520 GRAVITY -0.3674356 2.56945 9.456919

1492573797523 LINEAR_ACCELERATION -0.04344654 -0.0018134117 -0.0998888

1492573797525 ROTATION_VECTOR 0.12677895 -0.041933928 -0.4412817

1492573797588 MAGNETIC_FIELD -14.265442 1.0116577 -47.444153

1492573797700 ACCELEROMETER -0.49313354 2.4434204 9.147644

1492573797704 GYROSCOPE -0.021713257 -0.044570923 -0.049194336

1492573797720 GRAVITY -0.3346377 2.5168736 9.472262

1492573797723 LINEAR_ACCELERATION -0.14131021 -0.12164736 0.2800312

1492573797725 ROTATION_VECTOR 0.12342132 -0.042617075 -0.44428408

1492573797788 MAGNETIC_FIELD -15.574646 0.9048462 -46.473694

1492573797905 ACCELEROMETER -0.55415344 2.448166 9.250397

1492573797913 GYROSCOPE -0.039627075 0.061676025 -0.00592041

1492573797920 GRAVITY -0.457481 2.4402616 9.487161

1492573797923 LINEAR_ACCELERATION -0.20961788 -0.15871859 -0.081668854

1492573797926 ROTATION_VECTOR 0.12254826 -0.03565592 -0.4478187

1492573798103 ACCELEROMETER -0.5024872 2.3781128 9.190475

1492573798109 GYROSCOPE -0.0309906 0.03135681 -0.022506714

1492573798112 MAGNETIC_FIELD -14.241028 -0.6652832 -45.799255

1492573798128 GRAVITY -0.5045341 2.4584389 9.48008

1492573798134 LINEAR_ACCELERATION 0.054719776 -0.006698847 0.08424759

1492573798137 ROTATION_VECTOR 0.124519445 -0.033843286 -0.44714993

1492573798282 ACCELEROMETER -0.5813751 2.179779 9.185715

1492573798285 GYROSCOPE -0.03895569 0.0039978027 -0.064834595

1492573798287 MAGNETIC_FIELD -13.174438 0.41809082 -46.450806

1492573798316 GRAVITY -0.629768 2.3634 9.496743

1492573798317 LINEAR_ACCELERATION 0.03717941 0.012381554 -0.3181286

1492573798319 ROTATION_VECTOR 0.12304961 -0.025684228 -0.44592273

1492573798480 ACCELEROMETER -0.73501587 2.317047 9.364868

1492573798481 GYROSCOPE 0.026931763 -0.02507019 -0.08102417

1492573798482 MAGNETIC_FIELD -14.349365 0.5203247 -46.26465

1492573798519 GRAVITY -0.6003526 2.3805478 9.494365

1492573798520 LINEAR_ACCELERATION -0.24080515 0.09882188 0.46308136

1492573798520 ROTATION_VECTOR 0.12278153 -0.02910043 -0.45787293

1492573798679 ACCELEROMETER -0.64468384 2.3015594 9.458115

1492573798680 GYROSCOPE -0.07633972 0.0695343 0.008163452

1492573798681 MAGNETIC_FIELD -14.894104 0.43792725 -47.306824

1492573798721 GRAVITY -0.6163988 2.3337798 9.504941

1492573798723 LINEAR_ACCELERATION 0.030914783 0.033786774 -0.017726898

1492573798724 ROTATION_VECTOR 0.120806985 -0.028080907 -0.46402347

1492573798874 ACCELEROMETER -0.76776123 2.2240753 9.177536

1492573798875 GYROSCOPE 0.020980835 0.05999756 -0.007843018

1492573798876 MAGNETIC_FIELD -13.087463 1.3442993 -48.233032

1492573798921 GRAVITY -0.7990692 2.2614722 9.508819

1492573798922 LINEAR_ACCELERATION 0.09798992 0.033707142 -0.23129082

1492573798923 ROTATION_VECTOR 0.122008964 -0.017292384 -0.45864707

1492573799067 ACCELEROMETER -0.8714142 2.25148 9.240067

1492573799071 GYROSCOPE 0.06428528 -0.07977295 0.016204834

1492573799073 MAGNETIC_FIELD -13.841248 0.27770996 -47.520447

1492573799121 GRAVITY -0.8135753 2.3529453 9.485364

1492573799124 LINEAR_ACCELERATION -0.10406381 -0.06653738 -0.2328434

1492573799126 ROTATION_VECTOR 0.12655513 -0.019100597 -0.46035224

1492573799265 ACCELEROMETER -0.65870667 2.3687134 9.072388

1492573799266 GYROSCOPE -0.011367798 -0.04951477 0.042938232

1492573799268 MAGNETIC_FIELD -14.642334 0.61950684 -45.83893

1492573799327 GRAVITY -0.7072934 2.4112575 9.4792385

1492573799336 LINEAR_ACCELERATION -0.12972331 -0.032927036 0.006064415

1492573799339 ROTATION_VECTOR 0.1265001 -0.026288366 -0.46687603

1492573799465 MAGNETIC_FIELD -14.294434 -0.0289917 -46.221924

1492573799526 GRAVITY -0.62990993 2.3677626 9.495646

1492573799535 LINEAR_ACCELERATION -0.047576368 0.01343751 0.39653015

1492573799538 ROTATION_VECTOR 0.122678004 -0.028405694 -0.4647341

1492573799544 ACCELEROMETER -0.6826935 2.2756653 9.405334

1492573799547 GYROSCOPE -0.018722534 -0.006088257 0.005935669

1492573799663 MAGNETIC_FIELD -14.736938 0.83618164 -46.94519

1492573799726 GRAVITY -0.6403356 2.337436 9.5024605

1492573799738 LINEAR_ACCELERATION 0.018565655 -0.04307723 -0.0068445206

1492573799741 ROTATION_VECTOR 0.121465586 -0.027486006 -0.46689755

1492573799743 ACCELEROMETER -0.5905609 2.2534485 9.3276825

1492573799746 GYROSCOPE -0.022201538 -0.022064209 -0.007980347

1492573799856 MAGNETIC_FIELD -14.729309 0.78430176 -46.592712

1492573799927 GRAVITY -0.6060144 2.292189 9.515724

1492573799938 LINEAR_ACCELERATION -0.1713584 -0.07948017 0.37516212

1492573799941 ROTATION_VECTOR 0.1184536 -0.028316922 -0.46985236

1492573799943 ACCELEROMETER -0.61001587 2.2908325 9.316818

1492573799946 GYROSCOPE 0.013214111 -0.012893677 0.017150879

1492573800040 MAGNETIC_FIELD -16.28418 -0.0076293945 -47.331238

1492573800116 GRAVITY -0.56924266 2.3321214 9.508289

1492573800117 LINEAR_ACCELERATION -0.0021600127 -0.008995295 0.13530636

1492573800121 ROTATION_VECTOR 0.11940887 -0.03088212 -0.46920815

1492573800125 ACCELEROMETER -0.483078 2.3797607 9.299194

1492573800127 GYROSCOPE 0.032806396 -0.030548096 0.017623901

1492573800241 MAGNETIC_FIELD -15.538025 0.27008057 -46.47522

1492573800322 GRAVITY -0.49486393 2.413323 9.492174

1492573800324 LINEAR_ACCELERATION -0.02152738 -0.083298445 -0.006155014

1492573800325 ROTATION_VECTOR 0.121373005 -0.036088895 -0.46794435

1492573800326 ACCELEROMETER -0.41383362 2.3940735 9.250519

1492573800327 GYROSCOPE 0.02003479 -0.033325195 0.021087646

1492573800437 MAGNETIC_FIELD -15.838623 0.31433105 -45.729065

1492573800520 ACCELEROMETER -0.46299744 2.4560852 9.221115

1492573800524 GYROSCOPE -0.007019043 0.048812866 0.0074768066

1492573800526 GRAVITY -0.5239382 2.476489 9.474327

1492573800529 LINEAR_ACCELERATION -0.0987854 0.0017161369 0.16757679

1492573800531 ROTATION_VECTOR 0.1252584 -0.035413012 -0.46138147

1492573800630 MAGNETIC_FIELD -14.9887085 0.051879883 -46.510315

1492573800714 ACCELEROMETER -0.5154114 2.4470215 9.143814

1492573800721 GYROSCOPE 0.009719849 0.039474487 0.031295776

1492573800723 GRAVITY -0.56423706 2.5079927 9.46372

1492573800725 LINEAR_ACCELERATION 0.04870236 0.07644582 -0.31825352

1492573800728 ROTATION_VECTOR 0.12781695 -0.033873267 -0.45803198

1492573800832 MAGNETIC_FIELD -14.639282 0.3479004 -47.398376

1492573800915 ACCELEROMETER -0.5070343 2.4954681 9.28981

1492573800924 GYROSCOPE 0.009170532 0.011184692 0.032165527

1492573800926 GRAVITY -0.5716673 2.5343862 9.45624

1492573800929 LINEAR_ACCELERATION 0.15367866 0.11807823 -0.16272068

1492573800931 ROTATION_VECTOR 0.12933275 -0.03374904 -0.4550904

1492573801025 MAGNETIC_FIELD -14.872742 0.12817383 -45.739746

1492573801112 ACCELEROMETER -0.5306244 2.486847 9.302811

1492573801118 GYROSCOPE 0.005493164 -0.015716553 0.04232788

1492573801122 GRAVITY -0.52137464 2.5482955 9.455408

1492573801124 LINEAR_ACCELERATION 0.034245253 0.04476595 0.10042381

1492573801127 ROTATION_VECTOR 0.12888806 -0.036003094 -0.4525243

1492573801222 MAGNETIC_FIELD -15.208435 -0.19683838 -46.26465

1492573801306 ACCELEROMETER -0.43580627 2.5272522 9.278778

1492573801312 GYROSCOPE -0.011581421 -0.0044555664 0.008880615

1492573801322 GRAVITY -0.48402905 2.5581105 9.454743

1492573801326 LINEAR_ACCELERATION -0.05928272 0.02992034 -0.06499767

1492573801329 ROTATION_VECTOR 0.12859656 -0.03748566 -0.44937173

1492573801411 MAGNETIC_FIELD -16.654968 0.10223389 -46.487427

1492573801501 ACCELEROMETER -0.44081116 2.5091553 9.18364

1492573801505 GYROSCOPE -0.0051574707 -0.00541687 -0.0053253174

1492573801525 GRAVITY -0.47389746 2.5393875 9.460302

1492573801531 LINEAR_ACCELERATION -0.015909255 -0.023293495 -0.09568596

1492573801534 ROTATION_VECTOR 0.12732713 -0.03803457 -0.45308354

1492573801696 ACCELEROMETER -0.49775696 2.4877167 9.243759

1492573801703 GYROSCOPE -0.022445679 -0.0042266846 -0.015487671

1492573801706 MAGNETIC_FIELD -13.902283 0.289917 -46.78192

1492573801723 GRAVITY -0.4925502 2.5056162 9.468351

1492573801728 LINEAR_ACCELERATION -0.0012791753 0.0328269 0.025302887

1492573801730 ROTATION_VECTOR 0.12613297 -0.03659144 -0.4546594

1492573801893 ACCELEROMETER -0.5649414 2.423111 9.174484

1492573801897 GYROSCOPE -0.020614624 0.016113281 -0.015853882

1492573801900 MAGNETIC_FIELD -15.229797 -1.2207031 -47.070313

1492573801924 GRAVITY -0.5358021 2.4437346 9.482165

1492573801928 LINEAR_ACCELERATION -0.10202849 -0.031062603 0.07984352

1492573801931 ROTATION_VECTOR 0.12409477 -0.033831898 -0.45970267

1492573802087 ACCELEROMETER -0.58584595 2.4179535 9.204163

1492573802092 GYROSCOPE -0.017333984 0.013427734 -0.011932373

1492573802096 MAGNETIC_FIELD -13.011169 -0.25024414 -47.19696

1492573802124 GRAVITY -0.5899986 2.40309 9.489333

1492573802132 LINEAR_ACCELERATION -0.09939337 -0.02234292 0.098080635

1492573802134 ROTATION_VECTOR 0.12345616 -0.03061426 -0.4613931

1492573802282 MAGNETIC_FIELD -15.310669 0.4989624 -47.402954

1492573802325 GRAVITY -0.59530556 2.4245994 9.483528

1492573802331 LINEAR_ACCELERATION -0.03748858 0.017817974 -0.0037250519

1492573802333 ROTATION_VECTOR 0.12451543 -0.031153157 -0.46316528

1492573802393 ACCELEROMETER -0.5740509 2.4325562 9.245697

1492573802407 GYROSCOPE 0.004180908 -0.010147095 -0.0022583008

1492573802470 MAGNETIC_FIELD -14.083862 -0.04425049 -46.94214

1492573802518 GRAVITY -0.5948563 2.458421 9.474846

1492573802523 LINEAR_ACCELERATION -0.06581116 -0.008596897 0.22957516

1492573802528 ROTATION_VECTOR 0.12608312 -0.03194324 -0.462716

1492573802583 ACCELEROMETER -0.58540344 2.458435 9.257431

1492573802586 GYROSCOPE 0.018554688 -0.0012512207 0.015853882

1492573802666 MAGNETIC_FIELD -14.355469 0.50354004 -46.435547

1492573802724 GRAVITY -0.5568514 2.53851 9.4560175

1492573802732 LINEAR_ACCELERATION -0.046801686 0.004884243 0.003189087

1492573802735 ROTATION_VECTOR 0.12902452 -0.035070688 -0.4588131

1492573802783 ACCELEROMETER -0.5487213 2.5016632 9.212463

1492573802788 GYROSCOPE 0.0284729 -0.010726929 0.011520386

1492573802870 MAGNETIC_FIELD -13.729858 -0.35095215 -46.557617

1492573802924 GRAVITY -0.55316925 2.620468 9.433851

1492573802925 LINEAR_ACCELERATION 0.08165389 0.05670142 0.041291237

1492573802926 ROTATION_VECTOR 0.13280109 -0.037031785 -0.45735604

1492573802977 ACCELEROMETER -0.502655 2.6240845 9.202316

1492573802978 GYROSCOPE 0.02734375 0.010971069 0.007965088

1492573803062 MAGNETIC_FIELD -14.862061 -0.9384155 -47.12677

1492573803123 GRAVITY -0.5096836 2.765072 9.394945

1492573803123 LINEAR_ACCELERATION 0.108694315 0.16384959 -0.13556099

1492573803124 ROTATION_VECTOR 0.13891584 -0.041152444 -0.44836086

1492573803172 ACCELEROMETER -0.5054016 2.7228546 9.128494

1492573803173 GYROSCOPE 0.043792725 -0.0013580322 0.01663208

1492573803262 MAGNETIC_FIELD -13.288879 -1.8936157 -46.359253

1492573803326 GRAVITY -0.52739316 2.7985656 9.384044

1492573803338 LINEAR_ACCELERATION -0.07287496 -0.024088383 -0.019810677

1492573803352 ROTATION_VECTOR 0.14094484 -0.041005954 -0.4474403

1492573803363 ACCELEROMETER -0.5930023 2.6894836 9.162888

1492573803366 GYROSCOPE 0.002243042 0.00831604 0.019836426

1492573803445 MAGNETIC_FIELD -13.4262085 -1.3748169 -47.169495

1492573803531 GRAVITY -0.5371947 2.7449994 9.399297

1492573803534 LINEAR_ACCELERATION -0.007606387 -0.02009654 -0.009395599

1492573803537 ROTATION_VECTOR 0.13868791 -0.039177656 -0.44689754

1492573803556 ACCELEROMETER -0.5614624 2.685318 9.104782

1492573803557 GYROSCOPE -0.05807495 0.0032958984 0.018341064

1492573803641 MAGNETIC_FIELD -14.440918 -1.5029907 -46.469116

1492573803726 GRAVITY -0.5567205 2.6068943 9.437402

1492573803729 LINEAR_ACCELERATION -0.12621951 0.0010249615 -0.2806406

1492573803731 ROTATION_VECTOR 0.1328231 -0.03441591 -0.44323543

1492573803752 ACCELEROMETER -0.61250305 2.5249481 9.247818

1492573803760 GYROSCOPE -0.1063385 0.013397217 0.047027588

1492573803839 MAGNETIC_FIELD -13.114929 1.2557983 -45.715332

1492573803920 GRAVITY -0.58053184 2.4156308 9.4867325

1492573803924 LINEAR_ACCELERATION 0.10435015 0.037832975 0.053048134

1492573803926 ROTATION_VECTOR 0.12453869 -0.028308397 -0.43974257

1492573803949 ACCELEROMETER -0.5473633 2.3378906 9.220764

1492573803952 GYROSCOPE -0.10990906 0.0121154785 0.001159668

1492573804032 MAGNETIC_FIELD -14.382935 1.2359619 -46.644592

1492573804118 GRAVITY -0.5704662 2.2762542 9.521745

1492573804126 LINEAR_ACCELERATION 0.047442436 0.0402236 0.43037128

1492573804132 ROTATION_VECTOR 0.11781242 -0.025423797 -0.43901944

1492573804143 ACCELEROMETER -0.5443268 2.2057953 9.586014

1492573804145 GYROSCOPE -0.036956787 -0.0093688965 -0.010620117

1492573804230 MAGNETIC_FIELD -14.567566 -0.33569336 -48.324585

1492573804320 GRAVITY -0.6868199 2.2252622 9.526115

1492573804324 LINEAR_ACCELERATION 0.34746575 0.1017077 -1.0934677

1492573804327 ROTATION_VECTOR 0.11792314 -0.01993557 -0.4468388

1492573804339 ACCELEROMETER -0.79911804 1.7235565 8.589798

1492573804344 GYROSCOPE -0.19360352 0.13415527 -0.14755249

1492573804520 GRAVITY -1.2729664 1.2727264 9.640026

1492573804525 LINEAR_ACCELERATION 1.6511058 0.661077 -1.0082531

1492573804530 ROTATION_VECTOR 0.08805357 0.027239878 -0.46464187

1492573804538 ACCELEROMETER 0.11894226 1.8105469 7.1380615

1492573804541 GYROSCOPE -0.635437 0.28985596 -0.4528656

1492573804544 MAGNETIC_FIELD -13.305664 4.9102783 -47.18628

1492573804720 GRAVITY -1.4087353 0.14937787 9.70379

1492573804724 LINEAR_ACCELERATION 1.3721478 1.2075523 -4.4967813

1492573804738 ROTATION_VECTOR 0.042456686 0.058667224 -0.49627185

1492573804742 ACCELEROMETER -0.71406555 1.8227997 4.605255

1492573804745 GYROSCOPE 0.022415161 -0.54026794 -0.41279602

1492573804748 MAGNETIC_FIELD -11.003113 8.682251 -45.524597

1492573804920 GRAVITY 0.21224318 1.161959 9.735255

1492573804926 LINEAR_ACCELERATION -1.0828024 0.35853815 -5.524482

1492573804931 ROTATION_VECTOR 0.044780944 -0.040432703 -0.5249198

1492573804938 ACCELEROMETER -0.19081116 1.4729309 6.1094666

1492573804941 GYROSCOPE 0.88978577 -1.023819 -0.29779053

1492573804944 MAGNETIC_FIELD -16.905212 4.400635 -44.491577

1492573805117 GRAVITY 2.887909 2.3789377 9.064823

1492573805118 LINEAR_ACCELERATION -6.7436996 -3.4069824 5.70689

1492573805118 ACCELEROMETER 2.0740967 0.15559387 14.640884

1492573805119 GYROSCOPE -2.4057617 0.88230896 -0.17932129

1492573805119 MAGNETIC_FIELD -27.729797 -2.4673462 -41.16211

1492573805120 ROTATION_VECTOR 0.010968936 -0.19417085 -0.57997787

1492573805313 ACCELEROMETER 1.4684448 -2.4805298 7.3123016

1492573805313 GYROSCOPE -1.107544 1.9052887 -0.6579895

1492573805314 MAGNETIC_FIELD -32.40509 17.800903 -33.839417

1492573805316 GRAVITY -0.34055227 -4.795622 8.547305

1492573805317 LINEAR_ACCELERATION 4.0031095 2.0024514 11.190464

1492573805319 ROTATION_VECTOR -0.17440255 0.18382731 -0.65285766

1492573805522 ACCELEROMETER 0.7334137 -4.1394806 2.327423

1492573805528 GYROSCOPE 1.7068634 0.71580505 -0.56500244

1492573805533 MAGNETIC_FIELD -24.266052 13.792419 -42.29126

1492573805536 GRAVITY -4.855397 -2.3193817 8.198535

1492573805539 LINEAR_ACCELERATION 10.546691 -1.9953985 -7.5931063

1492573805542 ROTATION_VECTOR 0.10038207 0.26816878 -0.68986386

1492573805711 ACCELEROMETER 0.13059998 -0.8219757 9.011383

1492573805715 GYROSCOPE 0.9649048 -0.42681885 -1.2243042

1492573805723 MAGNETIC_FIELD -27.314758 4.046631 -42.32788

1492573805726 GRAVITY -2.9108922 -1.7670612 9.1964445

1492573805729 LINEAR_ACCELERATION 2.6750278 0.43004704 1.3620596

1492573805732 ROTATION_VECTOR 0.068426855 0.16257183 -0.79720247

1492573805902 MAGNETIC_FIELD -23.114014 -3.68042 -44.08264

1492573805922 GRAVITY -2.1465259 -0.60771173 9.549528

1492573805926 LINEAR_ACCELERATION 3.9077954 -0.011165619 3.0129185

1492573805929 ROTATION_VECTOR 0.07992611 0.081983894 -0.86101764

1492573805990 ACCELEROMETER 0.5406494 -0.32261658 10.298187

1492573805994 GYROSCOPE 0.028549194 -0.08319092 -9.765625E-4

1492573806100 MAGNETIC_FIELD -22.567749 -3.6514282 -43.989563

1492573806121 GRAVITY -2.0605667 -0.5995808 9.568958

1492573806125 LINEAR_ACCELERATION 2.1303058 0.3102166 1.0547829

1492573806128 ROTATION_VECTOR 0.07529885 0.080305755 -0.85534173

1492573806184 ACCELEROMETER -0.0050201416 -0.30699158 9.799103

1492573806189 GYROSCOPE 0.0075683594 0.0146484375 0.04309082

1492573806294 MAGNETIC_FIELD -22.683716 -4.3289185 -43.47534

1492573806321 GRAVITY -1.9779507 -0.56630355 9.588399

1492573806325 LINEAR_ACCELERATION 2.0096865 0.38672304 0.8850851

1492573806328 ROTATION_VECTOR 0.07107995 0.0779445 -0.846424

1492573806381 ACCELEROMETER 0.26023865 -0.18824768 9.588333

1492573806385 GYROSCOPE -0.0022735596 0.0039520264 0.004196167

1492573806489 MAGNETIC_FIELD -23.200989 -3.767395 -43.89038

1492573806523 GRAVITY -1.663929 -0.52038795 9.650436

1492573806541 LINEAR_ACCELERATION 1.6345547 0.20121348 0.7654362

1492573806541 ROTATION_VECTOR 0.057503317 0.06824991 -0.8398615

1492573806570 ACCELEROMETER 0.4170227 -0.804718 10.184952

1492573806573 GYROSCOPE -0.005203247 -0.010025024 0.0077667236

