1492573811687 ACCELEROMETER -4.8968964 9.775818 1.3328552

1492573811706 MAGNETIC_FIELD 31.166077 -35.53772 -15.864563

1492573811711 GYROSCOPE 1.227066 2.2874298 -0.20223999

1492573811782 GRAVITY -4.647726 8.467683 1.6933335

1492573811783 LINEAR_ACCELERATION -0.46466208 -0.352211 -3.677651

1492573811785 ROTATION_VECTOR 0.52255505 0.374967 0.09199803

1492573811882 ACCELEROMETER 0.30459595 7.148651 -4.3380585

1492573811902 MAGNETIC_FIELD 21.14563 -41.19873 20.698547

1492573811907 GYROSCOPE 1.9151764 3.4792786 0.9050751

1492573811982 GRAVITY -2.900182 9.020079 -2.5293303

1492573811983 LINEAR_ACCELERATION 1.0569785 -1.8479328 -1.0167079

1492573811985 ROTATION_VECTOR 0.37681833 0.69783086 0.42166469

1492573812104 MAGNETIC_FIELD 12.226868 -42.46216 26.36261

1492573812168 ACCELEROMETER 1.0612946 6.825348 -3.4340057

1492573812168 GYROSCOPE -1.3373413 2.1048431 -0.5501709

1492573812182 GRAVITY 1.2966306 8.190859 -5.234403

1492573812183 LINEAR_ACCELERATION -0.67629933 -2.6630611 -0.039868355

1492573812185 ROTATION_VECTOR 0.31947464 0.81536263 0.4715601

1492573812298 ACCELEROMETER 0.57580566 9.96077 -0.65101624

1492573812299 GYROSCOPE -1.4070435 0.9329529 -0.6927948

1492573812299 MAGNETIC_FIELD 12.818909 -47.065735 16.830444

1492573812382 GRAVITY 0.69221413 9.731654 -0.99304533

1492573812383 LINEAR_ACCELERATION 0.07053268 1.9459791 -0.7349403

1492573812385 ROTATION_VECTOR 0.24690446 0.69976383 0.64638585

1492573812494 ACCELEROMETER 0.7027283 9.000565 1.3744965

1492573812494 GYROSCOPE -1.8358307 0.08413696 -0.5027008

1492573812495 MAGNETIC_FIELD 17.292786 -47.451782 0.6881714

1492573812582 GRAVITY -0.042139594 9.670165 1.6298835

1492573812583 LINEAR_ACCELERATION 0.41644907 -0.8800297 -2.1591625

1492573812585 ROTATION_VECTOR 0.2607366 0.5906907 0.6972303

1492573812689 ACCELEROMETER -0.7323761 8.939468 5.346939

1492573812690 GYROSCOPE -1.3493347 -0.6312103 -0.30404663

1492573812690 MAGNETIC_FIELD 18.519592 -45.230103 -11.49292

1492573812782 GRAVITY -0.758005 8.694099 4.47308

1492573812783 LINEAR_ACCELERATION -1.02741 2.35394 -0.32418156

1492573812785 ROTATION_VECTOR 0.26052535 0.45173326 0.6993317

1492573812884 ACCELEROMETER -1.2242584 5.682953 5.737732

1492573812885 GYROSCOPE 0.4148407 0.4041443 0.14904785

1492573812886 MAGNETIC_FIELD 18.875122 -46.40808 -7.434082

1492573812982 GRAVITY -0.47340852 8.116366 5.4836917

1492573812983 LINEAR_ACCELERATION -1.4011663 0.6566858 -0.823596

1492573812985 ROTATION_VECTOR 0.26266736 0.38912132 0.70181155

1492573813145 ACCELEROMETER -0.99575806 6.904297 2.0835876

1492573813146 GYROSCOPE 1.2353363 1.0095825 -0.27885437

1492573813147 MAGNETIC_FIELD 18.676758 -46.09375 9.088135

1492573813182 GRAVITY -0.8880106 9.058375 3.650707

1492573813183 LINEAR_ACCELERATION 5.0977907 -2.201295 -2.4913206

1492573813187 ROTATION_VECTOR 0.19467299 0.5253267 0.74492806

1492573813340 ACCELEROMETER -1.2480469 9.377411 1.2571411

1492573813341 GYROSCOPE 0.27697754 1.9587402 -0.45111084

1492573813342 MAGNETIC_FIELD 18.132019 -44.77234 17.881775

1492573813382 GRAVITY -2.1111715 9.238894 2.5211434

1492573813383 LINEAR_ACCELERATION 1.5238663 0.8038664 -0.598793

1492573813385 ROTATION_VECTOR 0.106599756 0.6000783 0.73008096

1492573813535 ACCELEROMETER -3.3399658 8.974533 -0.58955383

1492573813536 GYROSCOPE 0.25047302 0.022994995 -0.12620544

1492573813537 MAGNETIC_FIELD 20.01648 -41.149902 21.66748

1492573813582 GRAVITY -3.4194725 9.179739 0.4582373

1492573813583 LINEAR_ACCELERATION -0.19109201 0.6287956 -3.266948

1492573813585 ROTATION_VECTOR -0.04098229 0.68917114 0.691727

1492573813731 ACCELEROMETER -3.2380524 8.888657 -0.5130005

1492573813732 GYROSCOPE 0.17285156 -0.17622375 0.018066406

1492573813732 MAGNETIC_FIELD 19.56482 -41.85486 22.29004

1492573813782 GRAVITY -3.4277709 9.17794 0.43148705

1492573813783 LINEAR_ACCELERATION -0.2520604 0.62528706 -0.9425201

1492573813785 ROTATION_VECTOR -0.021707397 0.6910348 0.6844344

1492573813926 ACCELEROMETER -3.1428375 9.197205 -0.7898407

1492573813927 GYROSCOPE 0.124572754 -0.16879272 -0.20178223

1492573813927 MAGNETIC_FIELD 23.104858 -39.741516 22.320557

1492573813982 GRAVITY -3.5282977 9.145885 0.27254033

1492573813983 LINEAR_ACCELERATION 0.11618209 0.4888754 -0.8690587

1492573813985 ROTATION_VECTOR -0.006215973 0.6971841 0.6710955

1492573814123 ACCELEROMETER -3.2201843 9.093567 -0.9630432

1492573814125 GYROSCOPE 0.12045288 -0.22052002 0.079956055

1492573814125 MAGNETIC_FIELD 24.102783 -39.31122 21.356201

1492573814183 GRAVITY -3.6809983 9.089589 0.0011260805

1492573814184 LINEAR_ACCELERATION -0.17964745 0.22951698 -0.965838

1492573814185 ROTATION_VECTOR 0.012031012 0.70696384 0.65082955

1492573814325 ACCELEROMETER -3.2443848 8.920334 -0.60224915

1492573814330 GYROSCOPE -0.090911865 0.09599304 0.07022095

1492573814333 MAGNETIC_FIELD 21.754456 -39.964294 22.27478

1492573814389 GRAVITY -3.4784014 9.167712 -0.15547158

1492573814393 LINEAR_ACCELERATION 0.110327244 0.15311527 -0.78744125

1492573814395 ROTATION_VECTOR 0.030969346 0.71372455 0.6463505

1492573814526 ACCELEROMETER -3.203308 8.870911 -0.5917969

1492573814532 GYROSCOPE -0.056991577 0.14546204 0.005493164

1492573814534 MAGNETIC_FIELD 20.574951 -40.48767 22.288513

1492573814593 GRAVITY -3.3601751 9.210772 -0.20322998

1492573814599 LINEAR_ACCELERATION -0.055914164 0.010308266 -0.32195163

1492573814723 ACCELEROMETER -3.2657928 8.958527 -0.65989685

1492573814729 GYROSCOPE -0.069366455 0.059539795 -0.026016235

1492573814732 MAGNETIC_FIELD 22.219849 -40.86151 20.706177

1492573814795 ROTATION_VECTOR 0.012361459 0.71951216 0.6481045

1492573814802 GRAVITY -3.3598452 9.206479 -0.35010818

1492573814805 LINEAR_ACCELERATION -0.07209492 0.18977737 -0.25373775

1492573814915 ACCELEROMETER -3.2405548 9.087189 -0.5044861

1492573814924 GYROSCOPE -0.13861084 0.03855896 -0.056365967

1492573814927 MAGNETIC_FIELD 21.357727 -41.282654 21.899414

1492573814995 ROTATION_VECTOR 0.012230548 0.7161626 0.64951867

1492573815001 GRAVITY -3.42771 9.184542 -0.25572813

1492573815002 LINEAR_ACCELERATION 0.030086756 0.37848568 -0.21835971

1492573815105 ACCELEROMETER -3.2683258 8.9913025 -0.3857422

1492573815106 GYROSCOPE -0.009719849 -0.11569214 0.08888245

1492573815107 MAGNETIC_FIELD 22.225952 -41.39557 19.847107

1492573815187 GRAVITY -3.3921971 9.198777 -0.21417917

1492573815195 LINEAR_ACCELERATION -0.129673 0.06008053 -0.18844388

1492573815197 ROTATION_VECTOR 0.0095484685 0.714723 0.6528589

1492573815374 ACCELEROMETER -3.0535278 8.989944 -0.25698853

1492573815380 GYROSCOPE 0.023529053 -0.033676147 0.07070923

1492573815384 MAGNETIC_FIELD 21.994019 -41.059875 19.715881

1492573815389 GRAVITY -3.1964068 9.268296 -0.22816321

1492573815393 LINEAR_ACCELERATION 0.09670782 -0.029177666 -0.046230763

1492573815395 ROTATION_VECTOR 0.026461715 0.7147957 0.65176654

1492573815566 ACCELEROMETER -3.0335846 8.949402 -0.2155304

1492573815574 GYROSCOPE 0.025924683 -0.05003357 0.020889282

1492573815577 MAGNETIC_FIELD 22.894287 -42.526245 19.967651

1492573815596 GRAVITY -3.1326761 9.289165 -0.26104993

1492573815612 LINEAR_ACCELERATION -0.06723714 -0.04990387 0.028499156

1492573815613 ROTATION_VECTOR 0.027416125 0.7159317 0.65203786

1492573815755 ACCELEROMETER -2.9904633 9.025986 -0.40930176

1492573815759 GYROSCOPE 0.021438599 0.02104187 -0.016326904

1492573815762 MAGNETIC_FIELD 23.257446 -41.181946 20.298767

1492573815786 GRAVITY -3.1198342 9.292625 -0.29007807

1492573815790 LINEAR_ACCELERATION 0.026418447 -0.03367138 -0.06530535

1492573815792 ROTATION_VECTOR 0.029294515 0.7168903 0.65074533

1492573815954 ACCELEROMETER -3.1338959 9.039719 -0.48796082

1492573815957 GYROSCOPE -0.054840088 0.06655884 -0.08622742

1492573815961 MAGNETIC_FIELD 21.887207 -40.615845 20.831299

1492573815987 GRAVITY -3.1751833 9.271809 -0.34952763

1492573815999 LINEAR_ACCELERATION 0.06275678 0.09809685 -0.22368887

1492573816002 ROTATION_VECTOR 0.029051134 0.7190111 0.6473194

1492573816151 ACCELEROMETER -3.3612518 8.98468 -0.4658661

1492573816154 GYROSCOPE -0.008850098 0.051742554 -0.03842163

1492573816156 MAGNETIC_FIELD 22.30072 -40.5365 20.835876

1492573816189 GRAVITY -3.3206804 9.219934 -0.36916754

1492573816192 LINEAR_ACCELERATION -0.06925249 0.052824974 -0.15141153

1492573816194 ROTATION_VECTOR 0.016484978 0.7201045 0.64708066

1492573816345 ACCELEROMETER -3.387848 8.878464 -0.44036865

1492573816348 GYROSCOPE 0.021865845 0.028640747 4.272461E-4

1492573816352 MAGNETIC_FIELD 21.426392 -40.8432 21.203613

1492573816389 GRAVITY -3.3904498 9.192716 -0.4113411

1492573816392 LINEAR_ACCELERATION -0.10867143 0.0030460358 -0.007220924

1492573816394 ROTATION_VECTOR 0.0077890884 0.7217423 0.646738

1492573816542 ACCELEROMETER -3.382431 8.889694 -0.47966003

1492573816545 GYROSCOPE 0.05419922 -0.01713562 0.021652222

1492573816548 MAGNETIC_FIELD 20.996094 -40.516663 21.37146

1492573816587 GRAVITY -3.4018722 9.184203 -0.4980619

1492573816591 LINEAR_ACCELERATION -0.12114453 -0.15561485 -0.028525501

1492573816594 ROTATION_VECTOR 7.323839E-5 0.7248407 0.6459992

1492573816736 ACCELEROMETER -3.3148193 8.930405 -0.65797424

1492573816740 GYROSCOPE 0.031723022 0.0038909912 0.009506226

1492573816743 MAGNETIC_FIELD 23.242188 -40.802002 22.224426

1492573816789 GRAVITY -3.399632 9.181625 -0.5573605

1492573816793 LINEAR_ACCELERATION -0.046455383 -0.028824806 0.048254073

1492573816796 ROTATION_VECTOR -0.004803845 0.72690743 0.64555347

1492573816931 ACCELEROMETER -3.386078 8.988678 -0.613266

1492573816934 GYROSCOPE -0.05088806 -0.012649536 0.009048462

1492573816936 MAGNETIC_FIELD 22.37854 -40.190125 21.278381

1492573816984 GRAVITY -3.3883996 9.181166 -0.62874675

1492573816992 LINEAR_ACCELERATION -0.049961567 0.033471107 -0.096104085

1492573816993 ROTATION_VECTOR -0.0044478863 0.7294089 0.6431855

1492573817125 ACCELEROMETER -3.3327484 8.916809 -0.49040222

1492573817126 GYROSCOPE -0.082214355 -0.031692505 0.019821167

1492573817126 MAGNETIC_FIELD 21.572876 -41.368103 21.107483

1492573817187 GRAVITY -3.3917685 9.187614 -0.5040118

1492573817188 LINEAR_ACCELERATION -0.03512597 0.09993172 -0.06849018

1492573817193 ROTATION_VECTOR -0.0051298775 0.7208631 0.65249336

1492573817326 ACCELEROMETER -3.2787933 8.987732 -0.36125183

1492573817335 GYROSCOPE -0.036453247 -0.03263855 0.035629272

1492573817338 MAGNETIC_FIELD 22.387695 -41.566467 21.328735

1492573817393 GRAVITY -3.3688135 9.201774 -0.38579252

1492573817400 LINEAR_ACCELERATION -0.017984152 0.038043022 -0.02946049

1492573817591 ACCELEROMETER -3.218521 8.941711 -0.25987244

1492573817597 GYROSCOPE -0.046569824 -0.0063323975 0.034606934

1492573817600 MAGNETIC_FIELD 23.254395 -42.430115 20.063782

1492573817603 GRAVITY -3.2949045 9.232065 -0.28804085

1492573817605 LINEAR_ACCELERATION 8.0418587E-4 -0.037695885 -0.05803305

1492573817608 ROTATION_VECTOR -0.0012980016 0.71741503 0.6565331

1492573817787 ACCELEROMETER -3.1134186 8.974045 -0.24847412

1492573817793 GYROSCOPE -0.0059051514 0.0015563965 0.022262573

1492573817797 MAGNETIC_FIELD 21.417236 -42.617798 20.568848

1492573817800 GRAVITY -3.2427015 9.252417 -0.21924393

1492573817802 LINEAR_ACCELERATION 0.04575324 0.020967484 0.015081644

1492573817806 ROTATION_VECTOR 5.645584E-4 0.71496713 0.65962625

1492573817976 ACCELEROMETER -3.1762085 8.983307 -0.31396484

1492573817990 GYROSCOPE 0.008834839 0.0206604 -0.0066223145

1492573817993 MAGNETIC_FIELD 22.4823 -41.52069 20.864868

1492573817996 GRAVITY -3.2328506 9.254978 -0.25385687

1492573817998 LINEAR_ACCELERATION -0.04378295 7.209778E-4 -0.0038951188

1492573818003 ROTATION_VECTOR -6.407426E-4 0.7162002 0.6590611

1492573818173 ACCELEROMETER -3.2017365 8.975876 -0.31900024

1492573818179 GYROSCOPE -0.0025634766 0.021743774 -0.021484375

1492573818182 MAGNETIC_FIELD 22.219849 -41.566467 20.303345

1492573818188 GRAVITY -3.2635643 9.243262 -0.28572008

1492573818190 LINEAR_ACCELERATION -0.014532328 -0.021877289 -0.04914561

1492573818193 ROTATION_VECTOR -0.0018348452 0.71733135 0.657573

1492573818368 ACCELEROMETER -3.310669 8.963547 -0.3735962

1492573818376 GYROSCOPE 0.008758545 0.032165527 -0.03540039

1492573818379 MAGNETIC_FIELD 21.832275 -41.407776 20.53833

1492573818391 GRAVITY -3.3177464 9.22233 -0.33403176

1492573818398 LINEAR_ACCELERATION -0.05083394 0.013363838 -0.11391768

1492573818402 ROTATION_VECTOR -0.0038881153 0.71903807 0.6551932

1492573818566 ACCELEROMETER -3.390625 8.931015 -0.41230774

1492573818572 GYROSCOPE -0.009536743 0.043899536 -0.023391724

1492573818575 MAGNETIC_FIELD 22.988892 -41.531372 21.150208

1492573818592 GRAVITY -3.394022 9.193146 -0.3702194

1492573818599 LINEAR_ACCELERATION -0.072111845 -0.025969505 -0.040409476

1492573818604 ROTATION_VECTOR -0.010091147 0.7202597 0.65400296

1492573818746 ACCELEROMETER -3.4453735 8.890503 -0.37782288

1492573818753 GYROSCOPE 0.0054016113 0.0259552 0.00340271

1492573818755 MAGNETIC_FIELD 20.457458 -40.789795 21.885681

1492573818787 GRAVITY -3.4444468 9.173367 -0.39435863

1492573818790 LINEAR_ACCELERATION -0.066669464 -0.053847313 -0.038161397

1492573818793 ROTATION_VECTOR -0.015195425 0.72102416 0.6535195

1492573818945 ACCELEROMETER -3.4032745 8.938675 -0.46824646

1492573818950 GYROSCOPE 0.01361084 -0.004119873 0.027542114

1492573818952 MAGNETIC_FIELD 21.862793 -40.46936 21.417236

1492573818985 GRAVITY -3.452907 9.16927 -0.41511458

1492573818992 LINEAR_ACCELERATION -0.058074474 -8.249283E-4 0.010651559

1492573818995 ROTATION_VECTOR -0.022388441 0.7215703 0.6548358

1492573819142 ACCELEROMETER -3.3581238 8.958313 -0.46006775

1492573819145 GYROSCOPE -0.023147583 -0.040023804 0.035858154

1492573819150 MAGNETIC_FIELD 21.53778 -41.452026 20.729065

1492573819185 GRAVITY -3.41407 9.182274 -0.44760874

1492573819190 LINEAR_ACCELERATION -0.018735409 0.029850006 -0.06915006

1492573819193 ROTATION_VECTOR -0.020218326 0.72278136 0.653953

1492573819336 ACCELEROMETER -3.2981873 8.9758 -0.37158203

1492573819340 GYROSCOPE -0.04118347 -0.031936646 0.017578125

1492573819342 MAGNETIC_FIELD 21.73462 -40.22827 21.351624

1492573819391 GRAVITY -3.3783092 9.198675 -0.37654513

1492573819394 LINEAR_ACCELERATION -0.042697668 -0.05174637 -0.035897404

1492573819397 ROTATION_VECTOR -0.017845878 0.7203332 0.65661126

1492573819590 GRAVITY -3.3539531 9.210225 -0.30519065

1492573819595 LINEAR_ACCELERATION -0.02050066 -0.007844925 -0.07445541

1492573819598 ROTATION_VECTOR -0.014784847 0.7178731 0.65876836

1492573819600 ACCELEROMETER -3.2552795 8.990097 -0.26661682

1492573819602 GYROSCOPE -0.035125732 -0.054641724 0.026794434

1492573819605 MAGNETIC_FIELD 23.304749 -41.574097 20.039368

1492573819792 GRAVITY -3.310941 9.228242 -0.21819507

1492573819795 LINEAR_ACCELERATION 0.008871555 -0.03705311 -0.023616567

1492573819798 ROTATION_VECTOR -0.008750344 0.7148764 0.66096026

1492573819800 ACCELEROMETER -3.237503 8.966949 -0.16099548

1492573819803 GYROSCOPE -0.028305054 -0.031707764 0.027328491

1492573819805 MAGNETIC_FIELD 23.060608 -41.189575 19.238281

1492573819991 GRAVITY -3.2787216 9.240987 -0.156655

1492573819994 LINEAR_ACCELERATION 0.017932415 -0.021386147 -0.0646974

1492573819996 ACCELEROMETER -3.2090912 8.923798 -0.1403656

1492573819999 GYROSCOPE -0.0023040771 3.3569336E-4 0.016983032

1492573820001 MAGNETIC_FIELD 22.351074 -42.129517 20.495605

1492573820003 ROTATION_VECTOR -0.006839565 0.71267426 0.66361976

1492573820189 ACCELEROMETER -3.197052 8.988342 -0.19537354

1492573820192 GRAVITY -3.2659554 9.245518 -0.15595242

1492573820195 LINEAR_ACCELERATION -0.0019862652 -0.021291733 0.015193477

1492573820197 GYROSCOPE 0.0053863525 0.018508911 0.008850098

1492573820200 MAGNETIC_FIELD 21.638489 -40.76233 19.960022

1492573820381 ACCELEROMETER -3.1979218 8.990265 -0.23873901

1492573820387 GYROSCOPE -0.002960205 0.024841309 -0.0066070557

1492573820391 MAGNETIC_FIELD 22.758484 -41.600037 20.3125

1492573820394 GRAVITY -3.2628984 9.245983 -0.1888875

1492573820396 LINEAR_ACCELERATION 0.015877247 0.037446976 -0.045519844

1492573820400 ROTATION_VECTOR -0.0088600395 0.71382916 0.6631921

1492573820577 ACCELEROMETER -3.2621613 8.9817505 -0.2312622

1492573820582 GYROSCOPE -0.0015869141 0.028411865 -0.024932861

1492573820585 MAGNETIC_FIELD 22.465515 -40.80658 20.758057

1492573820589 GRAVITY -3.2931051 9.234813 -0.20994574

1492573820591 LINEAR_ACCELERATION -0.040885687 0.05956459 0.0012702793

1492573820595 ROTATION_VECTOR -0.00917241 0.7145769 0.6618206

1492573820773 ACCELEROMETER -3.3760986 8.920761 -0.29675293

1492573820776 GYROSCOPE -0.0072784424 0.030715942 -0.023468018

1492573820800 MAGNETIC_FIELD 23.301697 -42.362976 20.576477

1492573820802 GRAVITY -3.3470054 9.214686 -0.23977645

1492573820805 LINEAR_ACCELERATION -0.00213027 0.018052101 -0.048207164

1492573820807 ROTATION_VECTOR -0.012192756 0.71559525 0.66041344

1492573820967 ACCELEROMETER -3.408249 8.922546 -0.33244324

1492573820968 GYROSCOPE 0.008804321 0.029296875 -0.017089844

1492573820968 MAGNETIC_FIELD 21.087646 -40.83557 21.609497

1492573820989 GRAVITY -3.4197385 9.187065 -0.27131605

1492573820989 LINEAR_ACCELERATION -0.093683004 -0.027537346 -0.07943359

1492573820990 ROTATION_VECTOR -0.01793169 0.7165973 0.6593342

1492573821157 ACCELEROMETER -3.4157104 8.906387 -0.35162354

1492573821158 GYROSCOPE 0.009506226 0.018157959 0.003692627

1492573821164 MAGNETIC_FIELD 21.846008 -41.05072 20.614624

1492573821185 GRAVITY -3.462861 9.169272 -0.32157847

1492573821189 LINEAR_ACCELERATION -0.064614296 -0.011492729 -0.07323167

1492573821190 ROTATION_VECTOR -0.02384753 0.7182111 0.65836334

1492573821362 ACCELEROMETER -3.3852844 8.953354 -0.3960266

1492573821364 GYROSCOPE 0.011505127 -0.013427734 0.031021118

1492573821365 MAGNETIC_FIELD 22.097778 -40.890503 20.861816

1492573821384 GRAVITY -3.4273486 9.1808815 -0.36753368

1492573821385 LINEAR_ACCELERATION -0.064424515 -0.02980709 -0.02144447

1492573821387 ROTATION_VECTOR -0.023381265 0.7198558 0.6574529

1492573821564 ACCELEROMETER -3.309616 8.948288 -0.40449524

1492573821571 GYROSCOPE -0.008636475 -0.031677246 0.021942139

1492573821576 MAGNETIC_FIELD 21.974182 -41.030884 20.510864

1492573821588 GRAVITY -3.3941612 9.193595 -0.35758466

1492573821592 LINEAR_ACCELERATION 0.0023870468 -0.014666557 -0.07118431

1492573821595 ROTATION_VECTOR -0.019000027 0.7196324 0.65725535

1492573821755 ACCELEROMETER -3.309204 8.920517 -0.32554626

1492573821758 GYROSCOPE -0.031723022 -0.02633667 -0.002609253

1492573821763 MAGNETIC_FIELD 21.118164 -41.76941 20.726013

1492573821785 GRAVITY -3.3988304 9.194243 -0.2902077

1492573821789 LINEAR_ACCELERATION -0.0063512325 -0.0156059265 -0.036787838

1492573821796 ROTATION_VECTOR -0.017072031 0.71729004 0.6589143

1492573821988 GRAVITY -3.2588747 9.227731 -0.6317526

1492573821994 LINEAR_ACCELERATION -0.7127156 -0.9563265 0.5647161

1492573821997 ROTATION_VECTOR -0.025403084 0.7290851 0.65245485

1492573822023 ACCELEROMETER -3.5618134 7.8632965 -0.2994995

1492573822027 GYROSCOPE 0.28504944 0.07771301 0.2008667

1492573822030 MAGNETIC_FIELD 19.688416 -39.55536 23.283386

1492573822187 GRAVITY -2.1033356 9.327337 -2.1787975

1492573822195 LINEAR_ACCELERATION -1.024075 -1.9039927 0.8529837

1492573822202 ROTATION_VECTOR 0.042892464 0.7805434 0.59990865

1492573822222 ACCELEROMETER -2.8986816 7.2537994 -1.0188293

1492573822226 GYROSCOPE 1.0293427 -0.30485535 0.83187866

1492573822230 MAGNETIC_FIELD 16.04309 -39.51416 27.662659

1492573822388 GRAVITY -0.27199957 7.957514 -5.7248907

1492573822392 LINEAR_ACCELERATION -0.33016446 -4.7551284 4.0643973

1492573822402 ROTATION_VECTOR 0.19576673 0.8680804 0.44132861

1492573822495 MAGNETIC_FIELD 13.442993 -27.75879 39.09607

1492573822502 GYROSCOPE 2.5693054 -0.8715515 1.6335602

1492573822531 ACCELEROMETER -0.5440216 2.731247 -1.4143524

1492573822605 ACCELEROMETER 3.7417908 3.1128693 -4.959778

1492573822608 GYROSCOPE 1.6011505 -0.40846252 1.1632538

1492573822611 MAGNETIC_FIELD 14.172363 -16.171265 43.215942

1492573822793 GRAVITY 1.384362 4.1631393 -8.77053

1492573822797 LINEAR_ACCELERATION 3.833251 1.3950613 3.324111

1492573822801 ROTATION_VECTOR 0.3705923 0.8999077 0.22928536

1492573822812 ACCELEROMETER 7.7869415 0.6473694 -14.715118

1492573822813 GYROSCOPE 2.6351318 1.1701202 0.46498108

1492573822814 MAGNETIC_FIELD 5.5145264 6.440735 46.479797

1492573822984 GRAVITY 4.0457144 -0.52218884 -8.9179535

1492573822985 LINEAR_ACCELERATION 11.782896 4.954715 -9.985806

1492573822986 ACCELEROMETER 2.6755676 -1.0623932 -12.686356

1492573822986 GYROSCOPE -0.54426575 -0.86668396 -1.0326843

1492573822987 MAGNETIC_FIELD 3.1600952 9.390259 45.140076

1492573823004 ROTATION_VECTOR -0.29175946 -0.94692206 -0.09509806

1492573823182 ACCELEROMETER 1.2214966 1.7144775 -11.804474

1492573823183 GYROSCOPE -0.1268158 -1.8193817 -0.5706787

1492573823184 MAGNETIC_FIELD 19.639587 5.5099487 42.930603

1492573823185 GRAVITY -1.5348437 1.5137403 -9.566778

1492573823185 LINEAR_ACCELERATION -1.388318 0.36470878 -7.495837

1492573823187 ROTATION_VECTOR 0.3080878 0.9449084 0.049422294

1492573823375 ACCELEROMETER -5.8124084 -1.5177917 -7.9405518

1492573823375 GYROSCOPE -1.7293701 -2.40831 -1.2925873

1492573823376 MAGNETIC_FIELD 32.0343 0.81329346 36.221313

1492573823383 GRAVITY -5.5234666 3.3105545 -7.3960752

1492573823384 LINEAR_ACCELERATION 1.6733694 -5.0235853 -8.150694

1492573823386 ROTATION_VECTOR 0.21005352 0.91267323 0.10819396

1492573823572 ACCELEROMETER -8.012482 -0.0539093 -3.3046417

1492573823573 GYROSCOPE -1.2075348 -0.37826538 -1.5366821

1492573823574 MAGNETIC_FIELD 41.87622 1.234436 24.911499

1492573823583 GRAVITY -7.5895658 3.1095312 -5.3758435

1492573823584 LINEAR_ACCELERATION 0.7377176 -5.94281 -0.77291155

1492573823586 ROTATION_VECTOR 0.080584146 0.87612665 0.13915662

1492573823765 ACCELEROMETER -9.73877 0.7538452 -0.84155273

1492573823766 GYROSCOPE -0.44670105 -2.654068 -0.30371094

1492573823767 MAGNETIC_FIELD 43.637085 7.649231 12.336731

1492573823783 GRAVITY -9.431053 2.36584 -1.276103

1492573823784 LINEAR_ACCELERATION 1.6071539 0.34969378 0.766757

1492573823786 ROTATION_VECTOR 0.020626493 0.7514238 0.14285429

1492573823983 GRAVITY -9.056945 2.2586703 3.006751

1492573823985 LINEAR_ACCELERATION 0.83974934 -1.6369855 2.384758

1492573823986 ROTATION_VECTOR 0.0519607 0.5865138 0.12561011

1492573824026 ACCELEROMETER -7.8931274 1.5194702 4.021927

1492573824027 GYROSCOPE -0.28060913 -1.9739838 -0.101760864

1492573824037 MAGNETIC_FIELD 43.826294 8.71582 -12.661743

1492573824185 GRAVITY -9.146238 3.1796596 1.5512815

1492573824190 LINEAR_ACCELERATION -0.66281986 -2.1291392 3.3139696

1492573824193 ROTATION_VECTOR 0.14932786 0.631354 0.07773155

1492573824224 ACCELEROMETER -10.32077 1.3112946 2.6454163

1492573824227 GYROSCOPE 1.6953888 0.5032654 0.32383728

1492573824231 MAGNETIC_FIELD 45.092773 3.0014038 -10.438538

1492573824388 GRAVITY -8.3505745 5.14121 -0.07910011

1492573824392 LINEAR_ACCELERATION -0.33663845 -0.042076588 -2.6136587

1492573824395 ROTATION_VECTOR 0.3078154 0.63975203 0.072696984

1492573824423 ACCELEROMETER -8.906647 3.6874847 -1.1683197

1492573824427 GYROSCOPE 1.0650635 0.47605896 1.2183838

1492573824430 MAGNETIC_FIELD 46.11206 -9.989929 -8.953857

1492573824588 GRAVITY -7.5092034 6.1415076 -1.4367107

1492573824594 LINEAR_ACCELERATION 0.57708883 -0.6570115 -1.4020972

1492573824597 ROTATION_VECTOR 0.4076108 0.63804805 0.07628897

1492573824622 ACCELEROMETER -6.81958 5.1260834 -1.3049774

1492573824632 GYROSCOPE 0.64456177 -0.09031677 0.56051636

1492573824635 MAGNETIC_FIELD 46.369934 -17.10968 -2.7786255

1492573824808 ACCELEROMETER -7.4946747 7.441986 0.18910217

1492573824808 GYROSCOPE 1.0410156 0.28556824 0.80345154

1492573824809 MAGNETIC_FIELD 43.676758 -21.96045 -2.1148682

1492573824984 GRAVITY -6.1447067 7.1145916 -2.792051

1492573824987 LINEAR_ACCELERATION -0.8411236 -1.450849 1.1167316

1492573824989 ROTATION_VECTOR 0.53055274 0.60072356 0.080469534

1492573825004 ACCELEROMETER -4.396988 8.096985 -3.1229095

1492573825006 GYROSCOPE 0.85269165 -0.45263672 2.2453918

1492573825012 MAGNETIC_FIELD 35.632324 -35.810852 0.5218506

1492573825187 GRAVITY -2.9357548 8.569964 -3.7559855

1492573825193 LINEAR_ACCELERATION -1.0377591 -0.37905025 -0.12551618

1492573825196 ROTATION_VECTOR 0.70496637 0.4410492 0.12609404

1492573825205 ACCELEROMETER 0.9391632 8.456451 -3.9386292

1492573825207 GYROSCOPE -0.044509888 -0.79589844 2.1268158

1492573825211 MAGNETIC_FIELD 12.882996 -49.565125 -1.045227

1492573825388 GRAVITY 0.24734135 9.079327 -3.697977

1492573825393 LINEAR_ACCELERATION 1.3580686 0.6442013 0.97882056

1492573825401 ROTATION_VECTOR 0.8016717 0.21416548 0.15866894

1492573825405 ACCELEROMETER 1.8292999 8.768265 -1.859436

1492573825407 GYROSCOPE 0.48831177 -1.5004883 0.8913269

1492573825411 MAGNETIC_FIELD 3.378296 -50.535583 -5.038452

1492573825593 GRAVITY 0.70790434 8.697761 -4.474173

1492573825597 LINEAR_ACCELERATION 1.3514273 0.20404148 3.206039

1492573825601 ROTATION_VECTOR 0.85077065 0.06564012 0.08215117

1492573825605 ACCELEROMETER -0.49160767 4.675873 -4.162369

1492573825607 GYROSCOPE 0.9953308 -4.6436005 -0.75613403

1492573825613 MAGNETIC_FIELD 5.026245 -49.891663 9.851074

1492573825787 GRAVITY -4.7535667 7.0926504 -4.8237233

1492573825795 LINEAR_ACCELERATION 2.0098386 -5.375906 0.0043935776

1492573825798 ACCELEROMETER -9.838272 5.4326935 3.2713013

1492573825802 ROTATION_VECTOR 0.62050366 -0.11115876 -0.70999223

1492573825856 GYROSCOPE 0.29335022 -5.462219 -1.3581238

1492573825861 MAGNETIC_FIELD 20.004272 -46.195984 -10.20813

1492573825983 ACCELEROMETER -5.366806 5.1926727 5.7683716

1492573825992 GYROSCOPE -0.8177185 -2.761856 -0.5157623

1492573825996 MAGNETIC_FIELD 14.328003 -40.956116 -21.452332

1492573825999 GRAVITY -5.4487615 4.126133 7.032525

1492573826002 LINEAR_ACCELERATION -1.0559144 1.7408688 1.129302

1492573826005 ROTATION_VECTOR 0.3547592 -0.12484761 -0.8824895

1492573826184 GRAVITY -2.8445988 2.4343634 9.063803

1492573826186 LINEAR_ACCELERATION -0.7431264 0.15186977 0.21690273

1492573826187 ROTATION_VECTOR 0.1746236 -0.085914366 -0.9502366

1492573826246 ACCELEROMETER -3.3100128 2.5843353 9.185287

1492573826247 GYROSCOPE -0.550354 -1.3784485 -0.52397156

1492573826250 MAGNETIC_FIELD 4.1625977 -36.1557 -35.446167

1492573826383 GRAVITY -2.8326967 2.3864403 9.08026

1492573826383 LINEAR_ACCELERATION 0.33974814 1.1140637 -9.165807

1492573826386 ROTATION_VECTOR 0.17426926 -0.08164447 -0.947826

