1495739553125 ACCELEROMETER -0.8419037 3.958664 8.7221985

1495739553127 GYROSCOPE 0.009017944 -0.020553589 -0.029281616

1495739553128 MAGNETIC_FIELD -0.63323975 -39.81476 -32.188416

1495739553129 GRAVITY -0.8586085 4.038579 8.895114

1495739553129 LINEAR_ACCELERATION 0.0 0.0 -0.0

1495739553130 ROTATION_VECTOR 0.0 0.0 0.0

1495739553325 ACCELEROMETER -1.0346069 3.7196503 8.668121

1495739553326 GYROSCOPE 0.042129517 -0.05366516 -0.016464233

1495739553327 MAGNETIC_FIELD -0.12817383 -40.655518 -33.337402

1495739553327 GRAVITY -0.9401742 3.9631786 8.920744

1495739553328 LINEAR_ACCELERATION -0.12031561 -0.14119434 -0.020251274

1495739553328 ROTATION_VECTOR 0.06850618 -0.20118535 -0.97272295

1495739553526 ACCELEROMETER -0.8772278 3.876831 9.019394

1495739553527 GYROSCOPE 0.027175903 -0.0493927 0.013442993

1495739553528 MAGNETIC_FIELD -2.1530151 -39.64691 -32.681274

1495739553528 LINEAR_ACCELERATION -0.032944143 -0.027109861 0.23578453

1495739553529 GRAVITY -0.8568663 3.9681911 8.926905

1495739553529 ROTATION_VECTOR 0.06346249 -0.20205705 -0.9732131

1495739553728 ACCELEROMETER -0.9764557 3.7763672 8.777588

1495739553729 GYROSCOPE -0.0037994385 8.087158E-4 -0.034622192

1495739553729 MAGNETIC_FIELD -0.12817383 -40.319824 -33.337402

1495739553730 LINEAR_ACCELERATION -0.1247704 -0.111251354 -0.0013952255

1495739553730 GRAVITY -0.86499983 3.954545 8.932174

1495739553731 ROTATION_VECTOR 0.06527546 -0.2008108 -0.9726724

1495739553964 ACCELEROMETER -0.9009857 3.8596191 8.757416

1495739553964 GYROSCOPE -0.01020813 -0.039779663 -0.025009155

1495739553965 GRAVITY -0.8679901 3.932929 8.941422

1495739553966 LINEAR_ACCELERATION -0.03159672 -0.003312111 -0.0070314407

1495739553966 ROTATION_VECTOR 0.06467255 -0.19982933 -0.97321254

1495739554165 ACCELEROMETER -0.7816162 3.842453 8.770233

1495739554165 GYROSCOPE 0.0143585205 -0.050460815 -0.06239319

1495739554166 MAGNETIC_FIELD -1.1398315 -40.08026 -33.99353

1495739554166 GRAVITY -0.805677 3.9267657 8.94996

1495739554167 LINEAR_ACCELERATION 0.031709254 -0.008284092 -0.0047693253

1495739554168 ROTATION_VECTOR 0.060215943 -0.20013267 -0.9739678

1495739554366 ACCELEROMETER -0.8388672 3.6894379 8.94928

1495739554366 GYROSCOPE 0.078445435 -0.021621704 -0.004714966

1495739554367 MAGNETIC_FIELD -0.7873535 -39.5401 -33.784485

1495739554368 GRAVITY -0.8074523 3.9003935 8.961325

1495739554368 LINEAR_ACCELERATION -0.08000404 -0.19691038 0.10134125

1495739554369 ROTATION_VECTOR 0.05906922 -0.19902371 -0.9747326

1495739554567 ACCELEROMETER -0.81388855 3.769516 8.734116

1495739554568 GYROSCOPE 0.078445435 -0.030166626 -0.022872925

1495739554568 MAGNETIC_FIELD -0.30670166 -39.785767 -33.425903

1495739554569 GRAVITY -0.79157025 3.9893172 8.923516

1495739554569 LINEAR_ACCELERATION -0.034572363 -0.1181891 -0.0052022934

1495739554570 ROTATION_VECTOR 0.058177087 -0.20406543 -0.9739559

1495739554768 ACCELEROMETER -0.8521271 3.8445282 8.725479

1495739554769 GYROSCOPE 0.11476135 -0.22669983 -0.058120728

1495739554770 MAGNETIC_FIELD 0.6439209 -39.318848 -33.592224

1495739554771 GRAVITY -0.69133246 4.0857587 8.888139

1495739554771 LINEAR_ACCELERATION -0.1861968 -0.14761591 0.025104523

1495739554772 ROTATION_VECTOR 0.052579783 -0.20991994 -0.97334987

1495739554969 ACCELEROMETER 0.03111267 4.227936 8.765701

1495739554970 GYROSCOPE 0.09233093 -0.5770416 -0.4212799

1495739554971 MAGNETIC_FIELD -1.4663696 -40.463257 -33.374023

1495739554972 GRAVITY -0.12533073 4.247642 8.838112

1495739554972 LINEAR_ACCELERATION 0.4272676 0.19360828 0.05432129

1495739554973 ROTATION_VECTOR 0.017255908 -0.22154899 -0.97386265

1495739555170 ACCELEROMETER 0.29071045 4.0755005 9.03894

1495739555171 GYROSCOPE -0.15226746 0.014694214 0.093551636

1495739555172 MAGNETIC_FIELD -3.5247803 -41.644287 -31.118774

1495739555173 GRAVITY 0.22744854 4.16748 8.874163

1495739555173 LINEAR_ACCELERATION -0.08090915 -0.13966894 0.22509384

1495739555174 ROTATION_VECTOR -0.005745687 -0.2179693 -0.97555155

1495739555371 ACCELEROMETER 0.40029907 4.247101 8.438492

1495739555372 GYROSCOPE -0.040115356 0.07450867 0.066848755

1495739555373 MAGNETIC_FIELD -3.7063599 -42.16919 -31.236267

1495739555373 GRAVITY 0.24388619 4.0266604 8.938507

1495739555374 LINEAR_ACCELERATION 0.31950447 0.38772368 -0.17873764

1495739555374 ROTATION_VECTOR -0.004716119 -0.2103348 -0.97690946

1495739555572 ACCELEROMETER 0.6241455 4.1691895 8.806885

1495739555573 GYROSCOPE -0.020889282 0.057418823 -0.025009155

1495739555574 MAGNETIC_FIELD -3.0471802 -40.93628 -31.980896

1495739555574 LINEAR_ACCELERATION 0.4456053 0.2284596 -0.04901886

1495739555575 GRAVITY 0.1796378 3.988178 8.957263

1495739555575 ROTATION_VECTOR -8.1276003E-4 -0.20810105 -0.97728074

1495739555778 GRAVITY 0.2899379 4.0653296 8.919609

1495739555779 LINEAR_ACCELERATION 0.16201144 0.1432538 -0.13891983

1495739555779 ROTATION_VECTOR -0.0069688647 -0.21255107 -0.9764039

1495739555780 ACCELEROMETER 0.52381897 4.146759 8.595169

1495739555780 GYROSCOPE 0.01222229 -0.05580139 0.095687866

1495739555780 MAGNETIC_FIELD -3.0563354 -41.062927 -32.5943

1495739555979 ACCELEROMETER 0.5293274 4.16037 8.69899

1495739555980 GYROSCOPE -0.007003784 -0.099594116 -0.13609314

1495739555981 MAGNETIC_FIELD -4.8950195 -41.371155 -31.777954

1495739555982 GRAVITY 0.48221922 4.1391244 8.877247

1495739555987 LINEAR_ACCELERATION 0.1381625 0.14962387 -0.032972336

1495739555989 ROTATION_VECTOR -0.017964227 -0.21694168 -0.97547615

1495739556185 GRAVITY 0.4598881 4.10726 8.893217

1495739556188 LINEAR_ACCELERATION -0.044760764 -0.10231638 0.05600643

1495739556191 ROTATION_VECTOR -0.015308127 -0.21526217 -0.9756352

1495739556193 ACCELEROMETER 0.51156616 4.0146027 8.73732

1495739556195 GYROSCOPE 0.033584595 0.12043762 0.1822052

1495739556197 MAGNETIC_FIELD -4.5669556 -42.582703 -32.86438

1495739556387 GRAVITY 0.62345403 4.2502513 8.815728

1495739556390 LINEAR_ACCELERATION 0.29807603 0.115064144 -0.11350441

1495739556392 ROTATION_VECTOR -0.023515673 -0.22353968 -0.9735988

1495739556394 ACCELEROMETER 0.8480377 4.231064 8.63443

1495739556396 GYROSCOPE 0.06349182 -0.038711548 0.019851685

1495739556398 MAGNETIC_FIELD -4.7561646 -40.849304 -31.78711

1495739556587 GRAVITY 0.6720911 4.2444434 8.814953

1495739556590 LINEAR_ACCELERATION 0.009614825 -0.14985466 0.12365246

1495739556593 ROTATION_VECTOR -0.024901323 -0.22347806 -0.9733568

1495739556595 ACCELEROMETER 0.68927 4.0500336 8.736267

1495739556597 GYROSCOPE 0.03251648 0.01789856 0.04335022

1495739556599 MAGNETIC_FIELD -5.293274 -41.04004 -32.122803

1495739556787 GRAVITY 0.73529 4.2722335 8.796463

1495739556790 LINEAR_ACCELERATION 0.14865273 0.033565044 0.008197784

1495739556792 ROTATION_VECTOR -0.028308535 -0.22517514 -0.97290444

1495739556794 ACCELEROMETER 0.8227539 4.2080383 8.659882

1495739556796 GYROSCOPE -0.008071899 0.021102905 0.011306763

1495739556799 MAGNETIC_FIELD -4.7592163 -40.786743 -31.349182

1495739556997 ACCELEROMETER 0.7976227 4.1724243 8.699905

1495739557000 GRAVITY 0.77483237 4.2667246 8.795742

1495739557003 LINEAR_ACCELERATION 0.024772286 -0.04872799 0.068574905

1495739557005 ROTATION_VECTOR -0.030041933 -0.22503209 -0.97281605

1495739557010 GYROSCOPE 0.042129517 -0.04298401 0.010238647

1495739557012 MAGNETIC_FIELD -5.6411743 -41.55426 -32.278442

1495739557198 ACCELEROMETER 1.0219574 4.174118 8.626282

1495739557203 GRAVITY 0.87344366 4.2482777 8.795432

1495739557205 LINEAR_ACCELERATION 0.15771443 -0.047472477 -0.033449173

1495739557207 ROTATION_VECTOR -0.03524394 -0.2243115 -0.9728078

1495739557211 GYROSCOPE -0.037979126 0.061691284 0.06791687

1495739557214 MAGNETIC_FIELD -6.437683 -40.94696 -30.903625

1495739557398 ACCELEROMETER 0.8222351 4.127472 8.787048

1495739557403 GRAVITY 0.8790579 4.2158003 8.810486

1495739557405 LINEAR_ACCELERATION -0.018497586 0.027849197 0.059833527

1495739557407 ROTATION_VECTOR -0.034561265 -0.222701 -0.9729769

1495739557409 GYROSCOPE 0.0047454834 -0.06434631 -0.031417847

1495739557414 MAGNETIC_FIELD -5.9417725 -40.060425 -32.128906

1495739557589 GRAVITY 0.8598849 4.1673365 8.835401

1495739557590 LINEAR_ACCELERATION -0.123642445 -0.09492445 0.03489685

1495739557590 ROTATION_VECTOR -0.03305955 -0.22006145 -0.97348505

1495739557591 ACCELEROMETER 0.7398071 4.0494385 8.726212

1495739557592 GYROSCOPE -0.016616821 -0.015213013 -0.034622192

1495739557597 MAGNETIC_FIELD -6.2667847 -41.574097 -32.858276

1495739557791 ROTATION_VECTOR -0.031965222 -0.21687347 -0.97455484

1495739557800 LINEAR_ACCELERATION 0.052161038 -0.0068387985 -0.010980606

1495739557802 GRAVITY 0.8099114 4.1160517 8.864116

1495739557804 ACCELEROMETER 0.8557892 4.063904 8.711594

1495739557807 GYROSCOPE -0.046524048 0.065963745 -0.041030884

1495739557809 MAGNETIC_FIELD -5.9570313 -41.641235 -32.089233

1495739558001 ACCELEROMETER 0.6281128 3.9719696 8.847687

1495739558006 GYROSCOPE 0.046401978 0.17597961 -0.055984497

1495739558009 MAGNETIC_FIELD -6.2835693 -39.479065 -32.203674

1495739558011 GRAVITY 0.57725006 4.078241 8.899726

1495739558013 LINEAR_ACCELERATION 0.05016011 -0.06589365 0.08996296

1495739558018 ROTATION_VECTOR -0.021993108 -0.21390785 -0.97589546

1495739558194 GRAVITY 0.33493385 4.0603795 8.920287

1495739558197 LINEAR_ACCELERATION -0.15772763 -0.27262592 -0.022316933

1495739558199 ROTATION_VECTOR -0.010653544 -0.21231683 -0.97663736

1495739558202 ACCELEROMETER 0.2584839 3.7350922 8.777145

1495739558204 GYROSCOPE 0.051742554 -0.017349243 -0.0036468506

1495739558206 MAGNETIC_FIELD -4.173279 -40.304565 -33.584595

1495739558403 ACCELEROMETER 0.16950989 4.0013123 8.658127

1495739558409 GRAVITY 0.24500425 4.0928507 8.908363

1495739558411 LINEAR_ACCELERATION -0.06889701 0.0070562363 -0.049988747

1495739558414 ROTATION_VECTOR -0.0068253474 -0.21390022 -0.97645175

1495739558416 GYROSCOPE -0.031570435 0.06062317 -0.036758423

1495739558420 MAGNETIC_FIELD -3.0822754 -40.237427 -34.075928

1495739558604 ACCELEROMETER 0.14367676 3.8856812 8.917038

1495739558610 GYROSCOPE 0.053878784 0.0029449463 -0.012191772

1495739558612 MAGNETIC_FIELD -2.5741577 -40.068054 -33.418274

1495739558614 GRAVITY 0.16218415 4.045136 8.932019

1495739558616 LINEAR_ACCELERATION -0.009854168 -0.102736235 0.13294315

1495739558620 ROTATION_VECTOR -0.0031367452 -0.21114911 -0.97713804

1495739558802 ACCELEROMETER 0.10293579 3.9069061 8.87146

1495739558811 GRAVITY 0.10464203 4.062387 8.925046

1495739558814 LINEAR_ACCELERATION -0.02248419 -0.09465456 0.08137798

1495739558816 ROTATION_VECTOR -5.9239473E-4 -0.21201167 -0.9770094

1495739558818 GYROSCOPE 0.027175903 0.045669556 0.0059661865

1495739558823 MAGNETIC_FIELD -2.191162 -40.11383 -31.732178

1495739559007 ACCELEROMETER 0.15513611 3.9501343 8.799728

1495739559013 GRAVITY 0.10548482 4.1062727 8.90493

1495739559015 LINEAR_ACCELERATION 0.0743493 -0.08285093 0.023662567

1495739559018 ROTATION_VECTOR -0.0011070294 -0.21441476 -0.97653645

1495739559020 GYROSCOPE 0.06562805 -0.012008667 -0.022872925

1495739559025 MAGNETIC_FIELD -2.36969 -39.849854 -33.29773

1495739559208 ACCELEROMETER 0.08117676 3.890808 8.750778

1495739559214 GRAVITY 0.0676713 4.132049 8.893368

1495739559216 LINEAR_ACCELERATION -0.015533097 -0.17077827 0.002650261

1495739559219 ROTATION_VECTOR 0.0016734243 -0.21578154 -0.97615594

1495739559221 GYROSCOPE 0.04319763 0.029647827 -0.012191772

1495739559226 MAGNETIC_FIELD -3.5629272 -41.566467 -32.54547

1495739559408 ACCELEROMETER 0.13017273 3.9672394 8.729767

1495739559414 GRAVITY 0.055495024 4.1193027 8.899363

1495739559416 LINEAR_ACCELERATION 0.10591251 -0.059087753 0.025014877

1495739559419 ROTATION_VECTOR 0.00203506 -0.21506895 -0.97633994

1495739559421 GYROSCOPE -0.024093628 0.05101013 0.026260376

1495739559423 MAGNETIC_FIELD -2.7633667 -41.004944 -32.289124

1495739559608 ACCELEROMETER 0.13090515 3.8709412 8.898865

1495739559617 GRAVITY 0.05727421 4.051459 8.930442

1495739559619 LINEAR_ACCELERATION 0.06832141 -0.123893976 0.10948372

1495739559621 ROTATION_VECTOR 0.0021624316 -0.21135165 -0.97711754

1495739559623 GYROSCOPE 0.030380249 -0.0013275146 0.0016937256

1495739559628 MAGNETIC_FIELD -2.9968262 -39.372253 -33.172607

1495739559817 ACCELEROMETER 0.31427002 3.974121 8.865158

1495739559820 GRAVITY 0.1254453 4.0641017 8.923997

1495739559823 LINEAR_ACCELERATION 0.20087689 -0.013801098 0.068118095

1495739559825 ROTATION_VECTOR -0.0022899313 -0.21212621 -0.9770429

1495739559830 GYROSCOPE 0.0047454834 0.027511597 -0.02607727

1495739559832 MAGNETIC_FIELD -3.477478 -40.605164 -32.629395

1495739560004 GRAVITY 0.1655421 4.0815616 8.915371

1495739560007 LINEAR_ACCELERATION 0.20062682 0.041959286 -0.023716927

1495739560009 ROTATION_VECTOR -0.0059267916 -0.21309029 -0.9769354

1495739560011 ACCELEROMETER 0.35705566 4.0732727 8.767578

1495739560014 GYROSCOPE -0.01020813 0.01576233 -0.031417847

1495739560016 MAGNETIC_FIELD -3.0349731 -40.45105 -32.688904

1495739560204 GRAVITY 0.16022323 4.08943 8.911861

1495739560207 LINEAR_ACCELERATION -0.034445256 -0.045351982 0.0079574585

1495739560209 ROTATION_VECTOR -0.005488773 -0.2135214 -0.9768345

1495739560212 ACCELEROMETER 0.13439941 3.9724274 8.797211

1495739560216 GYROSCOPE 0.0410614 -0.04725647 -0.0079193115

1495739560218 MAGNETIC_FIELD -4.3395996 -40.95764 -31.814575

1495739560405 GRAVITY 0.19758087 4.114817 8.899417

1495739560408 LINEAR_ACCELERATION 0.01565057 -0.075786114 0.032087326

1495739560410 ACCELEROMETER 0.20326233 3.9826508 8.773529

1495739560412 ROTATION_VECTOR -0.006270546 -0.21498066 -0.97642523

1495739560414 GYROSCOPE 0.030380249 0.029647827 0.04121399

1495739560416 MAGNETIC_FIELD -3.489685 -40.385437 -33.070374

1495739560600 ACCELEROMETER 0.35964966 4.047119 8.799744

1495739560601 GYROSCOPE -0.0037994385 0.0029449463 -0.0036468506

1495739560601 MAGNETIC_FIELD -3.7994385 -40.415955 -32.713318

1495739560601 GRAVITY 0.24763793 4.1257486 8.893102

1495739560602 LINEAR_ACCELERATION 0.12571022 -0.020448208 0.015533447

1495739560602 ROTATION_VECTOR -0.007735639 -0.21568069 -0.97614974

1495739560811 LINEAR_ACCELERATION 0.016286612 -0.05247879 0.074840546

1495739560818 GRAVITY 0.26503676 4.0711665 8.917721

1495739560820 ROTATION_VECTOR -0.0073958924 -0.21276297 -0.9766285

1495739560823 ACCELEROMETER 0.2799225 3.966629 8.887314

1495739560825 GYROSCOPE -0.014480591 0.01789856 0.07218933

1495739560827 MAGNETIC_FIELD -3.4072876 -40.29236 -32.713318

1495739561004 ACCELEROMETER 0.24215698 4.001175 8.833649

1495739561005 GYROSCOPE 0.058151245 8.087158E-4 -0.0036468506

1495739561006 MAGNETIC_FIELD -3.3340454 -40.48767 -33.04138

1495739561007 GRAVITY 0.26863635 4.087028 8.910356

1495739561007 LINEAR_ACCELERATION -0.014828086 -0.036430836 0.031988144

1495739561008 ROTATION_VECTOR -0.0058276556 -0.21369225 -0.97616464

1495739561206 ROTATION_VECTOR -0.0038270873 -0.21449618 -0.97581977

1495739561207 LINEAR_ACCELERATION -0.078143165 -0.09296322 -0.03635311

1495739561208 GRAVITY 0.24936494 4.10211 8.903982

1495739561208 ACCELEROMETER 0.19595337 3.9571686 8.764069

1495739561209 GYROSCOPE -0.005935669 -0.018417358 0.012374878

1495739561210 MAGNETIC_FIELD -2.7908325 -40.01007 -32.06024

1495739561407 GRAVITY 0.28182378 4.1264553 8.891756

1495739561408 LINEAR_ACCELERATION -0.013500243 0.014667511 -0.022454262

1495739561409 ROTATION_VECTOR -0.0044686384 -0.21593203 -0.9752969

1495739561409 ACCELEROMETER 0.268219 4.0753174 8.734299

1495739561410 GYROSCOPE 0.021835327 -0.017349243 0.0048980713

1495739561411 MAGNETIC_FIELD -3.7872314 -40.855408 -31.62384

1495739561616 ACCELEROMETER 0.25273132 4.0080414 8.802475

1495739561622 GYROSCOPE 0.028244019 -0.02696228 -0.005783081

1495739561624 MAGNETIC_FIELD -1.5869141 -40.060425 -31.471252

1495739561627 GRAVITY 0.30912647 4.128376 8.889957

1495739561629 LINEAR_ACCELERATION -0.02193579 -0.067914486 0.074962616

1495739561631 ROTATION_VECTOR -0.0061278944 -0.21610363 -0.9753008

1495739561810 GRAVITY 0.3311096 4.1222906 8.89199

1495739561814 LINEAR_ACCELERATION -0.008573234 -0.089745045 0.1636343

1495739561816 ROTATION_VECTOR -0.007227563 -0.21582976 -0.9753409

1495739561819 ACCELEROMETER 0.33155823 3.9931946 8.994156

1495739561821 GYROSCOPE 0.042129517 -0.006668091 0.0016937256

1495739561823 MAGNETIC_FIELD -3.2531738 -39.61792 -31.025696

1495739562022 ACCELEROMETER 0.11949158 4.0773163 8.604645

1495739562028 GRAVITY 0.26677853 4.1624947 8.875407

1495739562030 LINEAR_ACCELERATION -0.15226588 -0.0202384 -0.14575577

1495739562033 ROTATION_VECTOR -0.0022222025 -0.21788812 -0.97455883

1495739562035 GYROSCOPE -0.019821167 0.0040130615 0.017715454

1495739562037 MAGNETIC_FIELD -3.0838013 -40.06653 -31.999207

1495739562223 ACCELEROMETER 0.30241394 4.0786743 8.71611

1495739562229 GRAVITY 0.28380242 4.142007 8.8844595

1495739562231 LINEAR_ACCELERATION 0.037091017 0.001850605 -0.018263817

1495739562234 ROTATION_VECTOR -0.002921358 -0.21681812 -0.97473484

1495739562236 GYROSCOPE -0.007003784 0.009353638 0.0059661865

1495739562238 MAGNETIC_FIELD -3.6712646 -40.3244 -32.348633

1495739562422 ACCELEROMETER 0.23458862 4.038513 8.650085

1495739562428 GRAVITY 0.24444355 4.1361704 8.888349

1495739562430 LINEAR_ACCELERATION -0.014983475 -0.01722765 -0.067193985

1495739562433 ROTATION_VECTOR -6.1563856E-4 -0.21637928 -0.9747686

1495739562435 GYROSCOPE -0.005935669 0.030715942 0.0016937256

1495739562437 MAGNETIC_FIELD -3.7277222 -40.208435 -32.022095

1495739562610 ACCELEROMETER 0.27365112 4.011154 8.75444

1495739562611 GRAVITY 0.21325304 4.0913453 8.909871

1495739562612 LINEAR_ACCELERATION 0.07372102 5.226135E-4 0.016999245

1495739562613 ROTATION_VECTOR -5.1557865E-5 -0.21382937 -0.975559

1495739562613 GYROSCOPE -0.040115356 0.053146362 0.013442993

1495739562614 MAGNETIC_FIELD -3.0517578 -41.21399 -32.791138

1495739562818 ACCELEROMETER 0.18788147 4.079193 8.919586

1495739562828 GRAVITY 0.059025627 4.042666 8.934414

1495739562833 LINEAR_ACCELERATION 0.11272747 0.09941292 0.10703564

1495739562835 ROTATION_VECTOR 0.007166245 -0.21076126 -0.97635764

1495739562838 GYROSCOPE -0.03691101 0.20909119 0.044418335

1495739562841 MAGNETIC_FIELD -2.1102905 -40.698242 -32.06482

1495739563009 ACCELEROMETER -0.113708496 3.9236145 8.777603

1495739563010 GYROSCOPE 0.017562866 0.14179993 -0.017532349

1495739563010 MAGNETIC_FIELD -2.684021 -39.308167 -32.958984

1495739563011 GRAVITY -0.20639628 4.012629 8.945759

1495739563011 LINEAR_ACCELERATION 0.07802805 -0.048324585 -0.03968239

1495739563012 ROTATION_VECTOR 0.020122288 -0.20853859 -0.9768259

1495739563232 GRAVITY -0.17289943 3.989626 8.956751

1495739566225 ACCELEROMETER 1.20047 6.607727 -6.6572113

1495739566227 GYROSCOPE 0.26963806 -0.08570862 0.10209656

1495739566228 MAGNETIC_FIELD -20.388794 -45.40558 17.712402

1495739566228 GRAVITY 8.364342 4.6234274 -2.1982026

1495739566228 LINEAR_ACCELERATION -5.7939095 2.736399 -4.831524

1495739566229 ROTATION_VECTOR 0.7006763 -0.3480371 0.35415444

1495739566426 ACCELEROMETER 0.7431183 6.413864 -7.218445

1495739566426 GYROSCOPE 0.167099 -0.26301575 0.07539368

1495739566427 MAGNETIC_FIELD -21.414185 -45.65277 20.780945

1495739566427 GRAVITY 8.107631 4.608763 -3.0324914

1495739566428 LINEAR_ACCELERATION -5.9332705 2.6199336 -4.744793

1495739566428 ROTATION_VECTOR 0.735027 -0.3381558 0.34276807

1495739566627 ACCELEROMETER 1.1076965 6.933319 -6.876587

1495739566627 GYROSCOPE 0.08805847 0.10014343 0.111709595

1495739566628 MAGNETIC_FIELD -20.72754 -44.657898 19.787598

1495739566629 GRAVITY 7.877505 4.62467 -3.5675943

1495739566629 LINEAR_ACCELERATION -5.2991686 3.1828358 -3.964053

1495739566630 ROTATION_VECTOR 0.7557896 -0.33268422 0.33012566

1495739566828 ACCELEROMETER 0.8974304 6.3967743 -7.23674

1495739566830 GYROSCOPE -0.026229858 0.25074768 0.07218933

1495739566836 GRAVITY 7.818492 4.6752663 -3.6309032

1495739566837 LINEAR_ACCELERATION -5.4084587 2.6126397 -4.3240824

1495739566837 MAGNETIC_FIELD -22.36023 -43.769836 21.15326

1495739566837 ROTATION_VECTOR 0.7621273 -0.32293433 0.33107826

1495739567029 ACCELEROMETER 1.1970367 6.455658 -7.037155

1495739567029 GYROSCOPE 0.123306274 0.052078247 0.17579651

1495739567030 MAGNETIC_FIELD -22.035217 -43.673706 23.339844

1495739567030 GRAVITY 5.959371 5.7262454 -5.278864

1495739567031 LINEAR_ACCELERATION -3.5147882 1.914001 -2.8360324

1495739567031 ROTATION_VECTOR 0.76347846 -0.43156436 0.13778833

