1495739473406 GYROSCOPE -0.0037994385 -0.0098724365 0.008102417

1495739473408 MAGNETIC_FIELD 7.9727173 -43.68286 -22.509766

1495739473409 GRAVITY -0.12830134 5.918865 7.81799

1495739473409 LINEAR_ACCELERATION 0.0 0.0 -0.0

1495739473410 ROTATION_VECTOR 0.0 0.0 0.0

1495739473606 ACCELEROMETER -0.13583374 5.7238007 7.4753265

1495739473607 GYROSCOPE 0.0410614 -0.02909851 0.046554565

1495739473608 MAGNETIC_FIELD 6.285095 -44.691467 -22.83783

1495739473609 GRAVITY -0.08390007 5.907919 7.8268666

1495739473609 LINEAR_ACCELERATION -0.017991975 -0.04180956 0.026661396

1495739473610 ROTATION_VECTOR 0.047568638 0.3141307 0.935389

1495739473808 ACCELEROMETER -0.037094116 5.638809 7.6304474

1495739473808 GYROSCOPE -0.018753052 0.03819275 6.2561035E-4

1495739473809 MAGNETIC_FIELD 7.635498 -42.001343 -22.509766

1495739473809 GRAVITY -0.07218326 5.8976593 7.8347173

1495739473810 LINEAR_ACCELERATION -0.017512701 -0.06953859 0.020804405

1495739473811 ROTATION_VECTOR 0.043809846 0.31404027 0.9376283

1495739474008 ACCELEROMETER -0.18862915 5.6775513 7.6615906

1495739474009 GYROSCOPE 0.016494751 -0.006668091 0.12345886

1495739474010 MAGNETIC_FIELD 7.8033447 -43.177795 -23.001099

1495739474010 LINEAR_ACCELERATION -0.28407848 -0.052078724 -0.014798164

1495739474011 GRAVITY -0.121694945 5.8868446 7.842234

1495739474011 ROTATION_VECTOR 0.03688962 0.3143191 0.93964744

1495739474209 ACCELEROMETER -0.49562073 5.600189 7.4602356

1495739474211 GYROSCOPE -0.13731384 -0.09425354 0.068984985

1495739474211 MAGNETIC_FIELD 7.9727173 -44.355774 -20.86792

1495739474212 LINEAR_ACCELERATION -0.22372347 0.10213661 0.012202263

1495739474212 GRAVITY -0.043418936 5.8238535 7.889945

1495739474213 ROTATION_VECTOR 0.035458937 0.31059206 0.9429218

1495739474445 ACCELEROMETER -0.27822876 5.804489 7.597946

1495739474446 GYROSCOPE 0.18205261 0.34046936 -0.16386414

1495739474447 GRAVITY -0.51991963 5.764746 7.916298

1495739474448 LINEAR_ACCELERATION -0.36516494 -0.07007313 0.29248428

1495739474448 ROTATION_VECTOR 0.0030822575 0.31043783 0.9458516

1495739474647 ACCELEROMETER -0.8713989 5.493408 8.163864

1495739474648 GYROSCOPE 0.20448303 -0.24806213 0.14482117

1495739474648 MAGNETIC_FIELD 6.893921 -43.592834 -22.332764

1495739474649 GRAVITY -0.54275745 6.0698605 7.683267

1495739474649 LINEAR_ACCELERATION 0.12620234 -0.099752426 -0.12742329

1495739474650 ROTATION_VECTOR 0.0074762227 0.32894757 0.938412

1495739474848 ACCELEROMETER -0.3139801 5.866974 7.281555

1495739474849 GYROSCOPE 0.035720825 0.17918396 -0.015396118

1495739474849 MAGNETIC_FIELD 5.783081 -43.910217 -20.79773

1495739474850 GRAVITY -0.55178845 6.1612434 7.609533

1495739474850 LINEAR_ACCELERATION -0.9400184 -0.78057337 0.3494749

1495739474851 ROTATION_VECTOR 6.4383965E-4 0.33469597 0.9384061

1495739475048 ACCELEROMETER -1.4528656 5.1148987 7.7915497

1495739475049 GYROSCOPE 0.082717896 0.06062317 6.2561035E-4

1495739475050 MAGNETIC_FIELD 6.021118 -43.029785 -21.232605

1495739475050 GRAVITY -0.6369572 6.201998 7.5696697

1495739475051 LINEAR_ACCELERATION 0.80623585 -0.28398085 0.49662685

1495739475051 ROTATION_VECTOR -0.004066023 0.33769476 0.9374117

1495739475250 ACCELEROMETER 0.18695068 5.770996 7.760254

1495739475252 GYROSCOPE 0.1745758 0.0627594 -0.0634613

1495739475252 MAGNETIC_FIELD 5.79834 -44.544983 -21.287537

1495739475253 LINEAR_ACCELERATION 0.57652164 -0.044113636 0.22426224

1495739475253 GRAVITY -0.7012347 6.3795004 7.4148927

1495739475254 ROTATION_VECTOR -0.0037648662 0.34918696 0.9324851

1495739475450 ACCELEROMETER -0.1552124 6.160446 7.4403687

1495739475451 GYROSCOPE 0.08805847 0.008285522 0.029464722

1495739475452 MAGNETIC_FIELD 6.5734863 -43.63556 -20.820618

1495739475452 GRAVITY -0.7338428 6.5428514 7.2679405

1495739475453 LINEAR_ACCELERATION 0.39405316 -0.25371933 0.2930045

1495739475453 ROTATION_VECTOR -0.0031415324 0.35976145 0.92809784

1495739475651 ACCELEROMETER -0.29023743 6.120102 7.2635803

1495739475652 GYROSCOPE 0.0036773682 -0.014144897 0.029464722

1495739475653 MAGNETIC_FIELD 6.3598633 -44.62738 -20.465088

1495739475653 GRAVITY -0.63733125 6.5948777 7.229923

1495739475654 LINEAR_ACCELERATION 0.57170826 -0.20732594 0.23163795

1495739475654 ROTATION_VECTOR 0.0023263048 0.36245155 0.9270833

1495739475853 ACCELEROMETER -0.045532227 6.1671906 7.331772

1495739475853 GYROSCOPE -0.015548706 0.061691284 0.046554565

1495739475854 MAGNETIC_FIELD 5.529785 -43.881226 -19.979858

1495739475856 GRAVITY -0.46594596 6.487566 7.339262

1495739475856 LINEAR_ACCELERATION 0.29947245 -0.16739273 0.24006414

1495739475857 ROTATION_VECTOR 0.011424983 0.3545014 0.929942

1495739476059 GRAVITY -0.3512501 6.4254055 7.4000797

1495739476060 LINEAR_ACCELERATION 0.27216625 -0.117592335 0.19131374

1495739476060 ACCELEROMETER -0.14541626 6.1625824 7.3584595

1495739476061 GYROSCOPE 0.033584595 0.04032898 0.028396606

1495739476061 MAGNETIC_FIELD 6.196594 -44.604492 -19.93103

1495739476061 ROTATION_VECTOR 0.01791074 0.34982875 0.9314085

1495739476259 LINEAR_ACCELERATION 0.1476022 -0.09015322 0.089046

1495739476261 ROTATION_VECTOR 0.02052735 0.34613746 0.93299824

1495739476262 GRAVITY -0.2784214 6.372818 7.448494

1495739476263 ACCELEROMETER -0.06161499 6.1397705 7.437973

1495739476263 GYROSCOPE -0.044387817 0.04246521 0.062576294

1495739476264 MAGNETIC_FIELD 6.452942 -44.625854 -19.819641

1495739476461 GRAVITY -0.24559891 6.312925 7.50047

1495739476462 LINEAR_ACCELERATION 0.12508242 -0.06241274 0.056452274

1495739476467 ACCELEROMETER -0.12333679 6.120865 7.3299866

1495739476469 ROTATION_VECTOR 0.021190677 0.3422476 0.93460995

1495739476472 GYROSCOPE 0.0047454834 0.052078247 -4.4250488E-4

1495739476474 MAGNETIC_FIELD 5.557251 -45.547485 -19.204712

1495739476667 GRAVITY -0.25615823 6.2738748 7.5328126

1495739476670 LINEAR_ACCELERATION 0.11269656 -0.059899807 0.16592216

1495739476673 ROTATION_VECTOR 0.021799091 0.33979148 0.93508226

1495739476675 ACCELEROMETER -0.099472046 6.090561 7.41185

1495739476677 GYROSCOPE 0.022903442 0.001876831 -0.045303345

1495739476679 MAGNETIC_FIELD 6.2179565 -44.421387 -21.183777

1495739476868 GRAVITY -0.27453852 6.309082 7.5027

1495739476871 LINEAR_ACCELERATION 0.055052996 -0.05976963 -0.010956287

1495739476873 ROTATION_VECTOR 0.02377338 0.3419117 0.9334498

1495739476875 ACCELEROMETER -0.1927948 6.1028595 7.5196075

1495739476878 GYROSCOPE 0.045333862 0.007217407 -0.016464233

1495739476880 MAGNETIC_FIELD 5.012512 -44.38324 -20.080566

1495739477066 GRAVITY -0.2769552 6.2889285 7.519512

1495739477068 LINEAR_ACCELERATION -0.020748854 -0.047673225 0.0751524

1495739477071 ROTATION_VECTOR 0.024209384 0.34062514 0.93368316

1495739479873 ACCELEROMETER -0.10507202 5.9220123 7.327469

1495739479874 GRAVITY -0.22306803 5.9488235 7.793082

1495739479874 LINEAR_ACCELERATION -0.10335399 -0.021006584 0.28415585

1495739479875 GYROSCOPE -0.044387817 0.07344055 0.019851685

1495739479875 MAGNETIC_FIELD 5.760193 -43.359375 -21.626282

1495739479875 ROTATION_VECTOR 0.021873686 0.3196638 0.9419816

1495739480074 ACCELEROMETER -0.24963379 5.8385315 8.081879

1495739480075 GRAVITY -0.17164291 5.820034 7.8910155

1495739480076 LINEAR_ACCELERATION 0.21704352 -0.12357426 0.26019335

1495739480076 GYROSCOPE 0.01008606 -0.017349243 -0.045303345

1495739480076 MAGNETIC_FIELD 5.116272 -43.759155 -21.472168

1495739480077 ROTATION_VECTOR 0.025913354 0.3114461 0.9439061

1495739480275 ACCELEROMETER 0.034744263 5.6592865 8.207245

1495739480277 GRAVITY 0.04776631 6.229897 7.5734067

1495739480278 LINEAR_ACCELERATION -0.16118473 -0.29427528 0.35962343

1495739480278 GYROSCOPE 0.7481537 -0.274765 0.18754578

1495739480279 ROTATION_VECTOR 0.03706635 0.335395 0.93641686

1495739480279 MAGNETIC_FIELD 5.024719 -44.163513 -23.051453

1495739480482 LINEAR_ACCELERATION 0.6976283 -0.30898523 -0.35791397

1495739480485 ROTATION_VECTOR 0.03980809 0.35925782 0.92728704

1495739480489 GRAVITY 0.037653998 6.6099305 7.244156

1495739480491 ACCELEROMETER 0.060028076 6.1315765 7.320694

1495739480493 GYROSCOPE -0.23878479 0.22084045 -0.32514954

1495739480495 MAGNETIC_FIELD 5.3863525 -45.51544 -19.60907

1495739480685 ACCELEROMETER 0.5443115 6.280548 7.05954

1495739480688 GRAVITY -0.4607069 6.66229 7.181367

1495739480691 LINEAR_ACCELERATION 0.3197159 -0.30697203 -1.2197957

1495739480693 ROTATION_VECTOR 0.025396952 0.3649756 0.9217568

1495739480695 GYROSCOPE 0.2942047 -0.113479614 -0.32835388

1495739480697 MAGNETIC_FIELD 4.246521 -46.784973 -18.841553

1495739480879 GRAVITY -0.6027969 6.9300222 6.912439

1495739480881 LINEAR_ACCELERATION 1.9828856 -1.4931026 2.2336912

1495739480881 ROTATION_VECTOR 0.022704573 0.38346866 0.9134648

1495739480882 ACCELEROMETER 0.121536255 6.298874 5.6079254

1495739480883 GYROSCOPE 0.21943665 0.47505188 0.32640076

1495739480883 MAGNETIC_FIELD 5.1361084 -46.310425 -17.585754

1495739481082 ROTATION_VECTOR -0.007715623 0.40993163 0.9076147

1495739481086 LINEAR_ACCELERATION 1.105479 -1.5037022 0.30821085

1495739481088 GRAVITY -0.86239064 7.283677 6.5095863

1495739481102 ACCELEROMETER 1.1559143 5.1786957 9.4592285

1495739481105 GYROSCOPE 0.33158875 0.541275 0.1747284

1495739481116 MAGNETIC_FIELD 5.0079346 -41.33911 -27.14386

1495739481287 GRAVITY -1.0874027 7.528688 6.1892495

1495739481288 LINEAR_ACCELERATION 1.5901191 -1.6904278 2.4993405

1495739481288 ROTATION_VECTOR -0.030172091 0.42839906 0.9006721

1495739481288 ACCELEROMETER 0.3075409 5.7555695 6.9601593

1495739481289 GYROSCOPE 0.16923523 0.19520569 0.02305603

1495739481289 MAGNETIC_FIELD 4.496765 -43.78357 -22.872925

1495739481492 GRAVITY -1.4255432 7.686204 5.921189

1495739481498 LINEAR_ACCELERATION 1.3147146 -1.7960153 1.5739713

1495739481501 ROTATION_VECTOR -0.05144485 0.44210497 0.893445

1495739481503 ACCELEROMETER 0.4025421 5.729065 8.537827

1495739481505 GYROSCOPE 0.21836853 0.41630554 -0.08695984

1495739481508 MAGNETIC_FIELD 6.864929 -43.377686 -23.789978

1495739481690 ACCELEROMETER -0.10319519 5.885025 7.262497

1495739481695 GRAVITY -1.8312153 7.722448 5.760281

1495739481697 LINEAR_ACCELERATION 1.4327234 -1.6300025 1.7224059

1495739481699 ROTATION_VECTOR -0.070113115 0.4487667 0.88819623

1495739481701 GYROSCOPE 0.016494751 0.07984924 -0.1617279

1495739481704 MAGNETIC_FIELD 7.4661255 -43.90564 -21.412659

1495739481895 ACCELEROMETER -0.46858215 5.8024445 7.6517334

1495739481901 GRAVITY -1.9864602 7.5593567 5.9228783

1495739481904 LINEAR_ACCELERATION 1.3288183 -1.881916 2.075848

1495739481906 ROTATION_VECTOR -0.072140746 0.43910474 0.8915699

1495739481908 GYROSCOPE -0.1063385 0.088394165 0.003829956

1495739481910 MAGNETIC_FIELD 8.38623 -42.29431 -22.117615

1495739482085 ACCELEROMETER -0.6817322 5.4853973 7.941742

1495739482087 GYROSCOPE 0.11476135 0.10762024 -0.017532349

1495739482094 GRAVITY -2.0701327 7.464254 6.0141377

1495739482095 LINEAR_ACCELERATION 0.81611776 -1.9448166 2.4562788

1495739482096 ROTATION_VECTOR -0.076137125 0.4330906 0.8939488

1495739482097 MAGNETIC_FIELD 10.385132 -41.61377 -23.632813

1495739482285 ACCELEROMETER -1.1211243 5.5578003 8.198944

1495739482286 GRAVITY -2.0206654 7.4710956 6.0224605

1495739482287 LINEAR_ACCELERATION 1.0030497 -1.2965579 2.1075268

1495739482287 ROTATION_VECTOR -0.07247361 0.4332292 0.89402014

1495739482288 GYROSCOPE 4.7302246E-4 -0.032302856 0.0700531

1495739482289 MAGNETIC_FIELD 11.024475 -41.947937 -23.190308

1495739482494 GRAVITY -1.7116599 7.291056 6.3309646

1495739482497 LINEAR_ACCELERATION 0.38787377 -1.8338218 2.5175133

1495739482499 ROTATION_VECTOR -0.05900266 0.41680852 0.90340924

1495739482502 ACCELEROMETER -1.1894379 5.808014 7.938019

1495739482504 GYROSCOPE -0.18751526 -0.18077087 0.13414001

1495739482506 MAGNETIC_FIELD 10.951233 -43.440247 -21.28601

1495739482697 GRAVITY -1.211361 7.2362146 6.5069337

1495739482700 LINEAR_ACCELERATION 0.8068888 -1.454834 1.2180309

1495739482703 ROTATION_VECTOR -0.040312774 0.40818328 0.9099374

1495739482705 ACCELEROMETER -1.0496826 5.37648 8.7934265

1495739482707 GYROSCOPE 0.09553528 -0.04084778 0.29649353

1495739482709 MAGNETIC_FIELD 8.140564 -43.330383 -23.181152

1495739482897 GRAVITY -0.8737307 7.3239193 6.4627542

1495739482901 LINEAR_ACCELERATION 0.70590985 -1.2409244 1.3437586

1495739482903 ROTATION_VECTOR -0.0315733 0.41169694 0.909963

1495739482905 ACCELEROMETER -0.3229065 5.678772 7.6762085

1495739482907 GYROSCOPE 0.07737732 -0.031234741 0.05189514

1495739482910 MAGNETIC_FIELD 6.852722 -44.15741 -21.418762

1495739483090 ACCELEROMETER -0.12741089 5.973892 7.4868774

1495739483098 GYROSCOPE 0.044265747 -0.016281128 -0.0634613

1495739483100 GRAVITY -0.81723547 7.348933 6.441715

1495739483102 LINEAR_ACCELERATION 0.6536432 -1.0811858 1.1098151

1495739483104 ROTATION_VECTOR -0.02911038 0.41317856 0.90944153

1495739483105 MAGNETIC_FIELD 6.50177 -44.81201 -20.832825

1495739483300 ACCELEROMETER -0.17202759 6.0384674 7.5882263

1495739483307 GYROSCOPE 0.06349182 -0.016281128 0.03694153

1495739483310 MAGNETIC_FIELD 5.415344 -45.606995 -21.664429

1495739483313 GRAVITY -0.7776561 7.349971 6.4454303

1495739483316 LINEAR_ACCELERATION 0.71931195 -1.2996016 1.4334002

1495739483319 ROTATION_VECTOR -0.024431158 0.4132525 0.9093106

1495739483492 ACCELEROMETER -0.08013916 5.881668 7.643158

1495739483493 GYROSCOPE 0.027175903 -0.010940552 -0.090164185

1495739483493 MAGNETIC_FIELD 5.836487 -45.09735 -22.615051

1495739483494 GRAVITY -0.6636247 6.945039 6.891765

1495739483494 LINEAR_ACCELERATION 0.25570625 -0.79686785 1.0962315

1495739483494 ROTATION_VECTOR -0.01425816 0.385246 0.9211377

1495739483698 ACCELEROMETER -0.33236694 6.198059 7.7023315

1495739483700 GYROSCOPE 0.1457367 0.65663147 -0.56547546

1495739483702 MAGNETIC_FIELD 7.6797485 -45.26825 -19.805908

1495739483704 GRAVITY -1.4986507 6.996178 6.7065587

1495739483705 LINEAR_ACCELERATION 1.2136194 -0.6785331 -0.06574726

1495739483707 ROTATION_VECTOR -0.048472855 0.39460242 0.9139577

1495739483910 ACCELEROMETER -0.7366333 5.7201385 5.874481

1495739483926 GYROSCOPE -0.5250397 0.9247284 -1.3868561

1495739483938 MAGNETIC_FIELD 12.210083 -44.59076 -18.029785

1495739483956 GRAVITY -3.9094038 6.3146834 6.404039

1495739483960 LINEAR_ACCELERATION -0.101024866 -0.21850586 -0.53597975

1495739483960 ROTATION_VECTOR -0.15275656 0.38749233 0.8946302

1495739484096 GRAVITY -6.525133 6.599592 3.168344

1495739484097 LINEAR_ACCELERATION -0.6996951 4.6697717 4.9127283

1495739484097 ROTATION_VECTOR -0.22648229 0.53587794 0.7553739

1495739484097 ACCELEROMETER -5.1640778 8.240341 6.981949

1495739484097 GYROSCOPE 3.5102997 1.7984467 -1.6314545

1495739484098 MAGNETIC_FIELD 26.060486 -39.231873 -13.35144

1495739484299 ACCELEROMETER -5.6215363 8.612564 7.2419586

1495739484301 GYROSCOPE 1.7233429 -0.50227356 -0.29203796

1495739484307 MAGNETIC_FIELD 40.91034 -27.868652 3.1967163

1495739484310 GRAVITY -7.612766 6.1581764 -0.5413371

1495739484314 LINEAR_ACCELERATION 5.997502 -3.6957598 6.991083

1495739484316 ROTATION_VECTOR -0.17101854 0.7059413 0.54592603

1495739484503 ACCELEROMETER -2.0226135 1.8120422 5.648239

1495739484512 GRAVITY -6.5831757 7.265906 0.19697031

1495739484516 LINEAR_ACCELERATION 4.3362875 -4.737293 2.7975135

1495739484518 ROTATION_VECTOR 0.067749314 0.6966831 0.48035192

1495739484521 GYROSCOPE 0.6520233 -3.1458588 2.3835907

1495739484526 MAGNETIC_FIELD 45.843506 -16.221619 16.468811

1495739484710 GRAVITY -4.4200583 8.053549 3.4313016

1495739484729 LINEAR_ACCELERATION 4.3324647 -1.7332911 1.8973544

1495739484732 ROTATION_VECTOR 0.21614748 0.52757233 0.5165906

1495739484741 ACCELEROMETER 1.1382141 3.8367462 2.1441956

1495739484743 GYROSCOPE -1.093277 -2.0318146 -1.1219635

1495739484750 MAGNETIC_FIELD 41.227722 -27.514648 3.112793

1495739484896 ACCELEROMETER -5.9274597 4.7606964 5.7133636

1495739484896 GYROSCOPE 11.385513 -6.438858 -4.481186

1495739484897 MAGNETIC_FIELD 27.624512 -31.645203 -26.057434

1495739484897 GRAVITY -7.168504 4.606337 4.854338

1495739484898 LINEAR_ACCELERATION -10.499615 -7.423671 6.3018293

1495739484898 ROTATION_VECTOR 0.38222367 0.3261943 -0.24986535

1495739485096 ACCELEROMETER -13.050049 -8.941895 15.217987

1495739485097 GYROSCOPE 4.078537 0.3639679 -0.40846252

1495739485097 MAGNETIC_FIELD 16.880798 -6.9992065 -45.780945

1495739485098 GRAVITY -7.120419 4.2715564 5.2176456

1495739485098 LINEAR_ACCELERATION 8.00827 -13.592862 11.774216

1495739485099 ROTATION_VECTOR 0.47028092 -0.1131811 -0.83505183

1495739485297 ACCELEROMETER 2.4450989 -4.271179 12.49054

1495739485298 GYROSCOPE 0.19380188 0.95036316 -1.9390717

1495739485299 MAGNETIC_FIELD 9.391785 3.590393 -50.979614

1495739485299 GRAVITY -8.137251 4.6739745 2.8477178

1495739485300 LINEAR_ACCELERATION 11.421991 -0.36159372 0.98295426

1495739485300 ROTATION_VECTOR 0.5506195 -0.22721134 -0.7964597

1495739485498 ACCELEROMETER 8.289017 5.0631104 5.924347

1495739485499 GYROSCOPE 0.16816711 -0.3794403 0.26445007

1495739485499 MAGNETIC_FIELD 3.9047241 2.7801514 -50.427246

1495739485500 GRAVITY -8.542693 3.841832 2.903982

1495739485500 LINEAR_ACCELERATION 19.757626 2.3160214 6.856142

1495739485501 ROTATION_VECTOR -0.536181 0.25386634 0.80486864

1495739485699 ACCELEROMETER 8.401855 4.1036224 8.551254

1495739485700 GYROSCOPE 0.05067444 -0.302536 -0.3005829

1495739485700 MAGNETIC_FIELD 3.7277222 1.2542725 -50.92926

1495739485701 GRAVITY -8.027462 4.003557 3.962546

1495739485701 LINEAR_ACCELERATION 8.028053 0.2904985 6.7983294

1495739485702 ROTATION_VECTOR -0.48562193 0.24927436 0.837818

1495739485900 ACCELEROMETER 2.3044739 3.3338623 9.147354

1495739485900 GYROSCOPE -0.0037994385 0.001876831 -0.23008728

1495739485901 MAGNETIC_FIELD -0.09460449 -0.9170532 -51.98822

1495739485902 GRAVITY -7.770098 3.7626188 4.6517377

1495739485902 LINEAR_ACCELERATION 8.258387 0.8902767 4.6452923

1495739485903 ROTATION_VECTOR 0.46825135 -0.20872967 -0.85815793

1495739486101 ACCELEROMETER 2.440155 3.743988 8.11795

1495739486102 GYROSCOPE 0.078445435 -0.019485474 -0.12434387

1495739486103 MAGNETIC_FIELD -2.1942139 -2.432251 -51.86615

1495739486103 GRAVITY -7.505223 3.6851106 5.1246443

1495739486104 LINEAR_ACCELERATION 8.300449 0.9479861 4.8750963

1495739486104 ROTATION_VECTOR 0.45514372 -0.17765146 -0.869418

1495739486302 ACCELEROMETER 2.8541107 3.572754 8.626968

1495739486303 GYROSCOPE 0.14039612 0.07344055 0.10423279

1495739486304 MAGNETIC_FIELD -3.413391 -0.25177002 -52.1698

1495739486304 GRAVITY -7.135158 3.9288669 5.4611273

1495739486304 LINEAR_ACCELERATION 7.774573 0.78930545 4.579568

1495739486305 ROTATION_VECTOR 0.44359013 -0.15744139 -0.8707012

1495739486503 ACCELEROMETER 2.765213 3.5772552 8.474915

1495739486504 GYROSCOPE 0.044265747 0.07984924 -0.04850769

1495739486504 MAGNETIC_FIELD -1.8936157 -0.06561279 -52.34375

1495739486505 GRAVITY -6.7702127 4.197326 5.719883

1495739486505 LINEAR_ACCELERATION 7.2722344 0.73041105 4.598626

1495739486506 ROTATION_VECTOR 0.43677527 -0.13264431 -0.85980254

1495739486704 ACCELEROMETER 2.4184875 3.645523 8.513535

1495739486705 GYROSCOPE 0.027175903 0.09907532 -0.013259888

1495739486706 MAGNETIC_FIELD -1.449585 -0.3555298 -51.05591

1495739486706 LINEAR_ACCELERATION 4.62048 0.58189225 3.0420952

1495739486707 GRAVITY -3.5957913 4.6629324 7.842049

1495739486707 ROTATION_VECTOR -0.036478303 0.3143821 0.8129441

1495739486905 ACCELEROMETER 2.2430267 3.7616425 8.430923

1495739486905 GYROSCOPE 0.053878784 0.07984924 -0.005783081

1495739486906 MAGNETIC_FIELD -1.0177612 -1.3977051 -52.1286

1495739486907 GRAVITY -1.2726259 4.547539 8.594807

1495739486907 LINEAR_ACCELERATION 3.2234776 0.35011244 2.2818995

1495739486908 ROTATION_VECTOR 0.08967795 0.23182902 0.7757808

1495739487110 ACCELEROMETER 2.2161713 3.8270416 8.767548

1495739487111 GYROSCOPE -0.13304138 0.011489868 0.035873413

1495739487118 MAGNETIC_FIELD 0.019836426 -0.33721924 -51.457214

1495739487119 GRAVITY -1.1155603 4.427955 8.6786585

1495739487119 LINEAR_ACCELERATION 2.8703127 0.4035504 3.1762242

1495739487119 ROTATION_VECTOR 0.11539878 0.21022527 0.71111715

