1495739401844 GYROSCOPE 0.13505554 -0.03337097 0.087142944

1495739401847 MAGNETIC_FIELD 19.03534 -34.298706 -32.369995

1495739401848 GRAVITY 0.14939326 4.306021 8.809442

1495739401848 LINEAR_ACCELERATION 0.0 0.0 -0.0

1495739401849 ROTATION_VECTOR 0.0 0.0 0.0

1495739402044 ACCELEROMETER 0.19294739 4.324707 8.734161

1495739402045 GYROSCOPE 0.0143585205 -0.038711548 0.024124146

1495739402046 MAGNETIC_FIELD 17.347717 -35.980225 -33.026123

1495739402047 GRAVITY 0.20876148 4.4258046 8.74866

1495739402047 LINEAR_ACCELERATION -0.051683262 -0.013183594 -5.7411194E-4

1495739402048 ROTATION_VECTOR 0.105778225 0.20676903 0.88583255

1495739402245 ACCELEROMETER 0.15022278 4.3878784 8.682617

1495739402246 GYROSCOPE -0.018753052 0.045669556 0.015579224

1495739402247 MAGNETIC_FIELD 18.022156 -35.64453 -32.69806

1495739402248 GRAVITY 0.20858656 4.476754 8.722704

1495739402248 LINEAR_ACCELERATION -0.024632886 0.08082867 -0.11365509

1495739402249 ROTATION_VECTOR 0.104476884 0.21059555 0.88987476

1495739402446 ACCELEROMETER 0.19799805 4.5108185 8.536026

1495739402447 GYROSCOPE 0.03678894 0.01789856 0.011306763

1495739402448 MAGNETIC_FIELD 17.178345 -35.139465 -32.862854

1495739402448 LINEAR_ACCELERATION 0.04158297 0.015388489 0.018073082

1495739402449 GRAVITY 0.17880876 4.493501 8.714749

1495739402450 ROTATION_VECTOR 0.103135735 0.21221323 0.8902111

1495739402646 ACCELEROMETER 0.21565247 4.4632263 8.658295

1495739402648 GYROSCOPE 0.030380249 -0.0023956299 0.014511108

1495739402648 MAGNETIC_FIELD 17.008972 -34.635925 -32.69806

1495739402649 GRAVITY 0.17499128 4.5324426 8.694638

1495739402650 LINEAR_ACCELERATION -0.0043703318 -0.05111122 -0.0053281784

1495739402650 ROTATION_VECTOR 0.103208505 0.21458063 0.89084905

1495739402882 ACCELEROMETER 0.15783691 4.435684 8.570984

1495739402884 ACCELEROMETER 0.18984985 4.6026 8.516525

1495739402885 GYROSCOPE 0.14039612 -0.06541443 0.024124146

1495739402886 MAGNETIC_FIELD 16.864014 -35.48889 -31.584167

1495739402886 GRAVITY 0.23975025 4.692428 8.607789

1495739402887 LINEAR_ACCELERATION -0.049212724 -0.032574654 0.0050725937

1495739402887 ROTATION_VECTOR 0.108450875 0.2221786 0.8913109

1495739403083 ACCELEROMETER 0.0605011 4.554077 8.3980255

1495739403085 GYROSCOPE 0.016494751 0.02217102 0.0059661865

1495739403086 MAGNETIC_FIELD 17.955017 -36.5448 -32.391357

1495739403086 GRAVITY 0.21430099 4.7798414 8.560232

1495739403087 LINEAR_ACCELERATION -0.15384367 -0.14351988 -0.034505844

1495739403088 ROTATION_VECTOR 0.10605008 0.22869849 0.89526093

1495739403284 ACCELEROMETER 0.21376038 4.6694946 8.3971405

1495739403285 GYROSCOPE 0.048538208 -0.0034637451 -0.020736694

1495739403286 MAGNETIC_FIELD 17.663574 -37.138367 -30.708313

1495739403287 GRAVITY 0.20254506 4.811677 8.5426655

1495739403288 LINEAR_ACCELERATION 0.022086084 -0.053913116 0.015584946

1495739403288 ROTATION_VECTOR 0.10514309 0.23106325 0.8964489

1495739403485 ACCELEROMETER 0.060134888 4.608902 8.447205

1495739403486 GYROSCOPE -0.024093628 0.02217102 -0.036758423

1495739403487 MAGNETIC_FIELD 17.800903 -35.112 -30.747986

1495739403487 GRAVITY 0.12266979 4.784869 8.559227

1495739403488 LINEAR_ACCELERATION -0.07083667 -0.09640217 0.054439545

1495739403489 ROTATION_VECTOR 0.10109862 0.23104101 0.8961696

1495739403686 ACCELEROMETER 0.20039368 4.6903534 8.422241

1495739403687 GYROSCOPE -0.001663208 -0.025894165 -0.04637146

1495739403688 GRAVITY 0.12819919 4.76709 8.56906

1495739403689 MAGNETIC_FIELD 17.697144 -35.554504 -30.752563

1495739403689 LINEAR_ACCELERATION 0.08316529 0.01077795 0.002040863

1495739403690 ROTATION_VECTOR 0.10409127 0.2286143 0.89138573

1495739403887 ACCELEROMETER -0.062683105 4.597275 8.504288

1495739403887 GYROSCOPE 0.0036773682 -0.016281128 0.010238647

1495739403888 MAGNETIC_FIELD 19.638062 -35.421753 -32.444763

1495739403889 GRAVITY 0.07332282 4.7349563 8.5875025

1495739403889 LINEAR_ACCELERATION -0.14504863 -0.059298515 0.05392456

1495739403890 ROTATION_VECTOR 0.10202678 0.22748575 0.88965106

1495739404088 ACCELEROMETER -0.021438599 4.6266937 8.58551

1495739404088 GYROSCOPE 0.08378601 0.034988403 0.021987915

1495739404089 MAGNETIC_FIELD 18.359375 -36.01532 -32.0755

1495739404090 GRAVITY 0.040857363 4.7544475 8.576942

1495739404090 LINEAR_ACCELERATION -0.062101074 -0.07204437 0.12840366

1495739404091 ROTATION_VECTOR 0.09981727 0.22963916 0.89117587

1495739404289 ACCELEROMETER -0.064071655 4.6315765 8.423523

1495739404289 GYROSCOPE 0.04319763 0.0050811768 0.052963257

1495739404290 MAGNETIC_FIELD 19.02008 -36.0672 -30.941772

1495739404290 GRAVITY 0.004040255 4.8184004 8.541276

1495739404291 LINEAR_ACCELERATION -0.075725295 -0.11394215 0.0044202805

1495739404292 ROTATION_VECTOR 0.09757913 0.23450896 0.8932947

1495739404496 ACCELEROMETER -0.22053528 4.5265656 8.424484

1495739404497 GRAVITY -0.039329354 4.8000364 8.551519

1495739404497 LINEAR_ACCELERATION -0.18550594 -0.18311453 0.021904945

1495739404498 ROTATION_VECTOR 0.091201395 0.23595794 0.8995239

1495739404498 GYROSCOPE 0.023971558 0.024307251 0.10423279

1495739404498 MAGNETIC_FIELD 18.817139 -35.7666 -31.924438

1495739404696 LINEAR_ACCELERATION 0.07249269 -0.028782845 0.014391899

1495739404696 GRAVITY 0.030099833 4.8068776 8.547714

1495739404697 ROTATION_VECTOR 0.09281857 0.23573841 0.90231687

1495739404697 ACCELEROMETER 0.09088135 4.684967 8.387985

1495739404697 GYROSCOPE 4.7302246E-4 0.0040130615 0.013442993

1495739404698 MAGNETIC_FIELD 17.681885 -37.268066 -31.504822

1495739404897 GRAVITY 0.042214893 4.805111 8.5486555

1495739404899 LINEAR_ACCELERATION 0.036793508 -0.0080394745 0.010103226

1495739404900 ROTATION_VECTOR 0.09343727 0.2353919 0.90225244

1495739404901 ACCELEROMETER 0.0738678 4.701248 8.404282

1495739404902 GYROSCOPE 0.0036773682 8.087158E-4 -0.018600464

1495739404906 MAGNETIC_FIELD 17.428589 -36.706543 -30.677795

1495739405099 GRAVITY 0.007336105 4.809486 8.546296

1495739405102 LINEAR_ACCELERATION 0.07097343 0.03458643 0.11754036

1495739405108 ROTATION_VECTOR 0.09337514 0.23567192 0.8998629

1495739405110 ACCELEROMETER 0.07904053 4.7796173 8.555695

1495739405112 GYROSCOPE 0.015426636 0.047805786 -0.042099

1495739405114 MAGNETIC_FIELD 17.10968 -37.738037 -31.785583

1495739405304 GRAVITY -0.0015927958 4.840411 8.528822

1495739405307 LINEAR_ACCELERATION 4.069158E-5 -0.054964542 -0.054258347

1495739405309 ROTATION_VECTOR 0.0954186 0.2367412 0.89665633

1495739405311 ACCELEROMETER -0.0034637451 4.7071533 8.333328

1495739405313 GYROSCOPE 0.031448364 -0.054733276 0.011306763

1495739405316 MAGNETIC_FIELD 17.008972 -35.77118 -31.385803

1495739405513 ACCELEROMETER 0.012710571 4.703354 8.324539

1495739405516 GRAVITY 0.043583 4.8615513 8.516678

1495739405519 LINEAR_ACCELERATION -0.03592899 -0.068285465 -0.028617859

1495739405521 ROTATION_VECTOR 0.09907766 0.23654574 0.89482355

1495739405526 GYROSCOPE 0.016494751 -0.007736206 0.009170532

1495739405528 MAGNETIC_FIELD 18.713379 -35.824585 -32.263184

1495739405701 GRAVITY 0.06969472 4.863062 8.515642

1495739405701 LINEAR_ACCELERATION 0.05167251 -0.06971598 -0.004889488

1495739405702 ROTATION_VECTOR 0.10016525 0.23619911 0.8951391

1495739405702 ACCELEROMETER 0.11453247 4.687317 8.330505

1495739405703 GYROSCOPE 0.015426636 0.012557983 -0.0015106201

1495739405703 MAGNETIC_FIELD 17.570496 -36.78894 -31.604004

1495739405912 GRAVITY 0.052876323 4.8348875 8.531791

1495739405918 LINEAR_ACCELERATION -0.018868942 -0.08605337 0.0986948

1495739405920 ROTATION_VECTOR 0.09877581 0.23503846 0.8954771

1495739405923 ACCELEROMETER 0.037109375 4.6577454 8.456192

1495739405925 GYROSCOPE 0.015426636 -0.019485474 -0.025009155

1495739405927 MAGNETIC_FIELD 17.58728 -37.22992 -32.31659

1495739406114 ACCELEROMETER 0.04650879 4.574814 8.44046

1495739406120 GRAVITY 0.06045998 4.773242 8.566382

1495739406123 LINEAR_ACCELERATION -0.009597134 -0.10520649 0.041657448

1495739406125 ROTATION_VECTOR 0.09910754 0.23111422 0.8942871

1495739406127 GYROSCOPE -0.029434204 -0.02696228 -0.031417847

1495739406129 MAGNETIC_FIELD 18.286133 -35.655212 -33.262634

1495739406314 ACCELEROMETER 0.05960083 4.5914764 8.524551

1495739406321 GRAVITY 0.06735944 4.7137914 8.599188

1495739406323 LINEAR_ACCELERATION -0.008197993 -0.038670063 0.07815075

1495739406326 ROTATION_VECTOR 0.099365704 0.22735418 0.8931069

1495739406328 GYROSCOPE -0.0027313232 -0.0055999756 -0.0036468506

1495739406330 MAGNETIC_FIELD 19.11621 -36.77368 -31.503296

1495739406513 ACCELEROMETER 0.1096344 4.569351 8.508041

1495739406519 GYROSCOPE 0.028244019 0.010421753 -0.01966858

1495739406522 MAGNETIC_FIELD 18.333435 -36.006165 -32.04956

1495739406524 GRAVITY 0.07216175 4.703472 8.604796

1495739406526 LINEAR_ACCELERATION 0.03939919 -0.056957245 0.047317505

1495739406528 ROTATION_VECTOR 0.10061639 0.22617207 0.89116925

1495739406714 ACCELEROMETER 0.111328125 4.614929 8.468262

1495739406720 GRAVITY 0.064184204 4.7312126 8.589639

1495739406723 LINEAR_ACCELERATION 0.049624465 -0.03654766 0.019515991

1495739406725 ROTATION_VECTOR 0.10179886 0.22734842 0.88920087

1495739406727 GYROSCOPE 0.025039673 0.008285522 -0.016464233

1495739406730 MAGNETIC_FIELD 18.626404 -35.606384 -31.4682

1495739406912 ACCELEROMETER 0.03492737 4.6252594 8.459686

1495739406914 GRAVITY 0.027831934 4.7370853 8.5865965

1495739406917 LINEAR_ACCELERATION 0.0044315327 -0.03088808 0.019278526

1495739406919 ROTATION_VECTOR 0.100933835 0.2280741 0.8878425

1495739406921 GYROSCOPE 4.7302246E-4 0.023239136 -0.0079193115

1495739406923 MAGNETIC_FIELD 18.171692 -35.18524 -32.21283

1495739407116 ACCELEROMETER -0.09309387 4.5673676 8.637436

1495739407125 GRAVITY -0.057605207 4.680361 8.617498

1495739407128 LINEAR_ACCELERATION -0.037465565 -0.05614233 0.12760162

1495739407130 ROTATION_VECTOR 0.094906144 0.2272062 0.8896598

1495739407132 GYROSCOPE -0.009140015 0.056350708 0.012374878

1495739407135 MAGNETIC_FIELD 17.202759 -36.14502 -33.51288

1495739407311 ACCELEROMETER 0.05996704 4.602463 8.606323

1495739407324 GRAVITY -0.05473223 4.6568866 8.630226

1495739407326 LINEAR_ACCELERATION 0.11574742 -0.008842945 0.061415672

1495739407329 ROTATION_VECTOR 0.09463609 0.22588703 0.88977313

1495739407331 GYROSCOPE 4.7302246E-4 0.031784058 0.030532837

1495739407334 MAGNETIC_FIELD 18.351746 -35.295105 -32.048035

1495739407516 GRAVITY -0.045337714 4.6713963 8.622436

1495739407522 LINEAR_ACCELERATION 0.098085485 -0.00836134 -0.00874424

1495739407525 ROTATION_VECTOR 0.095360145 0.22646102 0.8896745

1495739407527 ACCELEROMETER 0.053527832 4.61409 8.52388

1495739407529 GYROSCOPE 0.017562866 0.029647827 -0.0025787354

1495739407532 MAGNETIC_FIELD 18.844604 -36.476135 -32.52716

1495739407721 ACCELEROMETER -0.012771606 4.665207 8.430557

1495739407727 GRAVITY -0.058626175 4.7414255 8.584045

1495739407729 LINEAR_ACCELERATION 0.044447307 -0.015393734 -0.04352188

1495739407732 ROTATION_VECTOR 0.09671241 0.23017864 0.8880261

1495739407734 GYROSCOPE 0.05921936 0.010421753 6.2561035E-4

1495739407736 MAGNETIC_FIELD 17.17987 -34.490967 -31.227112

1495739407922 ACCELEROMETER -0.011245728 4.704651 8.308884

1495739407929 GRAVITY -0.06431171 4.8281617 8.53552

1495739407931 LINEAR_ACCELERATION 0.052148104 -0.03980112 -0.07941818

1495739407933 ROTATION_VECTOR 0.09809234 0.23492017 0.8873397

1495739407936 GYROSCOPE 0.03892517 0.034988403 0.014511108

1495739407938 MAGNETIC_FIELD 17.86499 -36.817932 -31.878662

1495739408123 ACCELEROMETER -0.04534912 4.6619873 8.385757

1495739408129 GRAVITY -0.07119798 4.8339977 8.532162

1495739408132 LINEAR_ACCELERATION 0.02429831 -0.08151436 0.014556885

1495739408134 ROTATION_VECTOR 0.09651247 0.23593679 0.8894913

1495739408137 GYROSCOPE 0.007949829 8.087158E-4 0.009170532

1495739408139 MAGNETIC_FIELD 17.520142 -37.153625 -31.23169

1495739408324 ACCELEROMETER 0.11117554 4.77919 8.434341

1495739408330 GRAVITY -0.0024102952 4.8587837 8.518369

1495739408333 LINEAR_ACCELERATION 0.11391263 2.155304E-4 0.055049896

1495739408335 ROTATION_VECTOR 0.10072073 0.23566802 0.8886389

1495739408338 GYROSCOPE 0.03465271 0.006149292 0.02519226

1495739408340 MAGNETIC_FIELD 17.520142 -35.816956 -32.858276

1495739408522 GYROSCOPE 0.0036773682 0.0040130615 6.2561035E-4

1495739408528 GRAVITY -0.0027402767 4.8696127 8.512182

1495739408531 LINEAR_ACCELERATION -0.0083569335 -0.06099987 -0.006541252

1495739408533 ROTATION_VECTOR 0.09997894 0.23665099 0.8900375

1495739408535 MAGNETIC_FIELD 17.518616 -37.158203 -31.222534

1495739408726 ACCELEROMETER -0.011138916 4.720093 8.350571

1495739408729 GRAVITY -0.02215883 4.850676 8.52296

1495739408733 LINEAR_ACCELERATION -0.017878955 -0.03263712 -0.004749298

1495739408736 ROTATION_VECTOR 0.09800781 0.23631436 0.8912682

1495739408738 GYROSCOPE -0.01234436 0.02217102 0.024124146

1495739408740 MAGNETIC_FIELD 17.184448 -36.81488 -31.54602

1495739408922 ACCELEROMETER -0.038986206 4.7254486 8.354324

1495739408931 GRAVITY 0.02766588 4.9331594 8.475469

1495739408933 LINEAR_ACCELERATION 0.10473702 0.05952692 -0.1131897

1495739408936 ROTATION_VECTOR 0.10352857 0.2390674 0.8880994

1495739408938 GYROSCOPE 0.05281067 0.0029449463 0.012374878

1495739408940 MAGNETIC_FIELD 18.025208 -36.994934 -32.014465

1495739409126 ACCELEROMETER 0.12989807 4.8800964 8.172272

1495739409132 GRAVITY 0.031674366 4.9891315 8.442627

1495739409135 LINEAR_ACCELERATION -0.15519956 -0.098837376 0.15345287

1495739409137 ROTATION_VECTOR 0.10275187 0.2428742 0.89073706

1495739409139 GYROSCOPE 0.09767151 -0.07929993 0.026260376

1495739409141 MAGNETIC_FIELD 16.716003 -36.660767 -31.410217

1495739409326 ACCELEROMETER -0.12200928 4.79805 8.435364

1495739409332 GRAVITY 0.09240171 5.0503583 8.405697

1495739409335 LINEAR_ACCELERATION -0.021965675 -0.07092571 0.038017273

1495739409337 ROTATION_VECTOR 0.105159566 0.24570353 0.89268315

1495739409340 GYROSCOPE 0.016494751 0.023239136 0.02305603

1495739409342 MAGNETIC_FIELD 18.840027 -37.493896 -30.870056

1495739409521 ACCELEROMETER 0.069107056 4.8843994 8.28595

1495739409533 GRAVITY 0.05730635 5.053979 8.403832

1495739409536 LINEAR_ACCELERATION -0.0051195472 -0.08683109 -0.05343342

1495739409538 ROTATION_VECTOR 0.10221948 0.24713352 0.8945321

1495739409540 GYROSCOPE 0.01222229 0.025375366 -0.0068511963

1495739409543 MAGNETIC_FIELD 17.198181 -37.841797 -30.575562

1495739409729 ACCELEROMETER 0.048934937 4.847336 8.152725

1495739409735 GRAVITY 0.038748108 4.9783773 8.448943

1495739409737 LINEAR_ACCELERATION -0.04544391 -0.09016132 0.12928104

1495739409740 ROTATION_VECTOR 0.10037548 0.24320474 0.8946367

1495739409742 GYROSCOPE -0.027297974 -0.048324585 -0.02180481

1495739409744 MAGNETIC_FIELD 17.678833 -35.98633 -31.097412

1495739409920 GRAVITY 0.08976179 4.928653 8.47766

1495739409923 LINEAR_ACCELERATION 0.003341034 -0.048213482 0.0318861

1495739409926 ACCELEROMETER -0.002609253 4.7900543 8.407776

1495739409928 ROTATION_VECTOR 0.10375667 0.23873459 0.89237154

1495739409930 GYROSCOPE -0.001663208 -0.048324585 -0.043167114

1495739409932 MAGNETIC_FIELD 17.893982 -36.878967 -30.278015

1495739410121 GRAVITY 0.0835697 4.9133754 8.486587

1495739410124 LINEAR_ACCELERATION -0.050277367 -0.043673992 0.07414913

1495739410126 ROTATION_VECTOR 0.10474636 0.23734516 0.89004743

1495739410128 ACCELEROMETER 0.08592224 4.779419 8.344711

1495739410130 GYROSCOPE 0.021835327 -0.008804321 -0.015396118

1495739410133 MAGNETIC_FIELD 17.593384 -36.820984 -32.206726

1495739410324 GRAVITY 0.052064568 4.9257164 8.479682

1495739410327 LINEAR_ACCELERATION -0.021841954 -0.039196968 0.07818222

1495739410330 ROTATION_VECTOR 0.10359864 0.23858729 0.88970226

1495739410332 ACCELEROMETER 0.031936646 4.781708 8.40892

1495739410334 GYROSCOPE 0.030380249 0.029647827 0.010238647

1495739410336 MAGNETIC_FIELD 18.000793 -36.97052 -31.385803

1495739410547 GRAVITY 0.03244272 4.969436 8.454232

1495739410554 LINEAR_ACCELERATION 0.020182509 -0.06696415 -0.025137901

1495739410556 ROTATION_VECTOR 0.10331225 0.24141398 0.8895497

1495739410562 ACCELEROMETER 0.033203125 4.8134003 8.418457

1495739410566 GYROSCOPE 0.044265747 0.008285522 -0.005783081

1495739410575 MAGNETIC_FIELD 17.019653 -36.709595 -32.00836

1495739410721 GRAVITY 0.057681665 5.0056944 8.432679

1495739410722 LINEAR_ACCELERATION 0.045403935 -0.030156136 0.013165474

1495739410722 ROTATION_VECTOR 0.10606364 0.24249436 0.887916

1495739410722 ACCELEROMETER 0.05079651 4.810562 8.277573

1495739410723 GYROSCOPE 0.015426636 -0.019485474 -0.008987427

1495739410723 MAGNETIC_FIELD 17.889404 -36.857605 -31.280518

1495739410929 ACCELEROMETER 0.1003418 4.8849945 8.288193

1495739410936 GRAVITY 0.0747797 5.0088754 8.430656

1495739410938 LINEAR_ACCELERATION -0.017623655 -0.05389929 -0.020217896

1495739410940 ROTATION_VECTOR 0.10736808 0.24213274 0.88724345

1495739410943 GYROSCOPE 0.006881714 -0.0045318604 0.019851685

1495739410945 MAGNETIC_FIELD 17.42096 -35.7193 -30.848694

1495739411129 ACCELEROMETER 0.05911255 4.851639 8.238647

1495739411137 GRAVITY 0.10284979 5.0300484 8.417745

1495739411139 LINEAR_ACCELERATION 0.04750508 0.0015592575 0.047135353

1495739411141 ROTATION_VECTOR 0.10894348 0.24278755 0.88734466

1495739411144 GYROSCOPE 0.030380249 0.01576233 0.0070343018

1495739411146 MAGNETIC_FIELD 18.141174 -37.184143 -30.46875

1495739411331 ACCELEROMETER 0.14337158 4.9349976 8.310654

1495739411337 GRAVITY 0.067285895 5.0469365 8.4079895

1495739411339 LINEAR_ACCELERATION -0.03786794 -0.074650764 0.067606926

1495739411342 ROTATION_VECTOR 0.10676613 0.24477097 0.8883696

1495739411344 GYROSCOPE 0.0410614 0.025375366 0.029464722

1495739411346 MAGNETIC_FIELD 18.243408 -36.74164 -30.79071

1495739411520 ACCELEROMETER 0.026412964 4.887909 8.3233185

1495739411521 GYROSCOPE -0.011276245 0.032852173 0.0059661865

1495739411522 MAGNETIC_FIELD 17.8833 -37.557983 -30.566406

1495739411523 GRAVITY -0.0048950985 5.037969 8.413634

1495739411523 LINEAR_ACCELERATION -0.081213854 -0.052414417 0.06259918

1495739411523 ROTATION_VECTOR 0.101223305 0.24653175 0.8912486

1495739411732 ACCELEROMETER -0.079589844 4.907257 8.3316345

1495739411739 GYROSCOPE -0.008071899 0.0050811768 0.003829956

1495739411741 MAGNETIC_FIELD 18.945313 -37.68158 -29.762268

1495739411746 GRAVITY -0.013849714 5.044758 8.409555

1495739411749 LINEAR_ACCELERATION 0.03586997 0.022604942 -0.06541157

1495739411752 ROTATION_VECTOR 0.10181903 0.24670814 0.8898268

1495739411929 ACCELEROMETER 0.016235352 4.9646606 8.18251

1495739411933 GYROSCOPE -0.107406616 0.054214478 -0.013259888

1495739411936 MAGNETIC_FIELD 17.608643 -37.887573 -30.509949

1495739411938 GRAVITY -0.11759425 4.9303827 8.476313

1495739411940 LINEAR_ACCELERATION -0.09472617 -0.059800148 -0.028944016

1495739411943 ROTATION_VECTOR 0.093767986 0.242973 0.89219743

1495739412139 GRAVITY -0.3637453 4.9525867 8.456356

1495739412146 LINEAR_ACCELERATION 1.271807 0.043616295 -0.12917519

1495739412158 ROTATION_VECTOR 0.090787895 0.24617755 0.87846947

1495739412175 ACCELEROMETER -0.16145325 4.7866364 8.318893

1495739412178 GYROSCOPE 0.14146423 0.011489868 -0.50886536

1495739412180 MAGNETIC_FIELD 18.309021 -38.46588 -31.182861

1495739412323 ACCELEROMETER 0.9020233 4.8419037 7.8532257

1495739412324 GYROSCOPE -0.80381775 -0.55888367 -0.005783081

1495739412325 MAGNETIC_FIELD 20.411682 -36.380005 -30.380249

1495739412325 GRAVITY -0.1074552 4.4218807 8.752475

1495739412326 LINEAR_ACCELERATION 0.5665164 0.30643559 -2.4888287

1495739412326 ROTATION_VECTOR 0.100311734 0.20901088 0.8664991

1495739412524 ACCELEROMETER 0.54670715 4.6194153 6.227234

1495739412525 GYROSCOPE -0.49513245 -0.028030396 0.69062805

1495739412525 MAGNETIC_FIELD 13.896179 -33.355713 -35.958862

1495739412526 GRAVITY 0.82059157 3.3408885 9.1834345

1495739412526 LINEAR_ACCELERATION 1.3516253 1.4035571 -1.8793726

1495739412527 ROTATION_VECTOR 0.115202904 0.13602726 0.88089406

1495739412736 ACCELEROMETER 2.1657104 4.365631 6.861328

1495739412744 GRAVITY 2.0188112 2.6820714 9.214189

1495739412756 LINEAR_ACCELERATION 0.30479681 -1.366385 -3.1968498

1495739412760 ROTATION_VECTOR 0.14896078 0.089542136 0.91294116

1495739412760 GYROSCOPE 0.021835327 -0.589859 1.0484467

1495739412760 MAGNETIC_FIELD 8.79364 -32.235718 -38.648987

1495739412926 ACCELEROMETER 2.6443481 1.2222137 5.567795

1495739412927 GYROSCOPE -0.62117004 -3.2921906 3.3117828

1495739412928 MAGNETIC_FIELD -2.5604248 -30.786133 -40.081787

1495739412928 GRAVITY 6.3675947 0.97108877 7.3946676

1495739412928 LINEAR_ACCELERATION 3.455995 -0.5522766 0.70527506

1495739412929 ROTATION_VECTOR 0.35062966 -0.0059765866 0.92325044

1495739413127 ACCELEROMETER 9.558899 0.6443329 8.074753

1495739413128 GYROSCOPE -2.1613922 1.3039093 -3.9759674

1495739413128 MAGNETIC_FIELD -33.857727 -10.8078 -34.436035

1495739413129 GRAVITY 7.4166694 -0.30390608 6.40867

1495739413129 LINEAR_ACCELERATION -2.659872 7.149476 7.0623813

1495739413130 ROTATION_VECTOR 0.40276912 -0.105003856 0.88850325

1495739413328 ACCELEROMETER 5.326523 6.4309387 12.384476

1495739413328 GYROSCOPE 0.11689758 -1.5992279 -3.7046661

1495739413329 MAGNETIC_FIELD -35.583496 -14.862061 -28.33252

1495739413329 GRAVITY 6.271118 3.4489484 6.704344

1495739413330 LINEAR_ACCELERATION 10.997068 -1.0185437 -6.2348933

1495739413330 ROTATION_VECTOR 0.394328 -0.051759414 0.73956645

1495739413529 ACCELEROMETER 14.294174 2.533081 1.787384

1495739413529 GYROSCOPE -4.0647736 -0.49479675 -0.7662811

1495739413530 MAGNETIC_FIELD -8.006287 -28.959656 -38.710022

1495739413530 GRAVITY 5.221612 2.8496428 7.796454

1495739413531 LINEAR_ACCELERATION -11.242685 1.10817 7.569127

1495739413531 ROTATION_VECTOR 0.26991346 -0.17215751 0.4570678

1495739413741 GRAVITY 7.638228 -0.37525207 6.138978

1495739413746 LINEAR_ACCELERATION 5.1957827 5.0080137 -5.2453213

1495739413750 ROTATION_VECTOR 0.15635635 -0.4031773 0.36687535

1495739413755 ACCELEROMETER -4.3213654 3.967453 13.309662

1495739413759 GYROSCOPE -0.23878479 -2.4216766 0.6927643

1495739413761 MAGNETIC_FIELD -30.067444 -19.836426 -34.60083

1495739413941 GRAVITY 9.094718 -0.10558755 3.6667883

1495739413947 LINEAR_ACCELERATION -0.4818697 0.60239273 -7.4258165

1495739413950 ROTATION_VECTOR 0.22488351 -0.5123214 0.34192088

1495739413954 ACCELEROMETER 13.088928 4.4192505 0.9818878

1495739413956 GYROSCOPE 1.1177216 -0.17970276 -0.2952423

1495739413959 MAGNETIC_FIELD -40.255737 -17.700195 -24.829102

1495739414142 GRAVITY 9.306272 0.86692786 2.9685245

1495739414148 LINEAR_ACCELERATION 0.25767422 4.2571735 -2.4841435

1495739414151 ROTATION_VECTOR 0.25671226 -0.5317388 0.28195658

1495739414154 ACCELEROMETER 8.143311 0.8656006 -3.729782

1495739414156 GYROSCOPE -0.5709686 -0.40187073 -0.2941742

1495739414160 MAGNETIC_FIELD -38.972473 -23.35968 -17.056274

1495739414341 GRAVITY 9.573973 0.8174727 1.9598922

1495739414348 LINEAR_ACCELERATION -0.7662935 3.4950852 -3.8174887

1495739414350 ROTATION_VECTOR 0.27344808 -0.5703503 0.27422008

1495739414353 ACCELEROMETER 9.118179 4.9988556 0.07272339

1495739414356 GYROSCOPE -0.44599915 -0.5407257 0.22920227

1495739414359 MAGNETIC_FIELD -40.226746 -23.37799 -15.209961

1495739414546 ACCELEROMETER 8.372147 4.3410034 -1.7447662

1495739414550 GYROSCOPE -0.04118347 -0.19465637 0.029464722

1495739414553 MAGNETIC_FIELD -42.100525 -20.951843 -12.188721

1495739414556 GRAVITY 9.71868 0.69133514 1.1134156

1495739414559 LINEAR_ACCELERATION -0.7934189 3.910411 -2.9831

1495739414561 ROTATION_VECTOR 0.2797784 -0.6041156 0.2647381

1495739414748 ACCELEROMETER 8.456146 4.4846954 -2.0446167

1495739414752 GYROSCOPE -0.11274719 -0.21601868 0.217453

1495739414755 GRAVITY 9.769279 0.6222767 0.5868306

1495739414758 LINEAR_ACCELERATION -0.36198902 3.393882 -2.3847075

1495739414761 ROTATION_VECTOR 0.29075474 -0.62092 0.26617438

1495739414764 MAGNETIC_FIELD -43.025208 -19.963074 -11.286926

1495739414934 ACCELEROMETER 8.904373 3.971527 -1.8975067

1495739414935 GYROSCOPE -0.13945007 -0.14872742 0.032669067

1495739414936 MAGNETIC_FIELD -44.955444 -17.55371 -9.797668

1495739414936 LINEAR_ACCELERATION -0.46049786 3.2787352 -2.5483456

1495739414937 GRAVITY 9.791013 0.54514086 0.096338086

1495739414937 ROTATION_VECTOR 0.3047506 -0.6342044 0.2716788

1495739415135 ACCELEROMETER 8.763947 3.7823029 -2.368988

1495739415136 GYROSCOPE 0.025039673 0.05101013 0.1330719

1495739415137 MAGNETIC_FIELD -45.124817 -17.449951 -9.828186

1495739415137 GRAVITY 9.789757 0.56265926 -0.12028662

1495739415138 LINEAR_ACCELERATION -0.25152206 3.2588494 -2.2412627

1495739415138 ROTATION_VECTOR 0.3248377 -0.63294023 0.2844737

1495739415336 ACCELEROMETER 8.996185 3.7704163 -2.402237

1495739415337 GYROSCOPE 0.14146423 0.008285522 0.15122986

1495739415338 MAGNETIC_FIELD -44.551086 -15.470886 -7.9574585

1495739415338 LINEAR_ACCELERATION -0.6109829 3.0492465 -2.278005

1495739415338 GRAVITY 9.794312 0.45188853 -0.19402039

1495739415339 ROTATION_VECTOR 0.35002947 -0.6223919 0.3146835

