1492572347218 ACCELEROMETER -6.4630127 -5.283264 5.159424

1492572347243 GYROSCOPE -0.78167725 1.6930542 0.031982422

1492572347303 MAGNETIC_FIELD 20.663452 35.105896 -20.098877

1492572347319 GRAVITY -5.4585996 -5.290082 6.1958947

1492572347320 LINEAR_ACCELERATION -0.56624126 -0.14108276 0.4599638

1492572347322 ROTATION_VECTOR -0.14801723 0.40272596 -0.3662631

1492572347413 ACCELEROMETER -10.231949 -4.159973 4.1459503

1492572347446 GYROSCOPE -0.71302795 1.2384338 0.8504791

1492572347519 GRAVITY -7.860748 -5.2734933 2.5630636

1492572347523 LINEAR_ACCELERATION -3.132308 -0.20990372 1.1340961

1492572347524 ROTATION_VECTOR -0.18030429 0.58035374 -0.22684413

1492572347546 MAGNETIC_FIELD 31.440735 31.77948 -6.437683

1492572347634 ACCELEROMETER -7.038452 -3.0268555 1.9049377

1492572347635 GYROSCOPE -0.5369568 0.1275177 -0.13417053

1492572347700 MAGNETIC_FIELD 29.359436 33.831787 -0.19378662

1492572347719 GRAVITY -9.054978 -3.4535074 1.5003464

1492572347720 LINEAR_ACCELERATION 2.6838036 2.1932907 0.069279194

1492572347722 ROTATION_VECTOR -0.19842355 0.6197836 -0.04137897

1492572347830 ACCELEROMETER -9.026962 -5.9191895 1.106247

1492572347831 GYROSCOPE -0.68063354 0.5024414 -0.38606262

1492572347895 MAGNETIC_FIELD 29.130554 33.403015 7.495117

1492572347919 GRAVITY -8.423546 -4.978645 0.65372884

1492572347920 LINEAR_ACCELERATION -0.92081165 -2.1193657 0.9178883

1492572347922 ROTATION_VECTOR -0.33865172 0.5932825 -0.011045067

1492572348026 ACCELEROMETER -4.4554443 -2.7515259 0.023925781

1492572348027 GYROSCOPE 0.29360962 0.98246765 0.030670166

1492572348091 MAGNETIC_FIELD 19.914246 40.6662 7.2998047

1492572348119 GRAVITY -8.597849 -4.514134 -1.3674681

1492572348120 LINEAR_ACCELERATION 7.4466076 2.4428353 -2.144615

1492572348122 ROTATION_VECTOR -0.34422705 0.671736 -0.0065055806

1492572348221 ACCELEROMETER -7.0068665 -8.136414 -3.8524628

1492572348224 GYROSCOPE -0.36575317 1.8619385 -1.4301758

1492572348286 MAGNETIC_FIELD 11.274719 41.186523 15.219116

1492572348319 GRAVITY -6.9487295 -6.636967 -1.9586258

1492572348320 LINEAR_ACCELERATION -2.6726246 -1.4793057 -0.542101

1492572348322 ROTATION_VECTOR -0.36598 0.68258387 -0.16890302

1492572348482 ACCELEROMETER -3.4379272 -6.581497 -3.6035461

1492572348483 GYROSCOPE 0.71884155 2.3065338 -0.47323608

1492572348519 GRAVITY -4.4820237 -7.3738613 -4.6591873

1492572348520 LINEAR_ACCELERATION -1.1659942 -0.54660845 1.5198193

1492572348522 ROTATION_VECTOR -0.4098277 0.7547143 -0.25773144

1492572348547 MAGNETIC_FIELD -0.46081543 45.4834 6.5689087

1492572348677 ACCELEROMETER -1.9430237 -9.21817 -6.5434875

1492572348678 GYROSCOPE -0.011489868 1.0598145 -0.32551575

1492572348719 GRAVITY -1.1841278 -8.429728 -4.869078

1492572348720 LINEAR_ACCELERATION 0.252007 -1.8661623 -4.7608223

1492572348722 ROTATION_VECTOR -0.2660129 0.8230984 -0.45132357

1492572348743 MAGNETIC_FIELD 0.76293945 45.806885 11.0321045

1492572348874 ACCELEROMETER -3.2428436 -8.196503 -5.188919

1492572348874 GYROSCOPE 0.12004089 0.20137024 0.05430603

1492572348923 GRAVITY -1.9621775 -7.771851 -5.649653

1492572348924 LINEAR_ACCELERATION -0.0319618 0.26803923 0.06506348

1492572348925 ROTATION_VECTOR -0.3224129 0.8271046 -0.37496045

1492572348938 MAGNETIC_FIELD -2.2750854 45.21942 6.706238

1492572349069 ACCELEROMETER -1.7720184 -9.088852 -3.6194153

1492572349069 GYROSCOPE 0.75431824 0.41261292 -0.019866943

1492572349119 GRAVITY -1.1137598 -8.414269 -4.91223

1492572349120 LINEAR_ACCELERATION -1.1949408 -0.5377321 -2.1149993

1492572349122 ROTATION_VECTOR -0.28593355 0.81773835 -0.4458362

1492572349134 MAGNETIC_FIELD -3.6026 47.317505 -3.3218384

1492572349264 ACCELEROMETER -0.83950806 -9.879532 -3.013794

1492572349265 GYROSCOPE 0.71383667 0.14251709 -1.2677917

1492572349319 GRAVITY -0.68966824 -9.24024 -3.211339

1492572349320 LINEAR_ACCELERATION -1.6640998 -0.4020214 -0.9886129

1492572349322 ROTATION_VECTOR -0.23317035 0.7806179 -0.541734

1492572349329 MAGNETIC_FIELD -18.429565 44.25354 -2.6428223

1492572349459 ACCELEROMETER -0.083862305 -9.692657 -2.0909576

1492572349460 GYROSCOPE -0.23161316 -2.0072021 -0.8180237

1492572349519 GRAVITY 2.1031013 -8.929705 -3.4652178

1492572349520 LINEAR_ACCELERATION -0.8679817 -4.187915 -0.09636116

1492572349522 ROTATION_VECTOR -0.4213169 0.70651895 -0.54212993

1492572349525 MAGNETIC_FIELD -17.900085 43.589783 -2.0111084

1492572349656 ACCELEROMETER 0.15818787 -10.049286 -6.1443634

1492572349658 GYROSCOPE -0.07397461 -0.4119873 1.1497955

1492572349719 GRAVITY 0.97081155 -9.247479 -3.1164134

1492572349720 LINEAR_ACCELERATION -1.3206682 1.1168566 2.6128585

1492572349720 MAGNETIC_FIELD -9.703064 44.145203 6.866455

1492572349724 ROTATION_VECTOR -0.5210965 0.65647644 -0.35332176

1492572349850 ACCELEROMETER -1.0726166 -9.548019 -1.6087799

1492572349851 GYROSCOPE 0.20039368 -2.1382294 -1.7697296

1492572349916 MAGNETIC_FIELD -24.632263 41.229248 3.3096313

1492572349919 GRAVITY 0.6428561 -9.423624 -2.6367455

1492572349920 LINEAR_ACCELERATION 0.094735146 -0.85677814 0.10264468

1492572349922 ROTATION_VECTOR -0.616147 0.5047767 -0.4141088

1492572350046 ACCELEROMETER 0.9960327 -10.057068 -2.3500519

1492572350047 GYROSCOPE 0.28607178 0.51368713 -0.29270935

1492572350111 MAGNETIC_FIELD -25.465393 41.91284 -1.5838623

1492572350246 ACCELEROMETER 1.8388367 -10.213257 0.60165405

1492572350277 GYROSCOPE 0.62612915 1.0371552 0.01260376

1492572350316 MAGNETIC_FIELD -23.878479 39.733887 -11.430359

1492572350332 GRAVITY 1.0694851 -9.562096 -1.8954988

1492572350338 LINEAR_ACCELERATION 0.65024316 -0.14007664 0.08395219

1492572350341 ROTATION_VECTOR -0.5540453 0.5382168 -0.49042478

1492572350437 ACCELEROMETER 1.1179504 -9.400101 0.31472778

1492572350438 GYROSCOPE 0.1761322 0.13124084 -0.09403992

1492572350502 MAGNETIC_FIELD -26.602173 40.675354 -11.825562

1492572350519 GRAVITY 1.3234177 -9.709762 -0.3734705

1492572350520 LINEAR_ACCELERATION -0.3340987 0.058973312 2.340461

1492572350522 ROTATION_VECTOR -0.46177158 0.55299973 -0.58747953

1492572350639 ACCELEROMETER 1.2630005 -10.054672 0.122543335

1492572350658 GYROSCOPE -0.17181396 -0.7832184 -0.13825989

1492572350719 GRAVITY 1.6246012 -9.652223 -0.6046943

1492572350730 LINEAR_ACCELERATION -0.42204785 -0.30714703 1.2774739

1492572350731 ROTATION_VECTOR -0.5029778 0.52710927 -0.56716156

1492572350763 MAGNETIC_FIELD -26.953125 40.238953 -7.3379517

1492572350893 ACCELEROMETER 2.7710724 -9.439026 -0.46896362

1492572350894 GYROSCOPE -0.33351135 -0.30880737 -0.052474976

1492572350919 GRAVITY 1.5902445 -9.610607 -1.1303673

1492572350920 LINEAR_ACCELERATION 0.9713166 0.9775276 0.7560084

1492572350922 ROTATION_VECTOR -0.53413355 0.5218563 -0.5362302

1492572350959 MAGNETIC_FIELD -28.962708 40.122986 -4.336548

1492572351089 ACCELEROMETER 1.8347473 -9.761963 -1.0945282

1492572351093 GYROSCOPE -0.012939453 -0.028564453 0.020599365

1492572351119 GRAVITY 1.6783707 -9.547366 -1.4836625

1492572351121 LINEAR_ACCELERATION -0.22444177 -0.5699148 0.6039227

1492572351122 ROTATION_VECTOR -0.55454725 0.51780605 -0.5203062

1492572351154 MAGNETIC_FIELD -27.890015 39.73694 -3.6254883

1492572351285 ACCELEROMETER 1.8272095 -9.756622 -1.0952759

1492572351285 GYROSCOPE 0.005432129 0.12940979 0.053222656

1492572351319 GRAVITY 1.6604167 -9.544194 -1.5237321

1492572351327 LINEAR_ACCELERATION 0.25165975 -0.32084656 0.5641043

1492572351332 ROTATION_VECTOR -0.5484657 0.5261882 -0.523612

1492572351350 MAGNETIC_FIELD -28.137207 41.28418 -4.042053

1492572351480 ACCELEROMETER 1.7292786 -9.795822 -0.8640747

1492572351481 GYROSCOPE 0.010726929 0.061676025 0.03453064

1492572351519 GRAVITY 1.6121393 -9.563946 -1.4499439

1492572351520 LINEAR_ACCELERATION 0.22493792 -0.15626812 0.55095124

1492572351522 ROTATION_VECTOR -0.533321 0.5380477 -0.5335225

1492572351546 MAGNETIC_FIELD -27.360535 39.68048 -3.95813

1492572351676 ACCELEROMETER 1.7614594 -9.771347 -0.7727356

1492572351677 GYROSCOPE 0.015213013 0.017242432 0.033416748

1492572351719 GRAVITY 1.584072 -9.586693 -1.3253038

1492572351720 LINEAR_ACCELERATION 0.18484879 -0.18628693 0.50341415

1492572351722 ROTATION_VECTOR -0.52065104 0.5445128 -0.54301566

1492572351741 MAGNETIC_FIELD -27.059937 39.68048 -4.48761

1492572351871 ACCELEROMETER 1.701767 -9.766647 -0.82518005

1492572351872 GYROSCOPE -0.0035552979 -0.0019226074 0.020095825

1492572351919 GRAVITY 1.5842788 -9.611282 -1.1330088

1492572351920 LINEAR_ACCELERATION 0.17684686 -0.08595848 0.34081972

1492572351922 ROTATION_VECTOR -0.51296085 0.5428062 -0.5511814

1492572351936 MAGNETIC_FIELD -26.953125 39.613342 -4.4403076

1492572352067 ACCELEROMETER 1.629425 -9.779541 -0.8807678

1492572352067 GYROSCOPE -0.01637268 6.4086914E-4 0.022613525

1492572352119 GRAVITY 1.5786271 -9.620856 -1.0570931

1492572352120 LINEAR_ACCELERATION 0.030626416 -0.09523964 0.23645139

1492572352122 ROTATION_VECTOR -0.5091247 0.54285246 -0.5547281

1492572352132 MAGNETIC_FIELD -26.428223 40.12909 -4.7958374

1492572352262 ACCELEROMETER 1.6287689 -9.781647 -0.8807831

1492572352263 GYROSCOPE -0.0256958 -0.009902954 0.0040893555

1492572352319 GRAVITY 1.5608271 -9.626628 -1.0306467

1492572352320 LINEAR_ACCELERATION 0.14526272 -0.06680012 0.16673326

1492572352322 ROTATION_VECTOR -0.50278217 0.547502 -0.55875134

1492572352327 MAGNETIC_FIELD -26.52893 39.526367 -3.6697388

1492572352458 ACCELEROMETER 1.7028503 -9.779709 -0.88575745

1492572352461 GYROSCOPE -0.01826477 -0.020141602 0.0015869141

1492572352519 GRAVITY 1.5655227 -9.626691 -1.0229133

1492572352520 LINEAR_ACCELERATION -0.014301419 -0.09434986 0.14625823

1492572352522 ROTATION_VECTOR -0.5003855 0.54933447 -0.560654

1492572352523 MAGNETIC_FIELD -27.053833 39.546204 -4.8980713

1492572352654 ACCELEROMETER 1.7083282 -9.775604 -0.92510986

1492572352654 GYROSCOPE -0.015686035 0.007583618 0.006515503

1492572352719 MAGNETIC_FIELD -27.165222 38.81378 -4.602051

1492572352721 GRAVITY 1.6104301 -9.621323 -1.0035179

1492572352721 LINEAR_ACCELERATION 0.088989615 -0.028162956 0.064622045

1492572352722 ROTATION_VECTOR -0.49442175 0.55381614 -0.56656617

1492572352850 ACCELEROMETER 1.7262115 -9.753494 -0.9575653

1492572352852 GYROSCOPE -0.016952515 -0.024536133 0.012298584

1492572352980 MAGNETIC_FIELD -27.946472 38.949585 -5.378723

1492572353110 ACCELEROMETER 1.7093506 -9.762436 -0.96318054

1492572353110 GYROSCOPE -0.012832642 0.0058288574 0.008102417

1492572353119 GRAVITY 1.6234276 -9.617964 -1.0147111

1492572353121 LINEAR_ACCELERATION 0.082452774 0.0023345947 0.0643816

1492572353126 ROTATION_VECTOR -0.49108618 0.5572883 -0.5689877

1492572353175 MAGNETIC_FIELD -26.53656 39.63623 -4.3777466

1492572353308 ACCELEROMETER 1.7029877 -9.780518 -0.9601288

1492572353311 GYROSCOPE -0.0047302246 0.016494751 0.015335083

1492572353323 GRAVITY 1.6250114 -9.618659 -1.005542

1492572353331 LINEAR_ACCELERATION 0.062705874 -0.04534149 0.05837679

1492572353333 ROTATION_VECTOR -0.4859691 0.56133986 -0.57241327

1492572353372 MAGNETIC_FIELD -26.460266 40.353394 -4.019165

1492572353504 ACCELEROMETER 1.6628113 -9.762131 -0.95396423

1492572353505 GYROSCOPE -0.0016784668 0.0049743652 0.016403198

1492572353519 GRAVITY 1.6117874 -9.622455 -0.99040383

1492572353520 LINEAR_ACCELERATION 0.028101563 -0.010409355 0.014703631

1492572353522 ROTATION_VECTOR -0.48194027 0.56411886 -0.5746932

1492572353568 MAGNETIC_FIELD -26.698303 39.508057 -3.465271

1492572353724 GRAVITY 1.5983701 -9.626649 -0.97119755

1492572353727 LINEAR_ACCELERATION -0.0170089 -0.0036745071 0.07804352

1492572353728 ROTATION_VECTOR -0.48061445 0.564382 -0.57537526

1492572353758 ACCELEROMETER 1.624939 -9.781326 -0.93618774

1492572353759 GYROSCOPE -0.0073547363 0.014984131 0.0034179688

1492572353760 MAGNETIC_FIELD -27.246094 40.20691 -4.1152954

1492572353888 ACCELEROMETER 1.6759491 -9.765472 -0.98843384

1492572353892 GYROSCOPE -0.0074005127 0.027801514 -8.8500977E-4

1492572353924 GRAVITY 1.5953301 -9.627162 -0.9711127

1492572353928 LINEAR_ACCELERATION -0.0048429966 -0.014775276 0.03537923

1492572353930 ROTATION_VECTOR -0.4778882 0.5666885 -0.57692784

1492572353954 MAGNETIC_FIELD -27.474976 39.770508 -4.373169

1492572354087 ACCELEROMETER 1.7038574 -9.77005 -0.99435425

1492572354093 GYROSCOPE -0.009399414 0.057876587 -0.002243042

1492572354124 GRAVITY 1.6283633 -9.620046 -0.98668474

1492572354128 LINEAR_ACCELERATION 0.115991235 0.0015172958 -0.11522317

1492572354130 ROTATION_VECTOR -0.47329095 0.57122904 -0.5805378

1492572354152 MAGNETIC_FIELD -26.399231 39.183044 -4.33197

1492572354286 ACCELEROMETER 1.7460175 -9.738083 -0.9632416

1492572354293 GYROSCOPE -0.011062622 0.07022095 -0.003479004

1492572354328 GRAVITY 1.6556963 -9.616194 -0.97870934

1492572354332 LINEAR_ACCELERATION 0.095140815 0.018025398 -0.0017826557

1492572354335 ROTATION_VECTOR -0.46860695 0.57472414 -0.5843597

1492572354353 MAGNETIC_FIELD -26.576233 39.385986 -5.657959

1492572354476 ACCELEROMETER 1.8218231 -9.735672 -0.8837433

1492572354481 GYROSCOPE -0.006149292 0.056228638 0.0064086914

1492572354528 GRAVITY 1.6905593 -9.611714 -0.96298623

1492572354533 LINEAR_ACCELERATION 0.07496309 0.010479927 0.04598081

1492572354540 ROTATION_VECTOR -0.462688 0.5788078 -0.5892062

1492572354543 MAGNETIC_FIELD -26.940918 39.74762 -5.5999756

1492572354673 ACCELEROMETER 1.7554932 -9.763214 -0.8968353

1492572354724 GYROSCOPE -0.009994507 0.023605347 0.013214111

1492572354724 GRAVITY 1.718282 -9.60992 -0.9313128

1492572354725 LINEAR_ACCELERATION 0.11638224 0.008090019 0.075435996

1492572354725 ROTATION_VECTOR -0.4584255 0.580801 -0.5931437

1492572354735 MAGNETIC_FIELD -26.507568 39.634705 -6.285095

1492572354865 ACCELEROMETER 1.7660522 -9.773666 -0.9451294

1492572354865 GYROSCOPE -0.005569458 -0.024871826 0.009628296

1492572354926 GRAVITY 1.7002754 -9.613463 -0.9277819

1492572354929 LINEAR_ACCELERATION -0.015950441 -0.027539253 0.060300827

1492572354932 ROTATION_VECTOR -0.4556769 0.5828055 -0.59412134

1492572354934 MAGNETIC_FIELD -26.937866 39.613342 -5.067444

1492572355124 GRAVITY 1.6940216 -9.612608 -0.94786143

1492572355130 LINEAR_ACCELERATION 0.0034987926 -0.028845787 -0.02339232

1492572355141 ROTATION_VECTOR -0.45489284 0.58429444 -0.59390813

1492572355146 ACCELEROMETER 1.7215271 -9.762634 -0.949173

1492572355160 GYROSCOPE -0.009002686 -0.04473877 0.013641357

1492572355190 MAGNETIC_FIELD -26.420593 38.8031 -4.560852

1492572355321 GRAVITY 1.6650084 -9.615475 -0.9699432

1492572355321 LINEAR_ACCELERATION 0.061725616 0.013425827 0.01558882

1492572355322 ACCELEROMETER 1.7117157 -9.7664795 -0.96635437

1492572355323 GYROSCOPE -0.007904053 -0.0440979 0.013793945

1492572355323 ROTATION_VECTOR -0.45813668 0.5834286 -0.58966094

1492572355385 MAGNETIC_FIELD -27.189636 39.198303 -5.671692

1492572355518 ACCELEROMETER 1.7159882 -9.756058 -0.9786835

1492572355532 GYROSCOPE -0.0035095215 -0.018722534 0.014724731

1492572355535 GRAVITY 1.6353071 -9.618585 -0.9894376

1492572355539 LINEAR_ACCELERATION 0.056656003 0.025725365 0.0041595697

1492572355542 ROTATION_VECTOR -0.4578813 0.5837739 -0.5894594

1492572355593 MAGNETIC_FIELD -26.626587 39.80255 -4.650879

1492572355713 ACCELEROMETER 1.6913757 -9.788986 -0.9845886

1492572355714 GYROSCOPE 0.0012817383 0.013046265 0.009567261

1492572355782 MAGNETIC_FIELD -27.085876 39.27765 -5.5007935

1492572355917 ACCELEROMETER 1.6952057 -9.766907 -0.93452454

1492572355917 GYROSCOPE 0.004623413 0.03591919 0.0044555664

1492572355923 GRAVITY 1.6329831 -9.621133 -0.9682717

1492572355923 LINEAR_ACCELERATION 0.031610012 0.009325981 0.042901933

1492572355924 ROTATION_VECTOR -0.45334318 0.5863856 -0.5923009

1492572355983 MAGNETIC_FIELD -26.416016 39.99939 -5.3344727

1492572356107 ACCELEROMETER 1.7070465 -9.771347 -0.9061279

1492572356108 GYROSCOPE 0.0019989014 0.03753662 0.0057373047

1492572356124 GRAVITY 1.6442811 -9.622516 -0.9348344

1492572356127 LINEAR_ACCELERATION 0.030048132 0.008408546 0.02298224

1492572356129 ROTATION_VECTOR -0.45027754 0.5872933 -0.59504086

1492572356174 MAGNETIC_FIELD -27.558899 39.839172 -6.239319

1492572356307 ACCELEROMETER 1.7260742 -9.773148 -0.8673401

1492572356310 GYROSCOPE -0.0045318604 0.013961792 1.6784668E-4

1492572356324 GRAVITY 1.6554677 -9.623042 -0.9093268

1492572356329 LINEAR_ACCELERATION 0.09736967 0.020069122 0.09221107

1492572356331 ROTATION_VECTOR -0.44773686 0.5881279 -0.5973131

1492572356378 MAGNETIC_FIELD -26.960754 40.6662 -5.0491333

1492572356499 ACCELEROMETER 1.7584686 -9.769363 -0.87319946

1492572356501 GYROSCOPE -0.0072631836 -0.002822876 0.0038909912

1492572356524 GRAVITY 1.6694082 -9.621812 -0.8967696

1492572356526 LINEAR_ACCELERATION 0.040143013 -0.013241768 0.12956107

1492572356528 ROTATION_VECTOR -0.4477728 0.587556 -0.5980209

1492572356565 MAGNETIC_FIELD -27.58789 38.641357 -5.7144165

1492572356704 ACCELEROMETER 1.7284698 -9.778671 -0.89271545

1492572356715 GYROSCOPE -0.009048462 -0.0019073486 0.007171631

1492572356720 GRAVITY 1.6813041 -9.619153 -0.9030453

1492572356721 LINEAR_ACCELERATION 0.09228289 0.012877464 0.045506656

1492572356722 ROTATION_VECTOR -0.4489926 0.586897 -0.5976216

1492572356759 MAGNETIC_FIELD -26.274109 39.43329 -5.630493

1492572356889 ACCELEROMETER 1.7588654 -9.766541 -0.9029236

1492572356890 GYROSCOPE -0.013244629 -0.0063934326 0.010101318

1492572356920 GRAVITY 1.6691412 -9.620726 -0.90884656

1492572356920 LINEAR_ACCELERATION -0.014673233 -0.005250931 0.05156088

1492572356922 ROTATION_VECTOR -0.450161 0.58625364 -0.5964789

1492572356954 MAGNETIC_FIELD -26.96991 39.57367 -5.366516

1492572357095 ACCELEROMETER 1.7182312 -9.766098 -0.9393616

1492572357102 GYROSCOPE -0.013183594 -0.015457153 0.009963989

1492572357130 ROTATION_VECTOR -0.4498311 0.5872033 -0.59643006

1492572357134 GRAVITY 1.6730261 -9.618522 -0.9248805

1492572357136 LINEAR_ACCELERATION 0.014876962 0.017702103 0.08442068

1492572357153 MAGNETIC_FIELD -25.970459 38.742065 -6.2591553

1492572357281 ACCELEROMETER 1.5719147 -9.888824 -0.5213318

1492572357282 GYROSCOPE 0.01222229 -0.06819153 0.014434814

1492572357321 GRAVITY 1.6607666 -9.618113 -0.95086175

1492572357327 LINEAR_ACCELERATION 0.039346218 -2.0980835E-5 0.060766876

1492572357333 ROTATION_VECTOR -0.45015037 0.58808595 -0.59529305

1492572357412 MAGNETIC_FIELD -26.446533 38.446045 -5.89447

1492572357530 GRAVITY 1.5734556 -9.652853 -0.7190648

1492572357535 LINEAR_ACCELERATION -0.17987013 -0.25195694 0.95742375

1492572357539 ROTATION_VECTOR -0.45556292 0.57369375 -0.5942199

1492572357551 ACCELEROMETER 1.1117249 -8.08049 1.9783936

1492572357574 GYROSCOPE 0.24887085 0.2027893 -0.040496826

1492572357606 MAGNETIC_FIELD -26.487732 39.61792 -8.462524

1492572357720 GRAVITY 1.5595032 -9.661767 0.6233753

1492572357720 LINEAR_ACCELERATION -2.814826 2.6409836 8.631519

1492572357722 ROTATION_VECTOR -0.39685002 0.5574287 -0.6538664

1492572357737 ACCELEROMETER 1.9190521 -7.9339294 -2.5054626

1492572357737 GYROSCOPE 0.78141785 1.6215668 0.29960632

1492572357802 MAGNETIC_FIELD -21.2677 35.69641 -23.01941

1492572357928 GRAVITY 0.17044173 -9.609036 1.9513456

1492572357938 LINEAR_ACCELERATION 3.2682414 1.8688622 -2.2049813

1492572357942 ROTATION_VECTOR -0.24234909 0.5846161 -0.7203927

1492572357952 ACCELEROMETER -2.5041962 -10.301804 3.720108

1492572357955 GYROSCOPE 2.7217102 0.115737915 1.9236908

1492572358003 MAGNETIC_FIELD -3.2577515 20.928955 -41.40625

1492572358133 GRAVITY -2.8142676 -6.5751233 6.7095485

1492572358138 LINEAR_ACCELERATION -0.40250397 -5.1620245 -3.000246

1492572358141 ROTATION_VECTOR -0.019921007 0.39687705 -0.82446516

1492572358146 ACCELEROMETER -5.631531 -4.201065 8.276855

1492572358155 GYROSCOPE 3.6743317 -0.5082855 -0.059539795

1492572358198 MAGNETIC_FIELD -4.853821 -12.042236 -45.324707

1492572358320 GRAVITY -2.036164 -0.9367202 9.547092

1492572358321 LINEAR_ACCELERATION -3.887955 -2.2835572 -0.55000114

1492572358323 ACCELEROMETER 2.8731232 -1.9477234 10.800262

1492572358324 ROTATION_VECTOR 0.080153175 0.08251798 -0.9265819

1492572358324 GYROSCOPE 0.51319885 -1.0437012 -1.0898285

1492572358388 MAGNETIC_FIELD -9.848022 -20.4422 -43.675232

1492572358557 ACCELEROMETER -1.1539307 2.7312775 7.115631

1492572358560 GYROSCOPE 2.9953613 -1.5946198 -0.5039215

1492572358571 GRAVITY 3.0633311 4.8642597 7.945147

1492572358572 LINEAR_ACCELERATION -6.408224 3.1761017 0.32670975

1492572358573 ROTATION_VECTOR -0.11451521 -0.28600088 -0.93579257

1492572358583 MAGNETIC_FIELD -9.510803 -35.377502 -32.536316

1492572358715 ACCELEROMETER 1.0797577 9.115707 1.5457764

1492572358716 GYROSCOPE 3.700821 0.018554688 -0.19354248

1492572358781 MAGNETIC_FIELD -9.718323 -49.47815 0.43640137

1492572358912 ACCELEROMETER -0.90208435 10.051254 -0.4285736

1492572358916 GYROSCOPE 0.9160919 1.3663635 0.09933472

1492572358925 GRAVITY 2.9443278 9.225805 1.544617

1492572358929 LINEAR_ACCELERATION -0.2259767 -0.6712351 -3.2901583

1492572358932 ROTATION_VECTOR -0.014886235 -0.64886427 -0.7298597

1492572358976 MAGNETIC_FIELD -10.505676 -50.160217 4.899597

1492572359105 ACCELEROMETER -1.4090118 10.448761 0.18675232

1492572359105 GYROSCOPE 0.006164551 0.72698975 -0.06550598

1492572359120 GRAVITY 2.6266415 9.380014 1.1342291

1492572359121 LINEAR_ACCELERATION -3.7489095 -1.0172291 -2.1194997

1492572359122 ROTATION_VECTOR 0.10372635 -0.65681905 -0.67899376

1492572359170 MAGNETIC_FIELD -11.557007 -50.61798 3.9855957

1492572359308 ACCELEROMETER -3.0643768 8.422043 1.856781

1492572359313 GYROSCOPE -1.0552063 -0.12561035 -1.3842468

1492572359321 GRAVITY 1.9398692 9.399239 2.0153408

1492572359327 LINEAR_ACCELERATION -2.1423447 0.9548569 -0.70487785

1492572359332 ROTATION_VECTOR 0.14625925 -0.6130697 -0.7031764

1492572359365 MAGNETIC_FIELD -0.38909912 -51.271057 -4.4525146

1492572359496 ACCELEROMETER -6.0820007 6.8538055 4.5218353

1492572359497 GYROSCOPE -1.7979889 -0.045700073 -1.5219269

1492572359525 GRAVITY -0.97273654 8.817103 4.1812506

1492572359528 LINEAR_ACCELERATION -4.1384187 0.5172138 -0.74488115

1492572359531 ROTATION_VECTOR 0.19284272 -0.49962708 -0.8164485

1492572359628 MAGNETIC_FIELD 15.142822 -43.252563 -21.975708

1492572359724 GRAVITY -3.8179295 6.1527147 6.613464

1492572359728 LINEAR_ACCELERATION -5.3595486 2.0026627 -0.40420485

1492572359730 ROTATION_VECTOR 0.2487261 -0.3177145 -0.9095697

1492572359759 ACCELEROMETER -5.2301483 1.3132019 6.8201904

1492572359762 GYROSCOPE -1.5917358 -2.703949 -3.3034515

1492572359826 MAGNETIC_FIELD 20.437622 -20.429993 -37.823486

1492572359922 GRAVITY -1.5035814 1.3905936 9.590405

1492572359928 LINEAR_ACCELERATION -3.2126918 -1.5295544 -0.4508419

1492572359930 ROTATION_VECTOR -0.06475644 0.08265596 0.98179317

1492572359955 ACCELEROMETER -3.1748047 -3.2408295 8.730896

1492572359958 GYROSCOPE -0.8938904 -0.37979126 -0.35151672

1492572360050 MAGNETIC_FIELD 18.099976 -12.245178 -42.99164

1492572360120 GRAVITY -0.9844624 -0.098446734 9.756615

1492572360120 LINEAR_ACCELERATION -1.3952031 -2.7746823 0.020778656

1492572360122 ROTATION_VECTOR -0.050330088 0.0042406684 0.9819146

1492572360147 ACCELEROMETER -3.1950073 -3.1182861 8.296707

1492572360148 GYROSCOPE -0.31217957 0.9637451 -0.17680359

1492572360212 MAGNETIC_FIELD 23.930359 -9.732056 -39.372253

1492572360321 GRAVITY -3.147105 -1.0890791 9.223883

1492572360321 LINEAR_ACCELERATION -2.2754757 -3.1884634 1.1057682

1492572360323 ROTATION_VECTOR -0.17108186 -0.021067549 0.96326137

1492572360343 ACCELEROMETER -3.1133423 -4.5442047 8.5035095

1492572360343 GYROSCOPE -0.047454834 -0.14041138 0.2375946

1492572360407 MAGNETIC_FIELD 24.908447 -9.333801 -39.02893

1492572360520 GRAVITY -3.0049345 -1.2823092 9.2464285

1492572360521 LINEAR_ACCELERATION 1.2952566 -2.6800256 -0.48208046

1492572360522 ROTATION_VECTOR -0.1650152 -0.03651493 0.96869385

1492572360538 ACCELEROMETER -5.1740723 -3.440918 6.5252075

1492572360538 GYROSCOPE -0.2586975 0.37835693 0.03302002

1492572360603 MAGNETIC_FIELD 28.341675 -8.047485 -37.269592

1492572360720 GRAVITY -3.7624261 -1.8718537 8.860626

1492572360721 LINEAR_ACCELERATION -0.5059538 -2.344355 -1.9909945

1492572360723 ROTATION_VECTOR -0.21117012 -0.060340427 0.95923644

1492572360734 ACCELEROMETER -7.554596 -4.110794 5.818466

1492572360735 GYROSCOPE -0.3721466 1.0939026 0.14198303

1492572360798 MAGNETIC_FIELD 35.34088 -5.769348 -30.36499

1492572360921 GRAVITY -5.728135 -2.407081 7.587148

1492572360923 LINEAR_ACCELERATION -1.5025511 -1.3204219 -1.0084696

1492572360925 ROTATION_VECTOR -0.32823125 -0.073670566 0.92700255

1492572360931 ACCELEROMETER -8.448608 -3.5811005 4.1745605

1492572360934 GYROSCOPE -0.1802826 0.6644592 1.0857086

1492572360995 MAGNETIC_FIELD 38.319397 -12.394714 -25.64392

1492572361124 GRAVITY -7.210139 -1.3853639 6.5011578

1492572361130 LINEAR_ACCELERATION -3.2172985 -2.0267205 -1.9301524

1492572361133 ROTATION_VECTOR -0.40768695 -0.04821364 0.9094781

1492572361135 ACCELEROMETER -10.296326 -1.9331818 3.8315887

1492572361138 GYROSCOPE -0.24281311 0.20243835 0.9595032

1492572361191 MAGNETIC_FIELD 37.911987 -19.804382 -25.518799

1492572361325 ACCELEROMETER -9.164963 -3.0263977 3.7721558

1492572361326 GYROSCOPE -0.3166046 0.15885925 0.24629211

1492572361328 GRAVITY -8.052902 -0.43800187 5.579364

1492572361329 LINEAR_ACCELERATION -1.6797395 -4.8861146 -1.4590912

1492572361331 ROTATION_VECTOR 0.46061736 0.05799357 -0.8834765

1492572361386 MAGNETIC_FIELD 37.45117 -20.617676 -24.272156

1492572361518 ACCELEROMETER -8.518921 -0.21208191 6.948471

1492572361525 GYROSCOPE -1.4495087 -0.5254822 0.10076904

1492572361528 GRAVITY -7.375182 -1.8693756 6.1872864

1492572361532 LINEAR_ACCELERATION -1.9265003 0.2802143 0.7394767

1492572361534 ROTATION_VECTOR 0.39266217 0.17422004 -0.89011157

1492572361583 MAGNETIC_FIELD 34.906006 -11.529541 -32.078552

1492572361715 ACCELEROMETER -8.814316 3.9582062 3.8427124

1492572361718 GYROSCOPE 2.1315002 -1.5882263 0.56781006

1492572361846 MAGNETIC_FIELD 16.566467 -28.941345 -34.81903

1492572361925 GRAVITY -3.8820603 2.5679107 8.631676

1492572361925 LINEAR_ACCELERATION 0.30184054 2.6077924 -9.375674

1492572361926 ROTATION_VECTOR 0.22381768 -0.099058874 -0.9559768

1492572361975 ACCELEROMETER 0.37686157 0.16297913 7.164673

1492572361976 GYROSCOPE 0.72935486 -3.3346252 0.6062622

1492572362041 MAGNETIC_FIELD -7.685852 -34.820557 -33.92334

1492572362128 GRAVITY 0.8298478 3.633871 9.070652

1492572362134 LINEAR_ACCELERATION 0.38111854 -4.9238653 3.111884

1492572362137 ROTATION_VECTOR -0.013550024 -0.19324046 -0.96937066

1492572362169 ACCELEROMETER 0.70059204 2.0557556 8.864838

1492572362171 GYROSCOPE 0.25254822 -0.50354004 -0.22261047

1492572362235 MAGNETIC_FIELD -9.461975 -36.943054 -33.354187

1492572362325 GRAVITY 1.5169872 3.978861 8.8339

1492572362328 LINEAR_ACCELERATION 0.28334665 -0.08039212 -0.037826538

1492572362332 ROTATION_VECTOR -0.053377915 -0.21621105 -0.96761537

1492572362367 ACCELEROMETER 1.0768433 3.0138092 9.909622

1492572362370 GYROSCOPE -0.78144836 -0.024215698 0.05822754

1492572362431 MAGNETIC_FIELD -9.634399 -32.17926 -36.428833

1492572362528 GRAVITY 1.4336406 2.5887437 9.349517

1492572362534 LINEAR_ACCELERATION 1.9477454 0.14944148 1.9268513

1492572362537 ROTATION_VECTOR -0.058297317 -0.14109829 -0.9818686

1492572362559 ACCELEROMETER -0.65582275 2.773056 9.886688

1492572362562 GYROSCOPE -0.12030029 0.35047913 -0.11605835

1492572362627 MAGNETIC_FIELD -7.4050903 -30.467224 -38.48114

1492572362725 GRAVITY 0.8002723 2.4179223 9.470142

1492572362728 LINEAR_ACCELERATION -1.1993985 0.20289397 1.2597103

1492572362732 ROTATION_VECTOR -0.026610237 -0.12825365 -0.98483056

1492572362755 ACCELEROMETER 0.12657166 1.7620087 9.117615

1492572362759 GYROSCOPE 0.71954346 0.10699463 0.039627075

1492572362824 MAGNETIC_FIELD -6.704712 -36.328125 -33.154297

1492572362925 GRAVITY 0.559627 3.7909536 9.026953

1492572362926 LINEAR_ACCELERATION -0.30888927 -1.3221343 -0.7784271

1492572362926 ROTATION_VECTOR -0.0039643818 -0.1993434 -0.97206956

1492572362949 ACCELEROMETER 0.24815369 3.7418365 8.515442

1492572362950 GYROSCOPE 0.28182983 -0.14724731 0.015808105

1492572363019 MAGNETIC_FIELD -7.9452515 -37.99286 -30.380249

1492572363133 GRAVITY 0.80955285 4.2536693 8.798938

1492572363139 LINEAR_ACCELERATION -0.35232234 -0.28975916 0.092362404

1492572363149 ROTATION_VECTOR -0.01443109 -0.22620957 -0.9664499

1492572363154 ACCELEROMETER 0.11550903 4.0546417 8.532364

1492572363157 GYROSCOPE 0.16044617 -0.008651733 -0.11520386

1492572363214 MAGNETIC_FIELD -7.142639 -39.1037 -29.130554

1492572363322 GRAVITY 0.6978898 4.5137186 8.678115

1492572363324 LINEAR_ACCELERATION -0.55846447 -0.2635889 0.16797733

1492572363325 ROTATION_VECTOR -0.009427424 -0.23968813 -0.9644929

1492572363341 ACCELEROMETER 0.04234314 4.586014 8.324966

1492572363342 GYROSCOPE 0.16880798 -0.026504517 -0.0574646

1492572363406 MAGNETIC_FIELD -6.600952 -41.618347 -26.87378

1492572363523 GRAVITY 0.65604854 4.812155 8.519575

1492572363527 LINEAR_ACCELERATION -0.5937828 0.097215176 -0.06697655

1492572363528 ROTATION_VECTOR -0.0070646284 -0.2560716 -0.96100897

1492572363542 ACCELEROMETER 0.025634766 4.6549835 8.343155

1492572363546 GYROSCOPE 0.062179565 -0.011230469 0.0014953613

1492572363612 MAGNETIC_FIELD -6.562805 -41.99829 -27.960205

1492572363735 GRAVITY 0.6067207 4.9167056 8.463349

1492572363742 LINEAR_ACCELERATION -0.44041538 -0.16826916 -2.9850006E-4

1492572363746 ROTATION_VECTOR -0.0025208713 -0.2616924 -0.9589766

1492572363749 ACCELEROMETER -0.0947876 4.5182343 7.0595245

1492572363752 GYROSCOPE -0.04222107 -0.019302368 -0.28016663

1492572363808 MAGNETIC_FIELD -3.4729004 -41.526794 -27.636719

1492572363932 GRAVITY 0.23807104 4.9820943 8.443485

1492572363939 LINEAR_ACCELERATION -0.38590437 0.0045261383 -0.878438

1492572363943 ROTATION_VECTOR 0.01253279 -0.26333436 -0.9602456

1492572363997 ACCELEROMETER -0.75801086 2.3626251 9.15213

1492572364003 GYROSCOPE -1.1377106 -0.16990662 -0.123306274

1492572364068 MAGNETIC_FIELD -4.019165 -33.650208 -36.305237

1492572364133 GRAVITY 0.46702766 2.9031937 9.3554125

1492572364139 LINEAR_ACCELERATION -0.3216903 -1.1542199 4.5266495

1492572364147 ROTATION_VECTOR -0.0032140769 -0.116285965 -0.9883571

1492572364198 ACCELEROMETER 0.048202515 2.29039 10.3350525

1492572364207 GYROSCOPE -0.24838257 0.19508362 0.32609558

1492572364255 MAGNETIC_FIELD -4.563904 -32.229614 -36.827087

1492572364356 GRAVITY 0.1277389 2.3776045 9.513205

1492572364359 LINEAR_ACCELERATION 0.0794812 -0.24136138 0.7864332

1492572364360 ROTATION_VECTOR 0.009870054 -0.12191853 -0.98353344

1492572364382 ACCELEROMETER 0.0058288574 2.2410889 9.591705

1492572364386 GYROSCOPE 0.17126465 0.06515503 0.2835083

1492572364447 MAGNETIC_FIELD -4.1122437 -32.27234 -36.480713

1492572364580 ACCELEROMETER -0.09509277 3.1524048 8.874847

1492572364583 GYROSCOPE 0.41853333 -0.09140015 0.09472656

1492572364648 MAGNETIC_FIELD -6.237793 -36.291504 -34.407043

1492572364722 GRAVITY 0.34154662 3.3655667 9.20471

1492572364726 LINEAR_ACCELERATION -0.32036814 0.039830208 -0.11408234

1492572364729 ROTATION_VECTOR 0.007918652 -0.17500767 -0.97401005

1492572364775 ACCELEROMETER 0.16233826 3.2872162 8.871765

1492572364778 GYROSCOPE 0.03804016 -0.03944397 0.038635254

1492572364840 MAGNETIC_FIELD -6.591797 -37.1109 -33.64868

1492572364925 GRAVITY 0.39915183 3.4092095 9.186314

1492572364928 LINEAR_ACCELERATION -0.26646286 0.06823397 9.737015E-4

1492572364932 ROTATION_VECTOR 0.0056788363 -0.17775297 -0.97323024

1492572364970 ACCELEROMETER -0.012588501 3.286972 9.082565

1492572364973 GYROSCOPE -0.05293274 0.016799927 -0.027359009

1492572365038 MAGNETIC_FIELD -5.836487 -35.897827 -33.28247

1492572365126 GRAVITY 0.24304101 3.31561 9.2259445

1492572365130 LINEAR_ACCELERATION -0.24516426 -0.013082266 0.20757866

1492572365135 ROTATION_VECTOR 0.013225454 -0.17156002 -0.9740075

1492572365176 ACCELEROMETER -0.11601257 3.1855927 9.105423

1492572365179 GYROSCOPE -0.036605835 0.053100586 -0.0154418945

1492572365230 MAGNETIC_FIELD -5.1727295 -35.588074 -34.43451

1492572365325 GRAVITY 0.05808601 3.2412736 9.255331

1492572365329 LINEAR_ACCELERATION -0.24393411 0.03761077 0.13961315

1492572365333 ROTATION_VECTOR 0.022059677 -0.1662011 -0.9747933

1492572365376 ACCELEROMETER -0.27052307 3.1848907 9.050369

1492572365378 GYROSCOPE -0.011184692 0.025268555 -0.016967773

1492572365425 MAGNETIC_FIELD -6.071472 -35.55298 -35.307312

1492572365524 GRAVITY -0.08418755 3.2307441 9.258812

1492572365526 LINEAR_ACCELERATION -0.21920376 0.030726194 -0.048529625

1492572365528 ROTATION_VECTOR 0.029155638 -0.1645659 -0.9749677

1492572365558 ACCELEROMETER -0.25672913 3.1405792 9.007523

1492572365567 GYROSCOPE -0.010437012 0.026367188 0.016021729

1492572365631 MAGNETIC_FIELD -5.366516 -35.01129 -35.484314

1492572365733 GRAVITY -0.17102534 3.2243106 9.259857

1492572365739 LINEAR_ACCELERATION -0.13468488 -0.0069584846 -0.034648895

1492572365746 ROTATION_VECTOR 0.034496542 -0.16336665 -0.97412515

1492572365753 ACCELEROMETER -0.3219452 3.1481018 8.988892

1492572365757 GYROSCOPE -0.0013122559 0.02633667 -0.006652832

1492572365827 MAGNETIC_FIELD -6.2088013 -35.255432 -33.987427

1492572365932 GRAVITY -0.24383964 3.2073958 9.2641

1492572365938 LINEAR_ACCELERATION -0.06115666 0.029035568 0.14370918

1492572365949 ROTATION_VECTOR 0.03803347 -0.16191304 -0.97427475

1492572365953 ACCELEROMETER -0.37176514 3.149292 9.008636

1492572365956 GYROSCOPE -0.007797241 0.0013122559 0.0058135986

1492572366018 MAGNETIC_FIELD -4.3518066 -35.406494 -35.505676

1492572366129 ROTATION_VECTOR 0.0418749 -0.1614345 -0.9735785

1492572366130 GRAVITY -0.30572647 3.2107143 9.261114

1492572366130 LINEAR_ACCELERATION -0.053285122 -0.02030158 -0.046598434

1492572366208 ACCELEROMETER -0.35629272 3.148346 9.050842

1492572366208 GYROSCOPE -0.012451172 0.024108887 0.009033203

1492572366274 MAGNETIC_FIELD -3.378296 -35.173035 -33.599854

1492572366324 GRAVITY -0.32826725 3.2038665 9.262714

1492572366324 LINEAR_ACCELERATION 0.06605193 -0.006513357 0.0181427

1492572366325 ROTATION_VECTOR 0.04285779 -0.1609231 -0.973726

1492572366402 ACCELEROMETER -0.396286 3.1809235 9.05574

1492572366403 GYROSCOPE 0.006729126 0.0113220215 0.0

1492572366468 MAGNETIC_FIELD -4.6905518 -35.279846 -35.13336

1492572366524 GRAVITY -0.37856725 3.217493 9.256069

1492572366526 LINEAR_ACCELERATION -0.17026445 0.087064266 -0.10437679

1492572366556 ROTATION_VECTOR 0.044954762 -0.1614029 -0.9741181

1492572366596 ACCELEROMETER -0.42514038 3.1266632 9.048721

1492572366597 GYROSCOPE -0.0098724365 8.239746E-4 0.020141602

1492572366662 MAGNETIC_FIELD -6.0287476 -34.79309 -35.066223

1492572366725 GRAVITY -0.4004728 3.1995404 9.261369

1492572366726 LINEAR_ACCELERATION -0.07885933 -0.02488947 0.147995

1492572366726 ROTATION_VECTOR 0.04585818 -0.16030796 -0.9743166

1492572366795 ACCELEROMETER -0.38998413 3.1270447 9.047195

1492572366796 GYROSCOPE -0.0074157715 -0.009124756 0.014434814

1492572366857 MAGNETIC_FIELD -5.1223755 -36.07483 -34.596252

1492572366925 GRAVITY -0.37015978 3.1970305 9.263496

1492572366926 LINEAR_ACCELERATION -0.04267317 -0.008187294 -0.062008858

1492572366926 ROTATION_VECTOR 0.044555783 -0.15960526 -0.97383934

1492572366989 ACCELEROMETER -0.39396667 3.1226501 9.070038

1492572366989 GYROSCOPE -0.0032196045 -0.009277344 0.019897461

1492572367056 MAGNETIC_FIELD -5.2856445 -35.203552 -34.13391

1492572367125 GRAVITY -0.34172535 3.1938019 9.265702

1492572367128 LINEAR_ACCELERATION -0.03171414 0.013025045 -0.0332098

1492572367130 ROTATION_VECTOR 0.043927006 -0.16015954 -0.973345

1492572367197 ACCELEROMETER -0.33061218 3.1203613 9.04982

1492572367203 GYROSCOPE -0.0020446777 -0.010879517 0.024780273

1492572367258 MAGNETIC_FIELD -4.9346924 -35.14099 -34.017944

1492572367389 ACCELEROMETER -0.30470276 3.1505585 9.045151

1492572367399 GYROSCOPE 0.002609253 -0.0026855469 0.007843018

1492572367457 MAGNETIC_FIELD -4.9728394 -35.43701 -34.170532

1492572367521 GRAVITY -0.3198205 3.205191 9.262551

1492572367523 LINEAR_ACCELERATION -0.03897521 0.06273627 -0.092926025

1492572367523 ROTATION_VECTOR 0.042341802 -0.16108538 -0.9738139

1492572367573 ACCELEROMETER -0.39897156 3.0657196 8.862976

1492572367578 GYROSCOPE -0.021072388 -0.0796814 -0.0011901855

1492572367638 MAGNETIC_FIELD -5.7800293 -36.106873 -33.416748

1492572367729 GRAVITY -0.26535055 3.246305 9.249945

1492572367730 LINEAR_ACCELERATION -0.4781828 0.08716345 -1.0606537

1492572367731 ROTATION_VECTOR 0.04025257 -0.16359645 -0.97316307

1492572367769 ACCELEROMETER -0.33918762 3.1058197 9.109055

1492572367770 GYROSCOPE -0.015533447 0.0048980713 -0.0025024414

1492572367833 MAGNETIC_FIELD -4.8721313 -35.125732 -33.207703

1492572367920 GRAVITY -0.22818977 3.1576202 9.281581

1492572367921 LINEAR_ACCELERATION -0.09494077 0.01991415 -0.014637947

1492572367923 ROTATION_VECTOR 0.037446044 -0.15927604 -0.9741161

1492572367964 ACCELEROMETER -0.23582458 3.1365051 9.003235

1492572367964 GYROSCOPE -0.0076141357 0.0044403076 0.016448975

1492572368029 MAGNETIC_FIELD -6.047058 -34.57794 -33.720398

1492572368120 GRAVITY -0.22956726 3.146034 9.2854805

1492572368121 LINEAR_ACCELERATION 0.044576958 0.08656335 0.17655087

1492572368123 ROTATION_VECTOR 0.037440155 -0.15865205 -0.97419363

1492572368159 ACCELEROMETER -0.30525208 3.0774536 9.074158

1492572368160 GYROSCOPE -0.013580322 -0.018722534 -0.0014953613

1492572368224 MAGNETIC_FIELD -7.78656 -35.256958 -34.114075

1492572368321 GRAVITY -0.22204724 3.1285133 9.291581

1492572368321 LINEAR_ACCELERATION -0.05515948 0.019642353 0.016750336

1492572368323 ROTATION_VECTOR 0.036818936 -0.15781495 -0.9744365

1492572368420 ACCELEROMETER -0.29499817 3.0933075 9.0907135

1492572368421 GYROSCOPE -0.0037231445 -0.0017700195 0.008560181

1492572368485 MAGNETIC_FIELD -4.904175 -35.5896 -34.14917

1492572368521 GRAVITY -0.25322914 3.1330664 9.289249

1492572368521 LINEAR_ACCELERATION -0.076511815 0.043728113 -0.023687363

1492572368523 ROTATION_VECTOR 0.0388312 -0.15770932 -0.9739976

1492572368615 ACCELEROMETER -0.25595093 3.0920563 8.996628

1492572368616 GYROSCOPE -0.0029754639 -0.0049591064 0.002380371

1492572368680 MAGNETIC_FIELD -4.1793823 -35.250854 -33.192444

1492572368720 GRAVITY -0.25134045 3.1388304 9.287354

1492572368721 LINEAR_ACCELERATION -0.04977168 -0.014412165 0.020516396

1492572368723 ROTATION_VECTOR 0.038459904 -0.15810607 -0.97427154

1492572368810 ACCELEROMETER -0.20269775 3.1103973 9.060745

1492572368811 GYROSCOPE 0.008834839 -0.0054626465 -0.012176514

1492572368876 MAGNETIC_FIELD -6.439209 -35.90393 -34.84497

1492572368921 GRAVITY -0.24135076 3.1608477 9.280149

1492572368921 LINEAR_ACCELERATION 3.9756298E-5 0.01625204 -0.051855087

1492572368923 ROTATION_VECTOR 0.03738982 -0.1595182 -0.97480786

1492572369006 ACCELEROMETER -0.3244171 3.1291199 9.069931

1492572369007 GYROSCOPE 0.022567749 -0.009765625 -0.048553467

1492572369071 MAGNETIC_FIELD -5.4626465 -36.183167 -34.584045

1492572369122 GRAVITY -0.25546637 3.2042933 9.26486

1492572369123 LINEAR_ACCELERATION -0.13576081 -0.012345552 0.10937023

1492572369124 ROTATION_VECTOR 0.03761141 -0.16189192 -0.97520703

