1499530801388 ACCELEROMETER -0.11494446 9.603241 -0.98246765

1499530801390 GYROSCOPE 0.029937744 -0.043762207 -0.017578125

1499530801390 MAGNETIC_FIELD 4.3777466 -43.75763 -10.124207

1499530801391 GRAVITY -0.27727938 9.7408085 -1.1000714

1499530801392 LINEAR_ACCELERATION 0.0 0.0 -0.0

1499530801392 ROTATION_VECTOR 0.0 0.0 0.0

1499530801558 ACCELEROMETER 0.34024048 9.594452 -0.8271332

1499530801559 GYROSCOPE -0.020263672 0.026733398 -0.07739258

1499530801560 MAGNETIC_FIELD 4.2099 -44.262695 -9.30481

1499530801560 GRAVITY 0.00469128 9.757128 -0.98428124

1499530801561 LINEAR_ACCELERATION 0.3580492 -0.012568474 0.12510341

1499530801561 ROTATION_VECTOR 0.73246527 0.116957225 0.10607082

1499530801790 ACCELEROMETER 0.063446045 9.419998 -0.77742004

1499530801791 GYROSCOPE 0.13781738 -0.059783936 -0.042144775

1499530801791 MAGNETIC_FIELD 4.2099 -43.589783 -8.648682

1499530801792 LINEAR_ACCELERATION 0.16435207 -0.040471077 0.3241396

1499530801792 GRAVITY -0.051391732 9.759835 -0.95570314

1499530801793 ROTATION_VECTOR 0.72834903 0.13503686 0.11898014

1499530801989 ACCELEROMETER 0.7630768 9.732697 -0.736496

1499530801990 GYROSCOPE -0.14202881 -0.022399902 0.2846985

1499530801991 MAGNETIC_FIELD 3.5339355 -45.606995 -7.006836

1499530801992 GRAVITY 0.27653146 9.756702 -0.949036

1499530801992 LINEAR_ACCELERATION 0.28930467 -0.04997921 0.016231596

1499530801993 ROTATION_VECTOR 0.72802866 0.13550518 0.14163733

1499530802225 ACCELEROMETER 0.38902283 9.614883 -0.83135986

1499530802226 GYROSCOPE -0.077941895 0.002166748 0.014465332

1499530802227 MAGNETIC_FIELD 4.0512085 -44.578552 -9.40094

1499530802227 GRAVITY 0.57469726 9.762862 -0.72569925

1499530802228 LINEAR_ACCELERATION -0.08063358 0.09717274 -0.062150955

1499530802229 ROTATION_VECTOR 0.7265325 0.09566007 0.12831442

1499530802426 ACCELEROMETER 0.41038513 9.7153015 -0.6753998

1499530802427 GYROSCOPE -0.08755493 0.029937744 -4.8828125E-4

1499530802427 MAGNETIC_FIELD 3.0914307 -44.332886 -8.024597

1499530802428 GRAVITY 0.5356853 9.773227 -0.60618895

1499530802428 LINEAR_ACCELERATION -0.103604674 0.06939983 -0.092014074

1499530802429 ROTATION_VECTOR 0.7243278 0.07909655 0.11150084

1499530802627 ACCELEROMETER 0.29527283 9.631531 -0.62368774

1499530802628 GYROSCOPE -0.10571289 0.0010986328 -0.04748535

1499530802628 MAGNETIC_FIELD 3.7078857 -44.55414 -9.048462

1499530802629 LINEAR_ACCELERATION -0.14208406 -0.03250599 -0.14204067

1499530802629 GRAVITY 0.41875234 9.785559 -0.48772976

1499530802630 ROTATION_VECTOR 0.7203972 0.07678024 0.10228936

1499530802828 ACCELEROMETER 0.46128845 9.5707245 -0.46168518

1499530802828 GYROSCOPE -0.022399902 0.017120361 0.20031738

1499530802829 MAGNETIC_FIELD 2.7618408 -44.454956 -9.584045

1499530802829 GRAVITY 0.53203994 9.784399 -0.39097613

1499530802830 LINEAR_ACCELERATION -0.077163875 -0.06154251 -0.05665946

1499530802830 ROTATION_VECTOR 0.7175214 0.071395084 0.105937205

1499530803028 ACCELEROMETER 0.769928 9.747574 -0.41763306

1499530803030 GRAVITY 0.74398595 9.770724 -0.38705525

1499530803030 LINEAR_ACCELERATION 0.06360251 0.107087135 -0.06065032

1499530803031 GYROSCOPE -0.007446289 0.027801514 -0.014373779

1499530803031 MAGNETIC_FIELD 2.3529053 -44.387817 -11.022949

1499530803032 ROTATION_VECTOR 0.71792907 0.06566746 0.11534057

1499530803229 ACCELEROMETER 0.44117737 9.531311 -0.29257202

1499530803230 GYROSCOPE -0.028808594 -0.018127441 0.012329102

1499530803230 MAGNETIC_FIELD 2.7282715 -45.465088 -9.25293

1499530803231 GRAVITY 0.6393549 9.780072 -0.3343695

1499530803231 LINEAR_ACCELERATION -0.21120125 -0.099393845 0.036427855

1499530803232 ROTATION_VECTOR 0.71643424 0.061401263 0.10438442

1499530803429 ACCELEROMETER 0.68273926 9.650192 -0.55752563

1499530803430 GYROSCOPE 0.9527893 -1.2731628 -0.44161987

1499530803439 MAGNETIC_FIELD 2.5741577 -44.821167 -9.90448

1499530803439 GRAVITY 0.23531497 9.753702 -0.99010307

1499530803440 LINEAR_ACCELERATION 0.35274106 0.050414085 0.52617615

1499530803440 ROTATION_VECTOR 0.7390175 0.06583561 0.07558224

1499530803630 ACCELEROMETER 0.4201355 8.961334 -2.889328

1499530803630 GYROSCOPE 1.1343689 -2.4171143 -0.3177185

1499530803631 MAGNETIC_FIELD 1.0925293 -46.180725 -1.6830444

1499530803632 GRAVITY -1.365921 9.351538 -2.6179

1499530803633 LINEAR_ACCELERATION 2.0946894 0.03447342 -0.04520321

1499530803634 ROTATION_VECTOR 0.7948631 0.04084575 -0.056641858

1499530803831 ACCELEROMETER -2.997116 6.802246 -3.8782806

1499530803834 GYROSCOPE 1.1482544 -2.5858765 1.5354614

1499530803835 MAGNETIC_FIELD 3.8955688 -47.120667 9.609985

1499530803835 GRAVITY -2.534808 8.560849 -4.056723

1499530803836 LINEAR_ACCELERATION -0.7169659 -1.5742893 -0.04613328

1499530803837 ROTATION_VECTOR 0.8376746 -0.071669884 -0.19741943

1499530804037 GRAVITY -0.64807063 9.598696 -1.9014297

1499530804037 LINEAR_ACCELERATION 1.4063275 0.18298817 -2.698156

1499530804037 ROTATION_VECTOR 0.7614978 -0.13064073 -0.1492546

1499530804038 ACCELEROMETER 0.8480377 9.688782 -3.7465668

1499530804038 GYROSCOPE -3.5867004 1.4035339 0.70980835

1499530804038 MAGNETIC_FIELD -4.5776367 -42.559814 14.657593

1499530804234 ACCELEROMETER 1.1544647 9.354965 3.276535

1499530804235 GYROSCOPE -0.45178223 0.18481445 0.014465332

1499530804236 MAGNETIC_FIELD -9.736633 -38.560486 -3.8894653

1499530804237 GRAVITY -0.18143922 9.574372 2.113968

1499530804237 LINEAR_ACCELERATION 1.2646792 -0.023850441 1.2780931

1499530804238 ROTATION_VECTOR 0.61564463 -0.1148884 -0.15751156

1499530804437 ACCELEROMETER 1.1718903 9.510315 2.6032867

1499530804438 GYROSCOPE 0.17520142 0.042755127 -0.044281006

1499530804439 MAGNETIC_FIELD -9.855652 -36.410522 -7.8826904

1499530804440 GRAVITY -0.1679072 9.507956 2.3960357

1499530804440 LINEAR_ACCELERATION 1.4077064 0.22717285 0.40168118

1499530804441 ROTATION_VECTOR 0.60978776 -0.07742797 -0.113157876

1499530804643 ACCELEROMETER 0.7021637 9.424774 1.6404877

1499530804646 GYROSCOPE 0.06518555 -0.0053100586 0.041168213

1499530804648 MAGNETIC_FIELD -10.272217 -36.895752 -8.062744

1499530804650 GRAVITY -0.12587827 9.569396 2.140372

1499530804653 LINEAR_ACCELERATION 0.83216625 0.075834274 -0.3987229

1499530804655 ROTATION_VECTOR 0.61896336 -0.08806694 -0.12009238

1499530804843 ACCELEROMETER 0.74331665 9.430527 1.5745239

1499530804846 GYROSCOPE 0.0619812 0.016052246 -0.03894043

1499530804848 MAGNETIC_FIELD -11.001587 -37.234497 -8.682251

1499530804850 GRAVITY -0.07570895 9.6018715 1.9921631

1499530804853 LINEAR_ACCELERATION 0.835427 0.044843674 -0.44111788

1499530804855 ROTATION_VECTOR 0.6223862 -0.1051823 -0.1352702

1499530805038 ACCELEROMETER 0.77363586 9.452621 1.7388

1499530805039 GYROSCOPE 0.0043029785 0.08868408 -0.033599854

1499530805039 MAGNETIC_FIELD -9.185791 -36.968994 -7.623291

1499530805040 GRAVITY -0.11659255 9.616211 1.9197084

1499530805041 LINEAR_ACCELERATION 0.8658828 0.026650429 -0.1249603

1499530805042 ROTATION_VECTOR 0.62369686 -0.11456165 -0.14890023

1499530805239 ACCELEROMETER 0.62698364 9.469147 1.6887817

1499530805240 GYROSCOPE 0.014984131 0.014984131 -0.017578125

1499530805240 MAGNETIC_FIELD -9.628296 -36.77368 -8.232117

1499530805244 GRAVITY -0.14365657 9.621107 1.8931555

1499530805246 LINEAR_ACCELERATION 0.78168607 0.065522194 -0.10763264

1499530805247 ROTATION_VECTOR 0.62323886 -0.122675404 -0.1604608

1499530805441 ACCELEROMETER 0.75779724 9.536072 1.4927673

1499530805448 GYROSCOPE -0.10998535 0.027801514 -0.11904907

1499530805450 MAGNETIC_FIELD -8.953857 -38.780212 -6.8878174

1499530805452 GRAVITY 0.07576004 9.63523 1.8240054

1499530805455 LINEAR_ACCELERATION 0.70385313 0.09250927 -0.30759752

1499530805457 ROTATION_VECTOR 0.6275427 -0.11485572 -0.13267766

1499530805643 ACCELEROMETER 0.35321045 9.488693 1.5813751

1499530805644 GYROSCOPE -0.03842163 -0.007446289 -0.037872314

1499530805644 MAGNETIC_FIELD -9.628296 -38.101196 -8.13446

1499530805645 GRAVITY 0.07829484 9.632063 1.8405463

1499530805646 LINEAR_ACCELERATION 0.31211638 0.065158844 -0.24674165

1499530805646 ROTATION_VECTOR 0.62625796 -0.118149176 -0.13670266

1499530805853 ACCELEROMETER 0.15934753 9.392838 1.630249

1499530805859 GYROSCOPE -0.007446289 -0.006378174 -0.003692627

1499530805864 MAGNETIC_FIELD -7.9696655 -38.09662 -8.796692

1499530805868 GRAVITY 0.071429126 9.636305 1.8184917

1499530805871 LINEAR_ACCELERATION 0.059589326 -0.03047657 -0.14018583

1499530805874 ROTATION_VECTOR 0.6244207 -0.13183887 -0.15345687

1499530806052 GRAVITY 0.21002628 9.640836 1.7834129

1499530806059 LINEAR_ACCELERATION 0.23299518 0.06507778 -0.06454992

1499530806062 ROTATION_VECTOR 0.6210532 -0.1528533 -0.16741323

1499530806064 ACCELEROMETER 0.42573547 9.559067 1.6980743

1499530806068 GYROSCOPE 0.0043029785 0.016052246 0.0262146

1499530806070 MAGNETIC_FIELD -8.621216 -38.627625 -8.164978

1499530806241 ACCELEROMETER 0.23957825 9.448837 1.9185333

1499530806242 GYROSCOPE -0.046966553 0.021392822 0.14263916

1499530806243 MAGNETIC_FIELD -6.977844 -37.239075 -10.006714

1499530806244 GRAVITY 0.40996253 9.622756 1.8452334

1499530806244 LINEAR_ACCELERATION 0.09039825 0.110375404 0.06082976

1499530806245 ROTATION_VECTOR 0.6124512 -0.17556421 -0.1806625

1499530806442 ACCELEROMETER -0.20585632 9.384262 2.0231018

1499530806443 GYROSCOPE 0.12820435 0.040618896 -0.0015563965

1499530806443 MAGNETIC_FIELD -6.503296 -37.509155 -9.390259

1499530806443 GRAVITY 0.25409228 9.624835 1.8623581

1499530806444 LINEAR_ACCELERATION -0.55660003 -0.12047672 0.16040301

1499530806444 ROTATION_VECTOR 0.5906196 -0.23709631 -0.26836133

1499530806644 ACCELEROMETER -0.2796936 9.245712 1.7860565

1499530806645 GYROSCOPE 0.06838989 -0.029876709 -0.004760742

1499530806645 MAGNETIC_FIELD -6.7352295 -38.879395 -9.590149

1499530806646 GRAVITY 0.2106815 9.657234 1.6922864

1499530806646 LINEAR_ACCELERATION -0.6672614 -0.30877876 0.3260225

1499530806647 ROTATION_VECTOR 0.5836404 -0.2703355 -0.3065836

1499530806852 GRAVITY 0.13119756 9.67326 1.6066178

1499530806858 LINEAR_ACCELERATION -0.2763961 0.102098465 -0.6409341

1499530806867 ROTATION_VECTOR 0.57544786 -0.29486442 -0.33863315

1499530806870 ACCELEROMETER -0.25759888 9.4561 1.0237732

1499530806874 GYROSCOPE -0.017059326 -0.080078125 -0.080596924

1499530806880 MAGNETIC_FIELD -5.673218 -40.501404 -8.407593

1499530807052 ACCELEROMETER -0.016647339 9.490372 1.3007355

1499530807058 GYROSCOPE 0.06838989 0.0043029785 -0.035736084

1499530807064 MAGNETIC_FIELD -5.4718018 -39.590454 -6.816101

1499530807066 GRAVITY 0.024071071 9.6832905 1.5503834

1499530807068 LINEAR_ACCELERATION -0.11316046 -0.06629753 -0.12930691

1499530807070 ROTATION_VECTOR 0.569073 -0.31162208 -0.3638241

1499530807246 ACCELEROMETER -0.11450195 9.545303 1.1904144

1499530807247 GYROSCOPE -0.04269409 0.01071167 0.004852295

1499530807247 MAGNETIC_FIELD -7.1380615 -39.3219 -7.357788

1499530807248 GRAVITY -0.0121494215 9.690291 1.5061493

1499530807249 LINEAR_ACCELERATION -0.072948575 0.031674385 -0.36193478

1499530807249 ROTATION_VECTOR 0.5623404 -0.32707962 -0.38266715

1499530807448 ACCELEROMETER -0.09301758 9.634613 1.2088623

1499530807449 GYROSCOPE -0.06832886 0.0010986328 -0.029327393

1499530807450 MAGNETIC_FIELD -5.4595947 -40.008545 -8.0078125

1499530807450 GRAVITY -0.040229343 9.67572 1.596624

1499530807451 LINEAR_ACCELERATION -0.04306245 0.16733837 -0.309829

1499530807458 ROTATION_VECTOR 0.5568375 -0.32943413 -0.39097485

1499530807649 ACCELEROMETER -0.31214905 9.437225 1.4926605

1499530807654 GYROSCOPE 0.076934814 0.011779785 0.025146484

1499530807656 MAGNETIC_FIELD -5.960083 -39.120483 -7.2494507

1499530807658 GRAVITY -0.14514793 9.681287 1.5562781

1499530807660 LINEAR_ACCELERATION -0.1929512 -0.033732414 -0.06937301

1499530807663 ROTATION_VECTOR 0.55717653 -0.3319732 -0.39935178

1499530807858 ACCELEROMETER -0.18890381 9.583878 1.2527771

1499530807865 GYROSCOPE -0.037353516 0.019256592 -0.04107666

1499530807867 MAGNETIC_FIELD -6.3674927 -39.216614 -7.2250366

1499530807869 GRAVITY -0.15480171 9.704064 1.406256

1499530807871 LINEAR_ACCELERATION 0.019466475 0.11491394 -0.20484114

1499530807873 ROTATION_VECTOR 0.5653058 -0.3297427 -0.3913334

1499530808059 ACCELEROMETER -0.17996216 9.492249 1.364624

1499530808065 GYROSCOPE -0.0042419434 -0.0053100586 -4.8828125E-4

1499530808068 MAGNETIC_FIELD -6.2530518 -39.108276 -8.117676

1499530808071 GRAVITY -0.17080083 9.696149 1.4580489

1499530808073 LINEAR_ACCELERATION 0.05187933 0.0032215118 0.023601651

1499530808075 ROTATION_VECTOR 0.5588216 -0.33671743 -0.4024997

1499530808250 ACCELEROMETER -0.3306427 9.369812 1.408844

1499530808251 GYROSCOPE -0.061920166 0.42407227 -0.01864624

1499530808252 MAGNETIC_FIELD -6.3598633 -40.351868 -7.4188232

1499530808253 GRAVITY -0.3311587 9.6918 1.4593607

1499530808253 LINEAR_ACCELERATION -0.14796528 -0.13953209 -0.12817633

1499530808254 ROTATION_VECTOR 0.5663144 -0.32385385 -0.39848465

1499530808451 ACCELEROMETER -0.19273376 9.395813 1.5597229

1499530808460 GYROSCOPE 0.15811157 0.5661316 0.17041016

1499530808462 MAGNETIC_FIELD -4.698181 -39.183044 -9.176636

1499530808464 GRAVITY -0.27245653 9.683791 1.5232705

1499530808467 LINEAR_ACCELERATION 0.0889011 -0.045675278 0.35556412

1499530808469 ROTATION_VECTOR 0.56967366 -0.31274065 -0.38435113

1499530808660 GRAVITY -0.16380472 9.736323 1.1608428

1499530808667 LINEAR_ACCELERATION -0.021639526 0.05600357 -0.38675213

1499530808670 ROTATION_VECTOR 0.6056857 -0.27195272 -0.3177302

1499530808673 ACCELEROMETER -0.19891357 9.553238 0.9534149

1499530808675 GYROSCOPE 0.0032348633 0.008575439 0.033691406

1499530808677 MAGNETIC_FIELD -3.6209106 -39.18457 -10.583496

1499530808862 ACCELEROMETER -0.18850708 9.569504 1.2819977

1499530808868 GYROSCOPE -0.059783936 -0.015991211 -0.012237549

1499530808870 MAGNETIC_FIELD -4.4052124 -39.279175 -10.437012

1499530808873 GRAVITY -0.14028932 9.724641 1.2578031

1499530808875 LINEAR_ACCELERATION 0.0015005767 0.10419178 0.09575403

1499530808877 ROTATION_VECTOR 0.5985527 -0.27857593 -0.3267132

1499530809061 ACCELEROMETER -0.14485168 9.54158 1.3157501

1499530809067 GYROSCOPE -0.048034668 -0.010650635 0.008056641

1499530809070 MAGNETIC_FIELD -3.6972046 -39.231873 -10.197449

1499530809073 GRAVITY -0.15918805 9.711581 1.3528583

1499530809075 LINEAR_ACCELERATION -0.036007673 -0.009331703 -0.021610856

1499530809077 ROTATION_VECTOR 0.5972225 -0.2726696 -0.32448444

1499530809260 ACCELEROMETER -0.25001526 9.486053 1.3482971

1499530809268 GYROSCOPE 3.0517578E-5 -0.01171875 -0.010101318

1499530809273 MAGNETIC_FIELD -4.122925 -38.90381 -9.65271

1499530809291 GRAVITY -0.19075094 9.704033 1.4020507

1499530809297 LINEAR_ACCELERATION -0.063633606 -0.024888992 8.993149E-4

1499530809299 ROTATION_VECTOR 0.59537953 -0.27210027 -0.32768238

1499530809450 ACCELEROMETER -0.1517334 9.540863 1.3712158

1499530809450 GYROSCOPE -0.014923096 -0.017059326 0.00592041

1499530809451 MAGNETIC_FIELD -3.791809 -39.579773 -9.899902

1499530809451 GRAVITY -0.16944712 9.703114 1.4111215

1499530809451 LINEAR_ACCELERATION 0.040877417 0.04672146 -0.005242467

1499530809452 ROTATION_VECTOR 0.59675527 -0.26820886 -0.3220261

1499530809655 ACCELEROMETER -0.22694397 9.522659 1.2537079

1499530809655 GYROSCOPE 0.006439209 -0.025604248 0.0262146

1499530809656 MAGNETIC_FIELD -4.3899536 -38.38501 -9.819031

1499530809656 GRAVITY -0.16245298 9.709134 1.3699298

1499530809656 LINEAR_ACCELERATION -0.059865892 0.030024529 -0.09576142

1499530809657 ROTATION_VECTOR 0.5995061 -0.2659802 -0.31763873

1499530809864 ACCELEROMETER -0.19595337 9.473373 1.3775787

1499530809870 GYROSCOPE 0.01071167 0.006439209 0.010192871

1499530809873 MAGNETIC_FIELD -3.8909912 -40.159607 -9.632874

1499530809875 GRAVITY -0.16073325 9.708594 1.3739558

1499530809877 LINEAR_ACCELERATION -0.07047433 -0.07787895 0.0302912

1499530809880 ROTATION_VECTOR 0.59499615 -0.2755491 -0.32858184

1499530810060 ACCELEROMETER -0.21090698 9.572067 1.4497681

1499530810076 GRAVITY -0.3398861 9.700664 1.3971379

1499530810089 LINEAR_ACCELERATION 0.23176357 0.19987965 -0.0010135174

1499530810092 ROTATION_VECTOR 0.6049747 -0.25054222 -0.3134603

1499530810094 GYROSCOPE -0.05444336 0.10470581 -0.303833

1499530810097 MAGNETIC_FIELD -4.362488 -38.5437 -10.289001

1499530810254 ACCELEROMETER -0.26387024 9.425079 1.5769348

1499530810255 GYROSCOPE 0.06304932 -0.01171875 -0.06777954

1499530810256 MAGNETIC_FIELD -4.536438 -39.042664 -11.143494

1499530810257 GRAVITY -0.5651696 9.670227 1.5289471

1499530810258 LINEAR_ACCELERATION 0.29931778 -0.15315437 0.26938784

1499530810258 ROTATION_VECTOR 0.60730964 -0.23069547 -0.31096917

1499530810456 ACCELEROMETER 0.08457947 9.697571 1.519165

1499530810457 GYROSCOPE -0.041625977 -0.020263672 0.03475952

1499530810458 MAGNETIC_FIELD -4.2037964 -40.011597 -9.936523

1499530810460 GRAVITY -0.41072565 9.686241 1.4759471

1499530810461 LINEAR_ACCELERATION 0.35539186 0.050951958 -0.06355488

1499530810464 ROTATION_VECTOR 0.62114656 -0.19729318 -0.26002008

1499530810664 ACCELEROMETER -0.23577881 9.422211 1.4732819

1499530810668 GYROSCOPE 0.011779785 -0.008514404 0.004852295

1499530810671 MAGNETIC_FIELD -5.1345825 -38.96942 -10.754395

1499530810673 GRAVITY -0.337625 9.684375 1.5064148

1499530810676 LINEAR_ACCELERATION 0.061244845 -0.05457878 -0.0081368685

1499530810678 ROTATION_VECTOR 0.61766434 -0.20416899 -0.26334047

1499530810855 GRAVITY -0.16358815 9.674302 1.5973428

1499530810856 LINEAR_ACCELERATION 0.2900682 0.08237362 -0.08069527

1499530810858 ACCELEROMETER 0.20007324 9.72168 1.5588837

1499530810859 GYROSCOPE -0.1559143 0.08761597 0.03475952

1499530810860 MAGNETIC_FIELD -5.101013 -39.356995 -10.888672

1499530810861 ROTATION_VECTOR 0.6210443 -0.18127921 -0.2260051

1499530811053 ACCELEROMETER -0.47349548 9.438644 1.3633575

1499530811054 GYROSCOPE -0.014923096 -0.043762207 0.06573486

1499530811054 MAGNETIC_FIELD -4.411316 -39.064026 -10.466003

1499530811055 LINEAR_ACCELERATION -0.21504524 0.022138596 -0.30193663

1499530811055 GRAVITY -0.18396541 9.671772 1.6103938

1499530811056 ROTATION_VECTOR 0.61980325 -0.18367551 -0.23065287

1499530811264 ACCELEROMETER -0.4156189 9.180023 1.3499146

1499530811280 GYROSCOPE -0.03201294 -0.0095825195 -0.09555054

1499530811307 MAGNETIC_FIELD -4.6920776 -38.94043 -11.213684

1499530811308 GRAVITY -0.2856733 9.666373 1.627883

1499530811308 LINEAR_ACCELERATION -0.15483299 -0.17342472 -0.08739579

1499530811309 ROTATION_VECTOR 0.6143097 -0.19905937 -0.25672257

1499530811456 ACCELEROMETER 0.10144043 9.665054 1.3799896

1499530811459 GYROSCOPE -0.007446289 -0.012786865 0.019805908

1499530811460 MAGNETIC_FIELD -3.9077759 -39.02893 -11.120605

1499530811486 GRAVITY -0.35598442 9.672746 1.575323

1499530811488 LINEAR_ACCELERATION -0.004159391 0.10759449 -0.16525674

1499530811489 ROTATION_VECTOR 0.6184369 -0.19291641 -0.2534446

1499530811665 GRAVITY 2.0355253 9.592181 -0.13068482

1499530811676 ACCELEROMETER -2.790619 9.679611 4.085968

1499530811680 ROTATION_VECTOR 0.64750457 -0.29563642 -0.15273574

1499530811683 LINEAR_ACCELERATION -1.246239 1.5276909 4.049211

1499530811686 GYROSCOPE 2.0796509 0.2926941 2.5309448

1499530811689 MAGNETIC_FIELD -0.39520264 -40.719604 -10.972595

1499530811870 ACCELEROMETER 2.4356842 5.378998 0.71110535

1499530811875 GYROSCOPE 1.5252991 2.1576233 1.6412048

1499530811878 MAGNETIC_FIELD -18.251038 -40.052795 -0.94451904

1499530811880 GRAVITY 6.082928 7.578268 -1.318418

1499530811919 LINEAR_ACCELERATION -7.8934436 -1.1140356 3.1331115

1499530811919 ROTATION_VECTOR 0.5719305 -0.4900164 -0.021075228

1499530812056 ACCELEROMETER 8.7777405 3.1743622 -1.9175568

1499530812058 GYROSCOPE 1.0670776 1.8051453 1.9498901

1499530812058 MAGNETIC_FIELD -33.60901 -32.481384 -4.6936035

1499530812059 GRAVITY 8.730994 4.4074974 0.7169985

1499530812059 LINEAR_ACCELERATION -0.39012432 -1.1547112 -3.1790226

1499530812059 ROTATION_VECTOR 0.52410054 -0.43446732 0.2927511

1499530812256 ACCELEROMETER 9.5247345 2.4638824 0.9298096

1499530812257 GYROSCOPE 0.14529419 3.3197327 1.8174438

1499530812258 MAGNETIC_FIELD -41.44287 -20.92743 -13.026428

1499530812258 GRAVITY 8.340381 1.0662242 5.04694

1499530812259 LINEAR_ACCELERATION 2.3237934 1.9038006 -5.089788

1499530812259 ROTATION_VECTOR 0.36225578 -0.33383894 0.5599929

1499530812459 ACCELEROMETER 5.2354736 -0.30740356 3.5726166

1499530812466 GRAVITY 4.2960725 -1.8560876 8.617952

1499530812468 LINEAR_ACCELERATION 1.4838612 2.0947604 -4.211485

1499530812471 ROTATION_VECTOR 0.1430846 -0.2003336 0.8299316

1499530812474 GYROSCOPE 2.5122375 1.5114136 3.5819702

1499530812476 MAGNETIC_FIELD -31.782532 -8.154297 -33.3786

1499530812665 ACCELEROMETER 2.19487 1.2501678 6.1503754

1499530812669 GYROSCOPE 1.6694946 3.9125366 1.1808472

1499530812671 MAGNETIC_FIELD -22.831726 -16.77246 -36.660767

1499530812674 GRAVITY -2.0877926 0.29923746 9.577159

1499530812676 LINEAR_ACCELERATION 5.342018 1.5072525 -6.4131565

1499530812679 ROTATION_VECTOR -0.099725194 0.041901067 0.9618823

1499530812870 ACCELEROMETER -6.2385864 -2.5738068 13.138931

1499530812871 GYROSCOPE 4.6815796 -4.090851 1.6785889

1499530812871 MAGNETIC_FIELD 2.11792 -34.80072 -40.278625

1499530812872 GRAVITY -1.7701956 5.718199 7.767818

1499530812872 LINEAR_ACCELERATION 0.98190236 -13.6107855 6.4333878

1499530812873 ROTATION_VECTOR -0.07551625 0.31344664 0.9446726

1499530813058 ACCELEROMETER 5.6118927 7.9878845 8.475967

1499530813060 GYROSCOPE -1.85849 8.443481 1.3720398

1499530813060 MAGNETIC_FIELD 17.349243 -25.822449 -41.644287

1499530813060 LINEAR_ACCELERATION 2.1136508 10.555254 10.321085

1499530813061 GRAVITY -2.1068475 7.8912654 5.427662

1499530813062 ROTATION_VECTOR 0.21713613 -0.41966435 -0.86073655

1499530813259 ACCELEROMETER 5.9674683 3.5002747 0.42913818

1499530813260 GYROSCOPE -0.6397705 1.5690918 0.5079346

1499530813261 MAGNETIC_FIELD 36.820984 0.6637573 -35.829163

1499530813261 GRAVITY -6.121497 6.8752317 3.380658

1499530813262 LINEAR_ACCELERATION 15.838945 -5.2472057 -5.943324

1499530813263 ROTATION_VECTOR 0.5399428 -0.18999001 -0.7176298

1499530813460 ACCELEROMETER -8.667023 0.5035095 7.906067

1499530813461 GYROSCOPE 0.6526489 0.17520142 0.12768555

1499530813461 MAGNETIC_FIELD 55.83496 -9.222412 -17.034912

1499530813462 GRAVITY -6.5435476 6.781933 2.7125182

1499530813462 LINEAR_ACCELERATION -5.9623585 -7.689661 6.113854

1499530813463 ROTATION_VECTOR 0.57429266 -0.17857215 -0.7004346

1499530813660 ACCELEROMETER -7.1531525 1.6202087 1.2945404

1499530813660 GYROSCOPE 0.53515625 0.40057373 0.9586792

1499530813661 MAGNETIC_FIELD 60.121155 -22.924805 -3.1051636

1499530813661 GRAVITY -6.1056094 7.5052686 1.6008941

1499530813662 LINEAR_ACCELERATION -2.6510854 -5.0800357 1.7501585

1499530813663 ROTATION_VECTOR 0.5913279 -0.26212296 -0.6797327

1499530813861 ACCELEROMETER -9.545105 2.6162567 -2.4001465

1499530813862 GYROSCOPE -0.2947693 0.20510864 0.34344482

1499530813863 MAGNETIC_FIELD 57.31659 -33.972168 7.145691

1499530813864 GRAVITY -5.4417777 8.105126 0.92971116

1499530813864 LINEAR_ACCELERATION -3.847639 -3.8178487 -2.6984265

1499530813865 ROTATION_VECTOR 0.5928357 -0.31803098 -0.65380216

