1499530744393 GYROSCOPE 0.18481445 0.050231934 -0.058166504

1499530744395 MAGNETIC_FIELD 3.1967163 -12.646484 -42.11731

1499530744396 GRAVITY -0.32280475 4.51783 8.698011

1499530744397 LINEAR_ACCELERATION 0.0 0.0 -0.0

1499530744397 ROTATION_VECTOR 0.0 0.0 0.0

1499530744593 ACCELEROMETER -0.3468933 4.383087 8.257294

1499530744594 GYROSCOPE -0.12173462 0.1324768 0.123413086

1499530744595 MAGNETIC_FIELD 3.1967163 -14.665222 -42.11731

1499530744596 GRAVITY -0.2802496 4.684925 8.610652

1499530744597 LINEAR_ACCELERATION 0.1611155 0.1560812 0.043783188

1499530744597 ROTATION_VECTOR 0.24181692 0.050035182 0.13933297

1499530744793 ACCELEROMETER -0.0728302 4.7849884 8.333466

1499530744794 GYROSCOPE 0.04916382 0.044891357 0.0027160645

1499530744794 MAGNETIC_FIELD 2.1835327 -15.000916 -42.445374

1499530744795 GRAVITY -0.25805274 4.8926563 8.49504

1499530744795 LINEAR_ACCELERATION 0.2269572 0.48760986 -0.32962227

1499530744795 ROTATION_VECTOR 0.25197288 0.058164973 0.16739652

1499530744994 ACCELEROMETER 0.03916931 5.258545 7.721161

1499530744995 GYROSCOPE -0.20291138 -0.10357666 0.049713135

1499530744995 MAGNETIC_FIELD 4.714966 -15.841675 -41.62445

1499530744996 GRAVITY -0.044405162 4.957586 8.461132

1499530744996 LINEAR_ACCELERATION 0.39817148 0.51157093 -0.40630722

1499530744997 ROTATION_VECTOR 0.25704002 0.0503265 0.17694601

1499530745194 ACCELEROMETER 0.32525635 5.068939 7.8590393

1499530745195 GYROSCOPE 0.1388855 0.0043029785 -0.33694458

1499530745195 MAGNETIC_FIELD 3.3660889 -14.4973755 -41.62445

1499530745196 GRAVITY -0.07513407 4.850122 8.522972

1499530745197 LINEAR_ACCELERATION 0.1032942 -0.05293274 0.35319233

1499530745197 ROTATION_VECTOR 0.25107694 0.04908899 0.1707774

1499530745430 ACCELEROMETER -0.027282715 4.7826385 8.691177

1499530745430 GYROSCOPE -0.007446289 0.2093811 0.29858398

1499530745432 MAGNETIC_FIELD 4.88739 -14.43634 -41.236877

1499530745432 GRAVITY -0.32196948 4.9955535 8.432744

1499530745433 LINEAR_ACCELERATION -0.06418803 0.13003922 0.057269096

1499530745433 ROTATION_VECTOR 0.25667596 0.06455373 0.17456779

1499530745630 ACCELEROMETER -0.44436646 4.9889984 8.144516

1499530745631 GYROSCOPE -0.051239014 -0.102508545 0.5784302

1499530745632 MAGNETIC_FIELD 8.2977295 -16.05072 -42.93518

1499530745632 GRAVITY -0.18936224 5.0634966 8.396161

1499530745633 LINEAR_ACCELERATION -1.2470018 0.29729366 -0.9430094

1499530745634 ROTATION_VECTOR 0.2602616 0.064643696 0.19712277

1499530745831 ACCELEROMETER -1.3759308 5.1539764 7.1657867

1499530745832 GYROSCOPE 0.09082031 -0.2189331 -0.29101563

1499530745833 MAGNETIC_FIELD 7.583618 -14.813232 -42.54608

1499530745834 LINEAR_ACCELERATION -0.37411478 0.2803874 -0.18501282

1499530745834 GRAVITY 0.17141967 5.1434326 8.34782

1499530745835 ROTATION_VECTOR 0.26908737 0.04440283 0.18817124

1499530746031 ACCELEROMETER -0.2237091 5.189926 7.8121796

1499530746032 GYROSCOPE -0.120666504 0.05343628 0.11166382

1499530746033 MAGNETIC_FIELD 3.6132813 -14.1922 -40.786743

1499530746033 LINEAR_ACCELERATION -0.4512003 0.021015167 -0.20821714

1499530746034 GRAVITY 0.15908451 5.1354327 8.352988

1499530746035 ROTATION_VECTOR 0.270075 0.034287483 0.1506855

1499530746232 ACCELEROMETER -0.25274658 4.9421234 7.7877502

1499530746233 GYROSCOPE -0.0993042 -0.18688965 0.10739136

1499530746233 MAGNETIC_FIELD 4.3060303 -13.789368 -41.91742

1499530746234 GRAVITY 0.39255118 4.9624085 8.449307

1499530746235 LINEAR_ACCELERATION 0.066892475 0.16215038 -0.06281757

1499530746235 ROTATION_VECTOR 0.26206908 0.022913497 0.15956296

1499530746432 ACCELEROMETER 0.43244934 4.890579 8.01091

1499530746434 GYROSCOPE -0.12173462 0.014984131 0.098846436

1499530746435 MAGNETIC_FIELD 2.722168 -13.520813 -42.547607

1499530746435 GRAVITY 0.6214112 4.7656603 8.548258

1499530746436 LINEAR_ACCELERATION -0.20231986 0.033904552 0.049153328

1499530746437 ROTATION_VECTOR 0.2531819 0.007685028 0.15412869

1499530746632 ACCELEROMETER 0.42478943 4.5852814 8.277893

1499530746634 GYROSCOPE -0.3022461 -0.06726074 -0.16604614

1499530746634 MAGNETIC_FIELD 2.4673462 -11.448669 -42.492676

1499530746635 GRAVITY 0.6325576 4.390609 8.7460165

1499530746635 LINEAR_ACCELERATION 0.008755326 0.113557816 0.5547161

1499530746636 ROTATION_VECTOR 0.23254316 9.6323E-4 0.14267524

1499530746833 ACCELEROMETER 0.5854645 4.3158875 8.972946

1499530746834 GYROSCOPE -0.0993042 -0.023468018 -0.012237549

1499530746835 MAGNETIC_FIELD -0.019836426 -10.339355 -42.445374

1499530746836 GRAVITY 0.6193394 4.0524845 8.908657

1499530746836 LINEAR_ACCELERATION -0.16442782 0.18916059 0.22304916

1499530746837 ROTATION_VECTOR 0.21390067 -0.005603143 0.1222398

1499530747034 ACCELEROMETER 0.43829346 4.085129 8.833511

1499530747034 GYROSCOPE -0.023468018 3.0517578E-5 -0.023986816

1499530747035 MAGNETIC_FIELD 0.35705566 -8.96759 -41.76941

1499530747035 LINEAR_ACCELERATION -0.0566805 0.10649848 0.4936018

1499530747036 GRAVITY 0.61868757 3.93739 8.960166

1499530747036 ROTATION_VECTOR 0.20759246 -0.008003565 0.11449914

1499530747239 ACCELEROMETER 0.55358887 3.9278412 9.130814

1499530747240 GYROSCOPE -0.041625977 0.021392822 -0.028259277

1499530747240 MAGNETIC_FIELD -0.32348633 -9.034729 -43.232727

1499530747240 GRAVITY 0.59119374 3.900869 8.977979

1499530747241 LINEAR_ACCELERATION 0.17199516 0.2804699 -0.062259674

1499530747242 ROTATION_VECTOR 0.20542094 -0.0072615854 0.1123691

1499530747438 GRAVITY 0.6597094 3.9504867 8.95147

1499530747440 LINEAR_ACCELERATION 0.19596851 0.24850345 0.075242996

1499530747456 ROTATION_VECTOR 0.20866488 -0.0078098713 0.12489235

1499530747459 ACCELEROMETER 0.74642944 4.0569305 8.641159

1499530747462 GYROSCOPE -0.0053100586 3.0517578E-5 0.010192871

1499530747464 MAGNETIC_FIELD -0.4547119 -8.106995 -43.644714

1499530747643 ACCELEROMETER 0.83384705 4.106415 8.833069

1499530747646 GYROSCOPE -0.037353516 -0.039489746 -0.033599854

1499530747648 MAGNETIC_FIELD -0.9246826 -9.739685 -42.469788

1499530747650 GRAVITY 0.6696881 3.9532595 8.949506

1499530747659 LINEAR_ACCELERATION -0.028477311 0.09683514 0.012347221

1499530747661 ROTATION_VECTOR 0.20883311 -0.009536957 0.11917587

1499530747840 ACCELEROMETER 0.6322479 3.977417 8.775375

1499530747841 GYROSCOPE 0.018188477 -0.007446289 0.020874023

1499530747847 MAGNETIC_FIELD -1.6326904 -9.317017 -42.999268

1499530747849 GRAVITY 0.7293802 4.023258 8.913573

1499530747851 LINEAR_ACCELERATION 0.03933394 0.14108086 -0.14139938

1499530747853 ROTATION_VECTOR 0.21295781 -0.013536094 0.11294435

1499530748045 ACCELEROMETER 0.84228516 4.057251 8.457672

1499530748054 GYROSCOPE 0.5896301 -1.2165527 -0.23867798

1499530748064 MAGNETIC_FIELD -2.255249 -9.272766 -43.43872

1499530748070 GRAVITY 1.7430329 4.5966105 8.485481

1499530748072 LINEAR_ACCELERATION 0.45280564 -0.62787676 -2.3123627

1499530748074 ROTATION_VECTOR 0.24984667 -0.07026736 0.085151345

1499530748242 ACCELEROMETER 2.1846619 3.8507996 5.9559326

1499530748245 GYROSCOPE -0.2808838 -0.6333618 0.50579834

1499530748247 MAGNETIC_FIELD -11.254883 -12.486267 -40.290833

1499530748249 GRAVITY 3.3464324 4.7801366 7.8817554

1499530748252 LINEAR_ACCELERATION -0.18554997 -0.10012436 1.2320452

1499530748254 ROTATION_VECTOR 0.25942385 -0.17561772 0.014893119

1499530748445 ACCELEROMETER 3.2400818 4.5654297 8.842133

1499530748448 GYROSCOPE 0.05770874 0.03100586 0.14370728

1499530748450 MAGNETIC_FIELD -18.893433 -9.663391 -36.824036

1499530748458 GRAVITY 4.1499786 4.37978 7.730821

1499530748460 LINEAR_ACCELERATION 0.7306495 0.33713722 0.16142082

1499530748464 ROTATION_VECTOR 0.2267079 -0.2333267 -0.039062273

1499530748644 ACCELEROMETER 4.698883 4.5373535 7.7478943

1499530748647 GYROSCOPE -0.024536133 0.15597534 0.04437256

1499530748649 MAGNETIC_FIELD -19.696045 -9.828186 -35.916138

1499530748652 GRAVITY 4.0518093 4.313368 7.819724

1499530748654 LINEAR_ACCELERATION -0.2804911 0.14013433 1.1516304

1499530748656 ROTATION_VECTOR 0.21706936 -0.2327787 -0.062677965

1499530748840 ACCELEROMETER 3.7175598 4.296295 8.783173

1499530748850 GYROSCOPE 0.13674927 0.23928833 -0.05709839

1499530748852 MAGNETIC_FIELD -18.536377 -7.13501 -39.292908

1499530748855 GRAVITY 3.7500052 4.3787513 7.9331193

1499530748857 LINEAR_ACCELERATION 0.28861523 -0.49694824 0.17783737

1499530748859 ROTATION_VECTOR 0.22570372 -0.21114288 -0.04171377

1499530749050 ACCELEROMETER 3.8995514 3.7767334 7.887192

1499530749053 GYROSCOPE -0.12600708 0.11645508 -0.010101318

1499530749055 MAGNETIC_FIELD -15.113831 -9.788513 -38.835144

1499530749057 GRAVITY 3.4315555 4.3814983 8.074484

1499530749059 LINEAR_ACCELERATION -0.09175277 -0.604022 0.28892756

1499530749061 ROTATION_VECTOR 0.23041528 -0.18768245 -0.018270481

1499530749248 ACCELEROMETER 3.2703247 3.716095 8.146103

1499530749251 GYROSCOPE -0.029876709 -0.010650635 0.0069885254

1499530749253 MAGNETIC_FIELD -14.814758 -8.570862 -38.467407

1499530749255 GRAVITY 3.353709 4.247505 8.178124

1499530749258 LINEAR_ACCELERATION 0.19316721 -0.14778423 0.036333084

1499530749260 ROTATION_VECTOR 0.22612968 -0.1785975 -1.3550327E-4

1499530749449 ACCELEROMETER 3.4471436 3.9942017 8.093369

1499530749452 GYROSCOPE 0.013916016 -0.0053100586 -0.011169434

1499530749454 MAGNETIC_FIELD -15.000916 -9.390259 -39.05945

1499530749456 GRAVITY 3.3642464 4.218235 8.188939

1499530749458 LINEAR_ACCELERATION 0.06897402 -0.2211194 0.37805843

1499530749460 ROTATION_VECTOR 0.2250055 -0.1784736 0.0025531556

1499530749648 ACCELEROMETER 3.3250275 3.895523 8.297455

1499530749654 GYROSCOPE 0.0010986328 -0.0031738281 0.010192871

1499530749656 MAGNETIC_FIELD -15.319824 -9.202576 -39.09607

1499530749659 GRAVITY 3.3938413 4.1720448 8.200382

1499530749661 LINEAR_ACCELERATION 0.055990458 -0.101719856 0.066838264

1499530749663 ROTATION_VECTOR 0.22322485 -0.1790741 0.006527266

1499530749844 ACCELEROMETER 3.3903809 3.9892578 8.124298

1499530749845 GYROSCOPE -0.0010375977 0.048095703 -0.014373779

1499530749845 MAGNETIC_FIELD -15.049744 -8.566284 -40.342712

1499530749846 GRAVITY 3.3469183 4.095587 8.258007

1499530749847 LINEAR_ACCELERATION -0.008101702 -0.14256239 0.10372162

1499530749847 ROTATION_VECTOR 0.21870688 -0.17642589 0.0060869525

1499530750046 ACCELEROMETER 3.2922974 3.8795624 8.215134

1499530750047 GYROSCOPE -0.039489746 0.020324707 -0.033599854

1499530753047 ACCELEROMETER 2.7228699 3.1652985 8.8953705

1499530753049 GYROSCOPE 3.0517578E-5 0.029937744 0.03262329

1499530753049 MAGNETIC_FIELD -12.998962 -5.5099487 -39.34784

1499530753049 GRAVITY 2.9377887 3.3854642 8.722294

1499530753050 LINEAR_ACCELERATION -0.11733532 -0.1367507 -0.08874798

1499530753050 ROTATION_VECTOR 0.16648993 -0.16603576 -0.06731725

1499530753247 ACCELEROMETER 2.8370514 3.2529907 8.554672

1499530753249 GRAVITY 2.910423 3.3417985 8.748269

1499530753257 LINEAR_ACCELERATION -0.032563925 -0.048246145 -0.064232826

1499530753257 GYROSCOPE -0.025604248 0.011779785 0.00592041

1499530753258 MAGNETIC_FIELD -12.966919 -5.2474976 -39.67285

1499530753258 ROTATION_VECTOR 0.16610496 -0.16239326 -0.05598158

1499530753448 GRAVITY 2.8926153 3.2591553 8.785275

1499530753449 LINEAR_ACCELERATION -0.02560854 -0.017528534 0.07760525

1499530753450 ACCELEROMETER 2.868042 3.2584991 8.599869

1499530753450 GYROSCOPE -0.046966553 -0.014923096 -0.003692627

1499530753450 MAGNETIC_FIELD -13.510132 -5.670166 -39.471436

1499530753451 ROTATION_VECTOR 0.16138813 -0.16133653 -0.05775256

1499530753660 ACCELEROMETER 2.8574982 3.2410126 8.736923

1499530753669 GYROSCOPE -0.049102783 0.03955078 -0.023986816

1499530753672 MAGNETIC_FIELD -13.800049 -5.584717 -40.319824

1499530753674 GRAVITY 2.9228804 3.2478352 8.7794485

1499530753677 LINEAR_ACCELERATION 0.11290836 0.12103033 -0.113256454

1499530753679 ROTATION_VECTOR 0.16346586 -0.16016118 -0.041263524

1499530753858 ACCELEROMETER 2.9598389 3.2738342 8.6085205

1499530753861 GYROSCOPE -0.0095825195 0.0010986328 0.02835083

1499530753863 MAGNETIC_FIELD -13.75885 -5.723572 -39.60724

1499530753865 GRAVITY 2.917331 3.2125397 8.794269

1499530753867 LINEAR_ACCELERATION 0.051889658 0.029010773 -0.04654026

1499530753869 ROTATION_VECTOR 0.16297524 -0.15829141 -0.032660343

1499530754050 ACCELEROMETER 2.9632874 3.235962 8.666901

1499530754055 GYROSCOPE -0.0031738281 -0.015991211 -4.8828125E-4

1499530754056 GRAVITY 2.970106 3.2219796 8.773124

1499530754057 MAGNETIC_FIELD -13.600159 -5.505371 -39.741516

1499530754058 LINEAR_ACCELERATION 0.0716691 0.068576336 -0.009414673

1499530754059 ROTATION_VECTOR 0.16529636 -0.15928678 -0.021548621

1499530754257 ACCELEROMETER 2.984726 3.2335205 8.607986

1499530754263 GRAVITY 3.0222476 3.2559004 8.742741

1499530754269 LINEAR_ACCELERATION 0.037821293 0.07117748 0.021467209

1499530754271 ROTATION_VECTOR 0.16723815 -0.16209774 -0.020997075

1499530754275 GYROSCOPE 0.020324707 -0.021331787 0.027282715

1499530754277 MAGNETIC_FIELD -13.685608 -5.2474976 -39.819336

1499530754454 ACCELEROMETER 3.006424 3.2891846 8.816177

1499530754460 GRAVITY 2.9234612 3.181996 8.803333

1499530754465 LINEAR_ACCELERATION -0.18264246 -0.078267574 -0.055298805

1499530754467 ROTATION_VECTOR 0.15892625 -0.16092671 -0.047296554

1499530754470 GYROSCOPE -0.09503174 0.03955078 -0.05923462

1499530754472 MAGNETIC_FIELD -14.190674 -6.2576294 -40.475464

1499530754658 ACCELEROMETER 3.0460358 3.5173492 8.384232

1499530754685 GYROSCOPE 0.042755127 -0.19436646 0.0037841797

1499530754697 MAGNETIC_FIELD -13.859558 -6.2088013 -38.81073

1499530754702 GRAVITY 3.0465956 3.222984 8.746486

1499530754703 LINEAR_ACCELERATION -0.047435045 1.1940994 -0.8830471

1499530754703 ROTATION_VECTOR 0.16052678 -0.16817993 -0.049974386

1499530754851 ACCELEROMETER 2.6170654 4.134781 7.732376

1499530754852 GYROSCOPE -0.36740112 -0.18795776 0.06893921

1499530754852 MAGNETIC_FIELD -15.341187 -4.6432495 -38.879395

1499530754853 GRAVITY 3.3884645 2.9509597 8.716681

1499530754853 LINEAR_ACCELERATION -0.23326421 0.7983005 0.21197605

1499530754854 ROTATION_VECTOR 0.14045179 -0.18933105 -0.07595851

1499530755059 ACCELEROMETER 3.390854 3.4598694 8.952469

1499530755062 GYROSCOPE -0.53189087 -0.06939697 0.012329102

1499530755065 MAGNETIC_FIELD -17.312622 -2.7740479 -37.927246

1499530755067 GRAVITY 3.653906 2.1650388 8.83923

1499530755070 LINEAR_ACCELERATION -0.034738064 0.53105664 -0.9103298

1499530755072 ROTATION_VECTOR 0.09377087 -0.20132506 -0.096386775

1499530755251 ACCELEROMETER 3.1153564 2.333496 7.5726166

1499530755253 GYROSCOPE -0.36740112 0.5020447 0.61260986

1499530755253 MAGNETIC_FIELD -17.96112 2.2781372 -37.95166

1499530755254 GRAVITY 3.332552 1.2238828 9.141477

1499530755254 LINEAR_ACCELERATION -2.1289072 1.3920267 -2.7625608

1499530755254 ROTATION_VECTOR 0.047317326 -0.17797607 -0.09040408

1499530755456 ACCELEROMETER 0.17175293 3.9061737 5.1125183

1499530755459 GYROSCOPE -0.008514404 3.0762024 0.6286316

1499530755460 MAGNETIC_FIELD -12.164307 8.773804 -39.891052

1499530755462 GRAVITY -0.10697926 0.6903457 9.781736

1499530755464 LINEAR_ACCELERATION -2.2348528 4.2885933 -0.8190136

1499530755465 ROTATION_VECTOR 0.035301175 0.0049070213 -0.015611917

1499530755663 ACCELEROMETER -2.2419891 -1.4199677 7.583954

1499530755669 GYROSCOPE -1.0723572 1.9493408 1.4062195

1499530755674 MAGNETIC_FIELD 14.616394 6.816101 -43.066406

1499530755676 GRAVITY -4.609407 -0.30727857 8.650395

1499530755679 LINEAR_ACCELERATION 11.097248 1.6556401 -16.965963

1499530755682 ROTATION_VECTOR -0.06729491 0.23328951 0.20627348

1499530755852 ACCELEROMETER 9.478149 11.364853 -12.267319

1499530755853 GYROSCOPE -2.3156433 2.5207825 2.3984985

1499530755853 MAGNETIC_FIELD 40.13672 15.447998 -25.566101

1499530755854 GRAVITY -8.067352 -1.1725209 5.4510007

1499530755854 LINEAR_ACCELERATION 11.367499 8.351056 -18.726608

1499530755855 ROTATION_VECTOR -0.2715358 0.38515532 0.39924526

1499530756053 ACCELEROMETER -0.6584625 -3.941574 -6.13385

1499530756054 GYROSCOPE -2.098816 6.2645264 2.1816711

1499530756055 MAGNETIC_FIELD 56.65741 5.345154 4.9179077

1499530756056 GRAVITY -9.697844 -0.52361083 -1.3594302

1499530756056 LINEAR_ACCELERATION -4.578043 -6.779105 10.945296

1499530756057 ROTATION_VECTOR -0.64292115 0.39492285 0.5398638

1499530756253 ACCELEROMETER -7.8685913 -0.2937317 3.7234955

1499530756255 GYROSCOPE 0.05557251 2.0401306 -0.4651184

1499530756256 MAGNETIC_FIELD 49.91913 -24.031067 32.80182

1499530756257 GRAVITY -5.757612 1.5408337 -7.787562

1499530756257 LINEAR_ACCELERATION -0.6724305 2.0272684 1.518074

1499530756258 ROTATION_VECTOR -0.8855416 0.33596313 0.31921113

1499530756454 ACCELEROMETER -5.497696 3.9999084 -2.1008148

1499530756455 GYROSCOPE -0.11532593 0.12820435 0.6446533

1499530756456 MAGNETIC_FIELD 38.624573 -32.57141 39.39209

1499530756457 GRAVITY -4.1189804 2.307281 -8.595397

1499530756457 LINEAR_ACCELERATION -0.45814967 7.4528084 8.435778

1499530756458 ROTATION_VECTOR 0.90669596 -0.34080163 -0.24567853

1499530756654 ACCELEROMETER -3.9340515 9.492355 -0.33216858

1499530756655 GYROSCOPE 0.30978394 0.30978394 -0.4992981

1499530756656 MAGNETIC_FIELD 31.140137 -34.01947 43.49518

1499530756657 GRAVITY -3.7769773 2.5862622 -8.67272

1499530756657 LINEAR_ACCELERATION -1.278094 5.473182 1.3575568

1499530756658 ROTATION_VECTOR 0.8892337 -0.3891645 -0.23621461

1499530756854 ACCELEROMETER -4.660263 7.0453796 -6.0683746

1499530756855 GYROSCOPE 0.0128479 0.4133911 0.045440674

1499530756856 MAGNETIC_FIELD 27.119446 -34.10797 45.884705

1499530756857 LINEAR_ACCELERATION -1.3681414 5.158021 0.010913372

1499530756858 GRAVITY -3.3067498 2.4750786 -8.894367

1499530756858 ROTATION_VECTOR 0.8992743 -0.38051587 -0.20937267

1499530757055 ACCELEROMETER -3.0919342 7.3108826 -6.051117

1499530757056 GYROSCOPE 0.41766357 0.06518555 -0.021850586

1499530757057 MAGNETIC_FIELD 24.035645 -32.263184 46.79413

1499530757057 GRAVITY -2.930378 2.4552135 -9.030791

1499530757058 LINEAR_ACCELERATION -1.3752544 5.3943806 0.06930065

1499530757059 ROTATION_VECTOR 0.88915485 -0.41212365 -0.19203305

