1499530776082 GYROSCOPE -0.06832886 -0.06726074 -0.11477661

1499530776085 MAGNETIC_FIELD 12.983704 -10.964966 -44.413757

1499530776087 GRAVITY -0.3662512 4.6438937 8.629629

1499530776087 LINEAR_ACCELERATION 0.0 0.0 -0.0

1499530776088 ROTATION_VECTOR 0.0 0.0 0.0

1499530776283 ACCELEROMETER -0.35295105 4.5231323 8.664597

1499530776284 GYROSCOPE 0.12927246 -0.10891724 -0.1980896

1499530776285 MAGNETIC_FIELD 11.128235 -11.470032 -42.936707

1499530776285 GRAVITY -0.41463315 4.597263 8.652378

1499530776286 LINEAR_ACCELERATION -0.054394096 -0.079235554 0.0518713

1499530776286 ROTATION_VECTOR 0.21725082 0.107951775 0.35191286

1499530776483 ACCELEROMETER -0.41693115 4.5112915 8.531113

1499530776485 GYROSCOPE 0.043823242 -0.10144043 -0.060302734

1499530776486 GRAVITY -0.3521351 4.7210426 8.588256

1499530776486 LINEAR_ACCELERATION 1.5708804E-4 -0.010909557 0.04172802

1499530776487 MAGNETIC_FIELD 11.972046 -11.637878 -44.085693

1499530776487 ROTATION_VECTOR 0.2271171 0.102657795 0.3321388

1499530776684 ACCELEROMETER -0.38824463 4.6219177 8.336502

1499530776685 GYROSCOPE 0.94104004 -0.66967773 0.14477539

1499530776686 MAGNETIC_FIELD 9.440613 -13.824463 -42.608643

1499530776687 GRAVITY 0.19176005 5.3846774 8.1938305

1499530776688 LINEAR_ACCELERATION -0.35660857 -0.41725922 0.43412113

1499530776688 ROTATION_VECTOR 0.2731706 0.08722808 0.32370538

1499530776884 ACCELEROMETER 0.17558289 5.1474915 7.7664185

1499530776885 GYROSCOPE 0.3428955 -2.8742676 -0.90411377

1499530776886 MAGNETIC_FIELD -5.4092407 -22.232056 -39.328003

1499530776887 GRAVITY 0.59591484 6.6168694 7.2133427

1499530776887 LINEAR_ACCELERATION -7.2922807 -1.4639044 -1.8882794

1499530776888 ROTATION_VECTOR 0.35321456 -0.08637918 -0.13923298

1499530777120 ACCELEROMETER -6.399597 2.7937164 4.5539703

1499530777122 GYROSCOPE 1.1140747 -4.4476013 2.3450928

1499530777122 GRAVITY 6.4276075 6.652964 3.2548919

1499530777123 LINEAR_ACCELERATION 2.9224029 -4.5681 2.606709

1499530777123 ROTATION_VECTOR -0.085061535 -0.57167405 -0.66395444

1499530777321 ACCELEROMETER 10.433014 2.0726624 3.7050629

1499530777322 GYROSCOPE 3.5386963 -3.0953674 1.2043457

1499530777322 MAGNETIC_FIELD -36.019897 -6.680298 -15.058899

1499530777323 GRAVITY 7.167737 4.3169975 -5.1144366

1499530777324 LINEAR_ACCELERATION 4.4809017 -2.1879559 -2.9368782

1499530777324 ROTATION_VECTOR -0.421808 -0.7634407 -0.4235067

1499530777522 ACCELEROMETER 9.903107 0.80378723 -9.089783

1499530777523 GYROSCOPE 1.9717712 -1.8883972 0.4887085

1499530777524 MAGNETIC_FIELD -38.269043 8.610535 15.385437

1499530777524 GRAVITY 4.298242 -0.43229917 -8.803898

1499530777525 LINEAR_ACCELERATION 1.6716948 -2.2026122 1.8109932

1499530777525 ROTATION_VECTOR -0.31341177 -0.9223052 -0.05096077

1499530777722 ACCELEROMETER 5.780655 -2.809723 -6.4881744

1499530777724 GYROSCOPE 1.0403748 -1.9225769 -1.3527222

1499530777724 MAGNETIC_FIELD -28.381348 21.684265 25.292969

1499530777725 GRAVITY 1.3912873 -2.8676884 -9.274216

1499530777726 LINEAR_ACCELERATION 3.896871 -1.5672901 0.46522045

1499530777726 ROTATION_VECTOR -0.07143057 -0.98374337 0.1426397

1499530777847 ACCELEROMETER 4.154663 -4.774704 -8.07872

1499530777847 MAGNETIC_FIELD -24.705505 23.329163 29.103088

1499530777923 GYROSCOPE 0.29803467 -1.8275146 -0.12332153

1499530777924 GRAVITY -1.3673629 -4.1667414 -8.771486

1499530777924 LINEAR_ACCELERATION 1.5407847 -3.3189862 -0.38936806

1499530777925 ROTATION_VECTOR -0.02064758 0.9730339 -0.21671431

1499530778123 ACCELEROMETER 1.282074 -6.852524 -8.495499

1499530778124 GYROSCOPE -0.09075928 -0.91641235 -0.47366333

1499530778125 MAGNETIC_FIELD -17.959595 20.274353 39.445496

1499530778125 GRAVITY -3.372378 -4.596007 -7.97961

1499530778126 LINEAR_ACCELERATION 0.8051243 -1.3544984 1.2190485

1499530778126 ROTATION_VECTOR -0.014209874 0.9521791 -0.24335079

1499530778324 ACCELEROMETER -3.5246887 -5.685257 -6.476364

1499530778324 GYROSCOPE -0.10357666 -1.4963989 2.096222

1499530778325 MAGNETIC_FIELD -7.746887 18.104553 45.58716

1499530778325 GRAVITY -5.3549905 -4.0295644 -7.1594043

1499530778326 LINEAR_ACCELERATION 6.502288 -1.3319304 -1.9931521

1499530778326 ROTATION_VECTOR 0.20234928 0.90779006 -0.27947435

1499530778524 ACCELEROMETER 0.59776306 -5.4902344 -8.899811

1499530778525 GYROSCOPE 1.5947266 -0.8907776 0.68310547

1499530778526 MAGNETIC_FIELD 4.397583 21.229553 47.146606

1499530778527 GRAVITY -7.307451 -3.6243925 -5.443834

1499530778527 LINEAR_ACCELERATION 4.4228077 -1.9012802 -4.2184234

1499530778528 ROTATION_VECTOR 0.46528623 0.74904406 -0.4009634

1499530778725 ACCELEROMETER -2.4773865 -4.6091156 -9.649048

1499530778726 GYROSCOPE 0.28414917 -0.12921143 1.0815125

1499530778726 MAGNETIC_FIELD 13.220215 20.674133 47.38159

1499530778727 GRAVITY -8.046501 -3.4061983 -4.4521933

1499530778727 LINEAR_ACCELERATION 1.7998443 -2.261047 -4.9790406

1499530778728 ROTATION_VECTOR 0.57371914 0.6307496 -0.47443467

1499530778926 ACCELEROMETER -4.564926 -6.109558 -9.15535

1499530778927 GYROSCOPE -0.012786865 0.7477112 0.613678

1499530778928 MAGNETIC_FIELD 14.915466 20.036316 48.03009

1499530778928 GRAVITY -7.8911467 -2.4013145 -5.3041387

1499530778928 LINEAR_ACCELERATION 6.126196 -3.2303174 -3.8996773

1499530778929 ROTATION_VECTOR 0.6455866 0.59468794 -0.431642

1499530779127 ACCELEROMETER -1.7728271 -4.931427 -8.274902

1499530779128 GYROSCOPE -0.19223022 0.35464478 0.036895752

1499530779128 MAGNETIC_FIELD 20.611572 21.272278 46.559143

1499530779129 GRAVITY -7.1191425 -1.9854386 -6.4456367

1499530779129 LINEAR_ACCELERATION 3.8110008 -2.9561327 -3.4585404

1499530779129 ROTATION_VECTOR 0.70618385 0.57440436 -0.37950772

1499530779327 ACCELEROMETER -3.0102081 -3.8530426 -9.961319

1499530779328 GYROSCOPE 0.4262085 -0.2669983 0.3487854

1499530779329 MAGNETIC_FIELD 19.064331 19.657898 46.800232

1499530779329 GRAVITY -6.8709397 -1.8377103 -6.7515473

1499530779329 LINEAR_ACCELERATION 4.232687 0.41139197 -3.8841863

1499530779330 ROTATION_VECTOR 0.72158116 0.56881785 -0.36255535

1499530779528 ACCELEROMETER -2.1853638 -1.7948761 -9.450729

1499530779529 GYROSCOPE 3.0505676 2.321045 0.7546692

1499530779529 MAGNETIC_FIELD 18.778992 20.692444 47.875977

1499530779529 GRAVITY -5.525037 -3.4460657 -7.332734

1499530779530 LINEAR_ACCELERATION 1.7489953 -2.3565288 -1.1155915

1499530779530 ROTATION_VECTOR -0.7943429 -0.4928334 0.35515335

1499530779729 ACCELEROMETER -2.1589355 -6.1051483 -7.2674866

1499530779730 GYROSCOPE -0.48809814 2.4257202 0.03475952

1499530779731 MAGNETIC_FIELD 11.824036 28.742981 40.603638

1499530779732 GRAVITY -1.9632779 -4.848435 -8.295095

1499530779732 LINEAR_ACCELERATION 5.0346947 -0.36829615 1.4800978

1499530779733 ROTATION_VECTOR -0.75974125 -0.5879842 0.23988771

1499530779930 ACCELEROMETER 4.7750244 -5.1007843 -5.6812286

1499530779932 GRAVITY 4.561852 -4.700509 -7.2982955

1499530779933 LINEAR_ACCELERATION 4.457352 -0.5592351 2.525425

1499530779933 GYROSCOPE 0.0897522 4.507477 -0.9959717

1499530779934 MAGNETIC_FIELD -10.343933 32.40509 31.542969

1499530779934 ROTATION_VECTOR -0.6306628 -0.6887481 0.021074397

1499530780130 ACCELEROMETER 8.723434 -4.421982 -4.723633

1499530780132 GRAVITY 7.587727 -4.4563756 -4.328684

1499530780132 LINEAR_ACCELERATION 1.9166212 -0.5840602 -0.5529051

1499530780133 GYROSCOPE 0.2798767 -0.16125488 -0.029327393

1499530780133 MAGNETIC_FIELD -24.653625 31.410217 15.457153

1499530780134 ROTATION_VECTOR -0.44835725 -0.7208864 -0.013404123

1499530780331 ACCELEROMETER 9.247833 -4.4896545 -2.795639

1499530780332 GYROSCOPE 2.9480286 6.1171265 -0.81973267

1499530780333 MAGNETIC_FIELD -27.84729 31.414795 5.2978516

1499530780333 GRAVITY 8.105066 -5.009541 2.3200867

1499530780334 LINEAR_ACCELERATION -0.15619564 -1.4756608 4.7778854

1499530780334 ROTATION_VECTOR -0.24640262 -0.56656355 0.11234977

1499530780532 ACCELEROMETER 6.0992737 -3.8897552 4.7489624

1499530780532 GYROSCOPE -1.1834412 -0.6824951 0.7536011

1499530780533 MAGNETIC_FIELD -27.04773 24.195862 -15.725708

1499530780534 GRAVITY 5.553027 -4.3327374 6.823611

1499530780534 LINEAR_ACCELERATION 1.1990476 4.7011347 -5.2515917

1499530780535 ROTATION_VECTOR -0.15942913 -0.35591435 0.22016777

1499530780732 ACCELEROMETER 6.4463196 -2.4227905 5.645447

1499530780733 GYROSCOPE 0.495636 -0.3866272 -0.30062866

1499530780734 MAGNETIC_FIELD -6.9747925 24.195862 -35.079956

1499530780734 LINEAR_ACCELERATION -1.6640921 -0.87218857 5.515895

1499530780735 GRAVITY 5.821406 -5.007333 6.099856

1499530780736 ROTATION_VECTOR -0.15216121 -0.40723565 0.31115088

1499530780933 ACCELEROMETER 2.9600372 -4.5334015 9.951355

1499530780934 LINEAR_ACCELERATION -5.1032434 3.1266227 1.1888776

1499530780934 GRAVITY 6.753893 -4.6356096 5.3913302

1499530780935 GYROSCOPE -0.2328186 -1.2272339 0.047576904

1499530780936 MAGNETIC_FIELD 2.0996094 23.191833 -37.75482

1499530780936 ROTATION_VECTOR -0.09111995 -0.46563485 0.34948474

1499530781134 ACCELEROMETER 1.243393 -1.1448975 6.509491

1499530781135 GYROSCOPE -0.5041199 -0.28515625 -0.10195923

1499530781135 MAGNETIC_FIELD 6.765747 17.271423 -40.38086

1499530781136 GRAVITY 7.2612305 -5.021182 4.269971

1499530781137 LINEAR_ACCELERATION -3.624257 -0.5024667 5.28249

1499530781137 ROTATION_VECTOR -0.08353702 -0.5247034 0.3662935

1499530781334 ACCELEROMETER 2.3660583 -4.4555206 8.311035

1499530781335 GYROSCOPE -0.13134766 0.28201294 0.08389282

1499530781336 MAGNETIC_FIELD 3.4576416 20.214844 -37.991333

1499530781336 GRAVITY 7.152424 -5.2399325 4.1900263

1499530781337 LINEAR_ACCELERATION -3.6338992 1.6830325 3.3303492

1499530781338 ROTATION_VECTOR -0.100556105 -0.52560115 0.36229858

1499530781535 ACCELEROMETER 2.8390503 -3.2811584 7.529846

1499530781536 GYROSCOPE 0.23928833 0.08441162 -0.0859375

1499530781536 MAGNETIC_FIELD 4.360962 19.670105 -38.65509

1499530781537 GRAVITY 6.853572 -5.1299524 4.783569

1499530781538 LINEAR_ACCELERATION -3.5787692 1.984304 3.8029027

1499530781538 ROTATION_VECTOR -0.085655354 -0.49876752 0.39250976

1499530781736 ACCELEROMETER 2.7773895 -2.5664825 8.514755

1499530781737 GYROSCOPE -0.017059326 0.022460938 -0.013305664

1499530781737 MAGNETIC_FIELD 4.4189453 17.355347 -39.64081

1499530781738 GRAVITY 6.696883 -4.8814726 5.243412

1499530781738 LINEAR_ACCELERATION -2.9389882 1.4667726 4.28935

1499530781739 ROTATION_VECTOR -0.05166821 -0.47957355 0.43719155

1499530781943 ACCELEROMETER 2.8154907 -2.8187714 8.857117

1499530781945 GRAVITY 6.535037 -4.820907 5.497502

1499530781945 LINEAR_ACCELERATION -2.7850318 1.379322 4.0909853

1499530781946 ROTATION_VECTOR -0.03577508 -0.4673602 0.46860972

1499530781947 GYROSCOPE -0.017059326 -0.002105713 0.00592041

1499530781947 MAGNETIC_FIELD 5.2215576 17.971802 -40.423584

1499530782146 ACCELEROMETER 2.9474335 -2.778061 8.896317

1499530782149 GYROSCOPE -0.059783936 -0.006378174 0.010192871

1499530782151 MAGNETIC_FIELD 5.4382324 19.230652 -39.328003

1499530782153 GRAVITY 6.3771353 -4.79593 5.701017

1499530782155 LINEAR_ACCELERATION -2.6589928 1.3597713 4.00233

1499530782158 ROTATION_VECTOR -0.029402798 -0.45657915 0.48767528

1499530782348 GRAVITY 6.2188425 -4.734396 5.9229965

1499530782351 LINEAR_ACCELERATION -2.3688574 1.5268025 4.017088

1499530782353 ROTATION_VECTOR -0.0255103 -0.4442527 0.5007201

1499530782355 ACCELEROMETER 2.885666 -2.8639069 8.998108

1499530782357 GYROSCOPE -0.0053100586 0.029937744 -0.0154418945

1499530782359 MAGNETIC_FIELD 4.585266 17.599487 -39.857483

1499530782546 ACCELEROMETER 3.1147003 -2.5673523 9.272766

1499530782563 GRAVITY 5.159949 -4.1243258 7.248121

1499530782566 LINEAR_ACCELERATION -1.5637913 0.9240086 2.6730251

1499530782568 ROTATION_VECTOR -0.057780594 -0.35652503 0.45818526

1499530782570 GYROSCOPE -0.041625977 -0.0042419434 0.025146484

1499530782573 MAGNETIC_FIELD 5.2886963 18.629456 -40.2771

1499530782746 ACCELEROMETER 2.9483643 -2.823166 9.059723

1499530782749 GYROSCOPE -0.0042419434 0.011779785 -0.01651001

1499530782751 MAGNETIC_FIELD 4.786682 18.670654 -41.029358

1499530782753 GRAVITY 4.3658814 -3.7332394 7.948106

1499530782755 LINEAR_ACCELERATION -1.2291431 0.6163511 1.6069994

1499530782758 ROTATION_VECTOR -0.070763476 -0.29958624 0.4355464

1499530782947 GRAVITY 3.8431776 -3.4515464 8.335898

1499530782950 LINEAR_ACCELERATION -0.7675512 0.37618756 1.0998406

1499530782955 ROTATION_VECTOR -0.07315443 -0.26388615 0.42812788

1499530782957 ACCELEROMETER 2.8280334 -2.8204803 8.883301

1499530782959 GYROSCOPE -0.020263672 0.006439209 -0.003692627

1499530782961 MAGNETIC_FIELD 6.3919067 18.670654 -39.78119

1499530783144 ACCELEROMETER 2.837967 -2.850113 8.945801

1499530783145 GYROSCOPE 0.014984131 3.0517578E-5 -4.8828125E-4

1499530783146 MAGNETIC_FIELD 4.586792 18.545532 -39.941406

1499530783148 GRAVITY 3.502737 -3.2467723 8.565027

1499530783149 LINEAR_ACCELERATION -0.51319337 0.27951908 0.7217035

1499530783150 ROTATION_VECTOR -0.07142608 -0.24125396 0.42936534

1499530783349 ACCELEROMETER 2.8296204 -2.8341522 8.914246

1499530783354 GYROSCOPE -0.018127441 -0.0053100586 -0.007965088

1499530783356 MAGNETIC_FIELD 3.9993286 18.084717 -40.475464

1499530783358 GRAVITY 3.2808523 -3.1080563 8.703239

1499530783360 LINEAR_ACCELERATION -0.35552597 0.18617272 0.4909153

1499530783362 ROTATION_VECTOR -0.06817728 -0.22717865 0.437194

1499530783549 ACCELEROMETER 2.8160553 -2.81427 8.915497

1499530783554 GYROSCOPE 0.0032348633 0.0032348633 0.0027160645

1499530783557 MAGNETIC_FIELD 4.866028 18.424988 -40.437317

1499530783559 GRAVITY 3.1367888 -3.025844 8.784942

1499530783561 LINEAR_ACCELERATION -0.23765874 0.13457489 0.30454063

1499530783563 ROTATION_VECTOR -0.064795226 -0.21884741 0.44919804

1499530783750 GRAVITY 3.0502226 -2.9508464 8.840759

1499530783756 LINEAR_ACCELERATION -0.111177444 0.06612444 0.2557211

1499530783758 ROTATION_VECTOR -0.060381107 -0.2135435 0.4617069

1499530783760 ACCELEROMETER 2.8628235 -2.840088 8.914764

1499530783763 GYROSCOPE 0.01071167 0.0010986328 -0.009033203

1499530783765 MAGNETIC_FIELD 5.000305 18.074036 -40.03296

1499530783950 GRAVITY 2.9945924 -2.9311235 8.8663025

1499530783955 LINEAR_ACCELERATION -0.11099076 0.042890072 0.1036253

1499530783957 ROTATION_VECTOR -0.057020046 -0.21140744 0.4773867

1499530783959 ACCELEROMETER 2.8724365 -2.8516846 8.940918

1499530783962 GYROSCOPE -0.023468018 -0.007446289 0.0016479492

1499530783964 MAGNETIC_FIELD 5.79834 18.774414 -39.396667

1499530784275 ACCELEROMETER 2.84227 -2.845459 8.897202

1499530784280 MAGNETIC_FIELD 4.963684 17.906189 -40.53955

1499530784355 ACCELEROMETER 2.8091125 -2.8247528 8.878311

1499530784358 MAGNETIC_FIELD 4.928589 17.973328 -40.13214

1499530784551 ACCELEROMETER 2.8239594 -2.8006287 8.851334

1499530784558 GYROSCOPE -0.04269409 -0.0053100586 0.004852295

1499530784564 MAGNETIC_FIELD 4.576111 17.721558 -39.587402

1499530784757 ACCELEROMETER 2.8163452 -2.8383636 8.937149

1499530784773 GYROSCOPE -0.0042419434 0.007507324 0.00592041

1499530784777 MAGNETIC_FIELD 4.496765 18.344116 -40.504456

1499530784779 GRAVITY 2.8005953 -2.8827136 8.945223

1499530784786 LINEAR_ACCELERATION 0.0 0.0 -0.0

1499530784788 ROTATION_VECTOR -0.060950067 -0.20051347 0.4728507

1499530784956 ACCELEROMETER 2.7982635 -2.8600159 8.845795

1499530784959 GYROSCOPE -0.041625977 0.0010986328 0.016601563

1499530784961 MAGNETIC_FIELD 5.4504395 19.410706 -40.789795

1499530784966 GRAVITY 2.8038523 -2.947653 8.923012

1499530784970 LINEAR_ACCELERATION 0.023123503 -0.023489237 0.0072288513

1499530784976 ROTATION_VECTOR -0.060252264 -0.20352562 0.48773855

1499530785155 ACCELEROMETER 2.7616272 -3.0012817 8.80455

1499530785157 GYROSCOPE -0.8565979 -0.06085205 0.28683472

1499530785158 MAGNETIC_FIELD 5.3619385 18.948364 -39.422607

1499530785159 GRAVITY 2.7936406 -3.7467444 8.621361

1499530785162 LINEAR_ACCELERATION 0.047918558 0.16463971 0.015996933

1499530785163 ROTATION_VECTOR -0.096478105 -0.22610818 0.48734468

1499530785357 ACCELEROMETER 2.8743286 -3.9008026 8.539764

1499530785360 GYROSCOPE -0.13775635 -0.08969116 -0.14361572

1499530785365 MAGNETIC_FIELD 5.960083 24.08905 -36.593628

1499530785368 GRAVITY 2.831431 -4.4625983 8.260666

1499530785375 LINEAR_ACCELERATION -0.07032704 0.33622074 0.17923355

1499530785377 ROTATION_VECTOR -0.1381436 -0.24441686 0.4525209

1499530785559 ACCELEROMETER 2.7144928 -4.224701 8.097519

1499530785563 GYROSCOPE -0.082214355 -0.05657959 -0.07312012

1499530785568 MAGNETIC_FIELD 4.270935 25.749207 -36.593628

1499530785571 GRAVITY 3.1073723 -4.585536 8.092433

1499530785576 LINEAR_ACCELERATION 0.09898758 0.18794107 -0.4610386

1499530785578 ROTATION_VECTOR -0.14370658 -0.25835857 0.43061227

1499530785752 ACCELEROMETER 3.3503876 -4.3468933 7.574585

1499530785754 GYROSCOPE -0.5062561 -0.4154663 -0.16177368

1499530785754 MAGNETIC_FIELD 3.050232 27.554321 -35.61554

1499530785755 GRAVITY 3.5588078 -4.9553156 7.6778984

1499530785755 LINEAR_ACCELERATION -0.065425634 0.071252346 0.18765354

1499530785756 ROTATION_VECTOR -0.15784119 -0.28917518 0.40926698

1499530785952 ACCELEROMETER 3.7750397 -4.72966 7.73468

1499530785953 GYROSCOPE -0.11853027 0.042755127 0.060394287

1499530785954 MAGNETIC_FIELD -0.5355835 29.919434 -32.681274

1499530785955 GRAVITY 3.8988287 -5.2592216 7.301377

1499530785955 LINEAR_ACCELERATION 0.28436923 0.526145 0.85286236

1499530785956 ROTATION_VECTOR -0.177487 -0.3102124 0.3750028

1499530786166 ACCELEROMETER 3.8781433 -4.94928 8.122696

1499530786180 GYROSCOPE 0.022460938 0.20724487 -0.02078247

1499530786184 MAGNETIC_FIELD 0.49743652 28.694153 -32.72705

1499530786188 GRAVITY 3.6811788 -5.2430143 7.4249654

1499530786190 LINEAR_ACCELERATION -0.03786969 0.6251297 0.6666517

1499530786193 ROTATION_VECTOR -0.18611081 -0.29460973 0.36089405

1499530786354 ACCELEROMETER 3.6542816 -4.4292297 8.250748

1499530786355 GYROSCOPE -0.29156494 0.08547974 0.38830566

1499530786355 MAGNETIC_FIELD 1.4297485 27.740479 -35.508728

1499530786356 GRAVITY 3.243526 -5.4507527 7.479253

1499530786356 LINEAR_ACCELERATION -0.08622813 0.75814867 1.1114712

1499530786357 ROTATION_VECTOR -0.20122194 -0.2795961 0.37438408

1499530786565 ACCELEROMETER 2.8983612 -4.197891 8.80777

1499530786573 GRAVITY 2.7165895 -5.138102 7.8987617

1499530786576 LINEAR_ACCELERATION 0.001376152 1.843915 0.5423231

1499530786579 ROTATION_VECTOR -0.19115125 -0.24644764 0.391529

1499530786587 GYROSCOPE 0.5800171 0.43902588 -0.13827515

1499530786590 MAGNETIC_FIELD 4.483032 27.130127 -36.032104

1499530786768 ACCELEROMETER 2.6126251 -3.0831604 8.2894745

1499530786774 GRAVITY 1.6054376 -5.2038765 8.155527

1499530786777 LINEAR_ACCELERATION 0.3520236 1.7911077 0.96159744

1499530786816 ROTATION_VECTOR -0.21815614 -0.19128966 0.39077148

1499530786819 GYROSCOPE -0.86087036 0.9602661 0.21206665

1499530786819 MAGNETIC_FIELD 7.8552246 24.473572 -37.626648

1499530786956 ACCELEROMETER 1.4875641 -3.3612518 8.187897

1499530786957 GYROSCOPE -0.64190674 -1.0232239 1.2748413

1499530786957 MAGNETIC_FIELD 21.981812 27.432251 -30.427551

1499530786958 GRAVITY 0.8673804 -6.5039086 7.2881556

1499530786958 LINEAR_ACCELERATION -0.17004532 2.3066468 -1.6330876

1499530786959 ROTATION_VECTOR -0.28764716 -0.21369746 0.45279798

1499530787170 ACCELEROMETER -0.38511658 -3.9412231 4.2456055

1499530787177 GRAVITY 0.9526628 -6.4822054 7.296837

1499530787180 LINEAR_ACCELERATION -2.0791185 2.7601705 -2.4083443

1499530787184 ROTATION_VECTOR -0.2567731 -0.2490631 0.5458016

1499530787193 GYROSCOPE 0.7220764 -0.616272 0.20352173

1499530787196 MAGNETIC_FIELD 20.986938 27.546692 -29.88739

1499530787369 ACCELEROMETER 6.6136475 -4.057602 10.294174

1499530787376 LINEAR_ACCELERATION 12.011801 -4.075798 1.6166482

1499530787379 GRAVITY -3.0061615 -6.775591 6.4206505

1499530787383 ROTATION_VECTOR -0.36146933 -0.20488504 0.7309074

1499530787385 GYROSCOPE -1.7911987 1.6801758 6.508606

1499530787390 MAGNETIC_FIELD 2.7328491 24.351501 -34.388733

1499530787564 ACCELEROMETER 5.2988434 -10.0346985 0.76856995

1499530787567 GYROSCOPE 0.9089966 1.7549438 -1.8547363

1499530787569 MAGNETIC_FIELD 4.748535 14.454651 -40.148926

1499530787572 GRAVITY -7.1174846 -5.50418 3.9007432

1499530787574 LINEAR_ACCELERATION 9.068506 0.7250304 -0.19869232

1499530787577 ROTATION_VECTOR -0.5344628 -0.124366105 0.76001275

1499530787770 ACCELEROMETER 0.52967834 -5.0513306 5.396805

1499530787776 LINEAR_ACCELERATION 4.6446724 -2.0754375 3.9478645

1499530787780 ROTATION_VECTOR -0.612028 -0.19542581 0.60547614

1499530787783 GRAVITY -5.4676886 -7.959124 1.7108774

1499530787785 GYROSCOPE -2.4075012 0.6804199 -0.97247314

1499530787791 MAGNETIC_FIELD 17.149353 21.435547 -34.18579

1499530787965 ACCELEROMETER -1.8121796 -11.546295 3.1194916

1499530787969 GYROSCOPE -0.43789673 -0.14202881 0.92022705

1499530787971 MAGNETIC_FIELD 21.881104 29.99878 -21.351624

1499530787975 GRAVITY -5.171496 -8.303546 -0.69075924

1499530787976 LINEAR_ACCELERATION 3.0402093 -2.1065784 2.909338

1499530787977 ROTATION_VECTOR -0.6855589 -0.2553976 0.5397589

1499530788168 ACCELEROMETER -2.7995453 -8.925629 1.9703827

1499530788171 GYROSCOPE -0.017059326 0.06625366 0.8134155

1499530788174 MAGNETIC_FIELD 26.496887 28.19519 -21.116638

1499530788176 GRAVITY -6.3396726 -7.428888 -0.8891381

1499530788179 LINEAR_ACCELERATION 2.534718 -3.1884198 1.1812651

1499530788181 ROTATION_VECTOR -0.7077995 -0.21060228 0.5658075

1499530788370 ACCELEROMETER -1.3224792 -9.220856 1.0096741

1499530788374 GYROSCOPE -0.2050476 -0.12921143 -0.17993164

1499530788376 MAGNETIC_FIELD 26.46637 31.251526 -18.600464

1499530788379 GRAVITY -6.5534644 -7.251729 -0.7968185

1499530788381 LINEAR_ACCELERATION 5.0447874 -2.9372926 3.3675947

1499530788384 ROTATION_VECTOR -0.70054895 -0.22328818 0.5856808

1499530788570 ACCELEROMETER -0.52438354 -8.742035 2.715973

1499530788574 GYROSCOPE -0.30651855 -0.42080688 0.05505371

1499530788576 MAGNETIC_FIELD 23.747253 31.91681 -18.26477

1499530788579 GRAVITY -6.2699833 -7.5124516 -0.64865565

1499530788581 LINEAR_ACCELERATION 4.5318027 -3.2228427 2.7665536

1499530788584 ROTATION_VECTOR -0.6766802 -0.2741826 0.6028095

1499530788768 ACCELEROMETER -4.9212494 -9.316299 1.6990967

1499530788771 GYROSCOPE -1.8905334 -2.026184 2.2308044

1499530788774 MAGNETIC_FIELD 23.277283 33.26111 -17.037964

1499530788777 GRAVITY -7.9588556 -5.72882 0.08734721

1499530788779 LINEAR_ACCELERATION -1.3905001 -4.0098944 0.891117

1499530788784 ROTATION_VECTOR -0.6377765 -0.29797256 0.6978898

1499530788973 ACCELEROMETER -5.4897003 -9.231766 1.2093506

1499530788976 GYROSCOPE 0.20404053 -0.16339111 -0.53775024

1499530788979 MAGNETIC_FIELD 33.036804 29.808044 -15.307617

1499530788981 GRAVITY -8.571401 -4.58581 1.2929899

1499530788984 LINEAR_ACCELERATION 4.008101 -4.9064417 -0.24743521

1499530788987 ROTATION_VECTOR 0.57021284 0.33005026 -0.75185883

1499530789163 ACCELEROMETER -3.5679321 -9.398148 0.09152222

1499530789165 GYROSCOPE 1.4889832 -1.1578064 -0.39248657

1499530789166 GRAVITY -7.5901566 -5.3696804 3.1187239

1499530789167 LINEAR_ACCELERATION 3.3761792 -4.460395 -2.202467

1499530789168 MAGNETIC_FIELD 30.950928 30.87616 -17.121887

1499530789168 ROTATION_VECTOR -0.48608753 -0.32358652 0.8114678

1499530789366 ACCELEROMETER -2.6543121 -8.434967 1.7641907

1499530789367 GYROSCOPE -0.08862305 -0.14309692 0.039031982

1499530789368 MAGNETIC_FIELD 27.22168 30.148315 -18.739319

1499530789369 GRAVITY -6.6708307 -5.4281754 4.712251

1499530789369 LINEAR_ACCELERATION 2.9818797 -4.3824124 -1.8306403

1499530789370 ROTATION_VECTOR -0.40355825 -0.31126 0.86009026

1499530789571 ACCELEROMETER -3.1214447 -9.492447 1.7190247

1499530789576 GRAVITY -6.5333953 -6.2119546 3.859631

1499530789580 LINEAR_ACCELERATION 2.7903175 -3.2765665 -2.516475

1499530789583 ROTATION_VECTOR -0.4224411 -0.35320973 0.83303875

1499530789585 GYROSCOPE 0.002166748 1.1760254 -0.8293457

1499530789588 MAGNETIC_FIELD 28.431702 30.279541 -19.50531

1499530789774 ACCELEROMETER -2.5704193 -8.742035 1.4295807

1499530789779 GYROSCOPE -0.06619263 -1.1118774 0.020874023

1499530789794 MAGNETIC_FIELD 29.664612 33.068848 -13.264465

1499530789796 GRAVITY -5.863358 -6.957805 3.6579182

1499530789799 LINEAR_ACCELERATION 2.5232 -3.7743053 -1.8000963

1499530789801 ROTATION_VECTOR -0.41071436 -0.38054144 0.8222669

1499530789971 ACCELEROMETER -2.552185 -9.720413 0.597641

1499530789976 GYROSCOPE 0.079071045 0.032073975 0.042236328

1499530789979 GRAVITY -5.3462234 -7.121185 4.108164

1499530789981 LINEAR_ACCELERATION 2.0832248 -3.4390917 -2.8359804

1499530789984 ROTATION_VECTOR -0.36417806 -0.39738682 0.8382651

1499530789986 MAGNETIC_FIELD 27.796936 32.730103 -11.84082

1499530790165 ACCELEROMETER -2.2064056 -9.813538 0.8332367

1499530790168 GYROSCOPE -0.06939697 0.35464478 -0.019714355

1499530790169 GRAVITY -5.352509 -7.327199 3.7192996

1499530790169 LINEAR_ACCELERATION 2.2555904 -4.2719417 -2.7120702

1499530790170 MAGNETIC_FIELD 29.922485 33.78296 -13.772583

1499530790171 ROTATION_VECTOR -0.37737253 -0.40982735 0.825117

1499530790370 ACCELEROMETER -2.7763977 -11.084686 1.438858

1499530790379 GYROSCOPE -0.4923706 1.5199585 -0.89556885

1499530790381 MAGNETIC_FIELD 29.458618 32.522583 -11.701965

1499530790384 GRAVITY -5.088418 -8.05475 2.3236544

1499530790387 LINEAR_ACCELERATION 0.28300428 -3.3196511 0.2521417

1499530790390 ROTATION_VECTOR -0.44518068 -0.42818308 0.76362115

1499530790567 ACCELEROMETER -3.4025574 -9.650909 -0.7532501

1499530790568 GYROSCOPE -0.08862305 5.1462097 -0.22906494

1499530790568 MAGNETIC_FIELD 32.58972 36.30371 -1.1764526

1499530790569 GRAVITY -4.186148 -8.785815 -1.2066493

1499530790569 LINEAR_ACCELERATION 3.3748918 -1.3225617 -0.9962803

1499530790569 ROTATION_VECTOR -0.65912706 -0.35647374 0.53490925

1499530790773 ACCELEROMETER 2.0368347 -9.01474 0.055862427

1499530790776 GYROSCOPE 0.5437012 5.8009644 -0.48968506

1499530790778 MAGNETIC_FIELD 21.411133 39.61029 19.892883

1499530790780 GRAVITY -0.4718759 -9.197339 -3.369966

1499530790785 LINEAR_ACCELERATION 7.2684317 -0.93828297 2.6118617

1499530790786 ROTATION_VECTOR -0.8070098 -0.14337222 0.1289748

1499530790972 GRAVITY 1.9260617 -9.558734 -1.0446454

1499530790973 LINEAR_ACCELERATION 2.1843803 1.1189518 0.2095384

1499530790973 ROTATION_VECTOR -0.74313426 -0.031836953 -0.1038587

1499530790973 ACCELEROMETER 7.148941 -8.202408 -1.7976379

1499530790974 GYROSCOPE 0.9784241 0.87268066 -0.83148193

1499530790974 MAGNETIC_FIELD 4.135132 42.893982 14.704895

1499530791178 GRAVITY 4.1650534 -8.866224 0.46128052

1499530791184 ACCELEROMETER 2.9707947 -7.2400513 1.9407959

1499530791186 ROTATION_VECTOR -0.67954 -0.121271074 -0.18780464

1499530791188 LINEAR_ACCELERATION 1.269659 -0.4250512 -0.0993785

1499530791191 GYROSCOPE 0.20404053 0.24569702 -1.5578003

1499530791193 MAGNETIC_FIELD -7.849121 40.211487 14.595032

1499530791379 ACCELEROMETER 6.209671 -9.158768 -0.78648376

1499530791382 GYROSCOPE -0.8640747 -0.6867676 -0.63067627

1499530791384 MAGNETIC_FIELD -22.224426 34.03778 15.90271

1499530791386 GRAVITY 5.9502854 -7.788011 -0.3337198

1499530791389 LINEAR_ACCELERATION 0.55343056 -2.0295048 -0.3356968

1499530791391 ROTATION_VECTOR -0.7144381 -0.0811986 -0.35686418

1499530791572 ACCELEROMETER 6.3742523 -7.770508 -1.7122192

1499530791573 GYROSCOPE -0.41012573 -0.3033142 -0.24081421

1499530791573 MAGNETIC_FIELD -24.287415 27.799988 22.857666

1499530791574 GRAVITY 6.510063 -7.094573 -1.8591642

1499530791574 LINEAR_ACCELERATION 1.8874164 -0.2792716 0.53201103

1499530791574 ROTATION_VECTOR -0.7645522 -0.10124712 -0.36508194

