1499530690247 GYROSCOPE 0.056640625 0.019256592 0.047576904

1499530690249 MAGNETIC_FIELD 2.859497 -9.6206665 -42.445374

1499530690250 GRAVITY -0.13318962 4.1205616 8.897956

1499530690250 LINEAR_ACCELERATION 0.0 0.0 -0.0

1499530690251 ROTATION_VECTOR 0.0 0.0 0.0

1499530690448 ACCELEROMETER -0.14701843 4.083481 8.846695

1499530690449 GYROSCOPE 0.011779785 0.03527832 0.031555176

1499530690450 MAGNETIC_FIELD 4.547119 -8.274841 -42.773438

1499530690450 GRAVITY -0.18650533 4.1001596 8.906419

1499530690451 LINEAR_ACCELERATION -0.036763534 -0.09329891 0.012740135

1499530690452 ROTATION_VECTOR 0.2112409 0.035725504 0.11895021

1499530690647 ACCELEROMETER -0.22387695 3.9743347 8.837097

1499530690648 GYROSCOPE 0.18908691 0.0128479 0.09991455

1499530690649 MAGNETIC_FIELD 3.8711548 -9.95636 -42.773438

1499530690650 LINEAR_ACCELERATION -0.07972978 -0.06916094 -0.19535542

1499530690650 GRAVITY -0.2174743 4.2913256 8.815192

1499530690651 ROTATION_VECTOR 0.2209878 0.041408632 0.13075571

1499530690848 ACCELEROMETER -0.2881775 4.1536407 8.45137

1499530690849 GYROSCOPE 0.006439209 -0.07901001 -0.027191162

1499530690850 MAGNETIC_FIELD 2.5222778 -11.637878 -42.445374

1499530690850 GRAVITY -0.11982471 4.517365 8.703416

1499530690851 LINEAR_ACCELERATION 0.024406515 0.15411615 -0.07864475

1499530690852 ROTATION_VECTOR 0.23373239 0.040230285 0.13934296

1499530691049 ACCELEROMETER -0.09631348 4.5819397 8.460388

1499530691050 GYROSCOPE -0.19436646 3.0517578E-5 0.012329102

1499530691051 MAGNETIC_FIELD 2.859497 -11.637878 -41.789246

1499530691052 GRAVITY -0.091177694 4.4311743 8.747958

1499530691052 LINEAR_ACCELERATION -0.066969074 0.1370511 -0.1140089

1499530691053 ROTATION_VECTOR 0.23000886 0.032775044 0.11737148

1499530691285 ACCELEROMETER -0.15429688 4.4732513 8.463516

1499530691286 ACCELEROMETER -0.09199524 4.3027954 8.896149

1499530691287 GYROSCOPE -0.134552 -0.04055786 0.0016479492

1499530691287 GRAVITY -0.059864417 4.140715 8.889391

1499530691288 LINEAR_ACCELERATION -0.03756942 0.17855787 0.116576195

1499530691288 ROTATION_VECTOR 0.2148061 0.025010435 0.09888361

1499530691486 ACCELEROMETER -0.02078247 4.1885834 8.768875

1499530691488 GYROSCOPE -0.030944824 -0.0042419434 -0.003692627

1499530691495 MAGNETIC_FIELD 2.2460938 -8.947754 -42.99774

1499530691496 GRAVITY -0.016473738 4.068181 8.923005

1499530691497 LINEAR_ACCELERATION 0.0076255165 0.15507078 -0.057476997

1499530691497 ROTATION_VECTOR 0.21128692 0.020278012 0.08941818

1499530691687 ACCELEROMETER -0.022842407 4.0265503 8.567932

1499530691688 GYROSCOPE 0.03314209 -0.106781006 0.047576904

1499530691689 MAGNETIC_FIELD 1.6708374 -8.9279175 -43.359375

1499530691690 GRAVITY 0.059218466 4.0987024 8.908845

1499530691690 LINEAR_ACCELERATION -0.083286285 -0.028064251 -0.20873928

1499530691691 ROTATION_VECTOR 0.21353881 0.013285437 0.07473614

1499530691888 ACCELEROMETER 0.53211975 4.4504547 7.7628937

1499530691889 GYROSCOPE -1.1994629 0.05770874 -0.5409546

1499530691890 MAGNETIC_FIELD 1.8539429 -9.9105835 -42.39807

1499530691890 LINEAR_ACCELERATION 0.48479322 1.4509988 -1.2033138

1499530691891 GRAVITY -0.03632757 3.2412078 9.2554655

1499530691892 ROTATION_VECTOR 0.1672389 0.011564923 0.056984406

1499530692089 ACCELEROMETER 1.178421 3.265335 7.7888947

1499530692090 GYROSCOPE 0.0053710938 -0.52975464 -0.004760742

1499530692091 MAGNETIC_FIELD 1.9165039 -11.541748 -41.81366

1499530692092 GRAVITY 0.36244273 2.2228827 9.5445175

1499530692093 LINEAR_ACCELERATION 1.0202827 0.8000252 -1.3808241

1499530692093 ROTATION_VECTOR 0.114789024 -0.013730391 0.042281646

1499530692289 ACCELEROMETER 0.4559021 3.6922455 8.625946

1499530692290 GYROSCOPE -0.122802734 0.45718384 0.22061157

1499530692291 MAGNETIC_FIELD -2.1697998 -5.4473877 -42.980957

1499530692292 GRAVITY 0.4778259 2.2763917 9.52681

1499530692293 LINEAR_ACCELERATION -0.02309519 1.6612744 -0.41440582

1499530692293 ROTATION_VECTOR 0.11760003 -0.020931007 0.030535901

1499530692490 ACCELEROMETER 0.26426697 3.6380157 8.536499

1499530692491 GYROSCOPE -0.17514038 -0.42721558 -0.099823

1499530692492 MAGNETIC_FIELD 1.4511108 -5.8776855 -43.7088

1499530692493 GRAVITY 0.46126595 2.1405041 9.5590725

1499530692494 LINEAR_ACCELERATION -0.1749632 1.57711 -0.6410227

1499530692494 ROTATION_VECTOR 0.11064601 -0.019504298 0.03751631

1499530692691 ACCELEROMETER 0.44911194 3.4239655 8.867401

1499530692692 GYROSCOPE -0.0053100586 -0.0501709 0.10632324

1499530692693 MAGNETIC_FIELD -0.022888184 -4.486084 -43.933105

1499530692694 GRAVITY 0.88760006 2.0876665 9.540661

1499530692695 LINEAR_ACCELERATION -0.39559126 1.4114656 -0.15687847

1499530692695 ROTATION_VECTOR 0.10851741 -0.042257205 0.030456455

1499530692893 ACCELEROMETER 0.585968 3.5522156 9.118774

1499530692894 GRAVITY 0.83465856 2.2604475 9.506004

1499530692894 LINEAR_ACCELERATION -0.19601583 1.3883016 0.030488968

1499530692895 GYROSCOPE 0.08868408 0.11752319 0.03475952

1499530692895 MAGNETIC_FIELD -1.8753052 -5.632019 -42.67273

1499530692895 ROTATION_VECTOR 0.11717809 -0.039974846 0.024755536

1499530693098 GRAVITY 0.597417 2.7601945 9.391209

1499530693099 LINEAR_ACCELERATION -0.22166693 0.7555051 -0.052811623

1499530693099 ROTATION_VECTOR 0.14271276 -0.028542481 0.015588803

1499530693099 ACCELEROMETER 0.37329102 3.4213867 9.02713

1499530693100 GYROSCOPE 0.045959473 0.016052246 0.009124756

1499530693100 MAGNETIC_FIELD 0.0793457 -5.093384 -43.1015

1499530693299 ACCELEROMETER 0.39315796 3.5026703 8.993607

1499530693300 GYROSCOPE -0.020263672 0.060913086 0.04437256

1499530693300 MAGNETIC_FIELD -0.1296997 -3.8635254 -43.060303

1499530693301 GRAVITY 0.50060266 3.0535443 9.305678

1499530693303 LINEAR_ACCELERATION -0.06855297 0.56554246 -0.036646843

1499530693305 ROTATION_VECTOR 0.15823524 -0.022451214 0.021273067

1499530693500 GRAVITY 0.5223665 3.3092093 9.216651

1499530693506 LINEAR_ACCELERATION 0.061981857 0.40586925 -0.11696243

1499530693508 ROTATION_VECTOR 0.17217626 -0.020902809 0.035198927

1499530693510 ACCELEROMETER 0.5727234 3.6295624 8.870682

1499530693512 GYROSCOPE 0.076934814 -0.039489746 -0.010101318

1499530693514 MAGNETIC_FIELD 1.4587402 -5.8776855 -42.82074

1499530693704 GRAVITY 0.6264875 3.4063115 9.17469

1499530693708 LINEAR_ACCELERATION -0.20768446 0.23065567 -0.047408104

1499530693710 ROTATION_VECTOR 0.17747147 -0.026923226 0.030816453

1499530693713 ACCELEROMETER 0.41549683 3.5389404 8.845566

1499530693715 GYROSCOPE -0.09289551 -0.16766357 0.070007324

1499530693717 MAGNETIC_FIELD 1.473999 -5.293274 -42.671204

1499530693915 GRAVITY 0.90668434 3.5627503 9.091486

1499530693920 ACCELEROMETER 0.5427704 3.6917267 9.125748

1499530693926 LINEAR_ACCELERATION -0.3342721 0.20271659 0.15982819

1499530693933 ROTATION_VECTOR 0.18485013 -0.047892038 -0.0042321254

1499530693935 GYROSCOPE 0.19122314 -0.31506348 -0.017578125

1499530693937 MAGNETIC_FIELD -1.4022827 -4.8477173 -42.75055

1499530694105 GRAVITY 1.5620084 4.004483 8.814456

1499530694108 LINEAR_ACCELERATION -0.25513017 -0.017621994 0.12956142

1499530694110 ROTATION_VECTOR 0.2050405 -0.092445776 -0.05031531

1499530694113 ACCELEROMETER 1.1660309 3.8867188 8.827484

1499530694115 GYROSCOPE 0.3151245 -0.61413574 -0.07418823

1499530694117 MAGNETIC_FIELD -1.4373779 -6.916809 -42.70935

1499530694308 ACCELEROMETER 2.3509064 4.361664 7.66391

1499530694311 GYROSCOPE 0.16452026 -0.43255615 0.17254639

1499530694313 MAGNETIC_FIELD -7.2158813 -9.638977 -41.44287

1499530694315 GRAVITY 2.5066013 4.42787 8.383394

1499530694317 LINEAR_ACCELERATION 0.036721945 0.087376595 -0.7585411

1499530694319 ROTATION_VECTOR 0.22122575 -0.15370427 -0.08857

1499530694507 GRAVITY 2.9071171 4.2948 8.323086

1499530694510 LINEAR_ACCELERATION 0.40736318 0.6505089 -0.30925274

1499530694514 ROTATION_VECTOR 0.20582056 -0.18242434 -0.12478834

1499530694516 ACCELEROMETER 3.2199097 4.8636017 7.7957

1499530694519 GYROSCOPE -0.33322144 0.026733398 -0.087005615

1499530694521 MAGNETIC_FIELD -14.729309 -12.40387 -38.0661

1499530694709 ACCELEROMETER 3.1513367 4.531418 8.243866

1499530694715 GYROSCOPE -0.03414917 -0.06085205 -0.022918701

1499530694717 MAGNETIC_FIELD -15.79895 -10.861206 -37.826538

1499530694720 GRAVITY 2.8994467 4.038548 8.453031

1499530694722 LINEAR_ACCELERATION 0.26867986 0.5062368 -0.07922363

1499530694724 ROTATION_VECTOR 0.18805225 -0.1834441 -0.14450167

1499530694911 ACCELEROMETER 3.1898804 4.370041 8.099457

1499530694921 GRAVITY 2.9384758 4.014291 8.451108

1499530694923 LINEAR_ACCELERATION 0.295794 0.40126824 -0.21142101

1499530694925 ROTATION_VECTOR 0.1871483 -0.18463193 -0.14107671

1499530694928 GYROSCOPE -0.030944824 0.013916016 -0.0154418945

1499530694930 MAGNETIC_FIELD -15.94696 -9.977722 -38.230896

1499530695112 ACCELEROMETER 3.2202148 4.365387 8.07869

1499530695122 GRAVITY 2.9205356 4.0072827 8.460647

1499530695124 LINEAR_ACCELERATION 0.33998275 0.4153247 -0.24949074

1499530695127 ROTATION_VECTOR 0.18712895 -0.18332985 -0.13977513

1499530695129 GYROSCOPE -0.006378174 0.021392822 0.0027160645

1499530695132 MAGNETIC_FIELD -15.196228 -9.057617 -37.742615

1499530695308 GRAVITY 2.983873 4.096766 8.395439

1499530695313 LINEAR_ACCELERATION 0.16871977 0.24486446 -0.20788097

1499530695316 ROTATION_VECTOR 0.19621432 -0.182898 -0.11607881

1499530695318 ACCELEROMETER 3.0972748 4.2793274 8.066925

1499530695320 GYROSCOPE -0.044830322 0.0053710938 -0.012237549

1499530695322 MAGNETIC_FIELD -15.32135 -9.757996 -37.835693

1499530695513 ACCELEROMETER 3.188446 4.2334747 8.148758

1499530695525 GRAVITY 3.0774972 4.1222224 8.349052

1499530695529 LINEAR_ACCELERATION 0.15607858 0.16586828 -0.08233166

1499530695532 ROTATION_VECTOR 0.19998614 -0.18526289 -0.10170024

1499530695534 GYROSCOPE -0.018127441 -0.03842163 -0.0026245117

1499530695536 MAGNETIC_FIELD -15.208435 -10.06012 -39.665222

1499530695719 ACCELEROMETER 3.2110138 4.1738586 8.081711

1499530695725 GYROSCOPE -0.012786865 -0.03842163 -0.027191162

1499530695728 MAGNETIC_FIELD -15.272522 -9.448242 -38.471985

1499530695730 GRAVITY 3.1731687 4.148066 8.300297

1499530695733 LINEAR_ACCELERATION 0.07688022 0.072416306 -0.097551346

1499530695735 ROTATION_VECTOR 0.20206591 -0.18966284 -0.09662062

1499530695914 GRAVITY 3.2441814 4.185138 8.254107

1499530695923 LINEAR_ACCELERATION 0.037552595 0.07851839 -0.085995674

1499530695926 ACCELEROMETER 3.2190094 4.185959 8.034943

1499530695928 ROTATION_VECTOR 0.20476077 -0.1929525 -0.09226914

1499530695931 GYROSCOPE -0.008514404 -0.033081055 -0.0015563965

1499530695933 MAGNETIC_FIELD -15.124512 -8.674622 -39.276123

1499530696117 ACCELEROMETER 3.294403 4.2137604 8.077332

1499530696124 GYROSCOPE 0.006439209 -0.04269409 0.0069885254

1499530696126 MAGNETIC_FIELD -15.730286 -8.079529 -38.204956

1499530696128 GRAVITY 3.3191888 4.208675 8.212212

1499530696130 LINEAR_ACCELERATION 0.030791283 0.06733084 -0.00742054

1499530696133 ROTATION_VECTOR 0.20563239 -0.19750707 -0.09326819

1499530696309 ACCELEROMETER 3.2670593 4.156189 8.148102

1499530696310 GRAVITY 3.3435583 4.1975784 8.208005

1499530696312 LINEAR_ACCELERATION -0.03765917 0.011083603 0.0459404

1499530696313 ROTATION_VECTOR 0.20398428 -0.19974646 -0.09784416

1499530696314 GYROSCOPE -0.007446289 -0.002105713 0.020874023

1499530696315 MAGNETIC_FIELD -15.856934 -7.6950073 -39.07318

1499530696514 GRAVITY 3.3762608 4.1751833 8.20604

1499530696517 LINEAR_ACCELERATION 0.043447733 0.0149998665 0.06323433

1499530696519 ROTATION_VECTOR 0.2029014 -0.20109555 -0.096564926

1499530696523 ACCELEROMETER 3.379303 4.153778 8.184494

1499530696525 GYROSCOPE 0.007507324 -0.0053100586 0.020874023

1499530696528 MAGNETIC_FIELD -16.503906 -7.6538086 -37.158203

1499530696714 GRAVITY 3.4034953 4.179009 8.192832

1499530696718 LINEAR_ACCELERATION 0.016718626 0.021958351 -0.01163578

1499530696720 ROTATION_VECTOR 0.20399648 -0.20166129 -0.09198263

1499530696723 ACCELEROMETER 3.3918152 4.163803 8.111816

1499530696725 GYROSCOPE -0.017059326 -0.021331787 -0.026123047

1499530696727 MAGNETIC_FIELD -16.644287 -10.317993 -38.249207

1499530696918 GRAVITY 3.3817723 4.199758 8.191217

1499530696922 LINEAR_ACCELERATION -0.021011114 0.06922674 -0.05314064

1499530696924 ROTATION_VECTOR 0.20426248 -0.20159614 -0.096497856

1499530696926 ACCELEROMETER 3.3301086 4.2211 8.055359

1499530696928 GYROSCOPE -0.026672363 0.013916016 -0.023986816

1499530696931 MAGNETIC_FIELD -17.07306 -8.947754 -38.783264

1499530697110 ACCELEROMETER 3.3928223 4.2101746 8.030518

1499530697112 GRAVITY 3.3875914 4.195929 8.190775

1499530697112 LINEAR_ACCELERATION 0.051533937 0.0688014 -0.07918358

1499530697112 GYROSCOPE -0.0362854 0.0010986328 -0.0026245117

1499530697113 MAGNETIC_FIELD -16.029358 -8.390808 -38.09967

1499530697115 ROTATION_VECTOR 0.20608048 -0.19979376 -0.086766586

1499530697311 ACCELEROMETER 3.348816 4.1652527 8.256241

1499530697312 GRAVITY 3.3638349 4.194095 8.201498

1499530697313 LINEAR_ACCELERATION -0.0024745464 -0.014307976 0.11733341

1499530697314 GYROSCOPE 0.0619812 0.0010986328 -0.009033203

1499530697314 MAGNETIC_FIELD -15.505981 -9.938049 -39.027405

1499530697314 ROTATION_VECTOR 0.20718975 -0.19726223 -0.08122872

1499530697513 ACCELEROMETER 3.2851563 4.219101 7.9983826

1499530697514 GYROSCOPE -0.033081055 -0.002105713 0.011260986

1499530697515 GRAVITY 3.3596582 4.248245 8.175299

1499530697516 LINEAR_ACCELERATION -0.040114164 0.0259614 -0.09594917

1499530697516 ROTATION_VECTOR 0.21027449 -0.19738397 -0.08096661

1499530697517 MAGNETIC_FIELD -16.290283 -8.409119 -38.87787

1499530697712 ACCELEROMETER 3.2842255 4.2133484 8.002716

1499530697714 GRAVITY 3.3675687 4.2364287 8.178174

1499530697716 LINEAR_ACCELERATION -0.040154457 0.029898167 -0.061525345

1499530697717 GYROSCOPE -0.0053100586 -0.010650635 0.009124756

1499530697718 MAGNETIC_FIELD -16.235352 -8.755493 -38.360596

1499530697720 ROTATION_VECTOR 0.21012655 -0.19716994 -0.07840513

1499530697917 ACCELEROMETER 3.3133392 4.1699524 8.061584

1499530697919 LINEAR_ACCELERATION -0.012962341 0.0014882088 -0.0028095245

1499530697920 GRAVITY 3.3772748 4.2267623 8.179173

1499530697920 ROTATION_VECTOR 0.20935403 -0.19786131 -0.07942769

1499530697922 GYROSCOPE -0.0010375977 0.002166748 0.010192871

1499530697922 MAGNETIC_FIELD -16.62445 -8.947754 -38.179016

1499530698124 ACCELEROMETER 3.3737335 4.1529236 8.186264

1499530698127 GYROSCOPE -0.033081055 0.0128479 0.00592041

1499530698129 MAGNETIC_FIELD -16.397095 -9.2300415 -37.937927

1499530698131 GRAVITY 3.3759263 4.1827655 8.202315

1499530698133 LINEAR_ACCELERATION 0.03387308 0.011151791 0.06939316

1499530698135 ROTATION_VECTOR 0.20740211 -0.19693314 -0.077010676

1499530698315 ACCELEROMETER 3.3937073 4.1210938 8.127762

1499530698316 GRAVITY 3.3839052 4.1468577 8.217246

1499530698316 LINEAR_ACCELERATION 0.04391861 0.01084137 -0.015895844

1499530698317 GYROSCOPE -0.008514404 0.011779785 0.011260986

1499530698317 MAGNETIC_FIELD -18.118286 -9.080505 -38.50708

1499530698317 ROTATION_VECTOR 0.20585339 -0.19662505 -0.07473734

1499530698517 ACCELEROMETER 3.287323 4.06192 8.076187

1499530698518 GRAVITY 3.3666341 4.137831 8.228883

1499530698519 LINEAR_ACCELERATION -0.040876627 -0.023622036 -0.048921585

1499530698519 GYROSCOPE 0.0032348633 0.007507324 0.008056641

1499530698520 MAGNETIC_FIELD -15.252686 -8.410645 -37.675476

1499530698520 ROTATION_VECTOR 0.20591412 -0.19504644 -0.07214732

1499530698717 ACCELEROMETER 3.3882904 4.04068 8.020447

1499530698718 GRAVITY 3.3967931 4.1162477 8.227313

1499530698719 LINEAR_ACCELERATION 0.05081749 -0.008554935 -0.08247471

1499530698719 GYROSCOPE -0.033081055 0.0053710938 0.004852295

1499530698719 MAGNETIC_FIELD -15.658569 -6.4941406 -37.727356

1499530698720 ROTATION_VECTOR 0.2073669 -0.19370784 -0.058864586

1499530698919 ACCELEROMETER 3.379837 4.0639496 8.11618

1499530698920 GRAVITY 3.403659 4.1002307 8.232472

1499530698921 LINEAR_ACCELERATION 0.02444458 0.022451878 0.0071640015

1499530698930 ROTATION_VECTOR 0.20630153 -0.19416593 -0.059678808

1499530698931 GYROSCOPE 0.011779785 0.0032348633 0.009124756

1499530698932 MAGNETIC_FIELD -16.770935 -7.48291 -37.467957

1499530699129 ACCELEROMETER 3.3722382 4.086914 8.261612

1499530699131 GRAVITY 3.381916 4.10828 8.237419

1499530699131 LINEAR_ACCELERATION 0.022197008 0.017983437 0.10432243

1499530699132 ROTATION_VECTOR 0.20586249 -0.1939824 -0.06418709

1499530699133 GYROSCOPE 0.016052246 0.018188477 -0.0026245117

1499530699133 MAGNETIC_FIELD -16.560364 -8.456421 -39.302063

1499530699328 GRAVITY 3.3987682 4.1302977 8.219453

1499530699332 LINEAR_ACCELERATION -0.0018098354 0.02818966 -0.053138733

1499530699334 ROTATION_VECTOR 0.20817451 -0.19387603 -0.058738

1499530699336 ACCELEROMETER 3.3589935 4.1130524 8.074585

1499530699339 GYROSCOPE -0.0138549805 -0.030944824 0.00592041

1499530699342 MAGNETIC_FIELD -15.95459 -8.753967 -39.212036

1499530699521 ACCELEROMETER 3.348297 4.10141 8.044815

1499530699523 GRAVITY 3.422042 4.1266055 8.211647

1499530699524 LINEAR_ACCELERATION -0.029329538 0.030297756 -0.061701775

1499530699524 ROTATION_VECTOR 0.20827837 -0.19478874 -0.057102665

1499530699525 GYROSCOPE -0.022399902 -0.0053100586 -0.0068969727

1499530699526 MAGNETIC_FIELD -16.523743 -9.6710205 -38.952637

1499530699722 GRAVITY 3.4236562 4.1105657 8.219015

1499530699723 LINEAR_ACCELERATION 0.022847652 0.06541729 -0.04346943

1499530699724 ACCELEROMETER 3.3970032 4.119644 8.062988

1499530699724 GYROSCOPE -0.04055786 0.013916016 -4.8828125E-4

1499530699724 MAGNETIC_FIELD -16.897583 -6.665039 -37.373352

1499530699725 ROTATION_VECTOR 0.20732099 -0.19484572 -0.057400048

1499530699922 ACCELEROMETER 3.298706 4.1127167 8.042725

1499530699922 GYROSCOPE -0.134552 0.036346436 -0.017578125

1499530699923 MAGNETIC_FIELD -15.70282 -7.975769 -36.289978

1499530699924 LINEAR_ACCELERATION -0.020537853 0.13185501 -0.097356796

1499530699924 GRAVITY 3.370052 4.0458045 8.273126

1499530699925 ROTATION_VECTOR 0.2033209 -0.19195992 -0.059620954

1499530700126 ACCELEROMETER 3.246231 4.050308 8.389374

1499530700128 GRAVITY 3.2850373 3.9539473 8.35136

1499530700130 LINEAR_ACCELERATION -0.012603998 0.12509727 0.11007404

1499530700131 ROTATION_VECTOR 0.19848792 -0.18655208 -0.058804028

1499530700133 GYROSCOPE -0.022399902 0.023529053 0.00592041

1499530700135 MAGNETIC_FIELD -15.2786255 -7.4127197 -39.27765

1499530700328 ACCELEROMETER 3.1866455 3.949112 8.1884

1499530700329 GYROSCOPE -0.021331787 0.011779785 0.012329102

1499530700330 MAGNETIC_FIELD -15.426636 -7.583618 -37.869263

1499530700330 GRAVITY 3.2565894 3.947343 8.365614

1499530700330 LINEAR_ACCELERATION -0.033237457 0.045786142 -0.08376217

1499530700331 ROTATION_VECTOR 0.19906287 -0.18397385 -0.054087397

1499530700525 ACCELEROMETER 3.2145233 3.8790588 8.116043

1499530700526 GYROSCOPE -0.059783936 0.01071167 0.023010254

1499530700526 MAGNETIC_FIELD -15.028381 -5.92041 -39.491272

1499530700527 GRAVITY 3.2676075 3.9051886 8.381088

1499530700527 LINEAR_ACCELERATION 1.7809868E-4 0.037237406 -0.12771225

1499530700527 ROTATION_VECTOR 0.19794306 -0.1830355 -0.04769195

1499530700739 ACCELEROMETER 3.1092834 3.733612 7.9114227

1499530700746 GYROSCOPE -0.13989258 -0.026672363 0.12234497

1499530700748 MAGNETIC_FIELD -16.88385 -5.104065 -38.676453

1499530700789 GRAVITY 3.3207653 3.7717774 8.4212

1499530700789 LINEAR_ACCELERATION -0.11647129 0.06928539 -0.27004242

1499530700790 ROTATION_VECTOR 0.19080406 -0.18501925 -0.046364646

1499530700929 ACCELEROMETER 1.9048767 2.7957458 4.5510864

1499530700929 GYROSCOPE 0.7156677 -1.144989 0.44277954

1499530700930 MAGNETIC_FIELD -16.351318 -5.24292 -39.157104

1499530700930 GRAVITY 4.4328513 4.0830083 7.7362304

1499530700930 LINEAR_ACCELERATION -2.3234344 -1.0992045 -2.849206

1499530700931 ROTATION_VECTOR 0.20878531 -0.2489392 -0.043907292

1499530701126 ACCELEROMETER 4.305176 -0.4429474 3.0408783

1499530701128 GYROSCOPE -1.812561 -1.6277771 2.2137146

1499530701128 GRAVITY 7.3751774 1.8239799 6.200827

1499530701129 MAGNETIC_FIELD -21.84143 -7.5408936 -32.969666

1499530701129 LINEAR_ACCELERATION -2.6042347 -2.1157854 -2.786137

1499530701130 ROTATION_VECTOR 0.1054154 -0.4156121 0.0053771716

1499530701327 GYROSCOPE -0.8363037 1.9717712 1.6262512

1499530701328 GRAVITY 7.35115 -2.554219 5.9671555

1499530701329 LINEAR_ACCELERATION 2.7467227 1.2221243 1.9612136

1499530701329 MAGNETIC_FIELD -31.713867 15.164185 -20.939636

1499530701330 ROTATION_VECTOR -0.1051791 -0.429764 0.08452259

1499530701528 ACCELEROMETER 9.679642 -1.1756897 7.5975494

1499530701528 GYROSCOPE 2.4022217 1.3191528 0.117004395

1499530701529 MAGNETIC_FIELD -15.802002 29.672241 -24.03717

1499530701529 GRAVITY 4.574744 -2.38514 8.339857

1499530701530 LINEAR_ACCELERATION 7.3273125 6.2528105 5.0322094

1499530701530 ROTATION_VECTOR -0.06953975 -0.26448038 0.21318349

1499530701749 ACCELEROMETER 11.738144 3.8505402 13.177963

1499530701750 GRAVITY -0.80209696 2.3555799 9.485688

1499530701751 LINEAR_ACCELERATION 1.0785615 -16.214794 1.8436413

1499530701753 ROTATION_VECTOR 0.094070405 0.08669076 0.40114796

1499530701754 GYROSCOPE 3.3165283 5.1237793 -1.7436523

1499530701755 MAGNETIC_FIELD 9.120178 23.841858 -37.039185

1499530701929 ACCELEROMETER 0.3244629 -13.815262 10.915588

1499530701930 GYROSCOPE -5.2380066 -0.9335022 -0.62213135

1499530701930 MAGNETIC_FIELD 22.692871 9.436035 -45.895386

1499530701931 GRAVITY -5.1857605 -0.46629643 8.310286

1499530701931 LINEAR_ACCELERATION -7.195091 -13.680025 10.883258

1499530701934 ROTATION_VECTOR -0.12881355 0.24433672 0.37027258

1499530702129 ACCELEROMETER -12.329666 -13.869644 19.40303

1499530702131 GYROSCOPE -4.066284 9.018127 -1.4189453

1499530702132 MAGNETIC_FIELD 37.734985 17.149353 -33.40912

1499530702132 GRAVITY -6.443167 -7.3460026 -0.83200806

1499530702133 LINEAR_ACCELERATION -6.912656 3.7341018 4.223966

1499530702133 ROTATION_VECTOR -0.61204946 0.4096536 0.087813735

1499530702331 ACCELEROMETER -13.565155 -3.9246368 3.3122253

1499530702331 GYROSCOPE -2.9575806 2.6809998 1.7886047

1499530702332 MAGNETIC_FIELD 56.349182 21.47522 4.626465

1499530702333 GRAVITY 1.8696601 -5.054209 -8.193274

1499530702341 LINEAR_ACCELERATION -9.665551 1.0544319 8.237492

1499530702341 ROTATION_VECTOR -0.8182824 0.49815115 -0.22487152

1499530702531 ACCELEROMETER -7.807373 -3.8952484 0.41386414

1499530702532 GYROSCOPE 0.14315796 2.0465393 0.24517822

1499530702533 MAGNETIC_FIELD 57.017517 9.625244 5.496216

1499530702533 GRAVITY 4.80416 -3.061075 -7.9824967

1499530702534 LINEAR_ACCELERATION -12.570797 1.632602 14.675526

1499530702535 ROTATION_VECTOR 0.7466776 -0.5911571 0.30337232

1499530702732 ACCELEROMETER -8.421448 -1.0963593 7.2261047

1499530702733 GYROSCOPE -0.16659546 0.8812256 0.38510132

1499530702733 MAGNETIC_FIELD 58.062744 9.327698 13.316345

1499530702733 GRAVITY 6.388664 -3.591572 -6.5158243

1499530702734 LINEAR_ACCELERATION -15.750169 1.4863477 6.9902735

1499530702735 ROTATION_VECTOR 0.74494004 -0.5265728 0.40743795

1499530702933 ACCELEROMETER -10.582748 -1.3547974 1.749115

1499530702934 GYROSCOPE 0.9399719 0.44863892 0.41714478

1499530702934 MAGNETIC_FIELD 58.024597 5.2108765 17.559814

1499530702935 GRAVITY 6.6029334 -4.668484 -5.5476937

1499530702935 LINEAR_ACCELERATION -12.660515 5.0945272 3.897458

1499530702936 ROTATION_VECTOR -0.7455965 0.47638163 -0.4654777

