1508377338473 GYROSCOPE 1.3873596 1.0881195 0.21955872

1508377338477 MAGNETIC_FIELD -15.538025 -45.78705 -9.098816

1508377338477 LINEAR_ACCELERATION 0.0 0.0 -0.0

1508377338478 GRAVITY -0.50689816 9.685125 -1.4531996

1508377338478 ROTATION_VECTOR 0.0 0.0 0.0

1508377338670 ACCELEROMETER -0.24256897 9.305527 -1.5750732

1508377338771 ACCELEROMETER 0.37080383 8.237076 -3.2782135

1508377338772 GYROSCOPE -0.16140747 -0.08680725 0.25160217

1508377338773 MAGNETIC_FIELD -12.162781 -49.150085 -0.8956909

1508377338774 LINEAR_ACCELERATION 0.058949947 -0.24007511 -0.13611889

1508377338774 GRAVITY 0.7220365 9.193738 -3.3353004

1508377338775 ROTATION_VECTOR 0.7645173 -0.29251713 -0.16263312

1508377338877 GYROSCOPE 0.30108643 0.56581116 0.23451233

1508377338878 MAGNETIC_FIELD -16.044617 -43.600464 -14.512634

1508377338879 GRAVITY 0.70325756 9.516965 -2.2590227

1508377338880 LINEAR_ACCELERATION -0.6974511 -0.10085678 2.2874954

1508377338880 ROTATION_VECTOR 0.6734793 -0.40199965 -0.27782845

1508377339074 ACCELEROMETER 0.027282715 8.57225 0.4903717

1508377339174 ACCELEROMETER 1.1625519 9.0234375 0.7926178

1508377339176 GYROSCOPE -1.0917358 -0.23527527 0.17897034

1508377339177 MAGNETIC_FIELD -18.745422 -42.256165 -19.43512

1508377339177 GRAVITY 1.1975261 9.7176285 -0.55137205

1508377339178 LINEAR_ACCELERATION -0.3891431 0.15698624 1.3895898

1508377339179 ROTATION_VECTOR 0.61645895 -0.3848253 -0.28976223

1508377339281 GYROSCOPE 0.6001587 -0.12953186 -0.21836853

1508377339282 MAGNETIC_FIELD -18.745422 -37.882996 -27.31018

1508377339282 GRAVITY 1.377143 9.709306 -0.056924563

1508377339283 LINEAR_ACCELERATION 0.80250025 0.37581158 0.9423953

1508377339284 ROTATION_VECTOR 0.61266434 -0.3571341 -0.26600882

1508377339518 ACCELEROMETER 1.5949707 9.09697 1.1847687

1508377339519 ACCELEROMETER 0.6942291 9.705841 3.4621887

1508377339520 GYROSCOPE -0.1635437 -0.33033752 -0.15534973

1508377339521 MAGNETIC_FIELD -16.51764 -33.917236 -31.178284

1508377339522 GRAVITY 0.8679436 9.766835 0.1612053

1508377339522 LINEAR_ACCELERATION -0.14682949 0.7723446 3.524802

1508377339523 ROTATION_VECTOR 0.60803753 -0.3493868 -0.2990698

1508377339720 ACCELEROMETER -0.32792664 8.203445 2.4641113

1508377339721 GYROSCOPE 0.4613037 0.16740417 -0.03678894

1508377339722 MAGNETIC_FIELD -17.518616 -35.609436 -28.895569

1508377339723 GRAVITY 0.5220029 9.791332 0.16646971

1508377339723 LINEAR_ACCELERATION -0.8934461 -0.7284088 1.7035528

1508377339724 ROTATION_VECTOR 0.60623056 -0.35213196 -0.3248266

1508377339922 ACCELEROMETER 0.23371887 8.708084 2.3690033

1508377339924 GYROSCOPE -0.11868286 0.08836365 0.096725464

1508377339924 MAGNETIC_FIELD -16.635132 -37.426758 -27.519226

1508377339925 LINEAR_ACCELERATION -0.08980042 -0.23991871 2.5251029

1508377339926 GRAVITY 0.5736496 9.786906 0.24039268

1508377339926 ROTATION_VECTOR 0.60351986 -0.35143587 -0.3233512

1508377340124 ACCELEROMETER 0.532135 9.3233795 3.2347565

1508377340125 GYROSCOPE -0.019348145 -0.34849548 -0.39674377

1508377340126 MAGNETIC_FIELD -15.942383 -36.62262 -27.537537

1508377340126 LINEAR_ACCELERATION 0.18963835 0.48337173 2.7153316

1508377340127 GRAVITY 0.31071362 9.77393 0.73767096

1508377340128 ROTATION_VECTOR 0.5849716 -0.34669507 -0.35360256

1508377340326 ACCELEROMETER 0.026748657 9.212326 3.6166534

1508377340327 GYROSCOPE 0.05114746 0.11720276 0.078567505

1508377340328 MAGNETIC_FIELD -15.29541 -36.59973 -27.658081

1508377340329 GRAVITY 0.027467264 9.754352 1.011075

1508377340329 LINEAR_ACCELERATION 0.118462235 0.20627117 2.5500288

1508377340330 ROTATION_VECTOR 0.5764675 -0.34078547 -0.3761331

1508377340528 ACCELEROMETER -0.09509277 9.032364 2.953888

1508377340529 GYROSCOPE 0.08532715 -0.15837097 -0.006881714

1508377340530 MAGNETIC_FIELD -16.044617 -38.612366 -26.896667

1508377340530 GRAVITY 0.07511036 9.746087 1.085602

1508377340531 LINEAR_ACCELERATION -0.24324836 0.062339783 1.9527276

1508377340531 ROTATION_VECTOR 0.57194144 -0.34283045 -0.37819958

1508377340730 ACCELEROMETER -0.17282104 9.22879 2.9650116

1508377340730 GYROSCOPE 0.05328369 -0.028060913 0.13517761

1508377340731 MAGNETIC_FIELD -16.481018 -38.752747 -25.202942

1508377340732 GRAVITY 0.17910522 9.739365 1.1327317

1508377340732 LINEAR_ACCELERATION -0.3944855 0.25613213 1.9486192

1508377340733 ROTATION_VECTOR 0.562991 -0.35396028 -0.38581336

1508377340931 ACCELEROMETER 0.14883423 9.293655 2.7308197

1508377340932 GYROSCOPE 0.056488037 0.12574768 0.03477478

1508377340933 MAGNETIC_FIELD -16.52069 -39.389038 -26.480103

1508377340933 GRAVITY 0.32349756 9.731871 1.1646613

1508377340934 LINEAR_ACCELERATION -0.12565663 0.23556423 1.5627933

1508377340935 ROTATION_VECTOR 0.5609739 -0.35486206 -0.3786163

1508377341139 ACCELEROMETER 0.28579712 9.155075 2.5886383

1508377341140 LINEAR_ACCELERATION 0.034908623 0.097052574 1.007947

1508377341140 ROTATION_VECTOR 0.53230166 -0.35992008 -0.41220996

1508377341141 GRAVITY 0.25604686 9.653271 1.7085632

1508377341141 GYROSCOPE -0.0791626 -0.05796814 -0.11048889

1508377341141 MAGNETIC_FIELD -16.81366 -38.648987 -24.821472

1508377341340 ROTATION_VECTOR 0.50780785 -0.3592968 -0.44035295

1508377341341 GRAVITY 0.17640074 9.551128 2.2170289

1508377341341 LINEAR_ACCELERATION 0.036067337 0.1095047 0.7439542

1508377341341 ACCELEROMETER 0.21002197 9.222031 2.8343353

1508377341342 GYROSCOPE -0.07168579 -0.07078552 -0.013290405

1508377341342 MAGNETIC_FIELD -16.462708 -38.272095 -26.50299

1508377341543 GRAVITY 0.14062889 9.458841 2.5847514

1508377341543 LINEAR_ACCELERATION -0.06223385 0.06017399 0.61763406

1508377341543 ROTATION_VECTOR 0.48794118 -0.3607323 -0.4629656

1508377341544 ACCELEROMETER 0.0652771 9.188736 3.0711365

1508377341544 GYROSCOPE -0.0065307617 -0.06437683 -0.020767212

1508377341544 MAGNETIC_FIELD -16.952515 -38.220215 -26.325989

1508377341745 GRAVITY 0.15246217 9.416953 2.7327886

1508377341745 LINEAR_ACCELERATION 0.03341393 0.07866192 0.3073418

1508377341746 ROTATION_VECTOR 0.48191893 -0.35835835 -0.4666715

1508377341746 ACCELEROMETER 0.18190002 9.25412 3.0041199

1508377341749 GYROSCOPE -0.0065307617 0.014663696 0.0027313232

1508377341751 MAGNETIC_FIELD -17.442322 -38.526917 -26.161194

1508377341950 GRAVITY 0.12939872 9.385234 2.8409557

1508377341953 LINEAR_ACCELERATION -0.03367971 -0.0041503906 0.15924883

1508377341955 ROTATION_VECTOR 0.48730078 -0.34305906 -0.4531685

1508377341957 ACCELEROMETER 0.098098755 9.143997 2.9196625

1508377341959 GYROSCOPE -0.026824951 0.03816223 0.007003784

1508377341961 MAGNETIC_FIELD -17.004395 -39.282227 -26.36261

1508377342149 ACCELEROMETER 0.1711731 9.311356 3.0157776

1508377342151 GYROSCOPE -0.014007568 0.039230347 0.014480591

1508377342152 MAGNETIC_FIELD -16.337585 -38.61389 -27.474976

1508377342154 GRAVITY 0.14288187 9.357885 2.9291537

1508377342155 LINEAR_ACCELERATION 0.032900557 0.12809372 0.14376307

1508377342157 ROTATION_VECTOR 0.49503782 -0.32494965 -0.43185917

1508377342352 GRAVITY 0.1265872 9.349794 2.9556236

1508377342356 LINEAR_ACCELERATION -0.011877261 -0.013328552 0.097426414

1508377342358 ROTATION_VECTOR 0.50157976 -0.31260657 -0.4173555

1508377342360 ACCELEROMETER 0.11431885 9.215454 2.9959106

1508377342362 GYROSCOPE 0.036193848 -0.0077667236 -0.015426636

1508377342364 MAGNETIC_FIELD -16.438293 -37.82959 -26.815796

1508377342558 GRAVITY 0.123134576 9.371543 2.8860722

1508377342560 LINEAR_ACCELERATION 0.03679025 -0.004183769 -0.010467291

1508377342563 ROTATION_VECTOR 0.50877523 -0.3065926 -0.40612182

1508377342565 ACCELEROMETER 0.15908813 9.204193 2.8895264

1508377342568 GYROSCOPE 0.031921387 -0.009902954 -0.013290405

1508377342570 MAGNETIC_FIELD -17.02118 -38.423157 -25.750732

1508377342761 GRAVITY 0.08526665 9.379606 2.8611362

1508377342764 ACCELEROMETER 0.069992065 9.197678 2.823227

1508377342766 LINEAR_ACCELERATION -0.041293405 -0.03314495 0.030550957

1508377342770 ROTATION_VECTOR 0.5135797 -0.30059695 -0.3996378

1508377342772 GYROSCOPE 0.014831543 -2.89917E-4 -0.007949829

1508377342774 MAGNETIC_FIELD -15.786743 -39.27002 -26.904297

1508377342959 ACCELEROMETER 0.11555481 9.246948 2.8233337

1508377342962 GYROSCOPE 0.0030822754 -0.0131073 0.009140015

1508377342963 MAGNETIC_FIELD -16.389465 -37.77466 -26.443481

1508377342969 GRAVITY 0.119030386 9.387569 2.8336844

1508377342971 LINEAR_ACCELERATION 0.057290845 0.05943489 -0.0041594505

1508377342974 ROTATION_VECTOR 0.5186426 -0.29416353 -0.3871733

1508377343154 GRAVITY 0.11746739 9.374069 2.8780932

1508377343155 LINEAR_ACCELERATION -0.020761855 -0.05461502 0.09496951

1508377343155 ACCELEROMETER 0.13153076 9.24617 2.866928

1508377343156 GYROSCOPE 0.0041503906 -0.038742065 -0.015426636

1508377343156 ROTATION_VECTOR 0.51770324 -0.29196134 -0.3862352

1508377343156 MAGNETIC_FIELD -16.442871 -38.796997 -26.268005

1508377343363 LINEAR_ACCELERATION 0.010711946 -0.02098465 0.11527443

1508377343368 ROTATION_VECTOR 0.5167731 -0.2891448 -0.3856627

1508377343370 GRAVITY 0.10355528 9.358431 2.929067

1508377343373 ACCELEROMETER 0.11456299 9.185959 3.002243

1508377343376 GYROSCOPE 9.460449E-4 -0.026992798 -0.025039673

1508377343378 MAGNETIC_FIELD -15.707397 -38.604736 -26.629639

1508377343565 GRAVITY 0.09673901 9.359065 2.9272728

1508377343570 LINEAR_ACCELERATION 0.032902524 -0.0010910034 4.930496E-4

1508377343572 ROTATION_VECTOR 0.51834166 -0.2864831 -0.3824576

1508377343576 ACCELEROMETER 0.11366272 9.217987 2.887085

1508377343578 GYROSCOPE 9.460449E-4 -0.019515991 -0.0143585205

1508377343580 MAGNETIC_FIELD -17.259216 -39.33716 -26.220703

1508377343768 ACCELEROMETER 0.18417358 9.24324 2.862152

1508377343771 GYROSCOPE -0.012939453 -0.005630493 0.0027313232

1508377343773 MAGNETIC_FIELD -15.673828 -38.16681 -25.634766

1508377343777 GRAVITY 0.12276442 9.362513 2.9152462

1508377343779 LINEAR_ACCELERATION 0.058364555 0.02533245 -0.041859865

1508377343781 ROTATION_VECTOR 0.52148515 -0.28181028 -0.3735716

1508377343971 GRAVITY 0.11191454 9.370848 2.8887858

1508377343974 LINEAR_ACCELERATION -0.01669538 0.026200294 -0.047133207

1508377343976 ROTATION_VECTOR 0.5241953 -0.27916333 -0.36967072

1508377343980 ACCELEROMETER 0.10922241 9.279556 2.7868652

1508377343982 GYROSCOPE 0.013763428 -0.0066986084 -0.009017944

1508377343984 MAGNETIC_FIELD -17.082214 -39.378357 -25.151062

1508377344173 GRAVITY 0.118124865 9.3892 2.8283129

1508377344176 LINEAR_ACCELERATION 0.00806804 0.036973 -0.08999348

1508377344178 ROTATION_VECTOR 0.52979827 -0.27406204 -0.35977638

1508377344181 ACCELEROMETER 0.10467529 9.280472 2.7495117

1508377344183 GYROSCOPE 9.460449E-4 0.041366577 0.021957397

1508377344186 MAGNETIC_FIELD -15.957642 -38.259888 -25.254822

1508377344374 GRAVITY 0.12381702 9.392505 2.8170753

1508377344378 ACCELEROMETER 0.10775757 9.324661 2.7429504

1508377344382 LINEAR_ACCELERATION -0.019155614 0.034090042 -0.011663437

1508377344384 ROTATION_VECTOR 0.5321862 -0.27045694 -0.35400927

1508377344387 GYROSCOPE 9.460449E-4 0.0071868896 0.009140015

1508377344389 MAGNETIC_FIELD -17.266846 -38.34839 -25.84076

1508377344574 GRAVITY 0.1357517 9.385402 2.8401043

1508377344579 LINEAR_ACCELERATION 0.0071665794 -0.022201538 0.057872057

1508377344581 ROTATION_VECTOR 0.53143156 -0.26976928 -0.35308033

1508377344585 ACCELEROMETER 0.1463623 9.259598 2.8473206

1508377344587 GYROSCOPE 0.006286621 -0.010971069 -0.0015411377

1508377344589 MAGNETIC_FIELD -16.416931 -39.294434 -25.654602

1508377344777 GRAVITY 0.10658847 9.38169 2.853579

1508377344780 LINEAR_ACCELERATION -0.04574699 -0.08974457 0.047976732

1508377344782 ROTATION_VECTOR 0.5301844 -0.2709474 -0.3574583

1508377344785 ACCELEROMETER 0.06613159 9.155548 2.8491974

1508377344790 GYROSCOPE 0.015899658 -0.019515991 -0.0143585205

1508377344793 MAGNETIC_FIELD -17.131042 -39.772034 -25.794983

1508377344980 GRAVITY 0.14134765 9.379327 2.8598323

1508377344983 LINEAR_ACCELERATION 0.071185455 -0.008063316 0.026230574

1508377344986 ROTATION_VECTOR 0.52951777 -0.2716617 -0.356013

1508377344989 ACCELEROMETER 0.1742096 9.216003 2.8555298

1508377344991 GYROSCOPE -0.008666992 0.0071868896 0.009140015

1508377344993 MAGNETIC_FIELD -17.425537 -38.99536 -25.627136

1508377345181 GRAVITY 0.127417 9.37859 2.8629024

1508377345184 LINEAR_ACCELERATION -0.015183985 0.016914368 0.0017590523

1508377345187 ROTATION_VECTOR 0.53083557 -0.26878655 -0.3532964

1508377345190 ACCELEROMETER 0.14631653 9.264526 2.8200226

1508377345192 GYROSCOPE 0.0041503906 0.017868042 -0.007949829

1508377345194 MAGNETIC_FIELD -16.25061 -39.024353 -25.66986

1508377345384 GRAVITY 0.13531393 9.387822 2.8321126

1508377345387 LINEAR_ACCELERATION 0.05041407 0.077941895 -0.052724123

1508377345390 ROTATION_VECTOR 0.5352477 -0.26289234 -0.34347227

1508377345392 ACCELEROMETER 0.15966797 9.340652 2.7609863

1508377345395 GYROSCOPE -0.008666992 0.021072388 0.001663208

1508377345397 MAGNETIC_FIELD -16.651917 -38.07831 -26.391602

1508377345584 GRAVITY 0.12927128 9.383112 2.8479626

1508377345590 LINEAR_ACCELERATION 0.004205823 -0.033483505 0.011926174

1508377345593 ACCELEROMETER 0.14576721 9.237167 2.8108063

1508377345595 ROTATION_VECTOR 0.5360814 -0.25963652 -0.34013575

1508377345597 GYROSCOPE 0.0030822754 0.005050659 -0.002609253

1508377345599 MAGNETIC_FIELD -16.656494 -39.292908 -26.52893

1508377345788 GRAVITY 0.12480237 9.371442 2.8863277

1508377345794 ACCELEROMETER 0.12860107 9.225769 2.9426727

1508377345796 LINEAR_ACCELERATION 0.009788856 -0.0327816 0.116490364

1508377345798 ROTATION_VECTOR 0.5333981 -0.2613899 -0.3443526

1508377345801 GYROSCOPE 0.018035889 -0.024856567 -0.013290405

1508377345803 MAGNETIC_FIELD -17.082214 -39.390564 -26.094055

1508377345987 ACCELEROMETER 0.1574707 9.195923 2.903244

1508377345990 GYROSCOPE -0.0011901855 -0.019515991 0.001663208

1508377345993 MAGNETIC_FIELD -16.873169 -38.31787 -26.342773

1508377345996 GRAVITY 0.14316417 9.37117 2.8863585

1508377345998 LINEAR_ACCELERATION 0.032281175 -0.029930115 0.026620626

1508377346000 ROTATION_VECTOR 0.53282845 -0.2625462 -0.34450617

1508377346191 GRAVITY 0.16467439 9.367388 2.8974674

1508377346195 LINEAR_ACCELERATION 0.036905035 0.04300499 0.0011327267

1508377346198 ROTATION_VECTOR 0.53184986 -0.2634502 -0.34450647

1508377346200 ACCELEROMETER 0.20457458 9.292206 2.8506317

1508377346202 GYROSCOPE -0.017211914 -0.018447876 -0.01008606

1508377346204 MAGNETIC_FIELD -17.30957 -39.42566 -26.461792

1508377346393 GRAVITY 0.17194153 9.370439 2.8871613

1508377346398 LINEAR_ACCELERATION 0.038081914 0.01879692 -0.07274985

1508377346400 ROTATION_VECTOR 0.5335074 -0.26108536 -0.34030727

1508377346402 ACCELEROMETER 0.21299744 9.267487 2.8149567

1508377346405 GYROSCOPE -0.010803223 -0.008834839 -0.011154175

1508377346407 MAGNETIC_FIELD -16.873169 -37.98065 -26.283264

1508377346593 GRAVITY 0.13687994 9.36847 2.8954134

1508377346600 LINEAR_ACCELERATION -0.030566603 -0.036478996 -0.0063824654

1508377346603 ROTATION_VECTOR 0.5338072 -0.25966293 -0.34141168

1508377346605 ACCELEROMETER 0.1279602 9.23735 2.7989502

1508377346607 GYROSCOPE 0.0041503906 -0.016311646 -0.017562866

1508377346610 MAGNETIC_FIELD -16.28418 -38.55591 -25.997925

1508377346794 ACCELEROMETER 0.15429688 9.2153015 2.8620758

1508377346801 GYROSCOPE -0.0022583008 -0.0077667236 -0.006881714

1508377346803 MAGNETIC_FIELD -16.986084 -37.428284 -26.06659

1508377346805 GRAVITY 0.14122865 9.370682 2.888036

1508377346808 LINEAR_ACCELERATION 0.040155366 -0.0010814667 -0.011622906

1508377346810 ROTATION_VECTOR 0.53445685 -0.2590502 -0.33995196

1508377347002 ACCELEROMETER 0.18310547 9.316177 2.853363

1508377347004 GRAVITY 0.15877008 9.371993 2.8828661

1508377347007 LINEAR_ACCELERATION 0.044962898 0.06611824 -0.001562357

1508377347009 ROTATION_VECTOR 0.53468615 -0.25908577 -0.33843607

1508377347011 GYROSCOPE -0.003326416 -0.0066986084 -0.002609253

1508377347013 MAGNETIC_FIELD -16.889954 -39.157104 -26.301575

1508377347196 GRAVITY 0.15751167 9.378141 2.8628733

1508377347211 LINEAR_ACCELERATION 0.005875945 -0.0104932785 -0.023376465

1508377347225 ROTATION_VECTOR 0.536755 -0.25676477 -0.33460626

1508377347228 ACCELEROMETER 0.1771698 9.278381 2.8135834

1508377347230 GYROSCOPE 0.014831543 0.022140503 0.0027313232

1508377347232 MAGNETIC_FIELD -16.114807 -38.243103 -26.52893

1508377347399 GRAVITY 0.13474597 9.374236 2.8767905

1508377347403 LINEAR_ACCELERATION -0.039351806 -0.027151108 0.033180714

1508377347406 ROTATION_VECTOR 0.5362581 -0.25642106 -0.33644158

1508377347408 ACCELEROMETER 0.11720276 9.225342 2.848465

1508377347410 GYROSCOPE -0.008666992 0.0061187744 0.0027313232

1508377347412 MAGNETIC_FIELD -16.868591 -38.179016 -26.078796

1508377347604 GRAVITY 0.17177294 9.364786 2.9054527

1508377347612 LINEAR_ACCELERATION 0.071660966 -0.013706207 0.04514718

1508377347614 ROTATION_VECTOR 0.53458965 -0.2570545 -0.33551168

1508377347616 ACCELEROMETER 0.20581055 9.233063 2.8988342

1508377347618 GYROSCOPE 0.0020141602 -0.029129028 -0.009017944

1508377347621 MAGNETIC_FIELD -17.35382 -37.69989 -26.58081

1508377347806 GRAVITY 0.17572545 9.374653 2.8732212

1508377347815 LINEAR_ACCELERATION 0.02376014 0.015517235 -0.06640506

1508377347817 ROTATION_VECTOR 0.53664213 -0.25597212 -0.3324975

1508377347819 ACCELEROMETER 0.20687866 9.277191 2.8190765

1508377347822 GYROSCOPE -0.003326416 -0.0013580322 -0.009017944

1508377347824 MAGNETIC_FIELD -16.583252 -38.357544 -26.428223

1508377348005 GRAVITY 0.15085433 9.373836 2.877296

1508377348012 LINEAR_ACCELERATION -0.03253357 -0.0068769455 -0.014032841

1508377348014 ROTATION_VECTOR 0.5371498 -0.25449726 -0.3325828

1508377348019 ACCELEROMETER 0.12980652 9.239914 2.8015594

1508377348021 GYROSCOPE -0.0065307617 0.013595581 0.0037994385

1508377348023 MAGNETIC_FIELD -16.566467 -37.39319 -26.234436

1508377348198 ACCELEROMETER 0.15447998 9.31102 2.8412628

1508377348198 GYROSCOPE 0.0073547363 0.013595581 5.950928E-4

1508377348199 MAGNETIC_FIELD -16.488647 -38.55591 -25.782776

1508377348200 GRAVITY 0.14707631 9.377462 2.8656514

1508377348200 LINEAR_ACCELERATION 5.9084594E-4 0.05243206 -0.008323193

1508377348201 ROTATION_VECTOR 0.53844464 -0.2529225 -0.3302952

1508377348413 ACCELEROMETER 0.12275696 9.299164 2.728363

1508377348418 GYROSCOPE 0.015899658 0.014663696 -0.006881714

1508377348425 MAGNETIC_FIELD -16.03241 -37.776184 -26.133728

1508377348445 GRAVITY 0.13355556 9.390347 2.8238187

1508377348455 LINEAR_ACCELERATION 9.6042454E-4 -4.787445E-4 -0.0436213

1508377348456 ROTATION_VECTOR 0.54163605 -0.2503113 -0.3262532

1508377348602 ACCELEROMETER 0.09642029 9.186874 2.906311

1508377348602 GYROSCOPE -0.017211914 0.011459351 5.950928E-4

1508377348603 MAGNETIC_FIELD -15.4800415 -39.424133 -26.875305

1508377348603 GRAVITY 0.110380635 9.375861 2.8725283

1508377348604 LINEAR_ACCELERATION -0.019905351 -0.07312679 0.07938385

1508377348604 ROTATION_VECTOR 0.54005784 -0.2487556 -0.32775402

1508377348816 ACCELEROMETER 0.042297363 9.198746 2.1273804

1508377348821 GYROSCOPE -0.04284668 0.23576355 -0.028244019

1508377348824 MAGNETIC_FIELD -15.992737 -38.970947 -26.1734

1508377348830 GRAVITY 0.01002905 9.376022 2.8741066

1508377348833 LINEAR_ACCELERATION -0.019730786 0.063212395 -1.1378491

1508377348834 ROTATION_VECTOR 0.54574305 -0.23585139 -0.31819126

1508377349006 ACCELEROMETER -0.08001709 6.890625 0.99624634

1508377349007 GYROSCOPE -1.4580994 0.0029144287 -0.23973083

1508377349007 MAGNETIC_FIELD -15.008545 -36.69586 -30.229187

1508377349008 LINEAR_ACCELERATION 0.30897 -2.5452623 -3.1581898

1508377349008 GRAVITY -0.33661303 8.87215 4.164376

1508377349008 ROTATION_VECTOR 0.50441825 -0.18231331 -0.3167703

1508377349221 ACCELEROMETER -0.9824524 3.0922852 3.1940002

1508377349229 GRAVITY -1.1260581 7.861068 5.7537804

1508377349232 LINEAR_ACCELERATION -0.7387134 -5.1292095 -0.22191143

1508377349235 ROTATION_VECTOR 0.44795418 -0.077303864 -0.27440146

1508377349238 GYROSCOPE -0.3814392 1.6777191 0.51008606

1508377349242 MAGNETIC_FIELD -14.485168 -26.644897 -39.715576

1508377349426 ACCELEROMETER -0.28448486 7.117981 5.7798615

1508377349437 GRAVITY -2.9521723 5.987491 7.183663

1508377349451 LINEAR_ACCELERATION 3.4393272 1.7833829 -1.8031759

1508377349465 ROTATION_VECTOR 0.34639028 0.11725566 -0.122202896

1508377349473 GYROSCOPE -2.6298218 1.778122 0.32102966

1508377349474 MAGNETIC_FIELD -4.3945313 -15.158081 -45.596313

1508377349611 ACCELEROMETER 0.012451172 5.3345184 5.955475

1508377349612 GYROSCOPE -2.7024536 2.6048431 -1.8301544

1508377349612 MAGNETIC_FIELD 11.2335205 -1.0238647 -45.303345

1508377349613 GRAVITY -7.148068 1.239402 6.5984387

1508377349613 LINEAR_ACCELERATION 1.9441676 4.2554927 3.1103516

1508377349614 ROTATION_VECTOR 0.08677225 0.39502385 -0.040726922

1508377349813 ACCELEROMETER -6.139511 2.5464935 11.457779

1508377349813 GYROSCOPE -2.5155334 -18.509659 -0.13078308

1508377349814 MAGNETIC_FIELD 21.78955 18.403625 -38.975525

1508377349815 LINEAR_ACCELERATION -6.378566 4.9206276 4.565138

1508377349815 GRAVITY 5.545743 -3.2352672 7.4127035

1508377349816 ROTATION_VECTOR -0.13543028 -0.32204962 0.12149604

1508377350015 ACCELEROMETER 0.23049927 -0.29174805 10.059494

1508377350015 GYROSCOPE 0.10028076 -2.0927277 -0.4480133

1508377350016 MAGNETIC_FIELD 1.7166138 22.113037 -43.76526

1508377350027 GRAVITY 3.0288014 -4.8685203 -7.9557686

1508377350031 LINEAR_ACCELERATION -2.3936932 3.4572005 16.790766

1508377350033 ROTATION_VECTOR -0.028392306 -0.951223 0.25588036

1508377350231 ACCELEROMETER -0.78619385 -0.60806274 12.845215

1508377350236 GRAVITY 0.91939664 -5.3002496 -8.19954

1508377350238 LINEAR_ACCELERATION -2.0307083 3.5418348 16.604298

1508377350241 ROTATION_VECTOR 0.052038513 -0.9567404 0.2842804

1508377350244 GYROSCOPE 0.1312561 -0.56318665 0.20674133

1508377350247 MAGNETIC_FIELD -8.450317 19.281006 -46.343994

1508377350432 ACCELEROMETER -1.2932129 -0.15270996 9.865463

1508377350437 GRAVITY 0.8894124 -5.7211137 -7.915061

1508377350440 LINEAR_ACCELERATION -1.9344381 3.6894526 15.430471

1508377350443 ROTATION_VECTOR 0.097035825 -0.94558966 0.31013545

1508377350446 GYROSCOPE -0.070617676 0.74845886 0.058273315

1508377350448 MAGNETIC_FIELD -10.809326 17.962646 -45.700073

1508377350632 ACCELEROMETER -2.3806305 0.063446045 8.727524

1508377350640 GYROSCOPE 0.02444458 -0.032333374 -0.123306274

1508377350643 MAGNETIC_FIELD -2.8823853 18.283081 -45.52002

1508377350646 GRAVITY 1.3590789 -6.0086493 -7.6301656

1508377350648 LINEAR_ACCELERATION -3.590788 3.7012353 12.977854

1508377350652 ROTATION_VECTOR 0.08628051 -0.938928 0.3302754

1508377350836 GRAVITY 1.168215 -6.4582887 -7.2867117

1508377350840 LINEAR_ACCELERATION -3.2888975 3.6825829 13.39695

1508377350843 ROTATION_VECTOR 0.093407325 -0.92886704 0.35733235

1508377350846 ACCELEROMETER -2.7244873 0.17808533 9.191559

1508377350848 GYROSCOPE 0.057556152 -0.20109558 -0.107284546

1508377350851 MAGNETIC_FIELD -2.206421 18.617249 -46.505737

1508377351038 GRAVITY 0.7697055 -7.0121436 -6.8123255

1508377351042 ACCELEROMETER -2.4863129 0.236969 9.996826

1508377351045 ROTATION_VECTOR -0.11344848 0.91348857 -0.39068803

1508377351048 LINEAR_ACCELERATION -2.673944 3.6749856 13.585152

1508377351051 GYROSCOPE -1.2207031E-4 -0.16477966 0.054000854

1508377351053 MAGNETIC_FIELD -3.0517578 16.43219 -46.340942

1508377351241 ACCELEROMETER -2.914444 1.7080841 9.767609

1508377351245 GRAVITY 0.27100158 -7.4857697 -6.329313

1508377351248 LINEAR_ACCELERATION -3.183553 5.068308 12.014973

1508377351251 GYROSCOPE -0.017211914 0.4643402 0.48979187

1508377351253 MAGNETIC_FIELD -1.3900757 16.099548 -46.333313

1508377351256 ROTATION_VECTOR -0.08795917 0.902756 -0.42028233

1508377351442 GRAVITY -1.2058601 -7.24749 -6.4953966

1508377351446 LINEAR_ACCELERATION -3.7201421 2.555459 10.618744

1508377351448 ROTATION_VECTOR 0.01626095 0.9115419 -0.40645197

1508377351451 ACCELEROMETER -3.7966766 0.5766144 8.70549

1508377351454 GYROSCOPE -0.9966736 0.19410706 1.2652435

1508377351457 MAGNETIC_FIELD 5.7403564 18.005371 -46.105957

1508377351645 GRAVITY -3.2811058 -6.999857 -6.0337996

1508377351649 LINEAR_ACCELERATION -1.815277 1.3871257 10.442265

1508377351653 ROTATION_VECTOR 0.050029326 0.89729327 -0.40687457

1508377351656 ACCELEROMETER -3.2460022 -0.9024811 8.275879

1508377351658 GYROSCOPE 0.038330078 -1.2563934 -0.3006134

1508377351661 MAGNETIC_FIELD 3.9352417 21.629333 -44.1864

1508377351845 GRAVITY -3.833245 -7.3163347 -5.2865734

1508377351848 LINEAR_ACCELERATION 1.5099127 2.2505825 4.3442655

1508377351852 ROTATION_VECTOR -0.010100118 0.8771763 -0.42263994

1508377351854 ACCELEROMETER -0.3338623 0.06452942 2.4940338

1508377351857 GYROSCOPE -0.008666992 0.03175354 -0.0036773682

1508377351861 MAGNETIC_FIELD -9.312439 21.517944 -44.465637

1508377352042 ACCELEROMETER 0.24749756 -0.09793091 9.920197

1508377352065 GYROSCOPE -0.0022583008 -0.010971069 -0.0036773682

1508377352068 MAGNETIC_FIELD -10.443115 23.461914 -44.052124

1508377352071 GRAVITY -4.1220026 -8.001878 -3.8922262

1508377352074 LINEAR_ACCELERATION 1.2974921 1.9823129 10.734708

1508377352077 ROTATION_VECTOR -0.053871017 0.83399415 -0.47094834

