1508377314091 ACCELEROMETER 0.029800415 5.191147 8.257736

1508377314093 GYROSCOPE -0.07382202 -0.0131073 -0.04319763

1508377314094 MAGNETIC_FIELD -21.614075 -16.189575 -41.255188

1508377314094 GRAVITY 0.015227251 5.2379594 8.290593

1508377314095 LINEAR_ACCELERATION 0.0 0.0 -0.0

1508377314096 ROTATION_VECTOR 0.0 0.0 0.0

1508377314197 GYROSCOPE -0.117614746 0.043502808 -0.062423706

1508377314198 MAGNETIC_FIELD -21.444702 -17.703247 -42.404175

1508377314199 GRAVITY 0.014303641 5.1747937 8.330168

1508377314200 LINEAR_ACCELERATION 0.041423496 0.0067038536 -0.03562832

1508377314200 ROTATION_VECTOR 0.22623266 -0.1552367 -0.5418838

1508377314394 ACCELEROMETER 0.03152466 5.124649 8.217697

1508377314495 ACCELEROMETER -0.24617004 4.8023834 8.144852

1508377314496 GYROSCOPE -0.095184326 0.08622742 0.07002258

1508377314496 MAGNETIC_FIELD -21.951294 -14.845276 -42.895508

1508377314497 GRAVITY -0.17466553 4.9432325 8.467841

1508377314498 LINEAR_ACCELERATION -0.058263928 -0.008167744 -0.17460346

1508377314498 ROTATION_VECTOR 0.22176997 -0.13812438 -0.5389241

1508377314601 GYROSCOPE 0.27651978 0.59358215 0.14585876

1508377314602 MAGNETIC_FIELD -21.107483 -14.34021 -42.404175

1508377314602 GRAVITY -0.5304098 4.884468 8.487109

1508377314603 LINEAR_ACCELERATION -0.29193276 -0.69030905 -0.246418

1508377314604 ROTATION_VECTOR 0.23026115 -0.11940546 -0.5345533

1508377314797 ACCELEROMETER -0.7935791 4.0038757 7.788849

1508377314846 GYROSCOPE -0.45300293 0.10331726 0.31248474

1508377314847 GRAVITY -0.7104195 4.8234444 8.508823

1508377314848 LINEAR_ACCELERATION 0.7704048 0.06616163 -0.44462967

1508377314849 ROTATION_VECTOR 0.23804563 -0.097493716 -0.49264494

1508377314929 ACCELEROMETER 0.0741272 4.610138 7.916397

1508377315131 ACCELEROMETER -0.028457642 3.6967926 9.069168

1508377315132 GYROSCOPE 0.37265015 -0.20109558 0.10206604

1508377315133 MAGNETIC_FIELD -19.754028 -8.328247 -45.387268

1508377315133 GRAVITY -0.20295988 4.5638733 8.677572

1508377315134 LINEAR_ACCELERATION 0.1731792 -0.7334385 0.74815845

1508377315134 ROTATION_VECTOR 0.21714708 -0.10204954 -0.45153055

1508377315333 ACCELEROMETER 0.10580444 3.955719 8.907654

1508377315334 GYROSCOPE -0.18704224 0.036026 -0.03892517

1508377315335 MAGNETIC_FIELD -20.205688 -7.4005127 -46.157837

1508377315335 GRAVITY -0.011329158 4.622101 8.649072

1508377315336 LINEAR_ACCELERATION 0.10937842 -0.48970222 0.5454035

1508377315336 ROTATION_VECTOR 0.21480146 -0.11349186 -0.45526454

1508377315535 ACCELEROMETER -0.27870178 3.6101227 9.318741

1508377315536 GYROSCOPE 0.02658081 0.16313171 0.12556458

1508377315537 MAGNETIC_FIELD -20.185852 -6.852722 -46.64154

1508377315537 LINEAR_ACCELERATION -0.14048105 -0.6389246 0.8034811

1508377315538 GRAVITY -0.16578978 4.358518 8.783292

1508377315538 ROTATION_VECTOR 0.20458423 -0.10159742 -0.4658508

1508377315737 ACCELEROMETER -0.15275574 3.9161987 8.738617

1508377315738 GYROSCOPE -0.035369873 0.09477234 0.0037994385

1508377315739 MAGNETIC_FIELD -17.944336 -8.666992 -45.64209

1508377315740 GRAVITY -0.31592324 4.3174934 8.799422

1508377315741 LINEAR_ACCELERATION 0.16729191 -0.25700665 0.17104626

1508377315741 ROTATION_VECTOR 0.20795047 -0.09006074 -0.45127127

1508377315939 ACCELEROMETER -0.22445679 3.9097595 8.88475

1508377315940 GYROSCOPE 0.050079346 -0.085739136 -0.044265747

1508377315941 MAGNETIC_FIELD -19.398499 -8.059692 -45.776367

1508377315942 GRAVITY -0.30628267 4.1988907 8.856969

1508377315943 LINEAR_ACCELERATION 0.06469914 -0.1987896 0.23979568

1508377315943 ROTATION_VECTOR 0.20101345 -0.08952021 -0.4606308

1508377316141 ACCELEROMETER -0.20666504 3.9419708 9.06604

1508377316142 GYROSCOPE -0.003326416 -0.0034942627 5.950928E-4

1508377316143 MAGNETIC_FIELD -20.71228 -8.947754 -46.089172

1508377316143 GRAVITY -0.22832932 4.130285 8.891513

1508377316143 LINEAR_ACCELERATION 0.028757066 -0.13340235 0.2727108

1508377316144 ROTATION_VECTOR 0.19433618 -0.09429987 -0.47409055

1508377316343 ACCELEROMETER -0.22467041 3.8526 8.817841

1508377316344 GYROSCOPE -0.08129883 0.03175354 -0.029312134

1508377316344 MAGNETIC_FIELD -20.147705 -8.001709 -46.018982

1508377316345 GRAVITY -0.2565755 4.0074835 8.946767

1508377316345 LINEAR_ACCELERATION 0.019224197 -0.10740495 0.0045433044

1508377316345 ROTATION_VECTOR 0.1883079 -0.09155324 -0.48287153

1508377316545 ACCELEROMETER -0.28833008 3.84964 8.670654

1508377316546 GYROSCOPE 0.10028076 -0.06010437 -0.033584595

1508377316550 MAGNETIC_FIELD -19.874573 -9.075928 -46.691895

1508377316550 GRAVITY -0.26972207 4.009707 8.945384

1508377316551 LINEAR_ACCELERATION -0.022984892 -0.07382345 -0.09556389

1508377316551 ROTATION_VECTOR 0.18839732 -0.09175414 -0.4861702

1508377316755 ACCELEROMETER -0.36483765 3.8140717 8.95874

1508377316758 LINEAR_ACCELERATION -0.085036606 -0.14147997 0.1626997

1508377316758 ROTATION_VECTOR 0.18743591 -0.0947275 -0.5016859

1508377316759 GRAVITY -0.2852071 4.017078 8.941595

1508377316760 GYROSCOPE 0.009490967 0.02961731 0.031570435

1508377316760 MAGNETIC_FIELD -20.069885 -8.547974 -46.037292

1508377316960 ACCELEROMETER -0.3405609 3.7591095 8.809174

1508377316963 GRAVITY -0.34739256 3.9469106 8.970596

1508377316965 LINEAR_ACCELERATION -0.003215611 -0.12044096 0.0037164688

1508377316968 ROTATION_VECTOR 0.18494804 -0.091766536 -0.51006764

1508377316970 GYROSCOPE -0.030029297 0.041366577 -0.020767212

1508377316972 MAGNETIC_FIELD -19.511414 -6.7230225 -46.983337

1508377317156 GRAVITY -0.270639 3.9841998 8.956745

1508377317161 LINEAR_ACCELERATION 0.11500996 -0.014599323 0.16650581

1508377317163 ROTATION_VECTOR 0.1852482 -0.09495355 -0.5041147

1508377317164 ACCELEROMETER -0.17591858 3.907608 9.026108

1508377317166 GYROSCOPE 0.110961914 -0.048355103 0.045455933

1508377317167 MAGNETIC_FIELD -17.337036 -8.56781 -45.791626

1508377317364 GRAVITY -0.2028552 4.0182724 8.943306

1508377317367 LINEAR_ACCELERATION 0.06194015 -0.058654785 0.12181759

1508377317369 ROTATION_VECTOR 0.18493144 -0.099089146 -0.5046441

1508377317372 ACCELEROMETER -0.13253784 3.9436493 9.010513

1508377317374 GYROSCOPE -0.02255249 0.040298462 0.025161743

1508377317376 MAGNETIC_FIELD -20.010376 -7.475281 -46.531677

1508377317563 GRAVITY -0.2169493 3.9070914 8.992105

1508377317566 LINEAR_ACCELERATION 0.066372454 -0.031849623 0.12835598

1508377317570 ROTATION_VECTOR 0.18002537 -0.09550447 -0.5060507

1508377317572 ACCELEROMETER -0.14898682 3.8715668 9.080551

1508377317574 GYROSCOPE -0.059936523 0.016799927 -0.017562866

1508377317576 MAGNETIC_FIELD -19.647217 -8.34198 -45.358276

1508377317765 GRAVITY -0.2116934 3.8650987 9.01036

1508377317770 LINEAR_ACCELERATION 0.04343386 -0.01758027 -0.094919205

1508377317772 ROTATION_VECTOR 0.17847134 -0.093527995 -0.5014203

1508377317774 ACCELEROMETER -0.1693573 3.8281403 8.883209

1508377317776 GYROSCOPE 0.0030822754 -0.0034942627 0.009140015

1508377317778 MAGNETIC_FIELD -19.95697 -8.029175 -45.33844

1508377317976 ACCELEROMETER -0.19824219 3.7713776 9.09787

1508377317984 GRAVITY -0.20307946 3.8000047 9.038203

1508377317987 LINEAR_ACCELERATION -0.0036156476 -0.02594471 0.0934782

1508377317989 ROTATION_VECTOR 0.17502408 -0.09244717 -0.50340927

1508377317993 GYROSCOPE -0.043914795 -0.005630493 -0.0058135986

1508377318001 MAGNETIC_FIELD -20.825195 -8.19397 -46.10443

1508377318167 GRAVITY -0.15392824 3.7915974 9.042704

1508377318168 LINEAR_ACCELERATION 0.042050987 0.09730482 -0.10970402

1508377318168 ROTATION_VECTOR 0.17379957 -0.09351018 -0.49912587

1508377318168 ACCELEROMETER -0.11691284 3.858673 8.881836

1508377318169 GYROSCOPE -0.032165527 -0.029129028 -0.002609253

1508377318169 MAGNETIC_FIELD -19.328308 -6.5567017 -46.97113

1508377318369 GRAVITY 0.0131931845 3.7939935 9.042999

1508377318370 LINEAR_ACCELERATION 0.003277013 0.02342844 -0.12266827

1508377318370 ROTATION_VECTOR 0.16965455 -0.100760676 -0.49767092

1508377318371 ACCELEROMETER -0.0038757324 3.788025 8.846024

1508377318371 GYROSCOPE -1.2207031E-4 -0.15409851 -0.0036773682

1508377318371 MAGNETIC_FIELD -21.817017 -7.244873 -44.799805

1508377318571 ROTATION_VECTOR 0.16372553 -0.10630043 -0.50657874

1508377318572 LINEAR_ACCELERATION -0.08418894 0.01593256 0.044657707

1508377318572 GRAVITY 0.12418629 3.7529466 9.059269

1508377318572 ACCELEROMETER 0.03765869 3.7388306 8.984695

1508377318573 GYROSCOPE -0.043914795 -0.009902954 0.014480591

1508377318573 MAGNETIC_FIELD -21.273804 -7.847595 -46.165466

1508377318767 ACCELEROMETER 0.21696472 3.7805786 8.848175

1508377318768 GRAVITY 0.17354657 3.74463 9.061899

1508377318769 LINEAR_ACCELERATION 0.059230804 0.09132433 -0.12878036

1508377318769 GYROSCOPE -0.033233643 -0.010971069 -0.015426636

1508377318769 MAGNETIC_FIELD -20.669556 -7.0480347 -44.737244

1508377318770 ROTATION_VECTOR 0.16237174 -0.10773651 -0.5038654

1508377318974 ACCELEROMETER 0.10159302 3.738617 9.012939

1508377318975 GYROSCOPE -0.02468872 -0.018447876 0.0048675537

1508377318976 MAGNETIC_FIELD -21.263123 -7.3150635 -45.01953

1508377318982 GRAVITY 0.16579808 3.7106805 9.075998

1508377318985 LINEAR_ACCELERATION -0.059845433 0.063373566 0.04768753

1508377318987 ROTATION_VECTOR 0.1611966 -0.1061533 -0.5025307

1508377319188 ACCELEROMETER 0.11506653 3.7277527 8.981476

1508377319194 GRAVITY 0.1762264 3.7258434 9.069588

1508377319197 LINEAR_ACCELERATION -0.085727796 0.013351917 0.005923271

1508377319199 ROTATION_VECTOR 0.16150598 -0.10721726 -0.5033673

1508377319201 GYROSCOPE 0.036193848 -0.03126526 0.017684937

1508377319204 MAGNETIC_FIELD -22.27478 -6.83136 -45.463562

1508377319388 GRAVITY 0.20100039 3.7681134 9.051592

1508377319394 LINEAR_ACCELERATION -0.025207132 0.0035808086 -0.0612278

1508377319398 ROTATION_VECTOR 0.1626819 -0.109689906 -0.5040997

1508377319400 ACCELEROMETER 0.16337585 3.7259216 8.908203

1508377319402 GYROSCOPE -0.003326416 -2.89917E-4 0.0037994385

1508377319404 MAGNETIC_FIELD -20.640564 -6.7352295 -45.88623

1508377319591 GRAVITY 0.20050375 3.7481556 9.059885

1508377319593 LINEAR_ACCELERATION -0.020349964 0.019502401 0.034154892

1508377319595 ROTATION_VECTOR 0.16209717 -0.1086229 -0.5016764

1508377319598 ACCELEROMETER 0.16004944 3.7148132 9.00824

1508377319600 GYROSCOPE -0.02041626 7.7819824E-4 0.024093628

1508377319602 MAGNETIC_FIELD -21.029663 -6.9625854 -46.01288

1508377319791 GRAVITY 0.20718208 3.7268775 9.068508

1508377319797 LINEAR_ACCELERATION -0.07844418 -0.019644976 -0.08076477

1508377319799 ROTATION_VECTOR 0.16099937 -0.10823101 -0.501269

1508377319801 ACCELEROMETER 0.13615417 3.670044 8.860565

1508377319804 GYROSCOPE -0.008666992 -0.032333374 0.019821167

1508377319806 MAGNETIC_FIELD -22.001648 -6.465149 -44.662476

1508377319991 ACCELEROMETER 0.19413757 3.6910706 8.994522

1508377320024 GRAVITY 0.23502249 3.7212896 9.070125

1508377320025 LINEAR_ACCELERATION -0.043228775 0.0149896145 0.03252411

1508377320025 ROTATION_VECTOR 0.16014801 -0.109109946 -0.50017434

1508377320025 GYROSCOPE 0.0020141602 -0.014175415 5.950928E-4

1508377320026 MAGNETIC_FIELD -20.86029 -6.616211 -46.351624

1508377320185 GRAVITY 0.22395112 3.7255769 9.068645

1508377320186 LINEAR_ACCELERATION -0.051513165 0.001865387 0.017310143

1508377320186 ROTATION_VECTOR 0.1606903 -0.108657494 -0.49975905

1508377320187 ACCELEROMETER 0.1510315 3.6723785 8.998199

1508377320187 GYROSCOPE 0.005218506 0.0029144287 0.01234436

1508377320187 MAGNETIC_FIELD -20.93811 -5.7632446 -45.02411

1508377320388 GRAVITY 0.22695933 3.7494948 9.058706

1508377320389 LINEAR_ACCELERATION -0.02927351 -0.005061388 -0.017668724

1508377320389 ROTATION_VECTOR 0.16169079 -0.109501585 -0.49987513

1508377320390 ACCELEROMETER 0.19657898 3.7025757 8.919647

1508377320390 GYROSCOPE 0.02017212 -0.014175415 0.007003784

1508377320390 MAGNETIC_FIELD -22.077942 -7.066345 -45.721436

1508377320590 ACCELEROMETER 0.2066803 3.658905 8.944305

1508377320591 GYROSCOPE -0.0065307617 -0.032333374 -0.0143585205

1508377320591 MAGNETIC_FIELD -22.033691 -6.5200806 -45.684814

1508377320591 GRAVITY 0.2448477 3.7425635 9.061107

1508377320592 LINEAR_ACCELERATION -0.04328975 -0.041054487 0.011427879

1508377320592 ROTATION_VECTOR 0.16039935 -0.11083403 -0.50369966

1508377320794 GRAVITY 0.24404012 3.708351 9.075184

1508377320795 LINEAR_ACCELERATION -0.080439076 -0.062290907 0.015805244

1508377320795 ROTATION_VECTOR 0.15813151 -0.11085494 -0.50924927

1508377320796 ACCELEROMETER 0.15724182 3.5949097 8.9960785

1508377320796 GYROSCOPE 9.460449E-4 -0.016311646 0.001663208

1508377320800 MAGNETIC_FIELD -22.236633 -6.312561 -45.81299

1508377321002 ACCELEROMETER 0.21260071 3.6486511 9.021912

1508377321011 GRAVITY 0.23970762 3.677888 9.0876875

1508377321013 LINEAR_ACCELERATION -0.024473652 0.0014092922 0.05991268

1508377321015 ROTATION_VECTOR 0.15679404 -0.109874986 -0.50979453

1508377321019 GYROSCOPE -0.023620605 0.005050659 -0.0058135986

1508377321021 MAGNETIC_FIELD -22.11914 -6.0043335 -45.925903

1508377321205 ACCELEROMETER 0.2411499 3.6172638 8.983856

1508377321211 GYROSCOPE -0.015075684 -0.009902954 -0.037857056

1508377321214 MAGNETIC_FIELD -21.412659 -6.729126 -44.847107

1508377321216 GRAVITY 0.23509443 3.65475 9.097137

1508377321219 LINEAR_ACCELERATION 0.013658375 0.014977455 -0.028137207

1508377321222 ROTATION_VECTOR 0.1559493 -0.10888008 -0.50917614

1508377321408 GRAVITY 0.23507132 3.6500788 9.099014

1508377321413 LINEAR_ACCELERATION 2.2441149E-5 0.025076866 0.040905952

1508377321415 ROTATION_VECTOR 0.15559731 -0.108944386 -0.51026094

1508377321417 ACCELEROMETER 0.22329712 3.6352997 9.050079

1508377321421 GYROSCOPE 0.005218506 -0.0013580322 0.011276245

1508377321423 MAGNETIC_FIELD -22.383118 -6.1935425 -44.299316

1508377321609 ACCELEROMETER 0.2805786 3.7001495 8.941956

1508377321610 GYROSCOPE 9.460449E-4 0.0018463135 -0.009017944

1508377321611 MAGNETIC_FIELD -21.221924 -6.5856934 -45.376587

1508377321612 GRAVITY 0.24772228 3.685862 9.084241

1508377321612 LINEAR_ACCELERATION 0.023566037 0.048731327 -0.05217266

1508377321613 ROTATION_VECTOR 0.15734601 -0.10988553 -0.50670034

1508377321801 GRAVITY 0.23680033 3.6926239 9.081786

1508377321802 LINEAR_ACCELERATION -0.020464674 0.043055296 -0.009068489

1508377321802 ROTATION_VECTOR 0.15778185 -0.10983015 -0.50795555

1508377321803 ACCELEROMETER 0.21217346 3.6916351 8.958008

1508377321804 GYROSCOPE -0.017211914 -0.023788452 -0.046401978

1508377321804 MAGNETIC_FIELD -21.95282 -5.908203 -45.0531

1508377322011 GRAVITY 0.2387178 3.683488 9.085445

1508377322016 LINEAR_ACCELERATION -0.005840093 -0.009576559 0.016486168

1508377322018 ACCELEROMETER 0.22485352 3.643631 9.034927

1508377322021 ROTATION_VECTOR 0.15709284 -0.10996841 -0.50965613

1508377322024 GYROSCOPE 0.013763428 -2.89917E-4 5.950928E-4

1508377322026 MAGNETIC_FIELD -21.141052 -5.5755615 -45.19806

1508377322208 ACCELEROMETER 0.12438965 3.6237793 9.105484

1508377322211 GYROSCOPE -1.2207031E-4 0.003982544 -0.018630981

1508377322213 MAGNETIC_FIELD -21.82312 -6.311035 -45.31555

1508377322215 GRAVITY 0.18190838 3.6621008 9.095401

1508377322218 LINEAR_ACCELERATION -0.09088676 -0.033138752 0.1158371

1508377322220 ROTATION_VECTOR 0.15731508 -0.107310735 -0.51228976

1508377322409 GRAVITY 0.17819439 3.651581 9.099703

1508377322412 LINEAR_ACCELERATION 0.0035803914 0.03263259 -0.05075836

1508377322414 ROTATION_VECTOR 0.15684685 -0.106973596 -0.5130134

1508377322416 ACCELEROMETER 0.17025757 3.652649 9.039902

1508377322420 GYROSCOPE -0.037506104 -0.023788452 -0.046401978

1508377322422 MAGNETIC_FIELD -21.020508 -5.645752 -46.00067

1508377322611 ACCELEROMETER 0.14819336 3.609726 9.006561

1508377322614 GYROSCOPE 0.0020141602 -0.0077667236 0.014480591

1508377322616 MAGNETIC_FIELD -21.057129 -6.454468 -46.618652

1508377322618 GRAVITY 0.18473803 3.6267674 9.10949

1508377322620 LINEAR_ACCELERATION -0.021758229 0.0065317154 -0.025435448

1508377322622 ROTATION_VECTOR 0.15579577 -0.10617405 -0.5110554

1508377322814 GRAVITY 0.18827742 3.5924582 9.123003

1508377322817 LINEAR_ACCELERATION -0.037691087 -0.01099515 0.06334114

1508377322819 ROTATION_VECTOR 0.15403214 -0.10550074 -0.5119691

1508377322821 ACCELEROMETER 0.16923523 3.5764923 9.114212

1508377322827 GYROSCOPE -0.02255249 -0.020584106 -0.022903442

1508377322834 MAGNETIC_FIELD -20.24231 -5.6381226 -44.94629

1508377323014 GRAVITY 0.20094901 3.5828774 9.126499

1508377323017 LINEAR_ACCELERATION 0.0040474087 0.02209425 -0.091243744

1508377323020 ROTATION_VECTOR 0.1535709 -0.10532808 -0.5094721

1508377323022 ACCELEROMETER 0.17210388 3.5560455 9.004089

1508377323024 GYROSCOPE -0.016143799 -0.005630493 -0.016494751

1508377323026 MAGNETIC_FIELD -20.692444 -5.622864 -45.358276

1508377323219 GRAVITY 0.20806448 3.611817 9.114925

1508377323222 LINEAR_ACCELERATION -0.0042129457 0.058549404 -0.0210886

1508377323224 ROTATION_VECTOR 0.1551394 -0.10582953 -0.5059211

1508377323227 ACCELEROMETER 0.21264648 3.627182 8.982819

1508377323229 GYROSCOPE 0.015899658 -0.0034942627 0.018753052

1508377323231 MAGNETIC_FIELD -21.638489 -6.1828613 -46.185303

1508377323421 GRAVITY 0.2738796 3.6839051 9.084284

1508377323423 LINEAR_ACCELERATION 0.04206419 0.07189798 -0.09331894

1508377323426 ROTATION_VECTOR 0.15732625 -0.10990388 -0.5008362

1508377323428 ACCELEROMETER 0.28790283 3.702301 8.923767

1508377323430 GYROSCOPE 0.011627197 -0.034469604 0.005935669

1508377323432 MAGNETIC_FIELD -21.330261 -7.044983 -44.917297

1508377323622 GRAVITY 0.29450566 3.6752348 9.087151

1508377323625 LINEAR_ACCELERATION -0.010926515 0.0781548 0.17398453

1508377323626 ROTATION_VECTOR 0.15630996 -0.11068637 -0.5014098

1508377323634 ACCELEROMETER 0.2882843 3.7364807 9.251541

1508377323635 GYROSCOPE -0.023620605 0.020004272 0.03691101

1508377323637 MAGNETIC_FIELD -22.33429 -5.456543 -45.684814

1508377323826 ACCELEROMETER 0.2053833 3.6795197 9.036301

1508377323832 GRAVITY 0.25642055 3.6491988 9.09879

1508377323834 LINEAR_ACCELERATION -0.06838021 0.015027523 0.015800476

1508377323862 ROTATION_VECTOR 0.15628938 -0.10800203 -0.5001626

1508377323863 GYROSCOPE -0.007598877 0.0029144287 0.01020813

1508377323863 MAGNETIC_FIELD -21.35315 -5.973816 -45.31555

1508377324016 ACCELEROMETER 0.29374695 3.6968994 8.996689

1508377324017 GYROSCOPE -1.2207031E-4 -0.010971069 -0.011154175

1508377324017 MAGNETIC_FIELD -22.085571 -6.114197 -45.428467

1508377324018 GRAVITY 0.27913594 3.6721504 9.088882

1508377324018 LINEAR_ACCELERATION 0.029865593 0.04089904 -0.072146416

1508377324018 ROTATION_VECTOR 0.15765171 -0.108360104 -0.49306798

1508377324218 ACCELEROMETER 0.1616211 3.6489716 8.9483185

1508377324219 GYROSCOPE 0.0020141602 0.0029144287 0.014480591

1508377324219 MAGNETIC_FIELD -21.902466 -6.1553955 -45.028687

1508377324219 LINEAR_ACCELERATION -0.09769465 -0.012703657 -0.079216

1508377324220 GRAVITY 0.2397151 3.6826448 9.085761

1508377324220 ROTATION_VECTOR 0.15883414 -0.10736311 -0.49564517

1508377324420 ACCELEROMETER -0.42208862 4.1112976 8.7591095

1508377324421 GYROSCOPE -0.24151611 0.0499115 0.17042542

1508377324421 MAGNETIC_FIELD -21.27533 -5.3207397 -45.957947

1508377324422 GRAVITY 0.21425223 3.5011263 9.15787

1508377324422 LINEAR_ACCELERATION -0.8554682 0.8094661 -0.38650894

1508377324423 ROTATION_VECTOR 0.15185958 -0.10008601 -0.4899624

1508377324623 GRAVITY 0.17571008 3.1132038 9.297713

1508377324624 LINEAR_ACCELERATION -1.5187576 0.89680576 -2.3779593

1508377324624 ACCELEROMETER -1.4554443 4.141098 7.068283

1508377324624 GYROSCOPE -0.2052002 0.36927795 1.0665741

1508377324625 MAGNETIC_FIELD -19.869995 -1.8966675 -47.21527

1508377324625 ROTATION_VECTOR 0.14175594 -0.07651017 -0.41907728

1508377324834 ACCELEROMETER 1.5182037 2.6165314 4.72406

1508377324839 GRAVITY 0.69030946 3.2821238 9.215287

1508377324848 LINEAR_ACCELERATION 1.3595388 -0.6082072 -4.452821

1508377324863 ROTATION_VECTOR 0.15421118 -0.07981239 -0.2629532

1508377324865 GYROSCOPE 0.5093689 0.059524536 1.6091766

1508377324866 MAGNETIC_FIELD -19.53125 2.34375 -47.87445

1508377325028 ACCELEROMETER 1.6405182 2.2579346 3.6422424

1508377325029 GYROSCOPE -0.27996826 0.22828674 0.71943665

1508377325029 MAGNETIC_FIELD -17.652893 6.0073853 -47.132874

1508377325029 GRAVITY 1.221607 3.2916462 9.1565895

1508377325030 LINEAR_ACCELERATION 0.27840555 -0.897686 -5.3687506

1508377325030 ROTATION_VECTOR 0.1612109 -0.08458678 -0.12536274

1508377325229 ACCELEROMETER 4.6346436 1.8607635 6.0098114

1508377325230 GYROSCOPE -3.6562805 0.19944763 0.20033264

1508377325230 MAGNETIC_FIELD -8.648682 24.249268 -40.823364

1508377325231 GRAVITY 1.3498564 -0.48812547 9.701032

1508377325231 LINEAR_ACCELERATION 4.1784816 2.4030073 -1.7167959

1508377325231 ROTATION_VECTOR -0.029121023 -0.067357466 -0.060882173

1508377325429 ACCELEROMETER 5.8095703 -0.1978302 1.5946198

1508377325430 GYROSCOPE -5.655792 14.772812 2.3557892

1508377325430 MAGNETIC_FIELD 11.3342285 -4.4067383 39.126587

1508377325431 LINEAR_ACCELERATION 9.520638 6.744674 -1.1760639

1508377325431 GRAVITY -4.7369485 -8.452873 1.5101775

1508377325432 ROTATION_VECTOR -0.40286767 0.51058793 -0.2901922

1508377325634 ACCELEROMETER 4.784439 -10.445801 0.19589233

1508377325635 GYROSCOPE 10.192902 -3.0615082 -0.59220886

1508377325637 MAGNETIC_FIELD -10.731506 20.222473 44.300842

1508377325643 GRAVITY -6.2103863 -6.554654 -3.8259635

1508377325646 LINEAR_ACCELERATION 9.3807535 -6.146686 3.3833315

1508377325651 ROTATION_VECTOR 0.017033374 0.8335345 -0.40852872

1508377325846 GRAVITY -5.526039 -7.321263 3.468773

1508377325853 LINEAR_ACCELERATION 6.5072474 5.1827917 -22.171795

1508377325857 ROTATION_VECTOR 0.15973702 0.545551 -0.76947457

1508377325859 ACCELEROMETER 2.147873 -1.2647705 -16.01941

1508377325863 GYROSCOPE -0.27783203 1.5644989 0.23344421

1508377325866 MAGNETIC_FIELD -6.6314697 22.531128 45.741272

1508377326043 GRAVITY -6.215787 -7.399103 1.669627

1508377326046 LINEAR_ACCELERATION 4.658027 5.334591 -11.0954685

1508377326048 ROTATION_VECTOR 0.22587867 0.6032011 -0.7210451

1508377326052 ACCELEROMETER 0.35961914 -0.12890625 -11.704529

1508377326054 GYROSCOPE -0.0054626465 -0.0077667236 -0.0036773682

1508377326057 MAGNETIC_FIELD -5.671692 22.23053 46.810913

1508377326247 GRAVITY -6.146188 -7.5887837 0.89728624

1508377326251 LINEAR_ACCELERATION 4.436226 4.9637523 -11.265152

1508377326253 ROTATION_VECTOR 0.20678982 0.6414742 -0.6890478

1508377326258 ACCELEROMETER 0.31375122 -0.008682251 -10.367355

1508377326261 GYROSCOPE 0.039398193 0.03388977 -0.15641785

1508377326264 MAGNETIC_FIELD -5.140686 22.045898 46.046448

1508377326447 ACCELEROMETER -0.032180786 -0.5173187 -10.5047455

1508377326454 LINEAR_ACCELERATION 3.9719386 4.4785023 -10.493535

1508377326459 ROTATION_VECTOR 0.19854803 0.6694964 -0.66026914

1508377326462 GRAVITY -6.200647 -7.5936594 0.24228682

1508377326466 GYROSCOPE 0.10882568 -0.11351013 0.21315002

1508377326471 MAGNETIC_FIELD -2.6351929 23.446655 46.35315

1508377326654 GRAVITY -4.3845806 -8.217631 3.0686114

1508377326661 LINEAR_ACCELERATION 0.88561463 4.245892 -10.144293

1508377326663 ROTATION_VECTOR -0.0779747 0.58091676 -0.6577394

1508377326666 ACCELEROMETER -0.74443054 -0.107162476 -9.173676

1508377326669 GYROSCOPE -0.472229 -7.1887054 -0.97673035

1508377326672 MAGNETIC_FIELD 30.891418 22.862244 32.691956

1508377326853 ACCELEROMETER -6.898941 0.38267517 2.117508

1508377326861 GRAVITY 0.52808994 -8.595421 4.6915083

1508377326863 LINEAR_ACCELERATION -7.8323336 5.6662297 2.3400204

1508377326867 ROTATION_VECTOR -0.43947774 0.2601134 -0.4824632

1508377326869 GYROSCOPE 0.10668945 -4.478897 -0.05921936

1508377326873 MAGNETIC_FIELD 44.100952 22.225952 -4.23584

1508377327054 GRAVITY 2.2963917 -8.497739 4.322661

1508377327063 LINEAR_ACCELERATION -9.197242 4.347093 2.0689635

1508377327066 ROTATION_VECTOR -0.52358234 0.07394039 -0.333822

1508377327069 ACCELEROMETER -7.851181 0.002746582 5.1546173

1508377327072 GYROSCOPE 0.1451416 -0.8045807 -0.06135559

1508377327086 MAGNETIC_FIELD 39.770508 22.517395 -19.059753

