1508377763475 ACCELEROMETER 0.033233643 7.1720123 7.693619

1508377763479 GYROSCOPE 0.40042114 -0.46705627 0.080703735

1508377763480 MAGNETIC_FIELD -12.242126 -16.51001 -44.45343

1508377763481 GRAVITY 0.08441051 6.6116614 7.242182

1508377763482 LINEAR_ACCELERATION 0.0 0.0 -0.0

1508377763483 ROTATION_VECTOR 0.0 0.0 0.0

1508377763677 ACCELEROMETER 0.43740845 5.2199097 10.306732

1508377763678 GYROSCOPE 0.58306885 0.039230347 -0.24720764

1508377763679 MAGNETIC_FIELD -14.605713 -15.837097 -46.09375

1508377763680 LINEAR_ACCELERATION 0.083452195 -1.3073239 1.6751089

1508377763680 GRAVITY 0.32295734 5.8707924 7.8485594

1508377763681 ROTATION_VECTOR 0.27161512 -0.16143134 -0.43920833

1508377763878 ACCELEROMETER -0.3276062 4.4356995 6.269333

1508377763880 GYROSCOPE -0.6751709 0.17701721 0.56455994

1508377763880 MAGNETIC_FIELD -12.580872 -18.527222 -45.765686

1508377763881 GRAVITY 0.14273356 5.7647743 7.9320483

1508377763881 LINEAR_ACCELERATION -0.46260935 -1.2934527 -1.6760468

1508377763882 ROTATION_VECTOR 0.260465 -0.1665415 -0.49231634

1508377764079 ACCELEROMETER 1.1132355 5.70842 7.2886963

1508377764080 GYROSCOPE -0.18383789 0.16313171 -0.21302795

1508377764081 MAGNETIC_FIELD -16.293335 -17.181396 -45.10956

1508377764081 LINEAR_ACCELERATION 0.80640066 0.5193229 -0.8102026

1508377764082 GRAVITY 0.3334694 5.2962976 8.246722

1508377764082 ROTATION_VECTOR 0.24980775 -0.13088277 -0.39097363

1508377764280 ACCELEROMETER 1.3032532 4.608078 10.040894

1508377764281 GYROSCOPE 0.6279297 -0.3153839 0.021957397

1508377764282 MAGNETIC_FIELD -14.099121 -13.987732 -47.5708

1508377764283 LINEAR_ACCELERATION 0.7678814 -0.7665 1.756115

1508377764283 GRAVITY 0.5349311 5.3238482 8.218326

1508377764284 ROTATION_VECTOR 0.2475961 -0.14027897 -0.38680828

1508377764517 ACCELEROMETER -0.037704468 5.1421814 6.846344

1508377764518 GYROSCOPE -0.09732056 -0.19041443 -0.15962219

1508377764518 MAGNETIC_FIELD -15.985107 -19.067383 -45.169067

1508377764519 GRAVITY 0.7248098 5.8359814 7.8476977

1508377764519 LINEAR_ACCELERATION -1.0568445 -0.66859674 -0.7859664

1508377764520 ROTATION_VECTOR 0.25704712 -0.18386288 -0.45264503

1508377764718 ACCELEROMETER 0.028213501 5.8945923 10.041534

1508377764719 GYROSCOPE -0.4925232 -0.576004 -0.24186707

1508377764720 MAGNETIC_FIELD -16.40625 -18.927002 -45.53528

1508377764720 GRAVITY 0.95410717 5.241449 8.233303

1508377764721 LINEAR_ACCELERATION -0.7330923 0.4474306 2.7025566

1508377764721 ROTATION_VECTOR 0.2018411 -0.19869208 -0.53952265

1508377764920 ACCELEROMETER 0.38812256 4.350754 9.0260315

1508377764921 GYROSCOPE -0.021484375 0.44831848 0.31996155

1508377764921 MAGNETIC_FIELD -18.151855 -17.056274 -44.984436

1508377764922 GRAVITY 1.0302129 4.8044467 8.486834

1508377764923 LINEAR_ACCELERATION -0.66310537 -0.5754595 -1.0121851

1508377764923 ROTATION_VECTOR 0.18051475 -0.1862964 -0.53725827

1508377765121 ACCELEROMETER 0.35621643 4.543976 7.1804657

1508377765122 GYROSCOPE 0.039398193 0.042434692 -0.006881714

1508377765123 MAGNETIC_FIELD -17.158508 -13.757324 -47.25952

1508377765123 GRAVITY 0.7306631 4.8314724 8.502552

1508377765124 LINEAR_ACCELERATION -0.3181371 -0.11205053 -1.0503712

1508377765124 ROTATION_VECTOR 0.19938909 -0.16350685 -0.49405226

1508377765323 ACCELEROMETER 1.1441956 4.4687347 9.290421

1508377765324 GYROSCOPE -0.08770752 -0.6165924 -0.7193146

1508377765325 MAGNETIC_FIELD -18.739319 -13.777161 -46.995544

1508377765326 GRAVITY 0.87061405 4.686782 8.570093

1508377765326 LINEAR_ACCELERATION 0.118698955 -0.78553677 1.6386976

1508377765327 ROTATION_VECTOR 0.180392 -0.1746585 -0.53498095

1508377765524 ACCELEROMETER 1.2726135 4.2535706 8.518265

1508377765525 GYROSCOPE -0.29385376 0.20265198 -0.4832611

1508377765525 MAGNETIC_FIELD -19.837952 -15.0390625 -46.133423

1508377765526 GRAVITY 0.73233825 4.4767323 8.69442

1508377765526 LINEAR_ACCELERATION 0.64204353 0.12341595 -1.1023273

1508377765527 ROTATION_VECTOR 0.16451165 -0.17217399 -0.58467984

1508377765726 ACCELEROMETER 0.43217468 5.0756226 7.3204803

1508377765728 GYROSCOPE -0.08557129 0.10652161 -0.06776428

1508377765729 MAGNETIC_FIELD -18.826294 -15.499878 -46.99402

1508377765729 GRAVITY 0.22530836 4.301628 8.809973

1508377765730 LINEAR_ACCELERATION 0.18656895 1.0606871 -1.3535595

1508377765730 ROTATION_VECTOR 0.17286661 -0.14468428 -0.5853746

1508377765928 ACCELEROMETER -0.15084839 4.780075 8.181839

1508377765928 GYROSCOPE 0.28186035 0.40345764 0.34773254

1508377765929 MAGNETIC_FIELD -20.916748 -14.427185 -48.120117

1508377765930 GRAVITY -0.12076832 4.4623237 8.7317505

1508377765930 LINEAR_ACCELERATION -0.22341678 -0.15123558 -0.16509533

1508377765931 ROTATION_VECTOR 0.19547929 -0.12881176 -0.5567102

1508377766134 ACCELEROMETER 0.5032654 4.3335114 8.211304

1508377766134 GRAVITY -0.22376561 5.1663737 8.3324

1508377766134 LINEAR_ACCELERATION 1.0509111 -0.43753242 -0.5502062

1508377766135 ROTATION_VECTOR 0.23843542 -0.13533059 -0.5104441

1508377766135 GYROSCOPE 0.54248047 0.14497375 0.26869202

1508377766135 MAGNETIC_FIELD -21.839905 -14.260864 -47.547913

1508377766341 GRAVITY -0.092699975 5.6317754 8.027759

1508377766344 LINEAR_ACCELERATION 1.5438576 -0.4785576 -0.3037238

1508377766354 ROTATION_VECTOR 0.25434592 -0.16126497 -0.5238013

1508377766357 ACCELEROMETER 1.3092194 4.933777 7.1990204

1508377766359 GYROSCOPE 0.046875 -0.3431549 -0.5388031

1508377766361 MAGNETIC_FIELD -22.409058 -16.918945 -47.117615

1508377766540 GRAVITY -0.542943 5.6108656 8.024573

1508377766543 LINEAR_ACCELERATION 1.0647843 -0.84155226 -0.43134737

1508377766545 ROTATION_VECTOR 0.25736827 -0.15691456 -0.57245743

1508377766553 ACCELEROMETER 1.056778 5.0013733 7.535919

1508377766556 GYROSCOPE -0.011871338 0.41093445 -0.28245544

1508377766558 MAGNETIC_FIELD -23.571777 -19.2276 -45.24994

1508377766743 ACCELEROMETER 0.46611023 5.0732574 6.511444

1508377766746 GYROSCOPE -0.14645386 0.18769836 -0.8667145

1508377766750 MAGNETIC_FIELD -23.188782 -20.773315 -45.170593

1508377766752 GRAVITY -1.5544561 5.439562 8.01032

1508377766754 LINEAR_ACCELERATION 2.0761814 0.15851355 -1.3216758

1508377766756 ROTATION_VECTOR 0.27857322 -0.118255354 -0.59915876

1508377766943 GRAVITY -2.061212 5.4224987 7.906852

1508377766946 LINEAR_ACCELERATION 1.6004119 0.6804948 1.1112685

1508377766949 ROTATION_VECTOR 0.2951935 -0.0986082 -0.60172653

1508377766952 ACCELEROMETER -0.40426636 5.6901245 8.4262085

1508377766954 GYROSCOPE 0.19747925 0.30519104 0.45881653

1508377766956 MAGNETIC_FIELD -21.588135 -25.23346 -44.882202

1508377767146 ACCELEROMETER 0.15338135 5.2707825 11.379684

1508377767147 GYROSCOPE 0.40576172 0.1759491 0.97151184

1508377767148 GRAVITY -1.5088524 6.0094385 7.6013417

1508377767148 LINEAR_ACCELERATION 1.667903 -0.9395094 3.8143926

1508377767149 ROTATION_VECTOR 0.31123257 -0.12479472 -0.5530067

1508377767150 MAGNETIC_FIELD -22.097778 -22.860718 -44.74182

1508377767344 ACCELEROMETER -0.1526947 4.692154 7.329727

1508377767345 GYROSCOPE 0.49334717 0.27314758 0.44706726

1508377767345 MAGNETIC_FIELD -22.743225 -21.517944 -45.45746

1508377767345 GRAVITY -0.91696817 6.77937 7.0263577

1508377767346 LINEAR_ACCELERATION 0.8399712 -1.8913808 -0.15248632

1508377767346 ROTATION_VECTOR 0.34421715 -0.15254517 -0.48548713

1508377767545 ACCELEROMETER 0.79585266 5.6748505 6.715622

1508377767546 GRAVITY -0.9406261 6.924168 6.880516

1508377767546 LINEAR_ACCELERATION 1.8426569 -0.9143629 0.19876242

1508377767549 ROTATION_VECTOR 0.3540294 -0.15444905 -0.47928104

1508377767551 GYROSCOPE -0.26501465 -0.0077667236 -0.35401917

1508377767552 MAGNETIC_FIELD -21.69342 -23.649597 -45.913696

1508377767751 ROTATION_VECTOR 0.3446084 -0.15493485 -0.4891386

1508377767754 LINEAR_ACCELERATION 1.5365639 -2.2088985 3.7641726

1508377767756 GRAVITY -0.9171958 6.799695 7.0066605

1508377767760 ACCELEROMETER 0.62179565 4.641815 10.284271

1508377767762 GYROSCOPE 0.30215454 0.15992737 0.41181946

1508377767764 MAGNETIC_FIELD -21.06018 -21.38977 -47.416687

1508377767953 GRAVITY -0.59033436 7.0342894 6.807398

1508377767956 LINEAR_ACCELERATION 0.74006027 -2.1669683 0.27706814

1508377767960 ROTATION_VECTOR 0.35245258 -0.16940041 -0.4666751

1508377767962 ACCELEROMETER 0.37574768 4.680008 7.1731415

1508377767965 GYROSCOPE 0.07144165 -0.077194214 0.09458923

1508377767967 MAGNETIC_FIELD -21.134949 -22.369385 -46.68579

1508377768154 GRAVITY -0.2535642 7.216021 6.6358976

1508377768159 ACCELEROMETER -0.27122498 5.324707 7.4340515

1508377768162 LINEAR_ACCELERATION -0.23802692 -1.494751 1.1814494

1508377768165 ROTATION_VECTOR 0.35876596 -0.18152237 -0.44180027

1508377768167 GYROSCOPE 0.2647705 0.32655334 0.6307831

1508377768169 MAGNETIC_FIELD -23.565674 -21.141052 -46.470642

1508377768353 GRAVITY 0.6248593 7.498904 6.2885914

1508377768359 LINEAR_ACCELERATION 0.68626696 -2.2376037 4.7898707

1508377768364 ROTATION_VECTOR 0.37404796 -0.1986434 -0.35698107

1508377768366 ACCELEROMETER 0.79634094 5.155594 10.843658

1508377768369 GYROSCOPE 0.56918335 0.41734314 1.1605682

1508377768371 MAGNETIC_FIELD -24.334717 -16.748047 -47.36786

1508377768555 GRAVITY 1.552892 7.714572 5.8518624

1508377768560 LINEAR_ACCELERATION -1.2856231 -3.2578034 1.8743458

1508377768565 ROTATION_VECTOR 0.39839602 -0.20716822 -0.24768665

1508377768567 ACCELEROMETER 0.49432373 4.3638306 7.7949677

1508377768570 GYROSCOPE 0.42712402 0.4557953 0.82518005

1508377768572 MAGNETIC_FIELD -23.01178 -16.719055 -48.687744

1508377768759 GRAVITY 1.9765518 7.7223263 5.7122073

1508377768762 LINEAR_ACCELERATION -0.7222874 -1.8695874 1.5894794

1508377768766 ACCELEROMETER 0.9339752 5.2395477 7.022461

1508377768768 ROTATION_VECTOR 0.41498098 -0.19117866 -0.16024464

1508377768771 GYROSCOPE 0.17932129 0.4921112 0.4566803

1508377768773 MAGNETIC_FIELD -19.89746 -16.340637 -50.024414

1508377768961 ACCELEROMETER 1.3225708 5.373596 8.667053

1508377768964 GRAVITY 2.557586 7.2974324 6.0313034

1508377768969 LINEAR_ACCELERATION -1.3952615 -1.9208899 2.7659025

1508377768971 ROTATION_VECTOR 0.40650654 -0.1650501 -0.043642763

1508377768974 GYROSCOPE 0.10028076 0.7367096 1.3453522

1508377768976 MAGNETIC_FIELD -19.082642 -13.705444 -51.556396

1508377769161 GRAVITY 3.2529972 6.4656315 6.616949

1508377769164 LINEAR_ACCELERATION -2.5707722 -1.9830575 1.5982785

1508377769169 ROTATION_VECTOR 0.38190463 -0.12953134 0.12691867

1508377769172 ACCELEROMETER 0.48750305 4.335083 7.827347

1508377769174 GYROSCOPE 0.16970825 0.8787689 1.2855377

1508377769176 MAGNETIC_FIELD -16.114807 -8.879089 -53.715515

1508377769363 GRAVITY 3.67505 5.3862596 7.324794

1508377769366 LINEAR_ACCELERATION -3.3745925 -1.5908623 2.2381616

1508377769369 ROTATION_VECTOR 0.34688517 -0.07880439 0.34263042

1508377769372 ACCELEROMETER 0.12736511 3.6512146 8.647598

1508377769374 GYROSCOPE 0.4538269 1.0795746 2.010788

1508377769376 MAGNETIC_FIELD -9.060669 -5.836487 -55.44586

1508377769565 GRAVITY 3.6679575 4.0963764 8.12011

1508377769568 ACCELEROMETER -0.47354126 2.6972961 10.260498

1508377769572 LINEAR_ACCELERATION -4.055546 -1.4688442 2.4239864

1508377769574 ROTATION_VECTOR 0.29282975 -0.015504166 0.59920055

1508377769577 GYROSCOPE 0.6161804 1.1425934 2.187027

1508377769579 MAGNETIC_FIELD -0.8377075 -7.171631 -55.984497

1508377769763 ACCELEROMETER -0.50260925 3.5821686 9.615051

1508377769768 GYROSCOPE 0.13659668 1.1532745 1.4169159

1508377769772 MAGNETIC_FIELD 6.678772 -12.033081 -54.66461

1508377769774 GRAVITY 2.759067 3.1802783 8.856849

1508377769776 LINEAR_ACCELERATION -3.1499302 0.9990938 1.2988119

1508377769778 ROTATION_VECTOR 0.2149803 0.04700929 0.7818977

1508377769965 GRAVITY 1.0216355 3.0475335 9.264944

1508377769970 LINEAR_ACCELERATION -0.12842125 1.5768709 -0.33632946

1508377769973 ROTATION_VECTOR 0.11864501 0.11637305 0.87845176

1508377769976 ACCELEROMETER 0.60632324 4.4093933 8.928864

1508377769978 GYROSCOPE 0.44421387 1.4758453 0.9191742

1508377769980 MAGNETIC_FIELD 16.16211 -16.773987 -51.27716

1508377770168 GRAVITY -0.44688392 2.9195263 9.351313

1508377770171 LINEAR_ACCELERATION 0.9571191 2.0107303 -0.30527973

1508377770175 ROTATION_VECTOR 0.035409745 0.14819549 0.91544527

1508377770177 ACCELEROMETER 0.83229065 4.813019 8.380295

1508377770179 GYROSCOPE -0.53738403 0.5198822 0.29325867

1508377770182 MAGNETIC_FIELD 23.989868 -23.469543 -45.773315

1508377770361 GRAVITY -0.67082393 2.5540295 9.444433

1508377770362 LINEAR_ACCELERATION 1.1377375 2.5537195 -1.0557718

1508377770363 ROTATION_VECTOR 0.016855314 0.13484743 0.919607

1508377770364 ACCELEROMETER 0.43014526 4.9725647 8.412781

1508377770364 GYROSCOPE -0.028961182 -0.020584106 0.35414124

1508377770365 MAGNETIC_FIELD 26.020813 -23.867798 -45.35675

1508377770566 GRAVITY -0.5658809 2.6220825 9.432648

1508377770570 LINEAR_ACCELERATION 0.94658697 3.094408 -0.9364519

1508377770572 ROTATION_VECTOR 0.022565788 0.13623357 0.9209737

1508377770574 ACCELEROMETER 0.30924988 5.414963 7.8781433

1508377770583 GYROSCOPE -0.12722778 0.17274475 0.41075134

1508377770591 MAGNETIC_FIELD 25.010681 -24.664307 -46.177673

1508377770771 GRAVITY -0.5118777 1.7268 9.639841

1508377770775 LINEAR_ACCELERATION 0.08304694 3.4931757 1.0565338

1508377770777 ROTATION_VECTOR 0.00722111 0.09193893 0.92958695

1508377770783 ACCELEROMETER -0.37527466 5.260071 9.78569

1508377770785 GYROSCOPE -1.0126953 -0.06864929 0.13945007

1508377770787 MAGNETIC_FIELD 26.992798 -26.475525 -45.396423

1508377770975 GRAVITY -0.3987566 0.9587381 9.751523

1508377770978 ACCELEROMETER -0.6816406 4.4490356 8.203445

1508377770983 LINEAR_ACCELERATION -0.24382406 3.515098 -1.512043

1508377770985 ROTATION_VECTOR -0.0019913134 0.052978627 0.93577695

1508377770987 GYROSCOPE -0.012939453 0.08302307 0.6756439

1508377770990 MAGNETIC_FIELD 24.809265 -29.231262 -45.533752

1508377771170 ACCELEROMETER 0.29286194 4.755493 7.2364044

1508377771170 GYROSCOPE 0.21456909 0.27314758 0.35520935

1508377771178 MAGNETIC_FIELD 23.513794 -33.29773 -42.590332

1508377771178 GRAVITY -0.60091877 1.3977296 9.687912

1508377771179 LINEAR_ACCELERATION 0.9460696 3.4276066 -2.5202703

1508377771179 ROTATION_VECTOR -0.006543112 0.07753165 0.94577867

1508377771372 ROTATION_VECTOR 0.008093492 0.0727712 0.94174814

1508377771375 LINEAR_ACCELERATION 2.046901 4.139521 -0.6231117

1508377771377 GRAVITY -0.3190153 1.3962481 9.7015

1508377771379 ACCELEROMETER 1.3936768 5.271744 8.06398

1508377771384 GYROSCOPE -0.44552612 -0.46492004 -0.49073792

1508377771386 MAGNETIC_FIELD 21.992493 -35.281372 -39.71405

1508377771576 GRAVITY 0.5136164 1.1668831 9.723424

1508377771579 LINEAR_ACCELERATION 0.7304747 3.1658113 -0.17972279

1508377771582 ROTATION_VECTOR 0.046797346 0.04531417 0.92413247

1508377771586 ACCELEROMETER 1.1481018 4.3273163 8.925003

1508377771588 GYROSCOPE 0.05328369 -0.41151428 -0.023971558

1508377771590 MAGNETIC_FIELD 23.080444 -31.585693 -43.037415

1508377771779 GRAVITY 1.2009546 1.5509135 9.608474

1508377771782 LINEAR_ACCELERATION -0.93192077 3.5160422 -1.7663012

1508377771784 ROTATION_VECTOR 0.0880262 0.048534364 0.9132663

1508377771788 ACCELEROMETER 0.7007904 5.0203094 7.621338

1508377771790 GYROSCOPE 0.12805176 -0.33888245 0.031570435

1508377771792 MAGNETIC_FIELD 23.130798 -30.993652 -43.037415

1508377771980 ACCELEROMETER 0.19059753 5.9172516 7.513321

1508377771983 GYROSCOPE 0.23165894 -0.12205505 0.5357208

1508377771988 MAGNETIC_FIELD 23.72284 -30.827332 -42.547607

1508377771990 GRAVITY 1.6677582 2.0743113 9.438548

1508377771992 LINEAR_ACCELERATION -1.2045556 4.274804 -1.3428631

1508377771994 ROTATION_VECTOR 0.12000384 0.0660835 0.916093

1508377772175 ACCELEROMETER 0.38249207 4.592392 8.409363

1508377772176 GRAVITY 1.8612617 2.3179743 9.345218

1508377772176 LINEAR_ACCELERATION -1.2694839 2.2427588 -0.08561039

1508377772177 ROTATION_VECTOR 0.12851699 0.08372521 0.93898094

1508377772177 GYROSCOPE 0.115234375 0.08302307 0.6243744

1508377772177 MAGNETIC_FIELD 21.357727 -33.399963 -41.26892

1508377772380 LINEAR_ACCELERATION -1.1412333 2.108537 -1.7097979

1508377772383 GRAVITY 1.437662 2.8561335 9.270707

1508377772385 ACCELEROMETER 0.37913513 4.9657135 7.3742676

1508377772388 ROTATION_VECTOR 0.110383466 0.123048626 0.95185065

1508377772391 GYROSCOPE 0.44314575 0.46540833 -0.0015411377

1508377772393 MAGNETIC_FIELD 20.350647 -37.609863 -39.03351

1508377772583 GRAVITY 1.3243692 3.2704551 9.149894

1508377772586 LINEAR_ACCELERATION -0.3285445 2.5183313 -1.2519913

1508377772588 ROTATION_VECTOR 0.111499734 0.14509673 0.94738203

1508377772593 ACCELEROMETER 0.7022095 5.356537 6.808609

1508377772595 GYROSCOPE -0.15713501 -0.3570404 0.01020813

1508377772597 MAGNETIC_FIELD 21.421814 -40.023804 -35.084534

1508377772784 ACCELEROMETER 1.1103821 4.737854 9.9939575

1508377772788 GYROSCOPE 0.49441528 -0.37199402 0.3018036

1508377772790 MAGNETIC_FIELD 20.79773 -35.273743 -37.994385

1508377772794 GRAVITY 2.0165625 3.5658765 8.910016

1508377772796 LINEAR_ACCELERATION -0.8514631 1.1991453 1.7881346

1508377772804 ROTATION_VECTOR 0.15120336 0.1511726 0.94126904

1508377772984 GRAVITY 2.9206085 4.542655 8.185641

1508377772989 LINEAR_ACCELERATION -1.6446705 0.9818592 -1.4458866

1508377772991 ROTATION_VECTOR 0.21530479 0.1905054 0.92178464

1508377772994 ACCELEROMETER 1.1059418 5.0603027 6.8070526

1508377772997 GYROSCOPE 0.5435486 -0.7501068 -0.2087555

1508377772999 MAGNETIC_FIELD 18.347168 -36.201477 -35.713196

1508377773189 GRAVITY 3.29766 4.8538394 7.85723

1508377773192 LINEAR_ACCELERATION -2.8523476 1.9294791 1.0469089

1508377773194 ACCELEROMETER 0.37675476 6.221756 7.7713013

1508377773198 ROTATION_VECTOR 0.23831734 0.20639186 0.9170331

1508377773200 GYROSCOPE -0.20092773 0.16526794 0.39579773

1508377773202 MAGNETIC_FIELD 17.304993 -35.7193 -37.109375

1508377773389 GRAVITY 3.5837648 4.204048 8.1026535

1508377773392 LINEAR_ACCELERATION -2.7997034 0.6721122 2.585106

1508377773394 ROTATION_VECTOR 0.2321509 0.18161939 0.9363346

1508377773398 ACCELEROMETER 0.4831848 5.0276947 10.14151

1508377773400 GYROSCOPE -0.06741333 -0.043014526 0.82518005

1508377773402 MAGNETIC_FIELD 17.166138 -32.566833 -38.293457

1508377773590 GRAVITY 3.7096086 4.1414804 8.078201

1508377773594 LINEAR_ACCELERATION -3.0546908 0.36707044 0.12838602

1508377773596 ROTATION_VECTOR 0.22996067 0.1877351 0.943369

1508377773600 ACCELEROMETER 0.5235138 4.374634 8.108185

1508377773602 GYROSCOPE 0.3843994 0.17701721 0.12449646

1508377773604 MAGNETIC_FIELD 15.493774 -33.898926 -37.246704

1508377773792 GRAVITY 3.5705776 4.6442723 7.86461

1508377773795 LINEAR_ACCELERATION -2.6375806 0.9652915 -0.27321625

1508377773797 ROTATION_VECTOR 0.22818483 0.21667522 0.93769985

1508377773801 ACCELEROMETER 0.5457001 5.111206 7.01886

1508377773803 GYROSCOPE 0.18145752 -0.13487244 -0.05921936

1508377773805 MAGNETIC_FIELD 15.625 -34.98993 -35.803223

1508377773994 GRAVITY 3.7559254 4.8786035 7.632996

1508377773997 LINEAR_ACCELERATION -1.6341596 0.051502228 3.2014523

1508377773999 ROTATION_VECTOR 0.24126582 0.22938243 0.9317227

1508377774004 ACCELEROMETER 1.7463989 4.731964 10.015671

1508377774006 GYROSCOPE 0.2989502 -0.13059998 0.30821228

1508377774008 MAGNETIC_FIELD 13.609314 -33.5968 -37.81433

1508377774193 GRAVITY 3.8665943 5.109773 7.4236145

1508377774199 LINEAR_ACCELERATION -2.995245 -0.2595811 -0.29053736

1508377774201 ROTATION_VECTOR 0.25030643 0.24258542 0.9262933

1508377774206 ACCELEROMETER 0.95895386 4.530731 7.1498413

1508377774208 GYROSCOPE 0.10668945 -0.014175415 -0.029312134

1508377774210 MAGNETIC_FIELD 14.616394 -33.18634 -36.299133

1508377774394 GRAVITY 3.4700174 5.0971785 7.625492

1508377774399 LINEAR_ACCELERATION -2.911309 1.8333426 0.39003897

1508377774402 ROTATION_VECTOR 0.2273842 0.24393548 0.9318033

1508377774406 ACCELEROMETER 0.4792633 6.242111 7.1294556

1508377774408 GYROSCOPE -0.11654663 0.4910431 0.2889862

1508377774411 MAGNETIC_FIELD 14.208984 -35.03723 -37.261963

1508377774596 GRAVITY 3.3422148 4.603596 7.987921

1508377774600 LINEAR_ACCELERATION -2.023971 0.1925497 2.8834147

1508377774603 ROTATION_VECTOR 0.19897065 0.23052125 0.9491406

1508377774607 ACCELEROMETER 0.99020386 5.0603027 10.6059265

1508377774610 GYROSCOPE 0.29574585 0.44084167 1.2481537

1508377774612 MAGNETIC_FIELD 13.789368 -33.00476 -37.10022

1508377774799 GRAVITY 3.24081 4.4279733 8.127767

1508377774802 LINEAR_ACCELERATION -2.0425174 0.35224628 -0.67669344

1508377774804 ROTATION_VECTOR 0.17451817 0.23482472 0.95621747

1508377774809 ACCELEROMETER 0.8912506 4.4001007 7.1993256

1508377774811 GYROSCOPE 0.08532715 0.34684753 0.17897034

1508377774813 MAGNETIC_FIELD 9.768677 -36.645508 -33.877563

1508377775001 ACCELEROMETER 1.7155304 5.23584 7.973648

1508377775004 GYROSCOPE 0.13339233 -0.18507385 -0.12010193

1508377775006 MAGNETIC_FIELD 7.76062 -36.99646 -33.98285

1508377775011 GRAVITY 3.0684674 4.619464 8.087982

1508377775013 LINEAR_ACCELERATION -0.90577984 1.0216026 0.8994889

1508377775015 ROTATION_VECTOR 0.16653015 0.24473538 0.95512235

1508377775202 GRAVITY 2.5085292 4.4111757 8.391615

1508377775204 LINEAR_ACCELERATION -0.058910847 1.0024133 0.39697886

1508377775207 ROTATION_VECTOR 0.14635232 0.22522816 0.9615661

1508377775211 ACCELEROMETER 2.7057648 5.3956604 8.541595

1508377775214 GYROSCOPE -0.56729126 0.6256256 -0.25468445

1508377775216 MAGNETIC_FIELD 7.3242188 -35.935974 -34.274292

1508377775403 GRAVITY 1.6424565 4.179938 8.717846

1508377775406 LINEAR_ACCELERATION -0.36308467 0.91041565 -1.7574501

1508377775408 ROTATION_VECTOR 0.11797962 0.20394696 0.96092784

1508377775413 ACCELEROMETER 1.200058 4.7730103 6.820114

1508377775415 GYROSCOPE -0.03857422 -0.11457825 -0.6456146

1508377775417 MAGNETIC_FIELD 9.463501 -35.173035 -35.905457

1508377775605 GRAVITY 1.1361401 4.50601 8.635707

1508377775608 LINEAR_ACCELERATION -0.957008 1.3177209 -0.17677784

1508377775610 ROTATION_VECTOR 0.106799096 0.21976218 0.9493115

1508377775615 ACCELEROMETER 0.29336548 5.3883514 7.5756683

1508377775617 GYROSCOPE 0.28933716 0.5038605 0.3787079

1508377775619 MAGNETIC_FIELD 11.381531 -33.29315 -36.221313

1508377775803 GRAVITY 0.99447376 4.926419 8.420915

1508377775809 LINEAR_ACCELERATION 0.05991304 -0.16471481 1.6243849

1508377775811 ROTATION_VECTOR 0.09191936 0.24940664 0.9526299

1508377775813 ACCELEROMETER 0.9266205 4.885742 9.877182

1508377775816 GYROSCOPE 0.45703125 0.29771423 0.82411194

1508377775818 MAGNETIC_FIELD 12.869263 -32.51648 -37.010193

1508377776006 GRAVITY 1.1507907 5.3006306 8.17003

1508377776010 LINEAR_ACCELERATION 0.24829364 -0.3209362 0.14072609

1508377776013 ROTATION_VECTOR 0.086265884 0.27568573 0.9535394

1508377776016 ACCELEROMETER 1.0883942 4.518158 7.8697357

1508377776019 GYROSCOPE 0.17718506 0.17167664 0.25160217

1508377776021 MAGNETIC_FIELD 10.508728 -34.753418 -34.9823

1508377776208 GRAVITY 1.4364988 5.59604 7.92409

1508377776212 LINEAR_ACCELERATION 0.3648976 -0.04112816 0.6980028

1508377776223 ROTATION_VECTOR 0.09893359 0.29359156 0.9482129

1508377776226 ACCELEROMETER 1.4803925 5.1645203 7.930008

1508377776228 GYROSCOPE 0.27438354 -0.25022888 0.13945007

1508377776230 MAGNETIC_FIELD 10.092163 -35.472107 -34.039307

1508377776409 GRAVITY 1.8231288 5.748408 7.7332006

1508377776412 LINEAR_ACCELERATION 0.6271938 -0.834496 2.6183176

1508377776414 ROTATION_VECTOR 0.11804338 0.30295587 0.9437039

1508377776416 ACCELEROMETER 2.6161652 4.9634247 10.209076

1508377776420 GYROSCOPE 0.12591553 0.063797 0.2612152

1508377776422 MAGNETIC_FIELD 8.7890625 -36.05957 -33.9386

1508377776609 GRAVITY 1.4350032 5.871685 7.7223353

1508377776612 LINEAR_ACCELERATION -0.13156056 -0.537694 -1.6324701

1508377776614 ROTATION_VECTOR 0.10639767 0.3081396 0.9413068

1508377776617 ACCELEROMETER 1.385086 4.892914 6.173065

1508377776620 GYROSCOPE -0.072753906 0.19303894 -0.59754944

1508377776622 MAGNETIC_FIELD 10.2005005 -36.520386 -32.359314

1508377776812 GRAVITY 0.6911149 6.3376713 7.451622

1508377776815 LINEAR_ACCELERATION 0.39539224 0.3195691 0.760654

1508377776817 ROTATION_VECTOR 0.09222818 0.33401644 0.92594504

1508377776820 ACCELEROMETER 0.894577 6.070236 7.5620117

1508377776823 GYROSCOPE 0.5809326 0.24324036 -0.13291931

1508377776825 MAGNETIC_FIELD 15.119934 -36.499023 -32.80487

1508377777014 GRAVITY 0.51677454 7.0243425 6.823631

1508377777017 LINEAR_ACCELERATION -0.38766035 -2.4084926 2.7537336

1508377777019 ROTATION_VECTOR 0.10157764 0.37652838 0.90423733

1508377777023 ACCELEROMETER 0.3627777 4.7942963 9.30954

1508377777025 GYROSCOPE 0.5723877 -0.06758118 0.078567505

1508377777027 MAGNETIC_FIELD 18.751526 -33.717346 -32.513428

1508377777209 ACCELEROMETER -0.56573486 4.633301 7.098068

1508377777210 GYROSCOPE -0.12615967 -0.223526 0.3231659

1508377777211 MAGNETIC_FIELD 19.395447 -33.14514 -31.243896

1508377777211 GRAVITY 0.9180795 7.233137 6.5581436

1508377777211 LINEAR_ACCELERATION -1.4618273 -2.0489864 0.7312207

1508377777211 ROTATION_VECTOR 0.12582405 0.38703495 0.8973333

1508377777411 ACCELEROMETER 0.43389893 5.83519 7.532791

1508377777412 ROTATION_VECTOR 0.1507401 0.38402984 0.89316523

1508377777412 LINEAR_ACCELERATION -0.5260091 -0.97793865 1.551714

1508377777413 GRAVITY 1.2921256 7.256729 6.468437

1508377777413 GYROSCOPE 0.28720093 -0.195755 -0.13719177

1508377777413 MAGNETIC_FIELD 17.599487 -35.176086 -32.711792

1508377777613 ACCELEROMETER 1.7215118 4.5517883 11.09079

1508377777613 LINEAR_ACCELERATION -0.12080932 -2.6685057 5.4780564

1508377777614 ROTATION_VECTOR 0.19939475 0.38212895 0.8868805

1508377777614 GRAVITY 2.2218707 7.297441 6.162875

1508377777614 GYROSCOPE 0.27651978 -0.5183258 0.8582916

1508377777615 MAGNETIC_FIELD 18.797302 -31.808472 -34.71527

1508377777814 ACCELEROMETER 1.9667664 5.0919037 7.457489

1508377777815 ROTATION_VECTOR 0.22949864 0.36642873 0.8844297

1508377777815 LINEAR_ACCELERATION -0.99329877 -1.6598086 1.0582418

1508377777815 GRAVITY 2.718815 7.1468196 6.1401467

1508377777816 GYROSCOPE -0.33657837 -0.06971741 -0.61997986

1508377777816 MAGNETIC_FIELD 17.03186 -31.517029 -35.743713

1508377778020 GRAVITY 2.403465 7.2334948 6.170113

1508377778024 LINEAR_ACCELERATION -1.5378056 -0.5404782 0.8020005

1508377778026 ROTATION_VECTOR 0.22893687 0.36469123 0.8767225

1508377778028 ACCELEROMETER 0.7451477 6.0573425 6.894104

1508377778033 GYROSCOPE 0.40148926 0.1620636 0.3733673

1508377778036 MAGNETIC_FIELD 19.300842 -28.504944 -37.408447

1508377778222 GRAVITY 3.1663206 7.3602734 5.6543064

1508377778225 LINEAR_ACCELERATION -1.5088351 -2.6158533 5.59373

1508377778228 ACCELEROMETER 1.429779 4.8003693 10.699081

1508377778230 ROTATION_VECTOR 0.26125798 0.37875438 0.87058353

1508377778235 GYROSCOPE 0.677063 -0.21818542 0.787796

1508377778237 MAGNETIC_FIELD 18.713379 -27.146912 -37.438965

1508377778423 GRAVITY 3.6285198 7.439304 5.259372

1508377778426 LINEAR_ACCELERATION -3.4050655 -2.718977 2.0658488

1508377778428 ROTATION_VECTOR 0.2727798 0.39678437 0.86680126

1508377778431 ACCELEROMETER 0.24589539 4.407379 7.227112

1508377778436 GYROSCOPE 0.09921265 0.2037201 0.031570435

1508377778438 MAGNETIC_FIELD 17.486572 -30.290222 -37.26349

1508377778623 GRAVITY 3.5247622 7.4917116 5.2555394

1508377778626 LINEAR_ACCELERATION -1.6574113 -1.2915864 2.7976222

1508377778630 ROTATION_VECTOR 0.27828598 0.39319077 0.86277044

1508377778632 ACCELEROMETER 1.3159332 5.5563507 7.3756866

1508377778637 GYROSCOPE 0.060760498 -0.31965637 -0.12971497

1508377778639 MAGNETIC_FIELD 18.301392 -30.566406 -36.393738

1508377778824 GRAVITY 4.2118707 7.3884854 4.882706

1508377778829 LINEAR_ACCELERATION -1.6881378 -2.4398222 5.2205615

1508377778831 ROTATION_VECTOR 0.322183 0.3837309 0.8513872

1508377778833 ACCELEROMETER 2.3023071 4.699829 10.025345

1508377778839 GYROSCOPE 0.5029602 -0.26731873 0.80488586

1508377778841 MAGNETIC_FIELD 17.36145 -27.703857 -38.931274

1508377779026 GRAVITY 4.904935 7.138545 4.599259

1508377779031 LINEAR_ACCELERATION -3.3689747 -1.790173 2.6915178

1508377779033 ROTATION_VECTOR 0.3486397 0.37941197 0.8485063

1508377779035 ACCELEROMETER 1.3602448 4.8329315 7.227005

1508377779040 GYROSCOPE 0.068237305 0.118270874 0.25694275

1508377779042 MAGNETIC_FIELD 16.941833 -27.734375 -38.243103

1508377779229 GRAVITY 5.2507854 6.843138 4.665951

1508377779232 LINEAR_ACCELERATION -3.3022637 -0.39931536 3.181903

1508377779234 ROTATION_VECTOR 0.35796335 0.36601222 0.85285306

1508377779236 ACCELEROMETER 1.5877533 5.824951 7.2934723

1508377779241 GYROSCOPE 0.19854736 -0.019515991 0.5421295

1508377779243 MAGNETIC_FIELD 18.107605 -27.954102 -38.539124

1508377779425 GRAVITY 5.8449597 6.4488773 4.518718

1508377779426 LINEAR_ACCELERATION -4.2597604 -1.7054005 5.5254407

1508377779431 ROTATION_VECTOR 0.37911728 0.35479513 0.8517423

1508377779434 ACCELEROMETER 1.1111603 4.484146 9.583084

1508377779436 GYROSCOPE 0.36517334 -0.195755 0.5196991

1508377779438 MAGNETIC_FIELD 15.872192 -29.888916 -38.760376

1508377779631 GRAVITY 6.1837964 6.1139207 4.5333233

1508377779634 LINEAR_ACCELERATION -5.3371267 -1.2089515 2.6976376

1508377779637 ROTATION_VECTOR 0.38370124 0.34876668 0.8543112

1508377779639 ACCELEROMETER 0.53305054 4.455078 7.2072906

1508377779644 GYROSCOPE 0.14941406 0.33937073 0.44493103

1508377779647 MAGNETIC_FIELD 14.1922 -31.8573 -38.479614

1508377779833 GRAVITY 6.0624385 5.6393075 5.2550387

1508377779836 LINEAR_ACCELERATION -4.102643 -0.77161074 6.9865465

1508377779838 ROTATION_VECTOR 0.36252025 0.31724858 0.8759138

1508377779840 ACCELEROMETER 1.0117493 4.3103333 10.406616

1508377779845 GYROSCOPE -0.38571167 -0.03126526 0.028366089

1508377779848 MAGNETIC_FIELD 14.031982 -33.929443 -35.6781

1508377780033 GRAVITY 6.1599016 4.667254 6.0367823

1508377780036 LINEAR_ACCELERATION -4.313279 -0.29121256 3.557087

1508377780040 ROTATION_VECTOR -0.34617394 -0.26902297 -0.8987042

1508377780042 ACCELEROMETER 1.5403442 4.0297546 10.147766

1508377780047 GYROSCOPE 0.21777344 0.74098206 1.3400116

1508377780049 MAGNETIC_FIELD 10.032654 -37.498474 -33.554077

1508377780234 ACCELEROMETER 0.30265808 3.396164 8.220062

1508377780237 GYROSCOPE 0.29040527 1.6232452 2.0225372

1508377780239 MAGNETIC_FIELD 2.7267456 -40.238953 -29.458618

1508377780241 GRAVITY 5.5245833 2.7230194 7.631155

1508377780243 LINEAR_ACCELERATION -4.882467 0.6492958 1.5174875

1508377780248 ROTATION_VECTOR -0.26370734 -0.20341536 -0.92428493

1508377780435 GRAVITY 4.064735 0.36419216 8.917156

1508377780440 LINEAR_ACCELERATION -2.4279912 2.3977857 3.3088875

1508377780442 ROTATION_VECTOR -0.18327822 -0.10844653 -0.88193184

1508377780444 ACCELEROMETER 0.8723755 2.4216156 10.585571

1508377780449 GYROSCOPE 0.12057495 0.66300964 2.6666107

1508377780452 MAGNETIC_FIELD -7.8948975 -39.564514 -28.308105

1508377780638 GRAVITY 1.8305202 -0.750189 9.60504

1508377780641 LINEAR_ACCELERATION -1.198658 4.408804 0.47454834

1508377780644 ROTATION_VECTOR -0.09733769 -0.028365739 -0.7782306

1508377780646 ACCELEROMETER 0.8556366 3.8228302 10.065491

1508377780651 GYROSCOPE 0.1867981 1.4491425 1.390213

1508377780653 MAGNETIC_FIELD -17.76123 -33.795166 -29.258728

1508377780840 GRAVITY -0.65665096 -0.36549067 9.777812

1508377780843 LINEAR_ACCELERATION 0.87033683 4.548036 -1.1760702

1508377780845 ROTATION_VECTOR 0.009003634 0.037272725 -0.6774109

1508377780847 ACCELEROMETER 0.23937988 4.126114 8.00209

1508377780853 GYROSCOPE 0.40682983 0.8648834 1.2257233

1508377780855 MAGNETIC_FIELD -21.061707 -31.265259 -32.78351

1508377781041 GRAVITY -1.8017693 0.3769092 9.632339

1508377781044 LINEAR_ACCELERATION 4.131072 4.4114294 -1.0121212

1508377781047 ROTATION_VECTOR 0.07081425 0.062231336 -0.5974108

1508377781049 ACCELEROMETER 2.1320648 4.689575 7.4881134

1508377781054 GYROSCOPE -0.05886841 0.47395325 0.7792511

1508377781056 MAGNETIC_FIELD -21.84906 -28.022766 -35.16388

1508377781243 GRAVITY -2.1793113 0.93965995 9.515147

1508377781247 LINEAR_ACCELERATION 3.2701273 3.2567055 0.79526424

1508377781259 ROTATION_VECTOR 0.09925528 0.0707877 -0.51386046

1508377781261 ACCELEROMETER 1.491806 4.1280823 9.350632

1508377781263 GYROSCOPE 0.0821228 0.23683167 1.2054291

1508377781265 MAGNETIC_FIELD -22.77069 -22.781372 -38.256836

1508377781444 GRAVITY -2.3282783 1.6346005 9.384966

1508377781448 LINEAR_ACCELERATION 3.694974 3.6280797 -0.94688797

1508377781450 ROTATION_VECTOR 0.12823029 0.07111186 -0.43235293

1508377781452 ACCELEROMETER 1.602951 4.994232 7.462265

1508377781457 GYROSCOPE 0.06503296 0.31266785 0.352005

1508377781459 MAGNETIC_FIELD -24.388123 -18.43872 -40.41748

1508377781645 GRAVITY -2.4837651 1.4599503 9.373892

1508377781650 LINEAR_ACCELERATION 2.606798 2.9069405 2.5816946

1508377781652 ROTATION_VECTOR 0.12199459 0.084745884 -0.41427517

1508377781657 ACCELEROMETER 0.4643097 4.3795013 10.327026

1508377781659 GYROSCOPE -0.5224304 0.13215637 0.11061096

1508377781661 MAGNETIC_FIELD -24.11499 -16.687012 -41.75415

1508377781844 GRAVITY -2.6219363 1.3570007 9.351706

1508377781850 LINEAR_ACCELERATION 2.597771 2.7987747 -0.004852295

1508377781852 ROTATION_VECTOR 0.11788674 0.096428536 -0.39177895

1508377781854 ACCELEROMETER 0.31282043 3.9815674 8.807541

1508377781859 GYROSCOPE 0.09387207 0.25926208 0.44493103

1508377781862 MAGNETIC_FIELD -24.949646 -13.514709 -41.82892

1508377782074 ACCELEROMETER 0.85639954 4.4445343 7.301697

1508377782077 GRAVITY -2.730629 2.0071666 9.202463

1508377782080 LINEAR_ACCELERATION 3.387492 2.7668586 -1.2357607

1508377782082 ROTATION_VECTOR 0.14943445 0.09205593 -0.36955205

1508377782088 GYROSCOPE 0.25302124 0.12895203 0.10954285

1508377782090 MAGNETIC_FIELD -23.127747 -13.192749 -43.626404

1508377782241 ACCELEROMETER 1.4669647 4.7657623 9.896545

1508377782242 GRAVITY -2.8975964 1.1348855 9.299804

1508377782242 GYROSCOPE -1.0618286 0.120407104 -1.1721954

1508377782242 ROTATION_VECTOR 0.11672354 0.110533126 -0.41980258

1508377782243 LINEAR_ACCELERATION 3.9474075 3.4097724 2.8912592

1508377782243 MAGNETIC_FIELD -22.207642 -12.533569 -44.0506

1508377782447 LINEAR_ACCELERATION 4.174804 4.9939117 -0.33269024

1508377782450 ROTATION_VECTOR 0.061987605 0.1473053 -0.4706663

1508377782452 GRAVITY -3.0791845 -0.30486852 9.305701

1508377782455 ACCELEROMETER 1.4603577 4.498596 9.156494

1508377782457 GYROSCOPE -0.28103638 0.14604187 -0.4052887

1508377782462 MAGNETIC_FIELD -21.395874 -12.07428 -44.84253

1508377782651 GRAVITY -3.2189782 -0.23028128 9.260428

1508377782654 LINEAR_ACCELERATION 3.398104 5.726509 -0.23321533

1508377782656 ROTATION_VECTOR 0.06846337 0.15219171 -0.4676289

1508377782659 ACCELEROMETER 0.5097046 5.2603455 7.739929

1508377782663 GYROSCOPE 0.09173584 0.1973114 0.13197327

1508377782665 MAGNETIC_FIELD -20.637512 -14.093018 -45.05768

1508377782854 GRAVITY -3.5052376 1.0339342 9.100257

1508377782857 LINEAR_ACCELERATION 2.9552796 4.298845 -0.0252285

1508377782859 ROTATION_VECTOR 0.12752973 0.1405425 -0.42711377

1508377782861 ACCELEROMETER 0.10588074 5.49588 8.183258

1508377782866 GYROSCOPE 0.5873413 0.2816925 1.0024872

1508377782868 MAGNETIC_FIELD -20.559692 -11.366272 -45.533752

1508377783052 GRAVITY -3.7595503 2.3906183 8.736196

1508377783056 LINEAR_ACCELERATION 3.20753 2.113178 -0.98690844

1508377783059 ROTATION_VECTOR 0.19445647 0.12947847 -0.39379093

1508377783061 ACCELEROMETER -0.1277008 4.1838837 6.8596344

1508377783065 GYROSCOPE 0.3000183 0.34257507 0.16081238

1508377783067 MAGNETIC_FIELD -19.94934 -10.292053 -46.14868

1508377783250 ACCELEROMETER 0.9900665 5.4008026 8.007889

1508377783251 GYROSCOPE 0.08639526 -0.24595642 -0.015426636

1508377783252 MAGNETIC_FIELD -17.811584 -12.52594 -46.9162

1508377783252 GRAVITY -3.546536 2.9633641 8.649332

1508377783253 LINEAR_ACCELERATION 4.2629194 3.039931 0.9718175

1508377783254 ROTATION_VECTOR 0.2183724 0.1063969 -0.3967559

1508377783460 ACCELEROMETER 1.5271606 4.9584656 10.165451

1508377783475 GRAVITY -2.968755 3.5368974 8.65143

1508377783479 ROTATION_VECTOR 0.23428974 0.063310064 -0.40825772

1508377783483 LINEAR_ACCELERATION 4.0546665 1.5880203 2.6403613

1508377783496 GYROSCOPE 0.41430664 -0.026992798 0.24198914

1508377783514 MAGNETIC_FIELD -18.823242 -11.973572 -45.81909

1508377783650 ACCELEROMETER 0.5357666 5.081238 5.8505096

1508377783651 GRAVITY -2.9717994 3.9472587 8.471006

1508377783651 LINEAR_ACCELERATION 2.9683428 1.8560147 -2.195382

1508377783652 ROTATION_VECTOR 0.25578928 0.05167922 -0.41640073

1508377783652 GYROSCOPE -0.17315674 0.24964905 -0.107284546

1508377783652 MAGNETIC_FIELD -17.700195 -13.539124 -45.710754

1508377783863 ACCELEROMETER -1.2159271 5.8200836 6.677353

1508377783869 GYROSCOPE 0.08959961 0.56474304 0.78993225

1508377783874 MAGNETIC_FIELD -16.911316 -12.643433 -45.38269

1508377783878 GRAVITY -3.2861133 4.203555 8.228121

1508377783880 LINEAR_ACCELERATION 1.4967406 2.2889817 -0.2679286

1508377783913 ROTATION_VECTOR 0.2745051 0.07162085 -0.38072947

1508377784055 ACCELEROMETER -0.16096497 4.9077606 5.743988

1508377784056 GRAVITY -3.4233246 5.0537167 7.6753626

1508377784056 LINEAR_ACCELERATION 3.010913 0.13539982 -1.3639197

1508377784057 ROTATION_VECTOR 0.31649786 0.09216585 -0.2898223

1508377784057 GYROSCOPE 0.3480835 0.57221985 0.60835266

1508377784057 MAGNETIC_FIELD -14.265442 -10.4522705 -48.062134

1508377784261 ACCELEROMETER 0.59013367 1.5146179 5.159836

1508377784272 GRAVITY -2.9013271 4.9323916 7.9639316

1508377784278 LINEAR_ACCELERATION 2.8041387 -3.38842 -1.3239832

1508377784280 ROTATION_VECTOR 0.29355043 0.08820804 -0.22608396

1508377784283 GYROSCOPE -0.89733887 -0.22032166 0.70448303

1508377784285 MAGNETIC_FIELD -12.017822 -9.341431 -49.038696

1508377784454 ACCELEROMETER -2.7421722 2.8229675 6.6191254

1508377784455 GYROSCOPE -0.47756958 -1.622757 4.077591

1508377784455 MAGNETIC_FIELD -16.618347 0.932312 -49.81842

1508377784456 GRAVITY 1.0534451 4.574075 8.61037

1508377784457 LINEAR_ACCELERATION -4.075192 0.66120195 1.3628592

1508377784457 ROTATION_VECTOR 0.23706956 -0.06921943 -0.05590257

1508377784655 ACCELEROMETER 0.3824768 -5.4916534 16.41957

1508377784656 GYROSCOPE -5.3631287 -2.4056854 1.2064972

1508377784666 MAGNETIC_FIELD -8.964539 10.116577 -51.38855

1508377784670 GRAVITY 5.9006405 -2.3848727 7.460912

1508377784674 LINEAR_ACCELERATION -7.357312 -8.208319 10.393873

1508377784681 ROTATION_VECTOR -0.08303627 -0.33571464 0.13243997

1508377784859 GRAVITY 3.064341 -6.262072 6.8968577

1508377784861 LINEAR_ACCELERATION -3.2170076 3.3468018 -8.687223

1508377784862 ACCELEROMETER -3.6174164 -5.713974 1.2236786

1508377784862 GYROSCOPE -3.3401184 7.9464874 -4.115921

1508377784863 MAGNETIC_FIELD 11.987305 -18.307495 -43.30139

1508377784864 ROTATION_VECTOR -0.38095355 -0.05685512 -0.27883118

1508377785060 ACCELEROMETER 8.149445 5.50766 2.5543518

1508377785062 GRAVITY 5.0610495 -7.5726714 3.6346679

1508377785062 LINEAR_ACCELERATION 7.795432 14.022586 3.9426332

1508377785063 GYROSCOPE -9.990204 8.669601 4.568924

1508377785064 MAGNETIC_FIELD 26.455688 6.1553955 -41.722107

1508377785064 ROTATION_VECTOR -0.384353 0.40860283 -0.8165034

1508377785262 ACCELEROMETER 3.4494019 2.7729034 9.509842

1508377785263 GYROSCOPE -0.15393066 -0.47239685 -0.017562866

1508377785264 GRAVITY 5.1568775 -7.948438 -2.529688

1508377785264 LINEAR_ACCELERATION -3.5630765 5.3767176 10.364592

1508377785265 MAGNETIC_FIELD 13.22937 14.596558 -50.198364

1508377785266 ROTATION_VECTOR 0.11845385 -0.78418547 0.55477583

1508377785474 ACCELEROMETER 0.2823944 -0.17341614 10.239273

1508377785484 GRAVITY 5.148516 -8.038826 -2.245094

1508377785486 GYROSCOPE 0.0041503906 -0.004562378 -0.0058135986

1508377785489 LINEAR_ACCELERATION -3.2785993 5.458636 11.187795

1508377785491 ROTATION_VECTOR 0.15393937 -0.768616 0.57844985

1508377785494 MAGNETIC_FIELD 14.474487 14.936829 -49.09973

1508377785675 ACCELEROMETER 0.24967957 -0.07649231 9.58667

1508377785679 GRAVITY 5.242806 -8.145326 -1.5287384

1508377785683 LINEAR_ACCELERATION -3.1390805 5.1888404 10.564443

1508377785688 ROTATION_VECTOR 0.119798794 -0.7507278 0.5948631

1508377785690 GYROSCOPE 0.0030822754 0.0018463135 -0.0047454834

1508377785693 MAGNETIC_FIELD 14.759827 14.320374 -49.378967

