1508377792065 ACCELEROMETER -3.2888794 7.801773 4.250656

1508377792068 GYROSCOPE 1.5123291 1.5153656 0.5271759

1508377792069 MAGNETIC_FIELD 28.425598 -38.201904 -13.774109

1508377792069 GRAVITY -3.4585054 8.082992 4.344465

1508377792070 LINEAR_ACCELERATION 0.0 0.0 -0.0

1508377792070 ROTATION_VECTOR 0.0 0.0 0.0

1508377792266 ACCELEROMETER 0.52874756 8.600601 -0.47309875

1508377792268 GYROSCOPE 3.4883423 0.57221985 1.343216

1508377792268 MAGNETIC_FIELD 20.832825 -44.088745 1.1566162

1508377792269 GRAVITY -0.6666764 9.771409 -0.4954736

1508377792269 LINEAR_ACCELERATION 1.1167443 -0.37879944 0.2511852

1508377792270 ROTATION_VECTOR 0.3179497 0.65128344 0.5971572

1508377792467 ACCELEROMETER -0.57081604 7.2062225 0.9508972

1508377792468 GYROSCOPE -1.6888123 -0.13166809 0.1341095

1508377792469 MAGNETIC_FIELD 21.507263 -42.070007 11.000061

1508377792469 GRAVITY 0.43117306 9.697331 -1.3950812

1508377792470 LINEAR_ACCELERATION -0.91950816 -1.3430643 1.7480316

1508377792470 ROTATION_VECTOR 0.13596468 0.74339956 0.648794

1508377792668 ACCELEROMETER -1.1730347 10.176636 3.8677826

1508377792669 GYROSCOPE -1.4880066 -0.050491333 0.027297974

1508377792670 MAGNETIC_FIELD 19.31305 -45.265198 5.9143066

1508377792671 GRAVITY 0.10333961 9.533126 2.2976532

1508377792671 LINEAR_ACCELERATION -1.2769611 1.6964865 1.943795

1508377792672 ROTATION_VECTOR 0.059427705 0.6158901 0.78272766

1508377792905 ACCELEROMETER 0.4608612 9.115692 2.641098

1508377792907 GYROSCOPE -0.6602173 -0.22993469 -0.14680481

1508377792907 MAGNETIC_FIELD 13.407898 -46.966553 -1.2084961

1508377792908 GRAVITY 0.19656478 8.842112 4.236603

1508377792909 LINEAR_ACCELERATION 0.27802652 1.0318861 -1.2279234

1508377792909 ROTATION_VECTOR 0.17313954 0.50400007 0.8061796

1508377793107 ACCELEROMETER -0.08555603 9.175491 2.023941

1508377793108 GYROSCOPE 0.19213867 -0.48414612 0.025161743

1508377793109 MAGNETIC_FIELD 15.834045 -46.450806 -1.1322021

1508377793109 GRAVITY 0.3449695 8.863151 4.182815

1508377793110 LINEAR_ACCELERATION -0.3551548 1.0344629 -2.0569398

1508377793110 ROTATION_VECTOR 0.28726166 0.45190322 0.72981924

1508377793309 ACCELEROMETER 0.59054565 10.520737 6.1936493

1508377793310 GYROSCOPE 1.0242004 -0.38587952 -0.9382782

1508377793311 MAGNETIC_FIELD 18.234253 -45.733643 -6.3430786

1508377793311 GRAVITY -0.034642182 9.094986 3.66748

1508377793312 LINEAR_ACCELERATION 0.89114106 1.4907331 4.169962

1508377793312 ROTATION_VECTOR 0.28341666 0.4823749 0.7130239

1508377793510 ACCELEROMETER 0.12545776 7.6090393 3.8456268

1508377793510 GYROSCOPE 0.28933716 -0.11244202 -0.30274963

1508377793511 MAGNETIC_FIELD 21.746826 -43.426514 -3.1188965

1508377793511 GRAVITY -0.9133472 9.403112 2.6301446

1508377793512 LINEAR_ACCELERATION 0.96561456 -1.0238771 0.6227796

1508377793512 ROTATION_VECTOR 0.2988201 0.5259339 0.6510814

1508377793711 ACCELEROMETER -0.11099243 9.112137 3.3620453

1508377793713 GYROSCOPE -0.009735107 1.0731659 -0.36470032

1508377793713 MAGNETIC_FIELD 25.357056 -43.59436 -2.355957

1508377793714 GRAVITY -1.6252844 9.385535 2.3325028

1508377793714 LINEAR_ACCELERATION 1.0032401 0.32747555 1.0546267

1508377793715 ROTATION_VECTOR 0.26029617 0.55975115 0.6462956

1508377793912 ACCELEROMETER -2.2419891 9.492813 2.4613342

1508377793913 GYROSCOPE -0.44979858 0.028549194 1.0142365

1508377793913 MAGNETIC_FIELD 27.163696 -42.559814 -1.3748169

1508377793914 GRAVITY -1.4709628 9.339207 2.6049705

1508377793915 LINEAR_ACCELERATION -1.4102899 0.0028047562 -0.25553393

1508377793915 ROTATION_VECTOR 0.21592462 0.5661802 0.6901247

1508377794114 ACCELEROMETER -0.1463623 7.92218 2.401413

1508377794115 GYROSCOPE 0.055419922 0.018936157 0.22169495

1508377794115 MAGNETIC_FIELD 24.47052 -43.66455 -4.4784546

1508377794116 GRAVITY -0.29800513 9.360553 2.9088886

1508377794116 LINEAR_ACCELERATION 0.18091449 -0.5553036 -0.88529015

1508377794117 ROTATION_VECTOR 0.24668278 0.53929174 0.7211841

1508377794316 ACCELEROMETER -1.3738251 10.953918 3.440506

1508377794317 GYROSCOPE 0.31924438 -0.57707214 -0.23545837

1508377794317 MAGNETIC_FIELD 23.21167 -45.02716 -3.2653809

1508377794318 GRAVITY -0.23592772 9.445225 2.627251

1508377794318 LINEAR_ACCELERATION -0.78710604 2.4804611 1.3755085

1508377794319 ROTATION_VECTOR 0.2604378 0.5460949 0.7098846

1508377794516 ACCELEROMETER 0.20257568 8.256058 3.7334747

1508377794517 GYROSCOPE 0.33206177 -0.90605164 -0.2995453

1508377794518 MAGNETIC_FIELD 23.306274 -42.556763 -2.4398804

1508377794519 GRAVITY -0.36871943 9.535714 2.2593303

1508377794519 LINEAR_ACCELERATION 0.84730715 -1.6484165 1.641504

1508377794520 ROTATION_VECTOR 0.30554533 0.5398595 0.6671621

1508377794724 GRAVITY -0.6122463 9.511767 2.3069072

1508377794724 LINEAR_ACCELERATION 0.7024337 -1.0474606 -0.40785122

1508377794724 ROTATION_VECTOR 0.3630684 0.5005615 0.6052124

1508377794725 ACCELEROMETER 0.17146301 7.9909363 2.094223

1508377794725 GYROSCOPE -0.22335815 -0.9380951 -0.4416046

1508377794725 MAGNETIC_FIELD 26.98822 -42.326355 -2.8015137

1508377794925 ROTATION_VECTOR 0.38931885 0.4419343 0.5482347

1508377794926 LINEAR_ACCELERATION 0.47332287 3.4207878 -0.63368773

1508377794928 GRAVITY -0.9604538 9.285914 3.0032854

1508377794930 ACCELEROMETER -0.29670715 11.54834 2.1841278

1508377794931 GYROSCOPE -0.45407104 -0.4627838 -0.43199158

1508377794932 MAGNETIC_FIELD 28.829956 -40.245056 -2.9663086

1508377795130 GRAVITY -1.2300969 9.13949 3.335712

1508377795137 LINEAR_ACCELERATION -1.996037 -1.1242447 -0.83183146

1508377795145 ROTATION_VECTOR 0.38462934 0.42659852 0.5294072

1508377795148 ACCELEROMETER -2.9838867 8.219513 2.5449982

1508377795150 GYROSCOPE 0.074645996 0.34898376 0.25801086

1508377795152 MAGNETIC_FIELD 27.041626 -43.655396 -2.7893066

1508377795332 GRAVITY -0.9834095 9.365543 2.7367659

1508377795335 LINEAR_ACCELERATION -0.76699317 -1.2020292 -0.75584817

1508377795343 ROTATION_VECTOR 0.38712132 0.4589127 0.5540781

1508377795345 ACCELEROMETER -1.9075928 8.2282715 1.8540039

1508377795347 GYROSCOPE 0.48266602 0.27314758 0.2612152

1508377795349 MAGNETIC_FIELD 25.271606 -45.292664 0.12054443

1508377795532 ACCELEROMETER -1.4026337 11.213913 1.3542786

1508377795535 GYROSCOPE -0.012939453 0.54444885 0.14906311

1508377795549 MAGNETIC_FIELD 20.161438 -46.279907 3.312683

1508377795556 GRAVITY -0.8067864 9.531583 2.1606503

1508377795562 LINEAR_ACCELERATION -0.6251534 2.7603683 -0.5866456

1508377795564 ROTATION_VECTOR 0.36739933 0.50483185 0.5905616

1508377795733 GRAVITY -0.6630276 9.448718 2.5401795

1508377795736 LINEAR_ACCELERATION -0.14853877 0.6343632 1.5861888

1508377795739 ROTATION_VECTOR 0.2922095 0.533948 0.6676393

1508377795741 ACCELEROMETER -0.7893677 10.455093 4.2908936

1508377795743 GYROSCOPE -0.3814392 1.0240326 0.41716003

1508377795745 MAGNETIC_FIELD 18.733215 -45.68329 6.791687

1508377795941 ACCELEROMETER 0.066345215 8.431747 1.9586029

1508377795945 GRAVITY -0.7684478 9.278109 3.081651

1508377795948 LINEAR_ACCELERATION 0.9335617 -0.67207146 -1.1315298

1508377795950 ROTATION_VECTOR 0.19152766 0.5533504 0.74154156

1508377795953 GYROSCOPE -0.34298706 1.5687714 0.30073547

1508377795955 MAGNETIC_FIELD 13.676453 -46.138 8.529663

1508377796143 ACCELEROMETER 0.2566681 8.741531 2.901703

1508377796149 GRAVITY -2.8364418 8.869302 3.0757875

1508377796151 LINEAR_ACCELERATION 3.1690526 0.077744484 0.22874522

1508377796153 ROTATION_VECTOR -0.026543176 0.5852127 0.7823242

1508377796156 GYROSCOPE -0.75527954 3.1442413 -0.834671

1508377796158 MAGNETIC_FIELD 5.3222656 -46.554565 9.104919

1508377796344 ACCELEROMETER -3.1865997 9.009415 2.3914795

1508377796350 GRAVITY -4.5081687 8.695997 0.47585267

1508377796353 LINEAR_ACCELERATION 0.4423337 0.029911995 2.1035068

1508377796355 ROTATION_VECTOR -0.2722309 0.63374174 0.7221547

1508377796357 GYROSCOPE 1.0188599 2.798172 0.031570435

1508377796359 MAGNETIC_FIELD 1.2771606 -47.984314 3.9535522

1508377796545 ACCELEROMETER -3.3765106 8.879852 1.9628296

1508377796548 GRAVITY -2.9929707 9.041651 -2.3368905

1508377796550 LINEAR_ACCELERATION -0.058408022 0.302557 3.9426732

1508377796552 ROTATION_VECTOR 0.40729752 -0.67324364 -0.6016584

1508377796554 GYROSCOPE 0.4474182 2.0301971 0.7386627

1508377796557 MAGNETIC_FIELD -7.2113037 -46.687317 -0.66223145

1508377796743 ACCELEROMETER -1.8212585 8.61058 -0.20762634

1508377796755 GRAVITY -1.7316349 9.394281 -2.2179487

1508377796757 LINEAR_ACCELERATION -0.1671685 -0.12814617 1.7009914

1508377796759 ROTATION_VECTOR 0.50179714 -0.6010687 -0.54185075

1508377796762 GYROSCOPE -1.1355286 0.95780945 -0.0143585205

1508377796764 MAGNETIC_FIELD -13.694763 -46.18225 -4.463196

1508377796949 ACCELEROMETER -0.95617676 9.553528 1.5830536

1508377796955 GRAVITY -1.3970418 9.69627 -0.4483238

1508377796957 LINEAR_ACCELERATION 0.55896246 0.3959093 2.4172084

1508377796959 ROTATION_VECTOR 0.53572834 -0.48564732 -0.5321713

1508377796961 GYROSCOPE -0.8022766 0.6021271 0.25694275

1508377796964 MAGNETIC_FIELD -14.624023 -44.561768 -11.956787

1508377797152 ACCELEROMETER 0.19400024 8.327652 3.3619232

1508377797157 GRAVITY -0.9946239 9.734433 0.64956385

1508377797160 LINEAR_ACCELERATION 1.0448277 -1.2641144 2.5852885

1508377797162 ROTATION_VECTOR 0.5604509 -0.39086598 -0.47638476

1508377797164 GYROSCOPE -0.2970581 0.64805603 0.17576599

1508377797166 MAGNETIC_FIELD -15.080261 -42.544556 -17.625427

1508377797354 ACCELEROMETER -0.20413208 9.195557 1.977478

1508377797359 GRAVITY -0.91125876 9.747928 0.5638352

1508377797361 LINEAR_ACCELERATION 0.7579779 0.028035164 1.4474335

1508377797363 ROTATION_VECTOR 0.6127081 -0.3095823 -0.38690823

1508377797366 GYROSCOPE 0.31924438 0.9108124 -0.044265747

1508377797368 MAGNETIC_FIELD -15.731812 -42.481995 -22.268677

1508377797551 ACCELEROMETER -0.4106903 12.073883 3.099884

1508377797560 GRAVITY -1.3950096 9.665003 0.901137

1508377797562 LINEAR_ACCELERATION 0.9197483 3.5165062 2.2840405

1508377797564 ROTATION_VECTOR 0.6325176 -0.23232797 -0.35122275

1508377797567 GYROSCOPE -0.72216797 0.22187805 -0.42878723

1508377797569 MAGNETIC_FIELD -9.866333 -43.338013 -21.676636

1508377797743 GRAVITY -1.6576782 9.461047 1.9776464

1508377797744 LINEAR_ACCELERATION -0.5031978 -1.2355804 -0.04922819

1508377797744 ROTATION_VECTOR 0.6098831 -0.16495664 -0.32847762

1508377797745 ACCELEROMETER -2.1387024 8.43811 2.2059784

1508377797746 GYROSCOPE -0.46902466 0.26139832 0.296463

1508377797752 MAGNETIC_FIELD -8.912659 -42.700195 -22.784424

1508377797948 GRAVITY -1.2036421 9.486885 2.172704

1508377797949 LINEAR_ACCELERATION -0.5982064 -0.56756306 -1.2475679

1508377797950 ROTATION_VECTOR 0.60782963 -0.1405919 -0.2705532

1508377797950 ACCELEROMETER -1.6581116 9.043259 0.8453522

1508377797951 GYROSCOPE 0.1451416 0.26139832 0.3381195

1508377797952 MAGNETIC_FIELD -10.125732 -41.305542 -25.569153

1508377798149 GRAVITY -0.925544 9.51141 2.2015555

1508377798150 LINEAR_ACCELERATION 0.5863795 3.0880852 0.16638947

1508377798151 ROTATION_VECTOR 0.59771234 -0.17461914 -0.2911316

1508377798151 ACCELEROMETER -0.64520264 11.671967 1.872345

1508377798152 GYROSCOPE -0.11227417 -1.0801544 -0.28459167

1508377798153 MAGNETIC_FIELD -12.661743 -39.608765 -25.527954

1508377798350 GRAVITY -0.59140205 9.371251 2.828479

1508377798351 LINEAR_ACCELERATION -0.17108274 -0.8043165 -0.30297613

1508377798352 ROTATION_VECTOR 0.54693514 -0.23801184 -0.36598802

1508377798353 ACCELEROMETER -0.40525818 8.776489 2.6456604

1508377798353 GYROSCOPE -0.39959717 -0.6529083 0.1415863

1508377798354 MAGNETIC_FIELD -12.390137 -39.533997 -24.916077

1508377798562 ACCELEROMETER 0.047454834 8.9717865 1.0083771

1508377798567 GRAVITY -0.30929947 9.169955 3.4621747

1508377798569 LINEAR_ACCELERATION 0.39431715 -0.38543797 -2.6898189

1508377798571 ROTATION_VECTOR 0.506371 -0.25897223 -0.39899024

1508377798574 GYROSCOPE -0.35794067 -0.27052307 -0.21409607

1508377798576 MAGNETIC_FIELD -11.49292 -41.01715 -26.242065

1508377798763 ACCELEROMETER -1.1949005 11.163971 2.0586243

1508377798769 GRAVITY -0.3807282 8.759855 4.392081

1508377798771 LINEAR_ACCELERATION -0.8785833 3.1755571 -2.21134

1508377798773 ROTATION_VECTOR 0.47264966 -0.22949618 -0.4045205

1508377798775 GYROSCOPE -0.85354614 0.08836365 0.09352112

1508377798777 MAGNETIC_FIELD -8.926392 -40.553284 -26.765442

1508377798963 ACCELEROMETER -2.451355 7.9152374 3.0784302

1508377798970 GRAVITY -0.24366964 8.313959 5.195103

1508377798972 LINEAR_ACCELERATION -2.1051967 -0.4541664 -1.9777193

1508377798975 ROTATION_VECTOR 0.4453211 -0.19186598 -0.36943722

1508377798977 GYROSCOPE -0.1635437 0.34043884 0.4502716

1508377798979 MAGNETIC_FIELD -8.691406 -37.875366 -30.256653

1508377799164 ACCELEROMETER -1.1967773 8.794785 1.7561951

1508377799170 GRAVITY 0.21402204 8.407079 5.0443645

1508377799172 LINEAR_ACCELERATION -1.533311 0.3728838 -2.9219155

1508377799175 ROTATION_VECTOR 0.45531195 -0.18841447 -0.3121544

1508377799177 GYROSCOPE 0.21136475 -0.008834839 0.39579773

1508377799179 MAGNETIC_FIELD -8.21228 -38.015747 -29.882813

1508377799365 ACCELEROMETER -0.18206787 10.601013 2.1474304

1508377799372 GRAVITY 0.44056776 8.479706 4.9062076

1508377799374 LINEAR_ACCELERATION -0.23071441 2.7587461 -2.3136115

1508377799376 ROTATION_VECTOR 0.45986688 -0.19589663 -0.29763502

1508377799378 GYROSCOPE -0.23297119 0.045639038 -0.08699036

1508377799380 MAGNETIC_FIELD -9.793091 -39.1037 -28.671265

1508377799564 GRAVITY -0.14824232 8.451228 4.972439

1508377799567 LINEAR_ACCELERATION -0.36034405 -0.16656113 -2.0829968

1508377799569 ROTATION_VECTOR 0.46862087 -0.16392274 -0.30094215

1508377799571 ACCELEROMETER -0.1129303 8.721649 3.2411194

1508377799573 GYROSCOPE 0.061828613 0.47608948 -0.26750183

1508377799575 MAGNETIC_FIELD -8.006287 -38.986206 -29.478455

1508377799761 GRAVITY -0.8579029 8.77499 4.293477

1508377799761 LINEAR_ACCELERATION 1.5482292 0.39767075 -2.4331942

1508377799762 ROTATION_VECTOR 0.5203001 -0.10188927 -0.24313478

1508377799762 ACCELEROMETER 0.4545288 8.712341 1.53125

1508377799762 GYROSCOPE 0.49121094 0.9321747 0.08390808

1508377799763 MAGNETIC_FIELD -5.1254272 -39.076233 -29.956055

1508377799962 ROTATION_VECTOR 0.56392366 -0.047803998 -0.17021109

1508377799962 LINEAR_ACCELERATION -0.6407716 1.390398 -0.67248917

1508377799963 GRAVITY -1.1262648 9.081799 3.5246055

1508377799963 ACCELEROMETER -1.3248749 10.290237 2.4421692

1508377799963 GYROSCOPE 0.1515503 0.7356415 0.3381195

1508377799964 MAGNETIC_FIELD -1.3442993 -39.797974 -29.039001

1508377800162 GRAVITY -0.9279125 9.18886 3.297609

1508377800164 LINEAR_ACCELERATION -0.57939357 -1.1496325 -0.47326517

1508377800165 ROTATION_VECTOR 0.5758187 -0.017365549 -0.106602326

1508377800171 ACCELEROMETER -1.9245758 7.6198273 3.0060883

1508377800173 GYROSCOPE -1.2207031E-4 0.46113586 0.3584137

1508377800176 MAGNETIC_FIELD 0.95214844 -38.764954 -30.464172

1508377800375 ACCELEROMETER -0.86087036 8.84494 -0.018798828

1508377800380 GRAVITY -0.41244745 9.363272 2.8860736

1508377800382 LINEAR_ACCELERATION -0.77249515 0.11265278 -2.8628204

1508377800384 ROTATION_VECTOR 0.593515 -0.024313917 -0.06826766

1508377800387 GYROSCOPE 0.2722473 -0.07078552 0.3722992

1508377800389 MAGNETIC_FIELD -1.0559082 -40.455627 -29.88739

1508377800572 ACCELEROMETER -1.3992615 10.949036 1.5522919

1508377800582 GRAVITY 0.0042154365 9.367091 2.9030967

1508377800598 LINEAR_ACCELERATION -1.3052833 1.890152 -1.0621526

1508377800601 ROTATION_VECTOR 0.58988804 -0.06336689 -0.08561922

1508377800603 GYROSCOPE -0.37823486 -0.39335632 -0.0015411377

1508377800605 MAGNETIC_FIELD -1.8600464 -39.88495 -28.779602

1508377800774 ACCELEROMETER -0.4925232 7.610855 1.8914185

1508377800777 GRAVITY -0.21344249 9.180655 3.4409912

1508377800780 LINEAR_ACCELERATION -0.41981083 -1.252284 -1.9879899

1508377800782 ROTATION_VECTOR 0.5642944 -0.078294866 -0.13183905

1508377800784 GYROSCOPE -0.25860596 -0.1818695 -0.41810608

1508377800786 MAGNETIC_FIELD -2.5802612 -39.434814 -27.752686

1508377800976 ACCELEROMETER -0.13435364 9.057419 1.4832458

1508377800983 GRAVITY -0.711517 9.332673 2.926662

1508377800985 LINEAR_ACCELERATION 0.85763454 0.048698425 -0.9887614

1508377800987 ROTATION_VECTOR 0.59019905 -0.049465816 -0.12813756

1508377800989 GYROSCOPE 0.732605 0.50813293 -0.06349182

1508377800992 MAGNETIC_FIELD -1.1856079 -41.8808 -27.990723

1508377801177 ACCELEROMETER -1.8356781 10.226303 1.5770111

1508377801184 GRAVITY -0.495577 9.464088 2.5210762

1508377801186 LINEAR_ACCELERATION -1.806799 0.85482025 -0.7622044

1508377801189 ROTATION_VECTOR 0.608949 -0.025337635 -0.07433577

1508377801191 GYROSCOPE -0.3867798 0.46647644 0.667099

1508377801193 MAGNETIC_FIELD 1.2786865 -41.64734 -25.770569

1508377801375 ACCELEROMETER -1.7119141 7.5206604 2.1709137

1508377801387 GRAVITY 0.07905632 9.341927 2.9820395

1508377801389 LINEAR_ACCELERATION -1.4667662 -1.4054804 -0.8829591

1508377801391 ROTATION_VECTOR 0.58921486 -0.028003164 -0.0315069

1508377801393 GYROSCOPE -0.10266113 0.2389679 0.24198914

1508377801396 MAGNETIC_FIELD -0.036621094 -42.93518 -26.438904

1508377801579 GRAVITY 0.7312337 9.356854 2.8434076

1508377801583 LINEAR_ACCELERATION -1.4646641 0.5765667 -1.8113704

1508377801585 ACCELEROMETER -0.66116333 9.063293 0.49942017

1508377801587 ROTATION_VECTOR 0.5927416 -0.060695317 -0.0193135

1508377801590 GYROSCOPE 0.13873291 -0.31324768 0.5132904

1508377801592 MAGNETIC_FIELD -3.892517 -40.820313 -28.330994

1508377801784 ACCELEROMETER 0.89953613 10.937027 2.8721466

1508377801789 GRAVITY 0.43811718 9.572052 2.0866878

1508377801792 LINEAR_ACCELERATION 0.8690809 1.261673 1.202591

1508377801794 ROTATION_VECTOR 0.6252296 -0.051927812 -0.028903238

1508377801796 GYROSCOPE 0.72299194 0.6865082 -0.7908783

1508377801798 MAGNETIC_FIELD -8.311462 -41.082764 -28.375244

1508377801983 ACCELEROMETER 0.71836853 9.134445 2.2728882

1508377801989 GRAVITY -0.6917017 9.721208 1.0908976

1508377801992 LINEAR_ACCELERATION 1.4082015 -0.023472786 0.9221312

1508377801994 ROTATION_VECTOR 0.6658615 0.031752463 -0.017428814

1508377801996 GYROSCOPE 0.26797485 0.49638367 -0.32731628

1508377801999 MAGNETIC_FIELD -6.210327 -42.504883 -26.655579

1508377802182 GRAVITY -0.7903412 9.773016 0.18411909

1508377802185 LINEAR_ACCELERATION 0.3105765 0.39881325 1.866133

1508377802187 ROTATION_VECTOR 0.6927266 0.10364535 0.048369523

1508377802189 ACCELEROMETER -0.23248291 9.379227 1.7848206

1508377802192 GYROSCOPE 0.6503601 0.84565735 0.2259674

1508377802194 MAGNETIC_FIELD -3.9901733 -43.247986 -24.717712

1508377802380 GRAVITY 0.30545995 9.75572 -0.9502714

1508377802383 LINEAR_ACCELERATION -1.4149516 0.46889877 2.0500283

1508377802386 ROTATION_VECTOR 0.728601 0.13263096 0.1409761

1508377802390 ACCELEROMETER -0.8651123 10.66716 1.2379608

1508377802392 GYROSCOPE 0.67385864 1.0251007 0.7589569

1508377802394 MAGNETIC_FIELD -3.5980225 -43.03589 -26.768494

1508377802582 GRAVITY 1.0425489 9.687839 -1.1087207

1508377802585 LINEAR_ACCELERATION -2.0969853 1.6408548 2.5252597

1508377802587 ROTATION_VECTOR 0.73713154 0.11474382 0.17224474

1508377802589 ACCELEROMETER -1.0111084 10.420181 1.4225311

1508377802592 GYROSCOPE -0.2543335 -0.07398987 -0.011154175

1508377806199 ACCELEROMETER -2.1293335 8.490112 1.6714325

1508377806200 GRAVITY -0.16345441 8.078991 5.556399

1508377806200 LINEAR_ACCELERATION -1.9320086 0.17919397 -3.8606248

1508377806200 GYROSCOPE 0.32992554 0.25819397 0.13945007

1508377806201 MAGNETIC_FIELD -9.034729 -46.5271 -26.731873

1508377806201 ROTATION_VECTOR 0.4385503 -0.15612856 -0.31363893

1508377806400 ACCELEROMETER -1.7720032 10.237671 0.7839508

1508377806402 GRAVITY -0.2771628 8.488303 4.9032927

1508377806402 LINEAR_ACCELERATION -1.4236432 2.5263681 -3.8367991

1508377806402 GYROSCOPE 0.19213867 0.31053162 0.1768341

1508377806403 MAGNETIC_FIELD -9.951782 -46.783447 -25.758362

1508377806403 ROTATION_VECTOR 0.4769258 -0.15014473 -0.2868769

1508377806604 LINEAR_ACCELERATION 0.009292096 0.8325701 -0.34573317

1508377806605 ROTATION_VECTOR 0.48938987 -0.13837416 -0.2672694

1508377806605 GRAVITY -0.34405252 8.581629 4.7336726

1508377806606 ACCELEROMETER -0.5128174 9.483292 3.5941162

1508377806607 GYROSCOPE -0.048187256 0.46647644 0.18003845

1508377806607 MAGNETIC_FIELD -9.844971 -46.31653 -26.36261

1508377806817 ACCELEROMETER 0.28607178 8.234283 1.0290833

1508377806823 GRAVITY -1.1471837 8.4108515 4.9103904

1508377806825 LINEAR_ACCELERATION 1.4362253 0.1450634 -4.292186

1508377806828 ROTATION_VECTOR 0.49702543 -0.051044106 -0.2041362

1508377806830 GYROSCOPE -0.52349854 1.5570221 0.043319702

1508377806832 MAGNETIC_FIELD -6.3720703 -47.0932 -27.172852

1508377807022 ACCELEROMETER -0.024353027 8.992081 2.4261627

1508377807027 GRAVITY -3.9108622 8.002839 4.1024528

1508377807029 LINEAR_ACCELERATION 3.5044298 1.3164163 -1.463898

1508377807031 ROTATION_VECTOR 0.5058537 0.18693617 -0.0845525

1508377807033 GYROSCOPE -0.23937988 2.964798 -0.8688507

1508377807035 MAGNETIC_FIELD 5.078125 -46.195984 -30.323792

1508377807219 ACCELEROMETER -2.6286316 10.263611 1.799942

1508377807226 GRAVITY -5.5792975 7.9935536 1.070015

1508377807228 LINEAR_ACCELERATION 2.4827452 2.6682239 1.1518905

1508377807231 ROTATION_VECTOR 0.4820638 0.46158305 0.1144733

1508377807233 GYROSCOPE 0.36517334 2.827011 0.45347595

1508377807235 MAGNETIC_FIELD 18.804932 -43.299866 -29.301453

1508377807424 ACCELEROMETER -2.395935 8.436707 1.2854767

1508377807429 GRAVITY -4.638576 8.593197 -0.90053916

1508377807431 LINEAR_ACCELERATION 2.0991273 0.2957735 1.821625

1508377807433 ROTATION_VECTOR 0.41065994 0.6142256 0.31504855

1508377807435 GYROSCOPE -0.52349854 1.7386017 0.6233063

1508377807438 MAGNETIC_FIELD 25.74768 -46.56067 -20.584106

1508377807621 ACCELEROMETER -1.8496246 9.228378 0.9858093

1508377807639 GRAVITY -3.6485934 9.024527 -1.1899904

1508377807641 LINEAR_ACCELERATION 1.508457 0.9042702 2.0162678

1508377807643 ROTATION_VECTOR 0.3267972 0.6737034 0.44445425

1508377807646 GYROSCOPE -0.43270874 1.500412 0.15440369

1508377807648 MAGNETIC_FIELD 27.445984 -46.829224 -14.810181

1508377807821 ACCELEROMETER -0.53126526 9.892624 3.1141357

1508377807835 GYROSCOPE -0.2970581 1.260086 -0.12010193

1508377807841 MAGNETIC_FIELD 28.877258 -47.65625 -10.714722

1508377807844 GRAVITY -3.1906025 9.187979 -1.2535921

1508377807846 LINEAR_ACCELERATION 2.8220809 0.96297455 4.440557

1508377807848 ROTATION_VECTOR 0.24500236 0.70985156 0.51901174

1508377808019 ACCELEROMETER -0.28997803 9.024139 1.9714966

1508377808029 GYROSCOPE -0.4583435 0.73457336 0.0572052

1508377808031 MAGNETIC_FIELD 28.092957 -47.450256 -7.1273804

1508377808033 GRAVITY -2.9531372 9.295079 -1.025122

1508377808035 LINEAR_ACCELERATION 2.3991404 0.27445412 3.0503378

1508377808037 ROTATION_VECTOR 0.18146306 0.720651 0.56893945

1508377808221 ACCELEROMETER -0.009307861 9.651306 1.5531006

1508377808229 GYROSCOPE 0.4954834 0.7303009 0.20567322

1508377808231 MAGNETIC_FIELD 30.485535 -47.24121 -6.6116333

1508377808233 GRAVITY -2.3943894 9.420793 -1.2984403

1508377808235 LINEAR_ACCELERATION 2.2418082 0.97851086 2.653839

1508377808237 ROTATION_VECTOR 0.17774244 0.73117006 0.58195084

1508377808424 ACCELEROMETER -1.4653625 10.208145 1.9559479

1508377808436 GYROSCOPE -0.09945679 0.777298 0.5955353

1508377808438 MAGNETIC_FIELD 30.10254 -48.283386 -1.3885498

1508377808441 GRAVITY -1.3829749 9.557274 -1.7077155

1508377808448 LINEAR_ACCELERATION -0.5155859 0.904479 3.476977

1508377808450 ROTATION_VECTOR 0.16069794 0.74916315 0.60252696

1508377808626 ACCELEROMETER -3.0606537 7.248169 2.8350983

1508377808636 GYROSCOPE -0.17208862 0.6811676 0.3722992

1508377808638 MAGNETIC_FIELD 28.72467 -49.014282 0.71258545

1508377808641 GRAVITY -0.38330385 9.712935 -1.2970539

1508377808643 LINEAR_ACCELERATION -2.65861 -1.7205992 3.7905874

1508377808653 ROTATION_VECTOR 0.118248045 0.74306715 0.645914

1508377808824 GRAVITY 0.26004043 9.739993 -1.111439

1508377808824 LINEAR_ACCELERATION -1.1167164 0.07463741 1.788824

1508377808825 ROTATION_VECTOR 0.11511906 0.737167 0.66036624

1508377808825 ACCELEROMETER -0.98217773 8.858963 0.6245117

1508377808825 GYROSCOPE 0.10668945 0.0712738 0.25053406

1508377808826 MAGNETIC_FIELD 25.576782 -51.556396 1.28479

1508377809035 ACCELEROMETER -1.6341705 10.626175 2.0744019

1508377809040 GRAVITY 0.547018 9.749764 -0.90180516

1508377809043 LINEAR_ACCELERATION -2.1166213 1.7325144 3.2307153

1508377809045 ROTATION_VECTOR 0.13479795 0.7265045 0.6683489

1508377809047 GYROSCOPE -0.14538574 -0.3292694 0.19819641

1508377809049 MAGNETIC_FIELD 22.944641 -50.90332 2.7435303

1508377809237 ACCELEROMETER -0.77786255 8.133041 2.578125

1508377809242 GRAVITY 0.6256222 9.768858 -0.5902604

1508377809244 LINEAR_ACCELERATION -1.4303169 -1.316328 2.4961865

1508377809246 ROTATION_VECTOR 0.1496946 0.7125212 0.6784871

1508377809249 GYROSCOPE -0.031097412 0.37568665 -0.045333862

1508377809251 MAGNETIC_FIELD 21.676636 -51.74408 3.7734985

1508377809436 ACCELEROMETER 0.08683777 8.823563 1.3182678

1508377809442 GRAVITY 0.6353923 9.772785 -0.5092473

1508377809444 LINEAR_ACCELERATION -0.2128697 -0.044128418 2.1182554

1508377809446 ROTATION_VECTOR 0.15664914 0.70811397 0.68048173

1508377809451 GYROSCOPE 0.11630249 0.3447113 0.018753052

1508377809453 MAGNETIC_FIELD 23.901367 -50.602722 2.0217896

1508377809636 ACCELEROMETER -1.1404419 10.479416 2.8375092

1508377809643 GRAVITY 0.45915103 9.795893 -0.007291116

1508377809645 LINEAR_ACCELERATION -1.8570058 1.3837271 3.20648

1508377809647 ROTATION_VECTOR 0.147747 0.6917677 0.69740796

1508377809649 GYROSCOPE -0.42416382 -0.046218872 -0.09339905

1508377809651 MAGNETIC_FIELD 22.06726 -49.179077 5.1834106

1508377809839 ACCELEROMETER -1.4031982 7.532013 2.402954

1508377809843 GRAVITY 0.38714615 9.79078 0.4014156

1508377809845 LINEAR_ACCELERATION -1.4815619 -1.7098131 1.5148368

1508377809847 ROTATION_VECTOR 0.15660739 0.67454255 0.7086402

1508377809849 GYROSCOPE 0.11203003 0.24430847 0.107406616

1508377809852 MAGNETIC_FIELD 21.095276 -50.43335 4.663086

1508377810043 ACCELEROMETER -0.52841187 9.201004 0.68385315

1508377810048 GRAVITY 0.5427807 9.790035 0.17601486

1508377810050 LINEAR_ACCELERATION -1.191499 0.2516966 0.73148185

1508377810052 ROTATION_VECTOR 0.18037784 0.6771186 0.6984919

1508377810055 GYROSCOPE 0.16116333 -0.22673035 0.121292114

1508377810057 MAGNETIC_FIELD 20.07904 -50.982666 6.4605713

1508377810239 ACCELEROMETER -0.5797272 10.048782 1.8163605

1508377810245 GYROSCOPE -0.11654663 -0.18507385 -0.17671204

1508377810247 MAGNETIC_FIELD 19.703674 -50.523376 4.032898

1508377810249 GRAVITY 0.44223362 9.794403 0.21093251

1508377810251 LINEAR_ACCELERATION -0.8509992 1.0410233 1.7644271

1508377810254 ROTATION_VECTOR 0.19851905 0.67069787 0.6937341

1508377810445 ACCELEROMETER 0.15237427 8.330978 2.6800842

1508377810450 GRAVITY 0.06883586 9.803999 0.21737446

1508377810452 LINEAR_ACCELERATION -0.011641629 -1.0496054 2.0202696

1508377810455 ROTATION_VECTOR 0.21081324 0.6666894 0.6831312

1508377810457 GYROSCOPE 0.22631836 0.08409119 -0.2023468

1508377810459 MAGNETIC_FIELD 22.297668 -49.090576 3.288269

1508377810647 ACCELEROMETER 0.19200134 8.907013 1.5399475

1508377810652 GRAVITY -0.03934388 9.803202 -0.257063

1508377810654 LINEAR_ACCELERATION 0.38476965 0.013544083 2.1912565

1508377810656 ROTATION_VECTOR 0.220479 0.6815391 0.6630347

1508377810659 GYROSCOPE 0.3758545 0.378891 0.05293274

1508377810661 MAGNETIC_FIELD 23.442078 -48.303223 1.7456055

1508377810845 ACCELEROMETER -1.2666016 10.128311 3.1195374

1508377810851 GRAVITY -0.1143363 9.802611 -0.25713405

1508377810854 LINEAR_ACCELERATION -1.5175834 0.83572674 3.555073

1508377810856 ROTATION_VECTOR 0.19928479 0.68803763 0.6679177

1508377810858 GYROSCOPE -0.17102051 0.059524536 -0.062423706

1508377810860 MAGNETIC_FIELD 22.799683 -47.41974 2.6565552

1508377811043 ACCELEROMETER -1.9737091 7.772217 3.2845154

1508377811053 GRAVITY -0.32820502 9.801028 0.050270323

1508377811055 LINEAR_ACCELERATION -1.48093 -1.421318 3.0367353

1508377811058 ROTATION_VECTOR 0.18694586 0.68006486 0.6768881

1508377811060 GYROSCOPE 0.031921387 0.040298462 -0.06776428

1508377811062 MAGNETIC_FIELD 20.291138 -48.394775 1.0467529

1508377811245 ACCELEROMETER -1.2539063 8.8884735 0.46290588

1508377811257 GRAVITY -0.1613674 9.801961 -0.2567294

1508377811269 LINEAR_ACCELERATION -1.20237 0.22398758 0.5692965

1508377811271 ROTATION_VECTOR 0.21111408 0.6844855 0.66331923

1508377811273 GYROSCOPE 0.31176758 -0.05369568 0.30607605

1508377811275 MAGNETIC_FIELD 19.844055 -47.69745 1.461792

1508377811449 ACCELEROMETER -0.7948456 10.003021 2.1257324

1508377811452 GRAVITY -0.092128485 9.794892 -0.4711487

1508377811455 LINEAR_ACCELERATION -0.5529566 0.8633566 2.80882

1508377811457 ROTATION_VECTOR 0.22456759 0.6881797 0.6538323

1508377811459 GYROSCOPE 0.072509766 -0.25450134 -0.18418884

1508377811461 MAGNETIC_FIELD 17.56134 -48.495483 1.7105103

1508377811642 GRAVITY -0.4075391 9.784334 -0.52066904

1508377811643 ROTATION_VECTOR 0.22104883 0.69114697 0.64608514

1508377811643 LINEAR_ACCELERATION 0.5487834 -0.71979713 3.2364745

1508377811643 ACCELEROMETER 0.12176514 8.36322 2.949768

1508377811644 GYROSCOPE 0.16329956 0.25926208 -0.16816711

1508377811644 MAGNETIC_FIELD 18.807983 -47.87445 1.1550903

1508377811838 ACCELEROMETER 0.020828247 8.78363 1.3325195

1508377811839 GYROSCOPE 0.52111816 0.5743561 0.12663269

1508377811839 MAGNETIC_FIELD 19.650269 -46.44165 1.979065

1508377811840 LINEAR_ACCELERATION 0.35610065 -0.113687515 2.4688902

1508377811840 GRAVITY -0.32706013 9.740462 -1.0894114

1508377811841 ROTATION_VECTOR 0.21606387 0.7133449 0.6312045

1508377812039 ACCELEROMETER -0.9186859 10.06308 2.4166718

1508377812040 GYROSCOPE -0.016143799 0.48890686 0.1971283

1508377812041 MAGNETIC_FIELD 18.302917 -46.696472 1.8890381

1508377812041 GRAVITY 0.08364863 9.712085 -1.3560257

1508377812044 LINEAR_ACCELERATION -1.3115711 0.941411 3.7661552

1508377812045 ROTATION_VECTOR 0.1864799 0.73100156 0.6374052

1508377812248 GRAVITY 0.30625674 9.758524 -0.9207674

1508377812256 LINEAR_ACCELERATION -2.4622622 -0.47950935 4.0781593

1508377812258 ROTATION_VECTOR 0.15118922 0.7239391 0.6628697

1508377812261 ACCELEROMETER -2.2417603 8.489258 3.3508606

1508377812266 GYROSCOPE -0.16461182 0.26887512 0.08177185

1508377812281 MAGNETIC_FIELD 16.064453 -48.171997 1.3519287

1508377812452 ACCELEROMETER -1.5753632 5.250305 1.3279724

1508377812455 GYROSCOPE -0.24899292 0.9546051 0.051864624

1508377812457 MAGNETIC_FIELD 13.537598 -47.998047 0.6225586

1508377812460 GRAVITY 0.39854595 9.791728 -0.36552346

1508377812467 LINEAR_ACCELERATION -1.8927531 -4.0105543 1.714614

1508377812476 ROTATION_VECTOR 0.11235698 0.7113455 0.6891429

1508377812651 ACCELEROMETER -0.9650421 5.736435 4.105484

1508377812657 GRAVITY 0.021923091 9.734913 1.1837933

1508377812660 LINEAR_ACCELERATION -0.705248 -2.2557383 4.19992

1508377812663 ROTATION_VECTOR 0.00634177 -0.66302574 -0.7485175

1508377812665 GYROSCOPE -0.98065186 2.557846 -0.07203674

1508377812671 MAGNETIC_FIELD 10.623169 -48.46039 -9.01947

1508377812845 ACCELEROMETER 2.840088 8.679459 3.2136383

1508377812845 GYROSCOPE -3.98526 3.772293 -0.8133087

1508377812846 MAGNETIC_FIELD 20.809937 -39.575195 -20.469666

1508377812847 GRAVITY -3.6858072 8.149198 4.0219135

1508377812847 LINEAR_ACCELERATION 6.969309 2.1333346 -1.4455659

1508377812848 ROTATION_VECTOR 0.25137964 -0.48140186 -0.83834

1508377813053 ACCELEROMETER -6.9775085 1.147171 -0.10479736

1508377813058 GYROSCOPE -6.9941406 3.0043182 3.2658234

1508377813061 MAGNETIC_FIELD 31.259155 -27.145386 -29.885864

1508377813063 GRAVITY -7.610041 0.31580573 6.177211

1508377813066 LINEAR_ACCELERATION -3.7804685 -0.2604727 -6.0283804

1508377813068 ROTATION_VECTOR 0.42435554 0.07051457 -0.8836334

1508377813256 GRAVITY -8.914549 -4.079046 0.25019488

1508377813262 LINEAR_ACCELERATION 8.008669 3.4074883 7.6105995

1508377813265 ROTATION_VECTOR 0.5787991 0.3901733 -0.7064615

1508377813267 ACCELEROMETER -2.6503754 0.38104248 7.108307

1508377813270 GYROSCOPE -0.8076172 2.7201996 -3.1279144

1508377813272 MAGNETIC_FIELD 29.013062 -29.637146 -30.584717

1508377813451 ACCELEROMETER 3.6699982 -2.4970856 -0.10475159

1508377813452 GYROSCOPE 0.8340759 0.22935486 0.32957458

1508377813453 GRAVITY -6.9804845 -6.6012425 -1.966423

1508377813454 LINEAR_ACCELERATION 8.98019 2.313943 0.8947536

1508377813454 MAGNETIC_FIELD 20.680237 -15.16571 -46.173096

1508377813455 ROTATION_VECTOR -0.65806544 -0.4089126 0.6194599

1508377813653 ACCELEROMETER -1.5591278 -1.0989685 7.6557617

1508377813654 GRAVITY -7.4119234 -6.420466 0.106752805

1508377813655 LINEAR_ACCELERATION 2.858448 3.8739834 8.691798

1508377813656 GYROSCOPE 0.08319092 -1.4358368 0.07322693

1508377813661 MAGNETIC_FIELD 17.030334 -17.222595 -45.384216

1508377813664 ROTATION_VECTOR -0.621928 -0.32827234 0.692517

1508377813866 GRAVITY -7.248488 -6.2843995 2.0337508

1508377813871 LINEAR_ACCELERATION 4.5305586 4.360534 8.331332

1508377813873 ROTATION_VECTOR -0.53973895 -0.3240207 0.76529574

1508377813877 ACCELEROMETER -1.1028137 -0.29449463 9.509216

1508377813879 GYROSCOPE 0.07357788 -0.14234924 -0.018630981

1508377813882 MAGNETIC_FIELD 8.221436 -19.073486 -48.181152

1508377814068 GRAVITY -7.0489607 -6.20218 2.8311675

1508377814072 ACCELEROMETER -0.033584595 -0.2624359 9.808609

1508377814076 LINEAR_ACCELERATION 4.9454627 4.1075277 7.756363

1508377814078 ROTATION_VECTOR -0.49751586 -0.32882914 0.7951316

1508377814082 GYROSCOPE -0.0043945313 -2.89917E-4 -0.030380249

1508377814085 MAGNETIC_FIELD 7.0770264 -18.611145 -48.794556

1508377814265 GRAVITY -6.8526554 -6.094272 3.4743848

1508377814269 LINEAR_ACCELERATION 4.7530146 3.9452186 7.247411

1508377814272 ROTATION_VECTOR -0.46686333 -0.3238739 0.81693184

1508377814275 ACCELEROMETER 0.047164917 -0.23233032 9.643539

1508377814278 GYROSCOPE 0.0030822754 -0.0131073 -0.002609253

1508377814281 MAGNETIC_FIELD 6.365967 -19.670105 -47.047424

