1508955571217 ACCELEROMETER -0.7891388 8.093643 4.8547363

1508955571219 GYROSCOPE -0.07809448 -0.1605072 0.4780426

1508955571220 MAGNETIC_FIELD 9.291077 -31.394958 -18.251038

1508955571220 GRAVITY -0.9878999 8.370191 5.0134172

1508955571221 LINEAR_ACCELERATION 0.0 0.0 -0.0

1508955571221 ROTATION_VECTOR 0.0 0.0 0.0

1508955571419 ACCELEROMETER 0.5731354 5.096527 5.745468

1508955571419 GYROSCOPE -0.8567505 0.44831848 0.15760803

1508955571420 MAGNETIC_FIELD 7.7713013 -30.5542 -18.743896

1508955571421 GRAVITY -0.27873835 7.716531 6.045481

1508955571421 LINEAR_ACCELERATION 0.37608433 -1.2268472 -0.5327215

1508955571422 ROTATION_VECTOR 0.25095692 0.35886887 0.71766824

1508955571619 ACCELEROMETER 2.7689972 5.1469574 11.272568

1508955571619 GYROSCOPE -0.61535645 0.51560974 0.25053406

1508955571620 MAGNETIC_FIELD 3.553772 -27.02179 -24.485779

1508955571621 LINEAR_ACCELERATION 2.3700619 -0.5367899 4.081362

1508955571621 GRAVITY 0.61858815 5.51113 8.087966

1508955571622 ROTATION_VECTOR 0.16477163 0.24592444 0.84788525

1508955571820 ACCELEROMETER 1.7834167 4.5716248 8.956818

1508955571820 GYROSCOPE -0.36862183 0.13215637 0.30393982

1508955571821 MAGNETIC_FIELD 5.0720215 -24.163818 -27.60315

1508955571822 LINEAR_ACCELERATION 0.9605095 -0.112140656 -0.2501068

1508955571822 GRAVITY 0.68660396 4.641219 8.611506

1508955571823 ROTATION_VECTOR 0.15493737 0.1921712 0.8352882

1508955572056 ACCELEROMETER 1.1760406 4.490906 9.053894

1508955572056 GYROSCOPE 0.02444458 -0.27479553 0.019821167

1508955572057 MAGNETIC_FIELD 7.9559326 -23.216248 -27.871704

1508955572058 GRAVITY 1.0983522 4.269134 8.760052

1508955572058 LINEAR_ACCELERATION 0.40172136 0.24857044 0.35664845

1508955572059 ROTATION_VECTOR 0.17142841 0.15483531 0.8114874

1508955572257 ACCELEROMETER 0.11476135 4.9544983 8.61763

1508955572257 GYROSCOPE 0.08746338 -0.043014526 0.047592163

1508955572258 MAGNETIC_FIELD 8.740234 -22.14508 -29.222107

1508955572258 GRAVITY 1.1910796 4.4569244 8.653759

1508955572259 LINEAR_ACCELERATION -1.0893054 0.46582365 -0.13953209

1508955572260 ROTATION_VECTOR 0.18262428 0.1594662 0.80514866

1508955572458 ACCELEROMETER 0.0705719 4.5351715 8.145187

1508955572458 GYROSCOPE -0.068481445 0.06272888 0.058273315

1508955572459 MAGNETIC_FIELD 8.459473 -21.769714 -27.444458

1508955572460 GRAVITY 1.06822 4.506165 8.644291

1508955572461 LINEAR_ACCELERATION -0.99253273 0.011577129 -0.5305729

1508955572461 ROTATION_VECTOR 0.17470011 0.16953963 0.8178125

1508955572660 ACCELEROMETER 0.8060303 4.7062073 8.591568

1508955572661 GYROSCOPE 9.460449E-4 0.021072388 0.03050232

1508955572661 MAGNETIC_FIELD 7.7438354 -23.144531 -27.963257

1508955572662 GRAVITY 1.0079094 4.469877 8.670335

1508955572663 LINEAR_ACCELERATION -0.19184458 0.2274003 -0.08945751

1508955572663 ROTATION_VECTOR 0.16869372 0.1716927 0.82501155

1508955572859 ACCELEROMETER 0.67723083 4.6138916 8.509689

1508955572860 GYROSCOPE -0.015075684 0.046707153 -0.01222229

1508955572861 MAGNETIC_FIELD 7.420349 -22.198486 -28.927612

1508955572862 GRAVITY 0.92669374 4.47844 8.674975

1508955572863 LINEAR_ACCELERATION -0.25425816 0.12906265 -0.17049026

1508955572863 ROTATION_VECTOR 0.16450065 0.17503965 0.8273989

1508955573060 ACCELEROMETER 0.63972473 4.54895 8.487549

1508955573061 GYROSCOPE 0.0041503906 -0.032333374 -0.011154175

1508955573061 MAGNETIC_FIELD 6.045532 -22.445679 -28.825378

1508955573062 GRAVITY 0.82144237 4.5209436 8.663526

1508955573063 LINEAR_ACCELERATION -0.17396432 0.04810381 -0.13447666

1508955573064 ROTATION_VECTOR 0.16092636 0.17996058 0.8273673

1508955573261 ACCELEROMETER 0.41062927 4.6560974 8.370789

1508955573262 GYROSCOPE 0.05328369 0.0029144287 0.001663208

1508955573263 MAGNETIC_FIELD 6.588745 -23.658752 -27.766418

1508955573264 GRAVITY 0.702387 4.6365857 8.61273

1508955573264 LINEAR_ACCELERATION -0.2879402 0.07145262 -0.15156174

1508955573265 ROTATION_VECTOR 0.15598586 0.19115807 0.8341287

1508955573462 ACCELEROMETER 0.50016785 4.591675 8.401291

1508955573463 GYROSCOPE -1.2207031E-4 0.024276733 0.016616821

1508955573464 MAGNETIC_FIELD 7.255554 -24.32251 -27.119446

1508955573465 GRAVITY 0.62994707 4.686372 8.59136

1508955573465 LINEAR_ACCELERATION -0.11863375 -0.026209831 -0.063690186

1508955573466 ROTATION_VECTOR 0.15020053 0.19850022 0.8433085

1508955573663 ACCELEROMETER 0.54467773 4.6365967 8.459198

1508955573664 GYROSCOPE -0.03643799 0.046707153 -0.0047454834

1508955573664 MAGNETIC_FIELD 6.2713623 -23.295593 -29.41742

1508955573673 GRAVITY 0.56758606 4.672277 8.6033745

1508955573701 ROTATION_VECTOR 0.1443451 0.20128202 0.849659

1508955573702 LINEAR_ACCELERATION -0.013091385 0.034701824 -0.02084446

1508955573870 ACCELEROMETER 0.5479126 4.6466064 8.390396

1508955573871 GRAVITY 0.5374238 4.6631565 8.610257

1508955573872 ROTATION_VECTOR 0.14457099 0.20024556 0.845435

1508955573873 LINEAR_ACCELERATION 0.01994592 0.06262493 -0.07432079

1508955573873 GYROSCOPE -0.021484375 -0.0077667236 -0.011154175

1508955573874 MAGNETIC_FIELD 6.7993164 -22.523499 -28.944397

1508955574069 GRAVITY 0.5537219 4.6885614 8.595415

1508955574070 LINEAR_ACCELERATION -0.03367704 -0.0017080307 -0.06463432

1508955574071 ROTATION_VECTOR 0.14560162 0.20138507 0.8461029

1508955574071 ACCELEROMETER 0.5091858 4.5940857 8.359055

1508955574072 GYROSCOPE 0.034057617 -0.038742065 -0.006881714

1508955574073 MAGNETIC_FIELD 8.427429 -24.827576 -27.967834

1508955574274 GRAVITY 0.55644405 4.7093945 8.583843

1508955574279 LINEAR_ACCELERATION -0.024809837 -0.014517784 0.024368286

1508955574281 ROTATION_VECTOR 0.14429955 0.20377304 0.85045487

1508955574283 ACCELEROMETER 0.5209656 4.6045685 8.44371

1508955574285 GYROSCOPE 9.460449E-4 0.008255005 -0.015426636

1508955574287 MAGNETIC_FIELD 6.7596436 -23.158264 -28.918457

1508955574468 ACCELEROMETER 0.5675659 4.683655 8.364807

1508955574468 GYROSCOPE 0.10775757 0.028549194 0.029434204

1508955574469 MAGNETIC_FIELD 7.5897217 -23.646545 -28.408813

1508955574469 GRAVITY 0.5478717 4.79568 8.536491

1508955574469 LINEAR_ACCELERATION 0.0314759 -0.01704073 -0.003528595

1508955574470 ROTATION_VECTOR 0.14454666 0.20944297 0.85313284

1508955574672 ROTATION_VECTOR 0.12918027 0.22122638 0.8769059

1508955574672 LINEAR_ACCELERATION -0.21331611 -0.16697264 0.61019325

1508955574673 GRAVITY 0.4570982 4.8353205 8.519456

1508955574673 ACCELEROMETER 0.2409668 4.684143 9.134735

1508955574673 GYROSCOPE 0.17398071 7.7819824E-4 0.080703735

1508955574674 MAGNETIC_FIELD 7.4127197 -22.839355 -28.186035

1508955574873 LINEAR_ACCELERATION -0.7441017 -0.2359438 -0.50014687

1508955574873 GRAVITY 0.88285565 5.20126 8.266671

1508955574874 ACCELEROMETER 0.15553284 4.955475 7.755295

1508955574874 ROTATION_VECTOR 0.15113063 0.23595893 0.88359004

1508955574877 GYROSCOPE 0.25836182 -0.50871277 0.0048675537

1508955574880 MAGNETIC_FIELD 5.383301 -25.502014 -27.571106

1508955575086 ACCELEROMETER 1.2061615 5.136322 8.003555

1508955575092 GRAVITY 1.9841014 5.533317 7.849594

1508955575095 LINEAR_ACCELERATION -0.7703247 -0.39738226 0.17537355

1508955575097 ROTATION_VECTOR 0.20287713 0.24212176 0.8902481

1508955575099 GYROSCOPE 0.23699951 -0.5300751 0.5827179

1508955575102 MAGNETIC_FIELD 3.6972046 -25.854492 -25.970459

1508955575280 ACCELEROMETER 3.0570679 5.275177 6.9107056

1508955575293 GRAVITY 2.5885718 5.4312973 7.7440743

1508955575296 LINEAR_ACCELERATION 0.47803044 -0.12345886 -0.77689886

1508955575298 ROTATION_VECTOR 0.2212873 0.23705278 0.90194136

1508955575301 GYROSCOPE -0.3109436 -0.01524353 -0.32411194

1508955575303 MAGNETIC_FIELD -2.3269653 -27.85492 -25.323486

1508955575486 ACCELEROMETER 1.5582275 5.7985535 7.258316

1508955575493 GRAVITY 2.1639946 5.080172 8.10428

1508955575495 LINEAR_ACCELERATION -0.626657 0.7524147 -0.8016958

1508955575497 ROTATION_VECTOR 0.19545558 0.22044003 0.9062886

1508955575499 GYROSCOPE -0.3248291 0.22187805 -0.0901947

1508955575502 MAGNETIC_FIELD 0.15258789 -27.687073 -23.22998

1508955575682 ACCELEROMETER 2.429428 5.748596 8.0316925

1508955575683 GYROSCOPE 0.1665039 0.23149109 -0.21516418

1508955575684 MAGNETIC_FIELD 1.1199951 -26.141357 -25.267029

1508955575685 GRAVITY 1.6734574 5.044167 8.241741

1508955575686 LINEAR_ACCELERATION 0.80172753 0.7469702 -0.16691113

1508955575687 ROTATION_VECTOR 0.1806913 0.21711467 0.8930502

1508955575878 GRAVITY 1.3465514 5.417453 8.062778

1508955575879 LINEAR_ACCELERATION -0.79650533 -0.22018433 -0.5266919

1508955575879 ROTATION_VECTOR 0.1803181 0.23748285 0.87699085

1508955575880 ACCELEROMETER 0.52775574 5.1498413 7.4460144

1508955575881 GYROSCOPE 0.19747925 -0.14234924 -0.20982361

1508955575881 MAGNETIC_FIELD 3.5583496 -26.02539 -25.463867

1508955576079 GRAVITY 1.1988447 5.57121 7.980901

1508955576080 LINEAR_ACCELERATION -0.40104914 0.048107624 -0.042062283

1508955576080 ROTATION_VECTOR 0.18110746 0.24553491 0.8681621

1508955576081 ACCELEROMETER 0.79016113 5.577347 7.863617

1508955576082 GYROSCOPE -0.062072754 0.08302307 -0.10942078

1508955576082 MAGNETIC_FIELD 5.8761597 -26.933289 -24.80011

1508955576279 GRAVITY 0.9985373 5.5879745 7.9967403

1508955576280 LINEAR_ACCELERATION -0.15812701 0.27511883 -0.011023998

1508955576281 ROTATION_VECTOR 0.1752011 0.24816184 0.86284226

1508955576282 ACCELEROMETER 0.822525 5.8119507 7.897293

1508955576282 GYROSCOPE 0.04260254 0.023208618 -0.07951355

1508955576283 MAGNETIC_FIELD 7.106018 -26.191711 -24.002075

1508955576484 GRAVITY 0.9132723 5.6485643 7.9642982

1508955576490 LINEAR_ACCELERATION -0.37710917 0.15578747 -0.36599207

1508955576492 ROTATION_VECTOR 0.17551486 0.25125355 0.8573359

1508955576494 ACCELEROMETER 0.5236511 5.7435913 7.531601

1508955576496 GYROSCOPE 9.460449E-4 -0.012039185 -0.022903442

1508955576498 MAGNETIC_FIELD 7.2509766 -26.290894 -23.187256

1508955576687 ACCELEROMETER 0.5264435 5.6899567 7.79718

1508955576693 GYROSCOPE 0.009490967 -0.008834839 0.01234436

1508955576695 MAGNETIC_FIELD 7.7529907 -26.53656 -23.156738

1508955576698 GRAVITY 0.79374474 5.695337 7.9437714

1508955576700 LINEAR_ACCELERATION -0.26004857 0.058041573 -0.047593594

1508955576702 ROTATION_VECTOR 0.17015079 0.2569613 0.8581004

1508955576890 ACCELEROMETER 0.5638275 5.701874 7.5694427

1508955576896 GRAVITY 0.7155363 5.7722883 7.89551

1508955576898 LINEAR_ACCELERATION -0.14311808 0.036286354 -0.18631029

1508955576901 ROTATION_VECTOR 0.16888909 0.26252142 0.85613596

1508955576903 GYROSCOPE 0.0126953125 0.02961731 -0.002609253

1508955576905 MAGNETIC_FIELD 7.0526123 -26.37024 -25.234985

1508955577091 ACCELEROMETER 0.6832886 5.7036743 7.711151

1508955577100 GRAVITY 0.6884038 5.7831745 7.8899546

1508955577116 LINEAR_ACCELERATION 0.008531094 0.0296278 -0.024324894

1508955577119 ROTATION_VECTOR 0.16784926 0.26372507 0.8560128

1508955577121 GYROSCOPE -0.019348145 0.003982544 -0.0058135986

1508955577123 MAGNETIC_FIELD 7.759094 -27.516174 -23.675537

1508955577291 GRAVITY 0.7106747 5.8195357 7.8611913

1508955577294 ACCELEROMETER 0.6396179 5.7075043 7.638977

1508955577297 LINEAR_ACCELERATION -0.054690957 0.0072402954 -0.05116558

1508955577299 ROTATION_VECTOR 0.16976874 0.26527223 0.8555369

1508955577301 GYROSCOPE 0.043670654 -0.077194214 -0.01008606

1508955577303 MAGNETIC_FIELD 7.38678 -28.11737 -23.965454

1508955577492 ACCELEROMETER 0.56803894 5.740082 7.576767

1508955577498 GRAVITY 0.71419144 5.8705387 7.8228574

1508955577501 LINEAR_ACCELERATION -0.1299094 0.014342308 -0.06771469

1508955577503 ROTATION_VECTOR 0.17035908 0.2685574 0.8560599

1508955577505 GYROSCOPE -0.009735107 -0.008834839 0.01020813

1508955577508 MAGNETIC_FIELD 7.6568604 -26.219177 -22.680664

1508955577691 GRAVITY 0.6845536 5.840129 7.848227

1508955577696 LINEAR_ACCELERATION -0.067212224 -0.019535542 0.04763651

1508955577698 ROTATION_VECTOR 0.16627601 0.26870817 0.8594237

1508955577701 ACCELEROMETER 0.60250854 5.6866913 7.723709

1508955577703 GYROSCOPE -0.0054626465 0.021072388 0.015548706

1508955577705 MAGNETIC_FIELD 7.6522827 -27.244568 -23.516846

1508955577891 ACCELEROMETER 0.616745 5.6533356 7.7507935

1508955577895 GRAVITY 0.6557528 5.8057904 7.8761144

1508955577897 LINEAR_ACCELERATION -0.027674794 -0.023861408 0.039179802

1508955577899 ROTATION_VECTOR 0.16371493 0.2676329 0.86047447

1508955577902 GYROSCOPE -0.015075684 0.010391235 0.0027313232

1508955577907 MAGNETIC_FIELD 7.7148438 -25.92926 -23.690796

1508955578092 ACCELEROMETER 0.56632996 5.5492096 7.8612976

1508955578095 GRAVITY 0.6319884 5.7276845 7.9350243

1508955578097 LINEAR_ACCELERATION -0.036278963 -0.067546844 0.08681202

1508955578100 ROTATION_VECTOR 0.16109829 0.26357865 0.86102015

1508955578102 GYROSCOPE -0.031097412 -0.020584106 -0.023971558

1508955578104 MAGNETIC_FIELD 8.56781 -25.816345 -23.396301

1508955578293 ACCELEROMETER 0.37713623 5.62088 7.787369

1508955578299 GRAVITY 0.5403671 5.706474 7.9570436

1508955578301 LINEAR_ACCELERATION -0.15826404 0.030567646 -0.01526022

1508955578303 ROTATION_VECTOR 0.15786137 0.2634074 0.8587939

1508955578306 GYROSCOPE -0.019348145 0.008255005 -0.01222229

1508955578308 MAGNETIC_FIELD 8.427429 -25.91095 -24.383545

1508955578493 ACCELEROMETER 0.46548462 5.647339 7.869278

1508955578498 GRAVITY 0.5132251 5.7053757 7.9596276

1508955578501 LINEAR_ACCELERATION -0.03603679 0.04088354 0.06499672

1508955578503 ROTATION_VECTOR 0.1592231 0.26233554 0.85458636

1508955578505 GYROSCOPE 0.016967773 -0.028060913 -0.027175903

1508955578508 MAGNETIC_FIELD 8.009338 -26.091003 -23.460388

1508955578694 ACCELEROMETER 0.36975098 5.6628265 7.7322083

1508955578697 GRAVITY 0.47599614 5.749483 7.9301486

1508955578699 LINEAR_ACCELERATION -0.092505395 0.019704342 -0.05681181

1508955578702 ROTATION_VECTOR 0.15913045 0.26524034 0.8530451

1508955578704 GYROSCOPE 0.009490967 -0.0013580322 0.001663208

1508955578713 MAGNETIC_FIELD 7.511902 -26.135254 -23.382568

1508955578897 ACCELEROMETER 0.4091797 5.659485 7.7467957

1508955578900 GRAVITY 0.46084592 5.7810535 7.908061

1508955578902 LINEAR_ACCELERATION -0.048682094 -0.009921551 -0.010550499

1508955578905 ROTATION_VECTOR 0.15890823 0.26748696 0.85304856

1508955578907 GYROSCOPE 0.030853271 -0.0024261475 0.009140015

1508955578909 MAGNETIC_FIELD 7.557678 -25.970459 -24.720764

1508955579096 ACCELEROMETER 0.43177795 5.6342163 7.645767

1508955579099 GRAVITY 0.4706054 5.8114123 7.885202

1508955579101 LINEAR_ACCELERATION -0.020766407 -0.047478676 -0.05593586

1508955579104 ROTATION_VECTOR 0.15820798 0.27006823 0.85556877

1508955579106 GYROSCOPE 0.009490967 -0.024856567 -0.0143585205

1508955579108 MAGNETIC_FIELD 6.9763184 -27.381897 -23.52295

1508955579298 ACCELEROMETER 0.41740417 5.6871185 7.7257843

1508955579301 GRAVITY 0.4537969 5.8032455 7.892199

1508955579303 LINEAR_ACCELERATION -0.032105953 0.016324043 0.010346413

1508955579305 ROTATION_VECTOR 0.15725625 0.2699636 0.8556118

1508955579307 GYROSCOPE -0.026824951 -0.012039185 -0.035720825

1508955579310 MAGNETIC_FIELD 8.416748 -27.380371 -23.770142

1508955579493 ACCELEROMETER 0.3582306 5.6584473 7.7685547

1508955579493 GRAVITY 0.41614684 5.773474 7.916073

1508955579494 LINEAR_ACCELERATION -0.049290985 0.004962921 0.024084091

1508955579495 ROTATION_VECTOR 0.15491852 0.26905924 0.85575724

1508955579496 GYROSCOPE -0.008666992 7.7819824E-4 -4.7302246E-4

1508955579496 MAGNETIC_FIELD 8.447266 -26.957703 -23.164368

1508955579697 LINEAR_ACCELERATION -0.008965343 0.040803432 0.011660099

1508955579700 GRAVITY 0.4046477 5.76221 7.9248714

1508955579702 ROTATION_VECTOR 0.15640636 0.26735944 0.85231626

1508955579704 ACCELEROMETER 0.38420105 5.6809235 7.7690277

1508955579706 GYROSCOPE -0.019348145 0.003982544 -0.0036773682

1508955579708 MAGNETIC_FIELD 9.034729 -26.216125 -23.474121

1508955579901 ACCELEROMETER 0.38952637 5.679779 7.813263

1508955579904 GRAVITY 0.41043213 5.7456756 7.93657

1508955579906 LINEAR_ACCELERATION -0.021192431 0.03900051 0.008701324

1508955579908 ROTATION_VECTOR 0.15710461 0.2658302 0.8512228

1508955579910 GYROSCOPE -0.014007568 -0.004562378 0.03263855

1508955579913 MAGNETIC_FIELD 9.622192 -25.732422 -22.944641

1508955580105 ACCELEROMETER 0.44081116 5.63678 7.755722

1508955580108 GRAVITY 0.43866792 5.740471 7.9388256

1508955580110 LINEAR_ACCELERATION 0.018110752 0.00968647 -0.028458118

1508955580112 ROTATION_VECTOR 0.15886538 0.26456442 0.8504083

1508955580115 GYROSCOPE -0.003326416 0.0029144287 -0.002609253

1508955580117 MAGNETIC_FIELD 9.156799 -26.080322 -23.501587

1508955580304 ACCELEROMETER 0.4217682 5.629135 7.7894287

1508955580310 GRAVITY 0.43322155 5.7288613 7.9475064

1508955580312 LINEAR_ACCELERATION -0.01315248 0.00587368 -0.019739151

1508955580314 ROTATION_VECTOR 0.15787603 0.2643201 0.85127807

1508955580316 GYROSCOPE -0.02041626 -0.010971069 -0.006881714

1508955580319 MAGNETIC_FIELD 8.23822 -26.350403 -24.569702

1508955580505 ACCELEROMETER 0.46879578 5.616333 7.899994

1508955580511 GRAVITY 0.4640908 5.688995 7.9743557

1508955580513 LINEAR_ACCELERATION 0.02027142 0.021939754 0.07570553

1508955580515 ROTATION_VECTOR 0.158736 0.26119706 0.8511822

1508955580518 GYROSCOPE -0.016143799 -0.023788452 -0.002609253

1508955580520 MAGNETIC_FIELD 8.468628 -26.321411 -24.241638

1508955580693 GRAVITY 0.4415216 5.699795 7.967922

1508955580702 LINEAR_ACCELERATION -0.030220151 0.014701366 -0.0684495

1508955580714 ACCELEROMETER 0.40464783 5.60141 7.763382

1508955580722 GYROSCOPE 9.460449E-4 0.016799927 -0.021835327

1508955580730 MAGNETIC_FIELD 8.465576 -25.49591 -23.61145

1508955580730 ROTATION_VECTOR 0.15927811 0.26149476 0.848843

1508955580891 ACCELEROMETER 0.38232422 5.624817 7.8302

1508955580893 GYROSCOPE 0.009490967 0.025344849 -0.015426636

1508955580894 MAGNETIC_FIELD 9.109497 -26.121521 -23.745728

1508955580894 GRAVITY 0.3879204 5.711975 7.9619875

1508955580895 LINEAR_ACCELERATION 0.0030348003 0.013622761 0.009521008

1508955580898 ROTATION_VECTOR 0.15789343 0.26290926 0.8472992

1508955581103 ACCELEROMETER 0.38397217 5.596649 7.797806

1508955581110 GYROSCOPE -0.012939453 0.013595581 -0.019699097

1508955581112 MAGNETIC_FIELD 7.975769 -26.25122 -23.861694

1508955581117 GRAVITY 0.35626495 5.708982 7.965613

1508955581120 LINEAR_ACCELERATION 0.0380103 -0.012995243 -0.013307571

1508955581123 ROTATION_VECTOR 0.1564193 0.26343837 0.8471809

1508955581307 ACCELEROMETER 0.26168823 5.5906067 7.6805115

1508955581315 GRAVITY 0.29120138 5.7051606 7.970993

1508955581327 LINEAR_ACCELERATION -0.002773732 0.011192799 -0.114302635

1508955581341 ROTATION_VECTOR 0.15379468 0.26446107 0.84633356

1508955581350 GYROSCOPE -0.031097412 0.06593323 0.017684937

1508955581353 MAGNETIC_FIELD 8.572388 -26.309204 -23.130798

1508955581520 ACCELEROMETER 0.31347656 5.6082 7.8453217

1508955581520 GRAVITY 0.22944237 5.6623244 8.003489

1508955581521 LINEAR_ACCELERATION 0.06283544 0.081439495 0.012255192

1508955581521 ROTATION_VECTOR 0.1511143 0.26286903 0.84469503

1508955581521 GYROSCOPE -0.052459717 0.055252075 -0.01008606

1508955581522 MAGNETIC_FIELD 9.338379 -25.965881 -23.703003

1508955581695 ACCELEROMETER 0.23031616 5.521164 7.692688

1508955581696 GYROSCOPE -0.08023071 0.12147522 0.0048675537

1508955581696 MAGNETIC_FIELD 9.335327 -26.779175 -24.066162

1508955581696 GRAVITY 0.14192855 5.608472 8.043339

1508955581697 LINEAR_ACCELERATION 0.11363301 0.045608997 -0.15746641

1508955581697 ROTATION_VECTOR 0.14779457 0.26088434 0.84167683

1508955581906 ACCELEROMETER -0.0068359375 5.5254974 7.693741

1508955581915 GRAVITY 0.004071788 5.5506587 8.084588

1508955581918 LINEAR_ACCELERATION 0.04093358 0.1626792 -0.17630816

1508955581929 GYROSCOPE -0.111206055 0.13215637 0.08177185

1508955581932 ROTATION_VECTOR 0.14313248 0.2594491 0.8366109

1508955581932 MAGNETIC_FIELD 9.399414 -25.665283 -24.145508

1508955582096 ACCELEROMETER -0.48199463 5.1970673 7.8937683

1508955582097 GYROSCOPE -0.19558716 0.48036194 0.29859924

1508955582098 MAGNETIC_FIELD 11.590576 -25.209045 -24.475098

1508955582098 GRAVITY -0.364574 5.326306 8.226052

1508955582098 LINEAR_ACCELERATION -0.1406143 0.040130615 -0.07743406

1508955582099 ROTATION_VECTOR 0.11549713 0.2593231 0.84722817

1508955582297 ACCELEROMETER -0.025299072 5.5773926 7.654373

1508955582299 GYROSCOPE 0.018035889 0.9898529 0.29966736

1508955582306 MAGNETIC_FIELD 10.388184 -24.499512 -26.045227

1508955582306 GRAVITY -0.8362602 5.382472 8.154757

1508955582307 LINEAR_ACCELERATION 0.85119516 0.27765465 -0.27414846

1508955582307 ROTATION_VECTOR 0.09683574 0.27357993 0.84240067

1508955582498 ACCELEROMETER -2.736435 6.380966 8.237976

1508955582499 GYROSCOPE 0.7614441 1.1094818 -0.26109314

1508955582499 MAGNETIC_FIELD 14.048767 -25.979614 -23.400879

1508955582500 GRAVITY -2.3818977 5.992953 7.3879275

1508955582500 LINEAR_ACCELERATION 0.22627091 0.46267605 1.2440639

1508955582501 ROTATION_VECTOR 0.026242608 0.35018834 0.8418306

1508955582710 GRAVITY -3.9284127 6.9740124 5.6657844

1508955582713 LINEAR_ACCELERATION 0.08498311 0.2552905 1.2171226

1508955582715 ROTATION_VECTOR -0.0273167 0.45867112 0.79840535

1508955582718 ACCELEROMETER -2.6331177 6.8503113 6.3151093

1508955582720 GYROSCOPE 1.0231323 0.675827 -0.5890045

1508955582723 MAGNETIC_FIELD 18.162537 -27.024841 -15.99884

1508955582915 ACCELEROMETER 0.610199 4.569809 6.9789124

1508955582920 GYROSCOPE -1.1098938 -0.9028473 0.6585541

1508955582923 GRAVITY -3.5684495 6.9481215 5.9296007

1508955582926 LINEAR_ACCELERATION 4.0807724 -1.5493035 0.87854004

1508955582929 ROTATION_VECTOR -0.009356382 0.44450757 0.80522066

1508955582931 MAGNETIC_FIELD 21.154785 -28.292847 -8.174133

1508955583113 GRAVITY -0.27828488 6.743056 7.1150646

1508955583116 LINEAR_ACCELERATION -2.833214 -2.3323994 -5.3966093

1508955583119 ROTATION_VECTOR 0.114342704 0.3523612 0.87092584

1508955583122 ACCELEROMETER -2.3337097 4.516327 0.62316895

1508955583125 GYROSCOPE -0.3867798 -1.2200775 1.9691315

1508955583128 MAGNETIC_FIELD 21.618652 -27.449036 -10.221863

1508955583314 GRAVITY 3.1069903 5.6240253 7.4085984

1508955583317 LINEAR_ACCELERATION 0.8716285 0.3529873 -1.2233887

1508955583320 ROTATION_VECTOR 0.23884311 0.25538316 0.9083895

1508955583323 ACCELEROMETER 2.2751617 5.852783 6.821808

1508955583326 GYROSCOPE -0.9827881 -1.0641327 0.33277893

1508955583329 MAGNETIC_FIELD 13.172913 -30.253601 -15.788269

1508955583514 GRAVITY 3.9435196 3.5767395 8.235653

1508955583518 LINEAR_ACCELERATION -6.855504 1.09882 0.7102184

1508955583521 ROTATION_VECTOR 0.22383602 0.17319356 0.9561887

1508955583524 ACCELEROMETER -3.454544 2.0263824 6.1562195

1508955583526 GYROSCOPE -0.57369995 1.1959991 2.1432343

1508955583529 MAGNETIC_FIELD 13.964844 -27.914429 -20.007324

1508955583714 GRAVITY -0.71849483 2.1973298 9.530262

1508955583718 LINEAR_ACCELERATION -5.475135 -6.8291445 -19.22438

1508955583720 ROTATION_VECTOR 0.040229585 -0.11168461 -0.9924908

1508955583724 ACCELEROMETER -7.2999725 -4.128647 -11.696106

1508955583726 GYROSCOPE -0.16567993 3.9581451 -0.658432

1508955583729 MAGNETIC_FIELD 24.243164 -25.169373 -13.650513

1508955583915 ACCELEROMETER -10.692612 2.1981354 7.809204

1508955583919 GYROSCOPE 0.9846802 1.5110931 2.2265472

1508955583922 MAGNETIC_FIELD 31.643677 -24.64447 -1.6998291

1508955583925 GRAVITY -5.5197105 2.9171991 7.5626135

1508955583928 LINEAR_ACCELERATION -7.9762874 -0.7969215 0.65097475

1508955583931 ROTATION_VECTOR 0.32212454 -0.103197776 -0.9264925

1508955584115 GRAVITY -5.1802926 6.373922 5.3579917

1508955584119 LINEAR_ACCELERATION 3.6438851 -0.34677172 -2.377542

1508955584122 ROTATION_VECTOR 0.4138351 -0.2357095 -0.8196136

1508955584125 ACCELEROMETER -1.3697662 5.468994 0.3896942

1508955584128 GYROSCOPE 1.4728088 0.22187805 1.0494843

1508955584131 MAGNETIC_FIELD 18.632507 -30.496216 13.383484

