1508955554291 GYROSCOPE -0.04711914 -0.15837097 0.07215881

1508955554294 MAGNETIC_FIELD 8.953857 -24.331665 -25.798035

1508955554295 GRAVITY 0.83468646 5.706735 7.9313846

1508955554295 LINEAR_ACCELERATION 0.0 0.0 -0.0

1508955554297 ROTATION_VECTOR 0.0 0.0 0.0

1508955554491 ACCELEROMETER 0.932312 5.7690277 8.004608

1508955554492 GYROSCOPE 0.092803955 0.122543335 -0.11369324

1508955554500 MAGNETIC_FIELD 8.953857 -25.67749 -25.798035

1508955554500 GRAVITY 0.9592628 5.7409954 7.8924756

1508955554501 LINEAR_ACCELERATION 0.13813001 0.1039114 0.14077568

1508955554502 ROTATION_VECTOR 0.21440317 0.22721578 0.7889113

1508955554692 ACCELEROMETER 0.9423218 5.9640045 7.90065

1508955554693 GYROSCOPE 0.15582275 0.25926208 0.0572052

1508955554694 MAGNETIC_FIELD 8.615112 -26.013184 -23.501587

1508955554695 GRAVITY 0.6391386 6.059824 7.6837764

1508955554695 LINEAR_ACCELERATION -0.01937294 -0.13831758 -0.6691952

1508955554696 ROTATION_VECTOR 0.21272668 0.2509657 0.78043735

1508955554893 ACCELEROMETER 0.79377747 5.8415527 6.90567

1508955554894 GYROSCOPE 0.21243286 -0.58348083 0.044387817

1508955554894 MAGNETIC_FIELD 8.110046 -27.526855 -22.024536

1508955554895 LINEAR_ACCELERATION 0.1932854 -0.40411234 0.5158515

1508955554896 GRAVITY 1.0031554 6.163376 7.5615387

1508955554896 ROTATION_VECTOR 0.2221287 0.25520125 0.79984033

1508955555094 ACCELEROMETER 1.037262 6.0413513 7.947403

1508955555095 GYROSCOPE 0.43780518 0.24217224 -0.078445435

1508955555096 MAGNETIC_FIELD 9.628296 -25.67749 -22.517395

1508955555097 LINEAR_ACCELERATION -0.375746 0.37057638 -0.12194586

1508955555097 GRAVITY 1.1281629 6.719835 7.0527625

1508955555098 ROTATION_VECTOR 0.24302849 0.2852128 0.7955149

1508955555330 ACCELEROMETER 0.79145813 6.552368 6.463333

1508955555331 GYROSCOPE -0.8994751 0.2186737 -0.03892517

1508955555332 MAGNETIC_FIELD 11.598206 -28.981018 -18.252563

1508955555333 GRAVITY 0.56863105 6.4792414 7.339379

1508955555333 LINEAR_ACCELERATION -0.43412864 -0.7375593 -2.188241

1508955555334 ROTATION_VECTOR 0.20394799 0.2901742 0.8090231

1508955555531 ACCELEROMETER 0.0393219 5.562912 5.048584

1508955555532 GYROSCOPE 0.043670654 0.1481781 -0.139328

1508955555533 MAGNETIC_FIELD 12.109375 -25.164795 -23.400879

1508955555534 LINEAR_ACCELERATION 0.4549325 1.0463796 0.9475751

1508955555535 GRAVITY 0.23619841 5.8714967 7.851123

1508955555536 ROTATION_VECTOR 0.1814424 0.25842372 0.797836

1508955555732 ACCELEROMETER 0.6710968 6.735306 8.593689

1508955555733 GYROSCOPE -0.09945679 -0.09855652 0.17256165

1508955555735 MAGNETIC_FIELD 10.481262 -24.15924 -24.661255

1508955555736 GRAVITY 0.17710897 5.7412257 7.9484177

1508955555736 LINEAR_ACCELERATION -0.2609817 -0.3342824 0.77513313

1508955555737 ROTATION_VECTOR 0.17875144 0.25058213 0.7912396

1508955555933 ACCELEROMETER -0.08381653 5.297043 8.574051

1508955555934 GYROSCOPE -0.003326416 -0.050491333 0.009140015

1508955555936 MAGNETIC_FIELD 11.538696 -23.435974 -27.548218

1508955555936 GRAVITY 0.38577944 5.6063304 8.036829

1508955555937 LINEAR_ACCELERATION -0.110022545 -0.22182941 0.50157976

1508955555937 ROTATION_VECTOR 0.18196785 0.23900515 0.7967705

1508955556133 ACCELEROMETER 0.27220154 5.300659 8.397156

1508955556135 GYROSCOPE -0.054595947 0.03816223 -0.053878784

1508955556136 GRAVITY 0.37139234 5.5617547 8.068417

1508955556136 LINEAR_ACCELERATION 0.004428327 -0.036438942 -0.064344406

1508955556137 MAGNETIC_FIELD 11.634827 -21.458435 -28.01056

1508955556137 ROTATION_VECTOR 0.18169066 0.2358257 0.79338187

1508955556335 ACCELEROMETER 0.36865234 5.435196 7.8604584

1508955556336 GYROSCOPE -0.043914795 0.02748108 -0.045333862

1508955556336 MAGNETIC_FIELD 11.990356 -22.998047 -26.792908

1508955556337 LINEAR_ACCELERATION 0.043231666 -0.03693819 -0.13080597

1508955556337 GRAVITY 0.26697782 5.4884825 8.122541

1508955556338 ROTATION_VECTOR 0.17700729 0.23352535 0.78911555

1508955556535 ACCELEROMETER 0.31518555 5.358597 7.8536224

1508955556536 GYROSCOPE -0.032165527 -0.004562378 -0.04319763

1508955556536 MAGNETIC_FIELD 12.249756 -23.643494 -27.482605

1508955556537 GRAVITY 0.29883772 5.453245 8.145133

1508955556537 LINEAR_ACCELERATION 0.19678739 0.07811117 0.0058193207

1508955556538 ROTATION_VECTOR 0.18097481 0.22795153 0.78070694

1508955556736 ACCELEROMETER 0.47392273 5.4420776 8.033203

1508955556737 GYROSCOPE -0.023620605 -0.06758118 0.0027313232

1508955556737 MAGNETIC_FIELD 11.601257 -23.893738 -25.898743

1508955556738 GRAVITY 0.28243655 5.4087434 8.175335

1508955556738 LINEAR_ACCELERATION -0.10896933 -0.069425106 -0.101135254

1508955556739 ROTATION_VECTOR 0.1800073 0.22532482 0.7782464

1508955556938 ACCELEROMETER 0.16847229 5.2250977 7.8969727

1508955556942 GYROSCOPE -0.062072754 0.04777527 0.03477478

1508955556943 MAGNETIC_FIELD 11.534119 -23.002625 -25.764465

1508955556943 GRAVITY 0.28333932 5.3050203 8.242989

1508955556943 ROTATION_VECTOR 0.17642528 0.22045104 0.779891

1508955556944 LINEAR_ACCELERATION -0.06811577 -0.020808697 0.10743618

1508955557143 GRAVITY 0.23448555 5.2114825 8.303966

1508955557144 LINEAR_ACCELERATION 0.08736171 0.12771702 -0.11619568

1508955557144 ACCELEROMETER 0.21328735 5.193878 8.206604

1508955557147 ROTATION_VECTOR 0.17306378 0.21601968 0.7761869

1508955557148 GYROSCOPE -0.13684082 0.08729553 0.001663208

1508955557149 MAGNETIC_FIELD 11.828613 -22.213745 -27.223206

1508955557343 LINEAR_ACCELERATION 0.15591337 0.08693123 0.035369873

1508955557348 ROTATION_VECTOR 0.17179507 0.20839265 0.77243954

1508955557350 GRAVITY 0.25334525 5.0939407 8.376036

1508955557352 ACCELEROMETER 0.32504272 5.237488 8.046158

1508955557355 GYROSCOPE -0.031097412 -0.009902954 0.009140015

1508955557357 MAGNETIC_FIELD 11.653137 -23.32306 -28.355408

1508955557550 GRAVITY 0.29570067 5.1079082 8.366136

1508955557553 LINEAR_ACCELERATION 0.04113224 0.0431118 -0.08508396

1508955557555 ROTATION_VECTOR 0.17671125 0.20547248 0.76485735

1508955557557 ACCELEROMETER 0.39730835 5.10112 8.276764

1508955557559 GYROSCOPE 0.006286621 -0.01524353 -0.01008606

1508955557562 MAGNETIC_FIELD 12.452698 -22.16034 -28.572083

1508955557750 GRAVITY 0.3038715 5.2001104 8.308845

1508955557753 LINEAR_ACCELERATION -0.049021304 0.03712225 -0.11171436

1508955557756 ROTATION_VECTOR 0.18088008 0.20892397 0.7620429

1508955557758 ACCELEROMETER 0.32789612 5.067337 8.124359

1508955557760 GYROSCOPE 0.056488037 -0.024856567 0.007003784

1508955557762 MAGNETIC_FIELD 13.230896 -22.590637 -28.315735

1508955557951 GRAVITY 0.29330468 5.2393 8.28457

1508955557954 LINEAR_ACCELERATION 0.012384921 0.02051735 -0.0043115616

1508955557957 ROTATION_VECTOR 0.18042848 0.21225001 0.7653748

1508955557967 ACCELEROMETER 0.25401306 5.128006 8.038849

1508955557976 GYROSCOPE -0.019348145 0.04777527 -0.002609253

1508955557982 MAGNETIC_FIELD 12.600708 -22.085571 -27.21405

1508955558154 GRAVITY 0.3177941 5.2146416 8.2992115

1508955558157 ACCELEROMETER 0.2928772 5.1506653 8.092972

1508955558159 LINEAR_ACCELERATION 0.15429276 0.056358337 0.013259888

1508955558162 ROTATION_VECTOR 0.18053596 0.21039192 0.76586306

1508955558164 GYROSCOPE -0.030029297 0.0071868896 -0.011154175

1508955558168 MAGNETIC_FIELD 10.546875 -21.847534 -27.638245

1508955558356 ACCELEROMETER 0.47209167 5.1732483 8.160278

1508955558362 GRAVITY 0.37193137 5.2443156 8.278237

1508955558371 LINEAR_ACCELERATION -6.2301755E-4 0.032994747 -0.05684662

1508955558371 ROTATION_VECTOR 0.1841802 0.20977376 0.7645984

1508955558372 GYROSCOPE 0.036193848 -0.061172485 0.028366089

1508955558373 MAGNETIC_FIELD 12.940979 -22.950745 -28.587341

1508955558552 GRAVITY 0.4354679 5.2283864 8.285212

1508955558559 ACCELEROMETER 0.37582397 5.1737366 8.067123

1508955558561 LINEAR_ACCELERATION -0.002276808 -0.013162136 0.013178825

1508955558563 ROTATION_VECTOR 0.1842596 0.20885445 0.77046216

1508955558568 GYROSCOPE -0.043914795 0.011459351 0.016616821

1508955558570 MAGNETIC_FIELD 11.131287 -23.14148 -27.615356

1508955558752 ACCELEROMETER 0.42192078 5.114212 8.114059

1508955558774 GYROSCOPE 0.02017212 0.00932312 0.0048675537

1508955558776 MAGNETIC_FIELD 10.900879 -22.575378 -27.83966

1508955558777 GRAVITY 0.4193887 5.247702 8.273822

1508955558778 LINEAR_ACCELERATION -0.0261302 -0.0023555756 -0.17610073

1508955558778 ROTATION_VECTOR 0.1840864 0.21039177 0.7706518

1508955558957 GRAVITY 0.41107216 5.303181 8.2387905

1508955558960 LINEAR_ACCELERATION 0.07764566 0.05334568 -0.06470585

1508955558962 ROTATION_VECTOR 0.18766151 0.21147513 0.7645032

1508955558964 ACCELEROMETER 0.38191223 5.0986176 7.8715057

1508955558967 GYROSCOPE 0.005218506 0.039230347 -0.020767212

1508955558969 MAGNETIC_FIELD 10.55603 -20.75653 -28.053284

1508955559159 ACCELEROMETER 0.4772644 5.198593 7.933258

1508955559162 GRAVITY 0.4087763 5.307444 8.236159

1508955559165 LINEAR_ACCELERATION 0.055202335 -0.034706593 0.0014371872

1508955559167 ROTATION_VECTOR 0.1865062 0.21281017 0.76773304

1508955559170 GYROSCOPE 0.015899658 -0.0077667236 0.011276245

1508955559172 MAGNETIC_FIELD 11.993408 -21.975708 -27.804565

1508955559353 ACCELEROMETER 0.45191956 5.114105 8.009384

1508955559353 GYROSCOPE -0.010803223 -0.016311646 -4.7302246E-4

1508955559354 MAGNETIC_FIELD 10.134888 -22.647095 -27.275085

1508955559354 GRAVITY 0.4590855 5.2883897 8.24576

1508955559354 LINEAR_ACCELERATION 0.048788548 -0.03429985 0.041461945

1508955559355 ROTATION_VECTOR 0.1858969 0.21219231 0.773596

1508955559554 ROTATION_VECTOR 0.18557018 0.21461904 0.7755996

1508955559556 LINEAR_ACCELERATION -0.074202925 0.0016384125 -0.04189062

1508955559557 GRAVITY 0.44936538 5.3170795 8.227826

1508955559558 ACCELEROMETER 0.4888153 5.11528 8.038559

1508955559559 GYROSCOPE 0.031921387 -0.014175415 0.0048675537

1508955559560 MAGNETIC_FIELD 11.170959 -23.36731 -27.200317

1508955559755 ACCELEROMETER 0.37039185 5.152893 7.9388733

1508955559760 LINEAR_ACCELERATION 0.03181672 0.009018421 0.00684309

1508955559763 GRAVITY 0.48701122 5.3539076 8.201761

1508955559765 ROTATION_VECTOR 0.18755563 0.21598487 0.7774398

1508955559767 GYROSCOPE 0.011627197 -0.0077667236 0.001663208

1508955559769 MAGNETIC_FIELD 10.740662 -23.042297 -27.163696

1508955559961 GRAVITY 0.48680755 5.309931 8.230312

1508955559964 LINEAR_ACCELERATION -0.016563058 -0.07066393 0.15090561

1508955559966 ROTATION_VECTOR 0.1830796 0.2164549 0.78567237

1508955559968 ACCELEROMETER 0.5018158 5.202011 7.9730225

1508955559970 GYROSCOPE 0.008422852 -0.0077667236 -0.0058135986

1508955559972 MAGNETIC_FIELD 10.720825 -23.753357 -26.322937

1508955560163 ACCELEROMETER 0.46429443 5.1106415 8.183975

1508955560166 GRAVITY 0.5080293 5.2991314 8.235988

1508955560168 LINEAR_ACCELERATION 0.046423882 -8.249283E-4 0.14564323

1508955560171 ROTATION_VECTOR 0.18184271 0.21682876 0.79035807

1508955560173 GYROSCOPE 0.02017212 7.7819824E-4 -0.0036773682

1508955560176 MAGNETIC_FIELD 10.221863 -22.84851 -26.531982

1508955560364 ACCELEROMETER 0.5345154 5.1845856 8.22348

1508955560367 GRAVITY 0.46415737 5.2615905 8.262603

1508955560369 LINEAR_ACCELERATION -0.067068875 -0.118543625 0.1109848

1508955560371 ROTATION_VECTOR 0.17592454 0.21857505 0.7977147

1508955560374 GYROSCOPE 0.014831543 -0.0034942627 -0.017562866

1508955560376 MAGNETIC_FIELD 11.352539 -23.121643 -27.189636

1508955560565 ACCELEROMETER 0.3914032 5.052994 8.213928

1508955560568 GRAVITY 0.45586583 5.2552595 8.267093

1508955560571 LINEAR_ACCELERATION -0.012592912 -0.024611473 -0.040021896

1508955560573 ROTATION_VECTOR 0.17537561 0.21849252 0.7977504

1508955560575 GYROSCOPE -0.023620605 -2.89917E-4 0.005935669

1508955560577 MAGNETIC_FIELD 10.397339 -21.894836 -27.114868

1508955560766 ACCELEROMETER 0.4335022 5.1267853 8.065933

1508955563564 ACCELEROMETER 0.36749268 5.115753 8.145035

1508955563565 GYROSCOPE 0.0126953125 0.010391235 0.0048675537

1508955563565 MAGNETIC_FIELD 11.326599 -22.361755 -26.623535

1508955563566 GRAVITY 0.36045855 5.199748 8.306808

1508955563566 LINEAR_ACCELERATION -0.009221166 -0.019526482 -0.034104347

1508955563566 ROTATION_VECTOR 0.17449234 0.21452981 0.785682

1508955563764 ACCELEROMETER 0.341156 5.0505676 8.090988

1508955563765 GRAVITY 0.32590443 5.1698723 8.326859

1508955563765 LINEAR_ACCELERATION -0.04781723 -0.05457306 0.099601746

1508955563766 GYROSCOPE 0.0020141602 -0.0066986084 -0.016494751

1508955563766 MAGNETIC_FIELD 10.853577 -22.348022 -28.083801

1508955563766 ROTATION_VECTOR 0.1715142 0.21454881 0.7873326

1508955563964 ACCELEROMETER 0.28578186 5.009201 8.239761

1508955563975 GYROSCOPE 0.005218506 0.018936157 -0.0036773682

1508955563978 MAGNETIC_FIELD 11.218262 -22.2641 -28.309631

1508955563985 GRAVITY 0.34154165 5.172589 8.324546

1508955563986 ROTATION_VECTOR 0.17244259 0.21407907 0.7868807

1508955563986 LINEAR_ACCELERATION 0.07203063 0.008460522 0.028129578

1508955564171 ACCELEROMETER 0.39440918 5.066925 8.198303

1508955564173 GRAVITY 0.3576222 5.152072 8.336585

1508955564174 LINEAR_ACCELERATION 0.06270045 -0.023376942 0.058009148

1508955564176 ROTATION_VECTOR 0.17197444 0.21301939 0.7883957

1508955564176 GYROSCOPE -0.003326416 -0.0066986084 -0.0058135986

1508955564177 MAGNETIC_FIELD 10.945129 -22.079468 -27.209473

1508955564366 ACCELEROMETER 0.4255829 5.0510406 8.225571

1508955564375 GYROSCOPE 0.0020141602 -0.019515991 -0.0015411377

1508955564375 GRAVITY 0.36484128 5.127968 8.351121

1508955564376 LINEAR_ACCELERATION -0.01924187 -0.015831947 0.077736855

1508955564377 ROTATION_VECTOR 0.17126101 0.21185136 0.7893006

1508955564378 MAGNETIC_FIELD 10.957336 -22.769165 -29.464722

1508955564567 ACCELEROMETER 0.3587036 5.0434875 8.270706

1508955564568 GYROSCOPE 0.056488037 -0.040878296 -0.0410614

1508955564568 MAGNETIC_FIELD 10.809326 -21.920776 -28.256226

1508955564569 GRAVITY 0.4171527 5.1652837 8.325636

1508955564569 LINEAR_ACCELERATION 0.052562565 0.044383526 0.12711716

1508955564569 ROTATION_VECTOR 0.17561762 0.21135078 0.78658676

1508955564782 GRAVITY 0.4302168 5.0586543 8.390191

1508955564785 LINEAR_ACCELERATION -0.034529567 0.060970783 -1.0636063

1508955564788 ROTATION_VECTOR 0.17550433 0.20351294 0.78011924

1508955564792 ACCELEROMETER 0.52900696 5.1605835 8.25322

1508955564802 GYROSCOPE -0.2190857 -0.019515991 -0.03251648

1508955564811 MAGNETIC_FIELD 12.04834 -21.473694 -28.579712

1508955564978 GRAVITY 0.18136705 4.505744 8.708373

1508955564984 LINEAR_ACCELERATION 0.07942121 0.41867018 0.6089878

1508955564986 ROTATION_VECTOR 0.15501581 0.17879216 0.7591041

1508955564992 ACCELEROMETER 0.36036682 5.071808 7.6870117

1508955565007 GYROSCOPE -0.44766235 0.04777527 -0.41596985

1508955565012 MAGNETIC_FIELD 12.794495 -20.013428 -29.77295

1508955565169 ACCELEROMETER 0.08010864 4.681244 8.7903595

1508955565170 GYROSCOPE -0.6548767 0.05418396 -0.24827576

1508955565170 GRAVITY -0.24250816 3.5678074 9.1313925

1508955565171 MAGNETIC_FIELD 15.4953 -16.777039 -30.519104

1508955565171 LINEAR_ACCELERATION -0.5282624 0.4356048 -1.6088009

1508955565172 ROTATION_VECTOR 0.115812585 0.14496899 0.7243692

1508955565370 ACCELEROMETER -0.6900635 3.9682465 7.7424927

1508955565371 GYROSCOPE -0.4850464 -0.20429993 -0.3486786

1508955565371 MAGNETIC_FIELD 17.068481 -11.938477 -33.425903

1508955565372 GRAVITY -0.2799291 2.535584 9.469047

1508955565372 LINEAR_ACCELERATION 0.59635544 1.2618873 0.48918533

1508955565373 ROTATION_VECTOR 0.08549764 0.099514574 0.67651594

1508955565581 GRAVITY 0.33156398 2.2068322 9.549363

1508955565586 LINEAR_ACCELERATION 0.63808656 0.9515374 0.03213501

1508955565589 ACCELEROMETER 0.3710785 3.5375977 9.650543

1508955565592 ROTATION_VECTOR 0.09892402 0.057723526 0.6225966

1508955565595 GYROSCOPE 0.115234375 -0.56959534 -0.2995453

1508955565598 MAGNETIC_FIELD 15.689087 -10.653687 -36.07788

1508955565785 GRAVITY 1.0622425 2.3256087 9.467502

1508955565789 LINEAR_ACCELERATION -0.06311047 -0.14561296 1.7333975

1508955565792 ROTATION_VECTOR 0.12967137 0.021843465 0.55592567

1508955565795 ACCELEROMETER 1.0780182 3.00737 10.062775

1508955565798 GYROSCOPE 0.013763428 -0.483078 -0.8677826

1508955565801 MAGNETIC_FIELD 15.533447 -6.340027 -38.21106

1508955565976 ACCELEROMETER 0.93777466 2.3043518 10.600601

1508955565977 GYROSCOPE 0.7753296 -0.8141937 -0.87205505

1508955565977 MAGNETIC_FIELD 14.584351 -4.8049927 -40.003967

1508955565978 GRAVITY 1.7720335 3.2210343 9.091492

1508955565979 LINEAR_ACCELERATION -1.6153325 -0.59878445 -1.6295366

1508955565980 ROTATION_VECTOR 0.19090694 -0.004179721 0.45420772

1508955566184 ACCELEROMETER 0.13690186 2.4777985 6.549057

1508955566189 GYROSCOPE 0.029785156 -1.7071381 -0.9585724

1508955566192 GRAVITY 3.3423176 4.2516418 8.180638

1508955566195 LINEAR_ACCELERATION -1.1157134 -1.3763537 -4.738823

1508955566198 ROTATION_VECTOR 0.2746063 -0.08657323 0.3380929

1508955566201 MAGNETIC_FIELD 11.270142 -3.90625 -42.23633

1508955566395 GRAVITY 4.784977 4.1441374 7.4900274

1508955566400 LINEAR_ACCELERATION 0.87933445 -0.9304323 6.8333235

1508955566402 ROTATION_VECTOR 0.26585168 -0.21780215 0.159496

1508955566405 ACCELEROMETER 2.4728088 2.6856995 4.181717

1508955566408 GYROSCOPE -0.6452637 -1.3482513 -1.029068

1508955566410 MAGNETIC_FIELD -5.0338745 1.0864258 -45.48645

1508955566581 GRAVITY 5.630548 5.3460674 5.9905667

1508955566586 LINEAR_ACCELERATION 1.946425 -3.8697305 6.767555

1508955566589 ROTATION_VECTOR 0.2592372 -0.3568784 -0.117462985

1508955566592 ACCELEROMETER 6.5882263 3.3307037 15.299698

1508955566596 GYROSCOPE 1.2260742 -1.7477264 -1.4894257

1508955566604 MAGNETIC_FIELD -13.937378 1.3534546 -44.41223

