1508955513942 GYROSCOPE 0.06716919 0.104385376 0.05506897

1508955513945 MAGNETIC_FIELD 12.8341675 -15.7547 -33.83789

1508955513946 GRAVITY -0.5899594 2.5807195 9.442575

1508955513946 LINEAR_ACCELERATION 0.0 0.0 -0.0

1508955513947 ROTATION_VECTOR 0.0 0.0 0.0

1508955514143 ACCELEROMETER -0.5970154 2.6902924 9.777054

1508955514144 GYROSCOPE -0.20413208 -0.33354187 0.04866028

1508955514145 MAGNETIC_FIELD 10.472107 -15.083313 -35.806274

1508955514145 GRAVITY -0.24798414 3.0632215 9.312656

1508955514146 LINEAR_ACCELERATION 0.15812317 -0.043134928 -2.2709851

1508955514146 ROTATION_VECTOR 0.08084499 0.13656782 0.8062633

1508955514343 ACCELEROMETER -0.04888916 2.5236511 5.511673

1508955514344 GYROSCOPE 0.43673706 0.10652161 0.13517761

1508955514344 MAGNETIC_FIELD 10.809326 -15.083313 -34.822083

1508955514345 GRAVITY -0.24596699 3.4825945 9.164138

1508955514346 LINEAR_ACCELERATION -0.44338045 0.33306456 -0.12487602

1508955514346 ROTATION_VECTOR 0.097332835 0.15259531 0.7898478

1508955514544 ACCELEROMETER -0.64645386 3.2447968 7.5510254

1508955514545 GYROSCOPE 0.16436768 0.24003601 -0.2514801

1508955514546 MAGNETIC_FIELD 13.340759 -15.586853 -33.016968

1508955514546 GRAVITY -0.5904608 3.8078606 9.017868

1508955514547 LINEAR_ACCELERATION -0.06224382 -0.033685207 1.4549994

1508955514547 ROTATION_VECTOR 0.08228188 0.18288356 0.8212797

1508955514745 ACCELEROMETER -0.5898285 3.3186493 9.388046

1508955514745 GYROSCOPE -0.028961182 -0.6165924 -0.22904968

1508955514746 MAGNETIC_FIELD 14.015198 -19.622803 -32.032776

1508955514747 GRAVITY -0.44578108 3.8775496 8.996459

1508955514747 LINEAR_ACCELERATION -0.058216512 0.07384968 0.36011124

1508955514748 ROTATION_VECTOR 0.09379639 0.18030664 0.81133366

1508955514880 ACCELEROMETER -0.419281 3.5405579 8.360077

1508955514980 ACCELEROMETER 0.6817322 4.0890656 9.102783

1508955514981 GYROSCOPE -0.06100464 0.026412964 0.07749939

1508955514982 MAGNETIC_FIELD 11.340332 -18.696594 -33.068848

1508955514982 GRAVITY 0.22101483 3.8013241 9.037227

1508955514983 LINEAR_ACCELERATION 0.5006269 0.6169574 1.1086731

1508955514983 ROTATION_VECTOR 0.12482999 0.15377624 0.7955865

1508955515182 ACCELEROMETER 0.84817505 4.210449 8.600082

1508955515182 GYROSCOPE 0.025512695 0.18022156 0.2110138

1508955515183 MAGNETIC_FIELD 10.35614 -18.811035 -32.429504

1508955515183 GRAVITY 0.26308867 3.8602493 9.011085

1508955515183 LINEAR_ACCELERATION 0.6688562 0.6788037 0.06665707

1508955515184 ROTATION_VECTOR 0.12933798 0.1543834 0.7918717

1508955515382 ACCELEROMETER 0.659256 3.8083649 8.564133

1508955515383 GYROSCOPE 0.07998657 0.02748108 0.11167908

1508955515383 MAGNETIC_FIELD 11.248779 -19.584656 -31.968689

1508955515384 GRAVITY 0.25678092 3.9464235 8.973862

1508955515385 LINEAR_ACCELERATION 0.36770073 0.12794828 0.25324535

1508955515385 ROTATION_VECTOR 0.12820901 0.16131599 0.803977

1508955515583 ACCELEROMETER 0.2778473 4.3868866 8.444733

1508955515584 GYROSCOPE 0.46450806 -0.21711731 -0.42771912

1508955515584 MAGNETIC_FIELD 11.431885 -22.595215 -30.345154

1508955515586 GRAVITY 0.28437737 4.46869 8.724696

1508955515586 LINEAR_ACCELERATION -0.088927835 0.4123454 0.23216057

1508955515587 ROTATION_VECTOR 0.1466101 0.18349324 0.79639906

1508955515784 ACCELEROMETER -0.17262268 4.650772 7.773102

1508955515786 GYROSCOPE -1.4719849 0.6865082 0.09138489

1508955515786 MAGNETIC_FIELD 10.48584 -20.40863 -31.825256

1508955515787 LINEAR_ACCELERATION 0.08451483 1.0446787 -0.62132263

1508955515788 GRAVITY -0.288703 3.7034905 9.075858

1508955515788 ROTATION_VECTOR 0.10154483 0.16416053 0.79181284

1508955515985 ACCELEROMETER 0.7558136 3.6093903 9.154907

1508955515986 GYROSCOPE 1.1363525 -0.43180847 -0.44267273

1508955515987 MAGNETIC_FIELD 12.062073 -16.233826 -34.303284

1508955515987 GRAVITY -0.5007042 3.3917274 9.187811

1508955515988 LINEAR_ACCELERATION 1.3856201 0.29676843 0.66410255

1508955515989 ROTATION_VECTOR 0.09218604 0.15183464 0.7575856

1508955516186 ACCELEROMETER 0.37522888 3.9317017 9.556747

1508955516186 GYROSCOPE 0.29574585 -0.0622406 -0.16816711

1508955516187 MAGNETIC_FIELD 12.182617 -18.566895 -33.110046

1508955516188 GRAVITY -0.2284172 4.568444 8.674534

1508955516188 LINEAR_ACCELERATION 0.50245094 -0.19538403 1.3529339

1508955516189 ROTATION_VECTOR 0.15008019 0.1876108 0.72678787

1508955516387 ACCELEROMETER 0.23300171 4.0612946 8.659836

1508955516387 GYROSCOPE -0.064208984 -0.1113739 0.05079651

1508955516388 MAGNETIC_FIELD 12.666321 -18.817139 -31.716919

1508955516389 LINEAR_ACCELERATION 0.3176439 -0.46392202 0.4374733

1508955516389 GRAVITY -0.10455379 4.718775 8.596082

1508955516390 ROTATION_VECTOR 0.15458493 0.1944873 0.74475706

1508955516598 ACCELEROMETER 0.16479492 3.767334 9.115967

1508955516599 GRAVITY 0.022205578 4.617259 8.651636

1508955516600 LINEAR_ACCELERATION 0.14754464 -0.664176 1.0302687

1508955516601 ROTATION_VECTOR 0.1540988 0.18746433 0.7523661

1508955516601 GYROSCOPE 0.035125732 -0.010971069 -0.031448364

1508955516602 MAGNETIC_FIELD 11.807251 -17.544556 -32.62787

1508955516799 GRAVITY 0.2312161 5.4872823 8.124449

1508955516802 LINEAR_ACCELERATION -0.07393521 -0.5868974 -0.44194126

1508955516804 ROTATION_VECTOR 0.19828464 0.21552637 0.7302933

1508955516806 ACCELEROMETER 0.1338501 4.4500427 7.567169

1508955516808 GYROSCOPE 1.0167236 -0.40937805 -0.24720764

1508955516810 MAGNETIC_FIELD 13.464355 -20.43457 -29.600525

1508955516997 ACCELEROMETER 0.14372253 5.2586365 7.8359985

1508955517001 GYROSCOPE -0.6826477 0.40986633 0.14692688

1508955517003 GRAVITY 0.19367115 5.744398 7.9457393

1508955517005 LINEAR_ACCELERATION 0.26466638 -0.020392895 0.40719032

1508955517023 ROTATION_VECTOR 0.20041715 0.23390816 0.7429031

1508955517025 MAGNETIC_FIELD 8.457947 -23.02246 -29.025269

1508955517194 GRAVITY -0.51038915 4.9464507 8.452367

1508955517194 LINEAR_ACCELERATION 1.6148438 0.3853593 1.7241077

1508955517195 ROTATION_VECTOR 0.13664459 0.22444925 0.7682924

1508955517195 ACCELEROMETER 1.2792053 5.2798157 9.545761

1508955517195 GYROSCOPE -0.24899292 0.693985 0.058273315

1508955517196 MAGNETIC_FIELD 11.680603 -20.928955 -31.658936

1508955517396 ROTATION_VECTOR 0.13073167 0.21255231 0.7542894

1508955517396 LINEAR_ACCELERATION 1.1216335 0.08100891 0.5648222

1508955517397 GRAVITY -0.59756595 4.7016125 8.585344

1508955517397 ACCELEROMETER 0.6952667 4.662567 9.075668

1508955517397 GYROSCOPE -0.021484375 -0.56318665 -0.14894104

1508955517398 MAGNETIC_FIELD 14.437866 -19.28711 -30.966187

1508955517597 LINEAR_ACCELERATION 0.8832928 0.0040545464 0.49767494

1508955517597 ROTATION_VECTOR 0.14033526 0.17717099 0.74501806

1508955517598 GRAVITY -0.13018864 4.3162613 8.804733

1508955517598 ACCELEROMETER 0.67944336 4.211273 8.896179

1508955517598 GYROSCOPE -0.39852905 0.026412964 0.025161743

1508955517599 MAGNETIC_FIELD 11.987305 -18.701172 -32.44934

1508955517797 ROTATION_VECTOR 0.12804906 0.16459294 0.7436782

1508955517798 GRAVITY -0.1827777 3.9959855 8.953719

1508955517798 LINEAR_ACCELERATION 1.2364789 0.39424586 0.06855488

1508955517798 ACCELEROMETER 1.0210724 4.242584 8.692749

1508955517799 GYROSCOPE 0.018035889 0.16526794 0.09458923

1508955517799 MAGNETIC_FIELD 10.203552 -18.180847 -33.86383

1508955517998 GRAVITY -0.2259488 4.0180626 8.942846

1508955517999 LINEAR_ACCELERATION 0.8130016 0.021317959 0.22109222

1508955517999 ROTATION_VECTOR 0.12756655 0.16663882 0.74176794

1508955517999 ACCELEROMETER 0.66593933 3.9345245 8.868652

1508955517999 GYROSCOPE 0.008422852 -0.030197144 -0.011154175

1508955518000 MAGNETIC_FIELD 10.614014 -18.02063 -34.228516

1508955518211 ACCELEROMETER 0.72592163 3.988144 9.007309

1508955518218 GRAVITY 0.15271565 4.0537796 8.928267

1508955518220 LINEAR_ACCELERATION 0.61415267 0.03217864 0.28246117

1508955518222 ROTATION_VECTOR 0.14322563 0.15579325 0.7438937

1508955518225 GYROSCOPE 0.07785034 -0.05796814 -0.029312134

1508955518227 MAGNETIC_FIELD 10.85968 -18.417358 -34.28955

1508955518412 ACCELEROMETER 0.438797 3.9411316 9.007935

1508955518419 GRAVITY 0.23516019 4.023367 8.940224

1508955518421 LINEAR_ACCELERATION 0.14496277 -0.046526432 0.16545391

1508955518423 ROTATION_VECTOR 0.14521302 0.15194939 0.7450104

1508955518426 GYROSCOPE -0.055664063 -0.012039185 -0.09980774

1508955518428 MAGNETIC_FIELD 10.769653 -17.660522 -34.202576

1508955518613 ACCELEROMETER 0.7584076 4.218582 8.461624

1508955518619 GRAVITY 0.38144553 4.105294 8.897834

1508955518621 LINEAR_ACCELERATION 0.4690016 0.2511716 -0.29546547

1508955518624 ROTATION_VECTOR 0.1581714 0.14600872 0.725936

1508955518626 GYROSCOPE -0.034301758 0.05418396 -0.039993286

1508955518628 MAGNETIC_FIELD 11.804199 -17.60254 -33.491516

1508955518803 GRAVITY 0.5615421 4.2070274 8.840587

1508955518804 LINEAR_ACCELERATION 0.30652404 0.16152048 -0.11911392

1508955518804 ACCELEROMETER 0.8833008 4.288162 8.485565

1508955518805 ROTATION_VECTOR 0.17166562 0.14066423 0.71235067

1508955518806 GYROSCOPE 0.04901123 -0.08894348 0.019821167

1508955518806 MAGNETIC_FIELD 11.204529 -17.044067 -33.595276

1508955519002 GRAVITY 0.65069675 4.2349343 8.821129

1508955519003 LINEAR_ACCELERATION -0.0678522 -0.05400753 0.04449272

1508955519004 ROTATION_VECTOR 0.17512254 0.13992748 0.7169153

1508955519011 ACCELEROMETER 0.5957794 4.1042175 8.675705

1508955519014 GYROSCOPE 0.016967773 -0.05155945 -0.018630981

1508955519016 MAGNETIC_FIELD 11.151123 -17.97638 -34.092712

1508955519203 ACCELEROMETER 0.5793152 4.137985 8.563278

1508955519203 GYROSCOPE -0.07168579 0.06593323 -0.016494751

1508955519204 MAGNETIC_FIELD 11.390686 -17.333984 -34.529114

1508955519204 GRAVITY 0.624255 4.22086 8.829781

1508955519204 LINEAR_ACCELERATION -0.0010442734 0.040080547 -0.07721996

1508955519205 ROTATION_VECTOR 0.17403603 0.13970657 0.7148601

1508955519401 ACCELEROMETER 0.713501 4.2065125 8.4774475

1508955519402 GYROSCOPE 0.074645996 -0.047286987 0.014480591

1508955519403 MAGNETIC_FIELD 11.628723 -17.837524 -33.384705

1508955519404 GRAVITY 0.64190423 4.25686 8.8112135

1508955519404 LINEAR_ACCELERATION 0.06537813 0.044764996 -0.077596664

1508955519405 ROTATION_VECTOR 0.17652403 0.13997284 0.71240747

1508955519609 GRAVITY 0.6706735 4.2730613 8.801223

1508955519612 ACCELEROMETER 0.5984192 4.0748444 8.588974

1508955519614 ROTATION_VECTOR 0.17729782 0.1408119 0.7167173

1508955519616 LINEAR_ACCELERATION -0.060670435 -0.08060503 0.020259857

1508955519619 GYROSCOPE -0.014007568 -0.01524353 -0.0047454834

1508955519622 MAGNETIC_FIELD 11.514282 -17.253113 -33.807373

1508955519808 ACCELEROMETER 0.5488281 4.052124 8.582245

1508955519810 GYROSCOPE -0.032165527 0.07875061 -0.03465271

1508955519812 MAGNETIC_FIELD 10.838318 -17.248535 -34.34906

1508955519815 GRAVITY 0.5908276 4.2170353 8.833907

1508955519817 LINEAR_ACCELERATION -0.013682485 -0.039288998 0.0076646805

1508955519819 ROTATION_VECTOR 0.17147706 0.14209747 0.7201735

1508955520013 GRAVITY 0.64996547 4.230781 8.823175

1508955520017 LINEAR_ACCELERATION 0.18188167 0.07264805 -0.030345917

1508955520020 ROTATION_VECTOR 0.17567246 0.13886125 0.7134627

1508955520024 ACCELEROMETER 0.7992554 4.178894 8.540665

1508955520026 GYROSCOPE 0.0073547363 -0.054763794 0.0048675537

1508955520028 MAGNETIC_FIELD 11.566162 -17.240906 -33.972168

1508955520209 ACCELEROMETER 0.5396118 4.057266 8.642242

1508955520212 GYROSCOPE -0.010803223 0.023208618 5.950928E-4

1508955520216 MAGNETIC_FIELD 11.451721 -17.741394 -33.64563

1508955520218 GRAVITY 0.6285682 4.20087 8.839004

1508955520220 LINEAR_ACCELERATION -0.09907311 -0.042988777 0.050011635

1508955520222 ROTATION_VECTOR 0.17284355 0.13950399 0.71790874

1508955520414 GRAVITY 0.54249775 4.2552032 8.818692

1508955520420 LINEAR_ACCELERATION 0.012948096 0.053901672 -0.062223434

1508955520422 ACCELEROMETER 0.5223694 4.171936 8.520691

1508955520425 ROTATION_VECTOR 0.17189994 0.14429916 0.7158984

1508955520427 GYROSCOPE 0.031921387 0.07661438 -0.01222229

1508955520429 MAGNETIC_FIELD 11.315918 -17.60559 -33.673096

1508955520614 GRAVITY 0.6238824 4.3562098 8.7638235

1508955520620 LINEAR_ACCELERATION 0.22477418 0.031809807 -0.005665779

1508955520622 ROTATION_VECTOR 0.17827743 0.14624137 0.7175516

1508955520625 ACCELEROMETER 0.83062744 4.271164 8.515091

1508955520627 GYROSCOPE 0.070373535 -0.03126526 0.027297974

1508955520629 MAGNETIC_FIELD 12.322998 -19.282532 -34.6817

1508955520818 ACCELEROMETER 0.6233673 4.1003723 8.775101

1508955520822 GRAVITY 0.70147616 4.342864 8.76458

1508955520824 LINEAR_ACCELERATION -0.068902254 -0.16188669 0.21178532

1508955520826 ROTATION_VECTOR 0.1779319 0.14653005 0.73044467

1508955520829 GYROSCOPE 0.041534424 -0.08039856 0.017684937

1508955520831 MAGNETIC_FIELD 12.521362 -17.175293 -33.34961

1508955521018 ACCELEROMETER 0.4571991 3.949051 8.8715515

1508955521023 GRAVITY 0.6515012 4.201218 8.837177

1508955521025 LINEAR_ACCELERATION -0.20381314 -0.19193983 0.20623493

1508955521027 ROTATION_VECTOR 0.1682573 0.14532326 0.74283093

1508955521029 GYROSCOPE -0.07168579 7.7819824E-4 -0.047470093

1508955521031 MAGNETIC_FIELD 12.016296 -16.95404 -33.883667

1508955521213 GRAVITY 0.6335488 4.1331367 8.870523

1508955521217 LINEAR_ACCELERATION 0.07243961 0.05508709 -0.0015039444

1508955521220 ROTATION_VECTOR 0.16764957 0.14008144 0.7319413

1508955521222 ACCELEROMETER 0.67041016 4.1030884 8.745529

1508955521224 GYROSCOPE -0.03643799 0.017868042 -0.0410614

1508955521226 MAGNETIC_FIELD 11.326599 -15.664673 -34.29718

1508955521420 GRAVITY 0.60718644 4.072917 8.900172

1508955521425 ACCELEROMETER 0.5216522 3.890976 8.788422

1508955521427 LINEAR_ACCELERATION -0.08689529 -0.13534927 0.054784775

1508955521429 ROTATION_VECTOR 0.16447489 0.13843964 0.7321964

1508955521432 GYROSCOPE 0.041534424 -0.047286987 0.019821167

1508955521434 MAGNETIC_FIELD 11.611938 -17.100525 -34.32617

1508955521620 ACCELEROMETER 0.4660492 3.792511 8.862915

1508955521624 GRAVITY 0.57462704 3.9882107 8.940602

1508955521626 LINEAR_ACCELERATION -0.098733425 -0.12936306 0.058252335

1508955521628 ROTATION_VECTOR 0.15922098 0.13713072 0.73714036

1508955521635 GYROSCOPE -0.0652771 0.020004272 -0.03678894

1508955521636 MAGNETIC_FIELD 11.611938 -16.719055 -35.19287

1508955521813 GRAVITY 0.57958156 3.9628778 8.95154

1508955521814 LINEAR_ACCELERATION 0.119027615 0.05667925 -0.034772873

1508955521815 ROTATION_VECTOR 0.16009672 0.13404296 0.72971314

1508955521816 ACCELEROMETER 0.67419434 3.937622 8.760651

1508955521816 GYROSCOPE 0.0020141602 0.024276733 -0.002609253

1508955521817 MAGNETIC_FIELD 12.339783 -16.726685 -35.577393

1508955522013 GRAVITY 0.6259542 4.023955 8.921119

1508955522014 LINEAR_ACCELERATION 0.051368177 0.05843091 -0.048342705

1508955522020 ROTATION_VECTOR 0.16550387 0.13325919 0.7225341

1508955522022 ACCELEROMETER 0.66918945 4.0111847 8.728683

1508955522025 GYROSCOPE 0.030853271 -0.032333374 0.033706665

1508955522027 MAGNETIC_FIELD 11.860657 -16.569519 -33.58612

1508955522226 ACCELEROMETER 0.51763916 3.8889923 8.765167

1508955522232 GRAVITY 0.34357902 3.8061337 9.031372

1508955522235 LINEAR_ACCELERATION 0.17675278 0.14928532 -0.09176445

1508955522237 ROTATION_VECTOR 0.14608788 0.13485733 0.7268075

1508955522239 GYROSCOPE -0.35580444 0.48997498 0.06895447

1508955522242 MAGNETIC_FIELD 12.055969 -17.237854 -34.788513

1508955522428 ACCELEROMETER -0.31159973 3.76062 8.704147

1508955522434 GRAVITY -0.33074602 3.7879205 9.039505

1508955522437 LINEAR_ACCELERATION -0.020385087 0.0599339 -0.13858795

1508955522439 ROTATION_VECTOR 0.11938105 0.15767586 0.7270839

1508955522441 GYROSCOPE 0.28399658 0.2816925 0.03904724

1508955522444 MAGNETIC_FIELD 14.051819 -16.600037 -33.869934

1508955522627 GRAVITY -0.3502548 4.1849694 8.861926

1508955522633 LINEAR_ACCELERATION -0.073108524 -0.120996475 -0.15051365

1508955522635 ROTATION_VECTOR 0.13150038 0.17571329 0.72962713

1508955522638 ACCELEROMETER -0.37974548 3.9559784 8.490952

1508955522640 GYROSCOPE 0.1590271 -0.23847961 0.021957397

1508955522642 MAGNETIC_FIELD 14.103699 -18.377686 -32.63092

1508955522828 ACCELEROMETER 0.193573 4.198349 8.749268

1508955522835 GRAVITY 0.046302136 4.485525 8.720568

1508955522837 LINEAR_ACCELERATION 0.19728753 -0.16090393 0.26986504

1508955522839 ROTATION_VECTOR 0.15591851 0.17625038 0.7345622

1508955522842 GYROSCOPE 0.19641113 -0.20429993 -0.025039673

1508955522844 MAGNETIC_FIELD 13.128662 -20.004272 -32.289124

1508955523028 ACCELEROMETER 0.41877747 4.4805603 8.512695

1508955523034 GRAVITY 0.2409181 4.675915 8.616737

1508955523037 LINEAR_ACCELERATION 0.19540505 -0.068030834 0.07998562

1508955523039 ROTATION_VECTOR 0.16958399 0.17863351 0.73629856

1508955523042 GYROSCOPE 0.027648926 -0.030197144 -0.016494751

1508955523044 MAGNETIC_FIELD 12.117004 -19.28711 -32.006836

1508955523230 ACCELEROMETER 0.30177307 4.5794067 8.3181305

1508955523236 GRAVITY 0.2951034 4.7252817 8.588074

1508955523239 LINEAR_ACCELERATION 0.004553765 -0.031478405 -0.04657364

1508955523241 ROTATION_VECTOR 0.17293999 0.17950447 0.73794675

1508955523243 GYROSCOPE 0.029785156 -0.03340149 0.014480591

1508955523245 MAGNETIC_FIELD 12.496948 -18.804932 -31.233215

1508955523430 ACCELEROMETER 0.22566223 4.524826 8.530899

1508955523437 GRAVITY 0.32743907 4.707682 8.596563

1508955523439 LINEAR_ACCELERATION -0.09941059 -0.08472872 0.11984062

1508955523441 ROTATION_VECTOR 0.17148192 0.17969756 0.74549097

1508955523443 GYROSCOPE 0.02017212 -0.028060913 0.05293274

1508955523446 MAGNETIC_FIELD 12.327576 -19.28711 -32.32727

1508955523617 ACCELEROMETER 0.26245117 4.532425 8.495544

1508955523619 GYROSCOPE -0.09197998 -0.06758118 -0.25575256

1508955523621 MAGNETIC_FIELD 12.68158 -18.725586 -32.595825

1508955523622 GRAVITY 0.30026177 4.6381726 8.635252

1508955523623 LINEAR_ACCELERATION -0.026790112 -0.013266563 0.03732395

1508955523624 ROTATION_VECTOR 0.16933855 0.17620762 0.7411037

1508955523821 ACCELEROMETER -0.5189667 3.1354828 11.292145

1508955523827 GRAVITY -0.115801886 4.271502 8.826735

1508955523830 LINEAR_ACCELERATION -0.4320185 -1.126246 2.5747242

1508955523832 ROTATION_VECTOR 0.14345765 0.17141086 0.7302357

1508955523837 GYROSCOPE -0.22122192 0.19624329 -0.34761047

1508955523840 MAGNETIC_FIELD 15.452576 -17.767334 -31.303406

1508955524022 ACCELEROMETER -0.10899353 5.453949 9.894638

1508955524028 GYROSCOPE -1.6268616 0.7933197 0.3936615

1508955524030 MAGNETIC_FIELD 16.403198 -20.84198 -29.481506

1508955524032 GRAVITY -0.9801919 2.703252 9.375608

1508955524035 LINEAR_ACCELERATION 0.8845254 2.8160396 0.5707855

1508955524062 ROTATION_VECTOR 0.057070293 0.13682097 0.7282867

1508955524225 ACCELEROMETER 0.10185242 4.753937 7.973999

1508955524230 GYROSCOPE -0.59399414 0.1898346 -0.07417297

1508955524247 MAGNETIC_FIELD 13.897705 -18.115234 -33.114624

1508955524254 GRAVITY -1.7680633 0.8035609 9.612421

1508955524259 LINEAR_ACCELERATION 1.8496736 3.9369993 -1.5440903

1508955524260 ROTATION_VECTOR -0.03639531 0.09261929 0.7144868

1508955524417 ACCELEROMETER 0.51919556 4.1442566 7.533188

1508955524418 GYROSCOPE -0.11227417 -0.37413025 -0.593277

1508955524418 MAGNETIC_FIELD 16.191101 -14.7872925 -33.17566

1508955524419 GRAVITY -1.549358 0.2144432 9.681109

1508955524419 LINEAR_ACCELERATION 2.039115 3.935872 -1.9300604

1508955524420 ROTATION_VECTOR -0.04467384 0.066370286 0.6647151

1508955524629 ACCELEROMETER 1.3782654 3.6718597 7.6790466

1508955524635 GYROSCOPE -0.416687 -0.89964294 -1.5086517

1508955524639 MAGNETIC_FIELD 16.712952 -10.577393 -36.602783

1508955524653 GRAVITY -0.23043941 -0.41427627 9.795186

1508955524671 LINEAR_ACCELERATION 1.6074429 4.0653553 -1.7716541

1508955524671 ROTATION_VECTOR -0.024049547 -0.0024801344 0.5730183

1508955524819 ACCELEROMETER 2.3819275 1.7734985 6.8419037

1508955524820 GYROSCOPE 0.44100952 -1.0972443 -1.8547211

1508955524821 MAGNETIC_FIELD 13.0355835 -1.8432617 -42.17682

1508955524821 GRAVITY 1.9292252 -0.33395535 9.609212

1508955524822 LINEAR_ACCELERATION 0.541394 2.0818858 -2.3187618

1508955524822 ROTATION_VECTOR 0.024775278 -0.097225204 0.40653685

1508955525031 GRAVITY 3.846802 0.7589498 8.988687

1508955525040 LINEAR_ACCELERATION -3.8213875 1.7809682 0.15921307

1508955525043 ROTATION_VECTOR 0.08154597 -0.18722917 0.20978168

1508955525047 GYROSCOPE -0.066345215 -1.1517181 -1.36232

1508955525123 ACCELEROMETER -0.17913818 2.4989166 8.664902

1508955525131 MAGNETIC_FIELD 2.871704 -0.7888794 -44.17267

1508955525233 GRAVITY 6.5462785 2.8227305 6.7341537

1508955525237 LINEAR_ACCELERATION -0.47860146 2.7560885 -1.5809093

1508955525241 GYROSCOPE 0.760376 -2.8703156 -2.1399078

1508955525244 ROTATION_VECTOR 0.15744635 -0.36313134 0.0018440206

1508955525325 ACCELEROMETER 5.6815796 5.429428 4.791214

1508955525330 MAGNETIC_FIELD -10.992432 -0.77667236 -45.80078

1508955525431 GRAVITY 7.8300176 4.5929465 3.7102637

1508955525437 LINEAR_ACCELERATION 2.458156 4.645559 -3.890399

1508955525440 GYROSCOPE 0.25408936 -0.4478302 0.70555115

1508955525443 ROTATION_VECTOR 0.22452207 -0.5103127 -0.09609416

1508955525526 ACCELEROMETER 10.009338 8.995926 -0.32469177

1508955525530 MAGNETIC_FIELD -27.877808 -4.8309326 -37.898254

1508955525631 GRAVITY 7.718879 6.0433507 0.25923762

1508955525637 LINEAR_ACCELERATION 9.01707 -4.99698 9.122304

1508955525640 GYROSCOPE 1.473877 -3.5175934 -2.465683

1508955525642 ROTATION_VECTOR 0.12478601 -0.6864481 -0.33362323

1508955525727 ACCELEROMETER 16.357697 1.0039978 9.308319

1508955525736 MAGNETIC_FIELD -30.618286 -17.628479 -22.439575

1508955525832 GRAVITY 3.036678 7.280527 -5.8260536

1508955525839 GYROSCOPE 1.7953796 -4.2791595 0.98539734

1508955525842 LINEAR_ACCELERATION -7.187566 4.3841314 10.336838

1508955525845 ROTATION_VECTOR 0.029752282 -0.8922785 -0.40977615

1508955525929 ACCELEROMETER -4.242737 11.276993 4.6991425

1508955525933 MAGNETIC_FIELD -27.822876 -27.960205 2.8060913

