1508955530890 GYROSCOPE -0.031097412 0.015731812 0.22062683

1508955530893 MAGNETIC_FIELD 13.510132 -15.083313 -36.13434

1508955530894 LINEAR_ACCELERATION 0.0 0.0 -0.0

1508955530894 GRAVITY 0.7717143 4.687341 8.579258

1508955530895 ROTATION_VECTOR 0.0 0.0 0.0

1508955531091 ACCELEROMETER 0.6949005 4.352707 8.575272

1508955531092 GYROSCOPE 0.19854736 -0.005630493 -0.03892517

1508955531092 MAGNETIC_FIELD 9.965515 -15.586853 -34.657288

1508955531093 GRAVITY 0.98264927 4.575499 8.617981

1508955531094 LINEAR_ACCELERATION 0.17444044 0.009289265 0.5472107

1508955531094 ROTATION_VECTOR 0.2152187 0.11952479 0.63799924

1508955531291 ACCELEROMETER 1.1484528 4.557785 8.548401

1508955531293 GYROSCOPE 0.61083984 0.29344177 0.18858337

1508955531293 MAGNETIC_FIELD 12.496948 -18.10913 -32.852173

1508955531294 GRAVITY 0.7110228 5.073821 8.361888

1508955531294 LINEAR_ACCELERATION -0.2183379 -0.46397638 0.013918877

1508955531294 ROTATION_VECTOR 0.22007628 0.15883575 0.666119

1508955531492 ACCELEROMETER 0.72888184 4.775238 8.211517

1508955531493 GYROSCOPE -0.12615967 0.10652161 -0.17671204

1508955531493 MAGNETIC_FIELD 13.6779785 -21.977234 -29.736328

1508955531493 GRAVITY 0.51676905 5.464607 8.126587

1508955531494 LINEAR_ACCELERATION 0.36544952 -0.020213127 0.008125782

1508955531495 ROTATION_VECTOR 0.21956854 0.19351758 0.6969759

1508955531693 ACCELEROMETER 0.4987793 5.0504 8.061752

1508955531694 GYROSCOPE 0.045806885 -0.014175415 0.082839966

1508955531695 MAGNETIC_FIELD 13.340759 -20.631409 -29.0802

1508955531695 GRAVITY 0.42892852 5.351792 8.206384

1508955531695 LINEAR_ACCELERATION 0.16235182 -0.0821867 0.3036995

1508955531696 ROTATION_VECTOR 0.20577562 0.19810927 0.7176945

1508955531929 ACCELEROMETER 0.6191864 5.1897125 8.075745

1508955531930 GYROSCOPE 0.013763428 -0.09855652 -0.05921936

1508955531930 MAGNETIC_FIELD 12.281799 -20.924377 -29.690552

1508955531931 GRAVITY 0.5446005 5.385737 8.177263

1508955531931 LINEAR_ACCELERATION -0.038151383 -0.10915661 0.073848724

1508955531932 ROTATION_VECTOR 0.21283048 0.19436768 0.713594

1508955532131 ACCELEROMETER 0.4822235 5.1206512 8.088455

1508955532131 GYROSCOPE -0.048187256 -0.07505798 -0.07737732

1508955532132 MAGNETIC_FIELD 12.957764 -21.134949 -29.818726

1508955532132 GRAVITY 0.546161 5.2966723 8.235129

1508955532133 LINEAR_ACCELERATION -0.120155156 -0.024796009 0.2607031

1508955532133 ROTATION_VECTOR 0.20910269 0.19079131 0.7157162

1508955532331 ACCELEROMETER 0.4372406 5.227234 8.267517

1508955532332 GYROSCOPE 0.018035889 0.013595581 -0.11369324

1508955532332 MAGNETIC_FIELD 12.182617 -20.523071 -30.859375

1508955532333 GRAVITY 0.49497256 5.341765 8.209198

1508955532333 LINEAR_ACCELERATION -0.0064294636 0.059426308 -0.16803074

1508955532334 ROTATION_VECTOR 0.21337722 0.18951923 0.69985396

1508955532532 ACCELEROMETER 0.45780945 5.2397003 7.89888

1508955532533 GYROSCOPE -0.027893066 0.024276733 -0.021835327

1508955532533 MAGNETIC_FIELD 12.359619 -20.527649 -31.466675

1508955532534 GRAVITY 0.49877766 5.341393 8.20921

1508955532535 LINEAR_ACCELERATION 0.21735176 0.07575846 0.098555565

1508955532535 ROTATION_VECTOR 0.215381 0.18723728 0.6933187

1508955532733 ACCELEROMETER 0.785141 5.3647766 8.175049

1508955532735 GYROSCOPE -0.008666992 0.024276733 -0.047470093

1508955532737 GRAVITY 0.519841 5.335628 8.211653

1508955532737 LINEAR_ACCELERATION 0.19569182 0.060992718 -0.008073807

1508955532738 MAGNETIC_FIELD 13.009644 -20.768738 -31.045532

1508955532739 ROTATION_VECTOR 0.21729396 0.18467702 0.68860656

1508955532934 ACCELEROMETER 0.6802063 5.301361 8.091873

1508955532935 GYROSCOPE 0.02658081 -0.083602905 -0.03251648

1508955532935 MAGNETIC_FIELD 13.37738 -20.654297 -29.386902

1508955532936 GRAVITY 0.62440145 5.374037 8.179256

1508955532937 LINEAR_ACCELERATION 0.19636327 0.056921482 -0.011399269

1508955532937 ROTATION_VECTOR 0.22356476 0.18163915 0.68559295

1508955533135 ACCELEROMETER 0.8286133 5.374893 7.956787

1508955533136 GYROSCOPE -0.02041626 -0.13700867 -0.14894104

1508955533136 MAGNETIC_FIELD 12.5442505 -21.377563 -30.133057

1508955533137 GRAVITY 0.71515304 5.4521704 8.119901

1508955533138 LINEAR_ACCELERATION 0.005703807 0.049934387 -0.19319057

1508955533138 ROTATION_VECTOR 0.2332817 0.17770746 0.6733207

1508955533336 ACCELEROMETER 0.6938019 5.4247894 7.8407135

1508955533337 GYROSCOPE -0.14645386 -0.06651306 -0.16389465

1508955533338 MAGNETIC_FIELD 12.229919 -20.393372 -29.777527

1508955533338 GRAVITY 0.79312766 5.481951 8.092562

1508955533339 LINEAR_ACCELERATION 0.14760715 0.19879532 -0.33837366

1508955533340 ROTATION_VECTOR 0.24402292 0.16687426 0.64660466

1508955533545 ACCELEROMETER 0.8574524 5.469345 7.330948

1508955533547 GRAVITY 1.0631627 5.350188 8.149574

1508955533547 LINEAR_ACCELERATION -0.01915884 0.3442874 0.08479118

1508955533547 ROTATION_VECTOR 0.25591838 0.13781558 0.6091587

1508955533548 GYROSCOPE -0.17956543 -0.5888214 -0.2856598

1508955533548 MAGNETIC_FIELD 13.082886 -20.039368 -29.792786

1508955533743 GRAVITY 1.2063223 5.346891 8.131785

1508955533743 ACCELEROMETER 1.0158997 5.588028 8.321838

1508955533744 LINEAR_ACCELERATION -0.72623277 -0.10000849 0.27682304

1508955533744 ROTATION_VECTOR 0.2698623 0.11211016 0.55227244

1508955533746 GYROSCOPE 0.18359375 -0.5322113 -0.44480896

1508955533748 MAGNETIC_FIELD 13.642883 -17.858887 -32.36084

1508955533949 ROTATION_VECTOR 0.27260715 0.08862603 0.47987172

1508955533952 GRAVITY 1.1244062 5.2675815 8.195041

1508955533954 LINEAR_ACCELERATION -0.28485572 0.029401302 -0.6893101

1508955533956 ACCELEROMETER 0.55300903 5.1911774 8.035187

1508955533958 GYROSCOPE -0.444458 -0.25022888 -0.87098694

1508955533960 MAGNETIC_FIELD 12.347412 -17.437744 -34.2041

1508955534150 GRAVITY 0.9731564 5.077543 8.333181

1508955534153 LINEAR_ACCELERATION 0.29079646 0.5205593 -0.024711609

1508955534155 ROTATION_VECTOR 0.26574913 0.06710735 0.40676528

1508955534158 ACCELEROMETER 0.94659424 5.322006 7.578537

1508955534160 GYROSCOPE 0.06930542 -0.32499695 -0.3486786

1508955534162 MAGNETIC_FIELD 14.048767 -13.137817 -35.751343

1508955534350 GRAVITY 1.0915648 5.239829 8.217242

1508955534353 LINEAR_ACCELERATION 0.13911521 0.43291235 -0.8718872

1508955534355 ROTATION_VECTOR 0.27946848 0.054172307 0.37052256

1508955534358 ACCELEROMETER 1.1902313 5.4689636 7.991913

1508955534360 GYROSCOPE 0.031921387 -0.063308716 -0.07203674

1508955534362 MAGNETIC_FIELD 13.072205 -11.445618 -35.864258

1508955534551 ACCELEROMETER 1.3054047 5.6550903 7.430084

1508955534556 GRAVITY 1.091487 5.45151 8.078372

1508955534562 LINEAR_ACCELERATION 0.35260344 0.3111019 -0.56193256

1508955534565 ROTATION_VECTOR 0.29138663 0.056670282 0.36277905

1508955534567 GYROSCOPE 0.16223145 -0.08039856 -0.19059753

1508955534569 MAGNETIC_FIELD 13.621521 -12.615967 -36.724854

1508955534752 GRAVITY 1.0277525 5.651769 7.948057

1508955534757 LINEAR_ACCELERATION -0.47751534 0.04570675 -0.22290325

1508955534762 ROTATION_VECTOR 0.30113187 0.06388629 0.36078888

1508955534764 ACCELEROMETER 1.23703 5.621994 7.247925

1508955534767 GYROSCOPE 0.047943115 -0.018447876 -0.025039673

1508955534769 MAGNETIC_FIELD 14.196777 -12.533569 -36.297607

1508955534952 GRAVITY 0.9284505 5.7477527 7.8912425

1508955534955 LINEAR_ACCELERATION -0.07709837 0.05694008 0.08587074

1508955534958 ROTATION_VECTOR 0.30393714 0.07266937 0.36539277

1508955534960 ACCELEROMETER 0.56095886 5.6410065 7.66597

1508955534962 GYROSCOPE 0.059692383 0.063797 -0.078445435

1508955534964 MAGNETIC_FIELD 12.8967285 -12.025452 -37.026978

1508955535161 ACCELEROMETER 0.81591797 5.7103577 7.757553

1508955535167 GRAVITY 0.82468885 5.9269757 7.769249

1508955535170 LINEAR_ACCELERATION -0.03872651 0.05827999 -0.24239874

1508955535172 ROTATION_VECTOR 0.31192902 0.081109956 0.36221695

1508955535174 GYROSCOPE 0.054351807 -0.024856567 -0.025039673

1508955535176 MAGNETIC_FIELD 13.601685 -11.8133545 -36.245728

1508955535353 GRAVITY 0.8366313 6.010548 7.7034893

1508955535358 LINEAR_ACCELERATION 0.009246707 0.05871916 -0.084545135

1508955535360 ROTATION_VECTOR 0.31500727 0.08945266 0.38095254

1508955535363 ACCELEROMETER 0.7645111 5.8314667 7.269699

1508955535365 GYROSCOPE 0.0020141602 0.015731812 0.023025513

1508955535367 MAGNETIC_FIELD 14.953613 -13.642883 -36.367798

1508955535561 GRAVITY 0.8511708 6.054319 7.6675363

1508955535567 ACCELEROMETER 0.82666016 5.942444 7.452057

1508955535569 LINEAR_ACCELERATION 0.064597905 0.096058846 0.07932663

1508955535572 ROTATION_VECTOR 0.3165344 0.09418289 0.39251682

1508955535574 GYROSCOPE 0.04473877 0.014663696 -0.0058135986

1508955535576 MAGNETIC_FIELD 13.879395 -12.341309 -36.720276

1508955535760 GRAVITY 0.78151655 6.1184893 7.623891

1508955535766 LINEAR_ACCELERATION -0.010704815 -0.11785412 -0.11533308

1508955535769 ROTATION_VECTOR 0.3171799 0.10337639 0.40333745

1508955535771 ACCELEROMETER 0.905838 5.9857025 7.550522

1508955535773 GYROSCOPE 0.045806885 0.05418396 -0.023971558

1508955535775 MAGNETIC_FIELD 14.691162 -13.02948 -36.930847

1508955535960 GRAVITY 0.72813326 6.1212687 7.626944

1508955535967 LINEAR_ACCELERATION 0.054300606 -0.018871784 0.17022991

1508955535969 ROTATION_VECTOR 0.31405053 0.11183174 0.41896605

1508955535971 ACCELEROMETER 0.71650696 5.8249207 7.353348

1508955535973 GYROSCOPE 0.016967773 -0.0024261475 -0.03678894

1508955535976 MAGNETIC_FIELD 14.689636 -13.569641 -35.96649

1508955536171 GRAVITY 0.6761827 6.1567473 7.6031322

1508955536177 LINEAR_ACCELERATION -0.1329155 -0.042530537 -0.09117031

1508955536179 ACCELEROMETER 0.7019806 5.9446106 7.478607

1508955536181 ROTATION_VECTOR 0.3146648 0.11547375 0.41919956

1508955536183 GYROSCOPE 0.010559082 -0.03340149 0.01234436

1508955536186 MAGNETIC_FIELD 15.534973 -12.562561 -35.958862

1508955536361 GRAVITY 0.6777546 6.151535 7.60721

1508955536364 LINEAR_ACCELERATION -0.031649172 0.001917839 0.11843777

1508955536367 ROTATION_VECTOR 0.31365168 0.117315166 0.424766

1508955536369 ACCELEROMETER 0.5573273 5.9581757 7.3960876

1508955536371 GYROSCOPE 0.019104004 -2.89917E-4 -0.019699097

1508955536373 MAGNETIC_FIELD 16.220093 -12.733459 -35.49652

1508955536563 GRAVITY 0.63955116 6.1522493 7.60994

1508955536569 LINEAR_ACCELERATION -0.044361115 -0.010928631 -0.03524542

1508955536572 ACCELEROMETER 0.60131836 5.9911957 7.4867706

1508955536574 ROTATION_VECTOR 0.31287572 0.11878475 0.4237671

1508955536577 GYROSCOPE -0.027893066 0.00932312 0.0037994385

1508955536579 MAGNETIC_FIELD 14.241028 -12.640381 -35.23407

1508955536763 GRAVITY 0.631452 6.11553 7.640154

1508955536769 LINEAR_ACCELERATION -0.010099351 0.027448177 0.066011906

1508955536771 ROTATION_VECTOR 0.3094643 0.121212244 0.43235198

1508955536773 ACCELEROMETER 0.60014343 6.001663 7.381668

1508955536776 GYROSCOPE -0.010803223 -0.01524353 -0.01222229

1508955536778 MAGNETIC_FIELD 16.21399 -14.741516 -35.13031

1508955536965 GRAVITY 0.66253906 6.1220393 7.632304

1508955536971 LINEAR_ACCELERATION 0.038761318 0.02134943 -0.045928955

1508955536973 ROTATION_VECTOR 0.31070337 0.11968377 0.4316525

1508955536975 ACCELEROMETER 0.6535187 6.007019 7.4983826

1508955536977 GYROSCOPE -0.0054626465 -0.020584106 -0.015426636

1508955536980 MAGNETIC_FIELD 15.466309 -13.146973 -35.87799

1508955537160 GRAVITY 0.667574 6.0844984 7.6618285

1508955537168 LINEAR_ACCELERATION -0.040332258 0.03154421 0.08271456

1508955537171 ROTATION_VECTOR 0.30883455 0.11822311 0.43150353

1508955537173 ACCELEROMETER 0.64068604 5.9645844 7.4305725

1508955537175 GYROSCOPE -0.033233643 -0.038742065 -0.01222229

1508955537178 MAGNETIC_FIELD 14.613342 -14.013672 -35.35919

1508955537361 GRAVITY 0.6961433 6.073515 7.6679974

1508955537368 LINEAR_ACCELERATION 0.0038625002 0.0023460388 -0.07304096

1508955537370 ROTATION_VECTOR 0.3095126 0.11507774 0.42755497

1508955537373 ACCELEROMETER 0.63760376 6.001541 7.5749664

1508955537375 GYROSCOPE -0.007598877 -0.014175415 -0.0143585205

1508955537377 MAGNETIC_FIELD 14.691162 -12.924194 -35.81848

1508955537563 GRAVITY 0.71563417 6.062938 7.674571

1508955537570 LINEAR_ACCELERATION -0.023627877 -0.01154232 -0.026284695

1508955537572 ROTATION_VECTOR 0.30935726 0.11403453 0.428113

1508955537575 ACCELEROMETER 0.66189575 5.898773 7.451065

1508955537577 GYROSCOPE -0.009735107 -0.018447876 0.023025513

1508955537580 MAGNETIC_FIELD 14.926147 -13.446045 -35.849

1508955537763 GRAVITY 0.7383318 6.0307374 7.697757

1508955537770 LINEAR_ACCELERATION -0.04671687 -0.016825676 0.13064337

1508955537772 ROTATION_VECTOR 0.30727047 0.11449232 0.43498677

1508955537775 ACCELEROMETER 0.68333435 5.9199677 7.538864

1508955537777 GYROSCOPE 0.018035889 -0.023788452 0.005935669

1508955537779 MAGNETIC_FIELD 16.05072 -13.244629 -35.45685

1508955537966 GRAVITY 0.7263523 6.054488 7.6802325

1508955537972 LINEAR_ACCELERATION -0.03900546 -0.010199547 -0.013451576

1508955537975 ACCELEROMETER 0.6994629 5.8995514 7.567993

1508955537977 ROTATION_VECTOR 0.30839947 0.11535548 0.43379298

1508955537979 GYROSCOPE 0.009490967 -0.0013580322 -0.026107788

1508955537981 MAGNETIC_FIELD 14.131165 -13.685608 -36.22589

1508955538164 GRAVITY 0.66751397 6.019832 7.7127447

1508955538167 LINEAR_ACCELERATION -0.07271826 -0.03642559 0.06732941

1508955538169 ROTATION_VECTOR 0.30485836 0.11756211 0.4351684

1508955538172 ACCELEROMETER 0.61701965 5.9028625 7.5213623

1508955538175 GYROSCOPE -0.02468872 -0.012039185 -0.025039673

1508955538177 MAGNETIC_FIELD 15.101624 -13.308716 -35.85968

1508955538367 GRAVITY 0.6224749 6.016281 7.7192793

1508955538370 LINEAR_ACCELERATION -0.010960162 0.031311035 -0.013559818

1508955538374 ROTATION_VECTOR 0.30380794 0.1188572 0.43317226

1508955538376 ACCELEROMETER 0.6218567 5.8708496 7.6191406

1508955538378 GYROSCOPE -0.0022583008 0.017868042 -0.03251648

1508955538381 MAGNETIC_FIELD 15.142822 -13.195801 -36.37085

1508955538585 GRAVITY 0.63017714 6.0491986 7.692884

1508955538605 LINEAR_ACCELERATION 0.042821348 0.028935432 -0.05132246

1508955538607 ROTATION_VECTOR 0.30541402 0.12039256 0.43559375

1508955538609 ACCELEROMETER 0.6098175 5.971924 7.5611877

1508955538611 GYROSCOPE 0.014831543 -0.026992798 -0.0036773682

1508955538613 MAGNETIC_FIELD 15.4296875 -13.33313 -34.753418

1508955538764 ACCELEROMETER 0.61177063 5.934967 7.5130463

1508955538765 GRAVITY 0.63900673 6.1077013 7.645786

1508955538765 LINEAR_ACCELERATION -0.061156213 -0.008556366 -0.030367851

1508955538765 ROTATION_VECTOR 0.30883938 0.12162096 0.4350921

1508955538766 GYROSCOPE 0.052215576 -0.030197144 -0.0047454834

1508955538766 MAGNETIC_FIELD 14.877319 -13.368225 -35.269165

1508955538970 ACCELEROMETER 0.58854675 5.9684143 7.4522247

1508955538973 LINEAR_ACCELERATION -0.038635314 -0.0464859 0.07785177

1508955538975 ROTATION_VECTOR 0.3090066 0.122815415 0.438542

1508955538979 GRAVITY 0.64664686 6.1165915 7.638033

1508955538981 GYROSCOPE 0.0020141602 -0.012039185 -0.0015411377

1508955538983 MAGNETIC_FIELD 15.144348 -12.872314 -34.872437

1508955539170 GRAVITY 0.62875116 6.090138 7.6606317

1508955539173 LINEAR_ACCELERATION -0.030900836 -0.009752274 0.06883478

1508955539175 ROTATION_VECTOR 0.3068235 0.123595424 0.44064337

1508955539179 ACCELEROMETER 0.6003113 5.9411774 7.5167084

1508955539181 GYROSCOPE -0.011871338 0.0061187744 -0.006881714

1508955539183 MAGNETIC_FIELD 14.930725 -13.342285 -35.40802

1508955539401 ACCELEROMETER 0.6027069 5.966919 7.604477

1508955539404 GRAVITY 0.6423984 6.0656567 7.678901

1508955539406 LINEAR_ACCELERATION 0.0420987 0.006136894 0.010587692

1508955539408 ROTATION_VECTOR 0.30546385 0.123194374 0.44341895

1508955539411 GYROSCOPE -0.019348145 -0.010971069 -0.011154175

1508955539413 MAGNETIC_FIELD 15.097046 -13.569641 -35.18219

1508955539562 ACCELEROMETER 0.669693 5.9839783 7.5321503

1508955539563 GRAVITY 0.67242235 6.0983963 7.6503463

1508955539570 LINEAR_ACCELERATION 0.047882557 0.042835712 -0.066857815

1508955539570 GYROSCOPE 0.023376465 -0.004562378 -4.7302246E-4

1508955539570 MAGNETIC_FIELD 15.737915 -13.807678 -36.003113

1508955539571 ROTATION_VECTOR 0.30799347 0.122804396 0.4433566

1508955539774 ACCELEROMETER 0.7073059 6.035614 7.544754

1508955539777 GRAVITY 0.68135697 6.0939894 7.653067

1508955539779 LINEAR_ACCELERATION 0.020826459 0.027935982 0.07976341

1508955539782 ROTATION_VECTOR 0.30755755 0.12333096 0.4462953

1508955539786 GYROSCOPE -0.015075684 -0.004562378 -0.009017944

1508955539788 MAGNETIC_FIELD 14.645386 -14.286804 -35.513306

1508955539971 GRAVITY 0.6670599 6.1248507 7.629654

1508955539974 LINEAR_ACCELERATION -0.032066166 0.01393795 -0.08559704

1508955539978 ROTATION_VECTOR 0.30887878 0.12485916 0.4459284

1508955539980 ACCELEROMETER 0.666275 6.018326 7.5049286

1508955539983 GYROSCOPE 0.02017212 -0.004562378 -0.002609253

1508955539985 MAGNETIC_FIELD 15.364075 -13.948059 -34.902954

1508955540171 ACCELEROMETER 0.6617584 6.0407867 7.4394226

1508955540174 GYROSCOPE -0.0011901855 0.008255005 -0.015426636

1508955540178 MAGNETIC_FIELD 14.352417 -12.85553 -35.64148

1508955540180 GRAVITY 0.6749586 6.141168 7.6158304

1508955540182 LINEAR_ACCELERATION 0.043259263 0.005361557 4.0388107E-4

1508955540186 ROTATION_VECTOR 0.30999085 0.124925576 0.44568703

1508955540372 GRAVITY 0.6787457 6.1880407 7.577456

1508955540375 LINEAR_ACCELERATION 0.009384632 0.013211727 -0.12998295

1508955540377 ROTATION_VECTOR 0.31314886 0.124880165 0.4420037

1508955540379 ACCELEROMETER 0.7145386 6.0633698 7.427536

1508955540382 GYROSCOPE 0.0126953125 -0.025924683 -0.013290405

1508955540384 MAGNETIC_FIELD 14.811707 -13.482666 -35.601807

1508955540565 ACCELEROMETER 0.67678833 6.0735474 7.312256

1508955540566 GYROSCOPE 0.015899658 -0.025924683 -4.7302246E-4

1508955540566 MAGNETIC_FIELD 14.959717 -13.652039 -35.37903

1508955540567 GRAVITY 0.72993463 6.2213225 7.545378

1508955540567 LINEAR_ACCELERATION 0.038601875 0.008355141 -0.036246777

1508955540568 ROTATION_VECTOR 0.31629986 0.12347949 0.44182384

1508955540765 ACCELEROMETER 0.7250824 6.050644 7.4192505

1508955540767 GRAVITY 0.7711095 6.1809406 7.5744143

1508955540767 LINEAR_ACCELERATION -0.016732454 -0.027809143 0.13010025

1508955540768 GYROSCOPE -0.014007568 -0.029129028 0.018753052

1508955540768 MAGNETIC_FIELD 15.136719 -13.592529 -34.86328

1508955540769 ROTATION_VECTOR 0.31448692 0.12210789 0.44674736

1508955540978 ACCELEROMETER 0.7585449 6.0504 7.553528

1508955540995 GYROSCOPE 0.02444458 -0.03553772 0.001663208

1508955541015 MAGNETIC_FIELD 14.570618 -14.541626 -34.96704

1508955541025 GRAVITY 0.8069962 6.1770763 7.573828

1508955541028 LINEAR_ACCELERATION -0.052394807 -0.03141737 0.00792408

1508955541030 ROTATION_VECTOR 0.31513384 0.1205525 0.44740415

1508955541176 ACCELEROMETER 0.8050232 6.030182 7.360031

1508955541190 GRAVITY 0.9134751 6.25231 7.499638

1508955541201 LINEAR_ACCELERATION 0.120416164 0.009318829 -0.0521245

1508955541201 ROTATION_VECTOR 0.32261044 0.11639323 0.44318068

1508955541202 GYROSCOPE 0.05114746 -0.08039856 -0.07203674

1508955541202 MAGNETIC_FIELD 13.963318 -13.62915 -35.154724

1508955541367 ACCELEROMETER 1.0081177 6.2708893 7.1045837

1508955541369 GYROSCOPE -0.008666992 -0.14448547 -0.10942078

1508955541369 MAGNETIC_FIELD 14.64386 -13.064575 -35.70404

1508955541370 GRAVITY 0.88673645 6.3386407 7.430055

1508955541370 LINEAR_ACCELERATION -0.15909958 0.07364941 -0.0479455

1508955541370 ROTATION_VECTOR 0.32941577 0.11250719 0.42297807

1508955541585 ACCELEROMETER 0.5903778 6.064743 7.306839

1508955541590 GYROSCOPE -0.16461182 0.011459351 -0.07310486

1508955541594 MAGNETIC_FIELD 13.897705 -12.107849 -36.8515

1508955541611 GRAVITY 0.74589074 6.1212373 7.6252537

1508955541623 LINEAR_ACCELERATION -0.25134712 -0.25188398 0.12512732

1508955541633 ROTATION_VECTOR 0.31571525 0.1074437 0.4094521

1508955541770 ACCELEROMETER 0.5756531 5.7350464 7.6880493

1508955541770 GYROSCOPE -0.11227417 -0.05369568 0.025161743

1508955541771 MAGNETIC_FIELD 13.873291 -11.203003 -36.865234

1508955541772 LINEAR_ACCELERATION 0.12845457 0.09065819 -0.03532839

1508955541772 GRAVITY 0.81377375 5.945128 7.7565207

1508955541773 ROTATION_VECTOR 0.30867803 0.09615289 0.40135774

1508955541970 ACCELEROMETER 0.8895111 5.7908936 7.6226654

1508955541970 GYROSCOPE -0.06314087 -0.09107971 -0.042129517

1508955541971 MAGNETIC_FIELD 13.18512 -11.26709 -37.031555

1508955541972 GRAVITY 0.9282233 5.800796 7.8523593

1508955541972 LINEAR_ACCELERATION 0.19415367 -0.17334414 0.06983757

1508955541973 ROTATION_VECTOR 0.30420756 0.084254615 0.39457616

1508955542185 GRAVITY 1.2497451 5.7057414 7.877375

1508955542190 ACCELEROMETER 1.4030609 5.388092 7.621155

1508955542193 GYROSCOPE -0.12081909 -0.66893005 -0.51530457

1508955542196 LINEAR_ACCELERATION 0.67283833 -0.36401367 -0.9442439

1508955542201 ROTATION_VECTOR 0.30921027 0.05248489 0.35552174

1508955542204 MAGNETIC_FIELD 13.366699 -9.663391 -38.796997

1508955542390 GRAVITY 1.9819374 5.8414483 7.623634

1508955542395 ROTATION_VECTOR 0.3330894 -0.018822987 0.25204065

1508955542399 LINEAR_ACCELERATION 1.6286732 -1.4052844 -1.6233492

1508955542413 ACCELEROMETER 2.4604034 4.93544 6.017227

1508955542416 GYROSCOPE 0.16009521 -1.2510529 -0.99168396

1508955542419 MAGNETIC_FIELD 7.902527 -8.135986 -40.40985

1508955542585 GRAVITY 3.0798209 5.7959256 7.2864494

1508955542590 ACCELEROMETER 2.4535522 4.462036 6.713684

1508955542593 LINEAR_ACCELERATION -3.3516977 0.76703167 0.26418257

1508955542596 ROTATION_VECTOR 0.33756253 -0.12060691 0.13514931

1508955542599 GYROSCOPE -0.4658203 -1.0288849 0.2259674

1508955542605 MAGNETIC_FIELD -1.4877319 -7.5393677 -42.507935

1508955542787 ACCELEROMETER 0.57170105 6.6449127 7.3080597

1508955542792 GYROSCOPE -1.1878662 -2.633194 -2.1441803

1508955542795 LINEAR_ACCELERATION -0.0725832 1.689445 3.6915455

1508955542798 GRAVITY 4.647391 4.9838533 7.0521874

1508955542800 ROTATION_VECTOR 0.25480753 -0.27479377 -0.06728778

1508955542808 MAGNETIC_FIELD -20.167542 -11.21521 -36.860657

1508955542987 ACCELEROMETER 3.294098 7.6831512 9.625977

1508955542991 GRAVITY 7.005997 5.2235975 4.4497657

1508955542994 LINEAR_ACCELERATION -2.6266003 3.8140512 1.1777458

1508955542997 ROTATION_VECTOR 0.1958585 -0.48452505 -0.21631601

1508955542999 GYROSCOPE 0.9451599 -2.050003 1.6465607

1508955543003 MAGNETIC_FIELD -36.80725 -12.559509 -20.00122

1508955543188 GRAVITY 8.703604 4.2444096 -1.5500482

1508955543191 LINEAR_ACCELERATION -1.1694574 -5.212777 -1.077258

1508955543194 ROTATION_VECTOR 0.13671367 -0.7485585 -0.17498812

1508955543198 ACCELEROMETER 7.3457794 5.760971 4.9406433

1508955543200 GYROSCOPE 1.335022 -3.7856903 0.59233093

1508955543203 MAGNETIC_FIELD -46.73462 -6.6375732 9.796143

1508955543388 GRAVITY 5.5175776 4.4877715 -6.7517867

1508955543392 LINEAR_ACCELERATION -8.314634 6.566881 3.4934397

1508955543395 ACCELEROMETER 3.358673 2.8477936 -7.164749

1508955543398 GYROSCOPE 0.3406067 -2.2390594 -0.70329285

1508955543400 MAGNETIC_FIELD -29.351807 -7.359314 36.60431

1508955543405 ROTATION_VECTOR 0.1262693 -0.91011065 -0.20458864

1508955543590 ACCELEROMETER -7.7139435 6.037277 -3.867981

1508955543594 GRAVITY 1.9521793 3.9557834 -8.758491

1508955543597 LINEAR_ACCELERATION -15.7691555 -2.754361 -2.025525

1508955543600 ROTATION_VECTOR 0.12265227 -0.96515036 -0.19275299

1508955543603 GYROSCOPE 0.37051392 -1.1570587 0.62223816

1508955543605 MAGNETIC_FIELD 0.9552002 3.4942627 51.33972

1508955543777 ACCELEROMETER -10.701599 3.4099426 -8.676453

1508955543778 GYROSCOPE 0.15261841 0.37568665 -0.852829

1508955543778 MAGNETIC_FIELD 17.915344 2.9067993 49.172974

1508955543779 LINEAR_ACCELERATION -6.161955 0.49870396 0.48296547

1508955543779 GRAVITY 0.8076849 3.582387 -9.093103

1508955543780 ROTATION_VECTOR 0.03709626 -0.9809399 -0.18434867

1508955543978 ACCELEROMETER -4.5474396 3.7774353 -6.578827

1508955543978 GYROSCOPE -0.8161621 0.6256256 0.092453

1508955543978 MAGNETIC_FIELD 16.40625 -1.6937256 50.44861

1508955543979 LINEAR_ACCELERATION -6.2665496 1.0422451 1.1741662

1508955543980 GRAVITY 1.065948 4.325741 -8.736253

1508955543980 ROTATION_VECTOR 0.03922301 -0.9715382 -0.22438842

1508955544179 ACCELEROMETER -6.852371 3.9189148 -7.731552

1508955544180 GYROSCOPE -1.6759949 1.658493 0.007003784

1508955544180 MAGNETIC_FIELD 4.121399 -10.307312 48.025513

1508955544181 GRAVITY 2.2482781 6.276237 -7.1919727

1508955544181 LINEAR_ACCELERATION -9.701799 -3.3703542 -1.8305097

1508955544182 ROTATION_VECTOR 0.11291627 -0.92408794 -0.32625747

1508955544379 ACCELEROMETER -5.4107513 4.240509 -5.5860596

1508955544380 GYROSCOPE -1.4762573 1.7215118 1.4895477

1508955544381 MAGNETIC_FIELD -14.425659 -23.820496 31.201172

1508955544381 GRAVITY 4.3962436 8.100853 -3.3495693

1508955544382 LINEAR_ACCELERATION -5.343504 2.8828979 6.367129

1508955544382 ROTATION_VECTOR 0.1508631 -0.8049974 -0.44525972

1508955544580 ACCELEROMETER 0.0526886 10.887512 3.2263794

1508955544581 GYROSCOPE -0.39746094 1.9319305 0.05079651

1508955544590 MAGNETIC_FIELD -34.01947 -20.477295 12.307739

1508955544590 LINEAR_ACCELERATION -1.63203 2.535252 1.1248362

1508955544591 GRAVITY 5.7726083 7.922708 0.27943224

1508955544592 ROTATION_VECTOR 0.21898735 -0.66166264 -0.4175439

1508955544782 ACCELEROMETER 3.4396515 8.376205 2.6009521

1508955544783 GYROSCOPE -0.40386963 1.3113556 0.107406616

1508955544784 GRAVITY 5.1779966 7.861786 2.747919

1508955544784 LINEAR_ACCELERATION -2.2437572 0.9419737 -0.20790362

1508955544785 MAGNETIC_FIELD -36.271667 -21.304321 0.82244873

1508955544785 ROTATION_VECTOR 0.3206021 -0.5070596 -0.32956594

1508955544982 ACCELEROMETER 1.9093475 9.048004 2.1064453

1508955544983 GYROSCOPE -1.3128357 1.5442047 0.119155884

1508955544983 MAGNETIC_FIELD -32.4234 -20.713806 -13.919067

1508955544984 GRAVITY 3.8627267 7.286822 5.305842

1508955544985 LINEAR_ACCELERATION -1.8780587 2.9486523 -0.6908984

1508955544985 ROTATION_VECTOR 0.33929464 -0.3381664 -0.25629967

1508955545183 ACCELEROMETER 5.451477 8.666855 5.569458

1508955545185 GYROSCOPE 0.76464844 0.30625916 1.1424103

1508955545186 MAGNETIC_FIELD -27.433777 -19.084167 -25.079346

1508955545186 GRAVITY 3.7608025 6.3825274 6.425737

1508955545186 LINEAR_ACCELERATION 4.240131 2.3077793 2.877049

1508955545187 ROTATION_VECTOR 0.33370188 -0.24702561 -0.09514023

