1508955714952 ACCELEROMETER 0.009628296 4.7416687 9.027542

1508955714954 GYROSCOPE 0.8821411 0.36073303 -0.86564636

1508955714955 MAGNETIC_FIELD 3.6315918 -5.8547974 -49.468994

1508955714957 GRAVITY 0.041884467 4.5568953 8.68351

1508955714958 LINEAR_ACCELERATION 0.0 0.0 -0.0

1508955714959 ROTATION_VECTOR 0.0 0.0 0.0

1508955715153 ACCELEROMETER -0.5890503 5.4648285 4.626465

1508955715154 GYROSCOPE 0.60549927 -0.0066986084 -0.15107727

1508955715154 MAGNETIC_FIELD 3.7994385 -5.014038 -50.61798

1508955715155 GRAVITY -0.7328657 6.5463605 7.2648783

1508955715155 LINEAR_ACCELERATION 0.0889281 -0.26737165 -1.8393674

1508955715156 ROTATION_VECTOR 0.3557108 0.055354524 0.040004555

1508955715353 ACCELEROMETER -1.1523743 4.740219 9.264389

1508955715354 GYROSCOPE -0.49893188 -1.3696136 0.6233063

1508955715355 MAGNETIC_FIELD 0.93078613 -5.181885 -49.14093

1508955715355 GRAVITY -0.052586168 5.8949556 7.836908

1508955715356 LINEAR_ACCELERATION -1.1058973 -0.74114466 1.934102

1508955715356 ROTATION_VECTOR 0.31689605 -0.0024105506 -0.015674353

1508955715554 ACCELEROMETER -0.90808105 4.507141 8.09433

1508955715555 GRAVITY 0.7717869 5.1205235 8.327964

1508955715556 LINEAR_ACCELERATION -1.6847069 -0.27175665 0.3884406

1508955715556 GYROSCOPE -0.33551025 -0.4264679 -0.7289276

1508955715557 MAGNETIC_FIELD -1.7684937 -0.8102417 -49.468994

1508955715557 ROTATION_VECTOR 0.25613096 -0.09893926 -0.20893018

1508955715790 ACCELEROMETER 1.3054504 5.550583 8.281906

1508955715790 GYROSCOPE 0.14727783 -0.17652893 0.105270386

1508955715791 MAGNETIC_FIELD -11.306763 -0.97961426 -50.534058

1508955715791 GRAVITY 1.0482134 5.071515 8.327746

1508955715792 LINEAR_ACCELERATION 0.2896983 0.7432842 0.40839148

1508955715792 ROTATION_VECTOR 0.23817532 -0.1366587 -0.29982227

1508955715991 ACCELEROMETER 1.5826874 4.9765167 8.952881

1508955715991 GYROSCOPE 0.49121094 -0.08680725 -0.68940735

1508955715992 MAGNETIC_FIELD -11.34491 -6.3796997 -50.427246

1508955715992 GRAVITY 1.1025549 5.489279 8.051248

1508955715993 LINEAR_ACCELERATION 0.74285567 -0.43091965 0.9106703

1508955715994 ROTATION_VECTOR 0.25556356 -0.15552464 -0.32581994

1508955716191 ACCELEROMETER 1.8853302 4.189514 7.1137543

1508955716192 GYROSCOPE -1.5585022 0.23789978 -0.38926697

1508955716192 MAGNETIC_FIELD -10.5896 -10.160828 -51.371765

1508955716193 GRAVITY 0.5786695 4.7014813 8.586711

1508955716194 LINEAR_ACCELERATION 1.1260417 -0.35751677 -0.9434204

1508955716194 ROTATION_VECTOR 0.21868268 -0.11990615 -0.35837156

1508955716392 ACCELEROMETER 0.9620056 5.160034 6.52623

1508955716393 GYROSCOPE -0.44873047 -0.49375916 -0.34120178

1508955716393 MAGNETIC_FIELD -16.59851 -6.7977905 -52.11487

1508955716394 GRAVITY 0.5615678 3.3279624 9.207589

1508955716394 LINEAR_ACCELERATION 0.51764256 2.3129497 -2.0730057

1508955716395 ROTATION_VECTOR 0.15162821 -0.08690513 -0.3406455

1508955716593 ACCELEROMETER 1.087326 6.0667725 7.3000336

1508955716596 GYROSCOPE -0.57476807 0.0990448 -0.38819885

1508955716601 GRAVITY 0.7140757 2.8588202 9.353482

1508955716601 LINEAR_ACCELERATION 0.14112741 3.3744972 -1.1619406

1508955716602 MAGNETIC_FIELD -22.059631 -7.1746826 -51.348877

1508955716602 ROTATION_VECTOR 0.12534073 -0.08599321 -0.3449855

1508955716793 ACCELEROMETER -0.26278687 5.263443 10.43132

1508955716794 GYROSCOPE 0.15368652 0.011459351 -0.24507141

1508955716795 MAGNETIC_FIELD -21.795654 -10.951233 -48.89679

1508955716795 GRAVITY 0.3581546 2.7350967 9.410705

1508955716796 LINEAR_ACCELERATION -0.4926434 2.5356548 1.5104103

1508955716797 ROTATION_VECTOR 0.12339399 -0.07043816 -0.37495312

1508955716995 ACCELEROMETER 0.50634766 3.7469177 8.236862

1508955716996 GYROSCOPE 0.005218506 -0.83128357 -0.09553528

1508955716996 MAGNETIC_FIELD -19.158936 -15.022278 -47.816467

1508955716997 GRAVITY 0.99278706 2.9928763 9.285873

1508955716998 LINEAR_ACCELERATION -0.4451636 0.74392796 -0.81090164

1508955716998 ROTATION_VECTOR 0.12060112 -0.10957909 -0.39983654

1508955717195 ACCELEROMETER 0.6647949 4.104126 6.2747498

1508955717197 GYROSCOPE -1.0458069 0.5070648 -0.5088959

1508955717197 MAGNETIC_FIELD -24.642944 -13.920593 -43.30902

1508955717198 GRAVITY 1.1151448 2.310942 9.465009

1508955717198 LINEAR_ACCELERATION -0.2628932 2.1564276 -2.3810349

1508955717199 ROTATION_VECTOR 0.080374315 -0.104684494 -0.4457618

1508955717395 ACCELEROMETER 1.41716 5.2709656 10.09964

1508955717396 GYROSCOPE 0.8095093 -0.2374115 0.37763977

1508955717397 MAGNETIC_FIELD -21.513367 -9.785461 -43.30902

1508955717398 GRAVITY 0.8874063 2.3432574 9.481141

1508955717398 LINEAR_ACCELERATION 0.85707796 3.191958 1.321207

1508955717399 ROTATION_VECTOR 0.08797442 -0.094110735 -0.43764293

1508955717601 GRAVITY 1.2046529 3.1030989 9.224422

1508955717602 LINEAR_ACCELERATION 0.79397297 1.4601195 -1.5815611

1508955717603 ROTATION_VECTOR 0.10805481 -0.13419946 -0.49167326

1508955717604 ACCELEROMETER 2.0127106 4.5247498 7.2341766

1508955717604 GYROSCOPE -0.25753784 -0.35169983 -1.6581879

1508955717605 MAGNETIC_FIELD -25.115967 -11.253357 -40.698242

1508955717808 GRAVITY 0.7312567 3.2903318 9.2092

1508955717811 ACCELEROMETER -0.40890503 3.9857483 8.251831

1508955717813 LINEAR_ACCELERATION -1.4850218 0.8837905 -0.13511467

1508955717815 ROTATION_VECTOR 0.11660203 -0.129867 -0.572499

1508955717817 GYROSCOPE 0.24234009 0.27207947 0.29966736

1508955717820 MAGNETIC_FIELD -21.443176 -14.761353 -41.57257

1508955718008 GRAVITY 0.20702061 4.038228 8.934218

1508955718011 LINEAR_ACCELERATION 0.5107212 1.8280027 0.7469139

1508955718013 ROTATION_VECTOR 0.16640484 -0.12958048 -0.56030273

1508955718016 ACCELEROMETER 0.34127808 5.436432 9.255157

1508955718018 GYROSCOPE 0.49014282 0.38102722 -0.21516418

1508955718020 MAGNETIC_FIELD -18.081665 -15.310669 -40.864563

1508955718209 GRAVITY -0.15599382 4.5891294 8.665215

1508955718212 LINEAR_ACCELERATION -0.017363131 0.2088542 0.7817812

1508955718215 ROTATION_VECTOR 0.196972 -0.13928048 -0.58689475

1508955718217 ACCELEROMETER 0.07609558 4.7416534 9.1596985

1508955718219 GYROSCOPE 0.13980103 -0.18934631 -0.26856995

1508955718221 MAGNETIC_FIELD -15.841675 -18.533325 -41.036987

1508955718411 ACCELEROMETER -0.26261902 4.733078 8.510239

1508955718414 GYROSCOPE 0.13232422 0.15672302 0.48658752

1508955718416 MAGNETIC_FIELD -14.260864 -18.23883 -40.867615

1508955718418 GRAVITY -0.04089156 4.8236904 8.538192

1508955718420 LINEAR_ACCELERATION -0.21960813 0.14115572 0.36274624

1508955718422 ROTATION_VECTOR 0.20287864 -0.15334152 -0.5896672

1508955718608 GRAVITY 0.40069735 4.5862026 8.658901

1508955718611 LINEAR_ACCELERATION -1.3405626 -0.13750458 -0.45952702

1508955718613 ROTATION_VECTOR 0.18348475 -0.15764596 -0.56586814

1508955718615 ACCELEROMETER -0.95210266 4.2463684 7.6675262

1508955718617 GYROSCOPE -0.39746094 -0.2577057 0.40647888

1508955718619 MAGNETIC_FIELD -16.688538 -19.98291 -41.133118

1508955718811 GRAVITY 0.61901003 3.9679124 8.946669

1508955718814 LINEAR_ACCELERATION -0.82916164 0.42557287 -0.9380226

1508955718816 ROTATION_VECTOR 0.16210811 -0.1325436 -0.4948652

1508955718818 ACCELEROMETER -0.2597046 4.2591553 7.606613

1508955718821 GYROSCOPE -0.20947266 0.77622986 1.1904755

1508955718823 MAGNETIC_FIELD -14.775085 -17.5354 -40.101624

1508955719009 GRAVITY -0.0887859 3.600932 9.121173

1508955719012 LINEAR_ACCELERATION 0.941972 0.9498799 -0.07027435

1508955719016 ROTATION_VECTOR 0.17876208 -0.05471505 -0.3105817

1508955719018 ACCELEROMETER 0.80570984 4.2985535 8.524261

1508955719020 GYROSCOPE 0.19213867 1.3946686 2.0065155

1508955719023 MAGNETIC_FIELD -10.800171 -13.848877 -42.414856

1508955719219 ACCELEROMETER 0.1485138 3.038269 9.95842

1508955719226 GRAVITY -1.3698912 3.3298085 9.121741

1508955719228 LINEAR_ACCELERATION 1.4823323 -0.23558116 1.6092882

1508955719230 ROTATION_VECTOR 0.17660642 0.06108041 -0.05627827

1508955719232 GYROSCOPE -0.1774292 1.621109 1.9691315

1508955719235 MAGNETIC_FIELD -4.4021606 -10.133362 -46.16089

1508955719406 GRAVITY -2.4748898 3.405671 8.857016

1508955719406 LINEAR_ACCELERATION 2.7515717 0.7990837 1.1984158

1508955719407 ROTATION_VECTOR 0.15324531 0.15790436 0.16691147

1508955719407 ACCELEROMETER 0.38961792 3.9317322 9.883545

1508955719407 GYROSCOPE -0.053527832 0.92362976 1.0259857

1508955719408 MAGNETIC_FIELD 5.996704 -7.911682 -44.19861

1508955719611 ROTATION_VECTOR 0.13526636 0.21011752 0.3268354

1508955719613 LINEAR_ACCELERATION 1.8202224 0.62766004 -0.60843277

1508955719615 GRAVITY -2.889054 3.7650027 8.581871

1508955719616 ACCELEROMETER -0.8128357 4.2157745 7.7657776

1508955719618 GYROSCOPE -0.12295532 0.57328796 1.2032928

1508955719619 MAGNETIC_FIELD 11.0672 -9.950256 -44.763184

1508955719811 GRAVITY -2.5465693 4.2952466 8.440155

1508955719815 LINEAR_ACCELERATION 1.8581254 0.3500147 0.72315884

1508955719817 ROTATION_VECTOR 0.1380025 0.22500476 0.45006987

1508955719819 ACCELEROMETER -0.63998413 4.433502 8.670578

1508955719821 GYROSCOPE 0.10562134 0.17808533 0.95762634

1508955719823 MAGNETIC_FIELD 12.110901 -11.688232 -43.55316

1508955720030 GRAVITY -2.1044953 4.950815 8.199446

1508955720031 LINEAR_ACCELERATION 2.5393832 -0.016881466 -0.056415558

1508955720031 ROTATION_VECTOR 0.15839936 0.23844129 0.5270818

1508955720032 ACCELEROMETER 0.4203949 4.689804 7.8611298

1508955720035 GYROSCOPE 0.21670532 0.37141418 0.7365265

1508955720061 MAGNETIC_FIELD 13.134766 -15.275574 -43.992615

1508955720212 GRAVITY -1.5982938 5.5104365 7.9530454

1508955720212 LINEAR_ACCELERATION 2.837107 -0.63691425 0.5175729

1508955720213 ROTATION_VECTOR 0.17050792 0.25580183 0.61343074

1508955720213 ACCELEROMETER 1.2794495 4.59375 8.037369

1508955720213 GYROSCOPE 0.1312561 0.3436432 1.0633698

1508955720214 MAGNETIC_FIELD 14.866638 -17.630005 -43.141174

1508955720416 GRAVITY -1.0562521 5.665932 7.9342256

1508955720423 LINEAR_ACCELERATION 1.9738538 -0.99294424 -0.024804592

1508955720425 ROTATION_VECTOR 0.16341563 0.2622259 0.7013078

1508955720427 ACCELEROMETER 1.0106201 4.3756714 7.4767456

1508955720429 GYROSCOPE -0.16247559 0.5465851 0.96617126

1508955720431 MAGNETIC_FIELD 15.551758 -18.83545 -43.47229

1508955720612 GRAVITY -1.0159752 5.6156096 7.9751554

1508955720613 LINEAR_ACCELERATION 2.2717662 -0.29037476 1.1303005

1508955720613 ROTATION_VECTOR 0.1361309 0.27358472 0.7633326

1508955720614 ACCELEROMETER 1.2930603 4.9703827 8.575195

1508955720615 GYROSCOPE 0.021240234 0.67689514 0.58592224

1508955720616 MAGNETIC_FIELD 19.624329 -19.909668 -41.523743

1508955720816 ACCELEROMETER 0.42486572 4.7384033 8.944382

1508955720822 GYROSCOPE 0.20602417 0.43443298 1.0355988

1508955720828 MAGNETIC_FIELD 23.806763 -23.739624 -40.264893

1508955720831 GRAVITY -0.89953935 5.816866 7.843806

1508955720833 LINEAR_ACCELERATION 1.1356676 -0.923851 1.4965606

1508955720835 ROTATION_VECTOR 0.1172667 0.29381242 0.81696814

1508955721024 ACCELEROMETER 0.2985382 3.7026062 9.035126

1508955721031 GRAVITY -0.4625108 6.114898 7.6527443

1508955721033 LINEAR_ACCELERATION 0.8094932 -2.1201634 1.7780066

1508955721036 ROTATION_VECTOR 0.10932009 0.31283823 0.86466736

1508955721038 GYROSCOPE 0.24234009 0.3585968 0.6532135

1508955721041 MAGNETIC_FIELD 27.145386 -28.536987 -37.356567

1508955721223 GRAVITY 0.002352999 6.228287 7.574881

1508955721230 LINEAR_ACCELERATION 0.9817259 -1.4420147 -0.34557676

1508955721232 ROTATION_VECTOR 0.11740941 0.31623346 0.88264906

1508955721234 ACCELEROMETER 0.9542084 4.3528595 6.937393

1508955721237 GYROSCOPE -0.0652771 -0.27586365 0.121292114

1508955721239 MAGNETIC_FIELD 28.840637 -35.014343 -34.275818

1508955721424 ACCELEROMETER 1.8064728 5.7047424 7.918274

1508955721430 GYROSCOPE -0.30667114 -0.4328766 -0.06990051

1508955721432 MAGNETIC_FIELD 27.301025 -39.34784 -36.595154

1508955721434 GRAVITY 0.65612936 5.927254 7.7850842

1508955721437 LINEAR_ACCELERATION 1.2215513 0.13202715 0.57062864

1508955721439 ROTATION_VECTOR 0.15034257 0.28366932 0.88051766

1508955721623 ACCELEROMETER 2.1203613 4.340103 10.063095

1508955721631 GYROSCOPE 0.090667725 -0.020584106 -0.55696106

1508955721633 MAGNETIC_FIELD 25.344849 -43.130493 -36.586

1508955721636 GRAVITY 0.7166201 5.675943 7.9649553

1508955721638 LINEAR_ACCELERATION 1.4503309 -1.1682673 2.4885564

1508955721640 ROTATION_VECTOR 0.16159426 0.2603605 0.86528623

1508955721830 ACCELEROMETER 1.388855 4.3010864 7.001114

1508955721836 GRAVITY 0.17066829 5.725603 7.9598193

1508955721838 LINEAR_ACCELERATION 1.1695074 -1.1042929 -0.6377244

1508955721841 ROTATION_VECTOR 0.15571588 0.26441392 0.8341344

1508955721843 GYROSCOPE -0.052459717 0.075546265 -0.43519592

1508955721845 MAGNETIC_FIELD 23.860168 -44.122314 -31.703186

1508955722033 ACCELEROMETER 1.3188782 5.3546753 7.8996887

1508955722039 GRAVITY -0.32249823 5.3539395 8.209855

1508955722041 LINEAR_ACCELERATION 1.6499609 0.3052411 0.22489929

1508955722043 ROTATION_VECTOR 0.13945444 0.24893044 0.8064807

1508955722046 GYROSCOPE -0.4017334 -0.03981018 -0.5302582

1508955722048 MAGNETIC_FIELD 23.93341 -41.326904 -30.360413

1508955722224 GRAVITY -0.28198713 5.1350636 8.34997

1508955722227 LINEAR_ACCELERATION 0.62289774 0.16464567 2.153737

1508955722229 ROTATION_VECTOR 0.14675492 0.22963673 0.7811021

1508955722231 ACCELEROMETER 0.41778564 5.1331024 10.102203

1508955722233 GYROSCOPE 0.2295227 -0.3645172 -0.09339905

1508955722235 MAGNETIC_FIELD 23.606873 -36.775208 -31.81305

1508955722422 ACCELEROMETER 1.0162048 3.839737 8.187027

1508955722425 GYROSCOPE 0.034057617 -0.48094177 -0.4469452

1508955722427 MAGNETIC_FIELD 21.022034 -36.340332 -33.122253

1508955722429 GRAVITY 0.18757862 5.278432 8.26277

1508955722431 LINEAR_ACCELERATION 0.90062237 -1.229001 0.1838026

1508955722433 ROTATION_VECTOR 0.17954227 0.21559356 0.75891495

1508955722629 GRAVITY 0.7467546 5.1375666 8.319745

1508955722635 LINEAR_ACCELERATION 0.6350865 -0.8300271 -1.3140297

1508955722638 ROTATION_VECTOR 0.21046132 0.17753056 0.719103

1508955722640 ACCELEROMETER 1.3236237 4.0220947 6.6186676

1508955722642 GYROSCOPE -0.18704224 -0.8184662 -0.6317291

1508955722644 MAGNETIC_FIELD 18.144226 -33.00476 -36.068726

1508955722832 ACCELEROMETER 1.7384644 5.0925903 8.581726

1508955722838 GRAVITY 1.0708194 4.2793994 8.758452

1508955722840 LINEAR_ACCELERATION 0.71912086 1.0293541 0.2707243

1508955722843 ROTATION_VECTOR 0.2028102 0.11095615 0.66017914

1508955722845 GYROSCOPE -0.9197693 -0.36772156 -0.8325348

1508955722847 MAGNETIC_FIELD 15.4953 -28.15857 -39.52179

1508955723033 ACCELEROMETER 2.9336395 4.2133636 10.647598

1508955723040 GRAVITY 0.94896275 3.5223224 9.102918

1508955723042 LINEAR_ACCELERATION 2.0408561 0.7864902 1.8011751

1508955723044 ROTATION_VECTOR 0.177621 0.06581163 0.5689168

1508955723047 GYROSCOPE -0.06100464 -0.306839 -1.0910187

1508955723049 MAGNETIC_FIELD 13.111877 -23.687744 -41.914368

1508955723234 ACCELEROMETER 1.6917114 3.8925476 6.7884827

1508955723240 GRAVITY 0.60246015 3.6455162 9.083922

1508955723243 LINEAR_ACCELERATION 1.0641625 0.4123242 -1.9084454

1508955723245 ROTATION_VECTOR 0.18086997 0.06430342 0.47512496

1508955723247 GYROSCOPE 0.013763428 0.055252075 -0.68193054

1508955723250 MAGNETIC_FIELD 13.468933 -19.384766 -42.90619

1508955723434 ACCELEROMETER 1.3208618 5.817337 8.241959

1508955723440 GYROSCOPE -0.1560669 -0.06544495 -0.4416046

1508955723442 MAGNETIC_FIELD 16.557312 -16.54358 -43.72711

1508955723444 GRAVITY 0.2537823 3.6776116 9.087418

1508955723447 LINEAR_ACCELERATION 1.0700749 2.3129826 -0.4751072

1508955723449 ROTATION_VECTOR 0.17794411 0.07075704 0.42458573

1508955723634 ACCELEROMETER 0.26391602 5.1919403 11.49707

1508955723644 GRAVITY 0.1547156 4.0077643 8.948981

1508955723658 LINEAR_ACCELERATION 0.081907734 1.2599337 2.8033352

1508955723661 ROTATION_VECTOR 0.19269639 0.081222035 0.41429988

1508955723663 GYROSCOPE 0.51364136 0.0029144287 0.015548706

1508955723666 MAGNETIC_FIELD 14.822388 -17.634583 -42.56897

1508955723828 GRAVITY 0.45799237 4.4713426 8.715947

1508955723831 ROTATION_VECTOR 0.22173564 0.08027266 0.42218608

1508955723833 ACCELEROMETER 1.560379 4.022461 6.930069

1508955723835 GYROSCOPE -0.015075684 -0.37199402 -0.22584534

1508955723837 MAGNETIC_FIELD 14.790344 -21.640015 -41.915894

1508955723839 LINEAR_ACCELERATION 1.1332562 -0.32061672 -1.577632

1508955724034 ACCELEROMETER 1.5324097 4.795883 6.988922

1508955724040 GRAVITY 0.98450845 3.9943342 8.902046

1508955724043 LINEAR_ACCELERATION 0.5858352 0.94531846 -1.5587044

1508955724046 ROTATION_VECTOR 0.21146803 0.03745989 0.3955536

1508955724048 GYROSCOPE -0.6281738 -0.5514374 -0.53453064

1508955724050 MAGNETIC_FIELD 13.418579 -19.996643 -42.233276

1508955724236 ACCELEROMETER 2.861679 5.7073975 10.556549

1508955724242 GRAVITY 1.6772847 3.655118 8.944117

1508955724245 LINEAR_ACCELERATION 1.227616 2.141701 1.8437195

1508955724247 ROTATION_VECTOR 0.20883137 -0.019142745 0.32497352

1508955724249 GYROSCOPE 0.10134888 -0.5802765 -0.39674377

1508955724252 MAGNETIC_FIELD 6.164551 -12.75177 -46.67511

1508955724427 ACCELEROMETER 2.4798737 4.534729 6.654022

1508955724433 GYROSCOPE -0.04925537 -0.050491333 -0.5035553

1508955724439 GRAVITY 1.9475886 3.9056923 8.781962

1508955724442 LINEAR_ACCELERATION 0.58172035 0.7406695 -1.8827906

1508955724443 ROTATION_VECTOR 0.224442 -0.043247476 0.26174727

1508955724627 GRAVITY 1.5692488 4.473405 8.584666

1508955724628 LINEAR_ACCELERATION -0.23034453 0.82928324 -0.74494934

1508955724628 ROTATION_VECTOR 0.24808267 -0.027546845 0.21774037

1508955724628 ACCELEROMETER 1.2886963 5.1522675 7.5612183

1508955724629 GYROSCOPE 0.44207764 0.023208618 -0.4747162

1508955724629 MAGNETIC_FIELD 4.472351 -11.405945 -46.350098

1508955724828 ROTATION_VECTOR 0.27076852 0.014832746 0.20608073

1508955724828 LINEAR_ACCELERATION 0.8629551 1.2324638 -0.02991581

1508955724828 GRAVITY 0.8209005 5.0530934 8.364374

1508955724829 ACCELEROMETER 1.6074066 6.111801 8.135696

1508955724829 GYROSCOPE 0.04046631 0.43763733 -0.41703796

1508955724829 MAGNETIC_FIELD 6.0043335 -12.930298 -46.832275

1508955725029 LINEAR_ACCELERATION -0.6394171 0.012406826 0.6836004

1508955725030 GRAVITY 0.15857504 5.316812 8.238735

1508955725030 ROTATION_VECTOR 0.27539927 0.06400522 0.24489535

1508955725030 ACCELEROMETER -0.46806335 5.2108307 8.708954

1508955725031 GYROSCOPE 0.3000183 0.35005188 0.4641571

1508955725031 MAGNETIC_FIELD 6.047058 -13.623047 -46.51184

1508955725229 GRAVITY 0.2431469 5.5763326 8.063236

1508955725230 LINEAR_ACCELERATION -0.40014836 -0.3349309 -1.2475429

1508955725230 ROTATION_VECTOR 0.28433833 0.08967206 0.32647282

1508955725231 ACCELEROMETER -0.1643219 5.0654755 6.5199738

1508955725231 GYROSCOPE 0.058624268 0.267807 0.6735077

1508955725231 MAGNETIC_FIELD 8.355713 -14.96582 -45.21637

1508955725430 ACCELEROMETER 0.27061462 5.964615 7.352234

1508955725430 GYROSCOPE -0.56729126 0.19410706 0.5271759

1508955725431 MAGNETIC_FIELD 10.5896 -18.113708 -44.093323

1508955725431 GRAVITY 0.50964445 5.14392 8.333711

1508955725431 LINEAR_ACCELERATION -0.28065965 0.9520097 -0.73316383

1508955725432 ROTATION_VECTOR 0.25976467 0.087300144 0.39475667

1508955725631 GRAVITY 1.2335249 4.9705234 8.363175

1508955725632 LINEAR_ACCELERATION 0.44294345 1.2206416 1.7900705

1508955725632 ROTATION_VECTOR 0.26265746 0.06788068 0.45819783

1508955725632 ACCELEROMETER 1.6647949 6.0647736 9.948578

1508955725633 GYROSCOPE 0.5115051 -0.14448547 0.95228577

1508955725633 MAGNETIC_FIELD 10.372925 -16.838074 -43.226624

1508955725831 GRAVITY 1.4261992 5.3364644 8.102993

1508955725832 LINEAR_ACCELERATION 0.7970958 -0.27195787 -0.3705454

1508955725832 ROTATION_VECTOR 0.283465 0.08068426 0.49003175

1508955725833 ACCELEROMETER 2.1719666 4.9187317 7.5631866

1508955725833 GYROSCOPE 0.05114746 0.3660736 -0.28993225

1508955725833 MAGNETIC_FIELD 9.690857 -15.008545 -42.62085

1508955726032 GRAVITY 0.97185546 5.6934714 7.925293

1508955726033 LINEAR_ACCELERATION 1.207304 -0.48642778 -1.0060201

1508955726033 ROTATION_VECTOR 0.2882533 0.113280825 0.49172038

1508955726033 ACCELEROMETER 2.1438446 5.1305695 6.7914276

1508955726034 GYROSCOPE 0.3139038 -0.0131073 -0.16282654

1508955726034 MAGNETIC_FIELD 9.773254 -17.915344 -42.512512

1508955726240 ACCELEROMETER 1.2529602 6.7377167 7.871338

1508955726247 GRAVITY 0.6226886 6.121956 7.635725

1508955726249 LINEAR_ACCELERATION 0.7171177 0.79625416 0.33192873

1508955726252 ROTATION_VECTOR 0.3033501 0.1366202 0.47227588

1508955726254 GYROSCOPE 0.14941406 0.04777527 -0.4608307

1508955726256 MAGNETIC_FIELD 12.098694 -15.997314 -41.97235

1508955726436 ACCELEROMETER 0.15066528 5.418686 8.8632965

1508955726439 GYROSCOPE 0.4538269 -0.4051056 -0.56443787

1508955726441 MAGNETIC_FIELD 13.542175 -17.8833 -43.206787

1508955726445 GRAVITY 0.24326761 6.5280004 7.3141246

1508955726448 LINEAR_ACCELERATION -0.13062076 -0.94101334 1.7830586

1508955726450 ROTATION_VECTOR 0.3213843 0.15425807 0.43537334

1508955726639 GRAVITY 0.49322137 6.5235085 7.305543

1508955726642 LINEAR_ACCELERATION 0.7171469 -2.1892333 -0.6658826

1508955726644 ROTATION_VECTOR 0.33880487 0.112837225 0.3611202

1508955726648 ACCELEROMETER 1.1976471 4.1731567 6.4205475

1508955726650 GYROSCOPE -0.34832764 -1.1656036 -0.87098694

1508955726652 MAGNETIC_FIELD 12.089539 -20.968628 -39.826965

1508955726840 GRAVITY 1.052411 5.614652 7.971104

1508955726843 LINEAR_ACCELERATION 0.82406557 0.26566887 0.019843578

1508955726845 ROTATION_VECTOR 0.30566174 0.012557927 0.21366403

1508955726849 ACCELEROMETER 1.8362732 5.7253723 7.92984

1508955726851 GYROSCOPE -0.7745056 -1.2681427 -1.3356171

1508955726853 MAGNETIC_FIELD 7.7331543 -21.520996 -41.97693

1508955727042 GRAVITY 1.2629933 4.8777447 8.413254

1508955727045 ACCELEROMETER 1.0024567 4.2585144 10.589401

1508955727049 LINEAR_ACCELERATION -0.28880405 -0.45231724 2.3796883

1508955727051 ROTATION_VECTOR 0.26011434 -0.058171924 0.032133628

1508955727053 GYROSCOPE -0.1496582 -0.40083313 -0.7225189

1508955727056 MAGNETIC_FIELD -1.8630981 -13.777161 -43.92395

1508955727241 GRAVITY 1.2564502 5.165659 8.240612

1508955727244 LINEAR_ACCELERATION 1.914336 -1.426794 0.8976526

1508955727247 ROTATION_VECTOR 0.26457307 -0.09923114 -0.115049146

1508955727250 ACCELEROMETER 3.2345734 3.6868134 9.001648

1508955727252 GYROSCOPE 0.40576172 -0.73835754 -1.3826141

1508955727255 MAGNETIC_FIELD -6.903076 -10.075378 -45.443726

1508955727436 GRAVITY 0.8218036 5.5066943 8.072877

1508955727445 LINEAR_ACCELERATION 3.0540366 -1.7602897 1.0155358

1508955727445 ACCELEROMETER 3.7710419 3.6486359 8.802109

1508955727446 GYROSCOPE -0.011871338 -0.82914734 -2.1345673

1508955727446 MAGNETIC_FIELD -10.128784 -10.400391 -44.552612

1508955727446 ROTATION_VECTOR 0.26434994 -0.13607697 -0.30689746

1508955727632 ACCELEROMETER 1.3519135 4.2059326 7.058563

1508955727633 GRAVITY 0.37453815 5.511918 8.102399

1508955727634 LINEAR_ACCELERATION 1.2160864 -1.2313008 -0.90573883

1508955727634 GYROSCOPE 0.19854736 -1.299118 -1.9038544

1508955727635 MAGNETIC_FIELD -14.070129 -18.675232 -40.463257

1508955727635 ROTATION_VECTOR 0.23628698 -0.17624156 -0.51807535

1508955727833 ACCELEROMETER -1.1053467 5.5904236 9.370956

1508955727834 GYROSCOPE -0.106933594 -0.6849518 -1.872879

1508955727836 MAGNETIC_FIELD -15.283203 -20.895386 -39.335632

1508955727837 LINEAR_ACCELERATION -1.0219991 0.38302565 1.2528019

1508955727838 GRAVITY -0.119465806 5.31693 8.239319

1508955727840 ROTATION_VECTOR 0.19743693 -0.20231242 -0.7013628

1508955728040 GRAVITY -0.28265557 4.7278438 8.587083

1508955728040 LINEAR_ACCELERATION -0.22746837 -0.19726133 -1.7868509

1508955728041 ACCELEROMETER -0.5292969 4.4650726 6.582596

1508955728041 ROTATION_VECTOR 0.1418669 -0.20507175 -0.8278727

1508955728041 GYROSCOPE -0.28424072 -1.0288849 -1.2170563

1508955728042 MAGNETIC_FIELD -16.02478 -28.712463 -33.380127

1508955728240 LINEAR_ACCELERATION -2.1734447 2.1855 -0.35849285

1508955728240 ROTATION_VECTOR 0.04428085 -0.17826243 -0.8886882

1508955728241 GRAVITY 0.6970273 3.471999 9.144931

1508955728241 ACCELEROMETER -1.3826294 5.7174377 8.70723

1508955728241 GYROSCOPE -1.1237793 -1.0288849 -0.4832611

1508955728242 MAGNETIC_FIELD -13.250732 -34.405518 -30.844116

1508955728441 ROTATION_VECTOR 0.010128877 -0.17817909 -0.9070021

1508955728442 GRAVITY 1.1528268 3.245459 9.181959

1508955728442 LINEAR_ACCELERATION -0.58065283 3.2092502 1.1049271

1508955728442 ACCELEROMETER 0.55015564 6.147522 9.982803

1508955728443 GYROSCOPE 0.6631775 -0.03340149 -0.90623474

1508955728443 MAGNETIC_FIELD -14.855957 -33.953857 -30.168152

1508955728643 GRAVITY 0.80240846 4.1266623 8.859864

1508955728644 LINEAR_ACCELERATION -0.8658599 -0.8615627 -2.335456

1508955728644 ROTATION_VECTOR 0.018666059 -0.21891606 -0.9383478

1508955728649 ACCELEROMETER -0.095565796 3.2656097 6.1109314

1508955728662 GYROSCOPE 0.15368652 -0.14555359 -0.52171326

1508955728664 MAGNETIC_FIELD -16.127014 -35.469055 -29.484558

1508955728843 GRAVITY 0.03908437 4.320537 8.803512

1508955728847 LINEAR_ACCELERATION 0.111996606 1.6479769 -2.6652231

1508955728850 ROTATION_VECTOR 0.032696277 -0.22377841 -0.96254414

1508955728852 ACCELEROMETER 0.08634949 6.174469 5.7828217

1508955728854 GYROSCOPE -0.15499878 0.46220398 -0.6509552

1508955728863 MAGNETIC_FIELD -13.763428 -41.249084 -24.604797

1508955729044 GRAVITY -0.19880328 4.5760922 8.67123

1508955729050 LINEAR_ACCELERATION -1.6425505 2.7138166 1.5471792

1508955729053 ROTATION_VECTOR 0.03749951 -0.23766376 -0.96442455

1508955729055 ACCELEROMETER -1.7381897 6.8147736 10.418503

1508955729057 GYROSCOPE 0.35342407 -0.41578674 0.39793396

1508955729059 MAGNETIC_FIELD -11.100769 -41.42456 -23.892212

1508955729254 ACCELEROMETER 1.4834442 3.7960358 7.875107

1508955729257 GRAVITY 0.4696793 5.1293607 8.345025

1508955729259 LINEAR_ACCELERATION 1.0056108 -1.1242309 0.21242142

1508955729261 ROTATION_VECTOR 0.010433973 -0.27278793 -0.9539569

1508955729267 GYROSCOPE 0.35021973 0.03388977 0.24305725

1508955729269 MAGNETIC_FIELD -7.9925537 -41.874695 -25.868225

1508955729445 ACCELEROMETER 1.0982513 4.4210052 4.663391

1508955729448 GYROSCOPE -1.0020142 -0.3292694 0.11061096

1508955729451 MAGNETIC_FIELD -11.689758 -46.258545 -20.706177

1508955729453 GRAVITY 0.9360211 4.632303 8.592789

1508955729468 ROTATION_VECTOR -0.0067021204 -0.24868612 -0.954197

1508955729470 LINEAR_ACCELERATION 0.22985446 -0.16869164 -3.783019

1508955729648 GRAVITY 1.6646721 3.9371257 8.826001

1508955729651 LINEAR_ACCELERATION -0.20297122 1.9079955 1.8264494

1508955729654 ROTATION_VECTOR -0.043152485 -0.21940157 -0.9541092

1508955729656 ACCELEROMETER 1.5380249 5.7862854 10.704407

1508955729658 GYROSCOPE 0.16757202 -0.45317078 0.026229858

1508955729660 MAGNETIC_FIELD -13.62915 -43.048096 -21.714783

1508955729847 GRAVITY 2.0958683 4.6429777 8.379766

1508955729849 LINEAR_ACCELERATION -0.7449517 0.057574272 1.032958

1508955729855 ROTATION_VECTOR -0.05786537 -0.2634434 -0.94222105

1508955729857 ACCELEROMETER 1.1425629 4.3663483 8.661331

1508955729859 GYROSCOPE 0.58200073 -0.31752014 -0.45976257

1508955729861 MAGNETIC_FIELD -14.526367 -34.64508 -33.128357

1508955730048 ACCELEROMETER 0.7844391 4.697159 6.644577

1508955730051 GYROSCOPE 0.02444458 -0.012039185 0.28471375

1508955730059 MAGNETIC_FIELD -13.447571 -38.412476 -30.239868

1508955730061 GRAVITY 2.2315931 5.2021093 8.008023

1508955730063 LINEAR_ACCELERATION -1.3085525 -0.5485978 -1.5265403

1508955730065 ROTATION_VECTOR -0.065267615 -0.2957103 -0.93625206

1508955730243 GRAVITY 2.3622453 5.281222 7.9182625

1508955730244 LINEAR_ACCELERATION -2.1924672 0.8945255 2.3940473

1508955730244 ROTATION_VECTOR -0.050520178 -0.30615142 -0.91940576

1508955730245 ACCELEROMETER -0.040100098 5.8671875 9.816544

1508955730245 GYROSCOPE 0.4335327 0.37461853 0.815567

1508955730245 MAGNETIC_FIELD -12.940979 -39.987183 -28.964233

1508955730454 LINEAR_ACCELERATION -3.1578825 -1.1765375 1.9819355

1508955730462 ROTATION_VECTOR -0.01243658 -0.3288794 -0.8757003

1508955730464 GRAVITY 2.49264 5.5624447 7.6822095

1508955730467 ACCELEROMETER -0.62561035 4.1700897 9.49794

1508955730469 GYROSCOPE 0.63220215 0.36714172 0.871109

1508955730472 MAGNETIC_FIELD -13.694763 -38.8443 -28.31726

1508955730654 ACCELEROMETER -0.057495117 4.0076904 6.993637

1508955730664 GYROSCOPE 0.0073547363 0.43229675 0.34880066

1508955730669 MAGNETIC_FIELD -17.948914 -39.198303 -27.574158

1508955730671 GRAVITY 2.4464347 5.671786 7.6168356

1508955730675 LINEAR_ACCELERATION -2.4852905 -1.5674195 -0.3845024

1508955730681 ROTATION_VECTOR 0.025642736 -0.33315447 -0.8342477

1508955730860 ACCELEROMETER 0.85746765 5.34787 8.868759

1508955730867 GRAVITY 1.9899347 5.6915565 7.7341275

1508955730869 LINEAR_ACCELERATION -0.9512936 -0.04654026 0.98275423

1508955730871 ROTATION_VECTOR 0.07693241 -0.31583324 -0.79347384

1508955730873 GYROSCOPE 0.4880066 0.97169495 0.8422699

1508955730877 MAGNETIC_FIELD -20.845032 -37.23755 -26.73645

1508955731056 ACCELEROMETER 0.6008148 4.3238373 8.360931

1508955731062 GRAVITY 1.4960561 5.7199817 7.8239384

1508955731066 LINEAR_ACCELERATION -0.9312074 -1.3473797 1.073123

1508955731068 ROTATION_VECTOR 0.13790844 -0.2864811 -0.72241867

1508955731071 GYROSCOPE 0.24554443 0.92897034 0.9757843

1508955731073 MAGNETIC_FIELD -21.783447 -34.458923 -29.394531

1508955731261 GRAVITY 1.2028601 5.3540897 8.127561

1508955731267 LINEAR_ACCELERATION -2.1146183 -0.75627947 0.7067003

1508955731270 ACCELEROMETER -1.0944672 4.28685 8.488968

1508955731272 ROTATION_VECTOR 0.18355852 -0.22785087 -0.5950479

1508955731274 GYROSCOPE 0.23059082 1.3508759 2.0075836

1508955731276 MAGNETIC_FIELD -26.786804 -29.603577 -30.223083

1508955731460 ACCELEROMETER 0.69592285 4.4282837 9.487747

1508955731466 GYROSCOPE 0.94836426 0.4857025 1.5621796

1508955731469 MAGNETIC_FIELD -25.558472 -25.550842 -34.93805

1508955731471 GRAVITY 1.5050919 5.4482055 8.013872

1508955731473 LINEAR_ACCELERATION -1.1558691 -0.9756236 1.6378751

1508955731475 ROTATION_VECTOR 0.23162235 -0.19431245 -0.39605638

1508955731663 ACCELEROMETER 0.6031189 5.501587 7.3002014

1508955731669 GRAVITY 1.2558005 5.5808177 7.9654145

1508955731672 LINEAR_ACCELERATION -0.05520487 0.10115099 -0.4396038

1508955731674 ROTATION_VECTOR 0.2767775 -0.13141957 -0.20956105

1508955731676 GYROSCOPE -1.2207031E-4 1.6723785 1.2064972

1508955731678 MAGNETIC_FIELD -24.63684 -19.2276 -39.29138

1508955731864 ACCELEROMETER -1.631607 4.7446136 8.868973

1508955731870 GRAVITY 0.5246278 4.91071 8.472312

1508955731872 LINEAR_ACCELERATION -2.364595 0.064967155 0.5596361

1508955731874 ROTATION_VECTOR 0.25895518 -0.031216903 -0.013071694

1508955731876 GYROSCOPE -0.003326416 1.0614166 1.927475

1508955731879 MAGNETIC_FIELD -14.825439 -16.285706 -45.680237

1508955732062 ACCELEROMETER -0.42739868 4.608536 8.505386

1508955732071 GRAVITY 0.50771725 4.7177353 8.582283

1508955732073 LINEAR_ACCELERATION -1.1072618 -0.03633976 0.26958466

1508955732075 ROTATION_VECTOR 0.24807827 0.029707113 0.21733999

1508955732077 GYROSCOPE 0.30429077 0.7388458 1.3880768

1508955732080 MAGNETIC_FIELD -6.361389 -11.630249 -48.187256

1508955732266 ACCELEROMETER 0.86587524 4.8602448 8.137222

1508955732273 GRAVITY 0.36836913 4.3591905 8.776796

1508955732275 LINEAR_ACCELERATION 0.3514936 0.5832367 -0.31273746

1508955732278 ROTATION_VECTOR 0.21997693 0.064172335 0.35031384

1508955732280 GYROSCOPE -0.5192261 0.527359 0.66282654

1508955732282 MAGNETIC_FIELD -0.8102417 -12.011719 -48.583984

1508955732456 ACCELEROMETER 1.6993103 5.0525055 9.609207

1508955732460 GYROSCOPE -0.23083496 0.675827 0.5549469

1508955732461 MAGNETIC_FIELD 3.6819458 -12.141418 -47.63794

1508955732461 GRAVITY -0.10102603 3.670528 9.093262

1508955732461 LINEAR_ACCELERATION 1.8170172 1.5353904 0.754817

1508955732462 ROTATION_VECTOR 0.1688509 0.08866832 0.43230462

1508955732652 GRAVITY -0.46771997 3.7886906 9.033131

1508955732653 LINEAR_ACCELERATION 1.9100806 0.8369601 -0.69539356

1508955732653 ACCELEROMETER 1.403595 4.4609528 7.9577484

1508955732654 GYROSCOPE 0.31176758 0.2603302 0.4919281

1508955732654 MAGNETIC_FIELD 5.635071 -10.702515 -47.34497

1508955732660 ROTATION_VECTOR 0.15828845 0.11993034 0.49170613

1508955732867 LINEAR_ACCELERATION 2.0028443 0.26645088 -0.6481018

1508955732873 GRAVITY -0.68599963 4.4949923 8.688777

1508955732875 ACCELEROMETER 1.3818817 4.789322 8.226379

1508955732878 ROTATION_VECTOR 0.17837821 0.15867232 0.52856016

1508955732880 GYROSCOPE 0.42712402 0.34257507 0.03904724

1508955732882 MAGNETIC_FIELD 7.6568604 -10.539246 -45.741272

1508955733069 ACCELEROMETER 0.8187256 5.619873 10.235413

1508955733075 GRAVITY -1.1449661 4.699274 8.530901

1508955733078 LINEAR_ACCELERATION 2.3608966 1.0672097 1.7798519

1508955733080 ROTATION_VECTOR 0.16931047 0.19073303 0.55061907

1508955733082 GYROSCOPE -0.19345093 0.28382874 -0.17564392

1508955733085 MAGNETIC_FIELD 9.877014 -14.196777 -44.378662

1508955733269 ACCELEROMETER -0.45410156 4.9132843 7.9965363

1508955733275 GRAVITY -1.2949264 5.017142 8.3259735

1508955733277 LINEAR_ACCELERATION 0.52118266 0.030248165 0.59562206

1508955733280 ROTATION_VECTOR 0.17489883 0.21190536 0.56506485

1508955733282 GYROSCOPE 0.55529785 0.045639038 0.37550354

1508955733284 MAGNETIC_FIELD 13.328552 -15.007019 -43.959045

1508955733468 ACCELEROMETER 0.58325195 4.8812256 6.6385803

1508955733473 GYROSCOPE -0.2618103 -0.18293762 -0.09767151

1508955733476 MAGNETIC_FIELD 14.048767 -17.651367 -43.865967

1508955733478 GRAVITY -0.9675453 5.3194375 8.181554

1508955733480 LINEAR_ACCELERATION 1.5550697 -0.50433636 -1.6133838

1508955733482 ROTATION_VECTOR 0.19483171 0.21189018 0.5775831

1508955733667 ACCELEROMETER 1.2949829 6.6912537 8.270569

1508955733689 GRAVITY -0.5616636 5.7291923 7.9392242

1508955733696 LINEAR_ACCELERATION 1.4793329 1.0865378 0.57217264

1508955733698 ROTATION_VECTOR 0.22768442 0.20825954 0.570452

1508955733700 GYROSCOPE 0.7112427 -0.07078552 0.32530212

1508955733702 MAGNETIC_FIELD 13.818359 -18.765259 -42.9245

1508955733858 GRAVITY -0.4054238 6.3568 7.456347

1508955733859 LINEAR_ACCELERATION 2.5905385 -1.1576452 -0.1274929

1508955733859 ROTATION_VECTOR 0.2665319 0.22089101 0.55146146

1508955733860 ACCELEROMETER 1.7852325 4.7016907 6.8760834

1508955733861 GYROSCOPE 0.16223145 -0.15516663 -0.58473206

1508955733861 MAGNETIC_FIELD 11.906433 -15.003967 -45.03174

1508955734067 GRAVITY -0.62288 6.398688 7.4053493

1508955734070 LINEAR_ACCELERATION 0.8154909 -1.6628551 -1.5129809

1508955734072 ACCELEROMETER 0.19714355 4.9571686 5.8647156

1508955734075 ROTATION_VECTOR 0.2673414 0.22574508 0.53219104

1508955734077 GYROSCOPE -0.06100464 0.11506653 0.1415863

1508955734079 MAGNETIC_FIELD 10.902405 -17.121887 -43.83087

1508955734267 GRAVITY -0.95814747 6.454979 7.3202176

1508955734270 LINEAR_ACCELERATION 1.8589449 1.1265435 0.73017263

1508955734273 ACCELEROMETER 0.79997253 7.3228607 8.215988

1508955734275 ROTATION_VECTOR 0.26529044 0.2374737 0.5142711

1508955734277 GYROSCOPE 0.12057495 0.35646057 -0.29100037

1508955734279 MAGNETIC_FIELD 11.672974 -15.440369 -44.163513

1508955734460 ACCELEROMETER -0.18534851 5.57901 8.955215

1508955734464 GYROSCOPE 0.69628906 -0.0131073 0.37763977

1508955734470 MAGNETIC_FIELD 10.501099 -14.356995 -43.86139

1508955734471 GRAVITY -1.0907661 6.9389224 6.8433895

1508955734472 LINEAR_ACCELERATION 0.6411481 -0.8477187 3.0202498

1508955734472 ROTATION_VECTOR 0.28464073 0.26469588 0.51505005

1508955734668 ACCELEROMETER 0.84788513 4.7370605 5.279999

1508955734678 GYROSCOPE -0.0054626465 -0.14875793 -0.21730042

1508955734681 MAGNETIC_FIELD 9.552002 -17.105103 -42.816162

1508955734683 GRAVITY -0.79700017 7.382978 6.405218

1508955734686 LINEAR_ACCELERATION 1.6707132 -2.4733167 -0.8419552

1508955734688 ROTATION_VECTOR 0.3151935 0.27217242 0.5169098

1508955734870 ACCELEROMETER 0.44873047 6.1333313 8.512482

1508955734875 GYROSCOPE -1.2081604 -0.21177673 -0.2440033

1508955734892 MAGNETIC_FIELD 8.5876465 -19.569397 -41.87622

1508955734903 GRAVITY -0.82007414 6.4805007 7.314436

1508955734921 LINEAR_ACCELERATION 1.0069437 -0.55235386 0.48200512

1508955734922 ROTATION_VECTOR 0.274986 0.22682647 0.4993312

1508955735058 ACCELEROMETER 2.1009521 6.1535034 7.858719

1508955735059 GYROSCOPE 0.14193726 -0.063308716 -0.7342682

1508955735060 MAGNETIC_FIELD 6.529236 -14.619446 -44.796753

1508955735060 GRAVITY -1.0518894 5.5910726 7.9877295

1508955735060 LINEAR_ACCELERATION 3.1590922 1.3217497 0.82962847

1508955735061 ROTATION_VECTOR 0.24274653 0.18388382 0.4248483

1508955735259 ACCELEROMETER 0.80718994 5.219269 6.0982513

1508955735260 GYROSCOPE 0.27331543 -0.53862 -0.25682068

1508955735261 MAGNETIC_FIELD 6.2561035 -16.395569 -44.01703

1508955735261 GRAVITY -1.0381312 5.798908 7.839983

1508955735262 LINEAR_ACCELERATION 1.866328 -0.675015 -1.1163616

1508955735262 ROTATION_VECTOR 0.2707701 0.16418178 0.3411763

1508955735473 ACCELEROMETER 1.3080292 7.162277 6.7268524

1508955735478 GYROSCOPE -0.035369873 -0.15089417 -0.21730042

1508955735487 MAGNETIC_FIELD 5.758667 -15.557861 -42.729187

1508955735502 GRAVITY -0.6754786 6.00165 7.7262096

1508955735502 LINEAR_ACCELERATION 1.8895311 1.0679841 -1.197442

1508955735502 ROTATION_VECTOR 0.29536673 0.13722771 0.29997435

1508955735660 ACCELEROMETER 0.71395874 6.8030396 7.9557343

1508955735662 GYROSCOPE 0.07785034 -0.20750427 -0.30168152

1508955735662 MAGNETIC_FIELD 5.6427 -17.390442 -43.60504

1508955735662 GRAVITY -0.6284917 6.0313864 7.706995

1508955735663 LINEAR_ACCELERATION 1.3747767 1.6549649 0.741559

1508955735663 ROTATION_VECTOR 0.30386615 0.121317744 0.25753596

1508955735862 ACCELEROMETER 1.0014191 4.6734924 5.3405

1508955735862 GYROSCOPE -0.2190857 -0.23100281 -0.38713074

1508955735863 MAGNETIC_FIELD 5.079651 -17.549133 -44.314575

1508955735863 GRAVITY -0.6165665 5.876854 7.826418

1508955735864 LINEAR_ACCELERATION 1.6530983 -0.9342241 -1.6330185

1508955735868 ROTATION_VECTOR 0.300188 0.10416761 0.21567772

1508955736075 GRAVITY -0.19689223 4.769843 8.566225

1508955736080 LINEAR_ACCELERATION 0.6217185 0.8435674 -1.9544659

1508955736083 ROTATION_VECTOR 0.24713995 0.046539355 0.13973075

1508955736086 ACCELEROMETER 0.42477417 5.7537537 7.835678

1508955736088 GYROSCOPE -1.120575 -0.88575745 -0.593277

1508955736092 MAGNETIC_FIELD 3.4118652 -17.68341 -45.863342

1508955736271 ACCELEROMETER 1.3636017 5.8994446 9.197296

1508955736276 GYROSCOPE 0.074645996 -0.3143158 -0.593277

1508955736280 MAGNETIC_FIELD -1.7242432 -11.4730835 -47.766113

1508955736282 GRAVITY 0.37115505 3.8756719 9.000655

1508955736285 LINEAR_ACCELERATION 0.92063713 2.707806 1.9918518

1508955736287 ROTATION_VECTOR 0.20223527 -0.013971124 0.025947005

1508955736473 GRAVITY 0.19201878 4.077371 8.916758

1508955736478 LINEAR_ACCELERATION 0.33812088 0.44827437 -2.339405

1508955736482 ROTATION_VECTOR 0.21125802 -0.027238827 -0.07921999

1508955736487 ACCELEROMETER 0.27926636 4.600403 6.680771

1508955736490 GYROSCOPE 0.056488037 -0.047286987 -0.7492218

1508955736492 MAGNETIC_FIELD -5.5633545 -9.8098755 -48.176575

1508955736677 GRAVITY 0.21663734 4.648557 8.632171

1508955736681 ACCELEROMETER 0.4624939 6.7507477 7.227463

1508955736685 GYROSCOPE 0.46984863 -0.5898895 -0.55696106

1508955736688 LINEAR_ACCELERATION 0.058793202 2.1086998 -1.1232252

1508955736691 ROTATION_VECTOR 0.23950158 -0.050207365 -0.15454236

1508955736693 MAGNETIC_FIELD -6.4712524 -9.867859 -47.94464

1508955736877 GRAVITY 0.91384774 5.1563287 8.291413

1508955736881 ACCELEROMETER 1.3271332 4.3278656 9.248062

1508955736885 GYROSCOPE 0.25408936 -1.4828339 -1.6720734

1508955736887 LINEAR_ACCELERATION 0.26806325 0.10777664 1.7341962

1508955736890 ROTATION_VECTOR 0.24235582 -0.13608532 -0.31693032

1508955736893 MAGNETIC_FIELD -10.418701 -10.679626 -48.18268

1508955737078 LINEAR_ACCELERATION 0.0067288876 -2.5184197 -0.35495472

1508955737082 ROTATION_VECTOR 0.18407461 -0.29543307 -0.56580555

1508955737085 GRAVITY 2.288375 5.9770846 7.430221

1508955737088 ACCELEROMETER 2.0374603 3.240509 6.600525

1508955737091 GYROSCOPE 0.8404846 -2.5146332 -1.5994415

1508955737093 MAGNETIC_FIELD -17.364502 -17.919922 -43.22052

1508955737280 GRAVITY 3.666519 7.196377 5.5623007

1508955737283 LINEAR_ACCELERATION -0.86138415 -1.5378594 2.111187

1508955737287 ROTATION_VECTOR 0.030784903 -0.4641701 -0.7604156

1508955737290 ACCELEROMETER 2.0272064 5.433899 8.464996

1508955737292 GYROSCOPE 0.4111023 -2.948288 -1.5236053

1508955737296 MAGNETIC_FIELD -26.57013 -31.080627 -29.876709

1508955737489 ACCELEROMETER -1.1798706 1.9723358 7.993988

1508955737492 GRAVITY 3.4760811 8.645467 3.0566576

1508955737498 LINEAR_ACCELERATION -4.6679235 -5.65731 6.941498

1508955737500 ROTATION_VECTOR -0.15703098 -0.565239 -0.80483156

1508955737503 GYROSCOPE 1.2132568 -3.0721893 -1.2779388

1508955737506 MAGNETIC_FIELD -24.095154 -42.411804 -13.182068

1508955737668 ACCELEROMETER -4.8888245 12.360962 -3.478836

1508955737669 GYROSCOPE 1.9342346 -1.4945831 -1.1369476

1508955737670 MAGNETIC_FIELD -13.05542 -47.087097 12.307739

1508955737670 GRAVITY 0.93440884 9.74391 -0.594545

1508955737671 LINEAR_ACCELERATION -4.387231 -0.6624403 -0.841374

1508955737671 ROTATION_VECTOR 0.32248855 0.65292764 0.64063835

1508955737869 ACCELEROMETER -1.1992035 9.753525 -13.527145

1508955737869 GYROSCOPE 1.520874 -1.2489166 0.03477478

1508955737870 MAGNETIC_FIELD 3.42865 -39.338684 29.396057

1508955737870 LINEAR_ACCELERATION -0.60233545 6.029005 -8.607096

1508955737871 GRAVITY -1.1667546 8.88611 -3.9807177

1508955737871 ROTATION_VECTOR 0.5064521 0.6681814 0.3877918

1508955738085 ACCELEROMETER -1.519928 0.9481354 -5.9791718

1508955738088 GRAVITY -1.7250128 8.165844 -5.1491475

1508955738092 LINEAR_ACCELERATION 0.034733295 -8.065911 -0.7099328

1508955738095 ROTATION_VECTOR 0.55101645 0.6774322 0.30632234

1508955738097 GYROSCOPE -0.2479248 0.1342926 0.03477478

1508955738101 MAGNETIC_FIELD 9.480286 -23.355103 40.618896

1508955738283 GRAVITY -1.2807288 8.220589 -5.1915364

1508955738287 LINEAR_ACCELERATION -5.034769 0.15981579 -7.8031583

1508955738290 ROTATION_VECTOR 0.54699206 0.6822715 0.3272479

1508955738292 ACCELEROMETER -5.7838745 8.736206 -10.772385

1508955738296 GYROSCOPE -0.07489014 0.003982544 0.7215729

1508955738298 MAGNETIC_FIELD 10.919189 -19.822693 41.26892

1508955738483 GRAVITY -0.81400687 8.201386 -5.3146067

1508955738487 LINEAR_ACCELERATION 2.4001846 0.4539256 1.6707792

1508955738490 ROTATION_VECTOR 0.5295129 0.7004182 0.35138434

1508955738493 ACCELEROMETER 1.7818909 7.861206 -4.0502014

1508955738496 GYROSCOPE 0.3128357 -0.034469604 -0.29206848

1508955738498 MAGNETIC_FIELD 12.997437 -23.42987 40.359497

1508955738685 GRAVITY -1.2327276 7.8175955 -5.791025

1508955738692 LINEAR_ACCELERATION -0.37036145 -0.9030843 -0.7892947

1508955738706 ROTATION_VECTOR 0.47398025 0.7553826 0.34113973

1508955738708 ACCELEROMETER -1.8794708 6.635437 -6.352066

1508955738711 GYROSCOPE 0.18572998 0.23683167 -0.33372498

1508955738713 MAGNETIC_FIELD 12.908936 -20.321655 40.76538

