1510181662033 GYROSCOPE 0.18205261 0.26356506 0.012374878

1510181662036 MAGNETIC_FIELD 12.586975 -46.3562 13.708496

1510181662036 LINEAR_ACCELERATION 0.0 0.0 -0.0

1510181662037 GRAVITY 2.551142 9.440216 -0.7378198

1510181662037 ROTATION_VECTOR 0.0 0.0 0.0

1510181662233 ACCELEROMETER 3.0895844 9.3013 -1.532547

1510181662234 GYROSCOPE 0.058151245 0.15782166 -0.5622711

1510181662235 MAGNETIC_FIELD 15.623474 -44.674683 13.380432

1510181662237 GRAVITY 2.0702448 9.399471 -1.8800035

1510181662238 LINEAR_ACCELERATION -0.037097216 -0.34079456 -0.96702373

1510181662239 ROTATION_VECTOR 0.52389467 0.56691086 0.5487672

1510181662403 ACCELEROMETER 0.7063904 9.202774 -2.3839417

1510181662435 GYROSCOPE -0.20780945 -0.0098724365 -0.32621765

1510181662436 MAGNETIC_FIELD 21.530151 -43.833923 14.201355

1510181662437 GRAVITY 1.0658506 9.585051 -1.7779614

1510181662437 LINEAR_ACCELERATION -0.35799193 0.033996582 -0.1215893

1510181662438 ROTATION_VECTOR 0.48251238 0.59819114 0.5393343

1510181662636 ACCELEROMETER -0.23509216 9.258209 -2.755371

1510181662637 GYROSCOPE 0.24827576 0.27211 -0.119003296

1510181662638 MAGNETIC_FIELD 29.46167 -39.6286 6.161499

1510181662638 GRAVITY -0.22152263 9.607612 -1.9532334

1510181662639 LINEAR_ACCELERATION -2.6720529 -0.2758608 -0.40349317

1510181662640 ROTATION_VECTOR 0.44103006 0.6364587 0.51166743

1510181662837 ACCELEROMETER -2.6385498 9.491318 -1.1152191

1510181662838 GYROSCOPE -0.10954285 0.08518982 0.0978241

1510181662839 MAGNETIC_FIELD 29.12445 -41.64734 10.0997925

1510181662839 GRAVITY -0.38928643 9.630574 -1.8085581

1510181662840 LINEAR_ACCELERATION -0.8721806 0.23403549 1.1131092

1510181662840 ROTATION_VECTOR 0.41699025 0.6467843 0.5222959

1510181663074 ACCELEROMETER -1.1806946 9.489624 0.16793823

1510181663075 GYROSCOPE 0.2440033 0.024307251 -0.09550476

1510181663076 GRAVITY -0.4534578 9.665813 -1.5927376

1510181663077 LINEAR_ACCELERATION -0.440308 0.06966972 1.8717629

1510181663077 ROTATION_VECTOR 0.39389387 0.6527286 0.5377954

1510181663276 ACCELEROMETER -0.88067627 9.515503 -0.061401367

1510181663277 GYROSCOPE 0.24186707 -0.052597046 0.22279358

1510181663277 MAGNETIC_FIELD 27.172852 -41.142273 8.987427

1510181663278 GRAVITY -0.4335559 9.629323 -1.8051456

1510181663278 LINEAR_ACCELERATION -0.5678497 0.14353752 1.5329686

1510181663279 ROTATION_VECTOR 0.38979024 0.6634006 0.5355849

1510181663477 ACCELEROMETER -0.88012695 9.522369 -0.2604828

1510181663478 GYROSCOPE -0.08818054 0.013626099 0.3915558

1510181663478 MAGNETIC_FIELD 26.867676 -41.937256 10.772705

1510181663479 LINEAR_ACCELERATION 0.03135471 0.3681593 0.8218726

1510181663480 GRAVITY 0.15911116 9.633383 -1.8283882

1510181663480 ROTATION_VECTOR 0.40649945 0.65420187 0.547214

1510181663679 ACCELEROMETER 0.31608582 9.74379 -1.0338287

1510181663679 GYROSCOPE 0.06990051 0.4686432 -0.27174377

1510181663680 MAGNETIC_FIELD 24.562073 -43.11676 11.140442

1510181663681 GRAVITY 0.35885188 9.65905 -1.6566119

1510181663681 LINEAR_ACCELERATION -0.036657274 0.06107807 1.1037612

1510181663682 ROTATION_VECTOR 0.38872313 0.6582993 0.5668579

1510181663880 ACCELEROMETER 0.12019348 9.499725 -0.47627258

1510181663881 GYROSCOPE 0.4960785 0.5797272 0.07218933

1510181663882 MAGNETIC_FIELD 22.54181 -41.911316 13.076782

1510181663882 GRAVITY 0.37324968 9.558037 -2.1621728

1510181663883 LINEAR_ACCELERATION -0.19308576 0.21322536 0.07105327

1510181663883 ROTATION_VECTOR 0.362031 0.6922237 0.56408453

1510181664081 ACCELEROMETER 0.28518677 9.509476 -1.8332214

1510181664082 GYROSCOPE 0.51423645 -0.09211731 -0.43302917

1510181664083 MAGNETIC_FIELD 24.365234 -41.264343 16.04004

1510181664083 GRAVITY 0.11160735 9.350683 -2.9534135

1510181664084 LINEAR_ACCELERATION -0.6589084 0.38498688 1.64885

1510181664085 ROTATION_VECTOR 0.32905412 0.736414 0.54252857

1510181664283 ACCELEROMETER -0.79234314 9.502319 -1.7813873

1510181664284 GYROSCOPE -0.28684998 0.033920288 0.33387756

1510181664284 MAGNETIC_FIELD 26.837158 -41.43524 17.007446

1510181664285 GRAVITY -0.1319723 9.293889 -3.1267555

1510181664285 LINEAR_ACCELERATION -1.4139715 0.36906242 0.3501985

1510181664286 ROTATION_VECTOR 0.3204506 0.7461445 0.5329063

1510181664484 ACCELEROMETER -1.2992859 9.422455 -2.5335083

1510181664485 GYROSCOPE 0.16923523 -0.075027466 0.27726746

1510181664486 MAGNETIC_FIELD 27.696228 -39.860535 16.825867

1510181664487 GRAVITY 0.37725604 9.357737 -2.9087498

1510181664487 LINEAR_ACCELERATION -0.590961 0.3570776 1.3077297

1510181664488 ROTATION_VECTOR 0.3473085 0.72641706 0.5449018

1510181664688 ACCELEROMETER -0.16531372 9.459595 -1.526947

1510181664689 GYROSCOPE -0.1907196 -0.45848083 -0.004714966

1510181664689 MAGNETIC_FIELD 25.98877 -41.744995 15.348816

1510181664690 GRAVITY 0.44671366 9.370153 -2.8585062

1510181664690 LINEAR_ACCELERATION -0.39687008 0.25005817 0.7611189

1510181664692 ROTATION_VECTOR 0.37818977 0.7090245 0.5379019

1510181664893 LINEAR_ACCELERATION -0.64594334 0.36586285 1.7358863

1510181664893 ROTATION_VECTOR 0.3957011 0.6869394 0.54543674

1510181664894 GRAVITY 0.56721085 9.460452 -2.519625

1510181664894 ACCELEROMETER -0.0440979 9.441589 -1.8885193

1510181664896 GYROSCOPE -0.05506897 0.18452454 0.2591095

1510181664898 MAGNETIC_FIELD 25.515747 -42.50946 15.596008

1510181665093 ROTATION_VECTOR 0.4083772 0.6713447 0.5544638

1510181665100 GRAVITY 0.83277225 9.495687 -2.3040845

1510181665102 LINEAR_ACCELERATION -0.889394 0.2872963 0.75016665

1510181665104 ACCELEROMETER -0.086364746 9.586548 -0.8260498

1510181665107 GYROSCOPE -0.107406616 -0.08143616 0.058303833

1510181665110 MAGNETIC_FIELD 23.600769 -42.256165 15.141296

1510181665300 GRAVITY 0.85402584 9.484398 -2.3424823

1510181665303 LINEAR_ACCELERATION -0.6671932 0.32342052 1.132421

1510181665306 ROTATION_VECTOR 0.41454756 0.66901696 0.55141854

1510181665309 ACCELEROMETER -0.04989624 9.53717 -1.4465485

1510181665311 GYROSCOPE 0.22477722 0.09587097 0.0048980713

1510181665313 MAGNETIC_FIELD 23.170471 -43.452454 13.441467

1510181665502 GRAVITY 0.86970997 9.437433 -2.5196908

1510181665505 LINEAR_ACCELERATION -0.7656318 0.36020756 1.1784987

1510181665507 ROTATION_VECTOR 0.41740265 0.6739759 0.5454678

1510181665510 ACCELEROMETER 0.20510864 9.5559845 -1.1669922

1510181665513 GYROSCOPE 0.048538208 0.03819275 0.02305603

1510181665515 MAGNETIC_FIELD 23.106384 -43.026733 11.949158

1510181665701 GRAVITY 0.6354543 9.548292 -2.1439922

1510181665704 LINEAR_ACCELERATION -0.5153011 0.2572527 0.80114055

1510181665706 ROTATION_VECTOR 0.37881392 0.6825051 0.5654488

1510181665708 ACCELEROMETER 0.07550049 9.558548 -1.314682

1510181665712 GYROSCOPE -0.007003784 -0.014144897 0.0027618408

1510181665714 MAGNETIC_FIELD 23.0484 -42.897034 13.2873535

1510181665904 GRAVITY 0.62724674 9.610442 -1.8483361

1510181665907 LINEAR_ACCELERATION -0.4256791 0.19247818 0.6785468

1510181665909 ROTATION_VECTOR 0.35385466 0.68485457 0.58375955

1510181665911 ACCELEROMETER 0.079452515 9.575821 -1.215271

1510181665915 GYROSCOPE 0.076309204 0.16850281 0.18006897

1510181665917 MAGNETIC_FIELD 23.001099 -43.18695 13.66272

1510181666107 GRAVITY 0.7642105 9.6130295 -1.7821444

1510181666110 LINEAR_ACCELERATION -0.24629939 0.12123299 0.20164621

1510181666112 ROTATION_VECTOR 0.34934962 0.6847035 0.5910064

1510181666115 ACCELEROMETER 0.23751831 9.566238 -1.1874237

1510181666118 GYROSCOPE -0.020889282 -0.046188354 0.0700531

1510181666120 MAGNETIC_FIELD 22.573853 -43.22357 13.4262085

1510181666309 GRAVITY 0.7331232 9.610245 -1.810001

1510181666312 LINEAR_ACCELERATION -0.21971387 0.064208984 0.031410456

1510181666314 ACCELEROMETER 0.52856445 9.517166 -1.6580353

1510181666318 ROTATION_VECTOR 0.34852958 0.68615705 0.5896409

1510181666320 GYROSCOPE 0.07737732 0.12898254 -4.4250488E-4

1510181666322 MAGNETIC_FIELD 20.98999 -43.026733 14.880371

1510181666524 GRAVITY 0.6123836 9.631785 -1.738993

1510181666525 LINEAR_ACCELERATION -0.4295979 0.14424324 0.5933043

1510181666526 ROTATION_VECTOR 0.32986134 0.692716 0.5953842

1510181666526 ACCELEROMETER 0.4412079 9.508118 -1.5937042

1510181666527 GYROSCOPE 0.18205261 0.11402893 0.04975891

1510181666535 MAGNETIC_FIELD 22.834778 -43.45398 14.659119

1510181666713 GRAVITY 0.5872613 9.600786 -1.9106044

1510181666716 LINEAR_ACCELERATION -0.06842834 0.031783104 0.08655751

1510181666719 ROTATION_VECTOR 0.3288041 0.699501 0.5896307

1510181666722 ACCELEROMETER 0.1965332 9.576569 -1.2302094

1510181666724 GYROSCOPE 0.047470093 -0.032302856 -0.055984497

1510181666726 MAGNETIC_FIELD 21.83075 -44.262695 14.927673

1510181666911 GRAVITY 0.57428527 9.627744 -1.7740184

1510181666914 LINEAR_ACCELERATION 0.11374235 0.09760857 0.1906302

1510181666920 ROTATION_VECTOR 0.33328915 0.69236416 0.592134

1510181666923 ACCELEROMETER 0.55366516 9.467697 -1.74823

1510181666928 GYROSCOPE -0.0849762 -0.02268982 -0.004714966

1510181666942 MAGNETIC_FIELD 19.570923 -43.55774 15.219116

1510181667111 GRAVITY 0.59838957 9.615985 -1.8289769

1510181667113 LINEAR_ACCELERATION -0.01829034 0.009297371 -0.16820943

1510181667117 ROTATION_VECTOR 0.34972477 0.6862539 0.58512354

1510181667119 ACCELEROMETER 0.6779175 9.557037 -1.5954132

1510181667122 GYROSCOPE 0.05708313 0.01789856 0.04121399

1510181667125 MAGNETIC_FIELD 21.636963 -43.421936 15.977478

1510181667314 GRAVITY 0.78921884 9.614525 -1.763075

1510181667318 LINEAR_ACCELERATION -0.12659657 0.02008915 0.39170158

1510181667506 ACCELEROMETER 0.6942749 9.472275 -1.4327393

1510181667507 GYROSCOPE 0.09126282 0.12364197 -0.029281616

1510181667508 GRAVITY 0.8370281 9.54132 -2.1054664

1510181667508 LINEAR_ACCELERATION -0.2946536 0.07591438 -0.4131956

1510181667508 MAGNETIC_FIELD 20.49408 -42.079163 16.378784

1510181667509 ROTATION_VECTOR 0.3582046 0.692126 0.5795463

1510181667708 ACCELEROMETER 0.48864746 9.507462 -2.5045776

1510181667709 GYROSCOPE 0.09660339 0.01789856 0.003829956

1510181667709 MAGNETIC_FIELD 19.940186 -43.4494 17.486572

1510181667710 GRAVITY 0.8461814 9.502426 -2.2711804

1510181667710 LINEAR_ACCELERATION 0.01667279 -0.03892231 0.06089592

1510181667710 ROTATION_VECTOR 0.35879862 0.6978979 0.57422006

1510181667911 LINEAR_ACCELERATION -0.36672664 0.17179108 0.7081156

1510181667912 ROTATION_VECTOR 0.3586265 0.69842905 0.57116914

1510181667913 GRAVITY 0.7370296 9.508612 -2.2833037

1510181667914 ACCELEROMETER 0.94189453 9.375412 -2.2936707

1510181667914 GYROSCOPE -0.040115356 0.043533325 -0.112594604

1510181667915 MAGNETIC_FIELD 19.944763 -43.02063 18.6203

1510181668119 ACCELEROMETER 0.23233032 9.609131 -1.384613

1510181668122 GRAVITY 0.65525675 9.50227 -2.3340726

1510181668124 LINEAR_ACCELERATION -0.2835402 0.17989731 0.5052767

1510181668126 ROTATION_VECTOR 0.36457303 0.6972023 0.5653612

1510181668130 GYROSCOPE 0.12757874 0.041397095 0.021987915

1510181668132 MAGNETIC_FIELD 21.914673 -43.421936 13.291931

1510181668318 GRAVITY 0.6343924 9.445723 -2.5585637

1510181668321 LINEAR_ACCELERATION -0.49525625 0.28403854 0.6012716

1510181668326 ROTATION_VECTOR 0.36521733 0.7050296 0.5573058

1510181668328 ACCELEROMETER 0.34805298 9.590042 -1.8036804

1510181668331 GYROSCOPE 0.16069031 0.23365784 -0.0912323

1510181668333 MAGNETIC_FIELD 21.037292 -43.36853 13.786316

1510181668520 GRAVITY 0.5137298 9.513589 -2.3233802

1510181668524 LINEAR_ACCELERATION -0.17916244 0.09429932 0.8725145

1510181668526 ROTATION_VECTOR 0.33767468 0.710236 0.57133967

1510181668529 ACCELEROMETER 0.12509155 9.607895 -1.8630676

1510181668532 GYROSCOPE 0.049606323 -0.034439087 -0.0025787354

1510181668534 MAGNETIC_FIELD 21.096802 -42.921448 14.99939

1510181668727 GRAVITY 0.48793158 9.534839 -2.2403493

1510181668730 LINEAR_ACCELERATION -0.096651345 0.11135292 0.23924565

1510181668735 ROTATION_VECTOR 0.3338536 0.7090612 0.5747225

1510181668737 ACCELEROMETER 0.33587646 9.45343 -1.4745636

1510181668739 GYROSCOPE 4.7302246E-4 0.106552124 0.010238647

1510181668741 MAGNETIC_FIELD 21.472168 -43.251038 16.123962

1510181668919 ACCELEROMETER 0.38789368 9.504623 -1.9003143

1510181668920 GYROSCOPE 0.018630981 -0.08143616 -0.027145386

1510181668921 MAGNETIC_FIELD 21.069336 -43.33954 15.213013

1510181668922 GRAVITY 0.4101619 9.588528 -2.015512

1510181668922 LINEAR_ACCELERATION -0.1336979 0.08526802 0.48257828

1510181668923 ROTATION_VECTOR 0.3224318 0.70625794 0.5840068

1510181669126 LINEAR_ACCELERATION 0.23294383 0.03484726 0.27858663

1510181669129 ROTATION_VECTOR 0.33400938 0.69655365 0.5863319

1510181669132 GRAVITY 0.5095877 9.607805 -1.8975729

1510181669134 ACCELEROMETER 0.30882263 9.520081 -1.5682068

1510181669139 GYROSCOPE 0.0015411377 0.007217407 0.02305603

1510181669141 MAGNETIC_FIELD 20.362854 -42.243958 16.05072

1510181669327 GRAVITY 0.6486995 9.645819 -1.645524

1510181669330 LINEAR_ACCELERATION 0.1990239 0.004887581 0.38468802

1510181669332 ROTATION_VECTOR 0.34212866 0.6832616 0.5948701

1510181669335 ACCELEROMETER 0.7790985 9.472748 -1.4352112

1510181669338 GYROSCOPE -0.07002258 -0.10279846 0.032669067

1510181669340 MAGNETIC_FIELD 20.222473 -42.199707 15.982056

1510181669530 GRAVITY 0.614632 9.63139 -1.7403861

1510181669533 LINEAR_ACCELERATION -0.10798013 0.05165291 -0.19032478

1510181669535 ROTATION_VECTOR 0.36221582 0.6764131 0.5834768

1510181669537 ACCELEROMETER 0.76446533 9.475128 -1.3847198

1510181669541 GYROSCOPE 0.07203674 0.061691284 -0.0015106201

1510181669543 MAGNETIC_FIELD 21.455383 -42.225647 17.8833

1510181669732 GRAVITY 0.5075472 9.641191 -1.72053

1510181669735 LINEAR_ACCELERATION -0.28179324 0.062440872 0.09018433

1510181669737 ROTATION_VECTOR 0.3598687 0.6769174 0.5820105

1510181669739 ACCELEROMETER 0.46961975 9.541183 -1.8857117

1510181669742 GYROSCOPE -0.03477478 0.056350708 0.017715454

1510181669744 MAGNETIC_FIELD 21.632385 -41.80603 17.256165

1510181669931 GRAVITY 0.48785144 9.644777 -1.7060671

1510181669934 LINEAR_ACCELERATION 8.7565184E-4 -0.033201218 -0.14026058

1510181669936 ROTATION_VECTOR 0.37246662 0.6695176 0.57667154

1510181669938 ACCELEROMETER 0.24433899 9.569656 -1.5926819

1510181669940 GYROSCOPE -0.056137085 -0.093185425 -0.032485962

1510181669943 MAGNETIC_FIELD 19.795227 -42.626953 16.723633

1510181670132 GRAVITY 0.36947802 9.620723 -1.8642892

1510181670137 LINEAR_ACCELERATION -0.07977241 0.022145271 -0.16647124

1510181670139 ROTATION_VECTOR 0.3885083 0.6664185 0.5616491

1510181670141 ACCELEROMETER 0.45640564 9.475357 -1.8776703

1510181670145 GYROSCOPE 0.13612366 0.07450867 -0.043167114

1510181670147 MAGNETIC_FIELD 21.130371 -41.874695 16.169739

1510181670333 GRAVITY 0.43795708 9.621131 -1.847273

1510181670338 LINEAR_ACCELERATION 0.16263926 0.041517258 0.1154443

1510181670340 ROTATION_VECTOR 0.39992484 0.65897256 0.55905735

1510181670342 ACCELEROMETER 0.34197998 9.529251 -1.9790802

1510181670346 GYROSCOPE -0.09352112 -0.14445496 0.04335022

1510181670348 MAGNETIC_FIELD 21.070862 -43.762207 17.132568

1510181670537 GRAVITY 0.41642818 9.629051 -1.8106245

1510181670540 LINEAR_ACCELERATION -0.10427359 -0.03836727 0.026031137

1510181670542 ROTATION_VECTOR 0.40244147 0.656016 0.5581687

1510181670544 ACCELEROMETER 0.5302124 9.550858 -1.6464386

1510181670547 GYROSCOPE 0.06135559 0.0766449 6.2561035E-4

1510181670549 MAGNETIC_FIELD 21.455383 -43.096924 16.377258

1510181670737 GRAVITY 0.43581584 9.600494 -1.9521682

1510181670741 LINEAR_ACCELERATION 0.0028948784 0.023900032 -0.11998737

1510181670755 ROTATION_VECTOR 0.4079263 0.6581254 0.55244577

1510181670758 ACCELEROMETER 0.3664093 9.462158 -1.8561859

1510181670760 GYROSCOPE 0.03251648 0.0488739 -0.005783081

1510181670762 MAGNETIC_FIELD 20.881653 -41.452026 17.181396

1510181670940 GRAVITY 0.49074516 9.619893 -1.8404412

1510181670942 LINEAR_ACCELERATION 0.10267812 -0.025753021 0.2626543

1510181670945 ROTATION_VECTOR 0.40380833 0.6563347 0.55911267

1510181670947 ACCELEROMETER 0.4143219 9.523956 -1.9916534

1510181670950 GYROSCOPE -0.016616821 -0.02268982 0.0016937256

1510181670952 MAGNETIC_FIELD 21.2677 -42.50641 16.57257

1510181671141 GRAVITY 0.4636952 9.640356 -1.7375017

1510181671144 LINEAR_ACCELERATION 0.017200768 -0.006439209 0.18508708

1510181671146 ROTATION_VECTOR 0.4056727 0.6511663 0.5600744

1510181671148 ACCELEROMETER 0.5777588 9.460663 -1.5131683

1510181671151 GYROSCOPE -5.950928E-4 -0.06541443 -0.022872925

1510181671154 MAGNETIC_FIELD 21.627808 -42.25006 15.937805

1510181671341 GRAVITY 0.4145618 9.65008 -1.695435

1510181671344 LINEAR_ACCELERATION 0.06436208 0.028093338 -0.14904356

1510181671348 ROTATION_VECTOR 0.42032424 0.6401333 0.5522118

1510181671350 ACCELEROMETER 0.47702026 9.478882 -1.6166992

1510181671353 GYROSCOPE -0.121292114 -0.07395935 -0.036758423

1510181671355 MAGNETIC_FIELD 20.759583 -42.29889 17.15393

1510181671542 GRAVITY 0.42629033 9.648847 -1.6995358

1510181671547 LINEAR_ACCELERATION 0.09156293 -0.064661026 -0.16796565

1510181671549 ROTATION_VECTOR 0.43692392 0.6290864 0.5437262

1510181671551 ACCELEROMETER 0.5032501 9.528534 -1.7925873

1510181671554 GYROSCOPE 0.031448364 -0.017349243 0.015579224

1510181671556 MAGNETIC_FIELD 21.26007 -42.84973 16.894531

1510181671748 ACCELEROMETER 0.46536255 9.4661255 -1.858017

1510181671758 GYROSCOPE -0.001663208 -0.04298401 0.009170532

1510181671761 GRAVITY 0.44527873 9.629802 -1.7997336

1510181671763 LINEAR_ACCELERATION 0.014122248 0.044273376 -0.14846504

1510181671767 ROTATION_VECTOR 0.44948572 0.62427837 0.53520745

1510181671769 MAGNETIC_FIELD 21.089172 -42.871094 16.39862

1510181671950 ACCELEROMETER 0.42526245 9.552673 -1.8538208

1510181671954 GRAVITY 0.33985254 9.6584 -1.6643928

1510181671992 GYROSCOPE -0.025161743 -0.023757935 0.003829956

1510181672002 MAGNETIC_FIELD 21.720886 -43.043518 16.184998

1510181672002 LINEAR_ACCELERATION -0.21240488 -0.02643776 0.23499334

1510181672002 ROTATION_VECTOR 0.44001827 0.62549525 0.5396915

1510181672136 ACCELEROMETER 0.18252563 9.484665 -1.485321

1510181672137 GYROSCOPE -0.005935669 0.03605652 -0.018600464

1510181672138 MAGNETIC_FIELD 20.00885 -43.432617 15.710449

1510181672138 GRAVITY 0.45739228 9.65126 -1.6776043

1510181672139 LINEAR_ACCELERATION 0.25449434 -0.052283287 -0.081651926

1510181672139 ROTATION_VECTOR 0.45034635 0.6186454 0.5378401

1510181672350 ACCELEROMETER 0.78692627 9.416061 -1.57547

1510181672356 GYROSCOPE 1.0215912 1.6168671 -1.2202301

1510181672362 MAGNETIC_FIELD 20.585632 -43.0542 15.312195

1510181672367 GRAVITY -0.23063372 9.402287 -2.7774458

1510181672369 LINEAR_ACCELERATION 1.2668353 -0.9665165 -0.46931148

1510181672372 ROTATION_VECTOR 0.39539626 0.69661474 0.5132335

1510181672557 GRAVITY -0.7215663 9.427003 -2.6041002

1510181672569 LINEAR_ACCELERATION -2.870053 -1.8486395 0.49143243

1510181672589 ROTATION_VECTOR 0.24421974 0.7570528 0.56084585

1510181672602 ACCELEROMETER 0.19894409 8.09346 -3.364502

1510181672603 GYROSCOPE -1.4575043 1.0358124 0.16297913

1510181672603 MAGNETIC_FIELD 22.605896 -41.69922 18.824768

1510181672740 ACCELEROMETER -2.5842133 6.879593 -2.7204285

1510181672741 GYROSCOPE -3.8126984 0.13005066 -0.77482605

1510181672743 MAGNETIC_FIELD 27.55127 -37.49695 21.470642

1510181672743 GRAVITY -1.6849873 9.372492 2.342564

1510181672744 LINEAR_ACCELERATION -1.0631466 -5.054269 -0.7236645

1510181672744 ROTATION_VECTOR 0.092678346 0.60989606 0.74491155

1510181672952 ACCELEROMETER -3.7229004 5.208359 0.91218567

1510181672958 GRAVITY -6.0955405 6.3777013 4.2824874

1510181672962 LINEAR_ACCELERATION -0.46421528 2.9612308 -8.541416

1510181672968 ROTATION_VECTOR -0.17401333 0.5013714 0.77085024

1510181672971 GYROSCOPE -1.204361 2.4019318 -2.4934235

1510181672973 MAGNETIC_FIELD 28.207397 -39.37378 13.6276245

1510181673158 GRAVITY -7.3254533 4.6535063 4.5665097

1510181673173 LINEAR_ACCELERATION -4.683234 -6.728533 -0.6528621

1510181673173 ROTATION_VECTOR -0.39086282 0.33822933 0.84677106

1510181673173 ACCELEROMETER -7.1043854 6.5043945 -2.7324371

1510181673174 GYROSCOPE -3.614029 2.7522736 5.5911407

1510181673174 MAGNETIC_FIELD 38.67035 -30.047607 3.3416748

1510181673345 ACCELEROMETER -8.921082 -2.5276642 4.770752

1510181673346 GYROSCOPE -3.2295074 3.311966 2.5502167

1510181673346 MAGNETIC_FIELD 30.937195 -30.751038 -6.0012817

1510181673347 GRAVITY -6.05378 3.4520352 6.8996806

1510181673347 LINEAR_ACCELERATION 9.551041 -5.666136 5.5268855

1510181673348 ROTATION_VECTOR 0.374546 -0.08904778 -0.8857385

1510181673545 ACCELEROMETER 4.803665 -2.9634857 8.557663

1510181673546 GYROSCOPE -5.2674713 -1.3653107 -2.061905

1510181673547 MAGNETIC_FIELD 5.453491 -31.178284 -22.367859

1510181673548 LINEAR_ACCELERATION 5.428403 0.3345089 -7.3875675

1510181673548 GRAVITY -7.250808 -2.8798668 5.9415936

1510181673548 ROTATION_VECTOR 0.31821424 0.30952013 -0.82759136

1510181673747 ACCELEROMETER -4.351959 -1.3699188 2.5372772

1510181673748 GYROSCOPE -1.4318695 0.8136444 2.747818

1510181673749 MAGNETIC_FIELD 6.7214966 -21.463013 -33.062744

1510181673749 GRAVITY -7.0320287 -4.9853945 4.6761947

1510181673750 LINEAR_ACCELERATION 8.85302 13.288166 14.659878

1510181673750 ROTATION_VECTOR 0.0998186 0.50161403 -0.624247

1510181673948 ACCELEROMETER 2.4133759 11.410812 13.952744

1510181673949 GYROSCOPE 10.368668 12.241409 6.206375

1510181673950 MAGNETIC_FIELD 10.968018 -25.584412 -26.402283

1510181673951 GRAVITY -3.3545494 4.90805 -7.7992587

1510181673951 LINEAR_ACCELERATION -2.8743293 -6.3138742 2.7221427

1510181673952 ROTATION_VECTOR 0.80169183 0.50491756 -0.011993375

1510181674150 ACCELEROMETER -2.4523315 -5.0699463 -1.9628296

1510181674151 GYROSCOPE 4.3968353 1.7439728 -3.3404388

1510181674152 MAGNETIC_FIELD 3.6819458 -39.839172 15.756226

1510181674152 LINEAR_ACCELERATION -6.1889462 2.226368 0.3996253

1510181674153 GRAVITY 5.719062 -7.4222593 -2.8935783

1510181674153 ROTATION_VECTOR -0.80306333 0.051192675 -0.39154682

1510181674351 ACCELEROMETER -1.7312927 -2.5329742 -2.9784393

1510181674352 GYROSCOPE -0.8144989 -0.62724304 -0.8004608

1510181674354 MAGNETIC_FIELD 4.109192 -21.226501 39.942932

1510181674355 GRAVITY 8.260068 -5.2349057 -0.7330955

1510181674356 ROTATION_VECTOR -0.7038522 -0.20486477 -0.44986087

1510181674356 LINEAR_ACCELERATION -8.4011135 4.4179745 -7.1379943

1510181674552 ACCELEROMETER -1.5938873 -1.1068573 -9.454941

1510181674553 GYROSCOPE -3.0169525 -3.805954 -2.174057

1510181674554 MAGNETIC_FIELD 10.139465 -11.717224 44.615173

1510181674555 GRAVITY 7.2534385 -1.8737441 -6.3282776

1510181674555 LINEAR_ACCELERATION -11.782927 4.199587 -6.8377748

1510181674556 ROTATION_VECTOR -0.8596894 -0.2891133 -0.35289776

1510181674754 ACCELEROMETER -6.3328094 4.147461 -7.8899384

1510181674755 GYROSCOPE -7.991165 -6.261551 0.008102417

1510181674756 MAGNETIC_FIELD 19.895935 -23.010254 35.653687

1510181674756 GRAVITY 1.720503 5.7785306 -7.734264

1510181674757 LINEAR_ACCELERATION 2.1315784 -5.496428 14.487133

1510181674757 ROTATION_VECTOR 0.9454747 0.020380678 0.09945105

1510181674955 ACCELEROMETER 1.776947 -1.4802551 11.285934

1510181674956 GYROSCOPE 0.61357117 -0.2886505 -0.5110016

1510181674956 MAGNETIC_FIELD 8.439636 -26.58081 -31.983948

1510181674957 GRAVITY 0.01078642 9.700575 -1.4384396

1510181674957 LINEAR_ACCELERATION -0.6315443 -2.4433193 9.996533

1510181674958 ROTATION_VECTOR 0.7479756 -0.11778165 -0.10088686

1510181675157 ACCELEROMETER -1.1418457 3.5763245 9.445221

1510181675157 GYROSCOPE 0.05921936 -0.27583313 0.118118286

1510181675158 MAGNETIC_FIELD -7.4172974 -13.778687 -41.732788

1510181675158 GRAVITY -0.5085256 9.725493 -1.1517683

1510181675159 LINEAR_ACCELERATION -0.020292342 -1.6497397 10.649245

1510181675159 ROTATION_VECTOR 0.1970043 -0.72105 -0.6490671

1510181675359 ACCELEROMETER -0.29815674 3.7440186 9.541351

1510181675361 GYROSCOPE -0.15226746 0.67585754 0.1053009

1510181675361 MAGNETIC_FIELD -12.57019 -11.853027 -40.238953

1510181675362 GRAVITY -0.3379675 9.79722 -0.2657631

1510181675362 LINEAR_ACCELERATION -0.9111483 -1.7824106 8.812376

1510181675362 ROTATION_VECTOR 0.30549568 -0.64824575 -0.6407853

