1510181610478 ACCELEROMETER 1.0085754 5.590225 7.24852

1510181610481 GYROSCOPE 0.32731628 -0.08570862 -0.10191345

1510181610481 MAGNETIC_FIELD -8.979797 -40.42206 -25.30365

1510181610482 GRAVITY 0.68769974 5.82317 7.8605437

1510181610482 LINEAR_ACCELERATION 0.0 0.0 -0.0

1510181610483 ROTATION_VECTOR 0.0 0.0 0.0

1510181610680 ACCELEROMETER 0.8173828 5.703949 8.898346

1510181610683 GYROSCOPE -0.15013123 -0.13163757 0.113845825

1510181610684 MAGNETIC_FIELD -7.2921753 -40.42206 -26.287842

1510181610684 GRAVITY 0.89682454 5.7810564 7.870545

1510181610685 LINEAR_ACCELERATION 0.07112497 0.08927822 0.48198128

1510181610685 ROTATION_VECTOR 0.0018922566 -0.31418195 -0.93724597

1510181611521 ACCELEROMETER -0.057769775 5.4964905 6.850769

1510181611521 GYROSCOPE -0.121292114 -0.67103577 0.16511536

1510181611522 MAGNETIC_FIELD -6.416321 -40.690613 -25.967407

1510181611522 GRAVITY 1.343664 6.0504327 7.599817

1510181611523 LINEAR_ACCELERATION -1.4698622 -0.40294456 -0.6507249

1510181611523 ROTATION_VECTOR -0.012213701 -0.33521336 -0.92648464

1510181611722 ACCELEROMETER 1.2015991 6.153534 6.979431

1510181611723 GYROSCOPE -0.33598328 -0.0632782 -0.0015106201

1510181611723 MAGNETIC_FIELD -7.8125 -41.833496 -21.30127

1510181611724 GRAVITY 1.9133723 5.7782626 7.689023

1510181611725 LINEAR_ACCELERATION -0.61777544 0.62088346 -0.2956519

1510181611725 ROTATION_VECTOR -0.04074457 -0.3260503 -0.9264917

1510181611923 ACCELEROMETER 0.9075775 5.9173737 7.633301

1510181611924 GYROSCOPE 0.0015411377 -0.12309265 -0.012191772

1510181611925 MAGNETIC_FIELD -8.917236 -42.1875 -22.659302

1510181611926 GRAVITY 1.9163858 5.582996 7.8312206

1510181611926 LINEAR_ACCELERATION -0.87765706 0.55222654 0.093642235

1510181611927 ROTATION_VECTOR -0.038668826 -0.3149978 -0.92776555

1510181612125 ACCELEROMETER 0.53752136 5.9357147 7.542557

1510181612126 GYROSCOPE 0.24720764 0.06916809 0.22920227

1510181612127 MAGNETIC_FIELD -8.525085 -40.32898 -23.242188

1510181612127 GRAVITY 1.9148556 5.780463 7.6869993

1510181612128 LINEAR_ACCELERATION -1.2755355 0.3432994 0.04562998

1510181612128 ROTATION_VECTOR -0.030346762 -0.32733956 -0.9200968

1510181612326 ACCELEROMETER 0.047180176 5.4373627 7.046768

1510181612327 GYROSCOPE -0.9672394 -0.12843323 0.06791687

1510181612327 MAGNETIC_FIELD -8.847046 -42.37976 -23.995972

1510181612328 GRAVITY 1.923976 5.2583404 8.050997

1510181612328 LINEAR_ACCELERATION -1.9817591 0.54212046 -0.7816558

1510181612329 ROTATION_VECTOR -0.029124072 -0.29776698 -0.92375565

1510181612528 ACCELEROMETER 1.6149597 5.279953 8.790558

1510181612528 GYROSCOPE 0.29634094 0.08946228 -0.13609314

1510181612529 MAGNETIC_FIELD -13.134766 -40.820313 -23.612976

1510181612529 GRAVITY 1.8857079 4.737477 8.3768015

1510181612530 LINEAR_ACCELERATION -0.14334571 0.68683386 0.8086958

1510181612530 ROTATION_VECTOR -0.033585075 -0.26790676 -0.93194044

1510181612729 ACCELEROMETER 1.8673553 5.8234406 7.2169952

1510181612730 GYROSCOPE 0.28886414 0.20481873 -0.17240906

1510181612730 MAGNETIC_FIELD -10.475159 -38.453674 -25.30365

1510181612731 GRAVITY 1.53361 5.348425 8.075443

1510181612731 LINEAR_ACCELERATION 0.36380088 0.66552305 -0.6650882

1510181612732 ROTATION_VECTOR -0.012101436 -0.29685107 -0.9278176

1510181612931 ACCELEROMETER 1.206955 5.139984 9.481033

1510181612932 GYROSCOPE -0.27189636 -0.35594177 0.20249939

1510181612932 MAGNETIC_FIELD -10.879517 -38.1958 -26.67694

1510181612933 GRAVITY 1.6239711 5.2980776 8.09095

1510181612933 LINEAR_ACCELERATION -0.34904826 -2.2935867E-4 1.6187797

1510181612934 ROTATION_VECTOR -0.02288826 -0.29487705 -0.9322443

1510181613138 ACCELEROMETER 1.4671631 5.0715485 8.602814

1510181613138 GYROSCOPE 0.20768738 0.115097046 -0.014328003

1510181613139 MAGNETIC_FIELD -11.773682 -37.21466 -26.913452

1510181613139 GRAVITY 1.8825756 5.182835 8.109532

1510181613139 LINEAR_ACCELERATION -0.3653524 -0.05544424 0.8936167

1510181613140 ROTATION_VECTOR -0.036049567 -0.29194066 -0.9315478

1510181613339 ROTATION_VECTOR -0.015287089 -0.30855668 -0.9288022

1510181613340 LINEAR_ACCELERATION -0.07336795 -0.09259558 -0.24467564

1510181613340 GRAVITY 1.5170448 5.559576 7.9347386

1510181613340 ACCELEROMETER 1.2272491 5.375702 7.6249084

1510181613341 GYROSCOPE 0.19700623 0.17277527 -0.24076843

1510181613341 MAGNETIC_FIELD -11.239624 -38.15918 -26.374817

1510181613540 LINEAR_ACCELERATION -1.3332787 0.22784805 -0.10010433

1510181613541 GRAVITY 1.1608065 5.718311 7.8818674

1510181613541 ROTATION_VECTOR -4.5573557E-4 -0.3132673 -0.9309564

1510181613542 ACCELEROMETER -0.086013794 5.8112335 7.5708466

1510181613542 GYROSCOPE -0.06361389 0.0050811768 0.017715454

1510181613542 MAGNETIC_FIELD -9.117126 -41.023254 -24.920654

1510181613742 GRAVITY 1.1690533 5.7027335 7.891928

1510181613742 ROTATION_VECTOR -0.003930246 -0.3124231 -0.93290854

1510181613743 LINEAR_ACCELERATION -0.5269785 0.06824207 -0.015271187

1510181613743 ACCELEROMETER 0.625412 5.642105 7.7684174

1510181613743 GYROSCOPE 0.039993286 -0.041915894 0.003829956

1510181613744 MAGNETIC_FIELD -9.867859 -40.611267 -25.30365

1510181613951 ACCELEROMETER 0.67477417 5.696411 7.942398

1510181613954 GRAVITY 1.1846949 5.7540636 7.852237

1510181613956 LINEAR_ACCELERATION -0.4936973 0.0754385 0.2711196

1510181613958 ROTATION_VECTOR -0.003816801 -0.31564656 -0.93162113

1510181613960 GYROSCOPE 0.035720825 0.02003479 0.04762268

1510181613963 MAGNETIC_FIELD -7.8308105 -39.585876 -24.719238

1510181614149 GRAVITY 1.1689038 5.729811 7.8723135

1510181614152 LINEAR_ACCELERATION -0.45339155 0.14147282 0.21401262

1510181614154 ROTATION_VECTOR -0.0024345398 -0.31403473 -0.9316916

1510181614156 ACCELEROMETER 0.6829071 5.7553253 7.913101

1510181614158 GYROSCOPE -0.05506897 0.027511597 0.03694153

1510181614160 MAGNETIC_FIELD -9.274292 -39.79492 -24.990845

1510181614353 GRAVITY 0.8774285 5.757932 7.889659

1510181614361 LINEAR_ACCELERATION -0.17019755 -0.0070090294 0.053372383

1510181614364 ROTATION_VECTOR 0.014909015 -0.31227723 -0.9311413

1510181614366 ACCELEROMETER 0.7103882 5.6496887 7.8949585

1510181614368 GYROSCOPE 0.09767151 0.19947815 -0.0773468

1510181614370 MAGNETIC_FIELD -8.528137 -40.87372 -25.680542

1510181614554 GRAVITY 0.60103583 5.8622236 7.8385887

1510181614563 LINEAR_ACCELERATION -0.20075232 0.13265753 0.22535276

1510181614565 ROTATION_VECTOR 0.027626818 -0.31556293 -0.93152374

1510181614567 ACCELEROMETER 0.34057617 5.982483 7.868698

1510181614570 GYROSCOPE 0.037857056 -0.025894165 0.026260376

1510181614572 MAGNETIC_FIELD -7.7545166 -40.361023 -24.438477

1510181614758 GRAVITY 0.6949719 5.857835 7.834103

1510181614764 LINEAR_ACCELERATION 0.0060197115 0.33722496 -0.29229593

1510181614766 ROTATION_VECTOR 0.012825946 -0.31687126 -0.9364876

1510181614769 ACCELEROMETER 0.62794495 6.106491 7.5234985

1510181614771 GYROSCOPE -0.29219055 -0.34098816 -0.37321472

1510181614773 MAGNETIC_FIELD -8.216858 -40.849304 -22.706604

1510181614959 ACCELEROMETER -0.11155701 5.836563 8.081818

1510181614965 GYROSCOPE 0.34440613 0.5530243 0.11705017

1510181614967 MAGNETIC_FIELD -8.135986 -42.27295 -23.612976

1510181614969 GRAVITY 0.3447182 5.899462 7.8261037

1510181614971 LINEAR_ACCELERATION -0.5960298 -0.105370045 0.49414206

1510181614973 ROTATION_VECTOR 0.028668614 -0.31647727 -0.9377025

1510181615160 GRAVITY 0.3193114 6.179259 7.6082315

1510181615166 LINEAR_ACCELERATION 0.61531293 0.20763445 -0.7166543

1510181615169 ROTATION_VECTOR 0.032571312 -0.33320755 -0.93184036

1510181615171 ACCELEROMETER 0.9248352 6.255707 6.9960785

1510181615173 GYROSCOPE -0.011276245 -0.39546204 -0.012191772

1510181615175 MAGNETIC_FIELD -8.305359 -41.43219 -22.076416

1510181615355 ACCELEROMETER 0.96495056 6.0874023 7.335022

1510181615360 GYROSCOPE 0.0058135986 -0.3014679 -0.23649597

1510181615362 MAGNETIC_FIELD -8.998108 -41.81366 -22.781372

1510181615365 GRAVITY 0.7162774 6.1833315 7.5778456

1510181615378 LINEAR_ACCELERATION 0.35224652 -0.02159834 -0.14452934

1510181615381 ROTATION_VECTOR 0.003633122 -0.33708188 -0.93399256

1510181615555 GRAVITY 0.04246315 6.2905993 7.5230937

1510181615556 LINEAR_ACCELERATION 0.9788889 -0.020587444 -0.44733572

1510181615556 ROTATION_VECTOR 0.04146615 -0.33868796 -0.9322255

1510181615557 ACCELEROMETER 1.0713196 6.2233887 6.9684296

1510181615557 GYROSCOPE 0.10194397 1.078537 0.01878357

1510181615557 MAGNETIC_FIELD -9.240723 -42.27295 -23.257446

1510181615764 ROTATION_VECTOR 0.08442562 -0.33586788 -0.9314145

1510181615770 LINEAR_ACCELERATION 1.7076449 -0.25713444 0.019377232

1510181615772 GRAVITY -0.80484915 6.321041 7.4543304

1510181615775 ACCELEROMETER 0.924057 5.9696045 7.393341

1510181615777 GYROSCOPE -0.056137085 -0.032302856 -0.25465393

1510181615779 MAGNETIC_FIELD -9.338379 -41.114807 -20.263672

1510181615962 ACCELEROMETER 0.4868164 6.0531464 7.597931

1510181615971 GYROSCOPE 0.20127869 -0.014144897 0.016647339

1510181615974 MAGNETIC_FIELD -8.027649 -42.440796 -22.077942

1510181615976 GRAVITY -0.43598485 6.3203955 7.485513

1510181615978 LINEAR_ACCELERATION 0.95817196 -0.17320967 0.23614693

1510181615980 ROTATION_VECTOR 0.041007407 -0.3415603 -0.9377623

1510181616168 GRAVITY -0.069760665 6.3813653 7.4460526

1510181616174 LINEAR_ACCELERATION 0.9435806 -0.1450963 -0.16011238

1510181616176 ROTATION_VECTOR 0.006891858 -0.34685656 -0.9378554

1510181616178 ACCELEROMETER 0.8407135 6.036194 7.237549

1510181616181 GYROSCOPE -0.12556458 0.10014343 -0.090164185

1510181616183 MAGNETIC_FIELD -6.755066 -42.366028 -22.276306

1510181616372 GRAVITY 0.16839428 6.077558 7.6944995

1510181616377 LINEAR_ACCELERATION 0.49820665 -0.09307861 0.12987232

1510181616380 ROTATION_VECTOR 0.019954277 0.32755387 0.944103

1510181616382 ACCELEROMETER 0.6619415 5.863083 7.719864

1510181616384 GYROSCOPE -0.18110657 -0.4349823 -0.33796692

1510181616386 MAGNETIC_FIELD -6.694031 -41.201782 -23.139954

1510181616570 GRAVITY 0.20490037 5.9390883 7.8010025

1510181616576 LINEAR_ACCELERATION 0.09523319 0.10938978 0.7813716

1510181616578 ROTATION_VECTOR 0.022558179 0.31898388 0.94687384

1510181616581 ACCELEROMETER 0.36354065 5.940384 8.222244

1510181616583 GYROSCOPE 0.022903442 0.28919983 0.2035675

1510181616585 MAGNETIC_FIELD -7.293701 -41.7984 -23.303223

1510181616768 GRAVITY 0.117845505 5.859199 7.8629694

1510181616770 LINEAR_ACCELERATION 1.0256933 0.15917683 -0.36862803

1510181616772 ROTATION_VECTOR 0.013023444 0.31453225 0.9489427

1510181616775 ACCELEROMETER 1.1063843 5.8615723 7.43721

1510181616777 GYROSCOPE -0.1415863 -0.061141968 -0.1403656

1510181616779 MAGNETIC_FIELD -7.1624756 -42.689514 -22.821045

1510181616971 ACCELEROMETER 0.39042664 5.688385 8.123459

1510181616977 GYROSCOPE -0.020889282 -0.0034637451 0.109573364

1510181616979 MAGNETIC_FIELD -7.6065063 -40.66162 -23.957825

1510181616981 GRAVITY 0.16367465 5.7217684 7.9627233

1510181616984 LINEAR_ACCELERATION 0.23307511 0.058781624 0.4012947

1510181616986 ROTATION_VECTOR 0.013353619 0.30632627 0.9517263

1510181617175 GRAVITY 0.20340896 5.6581736 8.007127

1510181617181 LINEAR_ACCELERATION 0.54069984 0.26510143 -0.4844246

1510181617184 ACCELEROMETER 0.7581177 5.787323 7.3780365

1510181617186 ROTATION_VECTOR -0.010575629 -0.3027182 -0.95302093

1510181617188 GYROSCOPE -0.08177185 0.063827515 -0.0068511963

1510181617191 MAGNETIC_FIELD -6.915283 -41.53595 -22.95227

1510181617373 GRAVITY 0.04749485 5.3835406 8.196684

1510181617383 LINEAR_ACCELERATION 0.7827306 0.37481594 -0.40258217

1510181617385 ROTATION_VECTOR 6.8617996E-4 -0.28650475 -0.9580183

1510181617387 ACCELEROMETER 0.80358887 5.663254 7.6428375

1510181617389 GYROSCOPE -0.28364563 0.1823883 0.016647339

1510181617391 MAGNETIC_FIELD -7.1411133 -41.22162 -24.583435

1510181617578 ACCELEROMETER 0.8014679 5.887665 7.024063

1510181617585 GYROSCOPE -0.71195984 0.08946228 -0.092300415

1510181617587 MAGNETIC_FIELD -5.7250977 -41.134644 -25.149536

1510181617589 GRAVITY -0.17940696 4.623038 8.646718

1510181617591 LINEAR_ACCELERATION 0.99112916 1.3377228 -1.4176006

1510181617594 ROTATION_VECTOR 0.0121402005 -0.24288417 -0.96991897

1510181617779 GRAVITY -0.15651219 4.265767 8.828879

1510181617785 LINEAR_ACCELERATION -0.35840464 1.8064947 0.50950336

1510181617787 ROTATION_VECTOR -0.007530253 0.22314951 0.97475094

1510181617790 ACCELEROMETER -0.38520813 6.204529 9.253876

1510181617792 GYROSCOPE 0.23652649 -0.28651428 -0.19697571

1510181617795 MAGNETIC_FIELD -4.949951 -37.646484 -27.485657

1510181617980 ACCELEROMETER 1.2803955 6.157257 8.357605

1510181617986 GRAVITY 1.2271582 3.8349528 8.941901

1510181617989 LINEAR_ACCELERATION 0.40450382 3.0517118 -0.4964056

1510181617991 ROTATION_VECTOR 0.07190184 0.1972816 0.9769321

1510181617993 GYROSCOPE -0.86683655 -1.3824005 -0.17240906

1510181617996 MAGNETIC_FIELD -3.050232 -35.464478 -34.45282

1510181618179 ACCELEROMETER 0.32754517 0.31474304 11.417694

1510181618183 GRAVITY 2.1875522 3.1563752 9.023431

1510181618185 LINEAR_ACCELERATION -2.0593002 -3.0320058 2.7527685

1510181618187 ROTATION_VECTOR -0.1135151 -0.16446096 -0.97982824

1510181618190 GYROSCOPE 0.33692932 0.24967957 0.3146515

1510181618192 MAGNETIC_FIELD -0.6240845 -40.5838 -27.526855

1510181618377 GRAVITY 1.8844887 3.9329538 8.783562

1510181618381 LINEAR_ACCELERATION -1.3462428 -0.4192555 -1.4333925

1510181618383 ROTATION_VECTOR -0.096073516 -0.20720245 -0.9734911

1510181618386 ACCELEROMETER 0.38578796 3.6826782 7.349304

1510181618388 GYROSCOPE 0.46723938 -0.039779663 -0.51527405

1510181618390 MAGNETIC_FIELD -1.5411377 -37.532043 -32.11975

1510181618577 GRAVITY 1.3652016 5.337253 8.112974

1510181618581 LINEAR_ACCELERATION -2.6629267 -0.20877934 1.2037692

1510181618583 ROTATION_VECTOR 0.085081995 0.28127304 0.9549518

1510181618586 ACCELEROMETER -1.3613892 4.948822 9.22168

1510181618588 GYROSCOPE 0.9938202 -0.059005737 -0.6017914

1510181618590 MAGNETIC_FIELD 1.1917114 -38.842773 -30.421448

1510181618781 GRAVITY 0.7256785 5.800469 7.873903

1510181618785 LINEAR_ACCELERATION -1.4801514 -1.2352924 0.5370245

1510181618787 ROTATION_VECTOR 0.059015125 0.3083179 0.9474668

1510181618789 ACCELEROMETER -0.4734497 4.561661 8.29454

1510181618817 GYROSCOPE -0.4000702 0.55729675 0.28581238

1510181618825 MAGNETIC_FIELD 0.88653564 -39.157104 -31.88324

1510181618978 GRAVITY 0.34516472 5.954026 7.7846527

1510181618979 LINEAR_ACCELERATION 0.35698524 -0.9117489 2.0716052

1510181618979 ROTATION_VECTOR 0.040538713 0.3185118 0.94481844

1510181618980 ACCELEROMETER 0.46418762 4.9662323 9.615936

1510181618980 GYROSCOPE 0.7011566 -0.06434631 -0.31126404

1510181618980 MAGNETIC_FIELD -0.37384033 -39.413452 -29.241943

1510181619188 ACCELEROMETER -0.6560974 4.8453674 7.993469

1510181619200 GRAVITY 0.14754423 6.3241844 7.4935513

1510181619214 LINEAR_ACCELERATION -0.7802111 -1.3430424 0.5072813

1510181619217 ROTATION_VECTOR 0.031572677 0.34196255 0.9369649

1510181619219 GYROSCOPE -0.15226746 0.20695496 0.22920227

1510181619221 MAGNETIC_FIELD -1.0375977 -37.21466 -30.789185

1510181619383 GRAVITY 0.176545 6.0697837 7.700451

1510181619389 LINEAR_ACCELERATION -0.5018323 -1.1190143 1.0218053

1510181619391 ROTATION_VECTOR 0.024635116 0.32677114 0.9437756

1510181619393 ACCELEROMETER -0.35510254 4.936981 8.709595

1510181619395 GYROSCOPE -0.08818054 0.0029449463 0.11277771

1510181619397 MAGNETIC_FIELD -0.08544922 -39.353943 -28.933716

1510181619593 GRAVITY 0.35867518 5.922655 7.807938

1510181619599 ACCELEROMETER -0.3269348 4.5842743 8.976044

1510181619601 LINEAR_ACCELERATION -0.7905917 -1.2122984 1.4565144

1510181619603 ROTATION_VECTOR 0.029143102 0.31789407 0.94722486

1510181619606 GYROSCOPE 0.0036773682 -0.154068 0.06150818

1510181619608 MAGNETIC_FIELD 0.642395 -38.208008 -29.07257

1510181619793 ACCELEROMETER 0.08728027 4.7331543 8.317139

1510181619800 GRAVITY 0.8302181 6.060569 7.664896

1510181619802 LINEAR_ACCELERATION -0.72674626 -1.2390108 0.5920205

1510181619804 ROTATION_VECTOR 0.05391965 0.32602414 0.9434588

1510181619807 GYROSCOPE 0.2440033 -0.48197937 -0.029281616

1510181619809 MAGNETIC_FIELD -0.46691895 -39.665222 -29.652405

1510181619983 ACCELEROMETER 0.10456848 4.7105865 8.467789

1510181619983 GYROSCOPE -0.40434265 0.18452454 0.2527008

1510181619985 GRAVITY 1.1406511 5.861435 7.779002

1510181619986 LINEAR_ACCELERATION -1.0538542 -1.098702 0.85992193

1510181619988 ROTATION_VECTOR 0.06354014 0.31518868 0.94687814

1510181619995 MAGNETIC_FIELD -2.6611328 -38.682556 -30.877686

1510181620197 ACCELEROMETER 0.50094604 4.5729065 8.834351

1510181620208 GYROSCOPE 0.049606323 -0.20640564 -0.22047424

1510181620211 MAGNETIC_FIELD -1.385498 -38.928223 -30.122375

1510181620213 GRAVITY 1.1464605 5.5244007 8.021035

1510181620216 LINEAR_ACCELERATION -0.55833364 -0.8735275 0.8879132

1510181620219 ROTATION_VECTOR -0.061067395 -0.29548568 -0.9533931

1510181620398 ACCELEROMETER -0.108444214 4.4337463 8.366089

1510181620407 GYROSCOPE -0.076431274 0.021102905 0.17579651

1510181620417 MAGNETIC_FIELD -2.180481 -38.542175 -29.61731

1510181620433 GRAVITY 1.2020633 5.4657946 8.052982

1510181620442 LINEAR_ACCELERATION -1.3259022 -0.9115405 0.5564971

1510181620451 ROTATION_VECTOR 0.06505304 0.29185662 0.9542434

1510181620590 ACCELEROMETER 0.27671814 4.3728333 8.362457

1510181620590 GYROSCOPE -0.14692688 -0.2032013 -0.07307434

1510181620591 MAGNETIC_FIELD -1.6860962 -38.407898 -31.008911

1510181620591 GRAVITY 1.0169781 5.062788 8.336925

1510181620591 LINEAR_ACCELERATION -0.8003763 -0.55480814 0.13167477

1510181620592 ROTATION_VECTOR -0.04361375 -0.27024612 -0.96110016

1510181620789 ACCELEROMETER 0.47157288 4.093567 8.922867

1510181620791 GYROSCOPE -0.8860626 -0.9466095 -0.13716125

1510181620792 MAGNETIC_FIELD -3.2714844 -36.621094 -33.00476

1510181620792 LINEAR_ACCELERATION -1.2450321 0.048397064 0.82699203

1510181620793 GRAVITY 1.8503711 4.1802297 8.675955

1510181620801 ROTATION_VECTOR -0.09225607 -0.22167145 -0.9705051

1510181621001 ACCELEROMETER 0.37765503 3.584488 7.15007

1510181621008 GYROSCOPE -0.080703735 1.0165863 -0.2877655

1510181621013 MAGNETIC_FIELD -4.159546 -33.792114 -34.928894

1510181621025 GRAVITY 1.5647523 3.4476008 9.046325

1510181621038 LINEAR_ACCELERATION -1.0573534 0.38059616 -1.9340124

1510181621044 ROTATION_VECTOR -0.0779145 -0.180818 -0.98024464

1510181621189 ACCELEROMETER -1.3287506 1.7983704 9.127274

1510181621190 GYROSCOPE -0.092453 1.2590485 0.008102417

1510181621191 MAGNETIC_FIELD -2.7130127 -27.664185 -39.186096

1510181621191 GRAVITY -0.6656555 3.2658274 9.222888

1510181621192 LINEAR_ACCELERATION -0.49949944 -1.199209 0.4427948

1510181621192 ROTATION_VECTOR -0.03400126 0.16913754 0.9850022

1510181621391 ACCELEROMETER 6.936325 3.6251373 12.1150055

1510181621391 GYROSCOPE -9.191727 -2.063858 -1.664566

1510181621392 MAGNETIC_FIELD 6.5719604 -28.248596 -40.21759

1510181621392 GRAVITY -0.11236855 -5.199705 8.313893

1510181621393 LINEAR_ACCELERATION 8.0239105 7.986156 3.0380144

1510181621393 ROTATION_VECTOR -0.06464088 -0.26819947 0.9390827

1510181621592 ACCELEROMETER -14.236618 -4.3802032 9.019913

1510181621592 GYROSCOPE 0.35188293 12.464645 4.5315704

1510181621593 MAGNETIC_FIELD 21.62323 -6.776428 -43.382263

1510181621593 GRAVITY -2.7773588 -9.404735 -0.087314524

1510181621598 LINEAR_ACCELERATION -13.294868 6.4282665 10.87589

1510181621615 ROTATION_VECTOR -0.58130324 -0.40809113 0.5510912

1510181621793 ACCELEROMETER -11.165848 -4.2058716 11.00679

1510181621795 GYROSCOPE 0.99916077 -2.1343536 -0.6744232

1510181621796 MAGNETIC_FIELD 13.6657715 -37.646484 -28.192139

1510181621796 GRAVITY -4.3637567 -7.7423277 -4.145404

1510181621796 LINEAR_ACCELERATION -6.4918294 -0.2750988 13.068988

1510181621797 ROTATION_VECTOR -0.8222047 0.18797933 0.15284514

1510181621994 ACCELEROMETER -7.546402 2.846756 11.213684

1510181621995 GYROSCOPE -0.147995 -0.80882263 -1.6987457

1510181621997 MAGNETIC_FIELD 15.608215 -9.947205 -42.00592

1510181621997 GRAVITY -3.8292618 -8.8240185 -1.9088832

1510181621998 LINEAR_ACCELERATION -4.490164 12.1389885 13.547978

1510181621998 ROTATION_VECTOR -0.76887405 0.078477174 0.1922009

1510181622196 ACCELEROMETER -4.6943207 -0.9085388 9.915619

1510181622197 GYROSCOPE -3.114151 -2.8905792 -0.8186188

1510181622197 MAGNETIC_FIELD 4.0756226 -7.293701 -44.107056

1510181622198 GRAVITY -3.487873 -8.522165 -3.3731034

1510181622199 LINEAR_ACCELERATION -1.7370496 6.198644 13.446833

1510181622199 ROTATION_VECTOR -0.817767 -0.05689879 0.25320417

1510181622397 ACCELEROMETER -2.627243 -2.9631805 4.1647186

1510181622398 GYROSCOPE -0.97898865 -0.81843567 -0.008987427

1510181622398 MAGNETIC_FIELD 11.273193 -10.865784 -40.229797

1510181622399 GRAVITY -5.1537037 -6.8029823 -4.8300266

1510181622399 LINEAR_ACCELERATION 0.4501853 2.2781992 7.55737

1510181622400 ROTATION_VECTOR -0.8616396 -0.061967947 0.33219302

1510181622599 ACCELEROMETER -1.0602722 -1.9485779 8.437088

1510181622599 GYROSCOPE 0.19487 0.32658386 -0.088027954

1510181622600 MAGNETIC_FIELD -0.12664795 -6.6818237 -44.000244

1510181622601 GRAVITY -5.4910364 -6.6964893 -4.6017313

1510181622602 LINEAR_ACCELERATION 3.0917985 2.763887 11.607925

1510181622602 ROTATION_VECTOR -0.85451615 0.06652194 0.29473928

1510181622800 ACCELEROMETER -0.87176514 -1.1860657 8.312805

1510181622801 GYROSCOPE 0.30595398 0.21763611 0.43748474

1510181622802 MAGNETIC_FIELD -3.7490845 -3.9962769 -44.63806

1510181622802 GRAVITY -5.6367335 -6.9278345 -4.050028

1510181622803 LINEAR_ACCELERATION 2.938164 3.4284072 10.819536

1510181622804 ROTATION_VECTOR -0.83604354 0.0867474 0.29672214

1510181623001 ACCELEROMETER -1.6698151 -0.6886902 10.016769

1510181623002 GYROSCOPE 0.25254822 -0.5396576 0.6575165

1510181623004 MAGNETIC_FIELD -0.59661865 -5.9814453 -43.276978

1510181623004 GRAVITY -6.706331 -6.618141 -2.7195096

1510181623005 LINEAR_ACCELERATION 2.3862538 3.4649801 11.878368

1510181623006 ROTATION_VECTOR -0.7970208 0.058431283 0.39584187

1510181623203 ACCELEROMETER -0.7209625 -0.4590912 9.504471

1510181623206 GYROSCOPE -0.19178772 0.8253937 0.08287048

1510181623206 MAGNETIC_FIELD -2.2857666 -8.180237 -43.185425

1510181623207 GRAVITY -7.2531734 -6.244535 -2.1372051

1510181623208 LINEAR_ACCELERATION 3.6972432 3.219541 10.6197605

1510181623208 ROTATION_VECTOR -0.7799496 0.02541194 0.46035588

