1504140555494 ACCELEROMETER 0.7307129 5.7072144 8.663925

1504140555496 GYROSCOPE -0.059509277 -0.036743164 0.9777832

1504140555497 MAGNETIC_FIELD -36.958313 -5.895996 -34.35211

1504140555498 GRAVITY 0.74555445 4.2414336 8.8104925

1504140555498 LINEAR_ACCELERATION 0.0 0.0 -0.0

1504140555499 ROTATION_VECTOR 0.0 0.0 0.0

1504140555695 ACCELEROMETER 3.091156 3.7498474 10.444962

1504140555697 GYROSCOPE -0.118255615 0.09249878 0.3112793

1504140555699 MAGNETIC_FIELD -35.777283 -5.055237 -32.218933

1504140555699 GRAVITY 1.1674472 4.464686 8.652978

1504140555700 LINEAR_ACCELERATION 0.13985968 1.248632 1.2975368

1504140555700 ROTATION_VECTOR 0.16735555 -0.17553638 -0.5099682

1504140555896 ACCELEROMETER 4.23645 3.32901 5.425873

1504140555897 GYROSCOPE 0.0077819824 0.4449768 0.6060791

1504140555898 MAGNETIC_FIELD -33.415222 -3.7094116 -34.843445

1504140555898 GRAVITY 1.9836792 3.8717132 8.788927

1504140555899 LINEAR_ACCELERATION 1.4471656 -1.7186828 -2.0451279

1504140555899 ROTATION_VECTOR 0.13574986 -0.18292458 -0.4313034

1504140556096 ACCELEROMETER 2.1642914 8.49913 9.086945

1504140556097 GYROSCOPE -1.7684937 -1.5684204 0.71502686

1504140556098 MAGNETIC_FIELD -38.139343 -7.0739746 -30.906677

1504140556099 GRAVITY 3.5729203 3.2719414 8.526372

1504140556099 LINEAR_ACCELERATION 0.7961335 4.3251467 0.23888779

1504140556100 ROTATION_VECTOR 0.09671252 -0.23647979 -0.3344601

1504140556333 ACCELEROMETER 0.44003296 5.354782 9.712601

1504140556334 GYROSCOPE -0.4109192 0.28689575 0.06561279

1504140556335 GRAVITY 4.4073706 1.7449847 8.5849

1504140556335 LINEAR_ACCELERATION -4.5313997 3.8924387 -1.5819826

1504140556336 ROTATION_VECTOR -0.0017536666 -0.24957737 -0.3627891

1504140556534 ACCELEROMETER 2.958847 3.6262665 7.6213226

1504140556535 GYROSCOPE -1.539917 1.6669006 -0.28045654

1504140556536 MAGNETIC_FIELD -35.53772 -10.687256 -30.717468

1504140556537 LINEAR_ACCELERATION 0.46174788 4.2761545 1.6093607

1504140556537 GRAVITY 2.5614526 0.9941571 9.413873

1504140556538 ROTATION_VECTOR -0.0056371344 -0.1414012 -0.3946618

1504140556736 ACCELEROMETER 2.6185913 3.5028992 9.204971

1504140556737 GYROSCOPE -1.3807678 -1.2981873 -1.6850281

1504140556738 MAGNETIC_FIELD -24.44458 -2.507019 -40.776062

1504140556739 GRAVITY 2.3842187 -0.7506436 9.482743

1504140556739 LINEAR_ACCELERATION 1.758225 3.541616 -3.0694199

1504140556740 ROTATION_VECTOR -0.09111828 -0.090620674 -0.46069458

1504140556937 ACCELEROMETER -0.81359863 5.617691 7.7062073

1504140556938 GYROSCOPE 0.90393066 0.62335205 -0.27404785

1504140556939 MAGNETIC_FIELD -33.77533 -2.2827148 -36.402893

1504140556940 GRAVITY 2.643827 0.085338175 9.443161

1504140556940 LINEAR_ACCELERATION -3.0489807 5.28987 1.3903799

1504140556941 ROTATION_VECTOR -0.070900396 -0.11621505 -0.5429757

1504140557138 ACCELEROMETER -0.4532013 6.2661896 8.031082

1504140557139 GYROSCOPE 0.051574707 1.5141602 -0.09994507

1504140557140 MAGNETIC_FIELD -37.72278 -1.7440796 -33.636475

1504140557141 GRAVITY 0.2568036 1.8456742 9.627976

1504140557142 LINEAR_ACCELERATION -2.4298568 5.3922787 -2.1781006

1504140557142 ROTATION_VECTOR 0.07065529 -0.064169034 -0.56130517

1504140557339 ACCELEROMETER 4.2678833 1.0089417 6.6943817

1504140557341 GYROSCOPE -0.72494507 -0.822876 -0.11810303

1504140557341 MAGNETIC_FIELD -31.173706 -5.4504395 -35.90393

1504140557342 GRAVITY 0.013702829 1.2101325 9.731689

1504140557342 LINEAR_ACCELERATION 3.9196942 -0.07270098 -1.5233936

1504140557343 ROTATION_VECTOR 0.050323717 -0.03590902 -0.5704999

1504140557541 ACCELEROMETER 2.6334991 6.4784393 10.265869

1504140557541 GYROSCOPE -1.4021301 -1.1262207 -1.0676575

1504140557542 MAGNETIC_FIELD -27.799988 -2.532959 -38.197327

1504140557543 GRAVITY 2.0657396 -0.28546572 9.58236

1504140557543 LINEAR_ACCELERATION 2.6309674 5.452178 -0.15034485

1504140557544 ROTATION_VECTOR -0.07513496 -0.07609447 -0.5951519

1504140557742 ACCELEROMETER -1.3876953 5.722183 7.0911713

1504140557743 GYROSCOPE 0.25131226 0.42147827 -0.09674072

1504140557743 MAGNETIC_FIELD -35.551453 -1.776123 -34.32007

1504140557744 GRAVITY 2.42854 -0.50803435 9.4875965

1504140557745 LINEAR_ACCELERATION -3.3650718 6.3820305 0.89341927

1504140557745 ROTATION_VECTOR -0.10039182 -0.078668326 -0.63888675

1504140557943 ACCELEROMETER 0.9898987 6.1813354 10.728989

1504140557944 GYROSCOPE 0.64224243 2.2009583 -0.5143738

1504140557944 MAGNETIC_FIELD -35.087585 -3.7338257 -34.16443

1504140557945 GRAVITY -0.14416273 1.0943668 9.74433

1504140557946 LINEAR_ACCELERATION -0.49362722 6.767537 2.3821793

1504140557946 ROTATION_VECTOR 0.047078565 -0.031000903 -0.6532924

1504140558149 GRAVITY -0.9564625 1.2107353 9.684507

1504140558150 LINEAR_ACCELERATION 5.63071 -0.657599 -3.8622665

1504140558150 ROTATION_VECTOR 0.07823149 -0.010362088 -0.7153216

1504140558150 ACCELEROMETER 5.29303 0.85961914 4.335785

1504140558151 GYROSCOPE -0.48355103 -1.0813599 -0.8924866

1504140558151 MAGNETIC_FIELD -28.483582 -11.035156 -34.757996

1504140558352 ACCELEROMETER 1.9743042 7.187042 10.197388

1504140558354 GYROSCOPE -0.8242798 0.5282898 0.36575317

1504140558358 MAGNETIC_FIELD -31.07605 -11.4151 -35.21118

1504140558360 GRAVITY -0.15543483 0.27872837 9.8014555

1504140558364 LINEAR_ACCELERATION 3.967231 4.9565907 0.074668884

1504140558366 ROTATION_VECTOR 0.015496745 -0.004968317 -0.7303348

1504140558555 ACCELEROMETER -1.5684814 6.6340637 7.8467407

1504140558559 GYROSCOPE 2.0884705 1.6134949 0.6744385

1504140558562 MAGNETIC_FIELD -33.468628 0.076293945 -38.264465

1504140558565 GRAVITY -2.1267529 1.9740067 9.367529

1504140558567 LINEAR_ACCELERATION 0.84902513 5.8710623 -0.6997452

1504140558570 ROTATION_VECTOR 0.14888835 0.014872458 -0.65424

1504140558756 ACCELEROMETER 2.7546844 4.150345 10.77832

1504140558761 GYROSCOPE -0.39276123 1.7203064 0.71502686

1504140558763 MAGNETIC_FIELD -33.221436 -7.7713013 -35.108948

1504140558766 GRAVITY -4.2030277 3.8415585 7.984195

1504140558768 LINEAR_ACCELERATION 5.1245003 1.4662647 5.333734

1504140558771 ROTATION_VECTOR 0.29851297 0.06171994 -0.5583444

1504140558959 ACCELEROMETER 4.9549255 2.2962341 5.141205

1504140558962 GYROSCOPE 0.26519775 -0.49069214 -0.16723633

1504140558964 MAGNETIC_FIELD -27.406311 -10.357666 -36.88965

1504140558967 LINEAR_ACCELERATION 8.049302 -2.0134041 -2.3216252

1504140558970 ROTATION_VECTOR 0.3179064 0.090256885 -0.517145

1504140558972 GRAVITY -4.6221447 4.0073752 7.664666

1504140559158 ACCELEROMETER 0.016403198 5.6004333 12.665268

1504140559161 GYROSCOPE 0.24276733 -0.32192993 0.43518066

1504140559171 MAGNETIC_FIELD -27.11029 -9.666443 -38.28125

1504140559171 GRAVITY -3.4343505 4.504695 8.005208

1504140559172 LINEAR_ACCELERATION 6.114809 1.0883775 5.6393595

1504140559174 ROTATION_VECTOR 0.30199847 0.025395604 -0.512239

1504140559361 ACCELEROMETER -0.37846375 6.354721 7.285782

1504140559364 GYROSCOPE 1.6163635 3.263733 1.0845947

1504140559366 MAGNETIC_FIELD -38.124084 -3.1707764 -35.30121

1504140559368 GRAVITY -4.4526253 6.389434 5.9598365

1504140559373 LINEAR_ACCELERATION 2.4654086 0.51980495 2.3121696

1504140559375 ROTATION_VECTOR 0.43825793 0.06374089 -0.40140498

1504140559562 ACCELEROMETER 1.7647095 2.7044373 8.977432

1504140559574 GYROSCOPE -0.30944824 0.5902405 1.884613

1504140559579 MAGNETIC_FIELD -33.337402 -7.48291 -36.116028

1504140559582 GRAVITY -3.848313 8.068015 4.0333624

1504140559584 LINEAR_ACCELERATION 4.017679 -2.1356955 5.698907

1504140559586 ROTATION_VECTOR 0.52623284 0.13204074 -0.16624877

1504140559763 ACCELEROMETER 5.81691 3.8729248 4.1977844

1504140559768 GYROSCOPE -0.19729614 -1.1454468 -1.4019775

1504140559770 MAGNETIC_FIELD -31.271362 -7.5271606 -39.978027

1504140559774 GRAVITY -2.9375086 8.01875 4.8208995

1504140559776 LINEAR_ACCELERATION 6.5259004 -5.9981637 -0.34931517

1504140559778 ROTATION_VECTOR 0.4931006 0.10513949 -0.12142606

1504140559958 ACCELEROMETER -0.634964 6.8798523 11.065552

1504140559959 GYROSCOPE 0.6764221 -1.1710815 0.011138916

1504140559960 MAGNETIC_FIELD -34.059143 -6.324768 -38.453674

1504140559960 GRAVITY -2.522013 7.6606717 5.578884

1504140559961 LINEAR_ACCELERATION 4.7688556 1.8151402 7.453598

1504140559962 ROTATION_VECTOR 0.46427214 0.0027284084 -0.272011

1504140560165 ACCELEROMETER -0.79408264 6.3645325 7.071579

1504140560168 GYROSCOPE 1.1100769 1.1392517 1.0525513

1504140560170 MAGNETIC_FIELD -40.042114 -9.033203 -34.36737

1504140560172 GRAVITY -1.698624 8.683403 4.2288966

1504140560174 LINEAR_ACCELERATION -0.1477021 -2.4594784 1.8020439

1504140560180 ROTATION_VECTOR 0.5263045 -0.0859642 -0.29410684

1504140560368 ACCELEROMETER 2.225647 3.5327454 6.454773

1504140560371 GYROSCOPE -0.4600525 0.12988281 1.4979553

1504140560373 MAGNETIC_FIELD -38.890076 -15.208435 -31.756592

1504140560376 GRAVITY 0.11831079 8.982199 3.9340184

1504140560380 LINEAR_ACCELERATION 0.41045955 -1.589941 4.096696

1504140560383 ROTATION_VECTOR 0.5310204 -0.1320538 -0.19127847

1504140560569 ACCELEROMETER 5.752243 4.810547 6.7621155

1504140560572 GYROSCOPE -2.1209717 -2.7305298 -1.832428

1504140560574 MAGNETIC_FIELD -34.37195 -12.228394 -38.180542

1504140560576 LINEAR_ACCELERATION 4.4954586 -4.098145 0.027841568

1504140560580 ROTATION_VECTOR 0.3826866 -0.21335635 -0.2536882

1504140560582 GRAVITY 1.7045496 7.5342784 6.041486

1504140560771 ACCELEROMETER 1.2301178 8.615463 9.367432

1504140560774 GYROSCOPE 0.18722534 -0.2695923 0.63064575

1504140560776 MAGNETIC_FIELD -39.772034 -12.713623 -34.27887

1504140560778 GRAVITY 2.872117 6.3594985 6.8904366

1504140560782 LINEAR_ACCELERATION 0.4645803 3.754818 4.958341

1504140560784 ROTATION_VECTOR 0.23947787 -0.30221826 -0.42320216

1504140560972 ACCELEROMETER 1.1425476 6.5387573 10.00679

1504140560975 GYROSCOPE 0.5407715 -0.6220703 -0.23132324

1504140560977 MAGNETIC_FIELD -43.26935 -9.04541 -31.863403

1504140560979 GRAVITY 3.425994 6.759457 6.224363

1504140560982 LINEAR_ACCELERATION -4.161309 0.8827801 2.2053037

1504140560985 ROTATION_VECTOR 0.23158579 -0.35918498 -0.45626822

1504140561172 ACCELEROMETER 3.71875 3.262619 6.861252

1504140561175 GYROSCOPE 0.84625244 -0.25357056 0.50460815

1504140561177 MAGNETIC_FIELD -39.22119 -12.727356 -34.25293

1504140561179 GRAVITY 4.083641 7.28426 5.141383

1504140561181 LINEAR_ACCELERATION 1.20151 -1.6413622 4.8687468

1504140561185 ROTATION_VECTOR 0.2397975 -0.42468762 -0.45319766

1504140561372 ACCELEROMETER 1.5839539 5.5781097 6.821121

1504140561375 GYROSCOPE -1.5174866 0.9512634 -0.5026245

1504140561379 MAGNETIC_FIELD -40.87677 -13.227844 -31.736755

1504140561381 GRAVITY 3.7439697 6.8982873 5.879346

1504140561383 LINEAR_ACCELERATION 0.608773 -1.2073979 -0.98291016

1504140561387 ROTATION_VECTOR 0.22412105 -0.38730678 -0.46664354

1504140561573 ACCELEROMETER -0.54478455 5.044403 8.892181

1504140561578 GYROSCOPE 1.6964722 1.1392517 2.2221375

1504140561580 MAGNETIC_FIELD -41.308594 -9.112549 -33.839417

1504140561582 GRAVITY 3.2612953 6.2078385 6.8554416

1504140561585 LINEAR_ACCELERATION -4.408817 0.4257841 4.599837

1504140561588 ROTATION_VECTOR 0.24368209 -0.30180922 -0.36556673

1504140561775 ACCELEROMETER -0.8671112 2.4753876 11.126999

1504140561780 GYROSCOPE 0.70632935 2.8695984 2.1142578

1504140561782 MAGNETIC_FIELD -38.935852 -4.7836304 -38.09662

1504140561784 GRAVITY 2.6947727 5.6748633 7.53024

1504140561788 LINEAR_ACCELERATION -4.246531 -2.6645813 0.78628254

1504140561790 ROTATION_VECTOR 0.30088353 -0.15979272 -0.0421669

1504140561979 GRAVITY 2.0446987 4.1157537 8.66315

1504140561982 LINEAR_ACCELERATION 1.9829676 -3.3078985 5.499523

1504140561984 ROTATION_VECTOR 0.2410485 -0.014068088 0.38038537

1504140561987 ACCELEROMETER 5.171936 0.022079468 8.203995

1504140561990 GYROSCOPE 0.9605408 1.4917297 3.7911987

1504140561992 MAGNETIC_FIELD -34.298706 -3.7322998 -43.69049

1504140562178 ACCELEROMETER 2.9302673 6.0369415 7.0490417

1504140562181 GYROSCOPE -1.1404419 -0.33795166 0.012207031

1504140562183 MAGNETIC_FIELD -16.54663 -4.652405 -49.01886

1504140562185 GRAVITY 2.6370249 3.0973349 8.923172

1504140562188 LINEAR_ACCELERATION 3.3163981 2.3923361 -4.6586533

1504140562191 ROTATION_VECTOR 0.2119074 -0.011835946 0.59101105

1504140562379 ACCELEROMETER 0.7628937 4.1628113 9.785889

1504140562382 GYROSCOPE 0.7875061 0.90426636 1.3729858

1504140562384 MAGNETIC_FIELD -17.825317 7.196045 -55.23987

1504140562387 GRAVITY 2.3498 2.4599245 9.197696

1504140562389 LINEAR_ACCELERATION -2.0709207 2.15974 3.7612524

1504140562392 ROTATION_VECTOR 0.17564714 -0.014004933 0.621203

1504140562580 ACCELEROMETER 1.9412994 4.3269653 10.566971

1504140562583 GYROSCOPE 0.7244873 1.8880005 0.4789734

1504140562585 MAGNETIC_FIELD -5.177307 -0.98876953 -68.19458

1504140562587 GRAVITY 0.26862082 3.417967 9.187803

1504140562590 LINEAR_ACCELERATION 0.8797213 1.6972926 1.117693

1504140562592 ROTATION_VECTOR 0.13263111 0.11815835 0.71017385

1504140562782 ACCELEROMETER 4.758209 1.9633179 5.984436

1504140562785 GYROSCOPE 0.65826416 0.2345581 -0.0390625

1504140562787 MAGNETIC_FIELD 7.548523 -27.624512 -47.86377

1504140562789 GRAVITY -1.1153812 4.5535374 8.613455

1504140562791 LINEAR_ACCELERATION 5.3136077 -1.9025335 0.94601154

1504140562795 ROTATION_VECTOR 0.09941234 0.22572817 0.7685072

1504140562983 ACCELEROMETER 3.4176788 6.211136 7.3612366

1504140562986 GYROSCOPE -2.5289917 -1.1304932 0.22583008

1504140562989 MAGNETIC_FIELD 3.7887573 -32.089233 -34.21936

1504140562991 GRAVITY 0.0893553 3.0951655 9.304964

1504140562993 LINEAR_ACCELERATION 4.688959 2.1180232 -5.9909945

1504140562995 ROTATION_VECTOR 0.098383546 0.12609345 0.7954597

1504140563182 ACCELEROMETER -0.7851105 6.050354 8.597

1504140563185 GYROSCOPE 1.6003418 0.91922 0.23330688

1504140563189 MAGNETIC_FIELD -3.189087 -15.844727 -47.200012

1504140563191 GRAVITY 0.39554355 2.41574 9.496217

1504140563193 LINEAR_ACCELERATION -0.45259205 4.669743 3.9064941

1504140563195 ROTATION_VECTOR 0.09247068 0.08530457 0.7816487

1504140563383 ACCELEROMETER 1.5408936 6.0180817 7.824951

1504140563385 GYROSCOPE -0.36712646 1.8196411 0.32409668

1504140563388 MAGNETIC_FIELD 6.500244 -22.131348 -45.516968

1504140563390 GRAVITY -1.8323729 3.6942031 8.897509

1504140563392 LINEAR_ACCELERATION 2.13686 2.9336832 0.24183464

1504140563394 ROTATION_VECTOR 0.033442315 0.21268505 0.79682094

1504140563585 ACCELEROMETER 4.4469604 2.5599213 5.1660767

1504140563590 GYROSCOPE 0.1701355 -0.49710083 -0.51223755

1504140563592 MAGNETIC_FIELD 11.300659 -32.740784 -35.339355

1504140563594 GRAVITY -2.79981 3.5505707 8.702005

1504140563597 LINEAR_ACCELERATION 5.980935 -0.33411288 -2.6062717

1504140563599 ROTATION_VECTOR -0.021427333 0.2363516 0.81399524

1504140563785 GRAVITY -2.0590894 3.9960728 8.715615

1504140563790 LINEAR_ACCELERATION 3.5573616 0.64155245 1.7161946

1504140563792 ROTATION_VECTOR 0.029720284 0.23397441 0.8008742

1504140563794 ACCELEROMETER 0.54434204 6.1385956 10.572968

1504140563797 GYROSCOPE 0.42007446 -0.21511841 0.23757935

1504140563799 MAGNETIC_FIELD 5.522156 -30.111694 -33.366394

1504140563988 ACCELEROMETER -0.453125 5.600601 6.4938354

1504140563991 GYROSCOPE 1.5106201 2.3259277 1.1347961

1504140563993 MAGNETIC_FIELD 1.0101318 -21.310425 -39.22119

1504140563996 GRAVITY -2.9032395 5.893159 7.280952

1504140563998 LINEAR_ACCELERATION 2.946938 1.1388774 1.0835314

1504140564000 ROTATION_VECTOR 0.01005723 0.35871103 0.82541245

1504140564189 ACCELEROMETER 3.2174225 4.1427765 10.976746

1504140564194 GRAVITY -3.724081 6.8334103 5.9670854

1504140564207 LINEAR_ACCELERATION 5.145249 -0.865057 5.7559247

1504140564209 ROTATION_VECTOR -0.08470506 0.4342676 0.85503894

1504140564211 GYROSCOPE -0.5989075 1.030304 0.43197632

1504140564213 MAGNETIC_FIELD 2.4246216 -26.463318 -31.121826

1504140564388 ACCELEROMETER 4.031296 3.6328735 6.497818

1504140564391 GYROSCOPE 0.8590698 -1.0097961 -0.3327942

1504140564393 MAGNETIC_FIELD 2.6733398 -27.082825 -28.587341

1504140564395 GRAVITY -3.3697937 6.981421 6.0062165

1504140564398 LINEAR_ACCELERATION 6.6093664 -3.8495045 1.2064238

1504140564400 ROTATION_VECTOR -0.06533418 0.43531555 0.85760844

1504140564592 ACCELEROMETER -0.71061707 6.0624084 10.216995

1504140564595 GYROSCOPE -0.12680054 0.08288574 0.21942139

1504140564599 MAGNETIC_FIELD 1.3015747 -25.190735 -30.322266

1504140564601 GRAVITY -2.754263 7.266591 5.981729

1504140564603 LINEAR_ACCELERATION 2.4396992 -0.9544935 4.123126

1504140564607 ROTATION_VECTOR -0.017182663 0.44127256 0.8507032

1504140564793 ACCELEROMETER -0.63797 6.140106 5.527008

1504140564797 GYROSCOPE 1.1581421 1.6871948 0.614624

1504140564799 MAGNETIC_FIELD 2.5527954 -21.600342 -34.12323

1504140564802 GRAVITY -2.8428159 7.990577 4.9233594

1504140564804 LINEAR_ACCELERATION 2.905056 -0.8147135 3.3297524

1504140564806 ROTATION_VECTOR -0.058832314 0.49549702 0.845036

1504140564989 ACCELEROMETER 1.1160278 3.9615936 8.051468

1504140564990 GYROSCOPE 0.085754395 0.48983765 0.8517456

1504140564991 MAGNETIC_FIELD 2.8625488 -25.177002 -28.460693

1504140564991 GRAVITY -2.3606315 8.795669 3.6378608

1504140564992 LINEAR_ACCELERATION 1.5339136 -2.2756348 3.5364718

1504140564993 ROTATION_VECTOR -0.10059506 0.5517258 0.8251643

1504140565193 ACCELEROMETER 4.841339 5.497772 6.2091217

1504140565203 GRAVITY -1.8728237 9.009518 3.389913

1504140565204 LINEAR_ACCELERATION 5.7017336 -4.005382 3.6845615

1504140565204 ROTATION_VECTOR -0.05354271 0.5694697 0.81519985

1504140565205 GYROSCOPE 0.675354 -1.092041 -0.8465576

1504140565206 MAGNETIC_FIELD 3.994751 -26.50299 -27.246094

1504140565396 ACCELEROMETER -0.042617798 6.4106903 8.808212

1504140565400 GYROSCOPE -0.362854 -0.08267212 0.03463745

1504140565402 MAGNETIC_FIELD 1.6418457 -24.19281 -28.895569

1504140565409 GRAVITY -2.0050435 8.860301 3.6939476

1504140565414 LINEAR_ACCELERATION 3.3270001 -0.56557035 5.0840726

1504140565417 ROTATION_VECTOR -0.020244451 0.55789894 0.8153094

1504140565598 ACCELEROMETER 0.046173096 6.2747345 5.9459686

1504140565615 GYROSCOPE 0.9680176 0.9363098 0.61569214

1504140565618 MAGNETIC_FIELD 1.4434814 -20.516968 -32.904053

1504140565620 GRAVITY -1.608931 9.104805 3.2686768

1504140565627 LINEAR_ACCELERATION 1.4761943 -2.4735188 3.817847

1504140565629 ROTATION_VECTOR -0.03389722 0.57636344 0.81098765

1504140565798 ACCELEROMETER 2.0222626 4.1611176 7.7303467

1504140565806 GYROSCOPE 0.8911133 -0.21084595 1.0974121

1504140565813 MAGNETIC_FIELD 2.8701782 -25.543213 -26.881409

1504140565817 GRAVITY -0.096207894 9.625333 1.8745923

1504140565819 LINEAR_ACCELERATION 0.6049846 -1.9611464 6.1090546

1504140565821 ROTATION_VECTOR -0.005455404 0.63591874 0.77173597

1504140566000 ACCELEROMETER 4.387146 5.0490417 6.8266296

1504140566007 GYROSCOPE -0.84991455 -2.36203 -1.2182617

1504140566012 GRAVITY 0.48122993 9.57144 2.0799885

1504140566014 LINEAR_ACCELERATION 3.313945 -4.9104185 3.202024

1504140566018 ROTATION_VECTOR 0.09295248 0.6207334 0.77472574

1504140566021 MAGNETIC_FIELD 3.6575317 -25.286865 -25.715637

1504140566203 ACCELEROMETER -0.010513306 7.069046 9.062088

1504140566213 GYROSCOPE 0.7458496 0.76220703 0.24398804

1504140566215 MAGNETIC_FIELD -0.25177002 -23.538208 -29.710388

1504140566219 GRAVITY 0.022942122 9.422842 2.7165997

1504140566222 LINEAR_ACCELERATION 1.9727619 0.36398554 8.402607

1504140566224 ROTATION_VECTOR 0.09726496 0.5933224 0.788854

1504140566398 ACCELEROMETER 1.0600739 7.377472 8.352051

1504140566399 GYROSCOPE 0.6977844 -0.63916016 -1.8078613

1504140566399 MAGNETIC_FIELD 2.4246216 -19.644165 -32.035828

1504140566400 GRAVITY -1.3974237 9.569849 1.6234453

1504140566401 LINEAR_ACCELERATION 1.3500233 -1.6121812 4.658824

1504140566401 ROTATION_VECTOR 0.06666635 0.64248186 0.73996603

1504140566598 ACCELEROMETER 1.2436218 3.7246246 6.580765

1504140566599 GYROSCOPE 1.0673523 -0.30056763 -0.1234436

1504140566600 MAGNETIC_FIELD 11.959839 -23.580933 -24.041748

1504140566600 GRAVITY -3.0384552 9.282323 0.88128334

1504140566601 LINEAR_ACCELERATION 3.426681 -2.0858407 9.130662

1504140566602 ROTATION_VECTOR 0.09078988 0.66844916 0.66427517

1504140566800 ACCELEROMETER 1.2477722 4.481903 7.870224

1504140566801 GYROSCOPE -1.5847778 -1.5545349 -0.052947998

1504140566801 MAGNETIC_FIELD 14.164734 -23.114014 -22.911072

1504140566802 GRAVITY -2.6631517 9.182544 2.1814902

1504140566803 LINEAR_ACCELERATION 4.9372654 -4.3779316 2.790135

1504140566803 ROTATION_VECTOR 0.17443569 0.598621 0.65996194

1504140567010 ACCELEROMETER -2.0344086 6.184799 9.278488

1504140567016 GYROSCOPE 0.37948608 -0.21084595 0.3604126

1504140567018 MAGNETIC_FIELD 11.154175 -17.4057 -31.968689

1504140567020 GRAVITY -1.7454053 8.759876 4.0482745

1504140567022 LINEAR_ACCELERATION -0.30042005 0.15363121 7.223162

1504140567028 ROTATION_VECTOR 0.21597028 0.49694294 0.6905077

1504140567210 ACCELEROMETER -0.1607666 5.772003 7.4986115

1504140567217 GYROSCOPE -0.33615112 -0.023925781 -0.111694336

1504140567219 MAGNETIC_FIELD 9.535217 -13.7664795 -34.71985

1504140567221 GRAVITY -1.4479069 8.734336 4.217266

1504140567223 LINEAR_ACCELERATION -0.31285346 -0.9946904 2.8010378

1504140567230 ROTATION_VECTOR 0.25395596 0.46955898 0.6679772

1504140567412 ACCELEROMETER 3.7294312 3.039383 8.897522

1504140567419 GRAVITY -1.5362188 8.556159 4.5390053

1504140567422 LINEAR_ACCELERATION 3.904488 -3.186379 6.9652557

1504140567424 ROTATION_VECTOR 0.2597712 0.44843513 0.6526288

1504140567429 GYROSCOPE 0.51834106 -0.07305908 -0.3189087

1504140567432 MAGNETIC_FIELD 7.862854 -14.830017 -32.164

1504140567614 ACCELEROMETER 2.7181702 5.477295 9.022522

1504140567620 GYROSCOPE -1.2184143 -1.0856323 0.0869751

1504140567622 MAGNETIC_FIELD 8.071899 -17.189026 -32.850647

1504140567624 GRAVITY -0.8246192 8.112448 5.447806

1504140567627 LINEAR_ACCELERATION 4.777909 -2.2579398 1.4974227

1504140567632 ROTATION_VECTOR 0.3044086 0.35996476 0.61235815

1504140567815 ACCELEROMETER -0.42945862 5.688492 7.4431458

1504140567821 GYROSCOPE 1.064148 -0.108306885 -0.29968262

1504140567823 MAGNETIC_FIELD 6.2286377 -10.031128 -37.532043

1504140567825 GRAVITY -0.26420036 7.830674 5.897553

1504140567828 LINEAR_ACCELERATION 0.8345882 -0.37482357 5.493572

1504140567833 ROTATION_VECTOR 0.34778348 0.27991992 0.5372281

1504140568015 ACCELEROMETER 0.815979 5.6050262 9.637192

1504140568022 GYROSCOPE -0.19195557 2.2148438 0.6915283

1504140568024 MAGNETIC_FIELD 5.3253174 -12.918091 -36.647034

1504140568027 GRAVITY -0.9991951 8.180205 5.31566

1504140568029 LINEAR_ACCELERATION 0.52623147 -0.3507347 4.8338757

1504140568034 ROTATION_VECTOR 0.3377349 0.33898658 0.5423117

1504140568217 ACCELEROMETER 3.4001617 2.9096985 5.8576965

1504140568223 GYROSCOPE 0.030212402 -0.31124878 -0.5805969

1504140568226 MAGNETIC_FIELD 9.47876 -14.866638 -34.387207

1504140568228 GRAVITY -1.6835046 8.003326 5.411373

1504140568230 LINEAR_ACCELERATION 4.3719325 -3.914384 2.1348734

1504140568235 ROTATION_VECTOR 0.25680757 0.39767653 0.6257623

1504140568409 GRAVITY -1.0744421 7.6679254 6.0182123

1504140568412 LINEAR_ACCELERATION 2.3139017 -1.5079885 3.2585335

1504140568415 ROTATION_VECTOR 0.26693213 0.34914726 0.6309809

1504140568417 ACCELEROMETER 0.6213684 5.7993317 10.225464

1504140568419 GYROSCOPE -0.46218872 -0.22366333 0.7620239

1504140568421 MAGNETIC_FIELD 10.823059 -18.97583 -30.627441

1504140568614 ACCELEROMETER -1.2138214 5.2486115 7.602585

1504140568620 GYROSCOPE 0.6945801 1.1712952 1.1070251

1504140568622 MAGNETIC_FIELD 11.099243 -13.923645 -36.502075

1504140568624 GRAVITY -0.17991337 7.724122 6.0395327

1504140568627 LINEAR_ACCELERATION -0.05383937 -0.7804451 4.203382

1504140568629 ROTATION_VECTOR 0.27849007 0.3383974 0.6805519

1504140568821 ACCELEROMETER -0.24595642 4.2261353 13.368347

1504140568827 GYROSCOPE -0.3489685 1.8474121 0.81863403

1504140568830 MAGNETIC_FIELD 8.465576 -22.972107 -29.446411

1504140568832 GRAVITY -0.51643866 7.560346 6.2245355

1504140568834 LINEAR_ACCELERATION -0.8279262 -1.1883259 7.48879

1504140568838 ROTATION_VECTOR 0.17768516 0.3886708 0.79470444

1504140569021 ACCELEROMETER 0.4320984 3.2219696 6.8095245

1504140569028 GYROSCOPE 0.81314087 0.724823 1.328125

1504140569030 MAGNETIC_FIELD 6.7703247 -25.831604 -27.604675

1504140569033 GRAVITY -0.3759937 7.617657 6.164439

1504140569035 LINEAR_ACCELERATION 0.8265579 -3.9100738 2.243054

1504140569037 ROTATION_VECTOR 0.10545014 0.4178293 0.8630011

1504140569216 ACCELEROMETER -1.7261047 3.8301544 9.106552

1504140569220 GYROSCOPE 0.42648315 0.7034607 2.3257446

1504140569229 MAGNETIC_FIELD 2.2125244 -30.552673 -21.186829

1504140569232 GRAVITY 1.4750122 7.8312354 5.7154593

1504140569234 LINEAR_ACCELERATION -2.3449676 -1.7861047 3.5094337

1504140569237 ROTATION_VECTOR 0.09184261 0.44738978 0.8894926

1504140569416 ACCELEROMETER -1.6445465 2.91156 8.33699

1504140569421 GYROSCOPE 0.6037903 2.3430176 2.245636

1504140569423 MAGNETIC_FIELD -5.1193237 -32.321167 -19.128418

1504140569425 GRAVITY 2.8666184 6.7852187 6.474079

1504140569431 LINEAR_ACCELERATION -3.4717748 -3.659103 2.652822

1504140569434 ROTATION_VECTOR -0.004317558 -0.41218346 -0.84293216

1504140569621 ACCELEROMETER 1.8871765 3.8845825 14.098404

1504140569623 GYROSCOPE 0.30151367 2.6356812 2.3428345

1504140569626 MAGNETIC_FIELD -21.534729 -31.289673 -16.659546

1504140569628 GRAVITY 1.8262056 5.1640797 8.13435

1504140569630 LINEAR_ACCELERATION -1.6645277 0.3694768 8.177645

1504140569632 ROTATION_VECTOR 0.12074767 -0.26586387 -0.68912977

1504140569821 ACCELEROMETER 3.0770264 3.5994568 5.7916107

1504140569824 GYROSCOPE -0.19943237 0.3050537 0.4234314

1504140569826 MAGNETIC_FIELD -25.578308 -25.51117 -23.712158

1504140569828 GRAVITY 0.8048029 4.512633 8.669419

1504140569830 LINEAR_ACCELERATION 1.8679004 -1.3863268 -1.3628888

1504140569832 ROTATION_VECTOR 0.17949109 -0.16051666 -0.5099208

1504140570015 ACCELEROMETER -0.07255554 5.3868713 10.557571

1504140570017 GYROSCOPE 1.6751099 0.14697266 1.6859436

1504140570018 MAGNETIC_FIELD -30.908203 -18.798828 -27.903748

1504140570019 GRAVITY 1.3086207 5.3972087 8.082576

1504140570020 LINEAR_ACCELERATION -0.66660476 0.32906532 3.4974842

1504140570020 ROTATION_VECTOR 0.2511964 -0.15749183 -0.3023626

1504140570221 ACCELEROMETER -0.099868774 5.0443115 7.468399

1504140570228 GRAVITY 1.4988217 6.895293 6.810202

1504140570230 LINEAR_ACCELERATION -0.18357265 -0.36363316 -0.029485703

1504140570232 ROTATION_VECTOR 0.35354084 -0.16668893 -0.2067362

1504140570234 GYROSCOPE 0.91033936 1.2311096 0.45547485

1504140570237 MAGNETIC_FIELD -35.043335 -11.851501 -29.881287

1504140570425 ACCELEROMETER 2.449707 4.374649 12.402405

1504140570431 GYROSCOPE -0.7954407 1.2514038 0.58898926

1504140570434 MAGNETIC_FIELD -36.33423 -12.156677 -29.234314

1504140570436 GRAVITY 0.4907288 6.542971 7.2882857

1504140570438 LINEAR_ACCELERATION 0.4297251 -1.1167374 6.660161

1504140570441 ROTATION_VECTOR 0.34737182 -0.08794133 -0.16079172

1504140570628 ACCELEROMETER 3.9155579 2.4852448 7.5138245

1504140570632 GYROSCOPE 1.5950012 -0.61779785 -0.03692627

1504140570635 MAGNETIC_FIELD -30.438232 -5.4519653 -37.738037

1504140570637 GRAVITY 0.5883191 6.8938093 6.949796

1504140570640 LINEAR_ACCELERATION 2.7752504 -3.4582005 2.3223147

1504140570642 ROTATION_VECTOR 0.37876314 -0.046877526 -0.03511944

1504140570830 ACCELEROMETER -1.4325256 5.3294373 9.621216

1504140570834 GYROSCOPE -0.32546997 0.1993103 0.4736328

1504140570837 MAGNETIC_FIELD -30.836487 -8.312988 -35.14557

1504140570839 GRAVITY 1.1290661 7.5353026 6.173719

1504140570841 LINEAR_ACCELERATION -0.23411345 -2.613007 3.3301816

1504140570843 ROTATION_VECTOR 0.41440895 -0.11616 -0.11214241

1504140571030 ACCELEROMETER -0.61053467 6.078583 6.131729

1504140571034 GYROSCOPE 1.4828491 1.3977356 1.1647034

1504140571037 MAGNETIC_FIELD -35.849 -4.6585083 -35.282898

1504140571039 GRAVITY 1.3645513 7.8279414 5.7473226

1504140571041 LINEAR_ACCELERATION -1.7642304 -1.1039057 2.7908869

1504140571043 ROTATION_VECTOR 0.43444768 -0.13499372 -0.114279225

1504140571232 ACCELEROMETER 2.1190948 3.6291962 9.155655

1504140571236 GYROSCOPE -0.872345 1.1445923 0.72143555

1504140571238 MAGNETIC_FIELD -35.313416 -5.52063 -33.98285

1504140571240 GRAVITY 1.3096132 7.650852 5.99331

1504140571243 LINEAR_ACCELERATION -1.3348755 -1.9377546 2.9352374

1504140571245 ROTATION_VECTOR 0.4367333 -0.060747493 0.02810702

1504140571432 ACCELEROMETER 3.0541687 3.5957336 8.508179

1504140571437 GYROSCOPE -0.034942627 -2.08432 -1.5258789

1504140571439 MAGNETIC_FIELD -27.580261 0.4776001 -41.818237

1504140571441 GRAVITY 1.437945 6.9769025 6.7398467

1504140571444 LINEAR_ACCELERATION 1.9441736 -3.787198 1.9969339

1504140571446 ROTATION_VECTOR 0.38969877 -0.06706951 0.030138213

1504140571634 ACCELEROMETER -0.26098633 5.888733 9.768814

1504140571638 GYROSCOPE 0.2619934 0.50372314 0.48110962

1504140571641 MAGNETIC_FIELD -31.97174 -0.32958984 -38.204956

1504140571643 GRAVITY 1.6619893 7.0697894 6.5898604

1504140571645 LINEAR_ACCELERATION -0.658074 -0.7842703 5.4401073

1504140571647 ROTATION_VECTOR 0.37027925 -0.16402413 -0.1691798

1504140571834 ACCELEROMETER -1.1192474 5.7746124 7.6085205

1504140571840 GYROSCOPE 0.20858765 -0.41485596 0.3315735

1504140571842 MAGNETIC_FIELD -32.53784 0.04272461 -36.75995

1504140571845 GRAVITY 2.028913 7.224117 6.313956

1504140571847 LINEAR_ACCELERATION -2.8232162 -0.76507425 -0.13527727

1504140571849 ROTATION_VECTOR 0.3649477 -0.21187504 -0.22623304

1504140572033 ACCELEROMETER 3.039734 3.451355 6.7373962

1504140572038 GYROSCOPE -0.03173828 0.29330444 0.20233154

1504140572040 MAGNETIC_FIELD -30.993652 -5.352783 -38.356018

1504140572043 GRAVITY 2.43687 7.136306 6.269385

1504140572045 LINEAR_ACCELERATION -0.6790211 -0.8217335 2.3733735

1504140572049 ROTATION_VECTOR 0.35640812 -0.23091899 -0.22033639

1504140572233 ACCELEROMETER 2.444046 3.214508 10.231964

1504140572236 GYROSCOPE -1.4865112 -1.7179565 -1.832428

1504140572240 MAGNETIC_FIELD -25.186157 -1.6464233 -40.138245

1504140572242 GRAVITY 2.381319 6.2217245 7.196517

1504140572244 LINEAR_ACCELERATION 1.6213634 -3.6046867 1.3932724

1504140572246 ROTATION_VECTOR 0.27088696 -0.24433589 -0.33527878

1504140572439 ACCELEROMETER 0.0743866 5.8282013 9.605576

1504140572443 GYROSCOPE 0.30471802 0.20251465 0.4875183

1504140572445 MAGNETIC_FIELD -30.563354 -3.6895752 -38.580322

1504140572448 GRAVITY 2.5323722 5.521052 7.699056

1504140572450 LINEAR_ACCELERATION -1.9792948 1.0560174 4.736922

1504140572452 ROTATION_VECTOR 0.19116728 -0.26629394 -0.467887

1504140572640 ACCELEROMETER 0.2903595 5.5569763 8.959274

1504140572644 GYROSCOPE -0.58395386 -1.1518555 -0.48980713

1504140572646 MAGNETIC_FIELD -31.129456 -2.3513794 -37.12616

1504140572648 LINEAR_ACCELERATION -3.4184253 -0.37873697 -0.0014872551

1504140572651 ROTATION_VECTOR 0.1553063 -0.29443783 -0.5000601

1504140572653 GRAVITY 3.0935457 5.3229866 7.6332283

1504140572839 ACCELEROMETER 2.2709808 3.186325 6.6096497

1504140572844 GYROSCOPE -0.010375977 0.1010437 0.35186768

1504140572846 MAGNETIC_FIELD -27.661133 -6.7962646 -37.48474

1504140572849 GRAVITY 3.6993642 4.8891215 7.653861

1504140572851 ROTATION_VECTOR 0.11016589 -0.3124503 -0.52028483

1504140572853 LINEAR_ACCELERATION -1.8258047 0.5749569 2.5182667

1504140573042 ACCELEROMETER 1.6398468 2.8070068 10.575317

1504140573046 GYROSCOPE -1.9543457 -1.3921814 -1.4767456

1504140573049 MAGNETIC_FIELD -22.554016 -4.286194 -41.15448

1504140573051 GRAVITY 4.2147737 3.6389422 8.0724325

1504140573053 LINEAR_ACCELERATION -0.010177851 -0.66684294 -0.23153925

1504140573055 ROTATION_VECTOR 0.016145935 -0.29691714 -0.5837866

1504140573242 ACCELEROMETER -0.4777527 5.78331 9.294312

1504140573246 GYROSCOPE 0.3591919 -0.37106323 0.3401184

1504140573248 MAGNETIC_FIELD -29.199219 -4.382324 -39.190674

1504140573251 GRAVITY 4.8959746 2.8712304 7.9972405

1504140573253 LINEAR_ACCELERATION -5.075076 2.4567764 4.2634044

1504140573255 ROTATION_VECTOR -0.06023245 -0.29770163 -0.6353821

1504140573439 ACCELEROMETER 0.5085602 5.395767 9.67955

1504140573442 GYROSCOPE -0.6629944 -0.5312805 0.61035156

1504140573444 MAGNETIC_FIELD -32.917786 -4.924011 -36.4563

1504140573446 GRAVITY 5.5625687 2.312941 7.7381215

1504140573448 LINEAR_ACCELERATION -6.4074078 2.3934805 1.2296724

1504140573450 ROTATION_VECTOR -0.09440407 -0.31073058 -0.60131174

1504140573642 ACCELEROMETER 3.0608673 3.0984497 7.11557

1504140573646 GYROSCOPE -0.29022217 0.6981201 0.017547607

1504140573648 MAGNETIC_FIELD -31.451416 -5.6427 -36.473083

1504140573650 GRAVITY 5.412692 1.4213883 8.053124

1504140573652 LINEAR_ACCELERATION -2.039536 3.8569024 2.0387492

1504140573655 ROTATION_VECTOR -0.11273133 -0.27694148 -0.57245874

1504140573845 ACCELEROMETER 2.345169 2.587616 11.131561

1504140573851 GYROSCOPE -2.1028137 -1.3750916 -2.000122

1504140573854 MAGNETIC_FIELD -25.100708 -2.2888184 -41.838074

1504140573856 GRAVITY 5.547674 0.5632663 8.066996

1504140573858 LINEAR_ACCELERATION -0.7671828 1.5590813 0.1541934

1504140573860 ROTATION_VECTOR -0.17874475 -0.23821835 -0.6471391

1504140574045 GRAVITY 6.009879 0.75260824 7.7126727

1504140574052 LINEAR_ACCELERATION -5.6449943 4.483166 4.9972053

1504140574054 ROTATION_VECTOR -0.21837734 -0.24305241 -0.71411693

1504140574057 ACCELEROMETER -0.40698242 5.296585 9.138275

1504140574059 GYROSCOPE 0.52474976 0.012390137 -0.25054932

1504140574061 MAGNETIC_FIELD -30.863953 -3.4561157 -39.056396

1504140574250 ACCELEROMETER -0.78041077 4.9848785 11.21579

1504140574252 GRAVITY 6.182901 0.80919874 7.568839

1504140574253 LINEAR_ACCELERATION -8.085678 3.4986835 1.0105848

1504140574253 ROTATION_VECTOR -0.23072572 -0.24670278 -0.7266859

1504140574253 GYROSCOPE -1.0507202 -0.6989746 -0.15548706

1504140574254 MAGNETIC_FIELD -32.57599 -4.211426 -37.634277

1504140574440 ACCELEROMETER 2.8244324 2.7644043 7.515335

1504140574441 GYROSCOPE -0.7751465 0.45352173 0.08804321

1504140574441 GRAVITY 6.1415176 -0.2592752 7.6410027

1504140574441 LINEAR_ACCELERATION -2.7640667 4.7966757 4.6029806

1504140574442 ROTATION_VECTOR -0.26741165 -0.19725186 -0.7347322

1504140574442 MAGNETIC_FIELD -29.779053 -7.623291 -39.752197

1504140574655 ACCELEROMETER 0.8744049 2.688797 11.008499

1504140574661 GYROSCOPE -1.6627502 -0.9489136 -1.8708801

1504140574663 MAGNETIC_FIELD -24.18518 -2.130127 -45.643616

1504140574665 GRAVITY 6.3604846 -0.8842637 7.4116597

1504140574668 LINEAR_ACCELERATION -2.519411 2.8395739 0.96796083

1504140574671 ROTATION_VECTOR -0.31469768 -0.1519075 -0.7796706

1504140574857 ACCELEROMETER -1.9613495 4.6880646 8.242416

1504140574863 GYROSCOPE 0.44250488 -0.31765747 -0.22705078

1504140574865 MAGNETIC_FIELD -30.75409 -2.949524 -42.276

1504140574868 GRAVITY 6.9499354 -0.15923034 6.9168944

1504140574870 LINEAR_ACCELERATION -7.690102 4.8734465 4.6011004

1504140574872 ROTATION_VECTOR -0.3391516 -0.1797574 -0.80576324

1504140575042 ACCELEROMETER -1.1171265 4.265747 10.718597

1504140575043 GYROSCOPE -0.5091858 -0.45437622 -1.0740662

1504140575044 MAGNETIC_FIELD -34.049988 -5.5404663 -40.708923

1504140575044 GRAVITY 7.0840096 0.91669804 6.719141

1504140575045 LINEAR_ACCELERATION -9.844172 3.162053 1.9248376

1504140575045 ROTATION_VECTOR -0.32990563 -0.22041193 -0.82238007

1504140575243 ACCELEROMETER 2.6749115 2.2249603 8.587982

1504140575244 GYROSCOPE 0.31860352 -0.17666626 0.40740967

1504140575244 MAGNETIC_FIELD -30.293274 -8.8394165 -42.08069

1504140575245 GRAVITY 7.0940113 1.3536733 6.634227

1504140575245 LINEAR_ACCELERATION -3.6651258 1.8149745 7.126069

1504140575246 ROTATION_VECTOR -0.3280955 -0.23259822 -0.83292

1504140575453 ACCELEROMETER -0.048812866 4.168991 8.877853

1504140575472 GRAVITY 7.4928675 0.8853697 6.2644587

1504140575482 LINEAR_ACCELERATION -2.7866278 3.0723295 -0.6132264

1504140575490 ROTATION_VECTOR -0.37571058 -0.1986028 -0.8443887

1504140575494 GYROSCOPE -1.8571472 -0.65304565 -0.9362793

1504140575494 MAGNETIC_FIELD -28.909302 -7.7560425 -43.162537

1504140575646 ACCELEROMETER -2.246704 5.509018 6.84552

1504140575647 GYROSCOPE 0.851593 -0.4031067 0.32196045

1504140575647 MAGNETIC_FIELD -33.81653 -8.157349 -40.811157

1504140575648 GRAVITY 7.675792 1.0019069 6.0206966

1504140575648 LINEAR_ACCELERATION -9.541035 4.3211703 5.020443

1504140575648 ROTATION_VECTOR -0.38200378 -0.2170323 -0.83192456

1504140575862 GRAVITY 7.053097 1.6044134 6.6219387

1504140575875 LINEAR_ACCELERATION -7.9622326 4.6002836 1.3281994

1504140575884 ROTATION_VECTOR -0.30756918 -0.2603388 -0.8123204

1504140575895 ACCELEROMETER -1.447586 4.897049 8.032761

1504140575896 GYROSCOPE -0.013580322 0.95339966 -0.012359619

1504140575896 MAGNETIC_FIELD -37.21161 -7.772827 -38.920593

1504140576048 ACCELEROMETER 0.91604614 0.96302795 5.8558197

1504140576049 GYROSCOPE 0.027008057 1.6081543 3.385315

1504140576050 MAGNETIC_FIELD -37.72888 -9.506226 -37.00409

1504140576050 GRAVITY 5.0223355 -0.705016 8.393419

1504140576050 LINEAR_ACCELERATION -3.9330173 1.8675942 1.9375081

1504140576051 ROTATION_VECTOR -0.23462681 -0.13040315 -0.768762

1504140576263 ACCELEROMETER 2.644455 0.74635315 8.126358

1504140576283 GYROSCOPE 2.1910095 0.29544067 1.179657

1504140576297 MAGNETIC_FIELD -37.867737 0.8987427 -42.012024

1504140576300 GRAVITY 2.4319067 -0.8317158 9.463851

1504140576303 LINEAR_ACCELERATION -0.5178956 1.6750603 -1.9270334

1504140576305 ROTATION_VECTOR -0.10919065 -0.074534014 -0.5937881

1504140576455 ACCELEROMETER 8.005386 4.326355 12.591003

1504140576463 GYROSCOPE 0.30151367 1.3721008 2.8160095

1504140576465 MAGNETIC_FIELD -40.11078 0.3753662 -39.33258

1504140576468 GRAVITY 0.63579834 0.7079951 9.760374

1504140576470 LINEAR_ACCELERATION 5.464313 0.6191515 3.166051

1504140576474 ROTATION_VECTOR 0.022092106 -0.043259587 -0.3583113

1504140576665 ACCELEROMETER 0.4727478 5.137741 8.892899

1504140576670 GYROSCOPE 0.51086426 4.3724365 0.6391907

1504140576673 MAGNETIC_FIELD -47.06726 2.230835 -32.618713

1504140576677 GRAVITY -4.003992 1.5109583 8.823573

1504140576679 LINEAR_ACCELERATION 9.573122 3.8906295 2.667397

1504140576682 ROTATION_VECTOR 0.08357416 0.20769772 -0.02116585

1504140576865 ACCELEROMETER 7.2700653 1.2588806 15.616821

1504140576870 GYROSCOPE 0.19363403 1.521637 3.0627441

1504140576873 MAGNETIC_FIELD -13.91449 0.76293945 -39.81018

1504140576877 GRAVITY -6.947892 3.5832663 5.920928

1504140576879 LINEAR_ACCELERATION 4.670927 3.0103745 11.056015

1504140576882 ROTATION_VECTOR 0.014622313 0.44486278 0.3840901

1504140577063 ACCELEROMETER 1.9914856 -7.1309967 14.181305

1504140577070 GRAVITY -5.5481014 5.177627 6.211371

1504140577073 LINEAR_ACCELERATION 12.077606 -12.854755 9.5667515

1504140577077 ROTATION_VECTOR -0.055216134 0.42456967 0.69663805

1504140577079 GYROSCOPE -0.28381348 -0.24502563 0.43945313

1504140577082 MAGNETIC_FIELD 11.738586 2.6885986 -39.323425

1504140577265 ACCELEROMETER -1.3694458 -1.1589508 10.753891

1504140577274 GYROSCOPE 0.77575684 -3.2474976 -1.3528442

1504140577277 MAGNETIC_FIELD 14.710999 11.154175 -38.78174

1504140577279 GRAVITY -3.4440255 4.657602 7.9130163

1504140577282 LINEAR_ACCELERATION 1.8588603 -4.1373043 3.7806554

1504140577285 ROTATION_VECTOR 0.04605317 0.3072907 0.6720566

1504140577465 ACCELEROMETER 1.3181305 -0.51112366 10.272446

1504140577473 GYROSCOPE -0.32333374 0.38302612 -0.013427734

1504140577477 MAGNETIC_FIELD 8.883667 15.556335 -42.114258

1504140577479 LINEAR_ACCELERATION 1.6879613 -4.0994062 4.6628942

1504140577482 ROTATION_VECTOR 0.11568925 0.20215693 0.6217599

1504140577485 GRAVITY -1.554087 4.161987 8.7426

1504140577665 ACCELEROMETER 0.8435364 -0.7028656 9.385284

