1508377441522 GYROSCOPE 1.770813 -1.1047211 -2.2830353

1508377441525 MAGNETIC_FIELD -32.91931 -34.51996 9.439087

1508377441526 GRAVITY 4.107384 8.040714 -3.8271

1508377441526 LINEAR_ACCELERATION 0.0 0.0 -0.0

1508377441527 ROTATION_VECTOR 0.0 0.0 0.0

1508377441718 ACCELEROMETER 3.720047 5.061096 -4.77829

1508377441820 ACCELEROMETER 2.470993 3.382553 -11.155304

1508377441821 GYROSCOPE 1.2100525 1.000534 -0.28352356

1508377441822 MAGNETIC_FIELD -23.132324 -31.829834 28.14331

1508377441822 LINEAR_ACCELERATION 1.3718994 -0.75770044 -1.5112982

1508377441823 GRAVITY 2.0836563 5.0057225 -8.171383

1508377441823 ROTATION_VECTOR 0.9261713 -0.24255165 0.039808385

1508377441926 GYROSCOPE -1.1825256 0.5529938 0.7290497

1508377441927 MAGNETIC_FIELD -29.37622 -35.697937 17.807007

1508377441927 GRAVITY 1.4201002 4.998632 -8.316692

1508377441928 LINEAR_ACCELERATION -2.60995 0.5180435 -1.342061

1508377441928 ROTATION_VECTOR 0.84121513 -0.4651778 -0.062386

1508377442122 ACCELEROMETER -0.26989746 7.4294586 -5.2362213

1508377442223 ACCELEROMETER 3.7563324 7.835388 -4.2019043

1508377442225 GYROSCOPE 0.2006836 -0.11457825 -0.2867279

1508377442226 MAGNETIC_FIELD -30.89447 -39.22882 5.1742554

1508377442226 GRAVITY 2.7621167 6.6045074 -6.7023563

1508377442227 LINEAR_ACCELERATION 1.3477387 1.1106391 2.5372524

1508377442227 ROTATION_VECTOR 0.7609201 -0.5125677 -0.07774587

1508377442329 GYROSCOPE 1.9481201 -0.43608093 0.5538788

1508377442330 MAGNETIC_FIELD -30.387878 -38.050842 3.3691406

1508377442331 GRAVITY 2.6670372 6.310174 -7.017051

1508377442332 LINEAR_ACCELERATION 0.1778655 2.2564526 1.601264

1508377442332 ROTATION_VECTOR 0.7569807 -0.53361994 -0.0801452

1508377442465 ACCELEROMETER 3.6939392 9.302414 -5.8526917

1508377442566 GYROSCOPE -0.111206055 0.44511414 0.19499207

1508377442567 GRAVITY 3.5950284 5.0131564 -7.6232815

1508377442568 LINEAR_ACCELERATION 2.195318 3.5727153 1.6975389

1508377442568 ROTATION_VECTOR 0.6926023 -0.6395164 -0.041082833

1508377442667 ACCELEROMETER 4.975647 7.447754 -5.139084

1508377442667 MAGNETIC_FIELD -36.465454 -30.989075 12.228394

1508377442768 GYROSCOPE 3.5545654 1.2440643 2.0812836

1508377442769 LINEAR_ACCELERATION 5.1752863 5.279576 -3.2385101

1508377442770 GRAVITY 6.2036614 1.894044 -7.355105

1508377442770 ROTATION_VECTOR 0.5558049 -0.75238746 0.11787666

1508377442869 ACCELEROMETER 12.607468 6.9232025 -11.939575

1508377442869 MAGNETIC_FIELD -43.289185 -21.499634 12.637329

1508377442970 GYROSCOPE -0.084503174 0.07447815 -0.039993286

1508377442971 GRAVITY 7.4280343 -1.2806311 -6.2733307

1508377442971 LINEAR_ACCELERATION -1.1629786 5.584214 0.914958

1508377442972 ROTATION_VECTOR 0.46611923 -0.77626264 0.2771431

1508377443070 ACCELEROMETER 6.8759155 4.007782 -5.929352

1508377443071 MAGNETIC_FIELD -44.049072 -20.739746 10.75592

1508377443171 GYROSCOPE 0.11843872 0.05632019 0.017684937

1508377443172 GRAVITY 7.5464387 -0.76709634 -6.2155623

1508377443173 LINEAR_ACCELERATION -0.7586427 4.518613 0.47468042

1508377443174 ROTATION_VECTOR 0.45467988 -0.78113484 0.251552

1508377443272 ACCELEROMETER 7.143173 3.7854004 -6.034973

1508377443272 MAGNETIC_FIELD -44.48242 -20.817566 10.174561

1508377443374 GYROSCOPE -0.017211914 -0.05369568 -0.03678894

1508377443375 GRAVITY 7.5553937 -0.37456053 -6.240683

1508377443375 LINEAR_ACCELERATION -0.7842593 4.201817 0.36206198

1508377443377 ROTATION_VECTOR 0.48004255 -0.76664555 0.24390753

1508377443474 ACCELEROMETER 7.022049 3.8724518 -6.0792236

1508377443474 MAGNETIC_FIELD -44.596863 -20.0531 10.1119995

1508377443575 GYROSCOPE -0.017211914 0.118270874 0.046524048

1508377443576 GRAVITY 7.593066 0.016940387 -6.206081

1508377443577 LINEAR_ACCELERATION -0.7149372 3.9016645 0.42576313

1508377443578 ROTATION_VECTOR 0.4965064 -0.7549195 0.23463938

1508377443676 ACCELEROMETER 7.1076202 3.781311 -5.861725

1508377443677 MAGNETIC_FIELD -44.71283 -20.065308 10.090637

1508377443777 GYROSCOPE -0.04071045 0.008255005 -0.007949829

1508377443778 GRAVITY 7.629514 1.200179 -6.0432167

1508377443779 LINEAR_ACCELERATION -0.352633 2.3711758 0.34495592

1508377443780 ROTATION_VECTOR 0.47658366 -0.76222456 0.17169204

1508377443877 ACCELEROMETER 7.250641 3.667572 -5.7247314

1508377443878 MAGNETIC_FIELD -44.19861 -18.881226 9.918213

1508377443979 GYROSCOPE 0.039398193 0.012527466 0.0027313232

1508377443980 LINEAR_ACCELERATION -0.3677559 1.6917982 0.18655157

1508377443981 GRAVITY 7.5035524 2.0563123 -5.9698124

1508377443982 ROTATION_VECTOR 0.49795595 -0.7459327 0.139611

1508377444080 ACCELEROMETER 7.260254 3.721817 -5.805954

1508377444081 MAGNETIC_FIELD -45.103455 -19.296265 9.181213

1508377444187 GRAVITY 7.422964 2.5564713 -5.8766017

1508377447009 GYROSCOPE -0.009735107 -0.0034942627 -4.7302246E-4

1508377447009 GRAVITY 7.1928606 3.8069422 -5.471776

1508377447010 LINEAR_ACCELERATION 0.052031994 -0.035309076 -0.014196873

1508377447010 ROTATION_VECTOR 0.68961316 -0.5508327 0.18740825

1508377447106 ACCELEROMETER 7.3820343 3.8345947 -5.590576

1508377447107 MAGNETIC_FIELD -45.306396 -19.595337 7.5393677

1508377447208 GYROSCOPE 0.009490967 -0.005630493 0.0037994385

1508377447208 GRAVITY 7.198724 3.7920535 -5.474403

1508377447209 LINEAR_ACCELERATION 0.049138546 -0.010093689 -0.014565468

1508377447209 ROTATION_VECTOR 0.69372874 -0.5457631 0.19137417

1508377447309 ACCELEROMETER 7.3957977 3.8555145 -5.5983734

1508377447309 MAGNETIC_FIELD -44.584656 -19.573975 7.849121

1508377447410 GYROSCOPE -0.031097412 0.012527466 -0.0058135986

1508377447410 GRAVITY 7.2268605 3.8147318 -5.421318

1508377447411 LINEAR_ACCELERATION 0.06799126 0.027811766 0.06853533

1508377447411 ROTATION_VECTOR 0.6955737 -0.54091364 0.19460072

1508377447510 ACCELEROMETER 7.4447327 3.9199219 -5.4517365

1508377447510 MAGNETIC_FIELD -44.36493 -20.62378 7.949829

1508377447612 GYROSCOPE -0.032165527 0.022140503 -0.0015411377

1508377447612 GRAVITY 7.24275 3.8377826 -5.3837147

1508377447613 LINEAR_ACCELERATION -0.033817768 -0.052292347 -1.6021729E-4

1508377447613 ROTATION_VECTOR 0.6982572 -0.5356584 0.19759645

1508377447712 ACCELEROMETER 7.3369904 3.869934 -5.4596252

1508377447712 MAGNETIC_FIELD -44.93103 -19.317627 7.0144653

1508377447816 GYROSCOPE -0.026824951 0.021072388 0.001663208

1508377447817 GRAVITY 7.275536 3.8689456 -5.3167872

1508377447818 LINEAR_ACCELERATION -0.008227348 -0.01601553 0.04541397

1508377447818 ROTATION_VECTOR 0.69761306 -0.5333074 0.19917242

1508377447918 ACCELEROMETER 7.3858185 3.9323883 -5.3554688

1508377447924 MAGNETIC_FIELD -45.674133 -18.510437 7.080078

1508377448025 GRAVITY 7.2567267 3.898879 -5.320624

1508377448035 LINEAR_ACCELERATION -0.06389427 -0.06046009 -0.029934883

1508377448038 GYROSCOPE -0.035369873 -0.019515991 -0.022903442

1508377448040 ROTATION_VECTOR 0.6983184 -0.5325671 0.1977284

1508377448125 ACCELEROMETER 7.2995453 3.8756866 -5.4113464

1508377448134 MAGNETIC_FIELD -45.89081 -19.651794 6.877136

1508377448230 GRAVITY 7.263061 3.8994713 -5.3115396

1508377448237 LINEAR_ACCELERATION 0.044504166 -0.050598383 0.03217745

1508377448239 ROTATION_VECTOR 0.70028645 -0.5295395 0.19984528

1508377448241 GYROSCOPE 0.0126953125 -2.89917E-4 0.005935669

1508377448330 ACCELEROMETER 7.4245453 3.9035187 -5.3767395

1508377448336 MAGNETIC_FIELD -45.635986 -18.397522 7.5790405

1508377448428 GRAVITY 7.2688775 3.8709877 -5.324402

1508377448434 LINEAR_ACCELERATION 0.072647095 -0.018156052 -0.058484077

1508377448436 GYROSCOPE 9.460449E-4 7.7819824E-4 -0.01008606

1508377448439 ROTATION_VECTOR 0.7030861 -0.5264399 0.20307934

1508377448534 ACCELEROMETER 7.450424 3.9184113 -5.447006

1508377448540 MAGNETIC_FIELD -44.836426 -19.825745 6.440735

1508377448634 GRAVITY 7.2340317 3.8616576 -5.3783617

1508377448640 GYROSCOPE 0.025512695 -0.047286987 -0.027175903

1508377448642 LINEAR_ACCELERATION 0.015852451 -0.04239106 -0.023980618

1508377448645 ROTATION_VECTOR 0.7079535 -0.522515 0.2043847

1508377448732 ACCELEROMETER 7.3769836 3.8719788 -5.53302

1508377448739 MAGNETIC_FIELD -45.19043 -20.069885 6.826782

1508377448836 GRAVITY 7.2182865 3.853449 -5.405336

1508377448839 LINEAR_ACCELERATION 0.0549345 -0.049907684 0.033789158

1508377448842 GYROSCOPE -0.003326416 -0.0013580322 -0.01222229

1508377448845 ROTATION_VECTOR 0.7115042 -0.5189963 0.20614766

1508377448933 ACCELEROMETER 7.4058075 3.8908997 -5.464325

1508377448943 MAGNETIC_FIELD -46.138 -19.264221 6.916809

1508377449036 GRAVITY 7.222887 3.858899 -5.395293

1508377449042 LINEAR_ACCELERATION 0.018623352 -0.02756548 0.042847157

1508377449044 ROTATION_VECTOR 0.7101215 -0.5203949 0.20530112

1508377449047 GYROSCOPE 0.0041503906 -0.005630493 -0.009017944

1508377449135 ACCELEROMETER 7.3582153 3.899994 -5.432556

1508377449144 MAGNETIC_FIELD -46.246338 -18.9682 7.7209473

1508377449235 GRAVITY 7.1965265 3.8577979 -5.431186

1508377449244 LINEAR_ACCELERATION 0.03264904 -0.041370153 -0.013994217

1508377449247 ROTATION_VECTOR 0.7139775 -0.51686513 0.20634142

1508377449249 GYROSCOPE 0.006286621 -0.034469604 -0.029312134

1508377449340 ACCELEROMETER 7.366562 3.883194 -5.5548553

1508377449346 MAGNETIC_FIELD -45.028687 -20.518494 7.3883057

1508377449440 GRAVITY 7.1899776 3.8733993 -5.4287553

1508377449449 LINEAR_ACCELERATION 0.075675964 -0.019540548 0.07142496

1508377449451 ROTATION_VECTOR 0.7159591 -0.5139962 0.20720272

1508377449453 GYROSCOPE 0.008422852 -0.005630493 -0.018630981

1508377449542 ACCELEROMETER 7.3785095 3.9268951 -5.457062

1508377449548 MAGNETIC_FIELD -45.114136 -19.718933 7.2250366

1508377449638 GRAVITY 7.194877 3.8706532 -5.4242206

1508377449644 LINEAR_ACCELERATION 0.040146828 -0.044542313 0.017413616

1508377449646 GYROSCOPE -0.007598877 -2.89917E-4 -0.009017944

1508377449649 ROTATION_VECTOR 0.71845543 -0.51027447 0.20971246

1508377449733 ACCELEROMETER 7.359146 3.8927612 -5.5036316

1508377449739 MAGNETIC_FIELD -44.50226 -19.65332 7.0404053

1508377449839 GRAVITY 7.224117 3.8690886 -5.386342

1508377449846 LINEAR_ACCELERATION 0.016879559 -0.025099277 0.048395157

1508377449848 ROTATION_VECTOR 0.7179816 -0.5090476 0.21175765

1508377449850 GYROSCOPE -0.0065307617 0.021072388 0.011276245

1508377449935 ACCELEROMETER 7.3681183 3.9305573 -5.4384003

1508377449941 MAGNETIC_FIELD -45.025635 -18.84613 6.8588257

1508377450045 GRAVITY 7.239499 3.8838842 -5.354949

1508377450051 LINEAR_ACCELERATION -0.0063261986 0.03379774 -0.015711308

1508377450053 ROTATION_VECTOR 0.7151165 -0.5115025 0.21043089

1508377450055 GYROSCOPE -0.010803223 0.016799927 -4.7302246E-4

1508377450138 ACCELEROMETER 7.374283 3.9664612 -5.427475

1508377450141 MAGNETIC_FIELD -45.114136 -20.838928 8.084106

1508377450243 GRAVITY 7.2617326 3.8788512 -5.3284283

1508377450253 LINEAR_ACCELERATION -0.0019640923 -0.049978733 0.041754723

1508377450269 ROTATION_VECTOR 0.713662 -0.5122116 0.21114065

1508377450272 GYROSCOPE -0.009735107 -0.0034942627 5.950928E-4

1508377450339 ACCELEROMETER 7.366745 3.8831635 -5.4050446

1508377450342 MAGNETIC_FIELD -45.30487 -19.367981 7.281494

1508377450441 GRAVITY 7.248993 3.8818238 -5.3435884

1508377450444 LINEAR_ACCELERATION -0.012963772 -0.06782007 -0.050118923

1508377450446 ROTATION_VECTOR 0.71517515 -0.5108539 0.21130063

1508377450450 GYROSCOPE -0.041778564 -0.0077667236 -0.01008606

1508377450550 ACCELEROMETER 7.3446198 3.885025 -5.455551

1508377450556 MAGNETIC_FIELD -45.09735 -19.60144 7.470703

1508377450652 GYROSCOPE -1.2207031E-4 0.0071868896 0.01234436

1508377450658 GRAVITY 7.249485 3.891397 -5.3359528

1508377450660 LINEAR_ACCELERATION 0.0076317787 -0.01893115 -0.022864819

1508377450662 ROTATION_VECTOR 0.71275073 -0.51385236 0.20917618

1508377450752 ACCELEROMETER 7.375519 3.9282074 -5.4339447

1508377450758 MAGNETIC_FIELD -44.406128 -18.188477 6.613159

1508377450853 GYROSCOPE -0.014007568 0.02961731 0.009140015

1508377450860 GRAVITY 7.281154 3.8729713 -5.3061547

1508377450862 LINEAR_ACCELERATION 0.00192976 -0.023796797 -0.0015082359

1508377450864 ROTATION_VECTOR 0.7117585 -0.5137494 0.21125703

1508377450952 ACCELEROMETER 7.395935 3.8953247 -5.3921356

1508377450958 MAGNETIC_FIELD -44.71588 -19.586182 6.8328857

1508377451055 GRAVITY 7.303428 3.8283198 -5.307946

1508377451062 LINEAR_ACCELERATION 0.009967804 -0.047762632 -0.046004772

1508377451064 ROTATION_VECTOR 0.7110164 -0.5148646 0.21315758

1508377451067 GYROSCOPE 0.019104004 -0.0034942627 0.01234436

1508377451141 ACCELEROMETER 7.440338 3.865982 -5.4028473

1508377451143 MAGNETIC_FIELD -44.81964 -19.473267 6.5185547

1508377451242 GYROSCOPE 0.02658081 0.005050659 0.007003784

1508377451243 GRAVITY 7.3195124 3.8249006 -5.2882195

1508377451244 LINEAR_ACCELERATION 0.013735294 0.07052541 0.07481623

1508377451244 ROTATION_VECTOR 0.70813483 -0.5178505 0.21215652

1508377451344 ACCELEROMETER 7.4389496 3.947876 -5.3475494

1508377451344 MAGNETIC_FIELD -45.869446 -18.87207 6.7581177

1508377451445 LINEAR_ACCELERATION -0.017706871 0.008267164 -0.04738283

1508377451446 GRAVITY 7.303726 3.824606 -5.310213

1508377451446 GYROSCOPE -0.01828003 -0.004562378 -0.011154175

1508377451451 ROTATION_VECTOR 0.70736015 -0.51998764 0.21020347

1508377451565 ACCELEROMETER 7.4156647 3.8788452 -5.4441223

1508377451574 MAGNETIC_FIELD -45.210266 -18.823242 7.2509766

1508377451649 GRAVITY 7.2928 3.815474 -5.331755

1508377451650 LINEAR_ACCELERATION 0.034365177 -0.06266403 -0.025066853

1508377451650 ROTATION_VECTOR 0.70968807 -0.5178675 0.21136329

1508377451650 GYROSCOPE 0.010559082 -0.01737976 -0.016494751

1508377451746 ACCELEROMETER 7.5954285 3.5543365 -5.37117

1508377451747 MAGNETIC_FIELD -44.577026 -19.773865 6.993103

1508377451870 GRAVITY 7.8694477 3.4788184 -4.7053165

1508377451881 LINEAR_ACCELERATION 0.38720036 -1.4262555 -1.2863398

1508377451885 ROTATION_VECTOR 0.68170017 -0.52458483 0.24391377

1508377451888 GYROSCOPE -0.38891602 0.7249603 0.6265106

1508377451948 ACCELEROMETER 7.5998993 2.5109253 -5.920456

1508377451948 MAGNETIC_FIELD -46.58203 -19.224548 4.107666

1508377452049 GYROSCOPE -2.039154 2.6988373 -0.09446716

1508377452050 GRAVITY 8.796653 4.22294 -0.97778624

1508377452050 LINEAR_ACCELERATION -3.5072584 1.3161502 -1.5874574

1508377452052 ROTATION_VECTOR 0.5653022 -0.47988194 0.27319503

1508377452151 ACCELEROMETER 5.765915 5.991699 -1.4831848

1508377452153 MAGNETIC_FIELD -43.592834 -18.704224 -12.715149

1508377452258 GRAVITY 8.636521 3.0938492 3.4653995

1508377452271 GYROSCOPE 0.3694458 1.6403351 1.5974274

1508377452280 LINEAR_ACCELERATION -1.3205242 2.069185 -1.331084

1508377452288 ROTATION_VECTOR 0.40658864 -0.39749148 0.35982376

1508377452354 ACCELEROMETER 7.7417755 4.260803 2.180542

1508377452362 MAGNETIC_FIELD -36.514282 -13.104248 -32.56836

1508377452458 GYROSCOPE -2.603119 2.7533112 0.64253235

1508377452462 GRAVITY 6.705673 0.3580565 7.1467566

1508377452464 LINEAR_ACCELERATION -1.6618576 1.4842007 -3.093266

1508377452469 ROTATION_VECTOR 0.19242978 -0.31398663 0.44285464

1508377452556 ACCELEROMETER 3.612854 0.9084625 4.901932

1508377452559 MAGNETIC_FIELD -12.902832 4.7210693 -46.932983

1508377452664 GRAVITY 1.5326867 -3.9025483 8.865178

1508377452667 GYROSCOPE -1.4655762 3.6483917 1.5333405

1508377452669 LINEAR_ACCELERATION -1.7789084 -0.4237585 -0.77560616

1508377452672 ROTATION_VECTOR -0.14793937 -0.16160345 0.42903072

1508377452759 ACCELEROMETER -0.48789978 -4.4353333 7.79393

1508377452763 MAGNETIC_FIELD 23.84491 16.851807 -38.485718

1508377452869 GYROSCOPE -2.0498352 -5.8172455 2.510666

1508377452877 GRAVITY 1.3461905 -6.7719636 6.9640985

1508377452878 LINEAR_ACCELERATION 0.36062527 2.138423 6.732469

1508377452878 ROTATION_VECTOR -0.24206302 -0.2938287 0.58536637

1508377452958 ACCELEROMETER 3.4658508 -4.068863 14.083466

1508377452959 MAGNETIC_FIELD 35.968018 3.6254883 -31.140137

1508377453064 GRAVITY 0.8942104 -9.130121 3.4657838

1508377453069 LINEAR_ACCELERATION 0.1670019 4.7482986 11.529747

1508377453071 ROTATION_VECTOR -0.32074976 -0.46948248 0.6307678

1508377453074 GYROSCOPE -2.7131348 2.6518402 -0.48753357

1508377453162 ACCELEROMETER -0.5962219 -3.9058685 14.443253

1508377453164 MAGNETIC_FIELD 20.173645 -13.755798 -36.793518

1508377453266 GRAVITY 1.7964967 -9.475859 1.7751323

1508377453270 LINEAR_ACCELERATION -4.9930124 9.424242 10.0647955

1508377453273 ROTATION_VECTOR -0.4392168 -0.46538377 0.45083126

1508377453275 GYROSCOPE -0.39318848 0.16633606 -0.973526

1508377453364 ACCELEROMETER -3.5300903 0.28546143 12.161377

1508377453368 MAGNETIC_FIELD 21.264648 -16.7984 -38.757324

1508377453470 GRAVITY 3.7273293 -8.401262 3.41997

1508377453473 LINEAR_ACCELERATION -5.892657 6.3601785 6.0209785

1508377453475 GYROSCOPE 1.7024536 -0.028060913 -1.3783417

1508377453479 ROTATION_VECTOR -0.3485138 -0.45184973 0.39098284

1508377453565 ACCELEROMETER -2.9641266 -1.388855 9.0572815

1508377453570 MAGNETIC_FIELD 25.317383 -11.6744995 -36.764526

1508377453672 GRAVITY 3.3954375 -7.5411325 5.269983

1508377453675 LINEAR_ACCELERATION -6.6581964 5.348514 4.370299

1508377453677 ROTATION_VECTOR -0.28916538 -0.38430333 0.42238915

1508377453680 GYROSCOPE -0.39746094 1.0806427 0.82518005

1508377453768 ACCELEROMETER -3.3489838 -1.5387726 9.00354

1508377453771 MAGNETIC_FIELD 26.531982 -9.788513 -37.579346

1508377453873 GRAVITY 1.7249337 -7.988383 5.4203987

1508377453875 LINEAR_ACCELERATION -4.7749004 5.6661735 3.4772801

1508377453878 ROTATION_VECTOR -0.333525 -0.33525756 0.47942019

1508377453881 GYROSCOPE -0.07595825 -0.14768982 0.40541077

1508377453968 ACCELEROMETER -3.378769 -1.0105286 8.037567

1508377453971 MAGNETIC_FIELD 28.102112 -12.231445 -35.246277

1508377454072 GRAVITY 1.1308191 -8.326188 5.056306

1508377454075 LINEAR_ACCELERATION -2.328801 6.313091 8.574248

1508377454079 ROTATION_VECTOR -0.35131198 -0.3446448 0.52044797

1508377454082 GYROSCOPE -1.0169678 0.077682495 0.20674133

1508377454170 ACCELEROMETER -1.4032898 -1.0101776 12.798996

1508377454173 MAGNETIC_FIELD 28.892517 -13.383484 -35.334778

1508377454275 GRAVITY 0.8831728 -8.568198 4.687896

1508377454280 LINEAR_ACCELERATION -4.3474874 6.535 4.114282

1508377454283 ROTATION_VECTOR -0.36287552 -0.3595903 0.53930295

1508377454285 GYROSCOPE 0.12911987 0.097976685 -0.28993225

1508377454373 ACCELEROMETER -3.5480957 -0.6292267 8.416504

1508377454375 MAGNETIC_FIELD 27.626038 -14.237976 -35.21576

1508377454479 GRAVITY 0.9460083 -8.244581 5.2251635

1508377454482 LINEAR_ACCELERATION -4.012184 6.312189 4.913481

1508377454484 ROTATION_VECTOR -0.32827175 -0.35472307 0.57055616

1508377454487 GYROSCOPE 0.023376465 -0.19468689 0.0027313232

1508377454574 ACCELEROMETER -3.1980133 -0.44639587 9.19722

1508377454578 MAGNETIC_FIELD 26.649475 -14.945984 -36.297607

1508377454679 GRAVITY 0.835479 -7.99434 5.618086

1508377454682 LINEAR_ACCELERATION -3.8166983 6.068342 4.5391703

1508377454684 GYROSCOPE 0.0030822754 -0.05583191 0.014480591

1508377454687 ROTATION_VECTOR -0.2977439 -0.35342032 0.61515194

1508377454775 ACCELEROMETER -3.1420746 -0.38067627 9.093826

1508377454779 MAGNETIC_FIELD 27.690125 -15.507507 -36.187744

1508377454882 GRAVITY 0.69438165 -7.7355895 5.9873924

1508377454885 LINEAR_ACCELERATION -3.6452217 5.7971163 4.3765664

1508377454888 ROTATION_VECTOR -0.2718184 -0.34762436 0.6546649

1508377454890 GYROSCOPE 0.0020141602 -0.106033325 -0.006881714

1508377454978 ACCELEROMETER -3.0650024 -0.35150146 9.082703

1508377454979 MAGNETIC_FIELD 26.550293 -14.987183 -35.30426

