1505479795401 ACCELEROMETER -1.8203888 9.29512 -1.1076202

1505479795402 GYROSCOPE 0.07827759 -0.30804443 0.069885254

1505479795402 MAGNETIC_FIELD 32.450867 -35.154724 11.305237

1505479795403 GRAVITY -1.8837676 9.552703 -1.1694785

1505479795403 LINEAR_ACCELERATION 0.0 0.0 -0.0

1505479795404 ROTATION_VECTOR 0.0 0.0 0.0

1505479795601 ACCELEROMETER -1.937851 9.289185 -1.446106

1505479795602 GYROSCOPE -0.093688965 -0.11898804 -0.007019043

1505479795602 MAGNETIC_FIELD 31.944275 -33.976746 10.484314

1505479795603 GRAVITY -1.9271398 9.529716 -1.2810295

1505479795604 LINEAR_ACCELERATION -0.06027186 -0.0065927505 -0.20421076

1505479795604 ROTATION_VECTOR 0.42376202 0.62107974 0.46015623

1505479795802 ACCELEROMETER -2.1674805 9.34964 -0.30551147

1505479795803 GYROSCOPE -0.158844 0.12133789 -0.084991455

1505479795804 MAGNETIC_FIELD 32.618713 -34.313965 7.5317383

1505479795805 GRAVITY -2.089362 9.552491 -0.74489635

1505479795805 LINEAR_ACCELERATION -0.14895272 0.039093018 0.57426953

1505479795806 ROTATION_VECTOR 0.39832303 0.6158879 0.47869977

1505479796003 ACCELEROMETER -2.233902 9.154251 -1.8788452

1505479796005 GYROSCOPE 0.22781372 0.2559204 0.08911133

1505479796006 MAGNETIC_FIELD 32.281494 -33.976746 12.12616

1505479796006 GRAVITY -2.1151764 9.497007 -1.2260826

1505479796007 LINEAR_ACCELERATION -0.18201542 -0.14856339 -0.98511887

1505479796007 ROTATION_VECTOR 0.41821912 0.62257975 0.45573813

1505479796205 ACCELEROMETER -2.9030457 8.8471985 -0.9162445

1505479796206 GYROSCOPE 0.053710938 -0.4116516 -0.58166504

1505479796207 MAGNETIC_FIELD 37.68158 -30.278015 11.798096

1505479796208 GRAVITY -2.7193496 9.32855 -1.3242612

1505479796208 LINEAR_ACCELERATION -0.38204622 -0.24317455 0.52264106

1505479796209 ROTATION_VECTOR 0.3871967 0.64621764 0.44698504

1505479796442 ACCELEROMETER -4.0422516 8.569824 -1.3163605

1505479796442 GYROSCOPE -0.030670166 -0.25357056 0.2557373

1505479796443 MAGNETIC_FIELD 38.77411 -28.817749 10.51178

1505479796444 LINEAR_ACCELERATION -0.6864581 -0.29788494 -0.14556932

1505479796444 GRAVITY -3.3163755 9.1588545 -1.1346451

1505479796445 ROTATION_VECTOR 0.39029744 0.6368035 0.41476056

1505479796643 ACCELEROMETER -3.202896 8.824066 -0.9893799

1505479796643 GYROSCOPE 0.1071167 0.091430664 0.022888184

1505479796644 MAGNETIC_FIELD 37.41913 -30.195618 10.076904

1505479796644 GRAVITY -3.0973814 9.235766 -1.1301535

1505479796645 LINEAR_ACCELERATION -0.101548195 -0.06206417 0.15390527

1505479796646 ROTATION_VECTOR 0.4102547 0.6239494 0.41071743

1505479796844 ACCELEROMETER -2.9490204 9.051743 -1.4833832

1505479796846 GYROSCOPE 0.069732666 0.06793213 -0.020904541

1505479796846 MAGNETIC_FIELD 36.4151 -29.690552 10.565186

1505479796847 LINEAR_ACCELERATION 0.03638172 0.113443375 -0.25363994

1505479796847 GRAVITY -3.06302 9.213469 -1.37851

1505479796848 ROTATION_VECTOR 0.4115569 0.6331709 0.40885362

1505479797045 ACCELEROMETER -2.914444 9.071304 -1.0589905

1505479797046 GYROSCOPE 0.014190674 0.032684326 0.014343262

1505479797047 MAGNETIC_FIELD 36.079407 -29.698181 9.255981

1505479797047 LINEAR_ACCELERATION 0.09137225 0.11927414 0.2905916

1505479797048 GRAVITY -3.04085 9.209978 -1.4491124

1505479797048 ROTATION_VECTOR 0.4049919 0.6402076 0.41443464

1505479797246 ACCELEROMETER -2.830429 9.063538 -1.6034241

1505479797248 GYROSCOPE -0.07446289 0.0113220215 0.047454834

1505479797248 MAGNETIC_FIELD 37.246704 -30.700684 9.736633

1505479797249 GRAVITY -2.9658868 9.238287 -1.4240667

1505479797250 LINEAR_ACCELERATION 0.071614504 0.09625912 -0.16905081

1505479797250 ROTATION_VECTOR 0.40409085 0.63977945 0.41956165

1505479797448 ACCELEROMETER -2.802948 9.0590515 -1.2623901

1505479797449 GYROSCOPE -0.036010742 0.046569824 -0.007019043

1505479797450 MAGNETIC_FIELD 36.505127 -30.949402 9.184265

1505479797450 GRAVITY -2.9236097 9.2718525 -1.2867236

1505479797451 LINEAR_ACCELERATION -0.0015282631 -0.0019102097 0.102138996

1505479797452 ROTATION_VECTOR 0.3979771 0.63813704 0.4284704

1505479797650 ACCELEROMETER -2.798111 9.07605 -1.2401276

1505479797651 GYROSCOPE -0.03173828 0.060455322 0.025024414

1505479797652 MAGNETIC_FIELD 36.57837 -30.86853 9.909058

1505479797653 GRAVITY -2.8633955 9.285074 -1.3261794

1505479797653 LINEAR_ACCELERATION 0.042907 0.049261093 -0.14628959

1505479797654 ROTATION_VECTOR 0.40008307 0.6383963 0.4295369

1505479797850 ACCELEROMETER -2.638321 9.117142 -1.485672

1505479797852 GYROSCOPE -0.021057129 6.4086914E-4 0.027160645

1505479797853 MAGNETIC_FIELD 35.572815 -30.531311 10.731506

1505479797854 GRAVITY -2.76328 9.314881 -1.3295305

1505479797854 LINEAR_ACCELERATION 0.081393 0.026583672 -0.07082391

1505479797855 ROTATION_VECTOR 0.39991322 0.6386365 0.43495625

1505479798052 ACCELEROMETER -2.6991882 9.0642395 -1.2926788

1505479798056 GYROSCOPE 0.005645752 0.0059814453 -0.010223389

1505479798057 GRAVITY -2.7696514 9.316928 -1.3016448

1505479798057 LINEAR_ACCELERATION -0.04074645 -0.02395916 0.03185129

1505479798058 MAGNETIC_FIELD 35.32257 -30.955505 10.647583

1505479798058 ROTATION_VECTOR 0.3959484 0.6399924 0.43806216

1505479798258 GRAVITY -2.6871157 9.322087 -1.431254

1505479798258 LINEAR_ACCELERATION 0.05400777 0.08230114 -0.18043947

1505479798259 ROTATION_VECTOR 0.40323383 0.64060605 0.43497875

1505479798259 ACCELEROMETER -2.6604767 9.159744 -1.4114685

1505479798259 GYROSCOPE 0.024871826 0.048706055 0.047454834

1505479798260 MAGNETIC_FIELD 35.487366 -31.951904 10.462952

1505479798459 LINEAR_ACCELERATION -0.020236015 -0.014638901 0.004329562

1505479798460 ROTATION_VECTOR 0.401985 0.6424431 0.4385272

1505479798460 GRAVITY -2.6295893 9.334376 -1.4577603

1505479798460 ACCELEROMETER -2.5747528 9.145676 -1.4737549

1505479798461 GYROSCOPE -0.012512207 0.013458252 0.016479492

1505479798461 MAGNETIC_FIELD 35.758972 -32.04193 10.395813

1505479798661 GRAVITY -2.673675 9.334919 -1.371545

1505479798661 LINEAR_ACCELERATION -0.09481239 -0.06433201 0.11267543

1505479798661 ROTATION_VECTOR 0.3943259 0.64376736 0.4432931

1505479798662 ACCELEROMETER -2.6500244 9.083359 -1.3518372

1505479798662 GYROSCOPE -0.02319336 -0.008972168 -0.0048828125

1505479798662 MAGNETIC_FIELD 35.653687 -31.289673 10.472107

1505479798864 ROTATION_VECTOR 0.39714295 0.641298 0.44226593

1505479798870 LINEAR_ACCELERATION 0.049442053 0.027767181 -0.04570341

1505479798873 GRAVITY -2.657847 9.342137 -1.3530364

1505479798875 ACCELEROMETER -2.600296 9.144531 -1.2914886

1505479798877 GYROSCOPE -0.013580322 -0.013244629 -0.0048828125

1505479798879 MAGNETIC_FIELD 35.487366 -32.296753 10.484314

1505479799074 GRAVITY -2.659494 9.353043 -1.2720321

1505479799087 LINEAR_ACCELERATION 0.021861076 0.044223785 0.043720722

1505479799094 ROTATION_VECTOR 0.3982649 0.6373701 0.44248646

1505479799096 ACCELEROMETER -2.5757294 9.182114 -1.2938385

1505479799098 GYROSCOPE -0.036010742 -0.023925781 -0.008087158

1505479799100 MAGNETIC_FIELD 35.508728 -31.61316 9.12323

1505479799273 GRAVITY -2.6130853 9.367902 -1.2588034

1505479799276 LINEAR_ACCELERATION 0.077702045 0.012618065 -0.076294065

1505479799278 ROTATION_VECTOR 0.4047253 0.6327547 0.4401087

1505479799281 ACCELEROMETER -2.5050964 9.182968 -1.2533417

1505479799283 GYROSCOPE -0.013580322 0.00491333 0.017547607

1505479799286 MAGNETIC_FIELD 35.073853 -31.3797 8.946228

1505479799474 GRAVITY -2.5971246 9.3631525 -1.3254114

1505479799483 LINEAR_ACCELERATION 0.0121901035 -1.4305115E-5 -0.16810787

1505479799486 ROTATION_VECTOR 0.41041756 0.631771 0.43563023

1505479799488 ACCELEROMETER -2.5026703 9.2052765 -1.3992157

1505479799490 GYROSCOPE -0.0061035156 -0.0025634766 -0.010223389

1505479799492 MAGNETIC_FIELD 34.99298 -31.12793 9.996033

1505479799679 GRAVITY -2.5946598 9.369503 -1.2847356

1505479799684 LINEAR_ACCELERATION -0.020991325 -0.011380196 0.084914565

1505479799687 ROTATION_VECTOR 0.40657365 0.63261455 0.43929258

1505479799689 ACCELEROMETER -2.5729065 9.141022 -1.2526703

1505479799692 GYROSCOPE 0.008850098 -0.0014953613 0.027160645

1505479799694 MAGNETIC_FIELD 35.65674 -32.46765 10.321045

1505479799896 GRAVITY -2.5874615 9.366683 -1.3193438

1505479799902 LINEAR_ACCELERATION -0.031337738 -0.04785824 -0.09473264

1505479799916 ACCELEROMETER -2.5628204 9.12088 -1.3276062

1505479799919 ROTATION_VECTOR 0.40762746 0.6333306 0.43838662

1505479799921 GYROSCOPE -0.028533936 0.013458252 -6.1035156E-4

1505479799924 MAGNETIC_FIELD 35.64911 -30.93872 10.484314

1505479800065 ACCELEROMETER -2.523117 9.147644 -1.3425751

1505479800066 GYROSCOPE 0.0045776367 -0.0057678223 -0.0038146973

1505479800066 MAGNETIC_FIELD 35.498047 -31.686401 10.044861

1505479800067 GRAVITY -2.585677 9.365994 -1.327708

1505479800067 LINEAR_ACCELERATION 0.0121023655 -0.014157295 -0.05505085

1505479800067 ROTATION_VECTOR 0.40824667 0.6332684 0.43788737

1505479800272 LINEAR_ACCELERATION 0.026672602 0.036520958 -0.03312683

1505479800273 GRAVITY -2.5682423 9.3701725 -1.3320603

1505479800273 ROTATION_VECTOR 0.40958387 0.6325798 0.4377052

1505479800273 ACCELEROMETER -2.4800568 9.187241 -1.3634338

1505479800274 GYROSCOPE -0.0146484375 0.0027770996 0.0036621094

1505479800274 MAGNETIC_FIELD 34.480286 -32.122803 9.6710205

1505479800472 GRAVITY -2.5853837 9.367984 -1.3141719

1505479800473 LINEAR_ACCELERATION -0.08318806 -0.041413307 0.028836012

1505479800473 ACCELEROMETER -2.6078033 9.142273 -1.261322

1505479800474 GYROSCOPE 0.005645752 0.012390137 0.023956299

1505479800474 MAGNETIC_FIELD 35.736084 -31.874084 10.409546

1505479800474 ROTATION_VECTOR 0.40620133 0.6340383 0.43966845

1505479800677 ACCELEROMETER -2.499588 9.153397 -1.3570557

1505479800681 GYROSCOPE -0.0050354004 0.008117676 0.006866455

1505479800690 MAGNETIC_FIELD 36.16333 -31.626892 10.322571

1505479800693 GRAVITY -2.5507152 9.374447 -1.3356638

1505479800695 LINEAR_ACCELERATION 0.0073490143 -0.0065164566 -0.0301646

1505479800697 ROTATION_VECTOR 0.40689698 0.6344563 0.44064438

1505479800877 ACCELEROMETER -2.4798431 9.213638 -1.381134

1505479800880 GYROSCOPE -0.0146484375 -0.018585205 -0.0048828125

1505479800882 MAGNETIC_FIELD 35.525513 -32.218933 10.73761

1505479800892 GRAVITY -2.5318482 9.377914 -1.3471626

1505479800895 LINEAR_ACCELERATION 0.025213718 0.04043293 -0.06962407

1505479800897 ROTATION_VECTOR 0.40788355 0.6342848 0.44070753

1505479801081 ACCELEROMETER -2.4326477 9.195084 -1.2046967

1505479801095 GRAVITY -2.521508 9.388664 -1.2904923

1505479801097 LINEAR_ACCELERATION 0.034548044 0.0038614273 0.07498574

1505479801100 ROTATION_VECTOR 0.40548572 0.6335441 0.44387078

1505479801108 GYROSCOPE 0.0024414063 -0.012176514 0.0036621094

1505479801110 MAGNETIC_FIELD 35.7666 -32.30591 10.861206

1505479801280 ACCELEROMETER -2.4584198 9.185089 -1.3416443

1505479801290 GYROSCOPE -0.0050354004 -0.012176514 -0.010223389

1505479801292 MAGNETIC_FIELD 34.93042 -32.902527 10.021973

1505479801294 GRAVITY -2.538872 9.379258 -1.3244017

1505479801297 LINEAR_ACCELERATION -0.009747982 -0.037817 -0.080226064

1505479801299 ROTATION_VECTOR 0.40862328 0.6328923 0.44008583

1505479801484 ACCELEROMETER -2.480133 9.127289 -1.3212891

1505479801494 GYROSCOPE -0.0061035156 -0.010040283 0.0047302246

1505479801496 GRAVITY -2.529868 9.3809185 -1.3298602

1505479801499 LINEAR_ACCELERATION 0.034497023 -6.6185E-4 -0.041829824

1505479801501 ROTATION_VECTOR 0.41135097 0.6313433 0.43837038

1505479801503 MAGNETIC_FIELD 34.806824 -31.950378 9.490967

1505479801685 ACCELEROMETER -2.4486542 9.155441 -1.3282776

1505479801706 GRAVITY -2.5206583 9.382314 -1.3374841

1505479801707 LINEAR_ACCELERATION 0.008250952 -0.014483452 -0.016271591

1505479801709 ROTATION_VECTOR 0.41115478 0.6317788 0.4389005

1505479801709 GYROSCOPE 0.0045776367 0.009185791 0.0025939941

1505479801710 MAGNETIC_FIELD 33.818054 -31.56128 10.217285

1505479801881 GRAVITY -2.5026402 9.386557 -1.3415421

1505479801882 LINEAR_ACCELERATION -0.016917706 0.004678726 0.020239353

1505479801882 ROTATION_VECTOR 0.41022858 0.63254416 0.44049805

1505479801884 ACCELEROMETER -2.4506989 9.182892 -1.3140259

1505479801884 GYROSCOPE 0.005645752 0.0113220215 0.021820068

1505479801891 MAGNETIC_FIELD 34.698486 -31.70166 9.776306

1505479802091 GRAVITY -2.4716494 9.385114 -1.4074708

1505479802098 LINEAR_ACCELERATION 0.006732464 0.02941513 -0.10163844

1505479802100 ROTATION_VECTOR 0.41282567 0.6335109 0.43919727

1505479802102 ACCELEROMETER -2.433197 9.19873 -1.4181366

1505479802105 GYROSCOPE 0.009918213 -0.0025634766 4.5776367E-4

1505479802107 MAGNETIC_FIELD 34.527588 -33.065796 10.580444

1505479802292 ACCELEROMETER -2.4124146 9.201904 -1.3347168

1505479802298 GRAVITY -2.456863 9.396262 -1.3581158

1505479802300 LINEAR_ACCELERATION 0.012563705 0.0036993027 0.06602275

1505479802302 ROTATION_VECTOR 0.40889332 0.6340748 0.44365805

1505479802305 GYROSCOPE -0.026397705 -4.272461E-4 0.010070801

1505479802307 MAGNETIC_FIELD 34.158325 -32.162476 10.655212

1505479802493 GRAVITY -2.458636 9.40027 -1.326809

1505479802499 LINEAR_ACCELERATION 0.011372328 -0.018788338 0.018322706

1505479802501 ROTATION_VECTOR 0.40722933 0.633887 0.4452776

1505479802503 ACCELEROMETER -2.3664856 9.2026825 -1.2460327

1505479802506 GYROSCOPE 3.0517578E-4 0.00491333 -0.015563965

1505479802508 MAGNETIC_FIELD 34.046936 -32.191467 10.232544

1505479802694 GRAVITY -2.4341755 9.402275 -1.3573533

1505479802700 LINEAR_ACCELERATION 0.03469777 -0.0014848709 -0.051991343

1505479802703 ROTATION_VECTOR 0.4111664 0.6325725 0.44309992

1505479802705 ACCELEROMETER -2.3563843 9.184967 -1.3996735

1505479802707 GYROSCOPE 0.001373291 0.0038452148 0.021820068

1505479802709 MAGNETIC_FIELD 34.431458 -33.23822 9.407043

1505479802892 GRAVITY -2.4015162 9.410378 -1.3593682

1505479802902 LINEAR_ACCELERATION -0.0037255287 0.016721725 0.01409781

1505479802904 ROTATION_VECTOR 0.41102257 0.6327471 0.4448598

1505479802907 ACCELEROMETER -2.3577576 9.217026 -1.3164215

1505479802909 GYROSCOPE 0.006713867 0.0070495605 0.011138916

1505479802911 MAGNETIC_FIELD 34.10034 -32.31964 10.005188

1505479803094 GRAVITY -2.3901017 9.407382 -1.3996327

1505479803103 LINEAR_ACCELERATION 0.008088112 0.0051898956 -0.06937492

1505479803105 ROTATION_VECTOR 0.41389105 0.6324995 0.44269118

1505479803108 ACCELEROMETER -2.3313751 9.225372 -1.4170837

1505479803110 GYROSCOPE -0.003967285 0.0059814453 -0.007019043

1505479803112 MAGNETIC_FIELD 34.31549 -32.780457 9.472656

1505479803298 GRAVITY -2.4185026 9.402738 -1.381941

1505479803304 LINEAR_ACCELERATION -0.06774044 -0.02218914 0.039923668

1505479803307 ROTATION_VECTOR 0.4107122 0.63385713 0.44390607

1505479803309 ACCELEROMETER -2.4221802 9.173859 -1.3209686

1505479803311 GYROSCOPE 0.001373291 0.012390137 0.012207031

1505479803313 MAGNETIC_FIELD 35.150146 -31.980896 9.979248

1505479803500 GRAVITY -2.4173949 9.403498 -1.3787025

1505479803506 LINEAR_ACCELERATION -0.03463602 -0.004998207 0.044899583

1505479803508 ROTATION_VECTOR 0.40831402 0.6352747 0.4458284

1505479803510 ACCELEROMETER -2.3901062 9.195694 -1.3172913

1505479803512 GYROSCOPE 0.009918213 0.024139404 0.0025939941

1505479803514 MAGNETIC_FIELD 35.04944 -32.17926 9.976196

1505479803701 GRAVITY -2.408343 9.407635 -1.3662655

1505479803707 LINEAR_ACCELERATION 0.009172916 0.023231506 0.056188703

1505479803709 ROTATION_VECTOR 0.40434095 0.63731354 0.4494638

1505479803711 ACCELEROMETER -2.386551 9.210419 -1.278656

1505479803713 GYROSCOPE 0.0045776367 -0.010040283 -0.0016784668

1505479803716 MAGNETIC_FIELD 33.89435 -32.341003 11.036682

1505479803902 GRAVITY -2.385657 9.409762 -1.3911872

1505479803908 LINEAR_ACCELERATION 0.0033268929 0.006922722 -0.010537982

1505479803910 ROTATION_VECTOR 0.4047967 0.63802075 0.44990093

1505479803912 ACCELEROMETER -2.3264008 9.220932 -1.3257446

1505479803915 GYROSCOPE 0.018463135 0.0027770996 0.023956299

1505479803917 MAGNETIC_FIELD 34.031677 -32.30896 11.003113

1505479804103 GRAVITY -2.3541045 9.416984 -1.3960639

1505479804112 LINEAR_ACCELERATION -0.0065078735 -0.021335602 0.027130365

1505479804126 ROTATION_VECTOR 0.40681544 0.63693064 0.44991595

1505479804129 ACCELEROMETER -2.2875977 9.221695 -1.3889618

1505479804131 GYROSCOPE -0.00289917 0.0070495605 0.014343262

1505479804133 MAGNETIC_FIELD 34.4162 -32.069397 9.414673

1505479804302 ACCELEROMETER -2.3319702 9.198639 -1.3523102

1505479804307 GRAVITY -2.3523316 9.421404 -1.3689657

1505479804309 LINEAR_ACCELERATION -0.018956184 -6.5612793E-4 0.027995706

1505479804312 ROTATION_VECTOR 0.405979 0.63637954 0.45103475

1505479804314 GYROSCOPE -0.011444092 -0.0036315918 -0.002746582

1505479804316 MAGNETIC_FIELD 34.568787 -33.122253 9.968567

1505479804501 GRAVITY -2.3653963 9.418551 -1.3660798

1505479804511 LINEAR_ACCELERATION -0.020328045 4.453659E-4 -0.04071486

1505479804513 ROTATION_VECTOR 0.40669888 0.635804 0.4498765

1505479804515 ACCELEROMETER -2.3328247 9.219986 -1.3096313

1505479804518 GYROSCOPE -0.009307861 -0.010040283 4.5776367E-4

1505479804520 MAGNETIC_FIELD 34.37805 -32.180786 10.665894

1505479804703 GRAVITY -2.3764312 9.416235 -1.3628953

1505479804709 LINEAR_ACCELERATION 0.0048167706 -0.01904583 -0.0023146868

1505479804711 ROTATION_VECTOR 0.4073196 0.6352787 0.4488962

1505479804713 ACCELEROMETER -2.3167267 9.204712 -1.3582153

1505479804715 GYROSCOPE 0.006713867 -0.0036315918 -0.010223389

1505479804717 MAGNETIC_FIELD 34.475708 -31.362915 10.380554

1505479804904 GRAVITY -2.4007344 9.408999 -1.3702528

1505479804912 LINEAR_ACCELERATION 0.0026688576 -0.007185936 -4.0483475E-4

1505479804914 ROTATION_VECTOR 0.40814313 0.63504535 0.44693044

1505479804917 ACCELEROMETER -2.3471222 9.174301 -1.3390656

1505479804919 GYROSCOPE 0.0045776367 -0.013244629 -0.013427734

1505479804921 MAGNETIC_FIELD 34.721375 -32.348633 10.005188

1505479805100 GRAVITY -2.3860614 9.418118 -1.332727

1505479805101 LINEAR_ACCELERATION 0.061549902 0.035071373 0.027008891

1505479805102 ACCELEROMETER -2.2872314 9.231201 -1.3019867

1505479805103 GYROSCOPE -0.022125244 -0.012176514 -0.002746582

1505479805104 MAGNETIC_FIELD 34.014893 -32.102966 10.25238

1505479805107 ROTATION_VECTOR 0.40821898 0.6334883 0.44816077

1505479805313 ACCELEROMETER -2.311554 9.231033 -1.3215027

1505479805318 GYROSCOPE -0.00289917 -0.012176514 -0.0038146973

1505479805322 LINEAR_ACCELERATION 0.026542664 0.011926651 -0.058406234

1505479805332 ROTATION_VECTOR 0.4105466 0.6319578 0.4466917

1505479805332 GRAVITY -2.3803153 9.419658 -1.33212

1505479805333 MAGNETIC_FIELD 34.643555 -31.758118 10.484314

1505479805499 ACCELEROMETER -2.3247223 9.217194 -1.3026123

1505479805500 GYROSCOPE 0.0024414063 0.0113220215 -0.0048828125

1505479805500 MAGNETIC_FIELD 35.380554 -32.652283 11.122131

1505479805501 GRAVITY -2.3963907 9.416532 -1.3253748

1505479805501 LINEAR_ACCELERATION -0.011766434 -0.015324593 0.013807178

1505479805501 ROTATION_VECTOR 0.4087792 0.63283086 0.44731098

1505479805709 ACCELEROMETER -1.9883575 9.689987 -1.7845917

1505479805714 GRAVITY -2.3620453 9.42597 -1.3199319

1505479805717 LINEAR_ACCELERATION 0.59564614 0.77020645 -0.875546

1505479805723 ROTATION_VECTOR 0.41775894 0.62671787 0.44224346

1505479805725 GYROSCOPE -0.003967285 -0.20230103 0.023956299

1505479805729 MAGNETIC_FIELD 35.395813 -32.295227 10.409546

1505479805912 ACCELEROMETER 0.044403076 9.622665 -1.4336853

1505479805937 GYROSCOPE -0.56900024 -0.9029846 -1.0644531

1505479805948 MAGNETIC_FIELD 37.290955 -30.63507 5.996704

1505479805959 GRAVITY -3.2454638 9.242692 -0.45826167

1505479805972 LINEAR_ACCELERATION 3.3097162 -0.11058617 -0.72125757

1505479805973 ROTATION_VECTOR 0.4090766 0.5966751 0.40791786

1505479806102 ACCELEROMETER -1.3404846 8.97641 1.8851929

1505479806103 GYROSCOPE 1.0289001 -1.7297058 -1.7779541

1505479806103 MAGNETIC_FIELD 41.711426 -27.078247 -0.98724365

1505479806104 GRAVITY -5.588566 8.019743 0.7886958

1505479806104 LINEAR_ACCELERATION 3.3115273 0.9870472 1.5608827

1505479806105 ROTATION_VECTOR 0.3845861 0.5584633 0.25831217

1505479806303 ACCELEROMETER -4.128311 5.7320404 2.3808136

1505479806314 GYROSCOPE 0.28549194 -1.7297058 -2.1080017

1505479806320 MAGNETIC_FIELD 47.608948 -13.630676 -11.720276

1505479806323 GRAVITY -7.6400847 5.404018 2.9319067

1505479806325 LINEAR_ACCELERATION 2.902071 -0.10233116 0.17311192

1505479806329 ROTATION_VECTOR 0.34345934 0.48223442 -0.0026262915

1505479806505 ACCELEROMETER -5.6756897 2.651657 3.1505432

1505479806506 GYROSCOPE 1.0064697 -5.2758484 -2.100525

1505479806506 MAGNETIC_FIELD 42.370605 -0.831604 -27.381897

1505479806507 LINEAR_ACCELERATION -0.101035595 0.514519 -3.7050152

1505479806508 GRAVITY -5.3506474 2.2136524 7.914588

1505479806508 ROTATION_VECTOR 0.21257305 0.22645313 -0.33620194

1505479806714 GRAVITY 3.8033774 -2.379772 8.720172

1505479806722 ACCELEROMETER 1.4130859 1.1602173 5.0076904

1505479806724 LINEAR_ACCELERATION 0.3592353 3.3870041 -4.241646

1505479806727 ROTATION_VECTOR -0.21970986 -0.08439529 -0.5842711

1505479806729 GYROSCOPE -2.2801208 -4.9596863 -4.417267

1505479806732 MAGNETIC_FIELD 8.908081 11.705017 -50.508118

1505479806913 GRAVITY 4.3847055 -6.3883677 6.0111146

1505479806921 LINEAR_ACCELERATION 6.9439435 -3.0857563 0.41662025

1505479806923 ROTATION_VECTOR -0.4116807 0.15504017 -0.73653704

1505479806926 ACCELEROMETER 12.369614 -7.4632263 7.597473

1505479806929 GYROSCOPE -4.737854 5.3753967 1.0632324

1505479806931 MAGNETIC_FIELD -33.84247 21.328735 -40.068054

1505479807117 GRAVITY -6.766762 -6.7080765 2.3201375

1505479807123 LINEAR_ACCELERATION 19.714931 -5.4835963 7.7734823

1505479807125 ROTATION_VECTOR 0.4269949 0.44652128 -0.78603643

1505479807128 ACCELEROMETER 12.541031 -11.804886 8.235474

1505479807130 GYROSCOPE 3.9672852 15.554535 -2.6591492

1505479807133 MAGNETIC_FIELD -34.402466 26.59607 -32.000732

1505479807320 ACCELEROMETER 2.057785 -1.3735199 2.5295258

1505479807327 GRAVITY -5.672266 -5.96813 -5.3270264

1505479807329 LINEAR_ACCELERATION 5.1311803 4.317595 8.696245

1505479807332 ROTATION_VECTOR -0.8737173 -0.0906689 0.36323497

1505479807334 GYROSCOPE 1.3845825 1.160614 0.114746094

1505479807337 MAGNETIC_FIELD -12.451172 3.022766 -49.214172

1505479807514 GRAVITY -5.2830825 -6.87364 -4.583939

1505479807520 ACCELEROMETER 0.2935028 -0.42185974 10.184311

1505479807525 GYROSCOPE 0.09536743 0.115997314 -0.002746582

1505479807528 MAGNETIC_FIELD -20.002747 6.3461304 -48.876953

1505479807530 LINEAR_ACCELERATION 4.3667045 4.9660864 14.040451

1505479807533 ROTATION_VECTOR -0.8560771 0.029118637 0.3003751

1505479807724 GRAVITY -5.3951154 -7.123713 -4.0392857

1505479807729 LINEAR_ACCELERATION 3.5889568 5.0978403 12.532902

1505479807732 ACCELEROMETER -0.2686615 0.018814087 9.637146

1505479807734 ROTATION_VECTOR -0.840205 0.0013509966 0.32669362

1505479807737 GYROSCOPE 0.0077819824 0.012390137 0.0015258789

1505479807739 MAGNETIC_FIELD -18.153381 5.36499 -49.316406

1505479807921 GRAVITY -5.5569057 -7.3217096 -3.4181497

1505479807924 LINEAR_ACCELERATION 3.413914 4.8501463 11.925444

1505479807929 ROTATION_VECTOR -0.8211199 -0.006267385 0.3484948

1505479807932 ACCELEROMETER -0.25743103 0.007843018 9.679016

1505479807934 GYROSCOPE 0.0045776367 0.0038452148 4.5776367E-4

1505479807937 MAGNETIC_FIELD -18.72406 5.584717 -48.28949

1505479808123 GRAVITY -5.710771 -7.4986796 -2.706896

