1505479716517 ACCELEROMETER -3.546341 7.5243835 9.213257

1505479716520 GYROSCOPE 1.1976624 2.9518433 1.0151672

1505479716520 MAGNETIC_FIELD 29.919434 -35.658264 -11.170959

1505479716521 LINEAR_ACCELERATION 0.0 0.0 -0.0

1505479716521 GRAVITY -2.701731 5.7049723 7.5049534

1505479716522 ROTATION_VECTOR 0.0 0.0 0.0

1505479716718 ACCELEROMETER -2.491745 7.691269 4.1146545

1505479716719 GYROSCOPE 2.557373 2.1486206 0.90301514

1505479716720 MAGNETIC_FIELD 18.782043 -43.730164 8.843994

1505479716721 GRAVITY -3.32104 8.313106 4.004166

1505479716721 LINEAR_ACCELERATION 1.008662 -1.5638771 0.16723537

1505479716722 ROTATION_VECTOR -0.09804601 0.5350059 0.822609

1505479716919 ACCELEROMETER -2.3922424 9.060898 -2.2193756

1505479716920 GYROSCOPE -0.6085205 1.160614 -0.23773193

1505479716921 MAGNETIC_FIELD 6.968689 -38.349915 27.876282

1505479716921 LINEAR_ACCELERATION 0.9627385 -0.72353554 -2.4945002

1505479716922 GRAVITY -3.0818684 9.308853 0.13317083

1505479716923 ROTATION_VECTOR 0.29062575 -0.6393331 -0.70782477

1505479717121 ACCELEROMETER 1.0054169 12.32164 3.1825256

1505479717122 GYROSCOPE 0.5471802 -0.35290527 -1.295166

1505479717122 MAGNETIC_FIELD -2.987671 -40.19928 28.367615

1505479717123 GRAVITY -3.1443598 9.269285 0.60310864

1505479717124 LINEAR_ACCELERATION 4.1673555 1.9242983 2.4890006

1505479717124 ROTATION_VECTOR 0.2875522 -0.6217425 -0.7244251

1505479717357 ACCELEROMETER -0.1913147 10.18927 -1.1346893

1505479717358 GYROSCOPE -0.8103943 0.7664795 -0.10635376

1505479717359 GRAVITY -3.8607814 9.009697 0.30020326

1505479717360 LINEAR_ACCELERATION 3.8057218 0.84429455 -1.4921647

1505479717360 ROTATION_VECTOR 0.28434938 -0.63548356 -0.7177576

1505479717559 ACCELEROMETER 0.83828735 9.753555 0.2081604

1505479717560 GYROSCOPE 0.09536743 -0.3336792 0.26000977

1505479717561 MAGNETIC_FIELD -7.333374 -41.337585 20.523071

1505479717562 GRAVITY -3.0838292 9.281437 0.71786195

1505479717562 LINEAR_ACCELERATION 3.8578262 0.28716278 -0.44832247

1505479717563 ROTATION_VECTOR 0.24192184 -0.63629633 -0.7318676

1505479717760 ACCELEROMETER -0.46672058 9.218353 0.057525635

1505479717760 GYROSCOPE -1.6040039 -0.8025818 -0.13839722

1505479717761 MAGNETIC_FIELD -7.0358276 -42.285156 18.852234

1505479717762 GRAVITY -2.4360392 9.261053 2.1139996

1505479717762 LINEAR_ACCELERATION 1.9128685 0.017269135 -2.2300394

1505479717763 ROTATION_VECTOR 0.19662611 -0.59460425 -0.77809983

1505479717961 ACCELEROMETER 0.6634674 9.482712 2.6045074

1505479717962 GYROSCOPE -0.08621216 -0.4661255 -0.24093628

1505479717962 MAGNETIC_FIELD -7.8811646 -43.899536 10.85968

1505479717963 GRAVITY -1.9127218 8.79254 3.89912

1505479717964 LINEAR_ACCELERATION 2.7668242 0.6549406 -0.51326466

1505479717965 ROTATION_VECTOR 0.13876301 -0.530985 -0.8352257

1505479718162 ACCELEROMETER -0.018661499 9.235977 2.9108124

1505479718164 GYROSCOPE -0.14602661 -0.14889526 -0.13946533

1505479718164 MAGNETIC_FIELD -4.9819946 -45.733643 9.188843

1505479718165 GRAVITY -1.806154 8.740352 4.063799

1505479718165 LINEAR_ACCELERATION 1.5533022 0.53022194 -1.5483341

1505479718166 ROTATION_VECTOR 0.1171975 -0.5282695 -0.8408606

1505479718364 ACCELEROMETER 0.28520203 9.283981 2.183899

1505479718364 GYROSCOPE -0.061645508 -0.0068359375 0.058135986

1505479718365 MAGNETIC_FIELD -4.93927 -45.68329 10.420227

1505479718365 GRAVITY -1.6000422 8.766635 4.0934534

1505479718366 LINEAR_ACCELERATION 1.9666786 0.65905666 -1.835887

1505479718367 ROTATION_VECTOR -0.09612849 0.531085 0.84184706

1505479718565 ACCELEROMETER 0.14379883 9.256561 2.4132996

1505479718567 GYROSCOPE -0.10116577 0.12667847 0.09124756

1505479718568 MAGNETIC_FIELD -5.7281494 -44.54651 8.439636

1505479718569 GRAVITY -1.3730112 8.8135605 4.0750923

1505479718569 LINEAR_ACCELERATION 1.4817334 0.61792755 -1.5485954

1505479718570 ROTATION_VECTOR 0.092744686 -0.532566 -0.8411574

1505479718766 ACCELEROMETER 0.42074585 9.395767 2.697647

1505479718767 GYROSCOPE 0.05050659 -0.01965332 -0.040130615

1505479718768 MAGNETIC_FIELD -7.267761 -45.28351 8.256531

1505479718769 GRAVITY -1.2181891 8.872494 3.9956548

1505479718769 LINEAR_ACCELERATION 1.666057 0.7317076 -1.2090111

1505479718770 ROTATION_VECTOR 0.09389685 -0.5361545 -0.83830935

1505479718968 ACCELEROMETER 0.30145264 9.313751 2.5306244

1505479718969 GYROSCOPE 0.020599365 -0.016448975 0.033569336

1505479718970 MAGNETIC_FIELD -6.0195923 -46.11206 7.003784

1505479718970 GRAVITY -0.7141608 9.134571 3.4957087

1505479718971 LINEAR_ACCELERATION 0.9774466 0.38251972 -0.89351225

1505479718971 ROTATION_VECTOR 0.05420445 -0.56465065 -0.82341945

1505479719174 GRAVITY -0.28249398 9.308035 3.0742595

1505479719174 LINEAR_ACCELERATION 0.6053165 0.25318146 -0.57959557

1505479719176 ACCELEROMETER 0.31307983 9.322037 2.428543

1505479719176 ROTATION_VECTOR 0.032354474 -0.5849868 -0.81014574

1505479719177 GYROSCOPE 0.09963989 0.1918335 0.16281128

1505479719178 MAGNETIC_FIELD -6.5444946 -45.21942 9.362793

1505479719375 LINEAR_ACCELERATION 0.37360504 0.10516167 -0.31545258

1505479719377 ROTATION_VECTOR 0.019019708 -0.6002973 -0.7988632

1505479719378 GRAVITY 0.09231569 9.418032 2.7317681

1505479719379 ACCELEROMETER 0.40708923 9.331909 2.3573914

1505479719380 GYROSCOPE 0.09109497 -0.15637207 0.04425049

1505479719381 MAGNETIC_FIELD -7.4523926 -44.984436 7.7438354

1505479719581 ACCELEROMETER 0.43963623 9.105225 2.327179

1505479719584 GRAVITY 0.2838798 9.4563675 2.582037

1505479719586 LINEAR_ACCELERATION 0.11228594 -0.0911293 -0.22267294

1505479719588 ROTATION_VECTOR 0.017091684 -0.60668 -0.7934179

1505479719591 GYROSCOPE -0.034942627 0.060455322 0.06774902

1505479719593 MAGNETIC_FIELD -7.887268 -44.602966 9.629822

1505479719781 GRAVITY 0.49040434 9.476761 2.4740448

1505479719784 LINEAR_ACCELERATION 0.28445354 0.18270111 -0.17411685

1505479719788 ROTATION_VECTOR 0.01218897 -0.61131847 -0.7892612

1505479719791 ACCELEROMETER 0.7305145 9.394714 2.2267914

1505479719793 GYROSCOPE 0.03982544 0.077545166 0.03677368

1505479719795 MAGNETIC_FIELD -8.218384 -44.403076 8.654785

1505479719982 ACCELEROMETER 0.84472656 9.320862 2.4688263

1505479719987 GYROSCOPE -0.015716553 0.035888672 -6.1035156E-4

1505479719989 MAGNETIC_FIELD -9.19342 -43.693542 9.500122

1505479719991 GRAVITY 0.62291604 9.465585 2.4869807

1505479719993 LINEAR_ACCELERATION 0.25127566 0.044527054 0.0783937

1505479719996 ROTATION_VECTOR 0.009364619 -0.6108286 -0.78910893

1505479720183 GRAVITY 0.69099104 9.448774 2.5325062

1505479720187 LINEAR_ACCELERATION 0.2103526 0.0905447 0.16749835

1505479720189 ROTATION_VECTOR 0.004220434 -0.60898304 -0.79063964

1505479720191 ACCELEROMETER 0.90823364 9.448654 2.6619415

1505479720194 GYROSCOPE 0.036621094 -0.051696777 -0.0390625

1505479720199 MAGNETIC_FIELD -9.986877 -44.60144 8.595276

1505479720384 GRAVITY 0.71156335 9.453221 2.5101156

1505479720388 LINEAR_ACCELERATION 0.113553286 -0.039938927 0.022617579

1505479720390 ROTATION_VECTOR 0.0038289148 -0.6099222 -0.78982764

1505479720393 ACCELEROMETER 0.8335571 9.300415 2.5216217

1505479720397 GYROSCOPE -0.003967285 -0.041015625 -0.025177002

1505479720402 MAGNETIC_FIELD -8.924866 -45.04547 7.3410034

1505479720593 ACCELEROMETER 0.6811371 9.259018 2.391159

1505479720597 GRAVITY 0.6700212 9.456357 2.5097334

1505479720599 LINEAR_ACCELERATION 0.0190081 -0.05180645 -0.09499526

1505479720601 ROTATION_VECTOR 0.007960763 -0.6098982 -0.7896598

1505479720603 GYROSCOPE -0.037078857 0.02734375 -0.03479004

1505479720605 MAGNETIC_FIELD -7.008362 -43.79883 8.843994

1505479720793 ACCELEROMETER 0.6073303 9.341232 2.4625702

1505479720798 GRAVITY 0.61408186 9.449654 2.548986

1505479720800 LINEAR_ACCELERATION -0.025509596 0.03478813 -0.029629946

1505479720802 ROTATION_VECTOR 0.013221999 -0.60816365 -0.79072505

1505479720804 GYROSCOPE -0.026397705 -0.07305908 -0.021972656

1505479720807 MAGNETIC_FIELD -8.078003 -44.381714 8.680725

1505479720988 ACCELEROMETER 0.7103882 9.171951 2.4158173

1505479720988 GYROSCOPE -0.07980347 -0.0025634766 0.042114258

1505479720989 GRAVITY 0.703454 9.433111 2.5868788

1505479720989 LINEAR_ACCELERATION 0.09202266 -0.061638832 -0.13841677

1505479720989 ROTATION_VECTOR 0.011241877 -0.60661316 -0.79148513

1505479720990 MAGNETIC_FIELD -8.325195 -44.606018 7.936096

1505479721189 LINEAR_ACCELERATION 0.07843 0.13636017 0.026052952

1505479721189 ROTATION_VECTOR 0.018003862 -0.6054414 -0.79124033

1505479721190 GRAVITY 0.7180271 9.425405 2.610856

1505479721190 ACCELEROMETER 0.8317871 9.434891 2.5790863

1505479721190 GYROSCOPE 0.052642822 0.06686401 -0.04547119

1505479721191 MAGNETIC_FIELD -8.540344 -45.15381 7.5180054

1505479721390 ROTATION_VECTOR 0.041220482 -0.6045584 -0.7888047

1505479721391 GRAVITY 0.5829032 9.436387 2.6048422

1505479721391 LINEAR_ACCELERATION 0.049605668 0.08368778 0.1927321

1505479721391 ACCELEROMETER 0.616745 9.441818 2.7604065

1505479721392 GYROSCOPE 0.069732666 0.4225464 0.011138916

1505479721392 MAGNETIC_FIELD -8.992004 -46.725464 7.5637817

1505479721591 GRAVITY 0.5283255 9.44048 2.6016526

1505479721592 LINEAR_ACCELERATION 0.074282646 -0.24581718 -0.1430664

1505479721592 ROTATION_VECTOR 0.05915798 -0.6032023 -0.7860189

1505479721593 ACCELEROMETER 0.47348022 9.045502 2.396225

1505479721593 GYROSCOPE -0.07019043 0.14910889 0.043182373

1505479721593 MAGNETIC_FIELD -7.6553345 -45.440674 7.0526123

1505479721792 GRAVITY 0.43990797 9.423052 2.6801064

1505479721793 LINEAR_ACCELERATION -0.116223246 0.07476711 0.13031554

1505479721793 ROTATION_VECTOR 0.06811221 -0.59892684 -0.7877248

1505479721794 ACCELEROMETER 0.4661255 9.364059 2.761139

1505479721794 GYROSCOPE 0.04623413 -0.08267212 -0.052947998

1505479721794 MAGNETIC_FIELD -6.361389 -45.243835 6.3827515

1505479722004 ACCELEROMETER 0.1962738 9.159683 2.7881012

1505479722010 GRAVITY 0.3579922 9.419766 2.7037442

1505479722012 LINEAR_ACCELERATION -0.16028908 -0.09977341 0.10642338

1505479722015 ROTATION_VECTOR 0.072734214 -0.5973752 -0.7885641

1505479722017 GYROSCOPE -0.0050354004 0.04763794 0.041046143

1505479722019 MAGNETIC_FIELD -6.4987183 -46.10138 6.8511963

1505479722205 ACCELEROMETER 0.3260498 9.283691 2.6819763

1505479722211 GRAVITY 0.36148515 9.417038 2.7127686

1505479722213 LINEAR_ACCELERATION -0.034439206 0.020913124 0.020391941

1505479722216 ROTATION_VECTOR 0.07630797 -0.5965437 -0.7880158

1505479722218 GYROSCOPE 0.0077819824 0.07006836 0.015411377

1505479722220 MAGNETIC_FIELD -6.588745 -45.93048 7.1746826

1505479722406 ACCELEROMETER 0.28886414 9.236053 2.6721954

1505479722412 GRAVITY 0.33022726 9.424776 2.6897824

1505479722415 LINEAR_ACCELERATION -0.029611915 -0.021694183 0.020240784

1505479722417 ROTATION_VECTOR 0.080099486 -0.59702873 -0.78692085

1505479722419 GYROSCOPE 0.031280518 -0.028198242 -0.020904541

1505479722422 MAGNETIC_FIELD -6.867981 -45.210266 7.1365356

1505479722607 ACCELEROMETER 0.31521606 9.220184 2.6770172

1505479722613 GRAVITY 0.3038186 9.422537 2.7007189

1505479722616 LINEAR_ACCELERATION 0.008627653 -0.03234005 0.020118952

1505479722618 ROTATION_VECTOR 0.079270884 -0.59667224 -0.7878042

1505479722620 GYROSCOPE -0.02960205 -0.014312744 -0.024108887

1505479722622 MAGNETIC_FIELD -7.7651978 -45.70465 5.7266235

1505479722804 ACCELEROMETER 0.31011963 9.2387085 2.682495

1505479722807 GRAVITY 0.2963277 9.42222 2.7026536

1505479722810 LINEAR_ACCELERATION 0.020624816 -0.0035066605 0.03741765

1505479722812 ROTATION_VECTOR 0.07264139 -0.59743303 -0.78936136

1505479722814 GYROSCOPE 0.045166016 -0.032470703 -0.008087158

1505479722816 MAGNETIC_FIELD -5.5618286 -45.976257 7.25708

1505479723008 ACCELEROMETER 0.32543945 9.271454 2.7423553

1505479723014 GYROSCOPE 0.02166748 0.07861328 0.058135986

1505479723016 MAGNETIC_FIELD -5.4779053 -45.3537 7.8033447

1505479723018 GRAVITY 0.33142236 9.424863 2.6893325

1505479723021 LINEAR_ACCELERATION 0.0010425448 0.0075941086 0.105080366

1505479723023 ROTATION_VECTOR 0.06897626 -0.59843504 -0.78924507

1505479723212 ACCELEROMETER 0.115493774 9.1241 2.4996796

1505479723218 GRAVITY 0.31725731 9.422813 2.6982062

1505479723220 LINEAR_ACCELERATION -0.20642814 -0.093045235 -0.17402935

1505479723222 ROTATION_VECTOR 0.08720634 -0.5956717 -0.7857187

1505479723224 GYROSCOPE -0.09262085 0.13842773 0.098724365

1505479723227 MAGNETIC_FIELD -6.9747925 -44.63501 7.635498

1505479723412 ACCELEROMETER 0.44535828 9.267868 2.7059937

1505479723419 GRAVITY 0.41217712 9.398164 2.770381

1505479723421 LINEAR_ACCELERATION 0.056165308 0.07990074 0.027738094

1505479723424 ROTATION_VECTOR 0.09491834 -0.5913885 -0.7843422

1505479723426 GYROSCOPE 0.028076172 0.08609009 0.038909912

1505479723428 MAGNETIC_FIELD -7.646179 -44.841003 6.515503

1505479723614 ACCELEROMETER 0.5507965 9.247452 2.8074188

1505479723620 GRAVITY 0.48082352 9.3935585 2.7749336

1505479723622 LINEAR_ACCELERATION 0.09029648 0.010436058 0.083405495

1505479723624 ROTATION_VECTOR 0.096972935 -0.5908587 -0.78268784

1505479723627 GYROSCOPE 0.010986328 0.0113220215 0.014343262

1505479723629 MAGNETIC_FIELD -9.272766 -45.555115 6.6864014

1505479723815 ACCELEROMETER 0.6160736 9.221008 2.7226868

1505479723821 GRAVITY 0.5482413 9.388463 2.7796721

1505479723824 LINEAR_ACCELERATION 0.09799039 -0.0073480606 -0.009860754

1505479723826 ROTATION_VECTOR 0.09402905 -0.59113 -0.782449

1505479723828 GYROSCOPE -0.016784668 0.059387207 0.025024414

1505479723830 MAGNETIC_FIELD -9.091187 -44.03839 7.6705933

1505479724014 ACCELEROMETER 0.6367798 9.202896 2.6630402

1505479724020 GYROSCOPE 0.05050659 -0.0068359375 0.00793457

1505479724023 MAGNETIC_FIELD -9.568787 -45.01648 6.6070557

1505479724025 GRAVITY 0.5955481 9.398214 2.736652

1505479724027 LINEAR_ACCELERATION 0.059223115 -0.0129880905 -0.03291893

1505479724029 ROTATION_VECTOR 0.09347744 -0.5930696 -0.78049886

1505479724217 ACCELEROMETER 0.63648987 9.279236 2.639389

1505479724223 GRAVITY 0.6174295 9.412169 2.6833272

1505479724225 LINEAR_ACCELERATION 0.01893431 0.028804779 0.0068690777

1505479724228 ROTATION_VECTOR 0.09080917 -0.5957702 -0.77933025

1505479724230 GYROSCOPE 0.0035095215 -0.016448975 -6.1035156E-4

1505479724232 MAGNETIC_FIELD -9.225464 -44.952393 6.541443

1505479724419 ACCELEROMETER 0.6095123 9.22377 2.6721191

1505479724425 GRAVITY 0.6123821 9.407765 2.699875

1505479724427 LINEAR_ACCELERATION 0.0075107217 -0.01495266 0.018019915

1505479724430 ROTATION_VECTOR 0.0879657 -0.5954886 -0.7807126

1505479724432 GYROSCOPE -0.013580322 -0.03994751 -0.025177002

1505479724434 MAGNETIC_FIELD -9.970093 -45.07141 6.552124

1505479724620 ACCELEROMETER 0.53004456 9.191376 2.5749054

1505479724626 GRAVITY 0.5795758 9.409266 2.7018833

1505479724628 LINEAR_ACCELERATION -0.0491637 -0.02927208 -0.07787013

1505479724631 ROTATION_VECTOR 0.08784187 -0.59542096 -0.7813858

1505479724633 GYROSCOPE -0.02746582 -0.036743164 -0.007019043

1505479724635 MAGNETIC_FIELD -9.416199 -44.02008 6.9015503

1505479724827 ACCELEROMETER 0.46710205 9.213684 2.6891174

1505479724834 GRAVITY 0.5431489 9.409301 2.7093256

1505479724837 LINEAR_ACCELERATION -0.06956786 -0.0021324158 0.041445732

1505479724843 ROTATION_VECTOR 0.08727298 -0.59518594 -0.7823907

1505479724846 GYROSCOPE 0.03768921 -0.020721436 -0.010223389

1505479724848 MAGNETIC_FIELD -9.037781 -44.99054 6.2408447

1505479725018 ACCELEROMETER 0.5435333 9.25412 2.6940308

1505479725019 GYROSCOPE -0.007171631 0.0017089844 -0.009155273

1505479725020 MAGNETIC_FIELD -8.221436 -44.743347 6.7855835

1505479725021 GRAVITY 0.5381688 9.412707 2.6984632

1505479725021 LINEAR_ACCELERATION 0.0178051 0.017086029 0.04559827

1505479725022 ROTATION_VECTOR 0.08245216 -0.59633744 -0.78343135

1505479725215 ACCELEROMETER 0.5157776 9.2816925 2.655655

1505479725218 GRAVITY 0.5242972 9.412277 2.7026913

1505479725220 LINEAR_ACCELERATION 0.0044018626 0.03350544 -0.0044999123

1505479725222 ROTATION_VECTOR 0.08275897 -0.5961141 -0.783704

1505479725225 GYROSCOPE -0.00289917 0.024139404 4.5776367E-4

1505479725227 MAGNETIC_FIELD -8.049011 -44.433594 5.7922363

1505479725422 ACCELEROMETER 0.49606323 9.266388 2.620346

1505479725429 GRAVITY 0.49727717 9.415456 2.696721

1505479725431 LINEAR_ACCELERATION 0.0024158359 0.009304047 -0.03542757

1505479725433 ROTATION_VECTOR 0.08518819 -0.59602726 -0.78334194

1505479725436 GYROSCOPE -0.007171631 0.023071289 -0.01663208

1505479725438 MAGNETIC_FIELD -8.918762 -44.477844 7.1731567

1505479725626 ACCELEROMETER 0.40994263 9.292465 2.5972748

1505479725632 GRAVITY 0.4418386 9.424195 2.6757622

1505479725635 LINEAR_ACCELERATION -0.03381756 0.022280693 -0.028376818

1505479725637 ROTATION_VECTOR 0.09035573 -0.5961627 -0.78229123

1505479725639 GYROSCOPE 0.014190674 0.015594482 -0.012359619

1505479725641 MAGNETIC_FIELD -9.628296 -44.854736 6.436157

1505479725827 ACCELEROMETER 0.4322052 9.231049 2.644394

1505479725833 GRAVITY 0.41921517 9.425205 2.6758475

1505479725836 LINEAR_ACCELERATION 0.02831471 -0.034148216 0.012294531

1505479725838 ROTATION_VECTOR 0.08953079 -0.5962835 -0.78287977

1505479725840 GYROSCOPE -0.00289917 -4.272461E-4 -0.023040771

1505479725843 MAGNETIC_FIELD -8.755493 -44.60144 6.2561035

1505479726014 ACCELEROMETER 0.32966614 9.195969 2.596878

1505479726015 GYROSCOPE -0.0061035156 0.0017089844 -0.0016784668

1505479726016 MAGNETIC_FIELD -8.798218 -45.06378 6.517029

1505479726017 GRAVITY 0.37591612 9.426114 2.6790743

1505479726017 LINEAR_ACCELERATION -0.040226936 -0.03612709 -0.021989822

1505479726018 ROTATION_VECTOR 0.092959 -0.5956206 -0.7827967

1505479726226 ACCELEROMETER 0.41687012 9.256226 2.710678

1505479726231 GYROSCOPE 3.0517578E-4 0.012390137 4.5776367E-4

1505479726236 MAGNETIC_FIELD -8.592224 -45.71228 4.9438477

1505479726239 GRAVITY 0.38988727 9.417099 2.7086205

1505479726241 LINEAR_ACCELERATION 0.038318276 0.014200211 0.05439782

1505479726244 ROTATION_VECTOR 0.0910446 -0.59465086 -0.7839343

1505479726414 ACCELEROMETER 0.43992615 9.237717 2.6718292

1505479726414 GYROSCOPE -0.0050354004 -0.007904053 -0.012359619

1505479726416 MAGNETIC_FIELD -9.417725 -44.97528 6.629944

1505479726416 GRAVITY 0.40022665 9.414415 2.7164283

1505479726417 LINEAR_ACCELERATION 0.044829458 -0.003479004 0.0062453747

1505479726417 ROTATION_VECTOR 0.08929516 -0.5945814 -0.7844463

1505479726629 GRAVITY 0.43961403 9.404435 2.7447612

1505479726634 LINEAR_ACCELERATION 0.060046762 0.007163048 -0.08384967

1505479726636 ROTATION_VECTOR 0.09029242 -0.59321445 -0.7843728

1505479726639 ACCELEROMETER 0.4837799 9.225037 2.6103363

1505479726641 GYROSCOPE -0.06591797 0.052978516 0.03463745

1505479726644 MAGNETIC_FIELD -8.728027 -45.46814 5.671692

1505479726816 ACCELEROMETER -0.16703796 9.254364 2.3674774

1505479726817 GYROSCOPE -0.29022217 -0.16812134 0.049591064

1505479726818 MAGNETIC_FIELD -8.592224 -45.188904 5.088806

1505479726818 GRAVITY 0.29084176 9.377692 2.8538892

1505479726819 LINEAR_ACCELERATION -0.5201787 0.091542244 -0.45178962

1505479726819 ROTATION_VECTOR 0.11872685 -0.5834347 -0.7819542

1505479727021 ACCELEROMETER 0.46643066 7.9344177 1.6803741

1505479727026 GYROSCOPE -0.82748413 -0.6124573 -0.31677246

1505479727027 MAGNETIC_FIELD -9.106445 -44.403076 3.881836

1505479727027 GRAVITY 0.3577101 9.033915 3.7987912

1505479727028 LINEAR_ACCELERATION 0.19851223 -0.9849043 -2.0532918

1505479727029 ROTATION_VECTOR 0.08922384 -0.5462185 -0.816027

1505479727226 ACCELEROMETER -0.1728363 3.221695 1.0444031

1505479727229 GYROSCOPE 0.46173096 -0.61032104 -0.10635376

1505479727231 MAGNETIC_FIELD -7.826233 -43.634033 -3.2165527

1505479727234 GRAVITY 0.45792934 8.902345 4.0876584

1505479727239 LINEAR_ACCELERATION -0.6823704 -5.3114586 -2.7452295

1505479727241 ROTATION_VECTOR 0.05522498 -0.537157 -0.8317318

1505479727445 ACCELEROMETER -1.4646301 7.9116364 5.381531

1505479727450 GYROSCOPE 0.19577026 0.47702026 0.6562805

1505479727461 MAGNETIC_FIELD -6.9213867 -44.50836 -2.2644043

1505479727474 GRAVITY 0.85770583 9.081397 3.600412

1505479727482 LINEAR_ACCELERATION -2.4328103 -0.24796963 2.2787967

1505479727482 ROTATION_VECTOR 0.053453606 -0.55997574 -0.8120078

1505479727622 ACCELEROMETER -0.1795044 7.2452393 3.8978577

1505479727622 GYROSCOPE -2.8633118 22.47165 0.31661987

1505479727623 MAGNETIC_FIELD -11.737061 -41.404724 -9.336853

1505479727623 GRAVITY -5.3680058 7.8487167 -2.3984478

1505479727624 LINEAR_ACCELERATION 4.744157 -0.57686377 5.5181446

1505479727624 ROTATION_VECTOR 0.78871894 0.01446424 -0.33759025

1505479727835 GRAVITY 1.4569268 8.816973 -4.038408

1505479727840 LINEAR_ACCELERATION -10.681484 -8.623264 11.535268

1505479727844 ROTATION_VECTOR -0.12921219 -0.83018416 -0.5422847

1505479727847 ACCELEROMETER -8.852783 -0.89164734 8.012726

1505479727850 GYROSCOPE -4.374695 9.106323 3.7677002

1505479727852 MAGNETIC_FIELD 25.89264 -28.495789 -19.076538

1505479728031 GRAVITY 3.3344836 8.407957 3.7891765

1505479728034 LINEAR_ACCELERATION 6.799471 -10.233682 -2.3324492

1505479728037 ROTATION_VECTOR -0.03484995 -0.5528031 -0.7917195

1505479728040 ACCELEROMETER 8.76796 -3.445755 -0.23529053

1505479728042 GYROSCOPE -0.650177 -0.110443115 0.035705566

1505479728045 MAGNETIC_FIELD -23.451233 4.5776367 -45.70923

1505479728225 ACCELEROMETER 0.93878174 -2.3890533 10.104523

1505479728228 GYROSCOPE 0.17547607 0.15872192 0.18844604

1505479728229 GRAVITY 3.4957376 7.8297095 4.758765

1505479728230 LINEAR_ACCELERATION -1.671412 -8.190178 6.3138924

1505479728230 MAGNETIC_FIELD -23.45581 12.814331 -46.566772

1505479728231 ROTATION_VECTOR -0.06278233 -0.5034172 -0.82432175

1505479728427 ACCELEROMETER 0.5917511 -2.1518707 9.690643

1505479728429 GYROSCOPE 0.32073975 0.23135376 0.2268982

1505479728430 MAGNETIC_FIELD -22.616577 11.64856 -47.442627

1505479728431 GRAVITY 3.602447 7.589338 5.059122

1505479728431 LINEAR_ACCELERATION -2.1147392 -7.7497296 5.870655

1505479728432 ROTATION_VECTOR -0.031054258 -0.4910114 -0.80848867

1505479728629 ACCELEROMETER 1.0050354 -0.47053528 9.554321

1505479728631 GYROSCOPE 2.260437 0.95874023 -0.57418823

1505479728631 MAGNETIC_FIELD -21.887207 10.693359 -48.01483

1505479728632 GRAVITY 2.9647205 8.51367 3.859825

1505479728633 LINEAR_ACCELERATION -1.0883534 -6.5499926 6.721324

1505479728634 ROTATION_VECTOR 0.06735695 -0.54650414 -0.74881315

1505479728830 ACCELEROMETER -0.4931488 0.65115356 12.614655

1505479728832 GYROSCOPE 2.0681763 -0.02178955 0.25360107

1505479728832 MAGNETIC_FIELD -14.260864 -3.0944824 -49.128723

1505479728833 GRAVITY 2.6376917 9.3894825 1.0249864

1505479728834 LINEAR_ACCELERATION -2.2120078 -5.902455 11.9442

1505479728841 ROTATION_VECTOR 0.13177168 -0.65603083 -0.66185826

1505479729042 GRAVITY 2.2855458 9.497764 -0.85973793

1505479729046 LINEAR_ACCELERATION -3.3481488 -4.5315237 10.139267

1505479729050 ROTATION_VECTOR 0.053043477 -0.73554116 -0.64358836

1505479729052 ACCELEROMETER -1.3045807 1.8742676 9.775192

1505479729055 GYROSCOPE -0.15777588 -3.0028992 -0.09567261

1505479729057 MAGNETIC_FIELD -16.487122 -15.463257 -43.70117

1505479729245 GRAVITY 2.925306 9.349481 -0.44740486

1505479729249 LINEAR_ACCELERATION 1.5935442 0.80794096 10.397678

1505479729252 ROTATION_VECTOR -0.05089431 -0.7212635 -0.6721557

1505479729255 ACCELEROMETER 3.4081573 6.7009125 10.193192

1505479729259 GYROSCOPE -0.21011353 0.44818115 0.89126587

1505479729261 MAGNETIC_FIELD -26.982117 -20.588684 -33.63495

1505479729444 GRAVITY 3.7412817 9.052779 0.46946394

1505479729448 LINEAR_ACCELERATION -0.69557333 -0.89257336 4.985971

1505479729451 ROTATION_VECTOR -0.016216312 -0.68978333 -0.67527044

1505479729454 ACCELEROMETER 1.6658173 5.2200317 5.3996124

1505479729457 GYROSCOPE -0.08728027 0.20892334 0.014343262

1505479729460 MAGNETIC_FIELD -29.986572 -19.87915 -31.062317

1505479729645 GRAVITY 3.709938 8.965434 1.4239832

1505479729649 LINEAR_ACCELERATION -1.4905226 -0.598824 7.3042355

1505479729651 ROTATION_VECTOR 0.019223472 -0.65347344 -0.6903955

1505479729654 ACCELEROMETER 0.9668579 5.1862946 8.04628

1505479729657 GYROSCOPE -0.20370483 0.069000244 0.096588135

1505479729660 MAGNETIC_FIELD -24.533081 -20.263672 -33.885193

1505479729846 GRAVITY 3.7265975 8.813279 2.1468518

1505479729850 LINEAR_ACCELERATION -1.1936026 -0.7772851 6.769229

1505479729854 ROTATION_VECTOR 0.046761412 -0.62318087 -0.6942749

1505479729856 ACCELEROMETER 1.2684021 5.086548 8.1779175

1505479729859 GYROSCOPE 0.030212402 0.010253906 0.04638672

1505479729861 MAGNETIC_FIELD -27.075195 -18.17627 -34.669495

1505479730049 ACCELEROMETER 1.3677216 5.015625 8.237076

1505479730052 GRAVITY 3.5690417 8.762582 2.5786583

1505479730056 LINEAR_ACCELERATION -0.9760504 -0.7830782 6.517476

1505479730059 ROTATION_VECTOR 0.077871315 -0.6020474 -0.69141805

1505479730062 GYROSCOPE 0.03982544 -0.049560547 -0.1298523

1505479730065 MAGNETIC_FIELD -25.14038 -18.267822 -35.07538

1505479730244 GRAVITY 3.816267 8.582894 2.817876

1505479730249 LINEAR_ACCELERATION -0.7367847 -0.069737434 6.4336076

1505479730251 ROTATION_VECTOR 0.08780509 -0.5904393 -0.6771703

1505479730254 ACCELEROMETER 1.8292694 5.6509705 8.3186035

1505479730256 GYROSCOPE 0.21713257 0.0070495605 0.5152893

1505479730259 MAGNETIC_FIELD -27.07367 -21.401978 -33.255005

1505479730449 GRAVITY 3.1542037 7.7462254 5.1202903

1505479730454 LINEAR_ACCELERATION -2.8667362 2.7528858 4.0766582

1505479730456 ROTATION_VECTOR 0.11262056 -0.4756621 -0.71043587

1505479730460 ACCELEROMETER -0.552475 8.010376 7.5633698

1505479730462 GYROSCOPE -2.3719788 0.92456055 -0.40756226

1505479730466 MAGNETIC_FIELD -20.602417 -24.293518 -32.759094

1505479730652 GRAVITY 0.92463297 6.598528 7.195476

1505479730656 LINEAR_ACCELERATION 0.069904685 0.44680166 0.85339165

1505479730659 ROTATION_VECTOR 0.16557647 -0.3251419 -0.76301324

1505479730662 ACCELEROMETER 0.59417725 5.194565 5.9632263

1505479730665 GYROSCOPE -0.31906128 -0.6071167 -2.0588684

1505479730667 MAGNETIC_FIELD -20.637512 -11.59668 -42.871094

1505479730851 GRAVITY 1.2542506 6.4174714 7.30844

1505479730853 LINEAR_ACCELERATION -2.107386 -8.2060795 2.9994974

1505479730855 ROTATION_VECTOR 0.12813842 -0.33309728 -0.7913365

1505479730856 ACCELEROMETER -1.1728821 -3.5104523 7.7364044

1505479730858 GYROSCOPE 0.59417725 -1.5908508 0.43197632

1505479730859 MAGNETIC_FIELD -16.217041 -8.003235 -46.707153

1505479731049 ACCELEROMETER 3.5097046 3.4839935 14.251297

1505479731052 GYROSCOPE 0.108184814 2.189209 -0.25909424

1505479731054 MAGNETIC_FIELD -24.479675 -12.0529175 -40.690613

1505479731058 GRAVITY 1.1260169 6.492005 7.263356

1505479731060 LINEAR_ACCELERATION 2.997075 -0.74750614 9.480417

1505479731062 ROTATION_VECTOR 0.13479614 -0.333919 -0.79268116

1505479731249 GRAVITY -3.722146 5.8356643 6.9470162

1505479731250 ACCELEROMETER 2.909317 0.4817505 14.872238

1505479731250 LINEAR_ACCELERATION 5.5160904 -3.9935474 9.818453

1505479731250 ROTATION_VECTOR 0.3637765 -0.11604916 -0.71031934

1505479731251 GYROSCOPE -0.4258728 5.370056 0.56655884

1505479731251 MAGNETIC_FIELD -18.574524 -10.592651 -43.881226

1505479731450 ROTATION_VECTOR 0.50940084 0.0033335588 -0.6464427

1505479731450 LINEAR_ACCELERATION 5.0425816 -4.5281935 1.3878198

1505479731451 GRAVITY -6.495766 5.63253 4.7169924

1505479731451 ACCELEROMETER 0.75349426 -0.68862915 5.1295776

1505479731451 GYROSCOPE 0.0045776367 0.00491333 0.0015258789

1505479731452 MAGNETIC_FIELD -17.630005 -3.6895752 -46.305847

1505479731651 GRAVITY -6.230707 5.4943337 5.21162

1505479731651 LINEAR_ACCELERATION 4.494547 -3.8758926 6.1970425

1505479731652 ROTATION_VECTOR 0.48397967 -0.00671013 -0.6642836

1505479731652 ACCELEROMETER 0.22486877 -0.14724731 9.755341

1505479731652 GYROSCOPE 0.1348877 -0.03781128 0.006866455

1505479731653 MAGNETIC_FIELD -16.485596 -4.0023804 -46.977234

