1505479692473 ACCELEROMETER 0.2599945 4.759964 8.269104

1505479692475 GYROSCOPE -0.41732788 -0.25250244 -0.9373474

1505479692476 MAGNETIC_FIELD -12.605286 -4.7164917 -51.530457

1505479692477 GRAVITY 0.052065838 5.7989345 7.908226

1505479692477 LINEAR_ACCELERATION 0.0 0.0 -0.0

1505479692479 ROTATION_VECTOR 0.0 0.0 0.0

1505479692674 ACCELEROMETER 0.41674805 5.1967773 8.316254

1505479692676 GYROSCOPE 0.184021 -0.2695923 -0.12130737

1505479692676 MAGNETIC_FIELD -15.812683 -7.911682 -49.397278

1505479692677 GRAVITY -0.22613412 5.460245 8.142787

1505479692678 LINEAR_ACCELERATION -0.080305934 -0.17073917 0.006764412

1505479692678 ROTATION_VECTOR 0.28227034 -0.07181141 -0.2740242

1505479692875 ACCELEROMETER -0.863739 5.0174713 8.805206

1505479692877 GYROSCOPE 0.110321045 -0.031402588 -0.51330566

1505479692877 MAGNETIC_FIELD -15.643311 -7.406616 -49.562073

1505479692878 GRAVITY -0.2556879 5.3467093 8.216916

1505479692879 LINEAR_ACCELERATION 0.14028147 -0.46717405 0.6889372

1505479692879 ROTATION_VECTOR 0.27030095 -0.08939387 -0.34413034

1505479693076 ACCELEROMETER -0.22718811 5.2559357 7.463318

1505479693077 GYROSCOPE 0.29083252 -0.12966919 -0.45455933

1505479693078 MAGNETIC_FIELD -15.136719 -8.920288 -50.71106

1505479693079 GRAVITY -0.5703851 5.4800653 8.112578

1505479693079 LINEAR_ACCELERATION 0.19839716 -0.21998358 0.6109905

1505479693080 ROTATION_VECTOR 0.27730688 -0.09733706 -0.40823847

1505479693313 ACCELEROMETER 0.07521057 5.5674286 6.722168

1505479693314 GYROSCOPE -0.3137207 -0.44155884 -0.3327942

1505479693314 MAGNETIC_FIELD -19.84253 -14.361572 -45.672607

1505479693315 GRAVITY -0.41510057 5.5136633 8.099234

1505479693316 LINEAR_ACCELERATION 0.4816848 0.013098717 -1.0818038

1505479693317 ROTATION_VECTOR 0.26810598 -0.12317942 -0.46295738

1505479693514 ACCELEROMETER -0.8377838 6.3204956 8.066254

1505479693515 GYROSCOPE -0.4888916 0.21853638 -0.5101013

1505479693516 MAGNETIC_FIELD -20.439148 -13.81073 -43.896484

1505479693516 GRAVITY -0.63426185 5.1250577 8.33678

1505479693517 LINEAR_ACCELERATION 0.2825387 1.5317454 -1.1243076

1505479693518 ROTATION_VECTOR 0.25134674 -0.10847755 -0.4866912

1505479693716 ACCELEROMETER -0.78178406 5.6171722 8.206238

1505479693716 GYROSCOPE 0.0718689 0.24203491 -0.017700195

1505479693717 MAGNETIC_FIELD -19.78302 -13.96637 -45.132446

1505479693718 GRAVITY -1.2789885 4.782231 8.465508

1505479693718 LINEAR_ACCELERATION -0.018408418 0.8680377 0.8378248

1505479693719 ROTATION_VECTOR 0.25168544 -0.07094799 -0.49300733

1505479693917 ACCELEROMETER -0.21662903 5.6326447 7.4396973

1505479693917 GYROSCOPE -0.053100586 0.041229248 0.18417358

1505479693918 MAGNETIC_FIELD -17.590332 -15.895081 -44.77997

1505479693919 GRAVITY -1.2869675 4.9742413 8.352905

1505479693920 LINEAR_ACCELERATION 1.1301422 0.7643099 -0.97518253

1505479693920 ROTATION_VECTOR 0.26441142 -0.06486112 -0.45601106

1505479694118 ACCELEROMETER -0.20144653 5.9843903 7.316086

1505479694120 GYROSCOPE -0.10543823 0.036956787 -0.029449463

1505479694120 MAGNETIC_FIELD -17.69104 -14.607239 -45.643616

1505479694121 GRAVITY -1.1544845 5.000686 8.356477

1505479694122 LINEAR_ACCELERATION 0.9545399 1.0762143 -0.55535126

1505479694123 ROTATION_VECTOR 0.2641237 -0.06462945 -0.43313304

1505479694320 ACCELEROMETER -0.41773987 5.6412964 7.5114594

1505479694321 GYROSCOPE -0.003967285 0.14163208 -0.052947998

1505479694330 MAGNETIC_FIELD -17.984009 -13.169861 -45.010376

1505479694330 GRAVITY -1.2636088 5.0168877 8.330937

1505479694331 LINEAR_ACCELERATION 0.7951745 0.8068328 -0.89400196

1505479694331 ROTATION_VECTOR 0.2683491 -0.05682573 -0.42296618

1505479694521 ACCELEROMETER -0.34394836 5.6436005 8.235504

1505479694522 GYROSCOPE 0.0579834 -0.14782715 0.10940552

1505479694523 MAGNETIC_FIELD -17.980957 -12.583923 -46.93756

1505479694524 GRAVITY -1.1498636 5.120562 8.2842045

1505479694524 LINEAR_ACCELERATION 0.74725294 0.641891 0.033104897

1505479694525 ROTATION_VECTOR 0.27161935 -0.06201655 -0.41373223

1505479694722 ACCELEROMETER -0.29338074 5.5754395 8.224579

1505479694723 GYROSCOPE 0.014190674 0.0017089844 0.094451904

1505479694724 MAGNETIC_FIELD -18.577576 -12.374878 -46.55609

1505479694725 GRAVITY -0.8681001 5.221262 8.255617

1505479694725 LINEAR_ACCELERATION 0.54453707 0.47314644 0.38157654

1505479694726 ROTATION_VECTOR 0.27066672 -0.07629031 -0.4083069

1505479694923 ACCELEROMETER -0.08984375 5.70607 7.7785797

1505479694925 GYROSCOPE -0.0050354004 0.00491333 -0.044403076

1505479694925 MAGNETIC_FIELD -18.461609 -12.646484 -47.07489

1505479694926 GRAVITY -0.78903264 5.28063 8.225738

1505479694926 LINEAR_ACCELERATION 0.68813616 0.53472185 -0.32405186

1505479694926 ROTATION_VECTOR 0.2721864 -0.080738306 -0.40553358

1505479695129 GRAVITY -0.7721673 5.2753377 8.230733

1505479695129 LINEAR_ACCELERATION 0.48244774 0.42732906 -0.44557858

1505479695130 ROTATION_VECTOR 0.27144253 -0.081660144 -0.40635622

1505479695130 ACCELEROMETER -0.27340698 5.59993 7.5835876

1505479695130 GYROSCOPE -0.046691895 -0.011108398 -0.002746582

1505479695131 MAGNETIC_FIELD -18.940735 -11.547852 -45.8313

1505479695330 LINEAR_ACCELERATION 0.37794948 0.37088442 -0.16059828

1505479695332 ROTATION_VECTOR 0.27535322 -0.09166972 -0.3900232

1505479695333 GRAVITY -0.5351722 5.4206824 8.154764

1505479695333 ACCELEROMETER -0.14677429 5.6788177 7.773163

1505479695334 GYROSCOPE 0.006713867 -0.031402588 0.016479492

1505479695340 MAGNETIC_FIELD -19.692993 -12.736511 -46.051025

1505479695537 GRAVITY -0.39529145 5.5058303 8.105552

1505479695540 LINEAR_ACCELERATION 0.19968656 0.21921968 -0.17501354

1505479695543 ROTATION_VECTOR 0.27784848 -0.09763254 -0.38056543

1505479695545 ACCELEROMETER -0.17044067 5.616867 7.856201

1505479695547 GYROSCOPE -0.05203247 6.4086914E-4 0.00793457

1505479695549 MAGNETIC_FIELD -19.197083 -11.883545 -46.984863

1505479695739 ACCELEROMETER -0.1133728 5.6180725 7.743225

1505479695742 LINEAR_ACCELERATION 0.17077634 0.1845522 -0.15044737

1505479695744 ROTATION_VECTOR 0.28105572 -0.10097605 -0.3714575

1505479695746 GRAVITY -0.3065833 5.581683 8.05737

1505479695749 GYROSCOPE 0.01953125 0.00491333 0.0036621094

1505479695751 MAGNETIC_FIELD -18.37616 -11.534119 -46.040344

1505479695940 ACCELEROMETER -0.037750244 5.5634613 7.8516846

1505479695943 GYROSCOPE 0.04196167 0.017730713 0.020751953

1505479695945 MAGNETIC_FIELD -19.619751 -12.8967285 -45.489502

1505479695947 GRAVITY -0.2276672 5.6395226 8.019622

1505479695949 LINEAR_ACCELERATION 0.16205338 0.042529106 0.03543091

1505479695951 ROTATION_VECTOR 0.2824698 -0.106413715 -0.37180817

1505479696141 GRAVITY -0.188931 5.663201 8.003927

1505479696143 LINEAR_ACCELERATION 0.1303179 -0.018543243 0.051241875

1505479696146 ROTATION_VECTOR 0.28265724 -0.10962743 -0.37401468

1505479696148 ACCELEROMETER -0.112350464 5.518692 8.000732

1505479696150 GYROSCOPE 0.008850098 0.030548096 -0.0016784668

1505479696152 MAGNETIC_FIELD -19.448853 -13.096619 -46.757507

1505479696350 ACCELEROMETER -0.122283936 5.4911804 7.959915

1505479696356 GRAVITY -0.18984929 5.646436 8.01574

1505479696358 LINEAR_ACCELERATION 0.036615714 -0.07502842 0.13165712

1505479696360 ROTATION_VECTOR 0.28129995 -0.11036898 -0.37779468

1505479696363 GYROSCOPE 0.03982544 0.020935059 0.038909912

1505479696365 MAGNETIC_FIELD -18.695068 -12.409973 -46.71631

1505479696550 ACCELEROMETER -0.059402466 5.614151 7.673111

1505479696557 GRAVITY -0.10622699 5.7269545 7.9599686

1505479696560 LINEAR_ACCELERATION 0.028779596 -0.038725853 -0.08273888

1505479696562 ROTATION_VECTOR 0.28405663 -0.11604478 -0.37621948

1505479696564 GYROSCOPE 0.049438477 -0.03353882 0.06561279

1505479696567 MAGNETIC_FIELD -19.17572 -12.788391 -45.92743

1505479696743 GRAVITY -0.02715207 5.767574 7.931251

1505479696746 LINEAR_ACCELERATION -0.015341757 0.01711464 0.025735855

1505479696748 ACCELEROMETER -0.01777649 5.6734924 7.8250427

1505479696750 ROTATION_VECTOR 0.28407046 -0.12215857 -0.37979737

1505479696753 GYROSCOPE 0.001373291 -0.011108398 0.023956299

1505479696755 MAGNETIC_FIELD -19.64264 -12.620544 -46.002197

1505479696940 ACCELEROMETER 0.037322998 5.6609955 7.8544464

1505479696940 GYROSCOPE -0.009307861 -4.272461E-4 0.010070801

1505479696941 MAGNETIC_FIELD -19.413757 -12.069702 -46.18988

1505479696941 GRAVITY 0.00912435 5.7554083 7.940125

1505479696941 LINEAR_ACCELERATION 0.014507115 -0.0051236153 0.017324924

1505479696942 ROTATION_VECTOR 0.28229788 -0.124395415 -0.38219175

1505479697142 LINEAR_ACCELERATION 0.030800225 0.016492367 0.021185875

1505479697143 ROTATION_VECTOR 0.2816258 -0.12452752 -0.3807468

1505479697143 GRAVITY 0.0264302 5.745978 7.946913

1505479697144 ACCELEROMETER 0.024719238 5.6359863 7.784256

1505479697144 GYROSCOPE -0.00289917 0.0059814453 4.5776367E-4

1505479697144 MAGNETIC_FIELD -19.743347 -11.274719 -46.232605

1505479697360 ACCELEROMETER 0.025817871 5.6209106 7.87175

1505479697370 GRAVITY 0.030633612 5.735703 7.954317

1505479697375 LINEAR_ACCELERATION -0.0291476 -0.0024089813 -0.09651995

1505479697377 ROTATION_VECTOR 0.2808681 -0.12472288 -0.38155633

1505479697389 GYROSCOPE -0.038146973 -0.03353882 -0.0059509277

1505479697390 MAGNETIC_FIELD -19.92035 -11.782837 -46.569824

1505479697545 GRAVITY 0.08594992 5.6307673 8.028541

1505479697545 LINEAR_ACCELERATION 0.047914356 0.08603811 0.18249702

1505479697546 ROTATION_VECTOR 0.2735516 -0.12580888 -0.38517803

1505479697546 ACCELEROMETER 0.09992981 5.659851 8.029419

1505479697546 GYROSCOPE -0.07446289 -0.024993896 -0.020904541

1505479697547 MAGNETIC_FIELD -20.574951 -11.462402 -46.444702

1505479697758 ACCELEROMETER -0.0712738 5.61055 8.078217

1505479697764 GRAVITY 0.056575432 5.5547466 8.081583

1505479697767 LINEAR_ACCELERATION -0.12685092 0.08671951 0.072532654

1505479697769 ROTATION_VECTOR 0.26968873 -0.12337726 -0.38843215

1505479697772 GYROSCOPE -0.034942627 -0.023925781 0.012207031

1505479697774 MAGNETIC_FIELD -19.090271 -11.33728 -46.643066

1505479697960 ACCELEROMETER -0.14425659 5.518326 7.8430176

1505479697966 GRAVITY 0.040017333 5.614925 8.039988

1505479697969 LINEAR_ACCELERATION -0.11487228 0.03525734 -0.18065977

1505479697971 ROTATION_VECTOR 0.27414662 -0.12214071 -0.38198602

1505479697973 GYROSCOPE 0.043029785 0.06686401 0.123291016

1505479697976 MAGNETIC_FIELD -19.758606 -12.167358 -46.88568

1505479698161 ACCELEROMETER -0.13305664 5.502655 7.790268

1505479698167 GRAVITY -0.05549136 5.6096363 8.043587

1505479698169 LINEAR_ACCELERATION -0.07662736 -0.018069744 -0.08309841

1505479698171 ROTATION_VECTOR 0.2761617 -0.11673013 -0.38009873

1505479698174 GYROSCOPE -0.06591797 0.040161133 -0.07003784

1505479698176 MAGNETIC_FIELD -19.862366 -12.054443 -47.10083

1505479698362 ACCELEROMETER -0.11682129 5.496353 7.9412537

1505479698368 GRAVITY -0.1525655 5.528855 8.098079

1505479698371 LINEAR_ACCELERATION -0.05147946 -4.6300888E-4 -0.031112194

1505479698373 ROTATION_VECTOR 0.27386123 -0.11005879 -0.3805991

1505479698375 GYROSCOPE -0.04135132 -0.008972168 -0.010223389

1505479698378 MAGNETIC_FIELD -18.139648 -11.346436 -47.3938

1505479698564 ACCELEROMETER -0.08866882 5.5697327 8.034912

1505479698570 GRAVITY -0.10521773 5.5205603 8.104488

1505479698572 LINEAR_ACCELERATION 0.04156103 0.1374569 -0.015964985

1505479698574 ROTATION_VECTOR 0.27260014 -0.1116927 -0.37909946

1505479698577 GYROSCOPE -0.03173828 -0.03353882 -0.0059509277

1505479698579 MAGNETIC_FIELD -20.42389 -11.839294 -47.24579

1505479698762 ACCELEROMETER -0.11627197 5.535385 7.8797607

1505479698771 GRAVITY -0.08274747 5.532098 8.096878

1505479698773 LINEAR_ACCELERATION -0.01269047 0.10262728 -0.056010723

1505479698776 ROTATION_VECTOR 0.27256843 -0.11349257 -0.38040528

1505479698778 GYROSCOPE -0.013580322 -0.018585205 -0.01876831

1505479698780 MAGNETIC_FIELD -18.925476 -11.387634 -46.188354

1505479698962 ACCELEROMETER -0.1002655 5.5223846 7.782425

1505479698970 GRAVITY -0.10062061 5.542192 8.089769

1505479698973 LINEAR_ACCELERATION -0.031276405 0.04993725 -0.15709019

1505479698976 ROTATION_VECTOR 0.27312374 -0.11375401 -0.38321152

1505479698978 GYROSCOPE -0.040283203 -0.0014953613 -0.013427734

1505479698980 MAGNETIC_FIELD -19.473267 -12.1154785 -46.93756

1505479699164 ACCELEROMETER -0.10569763 5.554245 7.915863

1505479699173 GRAVITY -0.10911843 5.5420294 8.08977

1505479699176 LINEAR_ACCELERATION 0.013297625 0.059123516 0.07413769

1505479699178 ROTATION_VECTOR 0.27300942 -0.11402788 -0.38542962

1505479699180 GYROSCOPE 0.036621094 0.013458252 0.0025939941

1505479699183 MAGNETIC_FIELD -19.53125 -11.53717 -46.043396

1505479699357 ACCELEROMETER -0.09710693 5.5268097 7.8230286

1505479699358 GYROSCOPE 0.006713867 0.028411865 -0.0038146973

1505479699359 MAGNETIC_FIELD -19.725037 -11.094666 -46.881104

1505479699359 GRAVITY -0.123053975 5.6298785 8.028681

1505479699360 LINEAR_ACCELERATION 0.041924573 0.049636364 -0.14934301

1505479699361 ROTATION_VECTOR 0.27853996 -0.11430966 -0.38123545

1505479699565 ACCELEROMETER -0.19514465 5.509842 7.679535

1505479699575 GRAVITY -0.15254775 5.643351 8.018709

1505479699579 LINEAR_ACCELERATION -0.03957042 -0.02111578 -0.13579893

1505479699582 ROTATION_VECTOR 0.2798076 -0.11343414 -0.38191018

1505479699584 GYROSCOPE -0.021057129 -0.027130127 -0.009155273

1505479699586 MAGNETIC_FIELD -19.236755 -10.507202 -46.492004

1505479699760 ACCELEROMETER -0.17906189 5.5258636 7.962448

1505479699767 GYROSCOPE 0.009918213 0.016662598 0.02609253

1505479699770 MAGNETIC_FIELD -18.382263 -12.1154785 -46.57135

1505479699773 GRAVITY -0.1486344 5.632332 8.026527

1505479699775 LINEAR_ACCELERATION -0.028560415 0.036808968 0.06159115

1505479699777 ROTATION_VECTOR 0.27887622 -0.113969624 -0.38388655

1505479699968 ACCELEROMETER -0.11878967 5.5106506 7.7936554

1505479699984 GYROSCOPE 0.03982544 0.024139404 0.020751953

1505479699987 MAGNETIC_FIELD -19.38324 -10.705566 -47.010803

1505479699989 GRAVITY -0.17136332 5.662476 8.004835

1505479699991 LINEAR_ACCELERATION -0.031589687 -0.040206432 -0.013050556

1505479699994 ROTATION_VECTOR 0.28107575 -0.11341699 -0.38316202

1505479700164 GRAVITY -0.1048749 5.69747 7.981117

1505479700171 ACCELEROMETER 0.029388428 5.5272217 7.9135895

1505479700173 LINEAR_ACCELERATION 0.12848611 -0.06799793 0.079333305

1505479700175 ROTATION_VECTOR 0.28198165 -0.11645885 -0.37966633

1505479700177 GYROSCOPE 0.054779053 0.009185791 0.027160645

1505479700179 MAGNETIC_FIELD -18.966675 -11.158752 -46.710205

1505479700368 ACCELEROMETER -0.01927185 5.5571594 8.057404

1505479700381 GYROSCOPE -0.013580322 0.022003174 -0.03692627

1505479700383 MAGNETIC_FIELD -18.896484 -11.087036 -46.58966

1505479700392 GRAVITY -0.06330515 5.691992 7.985462

1505479700395 LINEAR_ACCELERATION 0.14057145 -0.0034017563 0.15671349

1505479700397 ROTATION_VECTOR 0.28089923 -0.11811165 -0.37891364

1505479700564 GRAVITY -0.11443669 5.64481 8.018317

1505479700573 LINEAR_ACCELERATION 0.019143589 -0.057540417 0.20621824

1505479700575 ROTATION_VECTOR 0.2783042 -0.117159665 -0.38761926

1505479700578 ACCELEROMETER 0.03364563 5.602539 8.062347

1505479700580 GYROSCOPE 0.040893555 0.0027770996 -0.035858154

1505479700582 MAGNETIC_FIELD -19.19403 -11.747742 -46.67816

1505479700775 ACCELEROMETER -0.12084961 5.544098 7.760376

1505479700781 GRAVITY -0.10784751 5.725108 7.961274

1505479700784 LINEAR_ACCELERATION 0.048455894 -0.07679129 -0.17876339

1505479700786 ROTATION_VECTOR 0.28279394 -0.11880892 -0.38512078

1505479700788 GYROSCOPE 0.03768921 6.4086914E-4 0.011138916

1505479700791 MAGNETIC_FIELD -18.849182 -11.468506 -47.000122

1505479700964 GRAVITY -0.060983628 5.72653 7.960748

1505479700977 LINEAR_ACCELERATION -0.0044225566 -0.03631258 0.14105892

1505479700980 ROTATION_VECTOR 0.2809485 -0.123218216 -0.39154097

1505479700982 ACCELEROMETER -0.0776062 5.613037 7.860321

1505479700984 GYROSCOPE 0.02166748 -0.047424316 0.009002686

1505479700987 MAGNETIC_FIELD -18.911743 -11.833191 -45.484924

1505479701163 ACCELEROMETER 0.066101074 5.613678 8.076004

1505479701166 GRAVITY -0.07039771 5.7281194 7.9595275

1505479701167 LINEAR_ACCELERATION 0.049083672 -0.03696108 0.08871651

1505479701167 ROTATION_VECTOR 0.28031492 -0.12490227 -0.39801833

1505479701168 GYROSCOPE 0.022735596 0.055114746 -0.058288574

1505479701169 MAGNETIC_FIELD -19.43512 -12.452698 -46.16394

1505479701378 GRAVITY -0.078640185 5.7282133 7.959383

1505479701382 ACCELEROMETER 0.023620605 5.6317596 7.7739105

1505479701384 LINEAR_ACCELERATION 0.17121923 -0.035885334 -0.056822777

1505479701386 ROTATION_VECTOR 0.28059095 -0.12431064 -0.39742142

1505479701388 GYROSCOPE -0.024261475 -0.007904053 -0.040130615

1505479701391 MAGNETIC_FIELD -19.15741 -12.651062 -45.50476

1505479701574 GRAVITY -0.07943163 5.7089844 7.973179

1505479701579 LINEAR_ACCELERATION 0.025837682 -2.0503998E-4 0.070634365

1505479701582 ROTATION_VECTOR 0.27936274 -0.12424772 -0.39898002

1505479701584 ACCELEROMETER -0.05281067 5.6205597 7.901428

1505479701586 GYROSCOPE 0.02166748 0.009185791 0.017547607

1505479701588 MAGNETIC_FIELD -19.708252 -12.915039 -46.59424

1505479701777 GRAVITY -0.054551367 5.723613 7.9628935

1505479701780 LINEAR_ACCELERATION 0.026141413 -0.0720129 0.012820244

1505479701782 ROTATION_VECTOR 0.27984098 -0.12527758 -0.39718145

1505479701784 ACCELEROMETER -0.046585083 5.5766907 7.8804474

1505479701787 GYROSCOPE 0.030212402 -0.007904053 0.0047302246

1505479701789 MAGNETIC_FIELD -18.919373 -11.62262 -46.5683

1505479701969 ACCELEROMETER -0.09283447 5.5657196 7.8446045

1505479701970 GRAVITY -0.084796354 5.726936 7.960239

1505479701973 LINEAR_ACCELERATION -0.046674132 -0.099146366 -0.019120216

1505479701973 ROTATION_VECTOR 0.27993262 -0.12561254 -0.40246302

1505479701974 GYROSCOPE 0.009918213 0.018798828 -6.1035156E-4

1505479701978 MAGNETIC_FIELD -20.071411 -12.614441 -46.583557

1505479702168 ACCELEROMETER -0.042556763 5.5893097 7.848877

1505479702170 GYROSCOPE 0.010986328 0.0017089844 0.009002686

1505479702170 MAGNETIC_FIELD -19.152832 -11.84845 -46.018982

1505479702171 GRAVITY -0.056189835 5.7277746 7.959889

1505479702171 LINEAR_ACCELERATION 0.07883781 -0.008897781 0.05480814

1505479702171 ROTATION_VECTOR 0.27974007 -0.12611154 -0.39964935

1505479702369 ACCELEROMETER -0.0655365 5.582382 7.8989563

1505479702370 GYROSCOPE 0.0077819824 -0.0057678223 0.011138916

1505479702371 MAGNETIC_FIELD -18.88733 -12.176514 -46.092224

1505479702371 GRAVITY -0.081267826 5.704009 7.9767203

1505479702372 LINEAR_ACCELERATION -0.0785794 -0.08091116 0.04838848

1505479702372 ROTATION_VECTOR 0.27849296 -0.12546766 -0.40345868

1505479702570 ACCELEROMETER -0.03416443 5.585037 7.7722626

1505479702571 GYROSCOPE 0.0024414063 0.013458252 0.021820068

1505479702572 MAGNETIC_FIELD -20.16449 -13.066101 -46.93756

1505479702572 GRAVITY -0.03218193 5.7160797 7.9684243

1505479702573 LINEAR_ACCELERATION 0.07174808 -0.022191525 -0.045576572

1505479702573 ROTATION_VECTOR 0.2784395 -0.12725914 -0.40059498

1505479702788 GRAVITY -0.18881665 5.7756004 7.923205

1505479702794 LINEAR_ACCELERATION -0.09140991 -0.0017504692 -0.21176767

1505479702800 ROTATION_VECTOR 0.28591627 -0.11950263 -0.39511907

1505479702810 ACCELEROMETER -0.6244507 5.731262 7.214691

1505479702821 GYROSCOPE 0.008850098 0.15444946 0.023956299

1505479702832 MAGNETIC_FIELD -19.284058 -12.992859 -46.479797

1505479702973 ACCELEROMETER -1.485199 6.056656 7.057602

1505479702974 GYROSCOPE -0.21224976 0.37661743 0.40847778

1505479702974 MAGNETIC_FIELD -18.867493 -12.322998 -47.244263

1505479702975 GRAVITY -0.42105862 5.6541214 8.0015

1505479702976 LINEAR_ACCELERATION -0.9989413 0.55807114 -0.7761321

1505479702976 ROTATION_VECTOR 0.2880393 -0.095238626 -0.3654944

1505479703202 ACCELEROMETER -0.84928894 4.9341583 5.290024

1505479703222 GRAVITY -0.14594254 5.3007445 8.249314

1505479703226 ROTATION_VECTOR 0.2707333 -0.078137614 -0.29133034

1505479703228 LINEAR_ACCELERATION -1.1414388 0.36687994 -2.0197673

1505479703231 GYROSCOPE -0.30303955 0.12561035 0.91903687

1505479703233 MAGNETIC_FIELD -18.251038 -8.174133 -49.67041

1505479703376 ACCELEROMETER 0.99198914 5.0224 3.9891815

1505479703377 GYROSCOPE 1.5917969 -0.9232788 -0.047607422

1505479703377 MAGNETIC_FIELD -20.04242 -4.446411 -51.92108

1505479703378 GRAVITY 0.87998223 6.314946 7.4510045

1505479703378 LINEAR_ACCELERATION -1.012883 -2.013702 -2.216124

1505479703379 ROTATION_VECTOR 0.31847584 -0.13666615 -0.24739984

1505479703581 GRAVITY 5.4288583 6.3593493 5.124115

1505479703583 LINEAR_ACCELERATION 2.4262319 -1.0981688 -1.4643426

1505479703590 ROTATION_VECTOR 0.26171455 -0.4126116 -0.2569399

1505479703592 ACCELEROMETER 7.7697144 3.6804504 0.84124756

1505479703595 GYROSCOPE -1.0603333 -4.1436462 1.9850159

1505479703597 MAGNETIC_FIELD -43.725586 -8.100891 -25.759888

1505479703791 GRAVITY 8.75084 1.9433514 3.9770045

1505479703798 LINEAR_ACCELERATION -5.5100107 2.8137984 -3.0652199

1505479703801 ROTATION_VECTOR 0.035184193 -0.5440508 -0.12854823

1505479703804 ACCELEROMETER 4.4558716 8.08493 -1.8807831

1505479703807 GYROSCOPE -1.4299011 2.096283 2.8363037

1505479703810 MAGNETIC_FIELD -39.575195 -1.638794 25.564575

1505479703979 ACCELEROMETER 16.55069 -1.3383942 11.139038

1505479703979 GYROSCOPE -5.452423 -5.772522 8.644714

1505479703980 MAGNETIC_FIELD -40.87677 -14.045715 -5.177307

1505479703980 GRAVITY 5.1972528 -7.6109896 -3.3513865

1505479703981 LINEAR_ACCELERATION 9.285797 15.929381 3.6570919

1505479703981 ROTATION_VECTOR -0.46608016 -0.67352986 0.2054936

1505479704180 ACCELEROMETER 1.2761993 -6.894867 15.01915

1505479704181 GYROSCOPE 5.178528 -1.4861755 -0.395813

1505479704182 MAGNETIC_FIELD -27.056885 18.867493 -39.570618

1505479704182 GRAVITY -3.2402074 -9.25535 -0.09968956

1505479704183 LINEAR_ACCELERATION 12.878591 -3.1996288 19.541016

1505479704183 ROTATION_VECTOR -0.48390487 -0.52049863 0.644572

1505479704381 ACCELEROMETER -2.321289 -3.1491852 5.7951508

1505479704382 GYROSCOPE 0.33462524 -0.036743164 -0.1651001

1505479704382 MAGNETIC_FIELD -12.002563 29.11377 -48.062134

1505479704383 GRAVITY -2.1791494 -7.9887633 5.2536993

1505479704383 LINEAR_ACCELERATION -3.805595 1.5933056 0.01593256

1505479704384 ROTATION_VECTOR -0.29382464 -0.38184154 0.8106236

1505479704583 ACCELEROMETER 0.23884583 -0.6704254 9.493652

1505479704584 GYROSCOPE 0.020599365 -0.2631836 0.7598877

1505479704585 MAGNETIC_FIELD -12.17041 25.492859 -49.006653

1505479704586 GRAVITY -2.3482845 -7.4132185 5.974959

1505479704586 LINEAR_ACCELERATION 2.8338342 5.795142 4.2874203

1505479704587 ROTATION_VECTOR -0.2594491 -0.357838 0.8513191

1505479704784 ACCELEROMETER -1.0339355 0.14109802 9.239883

1505479704785 GYROSCOPE -0.2720642 -0.051696777 0.031433105

1505479704786 MAGNETIC_FIELD -9.356689 25.048828 -48.902893

1505479704787 LINEAR_ACCELERATION 1.6159723 6.064147 4.2355995

1505479704787 GRAVITY -2.682297 -7.0728016 6.241085

1505479704788 ROTATION_VECTOR -0.2405649 -0.3520252 0.87926346

1505479704985 ACCELEROMETER -1.4961548 -1.1173553 10.036194

1505479704986 GYROSCOPE -0.2934265 0.82522583 0.13504028

1505479704987 MAGNETIC_FIELD -6.463623 27.005005 -48.965454

1505479704987 GRAVITY -3.1945162 -7.1086965 5.952469

1505479704988 LINEAR_ACCELERATION 1.0837412 4.7252083 5.00895

1505479704988 ROTATION_VECTOR -0.26601186 -0.35460716 0.874524

1505479705187 ACCELEROMETER -2.9663086 -1.3071289 8.505676

1505479705188 GYROSCOPE 0.2758789 0.15338135 -0.23345947

1505479705189 MAGNETIC_FIELD 2.1026611 29.188538 -48.716736

1505479705189 GRAVITY -3.676858 -6.911147 5.9065347

1505479705190 LINEAR_ACCELERATION 0.5408435 4.230773 4.247548

1505479705190 ROTATION_VECTOR -0.30089203 -0.32911175 0.8668658

