1505479887987 ACCELEROMETER -0.3288269 4.791046 8.083923

1505479887995 GYROSCOPE 0.008850098 -0.07946777 0.07949829

1505479887996 MAGNETIC_FIELD -15.306091 -9.425354 -51.202393

1505479887997 GRAVITY -0.40160224 5.0522394 8.3954735

1505479887998 ROTATION_VECTOR 0.0 0.0 0.0

1505479887998 LINEAR_ACCELERATION 0.0 0.0 -0.0

1505479888187 ACCELEROMETER -0.29908752 4.889969 8.366013

1505479888188 GYROSCOPE -0.1449585 -0.03994751 0.0132751465

1505479888189 MAGNETIC_FIELD -16.993713 -6.3980103 -49.23401

1505479888189 GRAVITY -0.29049402 4.8734922 8.505003

1505479888189 LINEAR_ACCELERATION -0.041671783 0.03360176 0.2055254

1505479888190 ROTATION_VECTOR 0.24375382 -0.08336434 -0.36652362

1505479888389 ACCELEROMETER -0.56173706 5.4201508 7.7651978

1505479888389 GYROSCOPE 0.12954712 0.07861328 0.410614

1505479888390 MAGNETIC_FIELD -15.643311 -6.062317 -49.562073

1505479888390 GRAVITY -0.23830643 5.0720687 8.389739

1505479888391 LINEAR_ACCELERATION -0.23888889 0.39238167 -0.24453068

1505479888392 ROTATION_VECTOR 0.25549018 -0.0834694 -0.34176272

1505479888590 ACCELEROMETER -0.51875305 5.2012787 7.9080505

1505479888590 GYROSCOPE -0.055236816 0.028411865 0.04638672

1505479888591 MAGNETIC_FIELD -17.330933 -4.7164917 -50.2182

1505479888591 GRAVITY -0.2373519 5.2330637 8.290301

1505479888591 LINEAR_ACCELERATION -0.41289914 0.23756742 -0.23021412

1505479888593 ROTATION_VECTOR 0.266207 -0.08028762 -0.3187492

1505479888826 ACCELEROMETER 0.048538208 5.167145 8.2105255

1505479888827 GYROSCOPE -0.07873535 -0.36038208 -0.20675659

1505479888828 GRAVITY -0.063109905 5.1564894 8.341284

1505479888829 LINEAR_ACCELERATION -0.10690628 0.12648392 -0.058283806

1505479888829 ROTATION_VECTOR 0.25755835 -0.0915236 -0.33315566

1505479889027 ACCELEROMETER 3.0439453 5.0666656 9.62207

1505479889029 GYROSCOPE -0.28701782 -0.5302124 -0.2911377

1505479889029 MAGNETIC_FIELD -21.307373 -5.1712036 -47.94464

1505479889030 GRAVITY 0.84377813 4.7764845 8.523123

1505479889031 LINEAR_ACCELERATION 2.0540054 0.31139183 1.0957603

1505479889031 ROTATION_VECTOR 0.21704204 -0.1354047 -0.36121017

1505479889228 ACCELEROMETER 2.2494507 4.2324066 9.195175

1505479889229 GYROSCOPE -0.019989014 -0.012176514 -0.5026245

1505479889230 MAGNETIC_FIELD -27.883911 -2.4017334 -46.21582

1505479889231 GRAVITY 1.1393106 4.4914403 8.642877

1505479889232 LINEAR_ACCELERATION 1.3128662 -0.13462543 0.6428757

1505479889232 ROTATION_VECTOR 0.18742111 -0.1555932 -0.4170114

1505479889429 ACCELEROMETER 1.3004913 4.3854065 7.8624115

1505479889430 GYROSCOPE 0.051574707 -0.05596924 -0.19393921

1505479889431 MAGNETIC_FIELD -27.430725 -4.122925 -46.609497

1505479889432 GRAVITY 0.943229 4.5876226 8.61594

1505479889433 LINEAR_ACCELERATION 0.35954905 -0.37117624 -0.74422836

1505479889433 ROTATION_VECTOR 0.19024204 -0.15657996 -0.45257697

1505479889630 ACCELEROMETER 0.43055725 5.568161 8.110825

1505479889631 GYROSCOPE -0.12573242 0.82736206 -0.0048828125

1505479889633 MAGNETIC_FIELD -24.6521 -8.288574 -45.799255

1505479889634 GRAVITY 0.22567122 4.6822205 8.613726

1505479889634 LINEAR_ACCELERATION 0.37599105 1.1478205 -0.56094456

1505479889635 ROTATION_VECTOR 0.21356997 -0.123329185 -0.4436642

1505479889832 ACCELEROMETER 0.03488159 4.0508575 7.9572296

1505479889833 GYROSCOPE 0.32073975 0.59451294 0.25146484

1505479889834 MAGNETIC_FIELD -24.559021 -6.3705444 -46.90857

1505479889834 GRAVITY -0.796428 4.79203 8.518952

1505479889835 LINEAR_ACCELERATION 0.76722026 -0.8079014 -0.29272175

1505479889836 ROTATION_VECTOR 0.24739175 -0.06672075 -0.40130326

1505479890032 ACCELEROMETER -0.22947693 4.631714 7.502136

1505479890034 GYROSCOPE 0.26733398 -0.2845459 0.10940552

1505479890035 MAGNETIC_FIELD -19.94629 -8.502197 -49.041748

1505479890035 GRAVITY -0.8338056 5.2902403 8.215139

1505479890036 LINEAR_ACCELERATION 0.5087692 -0.6880398 -0.53445244

1505479890036 ROTATION_VECTOR 0.27701512 -0.066386 -0.36579996

1505479890234 ACCELEROMETER 1.5888672 5.9497375 9.380783

1505479890235 GYROSCOPE -0.56365967 -0.6968384 -1.2898254

1505479890236 MAGNETIC_FIELD -18.174744 -10.6033325 -47.2641

1505479890237 GRAVITY -0.4348107 4.9641833 8.446196

1505479890237 LINEAR_ACCELERATION 1.9804655 1.1617522 0.7040367

1505479890238 ROTATION_VECTOR 0.24560004 -0.09510267 -0.42551687

1505479890444 GRAVITY -0.45946935 4.1999803 8.849828

1505479890445 LINEAR_ACCELERATION 1.5306224 0.6065426 1.0030518

1505479890446 ROTATION_VECTOR 0.19574857 -0.1023078 -0.5430798

1505479890447 ACCELEROMETER 1.0010681 4.8068695 9.499008

1505479890448 GYROSCOPE -0.08834839 -0.32940674 -0.88394165

1505479890448 MAGNETIC_FIELD -21.606445 -12.452698 -45.622253

1505479890642 GRAVITY -0.82869023 4.3140817 8.767688

1505479890643 LINEAR_ACCELERATION 0.96909744 0.11215782 -2.092329

1505479890644 ROTATION_VECTOR 0.20226887 -0.109816305 -0.6173227

1505479890650 ACCELEROMETER 0.24516296 4.4757996 6.454178

1505479890652 GYROSCOPE 0.29937744 -0.010040283 -0.8732605

1505479890654 MAGNETIC_FIELD -23.977661 -12.591553 -44.058228

1505479890847 GRAVITY -0.99192524 4.5268426 8.642579

1505479890850 LINEAR_ACCELERATION 1.8318744 1.175571 -0.5576763

1505479890852 ROTATION_VECTOR 0.20215555 -0.13595681 -0.7009693

1505479890855 ACCELEROMETER 0.8048401 5.469055 8.557953

1505479890857 GYROSCOPE 0.14556885 -0.66052246 -1.2054443

1505479890859 MAGNETIC_FIELD -19.729614 -17.521667 -42.55371

1505479891043 GRAVITY -0.06947971 4.617176 8.65143

1505479891044 LINEAR_ACCELERATION 0.09371855 -0.779768 2.4223633

1505479891044 ROTATION_VECTOR 0.14050613 -0.19788343 -0.7993499

1505479891044 ACCELEROMETER 0.1743927 3.8275452 10.552811

1505479891045 GYROSCOPE 0.4093933 -1.4039307 -0.72265625

1505479891045 MAGNETIC_FIELD -15.943909 -22.097778 -41.79077

1505479891244 ROTATION_VECTOR 0.051026404 -0.25305215 -0.8662583

1505479891246 LINEAR_ACCELERATION 0.01654756 0.239748 -1.3507538

1505479891247 GRAVITY 1.2559824 4.7274785 8.499638

1505479891248 ACCELEROMETER 0.95721436 5.0262756 7.030121

1505479891249 GYROSCOPE -0.25177002 -0.99057007 -0.9085083

1505479891250 MAGNETIC_FIELD -16.555786 -23.847961 -38.923645

1505479891442 ACCELEROMETER -0.3667755 6.0050507 9.242111

1505479891443 GYROSCOPE 0.44570923 -0.46398926 -0.1651001

1505479891445 MAGNETIC_FIELD -20.874023 -30.522156 -29.974365

1505479891462 GRAVITY 1.8030165 5.0460024 8.213244

1505479891467 LINEAR_ACCELERATION -2.385711 1.2628593 0.9084835

1505479891477 ROTATION_VECTOR 0.010305821 -0.28484187 -0.8903764

1505479891641 ACCELEROMETER 1.917633 3.6057587 9.800919

1505479891648 GYROSCOPE 0.32287598 -0.58255005 -0.2783203

1505479891658 GRAVITY 2.3445745 5.607441 7.6961007

1505479891660 LINEAR_ACCELERATION -0.6364901 -2.1281333 2.2935033

1505479891664 MAGNETIC_FIELD -20.837402 -29.951477 -30.403137

1505479891667 ROTATION_VECTOR -0.020133737 -0.32741824 -0.89227164

1505479891852 ACCELEROMETER 1.9137573 4.609375 6.9535675

1505479891861 GYROSCOPE -0.2645874 -0.34222412 -0.6190491

1505479891861 MAGNETIC_FIELD -20.262146 -28.21045 -31.962585

1505479891862 GRAVITY 2.5262856 5.8121133 7.483823

1505479891862 LINEAR_ACCELERATION -0.4088657 -1.1796579 -0.34676647

1505479891862 ROTATION_VECTOR -0.047712754 -0.3408148 -0.9046692

1505479892044 ACCELEROMETER 0.6321869 5.102539 6.5079346

1505479892044 GYROSCOPE 0.184021 1.2364502 1.8077087

1505479892045 MAGNETIC_FIELD -20.063782 -30.386353 -28.327942

1505479892046 GRAVITY 2.4493845 5.4275846 7.7918053

1505479892046 LINEAR_ACCELERATION -1.486855 -0.31887913 -0.8247719

1505479892046 ROTATION_VECTOR -0.024191165 -0.31959864 -0.89034253

1505479892260 GRAVITY 3.720224 6.3410234 6.490127

1505479892275 LINEAR_ACCELERATION -1.7681537 2.1558027 -1.6138792

1505479892278 ROTATION_VECTOR 0.012665313 -0.4110173 -0.7716371

1505479892280 ACCELEROMETER 1.9617767 8.238785 4.5034485

1505479892284 GYROSCOPE 2.1931458 -1.0877686 1.0888672

1505479892291 MAGNETIC_FIELD -17.375183 -30.21698 -30.244446

1505479892450 GRAVITY 5.008456 8.13255 2.2242718

1505479892450 LINEAR_ACCELERATION -3.699078 -3.1185508 3.5176687

1505479892451 ROTATION_VECTOR 0.12865646 -0.60831016 -0.5674661

1505479892451 ACCELEROMETER 1.548645 4.153717 5.6100616

1505479892451 GYROSCOPE 3.4802246 0.08395386 0.8506775

1505479892452 MAGNETIC_FIELD -32.255554 -23.677063 -21.870422

1505479892651 GRAVITY 5.808591 7.8061295 -1.2227042

1505479892651 LINEAR_ACCELERATION -0.924572 -1.6690259 7.2024474

1505479892652 ACCELEROMETER 4.643997 6.0831757 7.9280853

1505479892652 GYROSCOPE -3.2328796 -6.218994 -0.07537842

1505479892652 ROTATION_VECTOR -0.050113466 -0.74821734 -0.55595005

1505479892653 MAGNETIC_FIELD -43.02368 -16.43219 -12.538147

1505479892850 ACCELEROMETER 2.8132477 -0.5363617 11.605484

1505479892851 GRAVITY 6.060001 7.687845 -0.58635885

1505479892851 LINEAR_ACCELERATION -2.293746 -7.0349784 13.237725

1505479892852 GYROSCOPE -0.39489746 1.3389893 0.08911133

1505479892852 MAGNETIC_FIELD -24.771118 25.160217 -42.582703

1505479892852 ROTATION_VECTOR -0.25334728 -0.6824303 -0.6525255

1505479893050 ACCELEROMETER 1.2738342 -0.810791 9.610123

1505479893050 GYROSCOPE -0.27954102 0.90319824 0.029296875

1505479893051 GRAVITY 6.024413 7.5144114 1.8467438

1505479893051 LINEAR_ACCELERATION -3.9395986 -7.3026667 7.9890046

1505479893052 MAGNETIC_FIELD -25.561523 26.469421 -45.568848

1505479893052 ROTATION_VECTOR -0.16515408 -0.6152775 -0.705838

1505479893260 ACCELEROMETER 1.5911865 -0.8546295 9.198196

1505479893265 GRAVITY 5.497633 7.814184 2.21019

1505479893269 LINEAR_ACCELERATION -3.1299758 -7.3713713 7.573135

1505479893271 ROTATION_VECTOR -0.11106912 -0.6123523 -0.7102849

1505479893275 GYROSCOPE 0.79071045 -0.49710083 -0.6542969

1505479893280 MAGNETIC_FIELD -24.830627 25.2182 -45.150757

1505479893461 GRAVITY 5.0569983 8.253351 1.574597

1505479893465 ACCELEROMETER 1.0961456 -0.35186768 7.0908356

1505479893469 LINEAR_ACCELERATION -2.7302766 -6.9783826 5.615876

1505479893471 ROTATION_VECTOR -0.07525464 -0.64347076 -0.6913649

1505479893474 GYROSCOPE 0.0793457 -0.17132568 -0.054016113

1505479893477 MAGNETIC_FIELD -28.341675 25.050354 -43.525696

1505479893653 ACCELEROMETER 0.60964966 -0.28582764 9.763824

1505479893655 GRAVITY 4.9340014 8.22326 2.0503702

1505479893656 LINEAR_ACCELERATION -3.1512728 -6.5918965 8.207286

1505479893657 GYROSCOPE -0.008239746 -0.0014953613 -0.1020813

1505479893658 MAGNETIC_FIELD -19.862366 22.517395 -46.60034

1505479893659 ROTATION_VECTOR -0.041078005 -0.6275132 -0.6914246

1505479893853 ACCELEROMETER 0.3993988 -0.05381775 9.631439

1505479893867 GYROSCOPE -0.034942627 0.3670044 0.096588135

1505479893870 MAGNETIC_FIELD -21.252441 22.076416 -46.37451

1505479893874 GRAVITY 4.7990746 8.051395 2.8834527

1505479893876 LINEAR_ACCELERATION -2.940126 -6.1118927 7.663927

1505479893885 ROTATION_VECTOR 0.006012995 -0.5940948 -0.68673986

1505479894068 GRAVITY 4.5856867 7.855596 3.664898

1505479894074 LINEAR_ACCELERATION -4.38575 -5.4562564 6.1657214

1505479894078 ROTATION_VECTOR 0.057191346 -0.5566609 -0.6692946

1505479894085 ACCELEROMETER -1.0390472 0.12704468 8.962036

1505479894089 GYROSCOPE -0.0061035156 0.035888672 -0.0038146973

1505479894091 MAGNETIC_FIELD -12.942505 20.42694 -49.543762

1505479894266 GRAVITY 4.373328 7.651795 4.300514

1505479894271 LINEAR_ACCELERATION -3.8882997 -5.3954177 6.618084

1505479894274 ROTATION_VECTOR 0.10175123 -0.5199822 -0.6417941

1505479894281 ACCELEROMETER -0.8090515 0.029953003 9.376892

1505479894295 GYROSCOPE 0.001373291 0.050842285 -0.0016784668

1505479894296 MAGNETIC_FIELD -13.459778 20.68634 -49.214172

