1504140486904 ACCELEROMETER -0.38850403 4.5681763 9.14917

1504140486906 GYROSCOPE -0.36071777 0.49517822 0.67871094

1504140486907 MAGNETIC_FIELD 22.02301 -31.71997 -39.268494

1504140486908 GRAVITY -0.27212334 4.3971486 8.761359

1504140486908 LINEAR_ACCELERATION 0.0 0.0 -0.0

1504140486909 ROTATION_VECTOR 0.0 0.0 0.0

1504140487105 ACCELEROMETER -0.0032196045 4.5079803 7.7654877

1504140487106 GYROSCOPE 0.08682251 0.3114624 0.38497925

1504140487106 LINEAR_ACCELERATION 0.27366439 0.0606575 -0.79558945

1504140487107 GRAVITY -0.28081796 4.520139 8.698269

1504140487108 MAGNETIC_FIELD 22.190857 -33.569336 -39.761353

1504140487109 ROTATION_VECTOR 0.10814748 0.21169758 0.83593285

1504140487305 ACCELEROMETER 0.7302246 5.230835 8.746307

1504140487307 GYROSCOPE 0.3164673 -0.12646484 0.06881714

1504140487307 MAGNETIC_FIELD 18.815613 -35.250854 -37.46338

1504140487308 LINEAR_ACCELERATION 0.6395484 0.28615427 0.25364876

1504140487308 GRAVITY 0.090666756 4.9311457 8.4762

1504140487309 ROTATION_VECTOR 0.13232814 0.22432864 0.8404637

1504140487506 ACCELEROMETER 1.050705 4.6362 8.724625

1504140487507 GYROSCOPE 0.04623413 -0.09442139 0.076293945

1504140487508 MAGNETIC_FIELD 18.478394 -31.552124 -37.791443

1504140487508 GRAVITY 0.52155834 5.0737233 8.3759

1504140487509 LINEAR_ACCELERATION 0.52814543 -0.46204376 0.31157112

1504140487509 ROTATION_VECTOR 0.14758973 0.22619735 0.855942

1504140487707 ACCELEROMETER 0.56726074 4.276993 7.861267

1504140487708 GYROSCOPE -0.14389038 -0.09762573 0.0015258789

1504140487708 MAGNETIC_FIELD 19.491577 -29.870605 -38.775635

1504140487709 GRAVITY 0.70537466 4.9314857 8.447087

1504140487710 LINEAR_ACCELERATION -0.12559569 -0.58179903 -0.47741318

1504140487710 ROTATION_VECTOR 0.15052728 0.21600915 0.8616182

1504140487944 ACCELEROMETER 0.27937317 4.7608643 8.1033325

1504140487944 GYROSCOPE 0.3100586 -0.041015625 0.6285095

1504140487945 MAGNETIC_FIELD 20.257568 -30.299377 -39.95056

1504140487945 LINEAR_ACCELERATION -0.6247957 -0.102813244 -0.07854366

1504140487946 GRAVITY 1.084486 5.0294566 8.348583

1504140487947 ROTATION_VECTOR 0.16943167 0.21362029 0.86288244

1504140488145 ACCELEROMETER 0.26045227 3.548874 9.964859

1504140488146 GYROSCOPE 0.36026 -0.19802856 0.82717896

1504140488146 MAGNETIC_FIELD 19.136047 -32.15027 -39.89563

1504140488147 GRAVITY 1.7460973 5.037774 8.230575

1504140488148 LINEAR_ACCELERATION -1.3909068 -1.6474185 2.1033363

1504140488148 ROTATION_VECTOR 0.1754574 0.2226481 0.9060586

1504140488346 ACCELEROMETER 1.1205292 4.3311157 7.7127533

1504140488347 GYROSCOPE -0.24215698 0.14697266 -0.15014648

1504140488347 MAGNETIC_FIELD 14.822388 -36.427307 -37.409973

1504140488348 GRAVITY 2.009974 5.0044475 8.1905985

1504140488349 LINEAR_ACCELERATION -0.9906874 -0.4631033 -0.5486212

1504140488349 ROTATION_VECTOR 0.17352627 0.22865771 0.9239114

1504140488547 ACCELEROMETER 1.8410034 4.3250885 8.514618

1504140488548 GYROSCOPE 0.006713867 -0.38494873 -0.07217407

1504140488548 MAGNETIC_FIELD 14.26239 -37.878418 -35.557556

1504140488549 GRAVITY 2.1238754 4.8038406 8.281465

1504140488550 LINEAR_ACCELERATION 0.2655146 -0.278615 0.34799004

1504140488550 ROTATION_VECTOR 0.18047747 0.21258105 0.9208828

1504140488749 ACCELEROMETER 1.6978455 3.8478546 8.550308

1504140488750 GRAVITY 2.583261 5.0626907 7.9916406

1504140488751 GYROSCOPE 0.39657593 -0.42019653 -0.09887695

1504140488751 MAGNETIC_FIELD 10.670471 -33.76007 -36.608887

1504140488752 LINEAR_ACCELERATION -1.041995 -1.1835213 0.5918293

1504140488753 ROTATION_VECTOR 0.21364844 0.21655044 0.9081149

1504140488949 ACCELEROMETER 0.470932 4.2968597 7.0229797

1504140488950 GYROSCOPE -0.15670776 0.2206726 -0.53359985

1504140488951 MAGNETIC_FIELD 11.997986 -31.64978 -35.772705

1504140488951 GRAVITY 2.2323449 5.389743 7.8827467

1504140488952 LINEAR_ACCELERATION -2.0800807 -0.9123759 -0.44076204

1504140488952 ROTATION_VECTOR 0.20783137 0.23430301 0.89754206

1504140489150 ACCELEROMETER 0.035186768 5.003601 10.802887

1504140489151 GYROSCOPE -0.54016113 -0.012176514 -0.01449585

1504140489152 MAGNETIC_FIELD 17.520142 -30.722046 -35.321045

1504140489152 LINEAR_ACCELERATION -1.1852276 0.45509768 3.0145473

1504140489153 GRAVITY 1.6067957 4.861098 8.364109

1504140489154 ROTATION_VECTOR 0.17294821 0.20889719 0.89658606

1504140489352 ACCELEROMETER 0.1084137 4.069397 8.909637

1504140489353 GYROSCOPE 0.3869629 0.27941895 0.6968689

1504140489354 MAGNETIC_FIELD 15.383911 -31.05011 -34.56421

1504140489354 LINEAR_ACCELERATION -1.7794609 -0.76244354 0.022273064

1504140489355 GRAVITY 1.5674652 4.570136 8.533891

1504140489355 ROTATION_VECTOR 0.1611892 0.19725795 0.90681267

1504140489557 GRAVITY 1.4026488 5.0453997 8.291375

1504140489558 LINEAR_ACCELERATION -0.92095065 -0.4903984 -0.48750305

1504140489558 ROTATION_VECTOR 0.1541096 0.23131742 0.912871

1504140489559 ACCELEROMETER 0.34603882 4.368042 7.573944

1504140489559 GYROSCOPE 0.29510498 0.14056396 -0.15548706

1504140489559 MAGNETIC_FIELD 14.709473 -33.511353 -31.063843

1504140489764 ACCELEROMETER 1.0242004 4.551773 9.533844

1504140489767 GYROSCOPE -0.7110596 -0.015380859 -0.8540344

1504140489769 MAGNETIC_FIELD 14.198303 -33.810425 -30.342102

1504140489771 GRAVITY 0.7737363 4.734429 8.553181

1504140489773 LINEAR_ACCELERATION 0.09499854 -0.23677158 2.0180511

1504140489775 ROTATION_VECTOR 0.12533155 0.2195476 0.90660864

1504140489958 ACCELEROMETER 0.73114014 4.1304474 8.159378

1504140489959 GYROSCOPE 0.018463135 -0.08480835 -0.51330566

1504140489960 MAGNETIC_FIELD 16.392517 -31.640625 -31.497192

1504140489960 GRAVITY 0.24571358 4.2310615 8.843536

1504140489961 LINEAR_ACCELERATION 0.554363 0.050587177 -1.5432682

1504140489962 ROTATION_VECTOR 0.110235065 0.19223261 0.8726218

1504140490161 ACCELEROMETER -0.15660095 5.1121063 7.420349

1504140490163 GYROSCOPE -0.22399902 0.07220459 -0.062561035

1504140490164 MAGNETIC_FIELD 16.905212 -30.187988 -32.23114

1504140490165 GRAVITY -0.005813331 4.144551 8.887804

1504140490168 LINEAR_ACCELERATION -0.28030133 1.3199711 -0.8277893

1504140490170 ROTATION_VECTOR 0.108608626 0.18722259 0.8437994

1504140490366 ACCELEROMETER -0.4144745 5.210785 8.298126

1504140490369 GYROSCOPE -0.09475708 0.5411072 -0.025177002

1504140490371 MAGNETIC_FIELD 16.22467 -29.089355 -32.55005

1504140490374 GRAVITY -0.60217863 3.9154966 8.970879

1504140490376 LINEAR_ACCELERATION -0.06131512 0.9000528 -0.5693989

1504140490378 ROTATION_VECTOR 0.0773456 0.1913901 0.8409128

1504140490565 ACCELEROMETER -0.24937439 4.055832 7.9364166

1504140490568 GYROSCOPE -0.06378174 0.5357666 0.031433105

1504140490570 MAGNETIC_FIELD 16.116333 -31.330872 -31.65741

1504140490572 GRAVITY -1.5011979 3.8266265 8.903579

1504140490574 LINEAR_ACCELERATION 1.4197923 0.5894425 -1.0429802

1504140490576 ROTATION_VECTOR 0.033594925 0.21193205 0.8421842

1504140490770 GRAVITY -1.7095152 4.1602445 8.714374

1504140490773 LINEAR_ACCELERATION 1.1262977 0.7813339 0.07640934

1504140490775 ROTATION_VECTOR 0.029957881 0.2340793 0.84467053

1504140490778 ACCELEROMETER -0.55836487 4.7246704 8.102753

1504140490780 GYROSCOPE 0.36453247 -0.14141846 0.1638794

1504140490782 MAGNETIC_FIELD 18.026733 -31.382751 -30.508423

1504140490971 GRAVITY -1.2400541 4.572001 8.586586

1504140490974 LINEAR_ACCELERATION 2.010066 -0.07705927 1.7381716

1504140490977 ROTATION_VECTOR 0.054075904 0.24347845 0.8574358

1504140490979 ACCELEROMETER 0.75982666 4.634369 10.355255

1504140490981 GYROSCOPE 0.063323975 -0.038879395 0.3038025

1504140490983 MAGNETIC_FIELD 16.593933 -30.796814 -32.325745

1504140491172 GRAVITY -1.1330514 4.4554043 8.66233

1504140491176 LINEAR_ACCELERATION 1.2831657 0.13651419 -1.8465977

1504140491178 ROTATION_VECTOR 0.050216414 0.23626769 0.8701848

1504140491180 ACCELEROMETER 0.22299194 4.273407 6.8341217

1504140491182 GYROSCOPE -0.2848816 0.1010437 -0.080718994

1504140491185 MAGNETIC_FIELD 15.449524 -30.303955 -31.030273

1504140491372 ACCELEROMETER -0.100875854 4.5384216 8.980133

1504140491387 GYROSCOPE -0.113983154 0.13415527 0.20019531

1504140491390 MAGNETIC_FIELD 16.226196 -28.752136 -33.20465

1504140491392 GRAVITY -1.2231494 4.1195154 8.8149805

1504140491394 LINEAR_ACCELERATION 1.0877792 0.48638391 1.035058

1504140491399 ROTATION_VECTOR 0.036464777 0.22188148 0.8767461

1504140491573 GRAVITY -1.0566651 4.3480725 8.726289

1504140491573 LINEAR_ACCELERATION 1.1044637 -0.67735434 1.4945927

1504140491574 ROTATION_VECTOR 0.04061251 0.23115738 0.8906048

1504140491574 ACCELEROMETER 0.09887695 3.8368988 10.240265

1504140491574 GYROSCOPE 0.34423828 0.12774658 0.5900574

1504140491575 MAGNETIC_FIELD 16.17279 -28.016663 -34.677124

1504140491773 ACCELEROMETER 0.20175171 3.3196716 8.530121

1504140491774 GRAVITY -0.94431025 4.8375616 8.478011

1504140491774 LINEAR_ACCELERATION 1.2185116 -1.2862468 0.13173485

1504140491774 ROTATION_VECTOR 0.0416871 0.25691232 0.90578645

1504140491775 GYROSCOPE 0.19683838 0.2409668 0.234375

1504140491775 MAGNETIC_FIELD 13.821411 -28.665161 -31.974792

1504140491973 ACCELEROMETER 1.0242462 3.846756 9.235687

1504140491978 GYROSCOPE 0.18722534 -0.424469 -0.007019043

1504140491980 MAGNETIC_FIELD 15.162659 -32.56073 -30.57251

1504140491982 GRAVITY -0.58023685 5.102339 8.35463

1504140491984 LINEAR_ACCELERATION 1.8508704 -1.0785232 1.5955267

1504140491987 ROTATION_VECTOR 0.058699265 0.26568174 0.9101384

1504140492179 ACCELEROMETER 2.2266693 4.578888 11.438217

1504140492189 GRAVITY -0.11372532 4.969373 8.453567

1504140492191 LINEAR_ACCELERATION 2.1975877 -0.33387804 2.8261538

1504140492194 ROTATION_VECTOR 0.081111066 0.24981807 0.9106715

1504140492196 GYROSCOPE -0.24856567 -0.015380859 -0.04119873

1504140492198 MAGNETIC_FIELD 14.492798 -30.532837 -31.74591

1504140492378 ACCELEROMETER 0.10258484 3.97612 7.8793488

1504140492384 GYROSCOPE 0.15625 -0.05596924 -0.26016235

1504140492387 MAGNETIC_FIELD 17.889404 -28.29895 -32.762146

1504140492389 GRAVITY -0.19397914 4.871808 8.508716

1504140492391 LINEAR_ACCELERATION 0.19912997 -0.7825389 -0.7948513

1504140492394 ROTATION_VECTOR 0.08135574 0.244044 0.90386254

1504140492580 ACCELEROMETER 0.6991577 5.2558746 7.9352875

1504140492589 GRAVITY -0.40071556 5.0754614 8.381497

1504140492593 LINEAR_ACCELERATION 1.1917772 0.4790554 -0.30930042

1504140492595 ROTATION_VECTOR 0.08989495 0.2541288 0.8797646

1504140492597 GYROSCOPE 0.0793457 -0.0068359375 -0.40222168

1504140492599 MAGNETIC_FIELD 19.822693 -28.616333 -31.414795

1504140492785 ACCELEROMETER -1.905365 2.9533997 9.5295105

1504140492788 GYROSCOPE 0.58776855 -0.32940674 0.78552246

1504140492791 MAGNETIC_FIELD 22.010803 -25.32959 -32.60498

1504140492793 GRAVITY -0.034378234 5.509989 8.112288

1504140492795 LINEAR_ACCELERATION -1.9446416 -2.6975532 1.350285

1504140492797 ROTATION_VECTOR 0.1152726 0.27037126 0.87689656

1504140492983 ACCELEROMETER -0.105789185 3.5273285 7.386566

1504140492996 GRAVITY 0.7005465 5.8625207 7.8301005

1504140492998 LINEAR_ACCELERATION -0.8206718 -2.2749805 -0.25459576

1504140493001 ROTATION_VECTOR 0.14437166 0.2827239 0.8897393

1504140493003 GYROSCOPE -0.02960205 0.040161133 0.20339966

1504140493006 MAGNETIC_FIELD 19.541931 -27.801514 -31.777954

1504140493184 ACCELEROMETER 0.9184418 5.005615 8.886948

1504140493197 GRAVITY 0.92678607 5.544808 8.035332

1504140493199 LINEAR_ACCELERATION 0.3373903 -0.07206488 1.432991

1504140493202 ROTATION_VECTOR 0.15261427 0.2588841 0.8902429

1504140493204 GYROSCOPE -0.335083 -0.44262695 -0.3904724

1504140493207 MAGNETIC_FIELD 18.374634 -26.17035 -33.753967

1504140493385 ACCELEROMETER 0.8715668 3.1131287 8.442322

1504140493395 GRAVITY 1.3135294 5.9808397 7.6599336

1504140493400 LINEAR_ACCELERATION -0.3261503 -3.0215468 0.49817038

1504140493403 ROTATION_VECTOR 0.19376118 0.26815793 0.86565727

1504140493405 GYROSCOPE 1.000061 -0.2781372 0.10726929

1504140493407 MAGNETIC_FIELD 18.45398 -24.179077 -33.779907

1504140493584 GRAVITY 1.389595 6.5791802 7.138193

1504140493590 LINEAR_ACCELERATION -0.70662653 -2.0487118 1.0717587

1504140493593 ROTATION_VECTOR 0.21854153 0.29714146 0.8464185

1504140493596 ACCELEROMETER 0.91755676 4.0853424 7.5740204

1504140493598 GYROSCOPE -0.10971069 -0.034606934 -0.29541016

1504140493601 MAGNETIC_FIELD 19.300842 -23.81134 -33.8089

1504140493788 ACCELEROMETER -0.0056610107 4.9101257 10.42868

1504140493795 GYROSCOPE -0.64590454 -0.0014953613 -0.4171753

1504140493797 MAGNETIC_FIELD 20.527649 -23.023987 -34.34601

1504140493800 GRAVITY 0.8827709 5.985294 7.717989

1504140493802 LINEAR_ACCELERATION -0.9551407 -1.0501804 3.2227173

1504140493804 ROTATION_VECTOR 0.18860765 0.26630664 0.84284663

1504140493988 GRAVITY 0.79854137 5.548747 8.046373

1504140493995 LINEAR_ACCELERATION -0.93573433 -2.3282232 0.3253374

1504140493998 ACCELEROMETER -0.23161316 3.216217 8.491867

1504140494001 ROTATION_VECTOR 0.18166788 0.23821402 0.8333114

1504140494003 GYROSCOPE 0.20111084 0.00491333 0.35720825

1504140494005 MAGNETIC_FIELD 18.409729 -21.148682 -35.84442

1504140494191 ACCELEROMETER 0.5903168 4.1022034 6.8707886

1504140494194 GYROSCOPE 0.049438477 -0.057037354 -0.029449463

1504140494197 MAGNETIC_FIELD 17.903137 -23.970032 -35.17151

1504140494199 GRAVITY 1.0158597 5.703661 7.9124374

1504140494201 LINEAR_ACCELERATION -0.2990145 -1.1458635 -0.86467934

1504140494203 ROTATION_VECTOR 0.198398 0.23919909 0.82665217

1504140494393 GRAVITY 1.1838882 5.2523637 8.19643

1504140494400 LINEAR_ACCELERATION 0.31817722 -0.28724957 2.6828117

1504140494402 ROTATION_VECTOR 0.19890183 0.2062436 0.8189838

1504140494405 ACCELEROMETER 1.3112183 4.798584 10.107483

1504140494407 GYROSCOPE -0.557251 -0.40631104 -0.34347534

1504140494409 MAGNETIC_FIELD 18.153381 -23.583984 -35.68573

1504140494594 ACCELEROMETER 1.0846863 3.3540497 8.5012665

1504140494603 GRAVITY 1.6393223 5.1633663 8.174513

1504140494606 LINEAR_ACCELERATION -0.44840956 -1.8323402 -0.07734156

1504140494608 ROTATION_VECTOR 0.2274962 0.17737341 0.7896293

1504140494611 GYROSCOPE 0.4788208 -0.42019653 -0.054016113

1504140494613 MAGNETIC_FIELD 19.091797 -20.576477 -36.210632

1504140494795 ACCELEROMETER 0.680542 4.1446533 7.4029083

1504140494805 GRAVITY 2.0493371 5.586873 7.794707

1504140494808 LINEAR_ACCELERATION -1.4849654 -1.125287 0.103821754

1504140494810 ROTATION_VECTOR 0.26432863 0.18086164 0.7714678

1504140494812 GYROSCOPE 0.106048584 -0.13180542 0.1435852

1504140494815 MAGNETIC_FIELD 19.741821 -19.876099 -37.631226

1504140494991 GRAVITY 2.19968 5.2344055 7.995798

1504140494998 LINEAR_ACCELERATION -1.7231443 -0.542254 2.6165729

1504140495001 ROTATION_VECTOR 0.25764638 0.1610779 0.77857655

1504140495003 ACCELEROMETER 0.43702698 4.6083374 10.155792

1504140495005 GYROSCOPE -0.43655396 -0.1307373 -0.049743652

1504140495007 MAGNETIC_FIELD 20.755005 -21.876526 -37.538147

1504140495191 GRAVITY 2.687554 4.4360304 8.322804

1504140495200 ACCELEROMETER 0.10562134 3.4022522 8.716705

1504140495203 LINEAR_ACCELERATION -2.4479644 -0.96663666 0.6794996

1504140495206 ROTATION_VECTOR 0.2525737 0.108910955 0.7830584

1504140495208 GYROSCOPE -0.37994385 -0.36679077 0.4244995

1504140495210 MAGNETIC_FIELD 20.0943 -23.963928 -36.410522

1504140495397 ACCELEROMETER 0.57344055 3.9563446 7.6322327

1504140495403 GRAVITY 3.0039809 3.9866188 8.441171

1504140495405 LINEAR_ACCELERATION -2.4370425 0.18659592 -1.0040407

1504140495409 ROTATION_VECTOR 0.2507025 0.08226996 0.79172504

1504140495411 GYROSCOPE 0.027008057 0.21746826 0.24398804

1504140495414 MAGNETIC_FIELD 18.170166 -26.712036 -34.78546

1504140495597 GRAVITY 2.9458787 3.658117 8.608738

1504140495607 LINEAR_ACCELERATION -1.9841359 0.6841016 2.158348

1504140495620 ROTATION_VECTOR 0.23426847 0.078707136 0.81645906

1504140495622 ACCELEROMETER 0.7346649 4.1890717 10.122177

1504140495624 GYROSCOPE -0.18341064 -0.010040283 0.40740967

1504140495628 MAGNETIC_FIELD 16.964722 -28.201294 -35.743713

1504140495795 ACCELEROMETER 0.8638153 3.8871307 8.470703

1504140495799 GYROSCOPE 0.17654419 0.15231323 0.5900574

1504140495801 MAGNETIC_FIELD 14.372253 -30.688477 -33.969116

1504140495803 GRAVITY 3.0731206 3.383428 8.6763315

1504140495805 LINEAR_ACCELERATION -2.0383704 0.62063265 -0.16636086

1504140495807 ROTATION_VECTOR 0.22744717 0.07679839 0.8482692

1504140496004 ACCELEROMETER 0.0140686035 3.6338043 8.120163

1504140496010 GYROSCOPE 0.17654419 0.81134033 1.3121033

1504140496013 MAGNETIC_FIELD 12.316895 -34.075928 -29.750061

1504140496015 GRAVITY 2.6755638 3.088942 8.914605

1504140496017 LINEAR_ACCELERATION -2.7918246 0.5338974 -0.4306612

1504140496020 ROTATION_VECTOR 0.18881133 0.09915606 0.9096671

1504140496200 ACCELEROMETER -0.7602234 2.6596222 8.98642

1504140496210 GRAVITY 1.5870917 2.007244 9.466916

1504140496213 LINEAR_ACCELERATION -2.512748 0.49513257 0.10664272

1504140496215 ROTATION_VECTOR 0.09672429 0.089252636 0.9791837

1504140496220 GYROSCOPE -0.27954102 1.1339111 1.9337463

1504140496222 MAGNETIC_FIELD 7.420349 -38.53302 -29.753113

1504140496404 GRAVITY 0.038921777 1.2038234 9.732404

1504140496418 LINEAR_ACCELERATION -1.43271 0.69850147 0.49479675

1504140496420 ROTATION_VECTOR 0.0034168523 -0.0614316 -0.99425346

1504140496423 ACCELEROMETER -1.3591919 1.8709717 9.975174

1504140496428 GYROSCOPE 0.2406311 1.0505981 2.1110535

1504140496430 MAGNETIC_FIELD -0.27618408 -39.286804 -28.19519

1504140496603 ACCELEROMETER -0.6683502 1.2619629 10.188126

1504140496615 GYROSCOPE 0.23635864 1.1403198 2.1954346

1504140496618 MAGNETIC_FIELD -10.531616 -35.917664 -28.825378

1504140496621 GRAVITY -1.5115702 1.5225341 9.569087

1504140496623 LINEAR_ACCELERATION 1.000545 -0.20239925 0.95548534

1504140496625 ROTATION_VECTOR 0.09878979 -0.048506804 -0.9394609

1504140496803 GRAVITY -2.3877559 2.0377033 9.290682

1504140496815 LINEAR_ACCELERATION 3.5686808 1.358719 0.75952816

1504140496818 ROTATION_VECTOR 0.1602274 -0.025183856 -0.84094584

1504140496820 ACCELEROMETER 1.0875549 3.1686096 9.615082

1504140496822 GYROSCOPE -0.21438599 0.6286926 1.2384033

1504140496825 MAGNETIC_FIELD -19.491577 -32.847595 -29.945374

1504140497001 GRAVITY -2.5479996 2.300274 9.18623

1504140497007 LINEAR_ACCELERATION 5.136672 1.1343019 0.30994225

1504140497009 ROTATION_VECTOR 0.17774983 -0.0061333794 -0.75273997

1504140497011 ACCELEROMETER 2.5609894 3.3050995 9.281296

1504140497019 GYROSCOPE -0.04348755 0.31573486 0.7406616

1504140497021 MAGNETIC_FIELD -23.716736 -27.74353 -32.548523

1504140497205 GRAVITY -2.4790926 2.7393801 9.084068

1504140497213 LINEAR_ACCELERATION 4.325917 1.4283841 -0.878315

1504140497222 ROTATION_VECTOR 0.19189076 -0.004403096 -0.6750464

1504140497224 ACCELEROMETER 2.0360107 3.9553223 7.989792

1504140497227 GYROSCOPE 0.03768921 0.23135376 0.6904602

1504140497229 MAGNETIC_FIELD -25.602722 -22.903442 -33.506775

1504140497408 GRAVITY -2.453104 3.0499496 8.99169

1504140497416 LINEAR_ACCELERATION 3.308419 1.5661757 0.109918594

1504140497423 ROTATION_VECTOR 0.20383002 -0.002182426 -0.62171394

1504140497425 ACCELEROMETER 1.1181946 4.4741974 8.440033

1504140497430 GYROSCOPE -0.055236816 0.2548523 0.31341553

1504140497432 MAGNETIC_FIELD -25.958252 -20.977783 -33.598328

1504140497607 ACCELEROMETER 0.54878235 3.5664978 9.931259

1504140497615 GYROSCOPE -0.28060913 0.3039856 0.17990112

1504140497618 MAGNETIC_FIELD -26.557922 -17.651367 -36.04126

1504140497622 GRAVITY -2.6312215 2.8810525 8.997033

1504140497624 LINEAR_ACCELERATION 2.9366574 0.58574104 1.6266909

1504140497627 ROTATION_VECTOR 0.20248483 0.016700014 -0.5986393

1504140497810 GRAVITY -2.792589 3.2424664 8.823732

1504140497822 LINEAR_ACCELERATION 3.8180733 0.1731205 0.19600487

1504140497825 ROTATION_VECTOR 0.22295299 0.020170242 -0.5668984

1504140497827 ACCELEROMETER 1.0501556 3.1903381 8.983459

1504140497829 GYROSCOPE 0.48095703 0.29864502 0.4244995

1504140497831 MAGNETIC_FIELD -26.445007 -15.78064 -36.82556

1504140498010 ACCELEROMETER 0.78463745 3.9368744 7.571533

1504140498020 GYROSCOPE 0.052642822 -0.0036315918 0.06668091

1504140498024 MAGNETIC_FIELD -26.234436 -15.835571 -36.524963

1504140498027 GRAVITY -2.719495 3.89155 8.580826

1504140498029 LINEAR_ACCELERATION 3.338805 0.3464234 -0.5746727

1504140498031 ROTATION_VECTOR 0.24999304 0.0017687902 -0.5489951

1504140498214 GRAVITY -2.550307 3.9348657 8.612965

1504140498222 LINEAR_ACCELERATION 4.3712845 -0.06903958 2.0843582

1504140498224 ACCELEROMETER 1.8155365 3.764328 10.042755

1504140498227 ROTATION_VECTOR 0.24645422 -0.011016063 -0.5628622

1504140498230 GYROSCOPE 0.012054443 0.10745239 -0.049743652

1504140498232 MAGNETIC_FIELD -28.41034 -14.08844 -36.221313

1504140498413 GRAVITY -2.68012 3.569855 8.731751

1504140498420 LINEAR_ACCELERATION 4.573967 0.1581335 -0.47801304

1504140498423 ROTATION_VECTOR 0.23409075 0.002472283 -0.57546395

1504140498425 ACCELEROMETER 2.159195 3.4927979 7.9148407

1504140498428 GYROSCOPE -0.40878296 0.19610596 -0.1864624

1504140498430 MAGNETIC_FIELD -27.554321 -13.809204 -36.25946

1504140498613 ACCELEROMETER 1.4345856 4.5364227 9.097763

1504140498623 GRAVITY -2.804125 3.2462745 8.818671

1504140498625 LINEAR_ACCELERATION 4.0631413 1.5700946 0.94241047

1504140498630 ROTATION_VECTOR 0.22364512 0.01886117 -0.57278615

1504140498632 GYROSCOPE -7.6293945E-4 0.13415527 0.0132751465

1504140498635 MAGNETIC_FIELD -28.19519 -12.760925 -37.112427

1504140498816 ACCELEROMETER 1.0251465 3.143982 10.258194

1504140498825 GYROSCOPE 0.8718872 0.32962036 0.77163696

1504140498827 MAGNETIC_FIELD -28.105164 -9.477234 -38.64746

1504140498829 GRAVITY -2.7276778 4.1511374 8.455662

1504140498832 LINEAR_ACCELERATION 3.5333655 -0.9628496 2.1712437

1504140498834 ROTATION_VECTOR 0.26242667 -0.003669918 -0.54112226

1504140499014 ACCELEROMETER 1.0972443 3.0400848 8.192581

1504140499022 GYROSCOPE 0.1210022 0.15124512 0.31661987

1504140499025 MAGNETIC_FIELD -26.54419 -8.206177 -39.95819

1504140499028 GRAVITY -2.4681265 5.187069 7.948148

1504140499030 LINEAR_ACCELERATION 3.4120102 -1.7526693 0.6623664

1504140499033 ROTATION_VECTOR 0.3059789 -0.033677455 -0.5003394

1504140499213 GRAVITY -2.0368285 5.458143 7.8886237

1504140499219 LINEAR_ACCELERATION 4.0429897 -0.89511824 2.0569272

1504140499220 ROTATION_VECTOR 0.30704635 -0.059284482 -0.49477112

1504140499220 ACCELEROMETER 1.8740234 4.0898285 9.068283

1504140499220 GYROSCOPE 0.22140503 -0.2428894 -0.06896973

1504140499221 MAGNETIC_FIELD -26.274109 -7.537842 -40.02838

1504140499410 ACCELEROMETER 1.9255676 3.0230408 10.883728

1504140499411 GYROSCOPE 0.1701355 -0.20123291 0.1713562

1504140499412 GRAVITY -1.45069 5.6348934 7.8939133

1504140499412 LINEAR_ACCELERATION 3.1553726 -2.3866959 3.1064215

1504140499412 ROTATION_VECTOR 0.2962475 -0.09879199 -0.5157246

1504140499413 MAGNETIC_FIELD -27.348328 -8.4198 -38.383484

1504140499615 GRAVITY -1.3026589 5.6756988 7.8904953

1504140499619 LINEAR_ACCELERATION 2.246038 -1.4660778 -0.682497

1504140499621 ROTATION_VECTOR 0.29243723 -0.110350326 -0.52566785

1504140499623 ACCELEROMETER 1.101059 3.7272491 6.7763367

1504140499625 GYROSCOPE -0.08621216 0.1640625 -0.16082764

1504140499627 MAGNETIC_FIELD -26.01471 -9.597778 -38.563538

1504140499817 GRAVITY -1.3001684 5.7772017 7.8168983

1504140499821 LINEAR_ACCELERATION 2.6934214 -0.24594402 2.1316428

1504140499823 ROTATION_VECTOR 0.29824707 -0.11179362 -0.51947457

1504140499825 ACCELEROMETER 1.3311462 5.000244 9.264023

1504140499829 GYROSCOPE 0.27908325 0.05404663 0.18096924

1504140499831 MAGNETIC_FIELD -24.552917 -9.584045 -39.237976

1504140500015 GRAVITY -0.6740233 6.2948256 7.4894094

1504140500017 LINEAR_ACCELERATION 0.5608926 -2.6248355 1.22403

1504140500019 ROTATION_VECTOR 0.3104255 -0.14758866 -0.49122164

1504140500020 ACCELEROMETER 0.059036255 3.4410858 8.323624

1504140500021 GYROSCOPE 0.43502808 -0.18841553 0.6690979

1504140500022 MAGNETIC_FIELD -22.775269 -10.438538 -39.98413

1504140500221 GRAVITY 0.005841674 6.718699 7.143489

1504140500226 LINEAR_ACCELERATION 0.6321746 -1.9729223 0.87029076

1504140500230 ROTATION_VECTOR 0.31988943 -0.18290485 -0.46073592

1504140500233 ACCELEROMETER 0.64123535 4.2022095 7.564575

1504140500235 GYROSCOPE 0.20858765 0.055114746 0.19378662

1504140500237 MAGNETIC_FIELD -21.044922 -10.664368 -40.766907

1504140500420 ACCELEROMETER 1.0742645 4.1909637 9.91214

1504140500424 GYROSCOPE -0.2774048 6.4086914E-4 -0.38726807

1504140500427 MAGNETIC_FIELD -21.795654 -11.819458 -38.835144

1504140500429 GRAVITY -0.09786158 6.5152464 7.3288727

1504140500431 LINEAR_ACCELERATION 1.1718726 -1.9788074 3.2809525

1504140500433 ROTATION_VECTOR 0.3074497 -0.17834285 -0.48109046

1504140500623 GRAVITY -0.4865823 6.008551 7.7350464

1504140500632 LINEAR_ACCELERATION 1.0471289 -2.1066604 1.002605

1504140500644 ROTATION_VECTOR 0.2865669 -0.15330298 -0.5119546

1504140500647 ACCELEROMETER 0.6022339 3.5131836 8.321579

1504140500649 GYROSCOPE -0.23254395 -0.024993896 -0.32318115

1504140500651 MAGNETIC_FIELD -20.359802 -11.569214 -41.368103

1504140500822 GRAVITY -0.78109014 5.7324705 7.9182744

1504140500825 LINEAR_ACCELERATION 0.6944935 -0.95083714 0.43135977

1504140500829 ROTATION_VECTOR 0.28093895 -0.13173337 -0.5161029

1504140500831 ACCELEROMETER 0.064193726 4.289459 7.8413696

1504140500833 GYROSCOPE -0.038146973 0.205719 0.010070801

1504140500836 MAGNETIC_FIELD -20.106506 -12.098694 -41.06598

1504140501026 ACCELEROMETER 0.46063232 4.7315674 9.959579

1504140501032 GYROSCOPE -0.5999756 0.10745239 -0.15441895

1504140501034 MAGNETIC_FIELD -16.818237 -10.929871 -42.730713

1504140501037 GRAVITY -1.0288361 5.142709 8.2864

1504140501039 LINEAR_ACCELERATION 1.5009476 -0.15350151 2.3009934

1504140501041 ROTATION_VECTOR 0.26015127 -0.099158935 -0.51149386

1504140501226 GRAVITY -1.1724343 4.4957676 8.636195

1504140501233 LINEAR_ACCELERATION 0.845294 -1.065136 0.8340025

1504140501235 ROTATION_VECTOR 0.2341945 -0.06949495 -0.50152344

1504140501238 ACCELEROMETER -0.15498352 3.2612305 9.015945

1504140501240 GYROSCOPE -0.08087158 0.08609009 0.10726929

1504140501242 MAGNETIC_FIELD -16.178894 -10.469055 -42.990112

1504140501426 ACCELEROMETER 0.4316101 4.437439 7.968918

1504140501430 GYROSCOPE 0.053710938 -0.40097046 -0.037994385

1504140501432 MAGNETIC_FIELD -16.114807 -11.767578 -42.65442

1504140501435 GRAVITY -0.799122 4.507288 8.672725

1504140501437 LINEAR_ACCELERATION 1.2179201 0.3678956 -0.35971642

1504140501439 ROTATION_VECTOR 0.22588003 -0.08241564 -0.4867838

1504140501632 GRAVITY 0.038562316 3.9540153 8.974111

1504140501636 LINEAR_ACCELERATION 0.28661627 0.049139738 2.948182

1504140501639 ROTATION_VECTOR 0.16915555 -0.11761843 -0.5507752

1504140501641 ACCELEROMETER 0.2986908 3.9825745 10.895309

1504140501643 GYROSCOPE -0.5177307 -0.9499817 -0.8262634

1504140501645 MAGNETIC_FIELD -18.424988 -12.886047 -41.841125

1504140501831 GRAVITY 0.18499483 3.0997245 9.302036

1504140501834 LINEAR_ACCELERATION 1.253903 0.69941044 -1.5904837

1504140501836 ROTATION_VECTOR 0.11842476 -0.10818382 -0.6211321

1504140501839 ACCELEROMETER 1.4472198 3.6062775 7.756302

1504140501841 GYROSCOPE -0.44189453 0.2826233 -0.5592346

1504140501843 MAGNETIC_FIELD -20.185852 -14.440918 -40.603638

1504140502033 GRAVITY -0.31989673 2.678693 9.42829

1504140502038 LINEAR_ACCELERATION 0.53359723 2.4669707 -0.5889139

1504140502040 ROTATION_VECTOR 0.11613163 -0.07618681 -0.63757074

1504140502042 ACCELEROMETER 0.23019409 4.8390503 8.154007

1504140502044 GYROSCOPE -0.1524353 0.060455322 -0.103149414

1504140502047 MAGNETIC_FIELD -20.014954 -13.809204 -41.3208

1504140502236 GRAVITY -0.7822775 2.6229534 9.416928

1504140502242 ACCELEROMETER -0.32284546 3.9866486 10.1983185

1504140502244 LINEAR_ACCELERATION 0.29190528 1.2226906 1.4307156

1504140502246 ROTATION_VECTOR 0.12973484 -0.055128384 -0.6314453

1504140502249 GYROSCOPE 0.05050659 0.43322754 0.033569336

1504140502251 MAGNETIC_FIELD -19.081116 -12.623596 -42.52472

1504140502433 GRAVITY -1.3139093 2.9705956 9.253085

1504140502438 LINEAR_ACCELERATION 2.1156225 0.69239426 -1.312686

1504140502440 ROTATION_VECTOR 0.16234097 -0.043235995 -0.6173407

1504140502443 ACCELEROMETER 0.7736206 3.438385 7.771332

1504140502445 GYROSCOPE 0.2406311 0.29544067 0.13183594

1504140502447 MAGNETIC_FIELD -18.803406 -15.116882 -41.444397

1504140502635 ACCELEROMETER 0.62294006 4.247284 7.6631317

1504140502642 GYROSCOPE -0.07873535 -0.20550537 -0.12023926

1504140502644 MAGNETIC_FIELD -18.569946 -14.996338 -40.386963

1504140502646 GRAVITY -1.2946668 3.2076685 9.176333

1504140502648 LINEAR_ACCELERATION 1.8783269 1.3076282 -0.913043

1504140502650 ROTATION_VECTOR 0.17161201 -0.051831897 -0.6162611

1504140502839 ACCELEROMETER 0.8957825 4.3357697 9.318771

1504140502843 GYROSCOPE -0.16952515 0.23135376 -0.5175781

1504140502845 MAGNETIC_FIELD -20.851135 -15.52124 -41.662598

1504140502847 GRAVITY -1.396495 2.9556117 9.245786

1504140502850 LINEAR_ACCELERATION 2.1371813 1.4236639 0.66201496

1504140502852 ROTATION_VECTOR 0.16290836 -0.045354247 -0.6446301

1504140503035 ACCELEROMETER 0.8703003 3.8373108 7.4368286

1504140503040 GYROSCOPE -0.1385498 0.02520752 -0.36590576

1504140503042 MAGNETIC_FIELD -21.37909 -15.730286 -41.14685

1504140503044 GRAVITY -1.7664744 2.6334636 9.279807

1504140503046 LINEAR_ACCELERATION 2.5864246 1.4080193 -1.5619545

1504140503049 ROTATION_VECTOR 0.1617877 -0.026196314 -0.67340934

1504140503236 GRAVITY -1.9340589 2.3506346 9.322248

1504140503243 LINEAR_ACCELERATION 1.4336717 2.5681498 0.15464115

1504140503245 ROTATION_VECTOR 0.15678853 -0.010721956 -0.67803603

1504140503248 ACCELEROMETER -0.31378174 4.745285 8.748428

1504140503250 GYROSCOPE -0.24749756 0.15444946 0.04638672

1504140503252 MAGNETIC_FIELD -21.557617 -15.324402 -42.382813

1504140503439 ACCELEROMETER -0.37353516 3.9342957 9.493927

1504140503443 GYROSCOPE 0.4222107 0.0796814 0.39245605

1504140503445 MAGNETIC_FIELD -21.307373 -14.51416 -42.0578

1504140503448 GRAVITY -1.9570342 2.6591728 9.234133

1504140503450 LINEAR_ACCELERATION 1.4676371 1.3068202 0.5875063

1504140503452 ROTATION_VECTOR 0.17008227 -0.016195456 -0.6566145

1504140503639 ACCELEROMETER 0.117111206 3.447174 7.398651

1504140503643 GYROSCOPE 0.029144287 0.16940308 0.21514893

1504140503646 MAGNETIC_FIELD -24.099731 -15.316772 -41.311646

1504140503648 GRAVITY -1.9215252 3.2397494 9.0543995

1504140503650 LINEAR_ACCELERATION 1.9966726 0.4573424 -1.1358757

1504140503652 ROTATION_VECTOR 0.19312601 -0.0325031 -0.63329744

1504140503842 ACCELEROMETER 0.555954 4.5085297 9.082962

1504140503846 GYROSCOPE 0.15625 0.057250977 0.074157715

1504140503848 MAGNETIC_FIELD -23.75946 -14.546204 -42.433167

1504140503850 GRAVITY -1.8874487 3.5187662 8.956908

1504140503852 LINEAR_ACCELERATION 2.4208837 1.2654138 0.8504791

1504140503855 ROTATION_VECTOR 0.20411333 -0.04077396 -0.6222214

1504140504043 ACCELEROMETER 0.8937378 3.5918274 9.750732

1504140504047 GYROSCOPE 0.15625 0.07647705 0.12435913

1504140504049 MAGNETIC_FIELD -23.414612 -14.834595 -42.72003

1504140504052 GRAVITY -1.7885196 3.814241 8.855684

1504140504054 LINEAR_ACCELERATION 2.5203981 -0.12590718 1.2792892

1504140504056 ROTATION_VECTOR 0.21347322 -0.05399014 -0.6180376

1504140504242 ACCELEROMETER 0.668808 4.105377 8.090759

1504140504247 GYROSCOPE -0.02319336 -0.11151123 -0.040130615

1504140504249 MAGNETIC_FIELD -22.918701 -14.99176 -44.433594

1504140504258 GRAVITY -1.6052306 3.9832022 8.816333

1504140504261 LINEAR_ACCELERATION 2.2344513 0.451437 -0.30824184

1504140504262 ROTATION_VECTOR 0.21446316 -0.0670648 -0.6173732

1504140504442 GRAVITY -1.1281681 4.2780085 8.751929

1504140504442 LINEAR_ACCELERATION 0.891809 0.98729944 -0.48617458

1504140504443 ROTATION_VECTOR 0.21193953 -0.09411391 -0.6084298

1504140504443 ACCELEROMETER -0.12310791 4.9984283 7.7956696

1504140504443 GYROSCOPE 0.24169922 -0.24502563 0.32196045

1504140504444 MAGNETIC_FIELD -22.660828 -15.071106 -43.370056

1504140504641 ACCELEROMETER -0.7736206 2.5808868 9.967865

1504140504642 GRAVITY -0.5059208 4.820072 8.525335

1504140504643 LINEAR_ACCELERATION -0.28983304 -2.136928 2.020194

1504140504643 ROTATION_VECTOR 0.21864761 -0.13237111 -0.5842877

1504140504643 GYROSCOPE 0.4371643 0.030548096 0.7246399

1504140504644 MAGNETIC_FIELD -24.08142 -11.982727 -44.28711

1504140504843 ACCELEROMETER 0.7026367 3.722763 7.7197266

1504140504843 GRAVITY -0.05231484 5.304892 8.247774

1504140504844 LINEAR_ACCELERATION 0.773855 -1.2417264 -0.041707993

1504140504844 ROTATION_VECTOR 0.23342337 -0.15809523 -0.5458352

1504140504844 GYROSCOPE 0.1637268 0.038024902 0.23651123

1504140504845 MAGNETIC_FIELD -23.709106 -12.841797 -44.74182

1504140505044 ACCELEROMETER 1.4316254 4.1947937 10.415283

1504140505045 GRAVITY -0.07606198 4.763065 8.57192

1504140505045 LINEAR_ACCELERATION 1.5420959 -0.33742714 2.3893204

1504140505046 ROTATION_VECTOR 0.20428343 -0.14567767 -0.574547

1504140505048 GYROSCOPE -0.70999146 -0.23007202 -0.7525635

1504140505052 MAGNETIC_FIELD -24.81842 -12.812805 -44.354248

1504140505254 ACCELEROMETER 1.3642426 3.5704498 8.187759

1504140505261 GYROSCOPE 0.31860352 0.055114746 -0.27404785

1504140505263 MAGNETIC_FIELD -25.105286 -14.691162 -42.427063

1504140505265 GRAVITY -0.32098114 4.372248 8.772161

1504140505267 LINEAR_ACCELERATION 1.667453 -0.6131706 -0.36737633

1504140505270 ROTATION_VECTOR 0.1884577 -0.13125539 -0.61322284

1504140505454 ACCELEROMETER 0.3774109 4.316925 7.524231

1504140505460 GYROSCOPE -0.131073 -0.054901123 -0.35308838

1504140505463 MAGNETIC_FIELD -22.709656 -18.589783 -44.50531

1504140505465 GRAVITY -0.55129915 4.5275536 8.6814575

1504140505468 LINEAR_ACCELERATION 0.84312016 0.07398367 -0.66598606

1504140505470 ROTATION_VECTOR 0.198776 -0.13362984 -0.63509274

1504140505652 ACCELEROMETER -0.24855042 4.220642 10.192215

1504140505662 GYROSCOPE -0.54016113 -0.012176514 -0.11489868

1504140505676 MAGNETIC_FIELD -23.400879 -17.510986 -44.270325

1504140505679 GRAVITY -0.6751277 3.8859713 8.978519

1504140505681 LINEAR_ACCELERATION 0.39063257 0.44305038 1.735012

1504140505683 ROTATION_VECTOR 0.17260402 -0.11149329 -0.6638924

1504140505850 ACCELEROMETER -0.013244629 3.5768585 9.031586

1504140505853 GYROSCOPE -0.14282227 0.3605957 0.19058228

1504140505855 MAGNETIC_FIELD -25.14801 -16.921997 -43.91327

1504140505857 GRAVITY -0.91951597 3.2861204 9.193818

1504140505859 LINEAR_ACCELERATION 0.85158384 0.41773176 0.17447186

1504140505861 ROTATION_VECTOR 0.1589595 -0.07731506 -0.65308654

1504140506054 ACCELEROMETER 0.33319092 4.062256 8.259598

1504140506060 GYROSCOPE 0.21179199 -0.03353882 0.18844604

1504140506063 MAGNETIC_FIELD -23.709106 -15.718079 -44.456482

1504140506065 GRAVITY -1.022899 3.4348817 9.128288

1504140506067 LINEAR_ACCELERATION 1.3461245 0.82702494 -0.53900146

1504140506070 ROTATION_VECTOR 0.17174599 -0.07134517 -0.6202312

1504140506256 ACCELEROMETER 0.34120178 4.7773895 9.442734

1504140506265 GYROSCOPE -0.43121338 0.3392334 -0.46951294

1504140506268 MAGNETIC_FIELD -22.929382 -15.899658 -44.433594

1504140506270 GRAVITY -1.3057564 3.274424 9.15115

1504140506272 LINEAR_ACCELERATION 1.6268384 1.6416171 0.70518684

1504140506274 ROTATION_VECTOR 0.17419812 -0.05546396 -0.6240616

1504140506460 ACCELEROMETER -0.73913574 3.063446 9.097275

1504140506466 GYROSCOPE -0.032806396 0.41934204 0.6039429

1504140506469 MAGNETIC_FIELD -21.264648 -17.344666 -45.326233

1504140506472 GRAVITY -1.9065338 2.8749204 9.179889

1504140506474 LINEAR_ACCELERATION 1.0446721 0.262496 0.24308586

1504140506476 ROTATION_VECTOR 0.17804381 -0.016011247 -0.61503047

1504140506650 ACCELEROMETER -0.9771271 3.9487305 8.403549

1504140506650 GYROSCOPE -0.1876831 0.8017273 1.2245178

1504140506651 MAGNETIC_FIELD -19.17572 -14.656067 -46.53015

1504140506651 GRAVITY -2.4019659 3.0322967 9.011444

1504140506651 LINEAR_ACCELERATION 1.3120451 1.0528824 -0.25131893

1504140506652 ROTATION_VECTOR 0.20008546 0.022583975 -0.51825196

1504140506868 ACCELEROMETER -1.1956787 2.7107086 9.505417

1504140506892 GYROSCOPE -0.11505127 1.6156311 2.004242

1504140506902 MAGNETIC_FIELD -13.7283325 -9.046936 -48.771667

1504140506914 GRAVITY -3.353357 3.3294098 8.593044

1504140506915 LINEAR_ACCELERATION 2.0139642 -0.5668719 1.2711077

1504140506915 ROTATION_VECTOR 0.22517587 0.10570002 -0.33221367

1504140507049 ACCELEROMETER 0.04475403 2.0938568 10.522812

1504140507050 GYROSCOPE 0.07827759 1.2524719 2.2050476

1504140507051 MAGNETIC_FIELD -4.864502 -7.6309204 -51.61438

1504140507051 LINEAR_ACCELERATION 3.8025548 -1.9825435 2.8719463

1504140507052 GRAVITY -3.8618824 4.273603 7.936785

1504140507052 ROTATION_VECTOR 0.23992461 0.19435209 -0.0513283

1504140507253 ACCELEROMETER -0.708374 2.1811981 9.481506

1504140507256 GRAVITY -3.098174 5.5225797 7.4881783

1504140507257 LINEAR_ACCELERATION 2.2219627 -3.1171322 2.2978806

1504140507258 ROTATION_VECTOR 0.25435856 0.2313242 0.21111287

1504140507260 GYROSCOPE 0.17654419 0.5795593 1.9241333

1504140507261 MAGNETIC_FIELD 5.088806 -8.999634 -51.245117

1504140507468 GRAVITY -0.46510544 5.939139 7.7897816

1504140507484 LINEAR_ACCELERATION -1.081707 -4.0413632 0.41903782

1504140507494 ROTATION_VECTOR 0.27193737 0.16994633 0.43773562

1504140507501 ACCELEROMETER -1.5203094 1.5848541 7.824768

1504140507505 GYROSCOPE -0.49102783 -0.13821411 3.0563354

1504140507506 MAGNETIC_FIELD 1.9104004 -14.924622 -53.282166

1504140507652 ACCELEROMETER 1.1482391 -1.7728271 4.677475

1504140507653 GYROSCOPE -0.4611206 0.28796387 3.7954712

1504140507653 MAGNETIC_FIELD 2.6428223 -12.408447 -52.944946

1504140507654 GRAVITY 3.2890472 3.9357467 8.3583765

1504140507654 LINEAR_ACCELERATION -1.7665098 -5.5257864 -3.1045437

1504140507655 ROTATION_VECTOR 0.2706436 0.024361016 0.680837

1504140507875 GRAVITY 3.5553288 1.7846419 8.963542

1504140507890 LINEAR_ACCELERATION 0.71350217 -4.499788 2.6271296

1504140507891 ROTATION_VECTOR 0.20732483 0.0017277917 0.87793136

1504140507892 ACCELEROMETER 3.9575958 -2.8811798 10.792709

1504140507893 GYROSCOPE 1.759491 1.4351196 2.9837036

1504140507893 MAGNETIC_FIELD -4.2556763 -17.532349 -48.40851

1504140508069 ACCELEROMETER 5.8971405 -3.032196 5.5970917

1504140508085 GYROSCOPE -0.8242798 3.774292 2.745514

1504140508089 GRAVITY -0.7148269 0.21751393 9.778144

1504140508093 LINEAR_ACCELERATION 6.572505 -3.3102539 -3.418167

1504140508095 ROTATION_VECTOR -0.03332349 0.018519215 0.9769322

1504140508105 MAGNETIC_FIELD -9.065247 -31.89392 -37.0636

1504140508256 ACCELEROMETER -1.0138702 6.7086487 0.3595276

1504140508257 GYROSCOPE -1.9650269 5.3102417 1.2031555

1504140508257 MAGNETIC_FIELD 13.146973 -27.108765 -39.19983

1504140508258 GRAVITY -7.9822965 -1.8290699 5.3951674

1504140508258 LINEAR_ACCELERATION 5.484042 8.73869 -4.6615605

1504140508259 ROTATION_VECTOR -0.46543732 -0.091055594 0.8799322

1504140508457 ACCELEROMETER -3.8459167 -6.6397247 -5.307846

1504140508458 GYROSCOPE -2.4093628 1.2855835 -2.0663452

1504140508458 MAGNETIC_FIELD 31.776428 -22.30835 -30.784607

1504140508459 GRAVITY -8.31597 -4.8002143 -1.9932301

1504140508459 LINEAR_ACCELERATION 3.3932085 -3.3239584 -2.9962168

1504140508460 ROTATION_VECTOR -0.71978354 -0.28902957 0.62484556

1504140508672 ACCELEROMETER -2.1142883 -5.9938507 3.5310364

1504140508680 GYROSCOPE 1.6601563 1.7972107 -1.4457703

1504140508683 MAGNETIC_FIELD 45.993042 -13.717651 -15.652466

1504140508695 GRAVITY -5.0621696 -7.386072 -3.998845

1504140508699 LINEAR_ACCELERATION 2.1348176 0.28175402 6.5218134

1504140508706 ROTATION_VECTOR -0.7827263 -0.3020329 0.44859892

1504140508872 ACCELEROMETER -7.3436737 -3.3212128 -1.7752075

1504140508881 GYROSCOPE 1.5864563 0.16833496 -1.118927

1504140508884 GRAVITY -3.1001828 -9.146918 -1.7009203

1504140508893 LINEAR_ACCELERATION -4.8904037 4.119582 -0.25749636

1504140508897 ROTATION_VECTOR -0.7307974 -0.22947326 0.37927893

1504140508899 MAGNETIC_FIELD 49.702454 -6.690979 -4.9362183

1504140509060 ACCELEROMETER -8.625641 -3.9701996 2.23526

1504140509061 GYROSCOPE -0.6480408 1.0068054 -0.008087158

1504140509062 MAGNETIC_FIELD 51.53656 -4.533386 -0.010681152

1504140509062 GRAVITY -2.4056842 -9.467741 -0.8631014

1504140509063 LINEAR_ACCELERATION -6.6999617 3.6452203 2.952959

1504140509063 ROTATION_VECTOR -0.71458036 -0.18270436 0.3232364

1504140509272 ACCELEROMETER -8.751465 -3.8513794 3.3984375

1504140509275 GYROSCOPE 0.11352539 -0.012176514 -0.31784058

1504140509278 MAGNETIC_FIELD 51.861572 -4.2922974 2.6306152

1504140509280 GRAVITY -2.4347208 -9.408546 -1.3121673

1504140509283 LINEAR_ACCELERATION -6.8470554 3.5796318 4.4127054

1504140509286 ROTATION_VECTOR -0.74133795 -0.13160533 0.27369508

1504140509472 ACCELEROMETER -8.559891 -3.22612 1.7959595

1504140509475 GYROSCOPE 0.14022827 0.41934204 0.44265747

1504140509478 MAGNETIC_FIELD 51.509094 -3.6026 3.5614014

1504140509480 GRAVITY -2.9692748 -9.290353 -1.0213388

1504140509482 LINEAR_ACCELERATION -6.2371106 4.016219 2.5771255

1504140509485 ROTATION_VECTOR -0.7371775 -0.092968374 0.28191677

1504140509677 ACCELEROMETER -9.20108 -3.4190674 1.683548

1504140509684 GYROSCOPE 0.018463135 0.31680298 0.13183594

1504140509687 GRAVITY -3.8778255 -8.954392 -0.97555816

1504140509690 ROTATION_VECTOR -0.7403625 -0.04003669 0.2995213

1504140509693 LINEAR_ACCELERATION -6.2147064 3.489337 2.436615

1504140509695 MAGNETIC_FIELD 50.91095 -4.9346924 6.802368

1504140509865 ACCELEROMETER -8.77269 -3.1934357 1.3158264

1504140509866 GYROSCOPE -0.50704956 0.21746826 -0.04547119

1504140509867 MAGNETIC_FIELD 48.40393 -10.18219 12.89978

1504140509867 GRAVITY -4.283784 -8.698135 -1.4703813

1504140509867 LINEAR_ACCELERATION -5.4851646 3.4706068 2.4365869

1504140509868 ROTATION_VECTOR -0.7580718 -0.017198104 0.3012324

