1499536324436 ACCELEROMETER 1.3112793 8.368973 4.352356

1499536324439 GRAVITY 1.475057 8.6223545 4.4327874

1499536324440 LINEAR_ACCELERATION 0.0 0.0 -0.0

1499536324440 GYROSCOPE -0.04562378 0.08288574 -0.42678833

1499536324441 MAGNETIC_FIELD -0.6362915 -45.747375 -6.726074

1499536324442 ROTATION_VECTOR 0.0 0.0 0.0

1499536324641 ACCELEROMETER 0.277771 9.230255 4.308075

1499536324642 GYROSCOPE 0.8099365 -0.6776123 -0.10635376

1499536324642 MAGNETIC_FIELD 7.295227 -45.57953 0.0

1499536324643 GRAVITY 0.620886 8.976678 3.8992488

1499536324644 LINEAR_ACCELERATION -0.58325595 0.17852783 0.29414487

1499536324644 ROTATION_VECTOR 0.10210579 0.5392291 0.8301251

1499536324837 ACCELEROMETER 2.0152893 10.4904785 4.191742

1499536324839 GYROSCOPE -0.92041016 1.73526 0.846405

1499536324840 MAGNETIC_FIELD 1.3885498 -44.40155 7.382202

1499536324840 GRAVITY 1.2612593 8.882622 3.959627

1499536324841 LINEAR_ACCELERATION 0.9762168 1.2084084 0.21777725

1499536324841 ROTATION_VECTOR 0.14827071 0.5254817 0.8302794

1499536325038 ACCELEROMETER 0.5057831 9.239914 1.4871674

1499536325039 GYROSCOPE 0.5995178 0.24310303 0.11581421

1499536325040 MAGNETIC_FIELD -0.1296997 -46.25244 6.890869

1499536325041 LINEAR_ACCELERATION -0.705619 0.025218964 -2.4221764

1499536325041 GRAVITY 1.0500225 8.912586 3.95394

1499536325042 ROTATION_VECTOR -0.044297572 -0.5444657 -0.83706707

1499536325274 ACCELEROMETER 0.95103455 9.519058 -0.23718262

1499536325275 GYROSCOPE 0.0045776367 0.077545166 0.04852295

1499536325276 GRAVITY 1.0839274 9.367313 2.6923842

1499536325277 LINEAR_ACCELERATION -0.1407156 0.11954975 -2.9395022

1499536325277 ROTATION_VECTOR 0.033270296 -0.6013482 -0.7867227

1499536325475 ACCELEROMETER 1.3532257 9.628464 0.9272003

1499536325476 GYROSCOPE 0.04837036 0.05831909 0.02822876

1499536325477 MAGNETIC_FIELD -1.6647339 -43.867493 11.483765

1499536325478 GRAVITY 1.1604784 9.43636 2.4039094

1499536325478 LINEAR_ACCELERATION 0.185889 0.17532158 -1.3120773

1499536325479 ROTATION_VECTOR 0.02731362 -0.6137497 -0.7780722

1499536325675 ACCELEROMETER 1.1855621 9.490143 0.54486084

1499536325677 GYROSCOPE 0.14770508 -0.26852417 0.045318604

1499536325677 MAGNETIC_FIELD -1.739502 -42.5354 12.838745

1499536325678 GRAVITY 1.2717167 9.527178 1.9457684

1499536325679 LINEAR_ACCELERATION -0.07190037 0.008653641 -1.5391928

1499536325679 ROTATION_VECTOR 0.01058816 -0.63299394 -0.7654587

1499536325876 ACCELEROMETER 1.2988739 9.751099 0.23573303

1499536325878 GYROSCOPE 0.0077819824 -0.14248657 -0.028381348

1499536325878 MAGNETIC_FIELD -1.095581 -43.38684 13.751221

1499536325879 GRAVITY 1.3558002 9.5861435 1.5614259

1499536325880 LINEAR_ACCELERATION -0.033332348 0.24022007 -1.2559841

1499536325880 ROTATION_VECTOR -0.019100416 -0.64809304 -0.75663304

1499536326077 ACCELEROMETER 1.0794983 9.709259 0.70254517

1499536326079 GYROSCOPE 0.07720947 -0.049560547 -0.013427734

1499536326079 MAGNETIC_FIELD -1.2771606 -43.569946 13.522339

1499536326080 GRAVITY 1.3089033 9.621938 1.369483

1499536326081 LINEAR_ACCELERATION -0.28140724 0.11245251 -0.67532766

1499536326081 ROTATION_VECTOR -0.034991838 -0.6549438 -0.7523413

1499536326278 ACCELEROMETER 0.76950073 9.490997 0.43673706

1499536326278 GYROSCOPE -0.007171631 -0.027130127 -0.042266846

1499536326280 MAGNETIC_FIELD -1.2756348 -43.225098 13.781738

1499536326280 GRAVITY 1.1106061 9.689896 1.0212016

1499536326281 LINEAR_ACCELERATION -0.32674026 -0.06693649 -0.5567471

1499536326281 ROTATION_VECTOR -0.024203995 -0.66884035 -0.7407561

1499536326479 ACCELEROMETER 1.1438446 9.708694 0.34355164

1499536326479 GYROSCOPE -0.07766724 -0.03781128 -0.049743652

1499536326480 MAGNETIC_FIELD -0.49591064 -42.973328 14.683533

1499536326481 GRAVITY 1.0646241 9.712756 0.8362639

1499536326482 LINEAR_ACCELERATION 0.07754195 0.096087456 -0.5099279

1499536326482 ROTATION_VECTOR -0.040843662 -0.6750513 -0.73576444

1499536326679 ACCELEROMETER 0.6194458 9.467407 0.40924072

1499536326680 GYROSCOPE 0.18936157 -0.041015625 0.13824463

1499536326681 MAGNETIC_FIELD -0.03967285 -44.421387 15.275574

1499536326682 GRAVITY 0.99203926 9.735487 0.6376007

1499536326682 LINEAR_ACCELERATION -0.3382308 -0.07805538 -0.16774148

1499536326683 ROTATION_VECTOR -0.0317365 -0.6829965 -0.72862375

1499536326880 ACCELEROMETER 0.9361267 9.576599 -0.027954102

1499536326881 GYROSCOPE -0.017852783 -0.034606934 -0.0059509277

1499536326882 MAGNETIC_FIELD -0.10986328 -44.171143 15.197754

1499536326882 GRAVITY 1.0734442 9.743796 0.2766516

1499536326883 LINEAR_ACCELERATION -0.10296857 0.006450653 -0.3639117

1499536326883 ROTATION_VECTOR -0.040693384 -0.69587266 -0.7160676

1499536327084 GRAVITY 1.0595576 9.745117 0.28356954

1499536327084 LINEAR_ACCELERATION 0.040068626 0.06694031 0.044821233

1499536327084 ROTATION_VECTOR -0.05020329 -0.69499755 -0.7167876

1499536327085 ACCELEROMETER 1.0796051 9.659088 0.3005829

1499536327085 GYROSCOPE 0.032348633 0.028411865 -0.025177002

1499536327085 MAGNETIC_FIELD 0.33569336 -43.347168 17.234802

1499536327290 ACCELEROMETER 0.917099 9.575714 0.050079346

1499536327293 GYROSCOPE 0.008850098 0.018798828 -0.01663208

1499536327296 MAGNETIC_FIELD -2.2079468 -44.984436 16.255188

1499536327298 GRAVITY 0.98704606 9.755206 0.17911059

1499536327300 LINEAR_ACCELERATION -0.06308502 -0.02163601 -0.13643973

1499536327302 ROTATION_VECTOR -0.052586235 -0.6986434 -0.7132991

1499536327491 ACCELEROMETER 1.091568 9.601486 0.1990509

1499536327494 GYROSCOPE 0.034484863 -0.028198242 0.04638672

1499536327496 MAGNETIC_FIELD -1.1993408 -44.010925 15.368652

1499536327498 GRAVITY 1.0541415 9.748531 0.159089

1499536327500 LINEAR_ACCELERATION 0.076025605 0.0061302185 0.046188816

1499536327502 ROTATION_VECTOR -0.067194544 -0.6981215 -0.71277

1499536327695 ACCELEROMETER 1.0907745 9.551559 0.09410095

1499536327699 GYROSCOPE 0.0024414063 -0.022857666 0.09338379

1499536327701 MAGNETIC_FIELD -2.0980835 -43.28308 16.426086

1499536327703 GRAVITY 1.1643479 9.736697 0.10687746

1499536327705 LINEAR_ACCELERATION -0.05685389 -0.02321434 -0.020080678

1499536327707 ROTATION_VECTOR -0.07374907 -0.6993653 -0.7108803

1499536327893 ACCELEROMETER 1.2646179 9.61882 0.1811676

1499536327896 GYROSCOPE 0.027008057 -0.020721436 -0.002746582

1499536327898 MAGNETIC_FIELD -3.0548096 -43.328857 15.733337

1499536327900 GRAVITY 1.2623105 9.724468 0.10808099

1499536327902 LINEAR_ACCELERATION 0.023696065 0.04153633 0.07013346

1499536327905 ROTATION_VECTOR -0.077080466 -0.6989621 -0.71086097

1499536328093 ACCELEROMETER 1.3570251 9.657074 0.11708069

1499536328096 GYROSCOPE 0.03555298 0.008117676 -0.023040771

1499536328100 MAGNETIC_FIELD -2.8793335 -43.322754 16.690063

1499536328102 GRAVITY 1.2940514 9.72065 0.069214724

1499536328104 LINEAR_ACCELERATION 0.12274611 0.06571293 0.04743474

1499536328107 ROTATION_VECTOR -0.08385836 -0.699599 -0.7095373

1499536328300 ACCELEROMETER 1.1233978 9.464218 0.16958618

1499536328306 GYROSCOPE -0.04348755 -0.0068359375 0.0132751465

1499536328309 MAGNETIC_FIELD -2.3986816 -42.399597 14.346313

1499536328311 GRAVITY 1.2274722 9.728927 0.10809703

1499536328313 LINEAR_ACCELERATION -0.13006103 -0.12282181 0.05971802

1499536328315 ROTATION_VECTOR -0.080898196 -0.69852996 -0.7109562

1499536328494 ACCELEROMETER 2.478836 9.994263 -0.18785095

1499536328497 GYROSCOPE 0.39230347 -0.2920227 -0.27511597

1499536328502 MAGNETIC_FIELD -3.250122 -43.2724 15.2404785

1499536328514 GRAVITY 1.0459856 9.747252 -0.2595812

1499536328518 LINEAR_ACCELERATION 1.5956138 0.44522476 0.039654106

1499536328525 ROTATION_VECTOR 0.09731709 0.7097636 0.6973848

1499536328692 ACCELEROMETER 0.92126465 9.967514 -0.20864868

1499536328693 GYROSCOPE 0.22567749 -0.08267212 0.0015258789

1499536328693 MAGNETIC_FIELD -1.7990112 -43.800354 17.430115

1499536328694 GRAVITY 0.7423057 9.740806 -0.85794795

1499536328695 LINEAR_ACCELERATION -0.038775265 0.26141453 0.6373891

1499536328695 ROTATION_VECTOR 0.10886836 0.7293085 0.67371184

1499536328901 ACCELEROMETER 0.62254333 9.932434 -0.24598694

1499536328917 GYROSCOPE 0.36026 -0.07092285 0.03677368

1499536328918 GRAVITY 0.7516326 9.679821 -1.3807598

1499536328918 LINEAR_ACCELERATION -0.09531617 0.4049158 1.1358176

1499536328919 ROTATION_VECTOR 0.122211866 0.74529415 0.653071

1499536328920 MAGNETIC_FIELD 2.0629883 -41.799927 19.395447

1499536329089 ACCELEROMETER 0.3775177 9.559631 -1.2976532

1499536329091 GRAVITY 0.8625549 9.612713 -1.7384273

1499536329091 LINEAR_ACCELERATION -0.47361994 0.056168556 0.36746466

1499536329092 GYROSCOPE 0.030212402 0.06365967 0.10513306

1499536329092 MAGNETIC_FIELD 1.9332886 -40.574646 23.486328

1499536329092 ROTATION_VECTOR 0.12359657 0.7572047 0.6397013

1499536329291 ACCELEROMETER 0.9098816 9.572769 -1.5979614

1499536329293 GYROSCOPE -0.09048462 0.0796814 0.05706787

1499536329293 GRAVITY 1.0376478 9.608695 -1.6633286

1499536329294 LINEAR_ACCELERATION -0.093480825 0.08742523 0.02852726

1499536329294 ROTATION_VECTOR 0.11916064 0.7553853 0.6435856

1499536329295 MAGNETIC_FIELD -0.59051514 -39.831543 23.71521

1499536329497 ACCELEROMETER 0.9937744 9.625839 -1.3784637

1499536329500 GYROSCOPE -0.026397705 0.09677124 0.076293945

1499536329500 MAGNETIC_FIELD 0.4547119 -40.74707 22.95227

1499536329501 GRAVITY 1.183266 9.615486 -1.5207498

1499536329501 LINEAR_ACCELERATION -0.18418753 0.114253044 0.15838122

1499536329501 ROTATION_VECTOR 0.11552611 0.75112605 0.6496761

1499536329693 GRAVITY 1.2466991 9.621268 -1.4308493

1499536329694 LINEAR_ACCELERATION -0.2561344 0.005812645 0.0811429

1499536329694 ROTATION_VECTOR 0.11341726 0.7483913 0.65333664

1499536329695 ACCELEROMETER 0.9653168 9.507172 -1.315094

1499536329695 GYROSCOPE -0.04989624 6.4086914E-4 -0.011291504

1499536329695 MAGNETIC_FIELD 1.0253906 -40.39154 21.20514

1499536329899 ACCELEROMETER 0.9667511 9.50177 -1.1496277

1499536329902 GYROSCOPE -0.06271362 0.039093018 -0.0059509277

1499536329905 MAGNETIC_FIELD 0.038146973 -40.70282 21.864319

1499536329907 GRAVITY 1.1519518 9.655889 -1.2677631

1499536329909 LINEAR_ACCELERATION -0.17039704 -0.014127731 0.10374832

1499536329911 ROTATION_VECTOR 0.10139664 0.7445513 0.6597287

1499536330104 ACCELEROMETER 1.0943756 9.548569 -1.1649017

1499536330109 GYROSCOPE 0.015258789 0.023071289 -0.019836426

1499536330111 MAGNETIC_FIELD -1.2710571 -40.4068 22.05658

1499536330113 GRAVITY 1.1271164 9.66765 -1.198556

1499536330115 LINEAR_ACCELERATION -0.013296127 0.017277718 0.030309677

1499536330117 ROTATION_VECTOR 0.103464715 0.74189246 0.6623205

1499536330306 ACCELEROMETER 1.1728516 9.502441 -1.1688995

1499536330310 GYROSCOPE -0.100097656 0.034820557 -0.017700195

1499536330312 MAGNETIC_FIELD -1.1016846 -40.859985 21.005249

1499536330314 GRAVITY 1.1290395 9.674814 -1.1373775

1499536330317 LINEAR_ACCELERATION 0.060854077 -0.03183937 -0.052517414

1499536330319 ROTATION_VECTOR 0.10849172 0.7390667 0.6645474

1499536330504 ACCELEROMETER 0.9908142 9.447159 -0.85757446

1499536330509 GYROSCOPE 0.016326904 6.4086914E-4 0.04425049

1499536330512 MAGNETIC_FIELD 0.1739502 -41.87317 20.718384

1499536330514 GRAVITY 1.1098621 9.69315 -0.99067783

1499536330516 LINEAR_ACCELERATION -0.10577333 -0.061782837 0.12944376

1499536330518 ROTATION_VECTOR 0.1057385 0.7343908 0.67015797

1499536330703 ACCELEROMETER 1.3770752 9.574875 -1.1377258

1499536330712 GRAVITY 1.2528604 9.668939 -1.0546821

1499536330715 LINEAR_ACCELERATION 0.15208781 0.05507469 -0.102005005

1499536330717 ROTATION_VECTOR 0.11826625 0.73470193 0.6676859

1499536330720 GYROSCOPE 3.0517578E-4 -0.004699707 0.029296875

1499536330722 MAGNETIC_FIELD -0.99334717 -41.674805 20.854187

1499536330911 ACCELEROMETER 1.1309509 9.448456 -1.0267944

1499536330918 GYROSCOPE -0.036010742 6.4086914E-4 -0.008087158

1499536330920 MAGNETIC_FIELD -0.8087158 -40.538025 20.350647

1499536330922 GRAVITY 1.234337 9.673917 -1.030591

1499536330924 LINEAR_ACCELERATION -0.08406937 -0.052827835 -0.013516426

1499536330926 ROTATION_VECTOR 0.11496285 0.73439026 0.66865116

1499536331110 ACCELEROMETER 1.265091 9.573334 -0.9370117

1499536331116 GYROSCOPE -0.02960205 -0.013244629 0.006866455

1499536331119 MAGNETIC_FIELD 0.022888184 -40.70587 19.869995

1499536331122 GRAVITY 1.2486286 9.679362 -0.9598245

1499536331124 LINEAR_ACCELERATION 0.039155245 0.046874046 0.012277961

1499536331127 ROTATION_VECTOR 0.121125005 0.73093516 0.67117846

1499536331311 ACCELEROMETER 1.3042908 9.501572 -0.8981323

1499536331318 GYROSCOPE -0.009307861 -0.010040283 0.018615723

1499536331320 MAGNETIC_FIELD -0.49743652 -40.852356 21.30127

1499536331322 GRAVITY 1.2896364 9.677699 -0.92161447

1499536331324 LINEAR_ACCELERATION 0.03434348 -0.019825935 0.008430362

1499536331327 ROTATION_VECTOR 0.12874644 0.728295 0.67245317

1499536331514 ACCELEROMETER 1.3201752 9.510681 -0.9901581

1499536331520 GYROSCOPE -0.010375977 -0.012176514 -0.011291504

1499536331522 MAGNETIC_FIELD -1.4709473 -41.534424 20.355225

1499536331532 GRAVITY 1.3101405 9.673293 -0.93877935

1499536331541 LINEAR_ACCELERATION 0.030639052 -0.0074310303 -0.06618768

1499536331543 ROTATION_VECTOR 0.13405296 0.72793835 0.671652

1499536331699 ACCELEROMETER 1.2178192 9.505508 -0.8639984

1499536331700 GYROSCOPE 0.049438477 0.00491333 0.05065918

1499536331700 MAGNETIC_FIELD -2.0095825 -42.04712 21.472168

1499536331700 GRAVITY 1.3115203 9.672608 -0.94390506

1499536331701 LINEAR_ACCELERATION -0.07306242 -0.001461029 0.067720056

1499536331701 ROTATION_VECTOR 0.12772816 0.72925395 0.67171466

1499536331904 ACCELEROMETER 1.3810883 9.548737 -1.0476379

1499536331909 GYROSCOPE 0.03768921 -4.272461E-4 0.043182373

1499536331911 MAGNETIC_FIELD -2.6641846 -39.700317 21.488953

1499536331913 GRAVITY 1.4008561 9.650331 -1.0387987

1499536331916 LINEAR_ACCELERATION 0.001426816 0.04166317 -0.025921106

1499536331918 ROTATION_VECTOR 0.12627605 0.7328154 0.668373

1499536332106 ACCELEROMETER 1.378128 9.54509 -1.0144958

1499536332107 GYROSCOPE -0.037078857 -0.0057678223 -0.021972656

1499536332107 MAGNETIC_FIELD -0.5187988 -40.870667 20.666504

1499536332107 GRAVITY 1.4113438 9.649143 -1.0356306

1499536332108 LINEAR_ACCELERATION -0.015340328 0.026623726 0.0067019463

1499536332108 ROTATION_VECTOR 0.12527741 0.73287654 0.66853464

1499536332302 ACCELEROMETER 1.3778839 9.560669 -0.9718628

1499536332303 GYROSCOPE -0.028533936 0.0070495605 0.018615723

1499536332304 MAGNETIC_FIELD -2.229309 -40.878296 20.326233

1499536332304 GRAVITY 1.4037727 9.656557 -0.9750497

1499536332304 LINEAR_ACCELERATION -0.004997134 0.026576996 -0.008894682

1499536332305 ROTATION_VECTOR 0.12336891 0.73109084 0.67085916

1499536332516 ACCELEROMETER 1.3335724 9.497055 -0.9062805

1499536332522 GYROSCOPE -0.012512207 0.0027770996 0.0036621094

1499536332524 MAGNETIC_FIELD -2.1514893 -42.189026 20.98999

1499536332526 GRAVITY 1.4028374 9.661151 -0.9298334

1499536332529 LINEAR_ACCELERATION -0.051478982 -0.028017998 0.011385322

1499536332532 ROTATION_VECTOR 0.123615764 0.7294707 0.67256093

1499536332716 ACCELEROMETER 1.4933624 9.585922 -0.8849945

1499536332723 GYROSCOPE 0.052642822 -0.010040283 0.03036499

1499536332725 MAGNETIC_FIELD -1.9943237 -41.04309 20.500183

1499536332727 GRAVITY 1.4579829 9.65163 -0.94376886

1499536332729 LINEAR_ACCELERATION 0.052381158 0.046528816 0.046523213

1499536332731 ROTATION_VECTOR 0.12818569 0.7291689 0.672026

1499536332912 ACCELEROMETER 1.459137 9.567184 -0.9564514

1499536332915 GYROSCOPE 0.03768921 0.008117676 0.029296875

1499536332917 MAGNETIC_FIELD -0.8621216 -41.23993 20.091248

1499536332919 GRAVITY 1.5013275 9.638522 -1.0076207

1499536332921 LINEAR_ACCELERATION -0.024274707 0.03083229 0.04410833

1499536332924 ROTATION_VECTOR 0.1313115 0.7308431 0.66961414

1499536333119 ACCELEROMETER 1.4097443 9.511063 -0.89686584

1499536333128 GYROSCOPE -0.00289917 0.008117676 0.0015258789

1499536333142 MAGNETIC_FIELD -1.927185 -41.670227 20.845032

1499536333145 GRAVITY 1.4976343 9.639917 -0.99972975

1499536333147 LINEAR_ACCELERATION -0.07513726 -0.014434814 0.08097422

1499536333149 ROTATION_VECTOR 0.12795593 0.73116297 0.66997296

1499536333313 ACCELEROMETER 1.3795624 9.495712 -0.7890625

1499536333319 GYROSCOPE -0.022125244 0.0059814453 0.00793457

1499536333321 MAGNETIC_FIELD -1.8295288 -41.20636 20.651245

1499536333324 GRAVITY 1.475308 9.651663 -0.916109

1499536333326 LINEAR_ACCELERATION -0.070491195 -0.01586914 0.11683464

1499536333328 ROTATION_VECTOR 0.12401074 0.7289238 0.67317384

1499536333520 ACCELEROMETER 1.5098724 9.641266 -0.885437

1499536333526 GYROSCOPE -0.00289917 -0.011108398 -0.029449463

1499536333529 MAGNETIC_FIELD -2.3269653 -40.386963 20.506287

1499536333531 GRAVITY 1.4731634 9.6546335 -0.8878182

1499536333533 LINEAR_ACCELERATION 0.051165104 0.08184528 0.0012897253

1499536333535 ROTATION_VECTOR 0.12731928 0.72736233 0.67417836

1499536333720 ACCELEROMETER 1.440033 9.510849 -0.9525604

1499536333727 GYROSCOPE 0.024871826 -0.0068359375 -0.002746582

1499536333729 MAGNETIC_FIELD -2.0004272 -40.690613 20.217896

1499536333731 GRAVITY 1.4468863 9.654587 -0.9305217

1499536333733 LINEAR_ACCELERATION 0.008188009 -0.03769207 -0.034145176

1499536333736 ROTATION_VECTOR 0.13130872 0.7281493 0.6724275

1499536333908 ACCELEROMETER 1.3849945 9.523605 -1.0596619

1499536333909 GYROSCOPE -0.003967285 0.02734375 0.014343262

1499536333910 MAGNETIC_FIELD -1.6067505 -42.49115 20.69397

1499536333911 GRAVITY 1.4418153 9.6493 -0.9912497

1499536333911 LINEAR_ACCELERATION -0.03729272 -0.012414932 -0.08526623

1499536333912 ROTATION_VECTOR 0.13179941 0.73018396 0.67011124

1499536334107 ACCELEROMETER 1.2149506 9.454086 -0.8502655

1499536334109 GYROSCOPE -0.026397705 -0.0036315918 0.037841797

1499536334109 GRAVITY 1.406739 9.660555 -0.93013823

1499536334110 LINEAR_ACCELERATION -0.18657589 -0.057545662 0.064291894

1499536334110 MAGNETIC_FIELD -1.1123657 -40.76233 20.643616

1499536334110 ROTATION_VECTOR 0.12268694 0.7296381 0.6725752

1499536334319 ACCELEROMETER 1.4542084 9.591064 -0.9463806

1499536334324 GYROSCOPE -0.0050354004 0.00491333 0.025024414

1499536334327 MAGNETIC_FIELD -2.6916504 -41.914368 20.379639

1499536334330 GRAVITY 1.4672908 9.652966 -0.9152589

1499536334334 LINEAR_ACCELERATION 0.009320021 0.06567001 -0.037552655

1499536334336 ROTATION_VECTOR 0.12552515 0.7286348 0.6731701

1499536334521 ACCELEROMETER 1.4092865 9.572617 -0.9180908

1499536334549 GYROSCOPE 0.001373291 0.0070495605 0.038909912

1499536334559 MAGNETIC_FIELD -1.8035889 -40.885925 20.629883

1499536334562 GRAVITY 1.4937736 9.648815 -0.91618043

1499536334576 LINEAR_ACCELERATION -0.067774534 0.037983894 -0.015087187

1499536334577 ROTATION_VECTOR 0.12457646 0.7288298 0.67318356

1499536334710 ACCELEROMETER -1.4935913 9.337357 -1.2693024

1499536334711 GYROSCOPE -0.06378174 1.0783691 1.9337463

1499536334711 MAGNETIC_FIELD -2.3895264 -40.309143 20.820618

1499536334711 GRAVITY 3.2208502 9.24717 -0.5351075

1499536334712 LINEAR_ACCELERATION -4.414609 0.28908157 -0.8141303

1499536334712 ROTATION_VECTOR -0.1271099 -0.7149307 -0.6788487

1499536334914 GRAVITY 5.89627 7.583156 1.974874

1499536334922 LINEAR_ACCELERATION -4.963577 0.19290876 -0.37014997

1499536334954 ROTATION_VECTOR -0.07808633 -0.62706614 -0.6659484

1499536334959 ACCELEROMETER 1.3637848 7.416153 1.5140076

1499536334962 GYROSCOPE -0.47607422 2.2436829 1.7895508

1499536334964 MAGNETIC_FIELD -20.004272 -37.77466 14.581299

1499536335114 ACCELEROMETER 7.7306976 6.454895 3.1055756

1499536335114 GYROSCOPE -0.79971313 1.1435242 0.91156006

1499536335114 MAGNETIC_FIELD -40.83557 -23.64502 0.7095337

1499536335115 GRAVITY 6.431446 5.4799795 4.9776206

1499536335115 LINEAR_ACCELERATION 1.4996419 1.3215737 -2.0550532

1499536335115 ROTATION_VECTOR -0.02343156 -0.49564397 -0.59366333

1499536335323 ACCELEROMETER 7.8275146 3.1341553 5.9181366

1499536335353 GRAVITY 6.3015265 3.9166472 6.4125676

1499536335360 LINEAR_ACCELERATION 1.7258654 -0.6439085 -0.22504473

1499536335363 ROTATION_VECTOR 0.028467942 -0.4150176 -0.42606097

1499536335365 GYROSCOPE 0.65826416 0.9128113 1.1540222

1499536335374 MAGNETIC_FIELD -48.32611 -12.922668 -7.939148

1499536335514 ACCELEROMETER 7.5655518 3.1645813 5.166519

1499536335514 GYROSCOPE 0.43823242 0.56033325 0.96817017

1499536335515 MAGNETIC_FIELD -49.276733 -1.0543823 -16.329956

1499536335515 GRAVITY 6.10345 3.19627 6.978692

1499536335515 LINEAR_ACCELERATION 1.5745854 0.14258552 -1.6705527

1499536335516 ROTATION_VECTOR 0.09667703 -0.3672047 -0.20637575

1499536335714 ACCELEROMETER 6.902542 2.355484 5.167862

1499536335715 GYROSCOPE 0.106048584 0.36166382 0.53985596

1499536335715 MAGNETIC_FIELD -48.66638 7.5805664 -22.834778

1499536335716 GRAVITY 5.9507627 2.6152182 7.342986

1499536335716 LINEAR_ACCELERATION 1.377182 -0.20439267 -1.8886828

1499536335720 ROTATION_VECTOR 0.12626733 -0.3311623 -0.046546422

1499536335919 ACCELEROMETER 3.9776 1.8498993 5.9479523

1499536335924 GRAVITY 4.58398 3.078652 8.104283

1499536335926 LINEAR_ACCELERATION -0.5173335 -0.8799639 -2.1390247

1499536335929 ROTATION_VECTOR 0.18235178 -0.23139654 0.07255051

1499536335932 GYROSCOPE 1.2948608 1.7480774 0.34225464

1499536335934 MAGNETIC_FIELD -41.760254 12.734985 -32.90558

1499536336121 ACCELEROMETER 7.123291 -0.89456177 8.941101

1499536336126 GRAVITY 2.651504 -1.4019015 9.336733

1499536336149 LINEAR_ACCELERATION 3.3556697 -1.4124848 -0.9009743

1499536336152 ROTATION_VECTOR -0.047030076 -0.14746957 0.1745784

1499536336155 GYROSCOPE -5.6340027 1.095459 1.2522888

1499536336158 MAGNETIC_FIELD -29.238892 6.199646 -44.94171

1499536336326 ACCELEROMETER 7.825119 10.075287 18.742233

1499536336333 GYROSCOPE -1.8614197 -2.5425415 4.694824

1499536336340 MAGNETIC_FIELD -5.783081 -6.3095093 -51.81732

1499536336343 GRAVITY 2.4943712 -7.596459 5.678231

1499536336346 LINEAR_ACCELERATION 5.398932 17.764065 13.478331

1499536336349 ROTATION_VECTOR -0.33897367 -0.30917254 0.36408374

1499536336525 GRAVITY 0.24357057 -9.023927 3.8314223

1499536336533 LINEAR_ACCELERATION 9.279076 14.049512 10.896807

1499536336535 ROTATION_VECTOR -0.4337236 -0.3413732 0.49786967

1499536336539 ACCELEROMETER 8.084274 5.3058624 13.307449

1499536336542 GYROSCOPE -1.3252258 0.62335205 -0.4524231

1499536336545 MAGNETIC_FIELD -6.6345215 -7.333374 -51.95465

1499536336721 GRAVITY 0.8539463 -9.175549 3.354174

1499536336723 ACCELEROMETER -3.9470215 0.5311127 8.548569

1499536336724 GYROSCOPE 0.16479492 0.22280884 -0.7557678

1499536336724 ROTATION_VECTOR -0.47134623 -0.32682943 0.40237805

1499536336725 LINEAR_ACCELERATION -4.530437 8.074221 5.9213176

1499536336726 MAGNETIC_FIELD -6.5612793 2.7770996 -54.49524

1499536336919 ACCELEROMETER 2.8108215 2.6529388 6.339859

1499536336921 GYROSCOPE -0.47073364 -0.9029846 0.5580139

1499536336921 MAGNETIC_FIELD -10.075378 0.08850098 -53.95813

1499536336922 GRAVITY 1.3926882 -9.108431 3.356679

1499536336923 LINEAR_ACCELERATION 1.189812 10.245653 2.898086

1499536336924 ROTATION_VECTOR -0.434072 -0.37475127 0.4354855

1499536337119 ACCELEROMETER 3.1990204 1.1360168 8.688904

1499536337122 GRAVITY 0.83732677 -9.25195 3.1417654

1499536337122 LINEAR_ACCELERATION 2.7736444 7.7917204 6.506924

1499536337123 GYROSCOPE -0.30944824 0.41827393 0.4159546

1499536337124 MAGNETIC_FIELD -17.445374 2.784729 -51.59149

1499536337125 ROTATION_VECTOR -0.4376884 -0.3850239 0.4794882

1499536337333 GRAVITY 0.42362309 -8.968743 3.9436758

1499536337338 LINEAR_ACCELERATION 3.146605 9.490695 7.468446

1499536337340 ROTATION_VECTOR -0.4180342 -0.35238603 0.5088494

1499536337343 ACCELEROMETER 3.2173615 2.75177 10.349136

1499536337346 GYROSCOPE 0.44036865 -0.25891113 0.22262573

1499536337349 MAGNETIC_FIELD -15.12146 2.8778076 -51.213074

1499536337531 GRAVITY 0.49809572 -8.541279 4.7925816

1499536337536 LINEAR_ACCELERATION 2.0096147 8.5582 5.9527144

1499536337539 ROTATION_VECTOR -0.36823916 -0.3464769 0.55362976

1499536337542 ACCELEROMETER 2.3614807 2.519165 9.29924

1499536337545 GYROSCOPE -0.14709473 0.035888672 -0.021972656

1499536337548 MAGNETIC_FIELD -14.92157 3.0822754 -51.971436

1499536337722 ACCELEROMETER 2.2966766 2.5168152 9.261124

1499536337724 GYROSCOPE 0.10391235 -0.063446045 0.16601563

1499536337725 MAGNETIC_FIELD -13.668823 3.8223267 -52.597046

1499536337725 LINEAR_ACCELERATION 1.8942542 8.136062 5.6254025

1499536337726 GRAVITY 0.5445269 -8.21253 5.3318124

1499536337730 ROTATION_VECTOR -0.33333808 -0.34210956 0.5873003

1499536337928 GRAVITY 0.64431286 -7.792405 5.9189243

1499536337931 LINEAR_ACCELERATION 1.8762856 7.976544 4.7257233

1499536337934 ROTATION_VECTOR -0.2946318 -0.33378276 0.6201918

1499536337936 ACCELEROMETER 2.2567291 2.701233 8.747452

1499536337940 GYROSCOPE -0.030670166 -0.008972168 -0.04333496

1499536337943 MAGNETIC_FIELD -14.811707 3.211975 -51.602173

1499536338130 GRAVITY 0.8049456 -7.448999 6.3273115

1499536338140 LINEAR_ACCELERATION 1.6832345 7.3310103 5.0042305

1499536338145 ROTATION_VECTOR -0.2654487 -0.3270075 0.6386865

1499536338148 ACCELEROMETER 2.2452698 2.4671326 9.154434

1499536338150 GYROSCOPE -0.120391846 0.09890747 -0.0390625

1499536338153 MAGNETIC_FIELD -14.407349 4.7943115 -52.912903

1499536338331 GRAVITY 1.6146376 -3.7542038 8.914555

1499536338335 LINEAR_ACCELERATION 1.0281056 4.8351336 3.5527153

1499536338340 ROTATION_VECTOR -0.15066282 -0.15094675 0.36253858

1499536338345 ACCELEROMETER 2.1048431 2.3459167 9.427139

1499536338348 GYROSCOPE 0.06866455 -0.090148926 -0.023040771

1499536338350 MAGNETIC_FIELD -13.554382 3.9367676 -51.609802

1499536338530 ACCELEROMETER 2.3504639 2.5642395 8.811752

1499536338534 GYROSCOPE -0.07232666 0.04336548 -0.031585693

1499536338536 MAGNETIC_FIELD -13.549805 3.779602 -52.57721

1499536338539 GRAVITY 2.1285481 -1.1032584 9.509074

1499536338541 LINEAR_ACCELERATION 0.85147154 3.370106 1.9329419

1499536338544 ROTATION_VECTOR -0.02514183 -0.1205821 0.26721781

1499536338735 GRAVITY 2.20665 0.28061104 9.551039

1499536338740 LINEAR_ACCELERATION 0.4577049 2.1595232 1.5526185

1499536338742 ROTATION_VECTOR 0.038842153 -0.107349165 0.21746942

1499536338744 ACCELEROMETER 2.2518005 2.417923 9.165482

1499536338746 GYROSCOPE -0.024261475 -0.03567505 -0.013427734

1499536338748 MAGNETIC_FIELD -13.941956 4.1000366 -53.189087

1499536338940 ACCELEROMETER 2.349701 2.611435 9.116394

1499536338948 GYROSCOPE 0.0045776367 0.009185791 0.00579834

1499536338958 MAGNETIC_FIELD -13.96637 4.109192 -52.082825

1499536338960 GRAVITY 2.2961087 1.1806521 9.460673

1499536338963 LINEAR_ACCELERATION 0.3758366 1.605937 0.9895334

1499536338968 ROTATION_VECTOR 0.08118386 -0.105114736 0.18007843

1499536339131 ACCELEROMETER 2.2935638 2.5560303 9.218765

1499536339131 GYROSCOPE 0.010986328 0.014526367 0.038909912

1499536339131 MAGNETIC_FIELD -13.998413 3.4835815 -52.78778

1499536339132 GRAVITY 2.285776 1.6870128 9.386139

1499536339132 LINEAR_ACCELERATION 0.22710156 1.0204632 0.74966335

1499536339132 ROTATION_VECTOR 0.10403053 -0.10304249 0.15209219

1499536339335 GRAVITY 2.3623352 2.1112127 9.280762

1499536339340 LINEAR_ACCELERATION 0.13003755 0.657972 0.36235714

1499536339342 ROTATION_VECTOR 0.12426281 -0.10663769 0.13009523

1499536339344 ACCELEROMETER 2.293396 2.604477 9.070389

1499536339346 GYROSCOPE 0.12527466 -0.085876465 -0.008087158

1499536339349 MAGNETIC_FIELD -13.812256 4.0664673 -51.818848

