1499536347430 ACCELEROMETER 1.8071594 8.459625 4.610153

1499536347434 GYROSCOPE 0.15518188 -0.043151855 0.38711548

1499536347435 MAGNETIC_FIELD 2.2323608 -47.59674 -10.499573

1499536347435 GRAVITY 1.4322644 8.4823065 4.708448

1499536347436 LINEAR_ACCELERATION 0.0 0.0 -0.0

1499536347436 ROTATION_VECTOR 0.0 0.0 0.0

1499536347631 ACCELEROMETER 1.8208618 8.223999 4.739624

1499536347632 GYROSCOPE -0.07873535 0.03375244 -0.0048828125

1499536347632 MAGNETIC_FIELD -0.6362915 -48.101807 -11.320496

1499536347633 GRAVITY 1.9304718 8.404698 4.669552

1499536347634 LINEAR_ACCELERATION 0.18847382 0.03870201 0.07749367

1499536347634 ROTATION_VECTOR 0.2280699 0.458152 0.8352792

1499536347832 ACCELEROMETER 1.2101593 8.289398 4.5194397

1499536347833 GYROSCOPE 0.11993408 -0.054901123 0.06668091

1499536347833 MAGNETIC_FIELD 1.3885498 -45.747375 -9.680176

1499536347834 GRAVITY 1.8414589 8.426888 4.6655073

1499536347835 LINEAR_ACCELERATION -0.32674503 -0.08209419 0.007874966

1499536347835 ROTATION_VECTOR 0.20200415 0.47044623 0.8434663

1499536348032 ACCELEROMETER 2.16391 8.929779 4.837494

1499536348033 GYROSCOPE 0.48950195 0.15872192 0.16174316

1499536348034 MAGNETIC_FIELD -0.6362915 -48.101807 -8.695984

1499536348034 GRAVITY 1.9423691 8.642697 4.2073016

1499536348035 LINEAR_ACCELERATION -0.12768722 0.044984818 0.15752888

1499536348035 ROTATION_VECTOR 0.20296793 0.49425837 0.83330476

1499536348269 ACCELEROMETER 1.6402893 8.773071 4.2693176

1499536348270 GYROSCOPE 0.9049988 0.6116028 0.010070801

1499536348271 GRAVITY 1.7190669 8.955732 3.6069467

1499536348271 LINEAR_ACCELERATION -0.25944114 -0.32875347 1.4065807

1499536348272 ROTATION_VECTOR 0.12773938 0.5475213 0.8263373

1499536348469 ACCELEROMETER 1.6195679 9.383972 1.751831

1499536348470 GYROSCOPE -0.03387451 0.3734131 0.11260986

1499536348470 MAGNETIC_FIELD 0.26245117 -45.93048 7.359314

1499536348471 GRAVITY 1.5740699 9.250603 2.8493948

1499536348472 LINEAR_ACCELERATION 0.1384728 0.06710911 -0.68838596

1499536348472 ROTATION_VECTOR -0.0795421 -0.5902494 -0.80281186

1499536348670 ACCELEROMETER 3.0171204 8.703506 2.832901

1499536348671 GYROSCOPE 1.2841797 -0.45651245 0.015411377

1499536348679 MAGNETIC_FIELD -2.0721436 -46.33789 10.253906

1499536348679 LINEAR_ACCELERATION 0.8262595 -0.14549828 0.6752089

1499536348680 GRAVITY 1.8404602 9.469067 1.7663189

1499536348681 ROTATION_VECTOR -0.090782374 -0.63379914 -0.76720315

1499536348871 ACCELEROMETER 2.668045 8.867676 -1.1113129

1499536348871 GYROSCOPE 1.4785767 -0.14782715 -0.30181885

1499536348872 MAGNETIC_FIELD -1.4724731 -42.744446 15.205383

1499536348873 GRAVITY 1.704766 9.629483 -0.73294604

1499536348874 LINEAR_ACCELERATION 1.2401656 -0.7898216 1.9361701

1499536348875 ROTATION_VECTOR -0.11032157 -0.7247062 -0.67997086

1499536349072 ACCELEROMETER 0.61987305 8.211884 -3.306244

1499536349073 GYROSCOPE 0.62301636 0.17047119 0.9062195

1499536349074 MAGNETIC_FIELD -1.9317627 -38.137817 24.957275

1499536349074 GRAVITY 2.1232827 9.125908 -2.8947992

1499536349075 LINEAR_ACCELERATION -1.5698423 -1.1481628 -1.202461

1499536349076 ROTATION_VECTOR -0.120611496 -0.7956422 -0.59182614

1499536349272 ACCELEROMETER 1.8307648 8.75769 -3.6250458

1499536349273 GYROSCOPE 0.14343262 -0.108306885 0.2685547

1499536349274 MAGNETIC_FIELD 0.15258789 -34.254456 30.218506

1499536349275 LINEAR_ACCELERATION -0.8418174 0.45918083 -0.1289823

1499536349275 GRAVITY 3.1023715 8.598589 -3.5510478

1499536349276 ROTATION_VECTOR -0.14644386 -0.8121621 -0.5568154

1499536349473 ACCELEROMETER 2.1593933 8.973846 -4.0646973

1499536349475 GYROSCOPE -0.2774048 0.20037842 0.12649536

1499536349475 MAGNETIC_FIELD -3.050232 -33.26416 30.52826

1499536349476 LINEAR_ACCELERATION -0.8686826 0.8287163 -0.6444905

1499536349477 GRAVITY 3.36126 8.543208 -3.4475935

1499536349478 ROTATION_VECTOR -0.1454278 -0.8090915 -0.55839163

1499536349674 ACCELEROMETER 2.4809875 9.226334 -2.9720306

1499536349675 GYROSCOPE -0.33187866 -0.13287354 0.38711548

1499536349676 MAGNETIC_FIELD -2.9281616 -35.40802 29.444885

1499536349677 LINEAR_ACCELERATION -1.7384233 0.19264603 -0.53636837

1499536349678 GRAVITY 3.6682475 8.5985365 -2.9630249

1499536349678 ROTATION_VECTOR -0.15982446 -0.7909035 -0.5784711

1499536349875 ACCELEROMETER 1.4269104 8.343338 -0.3300171

1499536349877 GYROSCOPE 0.98724365 0.7333679 1.1230469

1499536349878 MAGNETIC_FIELD -6.7245483 -35.829163 26.249695

1499536349878 LINEAR_ACCELERATION -4.1222477 1.2711096 2.6380637

1499536349879 GRAVITY 4.8563714 7.9733505 -3.0019548

1499536349880 ROTATION_VECTOR -0.16570671 -0.7909478 -0.5551922

1499536350075 ACCELEROMETER 7.9870605 6.894409 -2.8766327

1499536350076 LINEAR_ACCELERATION 1.2673211 0.35176897 0.35251927

1499536350077 GRAVITY 6.2085876 6.956819 -3.0375142

1499536350078 GYROSCOPE -0.1524353 0.11172485 0.20019531

1499536350079 MAGNETIC_FIELD -17.929077 -30.82428 27.389526

1499536350079 ROTATION_VECTOR -0.16583085 -0.79206705 -0.5091684

1499536350277 ACCELEROMETER 7.3986816 7.21434 -2.7465057

1499536350278 GRAVITY 5.8456774 6.852626 -3.8781402

1499536350279 GYROSCOPE 0.7383728 -1.0674744 -0.40542603

1499536350280 MAGNETIC_FIELD -24.621582 -25.567627 27.398682

1499536350281 LINEAR_ACCELERATION 2.50202 0.15246439 1.4552917

1499536350281 ROTATION_VECTOR -0.16330953 -0.8191826 -0.479964

1499536350477 ACCELEROMETER 4.986664 7.637039 -4.4095154

1499536350479 GYROSCOPE -0.49957275 0.47702026 0.33691406

1499536350480 MAGNETIC_FIELD -24.945068 -26.126099 26.35498

1499536350480 GRAVITY 5.50009 6.8362517 -4.3800755

1499536350481 LINEAR_ACCELERATION -0.3547778 1.0157895 -0.3074627

1499536350482 ROTATION_VECTOR -0.1787553 -0.83148557 -0.4699756

1499536350682 ACCELEROMETER 6.333893 7.3234406 -2.2753296

1499536350684 GRAVITY 6.0594716 6.631955 -3.9332378

1499536350684 ROTATION_VECTOR -0.1923833 -0.8145723 -0.4780205

1499536350686 LINEAR_ACCELERATION -0.15942097 0.8607054 1.2922204

1499536350686 GYROSCOPE 0.39764404 0.022003174 0.19805908

1499536350693 MAGNETIC_FIELD -23.344421 -25.032043 29.548645

1499536350883 ACCELEROMETER 6.787277 7.1143646 -2.2700348

1499536350884 GYROSCOPE -0.2432251 0.22174072 0.0132751465

1499536350885 MAGNETIC_FIELD -26.831055 -24.765015 25.558472

1499536350886 GRAVITY 6.3205304 6.4683714 -3.7922883

1499536350890 LINEAR_ACCELERATION 0.6682997 0.72946167 1.3300147

1499536350893 ROTATION_VECTOR -0.18130729 -0.81269956 -0.47083092

1499536351090 ACCELEROMETER 6.622452 6.9477386 -2.181015

1499536351093 GYROSCOPE 0.22994995 -0.14569092 0.08590698

1499536351095 MAGNETIC_FIELD -28.355408 -24.331665 24.732971

1499536351098 GRAVITY 6.4257584 6.4451947 -3.6523256

1499536351100 LINEAR_ACCELERATION 0.30165005 0.7026663 1.4228168

1499536351102 ROTATION_VECTOR -0.1781711 -0.80899435 -0.4724736

1499536351287 ACCELEROMETER 6.970459 6.9008026 -2.3191986

1499536351292 GYROSCOPE 0.12634277 -0.17880249 -0.009155273

1499536351294 MAGNETIC_FIELD -28.205872 -24.27063 23.771667

1499536351296 GRAVITY 6.3728786 6.293616 -3.9933946

1499536351299 LINEAR_ACCELERATION 0.52815676 0.62921333 1.7579942

1499536351301 ROTATION_VECTOR -0.18273391 -0.81866646 -0.45774585

1499536351500 ACCELEROMETER 9.0967865 5.655533 -11.214462

1499536351509 LINEAR_ACCELERATION 4.1503754 1.5470762 0.55489445

1499536351512 ROTATION_VECTOR -0.31385827 -0.8669282 -0.37006348

1499536351514 GRAVITY 4.2153325 5.59094 -6.866058

1499536351517 GYROSCOPE 0.49484253 -4.5516663 0.697937

1499536351519 MAGNETIC_FIELD -27.980042 -23.718262 26.927185

1499536351693 ACCELEROMETER 7.828125 1.3490906 -8.0876465

1499536351701 GYROSCOPE 0.7362366 -2.9259949 3.683319

1499536351703 MAGNETIC_FIELD -6.352234 -22.613525 38.764954

1499536351706 GRAVITY 0.017659703 2.2702959 -9.540222

1499536351708 LINEAR_ACCELERATION 8.273793 -1.4972675 -2.98419

1499536351710 ROTATION_VECTOR 0.62424916 0.7724823 0.091218226

1499536351889 ACCELEROMETER 6.8984833 4.151703 -6.804062

1499536351893 GRAVITY -1.0327792 0.3111093 -9.747151

1499536351898 LINEAR_ACCELERATION 7.608306 4.3110867 5.0721874

1499536351900 ROTATION_VECTOR 0.84317166 0.53481585 -0.036024913

1499536351902 GYROSCOPE 1.1047363 0.15551758 2.3962402

1499536351904 MAGNETIC_FIELD 9.928894 -28.894043 35.021973

1499536352092 ACCELEROMETER 10.899399 2.1983795 -7.689377

1499536352095 GYROSCOPE 3.251648 -0.79296875 -1.1627197

1499536352102 MAGNETIC_FIELD -3.3569336 -23.388672 38.70392

1499536352104 GRAVITY -1.0466938 -3.5698822 -9.07363

1499536352106 LINEAR_ACCELERATION 9.984409 4.561259 0.4033842

1499536352109 ROTATION_VECTOR -0.8307145 -0.52205336 0.14476335

1499536352293 ACCELEROMETER 7.0059204 0.45521545 -7.4449463

1499536352296 GYROSCOPE -0.7398987 -0.285614 -3.176117

1499536352300 MAGNETIC_FIELD -15.524292 -8.416748 42.77191

1499536352302 GRAVITY 0.26166275 -5.4941187 -8.118903

1499536352304 LINEAR_ACCELERATION 10.237891 7.7477913 -1.339324

1499536352307 ROTATION_VECTOR -0.6164122 -0.73074263 0.21497215

1499536352493 GRAVITY 1.5475943 -4.3259325 -8.663813

1499536352497 LINEAR_ACCELERATION 3.5345998 3.7872243 1.102418

1499536352500 ROTATION_VECTOR -0.46858358 -0.8498005 0.15976873

1499536352503 ACCELEROMETER 4.6960297 0.02154541 -8.730545

1499536352505 GYROSCOPE 0.08895874 -0.76412964 -0.50476074

1499536352508 MAGNETIC_FIELD -10.926819 -14.581299 42.097473

1499536352693 ACCELEROMETER -3.3328094 0.43693542 -7.530121

1499536352696 GYROSCOPE 1.9688416 -1.6976624 1.5353394

1499536352702 MAGNETIC_FIELD 4.248047 -20.605469 41.9693

1499536352704 GRAVITY -0.95710033 -5.9343176 -7.748434

1499536352707 LINEAR_ACCELERATION -2.6904573 5.4025474 -0.3926673

1499536352709 ROTATION_VECTOR -0.489068 -0.80985963 0.30042872

1499536352887 ACCELEROMETER 4.877136 -0.63668823 -10.868393

1499536352888 GYROSCOPE -3.8310242 2.9358215 0.90515137

1499536352889 MAGNETIC_FIELD 3.5552979 -20.219421 41.567993

1499536352889 GRAVITY -0.91341126 -3.7936258 -8.996915

1499536352890 LINEAR_ACCELERATION 6.4034076 3.597255 -1.9360723

1499536352890 ROTATION_VECTOR -0.62740797 -0.75171417 0.18213588

1499536353088 ACCELEROMETER 3.9073334 4.038925 -9.804123

1499536353090 GYROSCOPE -0.4045105 0.23776245 0.39672852

1499536353091 GRAVITY 1.7115699 0.457257 -9.645301

1499536353091 LINEAR_ACCELERATION 0.51013005 1.2345934 -2.4826393

1499536353092 MAGNETIC_FIELD 8.564758 -20.855713 40.888977

1499536353093 ROTATION_VECTOR -0.70274806 -0.7056335 -0.07842187

1499536353289 ACCELEROMETER 4.0449677 4.6051483 -10.165573

1499536353290 GYROSCOPE 0.22460938 -0.35076904 0.7235718

1499536353291 MAGNETIC_FIELD 1.3076782 -22.956848 40.04059

1499536353291 GRAVITY 1.8194453 0.7024809 -9.61075

1499536353292 LINEAR_ACCELERATION 3.3123531 4.7755265 -0.14224243

1499536353292 ROTATION_VECTOR -0.77510935 -0.6238729 -0.095199555

1499536353490 ACCELEROMETER 3.0558472 3.5872803 -9.728607

1499536353491 GYROSCOPE 1.4775085 -0.72888184 0.33798218

1499536353492 MAGNETIC_FIELD 3.9901733 -21.749878 41.836548

1499536353492 GRAVITY 0.98192924 -0.8968809 -9.716059

1499536353493 LINEAR_ACCELERATION 2.5721257 4.226819 -0.54260445

1499536353493 ROTATION_VECTOR -0.8128249 -0.57852983 -0.014304582

1499536353691 ACCELEROMETER -2.435257 2.7711945 -8.165253

1499536353692 GYROSCOPE 0.45639038 -1.1486511 0.57403564

1499536353692 MAGNETIC_FIELD 7.6812744 -21.16394 41.540527

1499536353693 GRAVITY -0.9151586 -2.523622 -9.432084

1499536353693 LINEAR_ACCELERATION -0.62642854 6.061113 0.11157799

1499536353694 ROTATION_VECTOR -0.80571586 -0.57595515 0.11387708

1499536353892 ACCELEROMETER -0.5795288 -0.13993835 -9.933945

1499536353893 GYROSCOPE -0.82214355 -1.2063293 0.29312134

1499536353893 MAGNETIC_FIELD 19.444275 -14.089966 42.32025

1499536353894 GRAVITY -3.1496687 -1.9556303 -9.078848

1499536353894 LINEAR_ACCELERATION 3.2497876 2.3728976 -1.3586693

1499536353895 ROTATION_VECTOR 0.8043161 0.5621103 -0.19234914

1499536354091 ACCELEROMETER -7.601074 6.2962494 -5.4692535

1499536354093 GRAVITY -4.5764613 -0.7319418 -8.642375

1499536354094 LINEAR_ACCELERATION -3.314736 6.540408 1.874536

1499536354094 GYROSCOPE 0.006713867 -0.07626343 0.042114258

1499536354095 MAGNETIC_FIELD 20.652771 -21.777344 38.5437

1499536354095 ROTATION_VECTOR 0.81159705 0.53098845 -0.22239089

1499536354294 ACCELEROMETER -4.418289 1.47258 -8.000961

1499536354295 GYROSCOPE 0.36026 -0.052764893 -0.07965088

1499536354295 MAGNETIC_FIELD 26.203918 -22.161865 32.21283

1499536354296 GRAVITY -4.6578474 -0.95541054 -8.576832

1499536354296 LINEAR_ACCELERATION 0.65796566 1.9933928 -0.1463356

1499536354297 ROTATION_VECTOR 0.8257779 0.5053589 -0.23549251

1499536354494 ACCELEROMETER -4.6403046 0.8247528 -9.268906

1499536354495 GYROSCOPE 0.19577026 0.6746216 0.45333862

1499536354495 MAGNETIC_FIELD 26.379395 -23.910522 31.816101

1499536354496 GRAVITY -4.210742 -1.1197317 -8.78557

1499536354497 LINEAR_ACCELERATION -1.1410375 2.3861508 0.024359703

1499536354497 ROTATION_VECTOR 0.8557946 0.46427903 -0.22178084

1499536354695 ACCELEROMETER -2.5520935 0.9910126 -9.641922

1499536354696 GYROSCOPE 0.0718689 -0.053833008 -0.089263916

1499536354696 MAGNETIC_FIELD 20.289612 -24.412537 36.62262

1499536354697 GRAVITY -3.648835 -1.0918301 -9.03683

1499536354698 LINEAR_ACCELERATION 0.34266782 1.7679646 -1.7336664

1499536354698 ROTATION_VECTOR 0.8879671 0.41504756 -0.19599389

1499536354896 ACCELEROMETER -3.45578 0.787796 -9.137787

1499536354897 GYROSCOPE 0.0024414063 0.0796814 0.049591064

1499536354898 MAGNETIC_FIELD 19.841003 -23.031616 37.48474

1499536354898 LINEAR_ACCELERATION 0.06016326 1.829831 -0.94628143

1499536354899 GRAVITY -3.6042275 -1.0660548 -9.057784

1499536354899 ROTATION_VECTOR 0.9013611 0.3864798 -0.19405402

1499536355095 ACCELEROMETER -2.9022522 0.96655273 -9.294739

1499536355097 LINEAR_ACCELERATION 0.16187334 1.7234544 -0.61645985

1499536355098 GRAVITY -3.513736 -0.96791023 -9.10424

1499536355098 GYROSCOPE 0.015258789 0.0070495605 -0.008087158

1499536355099 MAGNETIC_FIELD 22.15271 -22.154236 37.58087

1499536355099 ROTATION_VECTOR 0.9104204 0.36786097 -0.18798868

1499536355297 ACCELEROMETER -3.0846252 0.903244 -9.260025

1499536355298 GYROSCOPE -0.00289917 0.038024902 0.009002686

1499536355298 MAGNETIC_FIELD 21.032715 -22.608948 38.12256

1499536355299 LINEAR_ACCELERATION 0.28689504 1.7940015 -0.78977776

1499536355300 GRAVITY -3.447223 -0.87541133 -9.138966

1499536355300 ROTATION_VECTOR 0.9181636 0.35061836 -0.18326403

1499536355497 ACCELEROMETER -2.935089 0.9100952 -9.354858

1499536355498 GYROSCOPE -7.6293945E-4 -0.011108398 4.5776367E-4

1499536355499 MAGNETIC_FIELD 20.103455 -22.271729 37.64801

1499536355499 GRAVITY -3.2858531 -0.24781531 -9.236458

1499536355500 LINEAR_ACCELERATION 0.14065647 1.153775 -0.49275303

1499536355500 ROTATION_VECTOR 0.91454166 0.36679947 -0.16257577

1499536355698 ACCELEROMETER -3.0251007 0.86135864 -9.318481

1499536355699 GYROSCOPE 0.010986328 0.013458252 0.010070801

1499536355700 GRAVITY -3.1845026 0.1277468 -9.27432

1499536355700 LINEAR_ACCELERATION 0.09493089 0.7317435 -0.3472147

1499536355701 MAGNETIC_FIELD 20.127869 -21.14563 37.44812

1499536355701 ROTATION_VECTOR 0.92005634 0.35546458 -0.1511722

1499536355902 GRAVITY -3.1122975 0.38478765 -9.291713

1499536355904 ACCELEROMETER -2.9812164 0.9090271 -9.303406

1499536355905 ROTATION_VECTOR 0.9254538 0.34246293 -0.1439135

1499536355905 LINEAR_ACCELERATION 0.05575347 0.51314974 -0.22543907

1499536355906 GYROSCOPE -0.0061035156 -0.0036315918 -0.007019043

1499536355907 MAGNETIC_FIELD 20.570374 -21.795654 36.593628

1499536356106 ACCELEROMETER -2.9878387 0.8962097 -9.277679

1499536356112 GYROSCOPE -0.0018310547 -0.0068359375 -0.0016784668

1499536356121 MAGNETIC_FIELD 20.672607 -23.617554 36.54785

1499536356125 GRAVITY -3.0826614 0.56810886 -9.292192

1499536356128 LINEAR_ACCELERATION 0.04216051 0.35650432 -0.11533451

1499536356130 ROTATION_VECTOR 0.9311995 0.32655397 -0.14058729

1499536356309 ACCELEROMETER -2.949112 0.91578674 -9.323761

1499536356312 GYROSCOPE 0.0035095215 -0.0014953613 -0.0016784668

1499536356314 MAGNETIC_FIELD 20.21637 -22.57843 37.017822

1499536356316 GRAVITY -3.05256 0.676885 -9.294843

1499536356323 LINEAR_ACCELERATION 0.04603696 0.22589332 -0.098361015

1499536356325 ROTATION_VECTOR 0.936595 0.310958 -0.13865563

1499536356510 ACCELEROMETER -2.9716797 0.91275024 -9.286423

1499536356514 GYROSCOPE 0.0035095215 -0.0025634766 -6.1035156E-4

1499536356516 MAGNETIC_FIELD 20.196533 -22.129822 37.371826

1499536356518 GRAVITY -3.0213425 0.7513516 -9.29932

1499536356520 LINEAR_ACCELERATION 0.05075097 0.16649294 -0.06846428

1499536356522 ROTATION_VECTOR 0.9403345 0.2998407 -0.13690938

1499536356713 ACCELEROMETER -2.965332 0.89157104 -9.301895

1499536356718 GYROSCOPE 0.001373291 0.0017089844 0.0015258789

1499536356720 MAGNETIC_FIELD 20.820618 -22.746277 38.121033

1499536356722 GRAVITY -3.0041206 0.79930824 -9.3009

1499536356724 LINEAR_ACCELERATION 0.02162075 0.10748124 -0.046365738

1499536356726 ROTATION_VECTOR 0.94426864 0.2873512 -0.13643898

1499536356904 ACCELEROMETER -2.966568 0.88508606 -9.296707

1499536356905 GYROSCOPE -0.007171631 -0.011108398 -0.0016784668

1499536356906 MAGNETIC_FIELD 20.584106 -22.860718 36.48224

1499536356906 GRAVITY -2.9963357 0.8407132 -9.299761

1499536356907 LINEAR_ACCELERATION 0.023400545 0.07445073 -0.033891678

1499536356908 ROTATION_VECTOR 0.94743824 0.2766165 -0.13640907

1499536357102 ACCELEROMETER -2.9214935 0.88175964 -9.366348

1499536357103 GYROSCOPE 0.0024414063 -0.004699707 -6.1035156E-4

1499536357104 MAGNETIC_FIELD 20.539856 -21.980286 36.924744

1499536357104 GRAVITY -2.9846923 0.8513645 -9.302536

1499536357105 LINEAR_ACCELERATION 0.044541597 0.01622057 -0.041885376

1499536357105 ROTATION_VECTOR 0.9509437 0.26458165 -0.1367415

1499536357429 ACCELEROMETER -2.873581 0.9026642 -9.378235

1499536357446 GYROSCOPE -0.0025787354 -0.0036315918 2.4414063E-4

1499536357463 MAGNETIC_FIELD 19.908142 -23.28186 37.464905

1499536357466 GRAVITY -2.9550774 0.8645628 -9.31077

1499536357469 LINEAR_ACCELERATION 0.06996536 0.029796064 -0.06294918

1499536357472 ROTATION_VECTOR 0.9502358 0.26789764 -0.13476744

1499536357638 ACCELEROMETER -2.9112396 0.60343933 -9.409988

1499536357650 GRAVITY -3.0079422 0.97692454 -9.282687

1499536357653 LINEAR_ACCELERATION 0.1442976 -0.5741419 -0.1418581

1499536357654 ROTATION_VECTOR 0.9530298 0.2549892 -0.13712123

1499536357654 GYROSCOPE -0.3320465 -0.062301636 -0.14505005

1499536357655 MAGNETIC_FIELD 20.751953 -22.439575 36.315918

1499536357825 ACCELEROMETER -3.1319427 1.1833801 -9.268219

1499536357826 GYROSCOPE -0.16993713 -0.94784546 -0.6635742

1499536357826 MAGNETIC_FIELD 27.671814 -22.608948 30.245972

1499536357827 GRAVITY -4.203142 1.1696193 -8.782709

1499536357827 LINEAR_ACCELERATION 1.0169678 0.7239002 -0.65095615

1499536357828 ROTATION_VECTOR 0.9256457 0.30161825 -0.19031543

1499536357964 ACCELEROMETER -3.877304 2.1578674 -8.802689

1499536358034 GYROSCOPE 0.43341064 -1.5692749 -0.6289215

1499536358056 MAGNETIC_FIELD 39.483643 -15.545654 20.73059

1499536358066 GRAVITY -6.6479974 0.05670005 -7.209113

1499536358074 LINEAR_ACCELERATION 1.946557 1.5570276 -0.71177816

1499536358074 ROTATION_VECTOR 0.8513537 0.37783507 -0.3313618

1499536358226 ACCELEROMETER -6.9919586 -0.40055847 -6.181198

1499536358227 GYROSCOPE 1.0145264 -1.851532 -1.1022491

1499536358228 GRAVITY -8.507806 -2.3232756 -4.288358

1499536358228 LINEAR_ACCELERATION 0.7729988 1.0910039 -1.4054632

1499536358229 MAGNETIC_FIELD 47.07794 -3.6056519 6.1279297

1499536358229 ROTATION_VECTOR 0.7146813 0.45593423 -0.5065361

1499536358512 GRAVITY -7.6489615 -6.043054 1.0701762

1499536358518 LINEAR_ACCELERATION -0.37871647 2.5484862 -2.4962282

1499536358522 ROTATION_VECTOR 0.4108563 0.52595943 -0.7235213

1499536358526 ACCELEROMETER -8.438217 -2.7369843 -2.602478

1499536358529 ACCELEROMETER -7.201233 -4.669998 0.9326019

1499536358532 GYROSCOPE 1.1325073 -1.5385132 -1.1306763

1499536358534 MAGNETIC_FIELD 46.618652 7.8796387 -10.740662

1499536358699 ACCELEROMETER -4.965149 -4.4664764 2.6985168

1499536358701 GYROSCOPE 1.7552185 -2.5820618 -0.8454895

1499536358702 MAGNETIC_FIELD 40.37018 13.798523 -25.878906

1499536358702 GRAVITY -4.660331 -6.7930923 5.320301

1499536358703 LINEAR_ACCELERATION -1.8778834 1.7355933 -2.8547087

1499536358704 ROTATION_VECTOR 0.18471558 0.4411579 -0.8598667

1499536358902 ACCELEROMETER -0.37130737 -4.0554047 6.0424194

1499536358904 GRAVITY -0.41968334 -7.21354 6.6301656

1499536358905 LINEAR_ACCELERATION -2.1099763 3.4337363 -3.0054088

1499536358908 ROTATION_VECTOR -0.093943514 0.39131862 -0.87624097

1499536358909 GYROSCOPE -1.5473938 -2.9601746 -0.4321289

1499536358910 MAGNETIC_FIELD 24.336243 11.390686 -43.836975

1499536359107 ACCELEROMETER -0.43447876 -9.445145 11.417908

1499536359118 GRAVITY -1.723036 -8.654482 4.278021

1499536359121 LINEAR_ACCELERATION 2.8952994 3.966236 3.024147

1499536359123 ROTATION_VECTOR -0.002175125 0.5309208 -0.83042234

1499536359127 GYROSCOPE -1.1564636 7.110016 -0.06362915

1499536359130 MAGNETIC_FIELD 0.02746582 9.677124 -54.42505

1499536359309 ACCELEROMETER 0.017684937 -2.8292236 4.168228

1499536359315 GRAVITY -3.3074577 -9.07402 1.7009612

1499536359318 LINEAR_ACCELERATION 1.2064412 -1.7142134 6.4260163

1499536359321 ROTATION_VECTOR -0.29843712 -0.56939477 0.7591912

1499536359323 GYROSCOPE 0.031280518 0.04977417 0.00793457

1499536359326 MAGNETIC_FIELD 7.1517944 5.584717 -52.059937

1499536359509 ACCELEROMETER 0.28779602 0.01083374 9.708923

1499536359514 GRAVITY -3.268216 -8.973252 2.2293265

1499536359517 LINEAR_ACCELERATION 3.5701706 8.017892 7.6988916

1499536359520 ROTATION_VECTOR -0.3527995 -0.51173085 0.7581721

1499536359523 GYROSCOPE 0.009918213 0.020935059 0.010070801

1499536359525 MAGNETIC_FIELD 8.21228 -14.498901 -48.869324

1499536359711 GRAVITY -3.198477 -8.852248 2.7527869

1499536359715 LINEAR_ACCELERATION 3.4228594 7.608606 7.3205624

1499536359724 ROTATION_VECTOR -0.3285078 -0.50172657 0.77859926

1499536359727 ACCELEROMETER 0.5500641 -0.15614319 9.657562

1499536359730 GYROSCOPE -7.6293945E-4 -4.272461E-4 -0.002746582

1499536359733 MAGNETIC_FIELD 9.799194 -12.719727 -48.90747

1499536359914 ACCELEROMETER 0.5434723 -0.15562439 9.702637

1499536359923 GRAVITY -3.1173587 -8.712086 3.248387

1499536359926 LINEAR_ACCELERATION 3.1915712 7.2682047 6.9374075

1499536359929 ROTATION_VECTOR -0.30517885 -0.49116617 0.79753345

1499536359932 GYROSCOPE -0.02319336 0.017730713 0.0047302246

1499536359935 MAGNETIC_FIELD 8.49762 -12.861633 -48.8266

1499536360113 GRAVITY -3.2189226 -8.550863 3.562536

1499536360123 LINEAR_ACCELERATION 3.1432564 6.8697524 6.719716

1499536360129 ROTATION_VECTOR -0.29360497 -0.48182708 0.8111846

1499536360132 ACCELEROMETER 0.46972656 -0.30389404 9.693924

1499536360135 GYROSCOPE -0.17913818 0.08395386 0.18630981

1499536360138 MAGNETIC_FIELD 10.102844 -12.90741 -48.832703

1499536360312 ACCELEROMETER -0.22627258 -2.5956573 10.267426

1499536360321 GRAVITY -2.7527688 -7.8329873 5.218904

1499536360323 LINEAR_ACCELERATION 2.3557596 4.408654 6.685135

1499536360333 ROTATION_VECTOR -0.29693538 -0.3817582 0.8299722

1499536360336 GYROSCOPE -3.53302 0.05618286 0.35507202

1499536360338 MAGNETIC_FIELD 10.075378 -11.62262 -50.035095

1499536360511 ACCELEROMETER -3.1318207 -9.061066 6.424576

1499536360520 GRAVITY -0.3279415 -8.863421 4.183611

1499536360523 ROTATION_VECTOR -0.1547245 -0.51259685 0.81701416

1499536360526 LINEAR_ACCELERATION -2.2253919 -0.8635683 5.085885

1499536360534 GYROSCOPE 1.3407898 -5.023773 -1.2983704

1499536360537 MAGNETIC_FIELD 17.848206 12.890625 -47.86682

1499536360714 ACCELEROMETER 0.21798706 -6.608124 6.4758606

1499536360723 LINEAR_ACCELERATION -2.8638446 -0.5045872 4.5791655

1499536360726 ROTATION_VECTOR 0.13111165 -0.5438274 0.8279933

1499536360732 GRAVITY 2.5407417 -8.7323675 3.6688933

1499536360736 GYROSCOPE -1.2141418 -0.1307373 0.076293945

1499536360738 MAGNETIC_FIELD 11.129761 29.542542 -44.680786

1499536360909 ACCELEROMETER -0.47181702 -8.911255 4.452881

1499536360916 LINEAR_ACCELERATION -2.0798233 -2.226118 3.069549

1499536360917 ROTATION_VECTOR -0.34356672 0.5276801 -0.73678046

1499536360917 GRAVITY 2.4155488 -9.285121 2.030283

1499536360918 GYROSCOPE -0.2720642 -1.8664246 0.31555176

1499536360918 MAGNETIC_FIELD 3.2089233 35.22339 -44.802856

1499536361072 MAGNETIC_FIELD -2.1224976 37.95929 -42.897034

1499536361116 ACCELEROMETER 2.6229858 -8.790909 2.4209747

1499536361124 GRAVITY 3.1297014 -9.087779 -1.9461828

1499536361131 LINEAR_ACCELERATION -0.9728968 -1.0243378 5.8043714

1499536361136 ROTATION_VECTOR -0.53780097 0.5567745 -0.573734

1499536361138 GYROSCOPE -3.6312866 -0.6156616 -1.6925049

1499536361316 ACCELEROMETER 5.7095184 -8.169159 -2.8848572

1499536361323 GYROSCOPE -2.7372742 -1.694458 -0.87753296

1499536361326 MAGNETIC_FIELD -15.539551 47.691345 -28.465271

1499536361334 GRAVITY 3.8792274 -5.6411552 -7.02135

1499536361347 LINEAR_ACCELERATION 1.7546952 -5.244011 4.949652

1499536361351 ROTATION_VECTOR -0.8531342 0.3607648 -0.3176035

1499536361522 GYROSCOPE -1.2088013 0.37661743 -0.28259277

1499536361529 LINEAR_ACCELERATION 2.5655882 -6.4464607 2.418624

1499536361533 ROTATION_VECTOR -0.95614713 0.18457627 -0.20687792

1499536361536 GRAVITY 3.5377965 -2.519669 -8.792363

1499536361539 MAGNETIC_FIELD -22.41211 50.88501 -7.1731567

1499536361715 ACCELEROMETER 4.7487793 -6.5930786 -3.4799957

1499536361728 GYROSCOPE -0.1802063 0.23242188 -0.09887695

1499536361730 MAGNETIC_FIELD -25.265503 48.44818 3.8467407

1499536361732 GRAVITY 4.2859335 -1.4685557 -8.697385

1499536361735 LINEAR_ACCELERATION 1.593493 -4.5121574 1.0936508

1499536361739 ROTATION_VECTOR -0.9601617 0.14674045 -0.23404007

1499536361910 ACCELEROMETER 4.8862915 -5.410919 -6.23909

1499536361911 GYROSCOPE 0.7170105 -0.04421997 0.47470093

1499536361923 MAGNETIC_FIELD -25.630188 49.349976 6.1950684

1499536361924 GRAVITY 4.477293 -2.309577 -8.413685

1499536361924 LINEAR_ACCELERATION 2.4212108 -3.5275598 -0.9422703

1499536361924 ROTATION_VECTOR -0.93544954 0.23219109 -0.25930065

1499536362120 ACCELEROMETER 5.4575043 -6.3975525 -6.291107

1499536362125 GRAVITY 4.9210415 -3.7061374 -7.6300907

1499536362127 LINEAR_ACCELERATION 1.968183 -4.281623 0.5527539

1499536362129 ROTATION_VECTOR -0.88511616 0.32495493 -0.31886813

1499536362132 GYROSCOPE 0.796051 0.45458984 -0.7066345

1499536362134 MAGNETIC_FIELD -23.7854 50.543213 1.1642456

1499536362320 ACCELEROMETER 4.8371735 -6.782608 -3.0673676

1499536362323 GYROSCOPE 0.005645752 0.37234497 0.041046143

1499536362325 MAGNETIC_FIELD -24.969482 49.369812 -10.403442

1499536362328 GRAVITY 5.8002133 -4.3443475 -6.607159

1499536362330 LINEAR_ACCELERATION 1.3116212 -5.6379747 3.1706371

1499536362332 ROTATION_VECTOR -0.80221635 0.439682 -0.39985585

1499536362522 ACCELEROMETER 6.147232 -9.59668 -1.9125366

1499536362525 GYROSCOPE 0.1701355 -0.15530396 -0.105285645

1499536362527 MAGNETIC_FIELD -25.718689 49.057007 -11.5234375

1499536362529 GRAVITY 5.996122 -4.7012215 -6.173769

1499536362531 LINEAR_ACCELERATION 0.7858777 -4.233567 2.7884011

1499536362533 ROTATION_VECTOR 0.7054527 -0.56312627 0.43036178

1499536362722 ACCELEROMETER 5.2843018 -7.728836 -1.9712982

1499536362726 GYROSCOPE 1.7893982 -2.9601746 1.902771

1499536362728 MAGNETIC_FIELD -27.58789 49.041748 -13.066101

1499536362730 GRAVITY 3.3925946 -6.930183 -6.052541

1499536362732 LINEAR_ACCELERATION 2.145438 -3.3004441 1.6353879

1499536362734 ROTATION_VECTOR -0.6166262 0.6544966 -0.41791186

1499536362924 ACCELEROMETER 6.03302 -7.541443 -2.8301086

1499536362927 GYROSCOPE 0.30578613 -1.5812378 -0.9063721

1499536362929 MAGNETIC_FIELD -25.021362 48.075867 -16.73584

1499536362931 GRAVITY 0.7335446 -8.400203 -5.006885

1499536362933 LINEAR_ACCELERATION 3.9271393 -2.4437099 0.98908114

1499536362935 ROTATION_VECTOR -0.58287 0.64462596 -0.3944062

1499536363123 GRAVITY 0.119046986 -8.509956 -4.8720484

1499536363126 LINEAR_ACCELERATION 3.4949381 -0.56930256 1.7365675

1499536363130 ROTATION_VECTOR -0.5842757 0.63798684 -0.37461063

1499536363132 ACCELEROMETER 3.4764252 -7.8944244 -2.314972

1499536363135 GYROSCOPE -0.23147583 0.13735962 1.0664368

1499536363137 MAGNETIC_FIELD -37.379456 42.69867 -10.067749

1499536363329 ACCELEROMETER 6.006378 -10.361816 -2.6044922

1499536363333 GYROSCOPE -2.0515442 2.3408813 0.042114258

1499536363336 MAGNETIC_FIELD -32.86743 44.696045 -10.147095

1499536363338 GRAVITY 1.1215742 -7.4011874 -6.33521

1499536363340 LINEAR_ACCELERATION 4.205286 -5.5520344 3.556851

1499536363343 ROTATION_VECTOR -0.5337614 0.7335561 -0.37342903

1499536363526 ACCELEROMETER 2.792984 -9.649033 -0.6746979

1499536363529 GYROSCOPE 0.6411743 5.183136 -1.257782

1499536363531 MAGNETIC_FIELD -30.299377 46.45691 -17.376709

1499536363533 GRAVITY 6.408969 -6.3558154 -3.8339427

1499536363535 LINEAR_ACCELERATION 0.408154 -2.3021479 1.3741341

1499536363537 ROTATION_VECTOR 0.36915335 -0.74779844 0.5218806

1499536363726 GRAVITY 7.851824 -5.5906544 1.8066077

1499536363731 LINEAR_ACCELERATION -1.1970377 -4.9522333 -4.324907

1499536363733 ROTATION_VECTOR 0.1679716 -0.6161771 0.5954614

1499536363735 ACCELEROMETER 4.585251 -9.12825 -3.481491

1499536363738 GYROSCOPE -0.08728027 1.7245789 -0.5421448

1499536363740 MAGNETIC_FIELD -20.831299 44.210815 -28.88031

1499536363930 GRAVITY 7.325659 -4.671189 4.548088

1499536363935 LINEAR_ACCELERATION 0.25828505 -6.170291 -3.4973938

1499536363938 ROTATION_VECTOR 0.12409447 -0.5027053 0.6194289

1499536363940 ACCELEROMETER 5.1924896 -8.678406 -1.3861389

1499536363942 GYROSCOPE 1.8577576 1.0730286 -0.5635071

1499536363944 MAGNETIC_FIELD -20.219421 47.265625 -27.131653

1499536364130 ACCELEROMETER 6.1331024 -9.478287 4.4838104

1499536364135 GRAVITY 7.9674034 -1.6013345 5.48877

1499536364137 LINEAR_ACCELERATION 3.3098783 -2.5933828 -2.75523

1499536364140 ROTATION_VECTOR 0.27631757 -0.37920868 0.6504982

1499536364142 GYROSCOPE 1.6943359 -0.65197754 -1.2898254

1499536364144 MAGNETIC_FIELD -7.3623657 44.102478 -34.960938

1499536364329 ACCELEROMETER 8.170975 0.089416504 0.8308716

1499536364333 GYROSCOPE 2.1739197 -2.8202515 3.2122803

1499536364336 MAGNETIC_FIELD -10.791016 37.78076 -42.684937

1499536364340 GRAVITY 9.097952 -1.0718334 3.499833

1499536364342 LINEAR_ACCELERATION -6.250369 -3.7204118 1.0387762

1499536364344 ROTATION_VECTOR 0.47806895 -0.30497253 0.741472

1499536364532 ACCELEROMETER 7.371887 -11.67041 7.1752777

1499536364536 GYROSCOPE 1.0588074 0.83270264 -1.6572571

1499536364539 MAGNETIC_FIELD -1.3198853 23.963928 -42.21039

1499536364541 GRAVITY 9.279966 -1.8157314 2.5991776

1499536364543 LINEAR_ACCELERATION 4.8523583 -10.096165 6.8448973

1499536364545 ROTATION_VECTOR 0.56877744 -0.2096927 0.78515476

1499536364731 ACCELEROMETER 5.6481323 -5.87204 5.21579

1499536364735 GYROSCOPE -1.3294983 0.53790283 0.18417358

1499536364739 MAGNETIC_FIELD 3.9764404 21.058655 -43.374634

1499536364742 GRAVITY 8.908994 -0.79672676 4.020628

1499536364744 LINEAR_ACCELERATION -3.5330167 -4.423265 1.584897

1499536364746 ROTATION_VECTOR 0.51354134 -0.17686242 0.81507593

1499536364924 ACCELEROMETER 8.675018 -5.2937164 7.3695984

1499536364924 GYROSCOPE -0.94177246 1.9617004 -1.0954285

1499536364925 MAGNETIC_FIELD 2.545166 29.118347 -39.2807

1499536364925 GRAVITY 7.693666 -1.1146328 5.9779167

1499536364925 LINEAR_ACCELERATION 5.139108 -4.2055993 3.5406861

1499536364926 ROTATION_VECTOR 0.37104276 -0.23987153 0.8154257

1499536365134 ACCELEROMETER 11.790298 -4.719513 9.751968

1499536365139 GYROSCOPE 0.84198 1.901886 -2.5448608

1499536365142 MAGNETIC_FIELD 10.997009 33.48694 -33.81195

1499536365144 GRAVITY 4.799168 1.3405447 8.446379

1499536365146 LINEAR_ACCELERATION 2.3101459 -4.4838686 3.1973953

1499536365148 ROTATION_VECTOR 0.24476582 -0.09718148 0.76778513

1499536365333 ACCELEROMETER 0.6056824 -1.9138641 9.456192

1499536365336 GYROSCOPE -0.55618286 -0.5740051 -0.40222168

1499536365338 MAGNETIC_FIELD 7.0480347 28.405762 -38.61847

1499536365343 GRAVITY 3.1648452 2.519643 8.933395

1499536365346 LINEAR_ACCELERATION 2.4661262 -5.9133396 3.371255

1499536365348 ROTATION_VECTOR 0.20828108 -0.03380264 0.65731835

