1495739789199 ACCELEROMETER -1.4353638 3.1644135 7.5226593

1495739789202 GYROSCOPE 1.7991791 0.037124634 0.44389343

1495739789203 MAGNETIC_FIELD 6.0913086 -38.415527 -40.533447

1495739789204 GRAVITY -1.6815596 3.7620287 8.89887

1495739789204 LINEAR_ACCELERATION 0.0 0.0 -0.0

1495739789205 ROTATION_VECTOR 0.0 0.0 0.0

1495739789399 ACCELEROMETER -1.1932068 2.4541779 10.37355

1495739789400 GYROSCOPE -0.62117004 0.4056244 0.27619934

1495739789401 MAGNETIC_FIELD 7.9467773 -36.23047 -41.682434

1495739789401 GRAVITY -1.423708 3.38359 9.093666

1495739789402 LINEAR_ACCELERATION 0.11463392 -0.83681655 1.8076172

1495739789403 ROTATION_VECTOR 0.078426816 -0.17378524 -0.981333

1495739789601 ACCELEROMETER -3.6495056 3.2967682 8.595261

1495739789602 GYROSCOPE 2.2210846 -1.1986847 0.38407898

1495739789603 MAGNETIC_FIELD 6.765747 -42.788696 -37.58087

1495739789604 GRAVITY -1.6566598 4.3940163 8.609209

1495739789604 LINEAR_ACCELERATION -2.194485 -0.90951014 0.28513145

1495739789605 ROTATION_VECTOR 0.110910796 -0.22079693 -0.96366084

1495739789801 ACCELEROMETER -1.2353516 1.3575745 10.059708

1495739789802 GYROSCOPE 0.6787262 0.68333435 -1.1518707

1495739789803 MAGNETIC_FIELD 1.3656616 -44.132996 -34.298706

1495739789803 LINEAR_ACCELERATION 0.35595286 -3.7391133 2.2199988

1495739789804 GRAVITY -1.534481 5.372161 8.059506

1495739789805 ROTATION_VECTOR 0.089509204 -0.2847238 -0.9540899

1495739790002 ACCELEROMETER -4.069977 5.6302643 6.6585846

1495739790003 GYROSCOPE 0.05708313 1.4929657 0.5346832

1495739790004 GRAVITY -3.6134832 5.824124 7.0137515

1495739790005 LINEAR_ACCELERATION -0.6678605 0.16566563 0.121806145

1495739790005 MAGNETIC_FIELD 17.903137 -44.80591 -30.690002

1495739790006 ROTATION_VECTOR 0.20278047 -0.3182425 -0.9260012

1495739790233 ACCELEROMETER -4.128357 5.041336 8.896072

1495739790234 GYROSCOPE -0.26548767 0.001876831 -0.64985657

1495739790235 GRAVITY -4.7917724 5.3869805 6.6475368

1495739790235 LINEAR_ACCELERATION -0.4427452 -0.15356302 2.2306714

1495739790236 ROTATION_VECTOR -0.25522357 0.3097271 0.9152781

1495739790434 ACCELEROMETER -5.254135 4.3947906 6.4029694

1495739790435 GYROSCOPE 2.4133453 -1.7615814 -1.1048737

1495739790436 MAGNETIC_FIELD 14.764404 -46.46454 -28.501892

1495739790436 GRAVITY -4.7292123 5.7053432 6.422928

1495739790437 LINEAR_ACCELERATION -0.48780775 -0.79460335 -0.52171946

1495739790437 ROTATION_VECTOR -0.19587965 0.36626902 0.8913399

1495739790635 ACCELEROMETER -1.2988892 4.1710052 7.3426514

1495739790636 GYROSCOPE -0.3306427 0.9962921 -0.47575378

1495739790636 MAGNETIC_FIELD 13.146973 -49.00818 -27.185059

1495739790637 GRAVITY -4.6643324 5.94125 6.254274

1495739790637 LINEAR_ACCELERATION 4.227984 -2.3183618 2.7319431

1495739790638 ROTATION_VECTOR -0.13675998 0.40301055 0.8535921

1495739790836 ACCELEROMETER -5.381958 4.261627 8.697037

1495739790837 GYROSCOPE -1.2150421 0.16423035 0.94163513

1495739790837 MAGNETIC_FIELD 10.601807 -44.491577 -32.624817

1495739790838 LINEAR_ACCELERATION -0.60476255 -0.4800439 0.7193246

1495739790838 GRAVITY -5.2213144 5.0114923 6.6176434

1495739790839 ROTATION_VECTOR -0.20485663 0.3473152 0.8812112

1495739791037 ACCELEROMETER -4.5515137 1.6179352 5.7917175

1495739791039 LINEAR_ACCELERATION -0.76961803 -0.62243235 -0.5397253

1495739791039 GRAVITY -4.4200506 1.2168373 8.669074

1495739791040 GYROSCOPE -4.9053802 0.5807953 1.8089447

1495739791040 MAGNETIC_FIELD 14.457703 -45.295715 -31.156921

1495739791041 ROTATION_VECTOR -0.22778724 0.078187004 0.96870184

1495739791238 ACCELEROMETER -3.7691345 0.12263489 9.83786

1495739791238 GYROSCOPE 1.9850311 0.33406067 0.15657043

1495739791239 MAGNETIC_FIELD 14.955139 -27.287292 -46.170044

1495739791239 GRAVITY -4.7828116 -0.41020757 8.551423

1495739791240 LINEAR_ACCELERATION 1.1398692 1.1924273 0.54155064

1495739791241 ROTATION_VECTOR 0.25115323 0.030345382 -0.9668897

1495739791438 ACCELEROMETER -6.225357 0.49928284 6.184845

1495739791439 GYROSCOPE -0.6040802 1.0550385 -1.1251678

1495739791448 MAGNETIC_FIELD 21.998596 -27.050781 -45.251465

1495739791448 GRAVITY -5.984599 0.30953667 7.7626767

1495739791449 LINEAR_ACCELERATION -0.75919867 -0.11037046 -1.5081487

1495739791449 ROTATION_VECTOR -0.32202783 0.022621403 0.9462987

1495739791639 ACCELEROMETER -6.008499 1.547226 7.3046417

1495739791640 GYROSCOPE 1.1604462 0.38426208 0.32746887

1495739791641 MAGNETIC_FIELD 27.0401 -22.87445 -45.106506

1495739791642 GRAVITY -6.974045 0.3850651 6.883663

1495739791643 LINEAR_ACCELERATION 0.5855546 1.3963709 0.98821783

1495739791643 ROTATION_VECTOR -0.38131684 0.06023571 0.91773075

1495739791840 ACCELEROMETER -5.770218 0.51675415 7.1073

1495739791841 GYROSCOPE 0.6295929 -0.49586487 0.1405487

1495739791842 MAGNETIC_FIELD 26.516724 -25.813293 -44.470215

1495739791843 GRAVITY -6.8401895 1.8402935 6.7819996

1495739791843 LINEAR_ACCELERATION 0.60732555 -1.1861758 0.53581285

1495739791844 ROTATION_VECTOR -0.36239046 0.15128592 0.91158617

1495739792047 GRAVITY -5.8886743 2.19462 7.528449

1495739792047 LINEAR_ACCELERATION 0.7193227 -0.6362407 -0.9389591

1495739792048 ROTATION_VECTOR -0.292715 0.17456761 0.9247704

1495739792048 ACCELEROMETER -5.1504517 1.3779755 6.227722

1495739792048 GYROSCOPE 0.58366394 -0.9957428 -0.76734924

1495739792049 MAGNETIC_FIELD 22.566223 -35.69336 -38.74359

1495739792247 ROTATION_VECTOR -0.25703073 0.18655194 0.9273669

1495739792248 LINEAR_ACCELERATION -0.35869074 0.5216088 1.0857439

1495739792248 GRAVITY -5.3987856 2.3959966 7.8283267

1495739792248 ACCELEROMETER -5.3923492 2.6265411 8.105713

1495739792249 GYROSCOPE 0.23652649 0.19413757 0.05189514

1495739792249 MAGNETIC_FIELD 18.348694 -39.801025 -38.012695

1495739792448 GRAVITY -5.0517344 2.810563 7.9215593

1495739792449 LINEAR_ACCELERATION 0.67746305 0.3911426 0.19234705

1495739792449 ROTATION_VECTOR -0.2382936 0.1983155 0.9342649

1495739792450 ACCELEROMETER -4.1824646 2.8278503 7.7946625

1495739792450 GYROSCOPE 0.098739624 -0.50975037 0.18006897

1495739792450 MAGNETIC_FIELD 15.499878 -41.441345 -37.77466

1495739792650 LINEAR_ACCELERATION 0.9783745 0.44404435 1.0552759

1495739792652 GRAVITY -5.9540634 2.6576972 7.325037

1495739792656 ACCELEROMETER -4.434189 3.0843048 7.8374023

1495739792659 ROTATION_VECTOR -0.29836673 0.19366045 0.9232643

1495739792661 GYROSCOPE -0.24305725 1.7397003 -0.29844666

1495739792664 MAGNETIC_FIELD 12.4435425 -42.131042 -36.053467

1495739792856 GRAVITY -7.1577477 2.4915683 6.223272

1495739792863 LINEAR_ACCELERATION 2.0536776 0.576921 2.0027556

1495739792875 ROTATION_VECTOR -0.37744474 0.20059136 0.8934144

1495739792881 ACCELEROMETER -4.805847 2.956192 8.06044

1495739792884 GYROSCOPE 0.12010193 0.13539124 0.113845825

1495739792886 MAGNETIC_FIELD 16.174316 -41.456604 -37.368774

1495739793052 GRAVITY -6.9863367 2.6302412 6.3595066

1495739793056 LINEAR_ACCELERATION 1.2730794 0.9555042 0.9515338

1495739793058 ROTATION_VECTOR -0.36421904 0.20760515 0.8965708

1495739793061 ACCELEROMETER -5.319931 3.2532043 7.131653

1495739793063 GYROSCOPE -0.03691101 -0.2801056 -0.067733765

1495739793068 MAGNETIC_FIELD 18.519592 -42.0578 -34.799194

1495739793256 GRAVITY -6.8271813 2.5229619 6.5722632

1495739793259 LINEAR_ACCELERATION 1.4066262 0.92896295 1.2154932

1495739793261 ROTATION_VECTOR -0.35545567 0.1963647 0.90347296

1495739793264 ACCELEROMETER -4.996338 3.4020538 7.2253265

1495739793266 GYROSCOPE 0.0901947 0.05101013 -0.20445251

1495739793270 MAGNETIC_FIELD 19.747925 -43.29834 -34.35974

1495739793457 GRAVITY -6.738924 2.4325702 6.696259

1495739793460 LINEAR_ACCELERATION 1.8532896 0.7793639 1.295989

1495739793464 ROTATION_VECTOR -0.35166696 0.18685864 0.9080543

1495739793466 ACCELEROMETER -4.731903 3.1660614 7.632187

1495739793470 GYROSCOPE -0.11595154 -0.10600281 0.030532837

1495739793473 MAGNETIC_FIELD 19.825745 -42.55371 -33.854675

1495739793660 GRAVITY -6.574667 2.3598878 6.882955

1495739793663 LINEAR_ACCELERATION 1.1814575 0.9273207 1.0247669

1495739793665 ROTATION_VECTOR -0.34546575 0.17239602 0.91601807

1495739793667 ACCELEROMETER -4.847595 3.1098328 7.576355

1495739793669 GYROSCOPE -0.09138489 -0.020553589 -0.0036468506

1495739793675 MAGNETIC_FIELD 17.903137 -42.12799 -34.95636

1495739793859 GRAVITY -6.426717 2.2581022 7.0546913

1495739793862 LINEAR_ACCELERATION 1.1975155 0.6435597 0.9567938

1495739793866 ROTATION_VECTOR -0.34066927 0.15574108 0.9233657

1495739793868 ACCELEROMETER -4.980957 2.9417877 7.6230316

1495739793870 GYROSCOPE -0.14585876 -0.07929993 0.04548645

1495739793875 MAGNETIC_FIELD 19.024658 -43.722534 -34.61609

1495739794059 GRAVITY -6.600984 2.2771897 6.885623

1495739794064 LINEAR_ACCELERATION 1.0546999 1.2272778 0.38858652

1495739794066 ROTATION_VECTOR -0.35529405 0.15065551 0.920348

1495739794068 ACCELEROMETER -5.0526886 3.2019806 6.879059

1495739794070 GYROSCOPE 0.121170044 0.38746643 -0.09764099

1495739794074 MAGNETIC_FIELD 17.81311 -42.52472 -35.334778

1495739794260 ACCELEROMETER -4.542572 3.3689423 7.1974945

1495739794265 GYROSCOPE -0.06468201 -0.068618774 0.04548645

1495739794267 MAGNETIC_FIELD 18.252563 -43.266296 -35.598755

1495739794269 GRAVITY -6.741459 2.3506649 6.722908

1495739794271 LINEAR_ACCELERATION 2.0589914 1.0771353 0.70557547

1495739794274 ROTATION_VECTOR -0.36567333 0.15333003 0.9162891

1495739794460 GRAVITY -6.6799803 2.1740632 6.8426385

1495739794465 LINEAR_ACCELERATION 1.1528502 0.9500501 1.2370434

1495739794467 ROTATION_VECTOR -0.36116406 0.14381604 0.91944104

1495739794470 ACCELEROMETER -4.9252777 2.9617615 7.5236206

1495739794472 GYROSCOPE -0.016616821 0.0040130615 -0.29737854

1495739794474 MAGNETIC_FIELD 18.934631 -43.013 -34.248352

1495739794662 GRAVITY -6.4615273 1.9371753 7.1180344

1495739794667 LINEAR_ACCELERATION 0.7741337 0.26350987 1.4055567

1495739794669 ROTATION_VECTOR -0.3470672 0.12894043 0.92700636

1495739794671 ACCELEROMETER -5.536484 2.2804565 8.236023

1495739794674 GYROSCOPE -0.09992981 -0.29933167 0.05189514

1495739794676 MAGNETIC_FIELD 21.977234 -41.493225 -35.368347

1495739794865 GRAVITY -5.75616 1.5782213 7.7811456

1495739794868 LINEAR_ACCELERATION 1.0800014 1.1254218 0.5128045

1495739794870 ROTATION_VECTOR -0.30784047 0.09222923 0.94669604

1495739794873 ACCELEROMETER -4.371353 2.7668152 7.727722

1495739794875 GYROSCOPE -0.6617584 -0.506546 0.14588928

1495739794877 MAGNETIC_FIELD 19.476318 -39.398193 -37.22534

1495739795065 GRAVITY -5.4117846 0.92780375 8.1254015

1495739795068 LINEAR_ACCELERATION 1.3086939 1.0776203 0.7235813

1495739795071 ROTATION_VECTOR 0.29030812 -0.0379607 -0.955424

1495739795073 ACCELEROMETER -3.9737396 1.8087769 8.291061

1495739795075 GYROSCOPE -0.37443542 0.20481873 0.03907776

1495739795077 MAGNETIC_FIELD 13.124084 -38.12561 -41.992188

1495739795267 GRAVITY -5.441703 1.1611497 8.075271

1495739795270 ACCELEROMETER -3.6383057 1.9507294 9.250977

1495739795273 LINEAR_ACCELERATION 1.4203148 0.90592575 1.4354625

1495739795275 ROTATION_VECTOR 0.29407346 -0.042386305 -0.9526952

1495739795277 GYROSCOPE 0.547348 -0.041915894 0.044418335

1495739795279 MAGNETIC_FIELD 11.077881 -35.203552 -45.581055

1495739795467 GRAVITY -5.3873925 1.601436 8.03628

1495739795470 LINEAR_ACCELERATION 2.1486688 -0.048242092 0.6779375

1495739795472 ROTATION_VECTOR 0.29278448 -0.06738708 -0.95192564

1495739795475 ACCELEROMETER -3.1538544 1.6275635 8.245178

1495739795477 GYROSCOPE 0.01008606 0.09480286 -0.067733765

1495739795479 MAGNETIC_FIELD 9.480286 -36.59973 -43.917847

1495739795668 GRAVITY -5.523777 1.4210243 7.977403

1495739795671 LINEAR_ACCELERATION 1.6014619 0.8489698 2.0565782

1495739795674 ACCELEROMETER -3.526413 2.0950165 9.507904

1495739795676 ROTATION_VECTOR 0.29952794 -0.059570484 -0.9507611

1495739795678 GYROSCOPE -0.13838196 0.17918396 -0.1478424

1495739795680 MAGNETIC_FIELD 9.132385 -37.117004 -43.858337

1495739795869 GRAVITY -5.78257 1.4073129 7.7943406

1495739795872 LINEAR_ACCELERATION 2.067285 0.48204195 0.72004986

1495739795874 ROTATION_VECTOR 0.31469053 -0.059742067 -0.9460749

1495739795876 ACCELEROMETER -3.4839325 1.8505554 8.306

1495739795879 GYROSCOPE 0.19166565 0.24220276 -0.010055542

1495739795881 MAGNETIC_FIELD 10.971069 -36.068726 -43.577576

1495739796069 GRAVITY -5.841348 1.8100545 7.666338

1495739796072 LINEAR_ACCELERATION 1.5790939 0.71848834 0.5110135

1495739796075 ROTATION_VECTOR 0.31978598 -0.08284003 -0.9428187

1495739796077 ACCELEROMETER -3.8429413 2.3601074 7.8344574

1495739796079 GYROSCOPE 0.2589569 -0.06755066 0.02305603

1495739796081 MAGNETIC_FIELD 10.43396 -37.44812 -43.03589

1495739796270 GRAVITY -5.9943657 2.4476883 7.365242

1495739796273 LINEAR_ACCELERATION 1.5612764 0.50223637 1.7380028

1495739796275 ACCELEROMETER -4.0662994 2.6981354 8.601837

1495739796278 ROTATION_VECTOR 0.33304617 -0.116436325 -0.9344609

1495739796280 GYROSCOPE 0.37217712 0.4686432 0.20570374

1495739796282 MAGNETIC_FIELD 12.6297 -39.718628 -41.23535

1495739796475 GRAVITY -6.0240235 2.7471302 7.23428

1495739796479 LINEAR_ACCELERATION 2.2213411 -0.3786981 2.4327836

1495739796482 ROTATION_VECTOR 0.3359857 -0.13515912 -0.9311589

1495739796484 ACCELEROMETER -3.5388184 2.3393402 9.319077

1495739796486 GYROSCOPE 0.01008606 -0.2181549 -0.1328888

1495739796488 MAGNETIC_FIELD 12.3703 -39.39209 -40.48462

1495739796670 ACCELEROMETER -3.6556091 2.2633667 8.425232

1495739796683 GRAVITY -5.8026733 2.6291094 7.455679

1495739796685 LINEAR_ACCELERATION 1.8950238 -0.22434592 1.2943468

1495739796687 ROTATION_VECTOR 0.32101378 -0.12967774 -0.93734676

1495739796689 GYROSCOPE -0.028366089 -0.008804321 -0.025009155

1495739796691 MAGNETIC_FIELD 11.575317 -38.554382 -40.977478

1495739796878 ACCELEROMETER -3.8867035 2.2231598 8.6831665

1495739796884 GRAVITY -5.595065 2.4773357 7.6634483

1495739796886 LINEAR_ACCELERATION 1.4107027 -0.18247247 1.5368333

1495739796888 ROTATION_VECTOR 0.30837262 -0.119076505 -0.9426818

1495739796890 GYROSCOPE -0.07536316 -0.1829071 -0.07627869

1495739796893 MAGNETIC_FIELD 11.0824585 -38.163757 -42.13562

1495739797068 GRAVITY -5.3752117 2.3457308 7.8597093

1495739797069 LINEAR_ACCELERATION 1.2945762 -0.2054081 1.4733934

1495739797069 ROTATION_VECTOR 0.29458708 -0.11173541 -0.9479329

1495739797069 ACCELEROMETER -3.81987 2.0393677 8.9767

1495739797070 GYROSCOPE 0.05281067 -0.046188354 -0.096572876

1495739797070 MAGNETIC_FIELD 13.21106 -36.73401 -42.211914

1495739797269 ROTATION_VECTOR 0.2928117 -0.11568293 -0.9482237

1495739797270 LINEAR_ACCELERATION 1.6826 -0.43917966 1.0147257

1495739797270 GRAVITY -5.3507195 2.3917365 7.862556

1495739797270 ACCELEROMETER -3.4550476 1.8112793 8.654602

1495739797271 GYROSCOPE 0.18952942 0.05848694 -0.13075256

1495739797271 MAGNETIC_FIELD 12.295532 -36.650085 -42.13867

1495739797479 GRAVITY -4.840294 2.262635 8.223286

1495739797486 ACCELEROMETER -3.4712982 1.7490997 8.802704

1495739797488 LINEAR_ACCELERATION 1.1489444 -0.44780707 1.0342813

1495739797490 ROTATION_VECTOR -0.25486594 0.12558849 0.9585834

1495739797493 GYROSCOPE 0.10621643 0.04246521 -0.074142456

1495739797495 MAGNETIC_FIELD 11.717224 -36.694336 -43.45703

1495739797671 GRAVITY -4.4139137 2.2438 8.464816

1495739797675 LINEAR_ACCELERATION 0.83961153 -0.36468172 0.7116394

1495739797677 ROTATION_VECTOR -0.22588845 0.13186696 0.9635583

1495739797679 ACCELEROMETER -3.4662933 1.8313446 8.85643

1495739797682 GYROSCOPE 0.18205261 -0.02268982 -0.030349731

1495739797684 MAGNETIC_FIELD 12.200928 -35.35309 -44.56787

1495739797878 GRAVITY -4.05889 2.2117784 8.648921

1495739797890 LINEAR_ACCELERATION 0.6685498 -0.28012037 0.47822857

1495739797903 ROTATION_VECTOR -0.20390221 0.13210467 0.96724087

1495739797906 ACCELEROMETER -3.2332458 1.8105316 8.836487

1495739797908 GYROSCOPE -0.025161743 0.021102905 0.0016937256

1495739797910 MAGNETIC_FIELD 11.193848 -37.384033 -44.430542

1495739798072 GRAVITY -3.909582 2.1052861 8.743759

1495739798076 LINEAR_ACCELERATION 0.46212792 -0.21853256 0.32954693

1495739798078 ROTATION_VECTOR -0.19665848 0.12457045 0.9700985

1495739798081 ACCELEROMETER -3.3144836 1.8300323 8.826508

1495739798083 GYROSCOPE 0.07203674 0.07771301 -0.07093811

1495739798085 MAGNETIC_FIELD 10.85968 -36.23047 -42.485046

1495739798282 ACCELEROMETER -3.540329 2.0223389 8.603485

1495739798288 GRAVITY -3.84038 2.1340685 8.767418

1495739798291 LINEAR_ACCELERATION 0.19131684 -0.05948639 0.09872913

1495739798293 ROTATION_VECTOR -0.19391902 0.12402219 0.9712889

1495739798296 GYROSCOPE 0.020767212 -0.057937622 0.014511108

1495739798298 MAGNETIC_FIELD 11.846924 -38.0188 -43.85376

1495739798483 ACCELEROMETER -3.6451263 2.1950989 8.590683

1495739798489 GRAVITY -3.7804375 2.223427 8.771262

1495739798492 LINEAR_ACCELERATION 0.01326108 0.07262063 0.07192421

1495739798494 ROTATION_VECTOR -0.19338937 0.124058925 0.97251755

1495739798497 GYROSCOPE 0.027175903 0.026443481 0.033737183

1495739798499 MAGNETIC_FIELD 11.857605 -37.261963 -41.81671

1495739798684 ACCELEROMETER -3.1277008 1.0694122 8.110687

1495739798691 GRAVITY -3.6733043 0.8752069 9.050483

1495739798693 LINEAR_ACCELERATION 0.4986682 0.0072500706 -0.6827555

1495739798696 ROTATION_VECTOR 0.19117746 -0.04477717 -0.98052645

1495739798698 GYROSCOPE -1.5045013 -0.154068 -0.119003296

1495739798700 MAGNETIC_FIELD 10.392761 -36.987305 -43.403625

1495739798869 ACCELEROMETER -0.28378296 -1.7319794 11.250214

1495739798876 GRAVITY -3.4020925 -0.6177356 9.176849

1495739798879 LINEAR_ACCELERATION 3.2791238 -1.2198181 2.4373417

1495739798881 ROTATION_VECTOR 0.17526871 0.03730686 -0.9833677

1495739798883 GYROSCOPE -0.049728394 0.070236206 0.060440063

1495739798884 MAGNETIC_FIELD 2.1148682 -27.51007 -51.133728

1495739799082 ACCELEROMETER -0.42463684 -0.7927704 8.081421

1495739799087 GYROSCOPE -0.16508484 0.6171112 0.97901917

1495739799089 MAGNETIC_FIELD -10.784912 -15.736389 -55.767822

1495739799093 GRAVITY -3.9374158 -0.47829065 8.968744

1495739799095 LINEAR_ACCELERATION 3.2779725 -0.28374946 -0.69204617

1495739799099 ROTATION_VECTOR 0.20106165 0.047911406 -0.9721609

1495739799285 ACCELEROMETER 1.953064 -1.2391205 8.71521

1495739799294 GYROSCOPE 0.82933044 1.2344818 -0.6925812

1495739799306 MAGNETIC_FIELD -19.102478 -19.252014 -53.84369

1495739799330 GRAVITY -5.235469 0.1582969 8.290669

1495739799330 LINEAR_ACCELERATION 7.191335 -1.4263091 1.1430998

1495739799331 ROTATION_VECTOR 0.2766573 0.027463535 -0.95257354

1495739799471 ACCELEROMETER -0.22796631 -0.7048187 9.825821

1495739799472 GYROSCOPE -0.6468048 -2.5124664 -0.1820221

1495739799473 MAGNETIC_FIELD -15.168762 -18.901062 -55.589294

1495739799473 GRAVITY -3.9450436 -0.17727584 8.976391

1495739799473 LINEAR_ACCELERATION 3.3246057 -0.5011058 1.2961617

1495739799474 ROTATION_VECTOR 0.20435235 0.023907397 -0.97610116

1495739799684 ACCELEROMETER 2.7645416 -0.37734985 9.638382

1495739799704 GYROSCOPE 0.1884613 -0.75328064 -1.0963287

1495739799719 MAGNETIC_FIELD -20.095825 -21.409607 -52.938843

1495739799730 GRAVITY -0.61105597 -1.0534223 9.73074

1495739799730 LINEAR_ACCELERATION 3.4824715 0.730891 0.20917988

1495739799730 ROTATION_VECTOR 0.028030377 0.055539567 -0.9963708

1495739799873 GRAVITY 1.9908605 -1.008985 9.549284

1495739799874 LINEAR_ACCELERATION 3.2966979 0.778976 -0.39880276

1495739799875 ACCELEROMETER 4.96904 -0.061019897 8.712921

1495739799875 GYROSCOPE -0.08177185 -1.4934845 -0.99165344

1495739799875 MAGNETIC_FIELD -26.478577 -21.549988 -50.675964

1495739799876 ROTATION_VECTOR -0.10222775 0.051686987 -0.99341685

1495739800078 GRAVITY 4.219709 -1.7437301 8.678931

1495739800080 LINEAR_ACCELERATION 0.6113193 0.9132763 -0.8876686

1495739800085 ROTATION_VECTOR 0.21582454 -0.10448649 0.96913606

1495739800087 ACCELEROMETER 4.651016 -0.7545624 7.422989

1495739800124 GYROSCOPE -1.1157074 -0.7351227 -0.7513275

1495739800128 MAGNETIC_FIELD -32.00836 -27.389526 -41.156006

1495739800280 GRAVITY 6.7472997 -3.1619637 6.375447

1495739800284 LINEAR_ACCELERATION 1.5073619 3.4105015 0.038172722

1495739800286 ROTATION_VECTOR 0.34303024 -0.23931766 0.89509165

1495739800289 ACCELEROMETER 7.6546326 0.33674622 6.1150513

1495739800291 GYROSCOPE -2.04924 -2.2080536 -1.6795197

1495739800295 MAGNETIC_FIELD -34.951782 -27.69928 -37.605286

1495739800493 GRAVITY 2.251747 -7.3460755 6.0938654

1495739800500 LINEAR_ACCELERATION 6.1580505 5.2601237 3.2810302

1495739800501 ROTATION_VECTOR 0.01765994 -0.4347269 0.8708564

1495739800502 ACCELEROMETER 8.405991 -1.680069 8.458664

1495739800502 GYROSCOPE -2.5800934 9.108627 5.2269135

1495739800503 MAGNETIC_FIELD -28.941345 -27.888489 -42.63611

1495739800675 ACCELEROMETER 2.6087036 -0.9912567 0.8614502

1495739800676 GYROSCOPE 1.4798126 -4.0996857 -7.605423

1495739800677 MAGNETIC_FIELD -2.3391724 30.001831 -46.466064

1495739800677 GRAVITY 0.99789315 -7.2564735 6.520597

1495739800678 LINEAR_ACCELERATION 1.4862936 5.288224 -5.790307

1495739800678 ROTATION_VECTOR -0.1474559 -0.38183615 0.7984164

1495739800877 ACCELEROMETER -5.0478363 -10.243652 1.9176025

1495739800878 GYROSCOPE -1.037735 1.4758759 -11.524338

1495739800879 MAGNETIC_FIELD -4.0405273 53.833008 -16.94336

1495739800879 GRAVITY 7.9275193 3.215685 4.7941833

1495739800880 LINEAR_ACCELERATION -12.156331 -13.563897 -1.791667

1495739800880 ROTATION_VECTOR 0.23573644 -0.44720578 0.08593222

1495739801077 ACCELEROMETER 5.2486725 -0.028076172 0.11230469

1495739801079 GYROSCOPE 0.01222229 -0.07182312 0.0059661865

1495739801080 MAGNETIC_FIELD -47.125244 27.998352 -15.72113

1495739801081 GRAVITY -0.15029788 8.043947 5.60738

1495739801081 LINEAR_ACCELERATION 6.3078213 -5.484347 -4.4504437

1495739801082 ROTATION_VECTOR 0.42282653 -0.18793857 -0.37514088

1495739801277 ACCELEROMETER 9.953812 -0.22573853 -0.83013916

1495739801279 GYROSCOPE 0.018630981 -1.1527557 0.011306763

1495739801280 MAGNETIC_FIELD -50.117493 25.822449 -15.570068

1495739801280 GRAVITY 1.2212963 8.033791 5.48972

1495739801281 LINEAR_ACCELERATION 9.045261 -6.1627054 -4.9245224

1495739801282 ROTATION_VECTOR 0.424846 -0.19901773 -0.2501787

1495739801479 ACCELEROMETER 9.158463 -2.7328796 -5.2353516

1495739801480 GYROSCOPE -0.5624237 -0.71055603 0.56459045

1495739801480 MAGNETIC_FIELD -50.708008 24.403381 -6.3323975

1495739801481 GRAVITY 3.45953 7.5476475 5.218722

1495739801482 LINEAR_ACCELERATION 6.7752047 -8.101521 -8.659143

1495739801483 ROTATION_VECTOR 0.3592482 -0.32382092 -0.26182976

1495739801680 ACCELEROMETER 8.323669 -0.6183014 -5.229019

1495739801681 GYROSCOPE -0.9629669 -1.0566254 0.44389343

1495739801681 MAGNETIC_FIELD -46.447754 26.922607 16.804504

1495739801683 GRAVITY 5.8063765 6.175723 4.9312086

1495739801683 LINEAR_ACCELERATION 4.390554 -4.572891 -8.855877

1495739801684 ROTATION_VECTOR 0.23707816 -0.43860263 -0.27323133

1495739801881 ACCELEROMETER 7.4741516 -1.5332031 -9.227081

1495739801882 GYROSCOPE 0.08699036 0.0488739 -0.2247467

1495739801883 MAGNETIC_FIELD -45.132446 26.039124 18.199158

1495739801884 LINEAR_ACCELERATION 3.0266938 -5.010178 -11.8179

1495739801884 GRAVITY 7.048018 5.4628725 4.0807905

1495739801885 ROTATION_VECTOR 0.16048963 -0.515927 -0.29468232

1495739802081 ACCELEROMETER 10.492126 -0.5368042 -7.225357

1495739802083 GYROSCOPE 0.62532043 0.6021576 1.0153351

1495739802084 MAGNETIC_FIELD -44.587708 26.91803 19.810486

1495739802084 GRAVITY 7.755501 4.9129786 3.447497

1495739802085 LINEAR_ACCELERATION 5.67867 -3.6610658 -9.476164

1495739802085 ROTATION_VECTOR 0.15997012 -0.5464761 -0.2271021

1495739802282 ACCELEROMETER 6.174362 -6.0352173 -11.958359

1495739802284 GYROSCOPE -0.31141663 -3.1746979 7.0277557

1495739802285 MAGNETIC_FIELD -37.301636 39.48059 15.965271

1495739802285 GRAVITY 9.488015 -2.4774518 0.10098437

1495739802286 LINEAR_ACCELERATION 0.09053612 -4.606884 -12.126596

1495739802286 ROTATION_VECTOR 0.0063879485 -0.7034276 0.18580043

1495739802483 ACCELEROMETER -1.3433685 -1.3343201 3.3040771

1495739802484 GYROSCOPE -0.20567322 -1.4625092 -0.9670868

1495739802485 MAGNETIC_FIELD 20.80841 49.726868 13.529968

1495739802486 GRAVITY 5.4908376 -7.619604 -2.8218305

1495739802486 LINEAR_ACCELERATION -4.65772 3.3231096 5.4622064

1495739802487 ROTATION_VECTOR -0.06881713 -0.79946077 0.4524464

1495739802684 ACCELEROMETER -2.7773285 -9.698471 -0.5435028

1495739802692 GYROSCOPE -0.0048675537 0.21549988 -1.3195648

1495739802693 MAGNETIC_FIELD 37.968445 38.505554 -12.632751

1495739802693 GRAVITY 6.1318192 -6.69082 -3.7153866

1495739802694 LINEAR_ACCELERATION -6.4265676 -5.936273 1.4166331

1495739802694 ROTATION_VECTOR 0.17353022 -0.8119848 0.4804676

1495739802886 ACCELEROMETER -0.34799194 -9.556213 -1.8988037

1495739802887 GYROSCOPE 0.08805847 0.49534607 -1.2736359

1495739802888 MAGNETIC_FIELD 24.958801 49.502563 -5.253601

1495739802888 GRAVITY 7.488492 -5.502068 -3.1337078

1495739802888 LINEAR_ACCELERATION -4.6834445 -6.3493385 -0.06664717

1495739802889 ROTATION_VECTOR 0.2536642 -0.77164054 0.47488493

