1495739729226 GYROSCOPE 0.5943451 -1.0448761 -0.6733551

1495739729229 MAGNETIC_FIELD 14.360046 -35.557556 -33.807373

1495739729229 GRAVITY -0.3505499 4.1081095 8.897805

1495739729230 LINEAR_ACCELERATION 0.0 0.0 -0.0

1495739729230 ROTATION_VECTOR 0.0 0.0 0.0

1495739729426 ACCELEROMETER 0.0020599365 3.829956 9.318344

1495739729427 GYROSCOPE -0.5325165 0.97065735 -0.1820221

1495739729428 MAGNETIC_FIELD 14.360046 -32.530212 -37.088013

1495739729429 GRAVITY -0.14562075 3.5743983 9.130875

1495739729429 LINEAR_ACCELERATION 0.46554613 -0.38385725 0.59895897

1495739729430 ROTATION_VECTOR 0.056279033 0.17688319 0.9234649

1495739729627 ACCELEROMETER 0.5984802 2.9461365 9.459122

1495739729628 GYROSCOPE -0.18644714 -1.0737152 0.28260803

1495739729628 MAGNETIC_FIELD 19.084167 -29.167175 -37.74414

1495739729629 GRAVITY 0.2851779 2.7139747 9.419311

1495739729629 LINEAR_ACCELERATION 0.5993137 -0.3563192 0.21731186

1495739729630 ROTATION_VECTOR 0.06471701 0.12474196 0.9216768

1495739729828 ACCELEROMETER 0.06719971 2.273941 9.530045

1495739729828 GYROSCOPE -0.9416046 -0.14125061 0.21852112

1495739729829 MAGNETIC_FIELD 14.021301 -25.131226 -42.338562

1495739729829 LINEAR_ACCELERATION -0.93330586 -0.23861992 0.2312088

1495739729830 GRAVITY 1.2830232 1.5325699 9.600805

1495739729831 ROTATION_VECTOR 0.08882264 0.051045958 0.9336803

1495739730028 ACCELEROMETER 0.4758606 0.99887085 10.181732

1495739730029 GYROSCOPE -0.296463 0.20588684 1.0099945

1495739730030 MAGNETIC_FIELD 14.697266 -21.43097 -43.97888

1495739730030 LINEAR_ACCELERATION -1.7246535 -0.61263514 0.5198622

1495739730031 GRAVITY 0.9638748 0.009997501 9.759162

1495739730031 ROTATION_VECTOR 0.0478851 -0.011325449 0.96953666

1495739730259 ACCELEROMETER -0.5070801 -0.57444763 10.1267395

1495739730260 GYROSCOPE 0.1884613 -0.74580383 -0.16065979

1495739730261 GRAVITY 1.3971997 -0.23357157 9.703796

1495739730262 LINEAR_ACCELERATION -0.7234894 -0.16185598 1.0757465

1495739730263 ROTATION_VECTOR 0.06702021 -0.027429437 0.9727146

1495739730460 ACCELEROMETER 0.74035645 -0.5310211 11.560791

1495739730463 GYROSCOPE 0.47151184 0.09587097 -0.13716125

1495739730464 MAGNETIC_FIELD 11.859131 -17.417908 -46.946716

1495739730464 GRAVITY 1.9288692 0.40836945 9.606409

1495739730465 LINEAR_ACCELERATION -0.69466245 -0.2773843 -0.09596062

1495739730465 ROTATION_VECTOR 0.10104076 4.9462763E-4 0.97430503

1495739730661 ACCELEROMETER 1.1843262 0.2132721 9.7391205

1495739730663 GYROSCOPE 0.2931366 -0.012008667 0.031600952

1495739730664 MAGNETIC_FIELD 10.827637 -23.886108 -45.07599

1495739730664 GRAVITY 1.6978912 1.1422106 9.590772

1495739730665 LINEAR_ACCELERATION -1.0967149 -0.18869257 -0.023272514

1495739730666 ROTATION_VECTOR 0.09658817 0.040956672 0.9763718

1495739730862 ACCELEROMETER 0.6398773 1.0111084 9.761276

1495739730863 GYROSCOPE 0.5185089 -0.42964172 -0.049575806

1495739730864 MAGNETIC_FIELD 12.290955 -25.468445 -42.295837

1495739730865 GRAVITY 1.9293183 1.8473564 9.435857

1495739730865 LINEAR_ACCELERATION -1.5252241 -0.6244688 0.41201496

1495739730866 ROTATION_VECTOR 0.11500649 0.07535721 0.9738462

1495739731063 ACCELEROMETER 0.502182 1.3245087 10.028458

1495739731065 GYROSCOPE -0.16828918 -0.025894165 -0.012191772

1495739731066 MAGNETIC_FIELD 12.319946 -26.696777 -42.77954

1495739731067 GRAVITY 2.2373588 2.1957855 9.292101

1495739731067 LINEAR_ACCELERATION -1.1906126 -0.14609861 -0.61505127

1495739731068 ROTATION_VECTOR 0.13403232 0.0909398 0.97087437

1495739731264 ACCELEROMETER 1.0727081 2.077942 8.915146

1495739731265 GYROSCOPE -0.027297974 -0.0013275146 0.013442993

1495739731266 MAGNETIC_FIELD 11.114502 -29.971313 -41.152954

1495739731267 GRAVITY 2.1548805 2.0138798 9.352602

1495739731267 LINEAR_ACCELERATION -1.168973 -0.049953938 -0.036607742

1495739731268 ROTATION_VECTOR 0.1278884 0.082429156 0.9725548

1495739731465 ACCELEROMETER 1.015625 1.9961853 9.454163

1495739731465 GYROSCOPE 0.11262512 -0.02268982 -0.017532349

1495739731466 MAGNETIC_FIELD 10.47821 -29.91333 -39.826965

1495739731467 LINEAR_ACCELERATION -1.0415273 -0.0053958893 -0.07343006

1495739731468 GRAVITY 2.0888708 2.1000683 9.348621

1495739731468 ROTATION_VECTOR 0.12618946 0.086192794 0.97069025

1495739731666 ACCELEROMETER 1.0404816 2.1616058 9.382996

1495739731666 GYROSCOPE -0.14372253 0.40242004 -0.46400452

1495739731667 MAGNETIC_FIELD 9.872437 -30.274963 -40.17639

1495739731668 LINEAR_ACCELERATION -0.6234267 0.50709486 1.0140228

1495739731668 GRAVITY 1.5624301 2.193002 9.429737

1495739731669 ROTATION_VECTOR 0.10290171 0.09288948 0.96702284

1495739731872 ACCELEROMETER 0.9627533 2.6313477 10.173508

1495739731873 LINEAR_ACCELERATION -0.34478152 1.6571311 -3.3835392

1495739731873 GRAVITY 1.5152198 -0.41560453 9.679968

1495739731874 GYROSCOPE -2.6901093 -0.36128235 0.36592102

1495739731874 MAGNETIC_FIELD 7.5531006 -30.976868 -41.53595

1495739731874 ROTATION_VECTOR 0.06936115 -0.04059622 0.9627938

1495739732076 ACCELEROMETER 1.211853 1.1091003 7.017044

1495739732077 GRAVITY -0.1410707 -2.6940415 9.428288

1495739732078 LINEAR_ACCELERATION 0.95954984 2.5801032 1.8430386

1495739732079 ROTATION_VECTOR -0.050898794 -0.12922996 0.93913144

1495739732080 GYROSCOPE 0.15534973 2.1829681 0.032669067

1495739732081 MAGNETIC_FIELD 11.520386 -29.551697 -39.56299

1495739732280 ACCELEROMETER 0.6538849 -0.011047363 10.628494

1495739732284 GRAVITY -2.2018583 -3.2978692 8.969185

1495739732286 LINEAR_ACCELERATION 4.9942417 5.149829 1.5640364

1495739732290 ROTATION_VECTOR -0.17653568 -0.10739658 0.88706475

1495739732293 GYROSCOPE -1.1349335 0.41096497 0.06791687

1495739732295 MAGNETIC_FIELD 9.317017 -24.621582 -42.010498

1495739732480 GRAVITY -2.403009 -4.6752124 8.278788

1495739732483 LINEAR_ACCELERATION 2.5761437 5.5567646 0.32844925

1495739732485 ROTATION_VECTOR -0.22562656 -0.1642923 0.85759294

1495739732487 ACCELEROMETER 2.7780914 1.8078308 10.49675

1495739732492 GYROSCOPE -0.7642975 -0.03337097 -0.045303345

1495739732494 MAGNETIC_FIELD 9.466553 -26.701355 -43.86902

1495739732679 GRAVITY -2.1723564 -5.0584607 8.115616

1495739732682 LINEAR_ACCELERATION 3.3346622 6.112412 1.6849256

1495739732686 ROTATION_VECTOR -0.22709867 -0.18613148 0.8485212

1495739732688 ACCELEROMETER 0.4542694 1.1244202 8.584122

1495739732690 GYROSCOPE -0.040115356 -2.593994E-4 -0.033554077

1495739732694 MAGNETIC_FIELD 9.986877 -28.233337 -42.90924

1495739732878 GRAVITY -1.9047364 -4.8303995 8.319231

1495739732881 LINEAR_ACCELERATION 3.374815 5.795107 1.8365979

1495739732884 ROTATION_VECTOR -0.20652056 -0.18217169 0.8560663

1495739732887 ACCELEROMETER 1.2606964 1.3136902 9.407364

1495739732889 GYROSCOPE 0.007949829 -0.04725647 -0.07627869

1495739732891 MAGNETIC_FIELD 8.886719 -27.2583 -43.756104

1495739733079 GRAVITY -1.7321539 -4.494885 8.542016

1495739733082 LINEAR_ACCELERATION 2.6986144 5.8694363 1.3220959

1495739733085 ROTATION_VECTOR -0.18662259 -0.17219292 0.8676395

1495739733087 ACCELEROMETER 1.5911407 1.2603302 9.625595

1495739733089 GYROSCOPE 0.08805847 0.053146362 -0.02180481

1495739733091 MAGNETIC_FIELD 8.1466675 -27.163696 -42.91992

1495739733281 GRAVITY -1.9422895 -4.115841 8.686643

1495739733286 LINEAR_ACCELERATION 3.1994853 5.386429 1.4099145

1495739733288 ROTATION_VECTOR -0.18442783 -0.15195684 0.87824595

1495739733291 ACCELEROMETER 1.0975342 1.6977692 9.315216

1495739733293 GYROSCOPE 0.03251648 0.3426056 0.091415405

1495739733296 MAGNETIC_FIELD 8.628845 -26.997375 -43.392944

1495739733482 ACCELEROMETER 1.3554535 1.6500854 9.413956

1495739733486 GYROSCOPE 0.17671204 -0.05366516 0.035873413

1495739733489 MAGNETIC_FIELD 8.709717 -28.9917 -41.452026

1495739733491 GRAVITY -1.2076926 -1.9436935 9.535929

1495739733493 LINEAR_ACCELERATION 1.9939696 3.7406287 0.90949154

1495739733495 ROTATION_VECTOR -0.108260825 -0.045635343 0.81059813

1495739733686 GRAVITY -1.0033036 -1.5737404 9.627415

1495739733689 LINEAR_ACCELERATION 1.7537296 3.382341 0.9494839

1495739733691 ROTATION_VECTOR -0.08734745 -0.038844533 0.83000916

1495739733693 ACCELEROMETER 0.92126465 2.0005188 9.3723755

1495739733695 GYROSCOPE -0.001663208 -0.048324585 -0.041030884

1495739733698 MAGNETIC_FIELD 10.713196 -29.504395 -40.56549

1495739733888 GRAVITY -0.3027015 -0.27657625 9.798075

1495739733891 LINEAR_ACCELERATION 1.0947307 2.2912312 0.50860596

1495739733893 ROTATION_VECTOR -0.020854933 -0.0015187293 0.78511715

1495739733896 ACCELEROMETER 0.85543823 1.9894867 9.507843

1495739733898 GYROSCOPE 0.013290405 -0.025894165 -0.015396118

1495739733900 MAGNETIC_FIELD 11.764526 -30.143738 -40.39612

1495739734093 ACCELEROMETER 0.84259033 2.0514526 9.347046

1495739734096 GRAVITY 0.049287528 0.5118955 9.793157

1495739734098 LINEAR_ACCELERATION 0.6828186 1.4758587 0.3296318

1495739734100 ROTATION_VECTOR 0.018676028 0.018416658 0.7668912

1495739734104 GYROSCOPE -0.03904724 0.0488739 0.15016174

1495739734106 MAGNETIC_FIELD 10.517883 -29.423523 -40.963745

1495739734291 ACCELEROMETER 0.75161743 1.9352875 9.354507

1495739734296 GYROSCOPE 0.20661926 0.18345642 0.06364441

1495739734299 MAGNETIC_FIELD 11.222839 -29.335022 -40.91339

1495739734301 GRAVITY 0.3196956 1.1757357 9.730664

1495739734306 LINEAR_ACCELERATION 0.9174006 1.0005052 0.5844765

1495739734308 ROTATION_VECTOR 0.051123377 0.035504945 0.7644626

1495739734493 ACCELEROMETER 1.1397858 2.1220093 9.732056

1495739734498 GRAVITY 0.3582164 1.64373 9.661274

1495739734501 LINEAR_ACCELERATION 0.33540243 0.48758483 -0.009189606

1495739734503 ROTATION_VECTOR 0.06741142 0.05355193 0.7716051

1495739734506 GYROSCOPE 0.017562866 -0.044052124 -0.065597534

1495739734509 MAGNETIC_FIELD 9.432983 -29.013062 -40.289307

1495739734688 GRAVITY 0.49075842 1.8729111 9.613623

1495739734691 LINEAR_ACCELERATION 0.18605387 0.37513936 0.06509876

1495739734693 ACCELEROMETER 0.68237305 2.0729828 9.295975

1495739734696 ROTATION_VECTOR 0.079477906 0.05937094 0.77813375

1495739734698 GYROSCOPE 0.028244019 -0.0098724365 -0.014328003

1495739734700 MAGNETIC_FIELD 11.901855 -30.15747 -39.694214

1495739734892 GRAVITY 0.5527906 2.0657752 9.570652

1495739734899 LINEAR_ACCELERATION 0.11674255 0.24223769 0.029496193

1495739734901 ROTATION_VECTOR 0.08725421 0.066477455 0.78628117

1495739734903 ACCELEROMETER 0.66929626 2.181305 9.338501

1495739734905 GYROSCOPE 0.049606323 0.001876831 -0.005783081

1495739734909 MAGNETIC_FIELD 9.855652 -31.01654 -39.396667

1495739735090 ACCELEROMETER 0.66581726 2.249176 9.298172

1495739735102 GRAVITY 0.6366173 2.1543348 9.545886

1495739735104 LINEAR_ACCELERATION 0.11865699 0.098632336 0.1664238

1495739735107 ROTATION_VECTOR 0.0919364 0.0695913 0.7993874

1495739735112 GYROSCOPE 0.01222229 -0.032302856 0.0048980713

1495739735115 MAGNETIC_FIELD 12.10022 -29.21753 -39.56299

1495739735298 ACCELEROMETER 0.74172974 2.198822 9.503159

1495739735303 GRAVITY 0.70616746 2.1824756 9.5345955

1495739735306 LINEAR_ACCELERATION 0.03640747 0.06496453 0.08337402

1495739735308 ROTATION_VECTOR 0.09229119 0.07316593 0.8265106

1495739735311 GYROSCOPE -0.005935669 -0.02482605 -0.005783081

1495739735314 MAGNETIC_FIELD 10.693359 -30.722046 -40.742493

1495739735498 ACCELEROMETER 0.72462463 2.2146912 9.464386

1495739735504 GRAVITY 0.7064971 2.1831174 9.534425

1495739735506 LINEAR_ACCELERATION -0.028042436 0.03383398 -0.009728432

1495739735509 ROTATION_VECTOR 0.08932406 0.07681708 0.8478546

1495739735511 GYROSCOPE -0.011276245 0.011489868 0.013442993

1495739735517 MAGNETIC_FIELD 11.871338 -31.066895 -40.086365

1495739735699 ACCELEROMETER 0.67196655 2.1843872 9.356155

1495739735705 GRAVITY 0.7250012 2.1261363 9.545905

1495739735707 LINEAR_ACCELERATION 0.06542075 0.061849833 0.020965576

1495739735710 ROTATION_VECTOR 0.086143345 0.07663955 0.86444664

1495739735712 GYROSCOPE -0.076431274 0.0029449463 -0.011123657

1495739735717 MAGNETIC_FIELD 11.112976 -30.978394 -40.32898

1495739735900 ACCELEROMETER 0.7637787 2.1396942 9.428207

1495739735906 GRAVITY 0.7123843 2.0626268 9.560778

1495739735908 LINEAR_ACCELERATION -0.029075623 0.034623384 0.022762299

1495739735910 ROTATION_VECTOR 0.082117945 0.07610952 0.8764093

1495739735913 GYROSCOPE -0.005935669 -0.008804321 -4.4250488E-4

1495739735916 MAGNETIC_FIELD 11.206055 -30.387878 -40.16266

1495739736101 ACCELEROMETER 0.67411804 2.0664978 9.447891

1495739736107 GRAVITY 0.6939573 2.0697913 9.560584

1495739736109 LINEAR_ACCELERATION -0.028214931 0.008973122 0.018827438

1495739736111 ROTATION_VECTOR 0.079348266 0.07905514 0.8887541

1495739736114 GYROSCOPE 0.01222229 0.016830444 0.0209198

1495739736119 MAGNETIC_FIELD 12.155151 -30.018616 -40.283203

1495739736298 ACCELEROMETER 0.67555237 2.0526886 9.449356

1495739736308 GRAVITY 0.70154405 2.1333027 9.546059

1495739736310 LINEAR_ACCELERATION 0.020065427 0.019613981 -0.035093307

1495739736312 ROTATION_VECTOR 0.079189606 0.083758324 0.8988673

1495739736315 GYROSCOPE 0.0410614 -0.010940552 -0.011123657

1495739736317 MAGNETIC_FIELD 11.767578 -30.986023 -39.69574

1495739736501 ACCELEROMETER 0.6951294 2.1615143 9.400726

1495739736507 GYROSCOPE 0.049606323 -0.64753723 -0.035690308

1495739736509 MAGNETIC_FIELD 11.460876 -30.073547 -40.527344

1495739736512 GRAVITY 1.0953764 2.2401755 9.484311

1495739736514 LINEAR_ACCELERATION -0.39554965 0.13073587 0.46349812

1495739736516 ROTATION_VECTOR 0.09760478 0.0831146 0.9093066

1495739736702 ACCELEROMETER 0.92149353 2.3247375 9.728714

1495739736709 GRAVITY 0.89158124 2.0211697 9.554598

1495739736711 LINEAR_ACCELERATION 0.8290195 0.22850943 -2.01338

1495739736713 ROTATION_VECTOR 0.0818216 0.078462146 0.91860324

1495739736716 GYROSCOPE -0.29966736 0.9407501 0.1469574

1495739736718 MAGNETIC_FIELD 9.622192 -31.048584 -40.159607

1495739736916 ACCELEROMETER 1.2883759 2.4434357 8.712006

1495739736919 GRAVITY -0.9206284 2.160395 9.521319

1495739736945 LINEAR_ACCELERATION 0.7937497 -0.13770938 2.017128

1495739736950 ROTATION_VECTOR -0.0028053422 0.1205817 0.9220416

1495739736950 GYROSCOPE 0.48005676 1.0155182 -0.09550476

1495739736951 MAGNETIC_FIELD 11.694336 -32.30896 -38.89618

1495739737094 GRAVITY -1.281443 2.4227707 9.415863

1495739737095 LINEAR_ACCELERATION 1.5315447 -0.16301417 -0.010754585

1495739737096 ROTATION_VECTOR -0.017190007 0.14010392 0.924973

1495739737096 ACCELEROMETER -0.29415894 1.897583 10.229919

1495739737096 GYROSCOPE -0.23878479 -0.45314026 0.5240021

1495739737097 MAGNETIC_FIELD 12.3550415 -29.962158 -39.22882

1495739737295 ROTATION_VECTOR 0.023153199 0.11033579 0.9399037

1495739737296 LINEAR_ACCELERATION 0.23303801 -0.7649269 -1.2139978

1495739737297 GRAVITY -0.27063188 2.180353 9.5573635

1495739737297 ACCELEROMETER 0.6758423 2.1127777 9.994324

1495739737297 GYROSCOPE -0.060409546 -0.45420837 0.014511108

1495739737298 MAGNETIC_FIELD 11.962891 -27.453613 -41.452026

1495739737496 LINEAR_ACCELERATION 0.60615855 -0.5190184 0.9586277

1495739737497 ROTATION_VECTOR 0.04636063 0.111412354 0.94377345

1495739737497 GRAVITY 0.18560523 2.3421612 9.521041

1495739737498 ACCELEROMETER 0.0605011 1.6061707 8.75354

1495739737498 GYROSCOPE 0.26963806 0.001876831 -0.04637146

1495739737498 MAGNETIC_FIELD 12.1536255 -28.520203 -40.672302

1495739737698 ROTATION_VECTOR 0.05508711 0.12947828 0.94328076

1495739737699 LINEAR_ACCELERATION 0.7778044 -0.35263467 -0.046099663

1495739737699 GRAVITY 0.25552428 2.7203496 9.418323

1495739737699 ACCELEROMETER 0.7085266 1.9223633 10.121429

1495739737700 GYROSCOPE 0.14360046 -0.0493927 -0.02180481

1495739737700 MAGNETIC_FIELD 11.859131 -29.07257 -40.872192

1495739737908 ACCELEROMETER 1.0592499 2.2768707 9.30545

1495739737920 GRAVITY 0.29242912 2.8894644 9.366742

1495739737932 LINEAR_ACCELERATION 0.64675415 -0.645067 0.20330429

1495739737935 ROTATION_VECTOR 0.059824083 0.13729574 0.941574

1495739737937 GYROSCOPE 0.0688324 0.0040130615 -0.12327576

1495739737939 MAGNETIC_FIELD 10.282898 -31.388855 -40.96527

1495739738099 GRAVITY 0.28069672 2.9758408 9.34002

1495739738102 LINEAR_ACCELERATION 0.44447294 -0.8712697 0.13407993

1495739738106 ROTATION_VECTOR 0.061416507 0.14149043 0.939271

1495739738108 ACCELEROMETER 0.8516846 2.1946564 9.593048

1495739738110 GYROSCOPE 0.06562805 -0.015213013 -0.034622192

1495739738112 MAGNETIC_FIELD 10.014343 -30.117798 -41.31012

1495739738310 ACCELEROMETER 0.75556946 2.1267853 9.450592

1495739738316 GRAVITY 0.28592566 3.021131 9.32531

1495739738319 LINEAR_ACCELERATION 0.6573087 -0.84237576 0.07074547

1495739738321 ROTATION_VECTOR 0.062467758 0.14366388 0.93881273

1495739738324 GYROSCOPE 0.026107788 0.04032898 0.014511108

1495739738326 MAGNETIC_FIELD 10.534668 -30.851746 -39.82544

1495739738510 ACCELEROMETER 0.9373779 2.1790009 9.40094

1495739738517 GRAVITY 0.44396064 2.80389 9.386772

1495739738519 LINEAR_ACCELERATION 0.41306335 -0.6277888 0.09079075

1495739738521 ROTATION_VECTOR 0.06611319 0.1305254 0.94153607

1495739738524 GYROSCOPE 0.06349182 0.013626099 -0.014328003

1495739738526 MAGNETIC_FIELD 10.928345 -31.01654 -40.42206

1495739738712 ACCELEROMETER 0.83374023 2.1721497 9.440842

1495739738720 GRAVITY 0.52780914 2.686394 9.416745

1495739738722 LINEAR_ACCELERATION 0.20371747 -0.42667365 0.056396484

1495739738725 ROTATION_VECTOR 0.067892626 0.12357268 0.94330513

1495739738728 GYROSCOPE 0.030380249 0.0050811768 0.0059661865

1495739738730 MAGNETIC_FIELD 11.3220215 -29.96521 -39.71405

1495739738897 ACCELEROMETER 0.7451935 2.251709 9.398636

1495739738899 GYROSCOPE -0.0037994385 0.009353638 -0.0036468506

1495739738899 MAGNETIC_FIELD 11.904907 -29.51355 -40.049744

1495739738900 GRAVITY 0.62817585 2.5827742 9.439548

1495739738901 LINEAR_ACCELERATION 0.2213437 -0.270756 0.0013751984

1495739738901 ROTATION_VECTOR 0.07134045 0.116737135 0.94338775

1495739739108 ACCELEROMETER 0.8394623 2.278656 9.345596

1495739739113 GRAVITY 0.6723199 2.5019052 9.458268

1495739739117 LINEAR_ACCELERATION 0.10968983 -0.19047642 -0.025438309

1495739739127 ROTATION_VECTOR 0.07199184 0.112159245 0.94440496

1495739739130 GYROSCOPE 0.011154175 0.006149292 0.008102417

1495739739135 MAGNETIC_FIELD 11.383057 -30.485535 -38.941956

1495739739297 ACCELEROMETER 0.7729187 2.2766724 9.310501

1495739739298 GYROSCOPE 0.018630981 0.011489868 0.0059661865

1495739739299 MAGNETIC_FIELD 10.665894 -30.955505 -40.63263

1495739739299 GRAVITY 0.689375 2.4544642 9.469464

1495739739300 LINEAR_ACCELERATION 0.058009446 -0.15368485 0.011015892

1495739739300 ROTATION_VECTOR 0.07181937 0.10969809 0.9453556

1495739739509 ACCELEROMETER 0.74497986 2.2761688 9.357834

1495739739518 GYROSCOPE 0.09233093 -0.31962585 0.050827026

1495739739528 MAGNETIC_FIELD 11.2335205 -31.736755 -39.752197

1495739739531 GRAVITY 0.9477201 2.4724247 9.442422

1495739739534 LINEAR_ACCELERATION -0.04415679 -0.035033703 0.5484009

1495739739536 ROTATION_VECTOR 0.08361747 0.107603885 0.948

1495739739706 ACCELEROMETER 1.3304138 2.8137512 9.825714

1495739739710 GRAVITY -0.6795916 2.7659338 9.38393

1495739739712 LINEAR_ACCELERATION 3.453234 0.9102671 -1.3906965

1495739739715 ROTATION_VECTOR 0.018965118 0.14557825 0.92205626

1495739739717 GYROSCOPE 0.028244019 1.8315582 -1.5193024

1495739739720 MAGNETIC_FIELD 10.089111 -31.6391 -39.75067

1495739739899 ACCELEROMETER 2.4818573 3.5381622 7.8210754

1495739739900 GYROSCOPE 0.4191742 -0.43177795 -2.376999

1495739739901 MAGNETIC_FIELD 22.058105 -26.53656 -36.83319

1495739739901 GRAVITY -2.7835698 2.7608976 8.988858

1495739739902 LINEAR_ACCELERATION 4.2050323 0.11104226 -1.5174866

1495739739902 ROTATION_VECTOR -0.037333976 0.20075348 0.8048276

1495739740100 ACCELEROMETER 1.7553253 2.0135803 7.4083405

1495739740102 GYROSCOPE -0.6403961 -1.6857452 -3.499588

1495739740502 ACCELEROMETER -2.8514404 2.6266327 9.261642

1495739740503 GYROSCOPE 5.9562836 6.7010956 2.5106964

1495739740503 MAGNETIC_FIELD 16.001892 12.452698 -48.30017

1495739740504 GRAVITY -3.4739122 5.969217 6.9620957

1495739740504 LINEAR_ACCELERATION 0.609591 -14.632506 7.9457107

1495739740504 ROTATION_VECTOR 0.12146835 0.36093956 0.6090781

1495739740702 ACCELEROMETER -4.651642 -12.687668 15.337204

1495739740703 GYROSCOPE -0.49406433 3.7776642 -0.02607727

1495739740703 MAGNETIC_FIELD 21.463013 -8.996582 -46.972656

1495739740704 LINEAR_ACCELERATION 0.25717306 -14.458477 4.0641165

1495739740704 GRAVITY -3.3359675 9.219468 -0.20761372

1495739740705 ROTATION_VECTOR -0.065616444 0.7115334 0.67691994

1495739740903 ACCELEROMETER -3.8508453 -4.3498077 3.6598663

1495739740904 GYROSCOPE 0.29206848 -2.4280853 0.39369202

1495739740904 MAGNETIC_FIELD 35.754395 -12.5442505 -38.056946

1495739740905 GRAVITY -3.2623088 9.232869 0.53089213

1495739740905 LINEAR_ACCELERATION -1.7954946 -10.807079 15.400228

1495739740906 ROTATION_VECTOR -0.17738114 0.66443056 0.72374386

1495739741104 ACCELEROMETER -3.3992462 -2.143692 14.002579

1495739741106 GYROSCOPE -1.4991608 0.26249695 0.5742035

1495739741106 MAGNETIC_FIELD 48.451233 -2.1652222 -23.867798

1495739741107 GRAVITY -2.4412413 9.143144 2.5717032

1495739741107 LINEAR_ACCELERATION -6.3003263 -9.884178 4.9487314

1495739741108 ROTATION_VECTOR -0.05453296 0.6049015 0.7828432

1495739741305 ACCELEROMETER -7.9545593 -3.0019684 7.2405396

1495739741306 GYROSCOPE 0.8122406 1.3733368 2.145401

1495739741306 MAGNETIC_FIELD 51.19629 -2.4093628 -18.1427

1495739741307 GRAVITY -0.87372446 9.218266 3.2296407

1495739741307 LINEAR_ACCELERATION -6.342299 -6.951816 -1.6568427

1495739741308 ROTATION_VECTOR -0.04816208 0.57707417 0.815219

1495739741506 ACCELEROMETER -6.8604126 1.3939514 -0.48854065

1495739741507 GYROSCOPE 0.713974 1.0123138 1.2695465

1495739741507 MAGNETIC_FIELD 46.110535 -22.982788 16.854858

1495739741508 GRAVITY 1.2711407 9.468 2.216201

1495739741508 LINEAR_ACCELERATION -7.9811726 -3.5648537 -2.529731

1495739741509 ROTATION_VECTOR 0.10712741 -0.6128041 -0.7464454

1495739741707 ACCELEROMETER -7.150238 3.6545105 -1.5340118

1495739741708 GYROSCOPE 0.5868683 -0.79600525 0.5464325

1495739741709 MAGNETIC_FIELD 32.70111 -29.222107 30.180359

1495739741709 GRAVITY 2.4536564 9.460892 0.8009242

1495739741710 LINEAR_ACCELERATION -7.6107283 -0.8587861 -4.1060658

1495739741710 ROTATION_VECTOR 0.13468362 -0.6640968 -0.6609662

